1393228849,35.2500,35.3250,35.1600,35.2300,79400
1393228907,35.2250,35.2850,35.2250,35.2800,7900
1393228975,35.2240,35.2500,35.2240,35.2500,3800
1393229035,35.1850,35.2400,35.1600,35.2000,13800
1393229098,35.1450,35.2300,35.1450,35.1800,7300
1393229159,35.1750,35.1800,35.1400,35.1450,7200
1393229218,35.1800,35.2000,35.1550,35.1600,13000
1393229268,35.1500,35.1800,35.1500,35.1800,3500
1393229305,35.2050,35.2050,35.1800,35.1800,2300
1393229386,35.1450,35.1750,35.1300,35.1500,9100
1393229458,35.1300,35.1300,35.1200,35.1250,11400
1393229514,35.1600,35.1750,35.1600,35.1600,3700
1393229558,35.1150,35.1500,35.1150,35.1450,6300
1393229638,35.1550,35.1550,35.1300,35.1300,2300
1393229692,35.1800,35.1800,35.1650,35.1650,600
1393229734,35.1600,35.1850,35.1500,35.1650,7500
1393229818,35.1200,35.1850,35.1000,35.1650,31200
1393229870,35.1500,35.1600,35.1050,35.1050,3300
1393229927,35.1650,35.1650,35.1450,35.1500,1500
1393229997,35.1500,35.1700,35.1300,35.1650,10300
1393230059,35.1850,35.1850,35.1100,35.1350,25000
1393230116,35.2150,35.2200,35.1750,35.1850,10100
1393230179,35.1600,35.2300,35.1450,35.1950,17400
1393230237,35.1850,35.1850,35.1750,35.1750,1400
1393230296,35.2110,35.2150,35.2000,35.2050,6400
1393230312,35.2000,35.2150,35.1850,35.2150,2600
1393230398,35.1650,35.2000,35.1500,35.1850,31400
1393230461,35.2000,35.2050,35.1750,35.1750,3200
1393230536,35.2100,35.2100,35.1950,35.1950,4300
1393230599,35.2500,35.2600,35.2050,35.2050,23100
1393230646,35.2600,35.2800,35.2550,35.2550,6400
1393230717,35.3100,35.3350,35.2950,35.2950,13500
1393230776,35.3100,35.3100,35.3000,35.3050,7200
1393230836,35.2900,35.3300,35.2700,35.3150,19800
1393230894,35.2700,35.2900,35.2700,35.2900,5100
1393230957,35.2850,35.3050,35.2650,35.2700,9000
1393231019,35.3000,35.3200,35.2950,35.3050,21600
1393231068,35.3050,35.3050,35.3050,35.3050,4300
1393231136,35.2900,35.2900,35.2800,35.2800,8200
1393231165,35.2950,35.2950,35.2900,35.2900,2400
1393231228,35.2900,35.3000,35.2800,35.2800,2800
1393231313,35.2850,35.3200,35.2750,35.3200,8000
1393231370,35.2700,35.2850,35.2700,35.2700,1000
1393231437,35.2750,35.2850,35.2600,35.2800,4300
1393231478,35.2550,35.2700,35.2550,35.2700,5600
1393231520,35.2810,35.2950,35.2810,35.2950,2400
1393231602,35.2650,35.2800,35.2650,35.2800,6400
1393231672,35.2700,35.2700,35.2600,35.2700,10400
1393231733,35.3250,35.3250,35.2750,35.2750,2100
1393231780,35.3500,35.3500,35.3350,35.3400,5700
1393231841,35.2850,35.2950,35.2750,35.2950,3300
1393231866,35.2710,35.2710,35.2710,35.2710,0
1393231966,35.3100,35.3100,35.2950,35.2950,2000
1393232036,35.3000,35.3340,35.3000,35.3300,2300
1393232053,35.3100,35.3250,35.3100,35.3250,100
1393232148,35.3000,35.3150,35.3000,35.3100,3900
1393232213,35.3200,35.3200,35.2900,35.3000,5300
1393232301,35.3150,35.3400,35.3150,35.3350,3600
1393232394,35.3200,35.3200,35.3200,35.3200,4900
1393232455,35.2900,35.3300,35.2900,35.3200,22300
1393232502,35.3240,35.3240,35.2950,35.2950,10200
1393232557,35.3300,35.3300,35.3250,35.3300,9400
1393232638,35.3300,35.3450,35.3300,35.3450,6700
1393232699,35.3300,35.3300,35.3150,35.3250,3900
1393232735,35.2950,35.3300,35.2950,35.3300,9300
1393232789,35.3450,35.3450,35.3100,35.3150,7200
1393232863,35.3000,35.3250,35.2950,35.3250,4100
1393232932,35.2800,35.3100,35.2800,35.3050,3900
1393232995,35.2950,35.3060,35.2850,35.2900,3600
1393233059,35.3300,35.3300,35.2950,35.2950,6100
1393233095,35.3150,35.3150,35.3000,35.3000,5000
1393233159,35.3400,35.3400,35.3250,35.3300,8200
1393233237,35.3450,35.3500,35.3250,35.3400,15400
1393233279,35.3450,35.3500,35.3450,35.3500,29400
1393233353,35.4050,35.4050,35.3500,35.3500,80000
1393233406,35.4000,35.4000,35.3950,35.4000,10600
1393233474,35.3900,35.4050,35.3900,35.3950,14700
1393233585,35.4150,35.4150,35.3900,35.3900,15700
1393233649,35.4400,35.4450,35.4200,35.4200,19800
1393233716,35.4650,35.4650,35.4300,35.4350,19300
1393233776,35.4650,35.4750,35.4600,35.4650,11600
1393233819,35.4800,35.4800,35.4600,35.4600,1800
1393233891,35.4750,35.4940,35.4750,35.4800,3600
1393233955,35.5350,35.5400,35.4900,35.4900,23000
1393234013,35.5350,35.5500,35.5300,35.5300,15000
1393234073,35.5150,35.5350,35.5150,35.5300,4300
1393234133,35.5150,35.5200,35.5150,35.5150,2600
1393234193,35.5250,35.5400,35.5150,35.5150,5300
1393234233,35.5150,35.5300,35.5150,35.5300,5400
1393234311,35.5050,35.5150,35.5050,35.5050,4700
1393234368,35.5050,35.5150,35.5050,35.5140,6900
1393234425,35.4710,35.4950,35.4710,35.4950,4900
1393234497,35.4600,35.4750,35.4500,35.4700,25600
1393234554,35.4750,35.4800,35.4500,35.4600,10200
1393234617,35.4600,35.4660,35.4550,35.4660,5200
1393234660,35.4850,35.4850,35.4550,35.4550,7200
1393234737,35.4740,35.4750,35.4650,35.4700,3000
1393234786,35.4600,35.4650,35.4600,35.4650,1600
1393234852,35.4850,35.4850,35.4700,35.4700,3700
1393234894,35.4900,35.4900,35.4750,35.4750,2600
1393234966,35.4950,35.5000,35.4900,35.4900,5200
1393235035,35.4600,35.4940,35.4600,35.4940,10800
1393235093,35.4650,35.4650,35.4550,35.4650,8500
1393235126,35.4600,35.4600,35.4450,35.4600,4400
1393235208,35.4550,35.4600,35.4450,35.4500,5200
1393235272,35.4400,35.4400,35.4400,35.4400,5000
1393235338,35.4450,35.4450,35.4400,35.4400,2400
1393235398,35.4500,35.4500,35.4450,35.4500,5900
1393235447,35.4500,35.4540,35.4450,35.4540,3500
1393235502,35.4400,35.4500,35.4400,35.4450,7600
1393235577,35.4350,35.4500,35.4350,35.4500,14000
1393235637,35.4360,35.4450,35.4360,35.4450,2100
1393235696,35.4550,35.4600,35.4450,35.4450,8000
1393235753,35.4450,35.4500,35.4450,35.4500,1900
1393235796,35.4100,35.4350,35.4100,35.4350,7500
1393235876,35.3500,35.4050,35.3500,35.4050,31000
1393235936,35.3650,35.3650,35.3350,35.3450,14200
1393235988,35.3800,35.3800,35.3700,35.3700,2300
1393236052,35.3450,35.3800,35.3350,35.3800,40900
1393236117,35.3250,35.3550,35.3200,35.3450,25200
1393236176,35.3150,35.3150,35.2850,35.3100,34900
1393236231,35.3500,35.3600,35.3000,35.3000,25100
1393236294,35.4100,35.4150,35.3550,35.3550,23100
1393236359,35.3450,35.4000,35.3450,35.3950,38200
1393236415,35.3300,35.3450,35.3200,35.3450,25600
1393236472,35.3350,35.3400,35.3350,35.3350,6900
1393236532,35.3200,35.3400,35.3100,35.3300,26900
1393236575,35.3200,35.3400,35.3150,35.3200,16700
1393236657,35.3050,35.3100,35.3000,35.3050,20200
1393236705,35.3250,35.3250,35.3150,35.3150,3200
1393236773,35.3300,35.3550,35.3300,35.3300,19800
1393236831,35.3150,35.3200,35.3150,35.3200,1000
1393236899,35.3250,35.3250,35.3150,35.3150,4800
1393236947,35.3100,35.3250,35.3050,35.3250,4800
1393236992,35.3150,35.3150,35.3100,35.3100,4100
1393237075,35.3300,35.3300,35.3100,35.3150,8100
1393237112,35.3450,35.3450,35.3250,35.3250,2900
1393237192,35.3650,35.3700,35.3500,35.3550,7600
1393237229,35.3650,35.3700,35.3650,35.3700,5600
1393237286,35.3650,35.3700,35.3650,35.3700,400
1393237374,35.3600,35.3650,35.3550,35.3650,3400
1393237439,35.3600,35.3650,35.3550,35.3600,2500
1393237482,35.3250,35.3650,35.3250,35.3650,9000
1393237540,35.3250,35.3300,35.3200,35.3300,5800
1393237596,35.3500,35.3500,35.3250,35.3250,3600
1393237675,35.3650,35.3650,35.3450,35.3500,6500
1393237739,35.3800,35.3800,35.3650,35.3750,5600
1393237798,35.3700,35.3700,35.3650,35.3700,4100
1393237850,35.3750,35.3750,35.3600,35.3700,3200
1393237912,35.3650,35.3650,35.3600,35.3650,1400
1393237963,35.3650,35.3650,35.3650,35.3650,3000
1393238013,35.3950,35.3950,35.3750,35.3750,5300
1393238134,35.3800,35.3800,35.3800,35.3800,1500
1393238210,35.3850,35.3850,35.3850,35.3850,700
1393238259,35.3950,35.4100,35.3900,35.3900,4400
1393238337,35.3900,35.4000,35.3900,35.3900,1100
1393238390,35.3900,35.3950,35.3850,35.3900,1200
1393238427,35.3950,35.3950,35.3900,35.3900,1300
1393238497,35.3900,35.3950,35.3850,35.3950,1300
1393238634,35.3800,35.3900,35.3800,35.3900,700
1393238668,35.3900,35.4100,35.3750,35.3800,5500
1393238731,35.3900,35.3950,35.3800,35.3950,5300
1393238801,35.3950,35.4000,35.3900,35.4000,800
1393238872,35.4100,35.4100,35.3950,35.4050,4300
1393238925,35.4050,35.4100,35.4050,35.4050,700
1393238994,35.4200,35.4300,35.4050,35.4100,5900
1393239059,35.4350,35.4400,35.4350,35.4400,400
1393239092,35.4200,35.4200,35.4200,35.4200,900
1393239176,35.4050,35.4150,35.4050,35.4100,1900
1393239216,35.4300,35.4300,35.4100,35.4150,1600
1393239299,35.4000,35.4200,35.4000,35.4200,2400
1393239357,35.4100,35.4100,35.4000,35.4100,3200
1393239409,35.3850,35.4200,35.3850,35.4150,7700
1393239476,35.4000,35.4000,35.3750,35.3750,5600
1393239485,35.3900,35.3950,35.3900,35.3950,1200
1393239580,35.3950,35.4000,35.3950,35.3950,1400
1393239623,35.4150,35.4150,35.4000,35.4000,7400
1393239714,35.3750,35.4050,35.3750,35.4050,4200
1393239770,35.3800,35.3800,35.3700,35.3700,2100
1393239836,35.3950,35.3950,35.3750,35.3750,6200
1393239898,35.4150,35.4300,35.3900,35.3900,6500
1393239955,35.3750,35.4100,35.3750,35.4100,3900
1393239988,35.3800,35.3800,35.3700,35.3700,1200
1393240043,35.3900,35.3900,35.3900,35.3900,0
1393240115,35.3800,35.3850,35.3800,35.3850,500
1393240255,35.3650,35.3700,35.3650,35.3700,1300
1393240279,35.3700,35.3700,35.3600,35.3600,1700
1393240436,35.3850,35.3950,35.3750,35.3750,2800
1393240498,35.4050,35.4050,35.3950,35.3950,1500
1393240539,35.4000,35.4000,35.4000,35.4000,700
1393240569,35.4100,35.4100,35.4050,35.4050,900
1393240673,35.4010,35.4100,35.4010,35.4050,600
1393240734,35.4200,35.4200,35.4100,35.4100,2600
1393240794,35.4110,35.4300,35.4110,35.4200,2100
1393240848,35.4150,35.4200,35.4150,35.4150,2400
1393240884,35.4100,35.4150,35.4100,35.4150,1800
1393240951,35.3900,35.3950,35.3900,35.3950,5500
1393241038,35.3950,35.3950,35.3850,35.3900,2900
1393241088,35.4000,35.4000,35.3950,35.3950,2800
1393241147,35.4000,35.4100,35.4000,35.4050,2000
1393241219,35.4050,35.4050,35.3900,35.3950,600
1393241244,35.4000,35.4050,35.4000,35.4050,1200
1393241338,35.3850,35.3900,35.3800,35.3900,4500
1393241344,35.3950,35.3950,35.3900,35.3900,1000
1393241450,35.3700,35.3750,35.3650,35.3750,4100
1393241512,35.3950,35.3950,35.3750,35.3800,3600
1393241527,35.3900,35.3900,35.3900,35.3900,500
1393241757,35.4100,35.4100,35.3950,35.3950,7000
1393241816,35.4150,35.4150,35.3950,35.4000,3000
1393241860,35.4050,35.4050,35.4050,35.4050,800
1393241906,35.4150,35.4200,35.4150,35.4150,1400
1393241994,35.4150,35.4300,35.4150,35.4250,2400
1393242053,35.4300,35.4300,35.4250,35.4250,1200
1393242118,35.4100,35.4200,35.4100,35.4200,1400
1393242224,35.4300,35.4300,35.4150,35.4150,1100
1393242256,35.4250,35.4250,35.4250,35.4250,0
1393242341,35.4200,35.4200,35.4200,35.4200,1000
1393242387,35.4000,35.4200,35.4000,35.4200,900
1393242433,35.3800,35.3900,35.3800,35.3900,3000
1393242538,35.3950,35.3950,35.3800,35.3800,1600
1393242583,35.3850,35.3850,35.3800,35.3850,2000
1393242624,35.3900,35.3900,35.3900,35.3900,300
1393242715,35.3850,35.3850,35.3800,35.3800,400
1393242774,35.3750,35.3750,35.3600,35.3750,9700
1393242828,35.4000,35.4150,35.3800,35.3800,6400
1393242899,35.4250,35.4250,35.4060,35.4250,4800
1393242933,35.4200,35.4200,35.4150,35.4150,1900
1393243010,35.3960,35.4100,35.3960,35.4100,3000
1393243073,35.4000,35.4000,35.3950,35.4000,1300
1393243130,35.4200,35.4200,35.4000,35.4000,1600
1393243176,35.4000,35.4250,35.3950,35.4250,14100
1393243374,35.3950,35.4200,35.3950,35.4100,11500
1393243437,35.4050,35.4100,35.4000,35.4100,1200
1393243498,35.3950,35.3950,35.3850,35.3950,3700
1393243557,35.4200,35.4200,35.4000,35.4000,7500
1393243615,35.4300,35.4400,35.4200,35.4200,17200
1393243649,35.4350,35.4350,35.4350,35.4350,200
1393243737,35.4300,35.4450,35.4200,35.4350,8000
1393243781,35.4300,35.4300,35.4100,35.4300,1200
1393243855,35.4300,35.4500,35.4300,35.4500,1700
1393243905,35.4500,35.4600,35.4400,35.4400,2000
1393243952,35.4500,35.4500,35.4500,35.4500,1100
1393244038,35.4400,35.4550,35.4400,35.4500,5200
1393244077,35.4400,35.4400,35.4400,35.4400,500
1393244137,35.4450,35.4450,35.4400,35.4450,3400
1393244166,35.4450,35.4500,35.4450,35.4500,1700
1393244269,35.4350,35.4350,35.4350,35.4350,2900
1393244337,35.4450,35.4450,35.4350,35.4400,5600
1393244394,35.4550,35.4550,35.4300,35.4300,11100
1393244453,35.4400,35.4500,35.4350,35.4500,5600
1393244513,35.4450,35.4450,35.4300,35.4400,15400
1393244603,35.4550,35.4600,35.4500,35.4550,3100
1393244697,35.4500,35.4600,35.4500,35.4550,1300
1393244754,35.4550,35.4550,35.4450,35.4450,2900
1393244774,35.4450,35.4450,35.4450,35.4450,1700
1393244869,35.4500,35.4500,35.4350,35.4350,1300
1393244922,35.4500,35.4500,35.4500,35.4500,100
1393244986,35.4500,35.4550,35.4450,35.4450,3000
1393245037,35.4750,35.4750,35.4600,35.4600,7100
1393245074,35.4800,35.4800,35.4800,35.4800,100
1393245128,35.4750,35.4750,35.4650,35.4750,3700
1393245231,35.4950,35.5050,35.4800,35.4800,3200
1393245296,35.5050,35.5150,35.4950,35.5050,10000
1393245339,35.5050,35.5050,35.5050,35.5050,200
1393245412,35.5000,35.5040,35.4900,35.5040,2200
1393245447,35.4900,35.4900,35.4900,35.4900,300
1393245527,35.4800,35.4900,35.4800,35.4900,900
1393245593,35.4800,35.4800,35.4700,35.4750,3000
1393245671,35.4950,35.4950,35.4950,35.4950,500
1393245770,35.4800,35.4850,35.4800,35.4850,3800
1393245827,35.4900,35.4900,35.4800,35.4800,500
1393245867,35.4950,35.5000,35.4950,35.5000,8700
1393246019,35.4850,35.4950,35.4850,35.4900,10300
1393246078,35.4750,35.4800,35.4700,35.4800,26000
1393246133,35.4600,35.4750,35.4600,35.4700,6200
1393246198,35.4750,35.4750,35.4550,35.4550,2500
1393246225,35.4750,35.4750,35.4700,35.4710,2000
1393246313,35.4700,35.4800,35.4700,35.4800,2700
1393246394,35.4650,35.4650,35.4650,35.4650,100
1393246483,35.4700,35.4700,35.4700,35.4700,2100
1393246556,35.4650,35.4700,35.4650,35.4700,1900
1393246565,35.4550,35.4600,35.4550,35.4600,4900
1393246638,35.4500,35.4500,35.4450,35.4500,2300
1393246731,35.4350,35.4450,35.4350,35.4450,5900
1393246791,35.4400,35.4450,35.4400,35.4400,3800
1393246850,35.4500,35.4650,35.4450,35.4500,9500
1393246899,35.4550,35.4600,35.4550,35.4600,1500
1393247028,35.4750,35.4850,35.4700,35.4700,2300
1393247073,35.4700,35.4750,35.4650,35.4700,2400
1393247156,35.4600,35.4750,35.4600,35.4700,4600
1393247184,35.4700,35.4700,35.4700,35.4700,400
1393247261,35.4600,35.4700,35.4600,35.4660,3000
1393247319,35.4550,35.4650,35.4500,35.4650,7000
1393247363,35.4550,35.4600,35.4510,35.4510,2900
1393247447,35.4500,35.4500,35.4450,35.4500,7000
1393247511,35.4550,35.4550,35.4450,35.4500,5100
1393247563,35.4500,35.4600,35.4450,35.4500,9400
1393247598,35.4600,35.4600,35.4600,35.4600,0
1393247665,35.4550,35.4600,35.4550,35.4600,1700
1393247738,35.4700,35.4700,35.4700,35.4700,1000
1393247794,35.4850,35.4850,35.4850,35.4850,200
1393247879,35.4900,35.4900,35.4850,35.4850,3800
1393247913,35.5050,35.5100,35.4900,35.4900,23800
1393247988,35.5250,35.5250,35.5150,35.5200,14400
1393248011,35.5250,35.5400,35.5250,35.5300,3800
1393248109,35.5300,35.5300,35.5250,35.5250,4500
1393248173,35.5200,35.5250,35.5150,35.5200,4600
1393248236,35.5100,35.5160,35.5100,35.5160,2200
1393248265,35.5000,35.5050,35.5000,35.5050,7100
1393248388,35.5150,35.5150,35.4950,35.5000,6000
1393248464,35.5050,35.5150,35.5050,35.5150,7100
1393248513,35.5200,35.5300,35.5150,35.5150,15200
1393248595,35.5100,35.5200,35.5100,35.5150,4900
1393248641,35.5150,35.5150,35.5100,35.5100,6400
1393248694,35.5150,35.5200,35.5050,35.5200,5200
1393248778,35.5100,35.5150,35.5050,35.5050,5500
1393248835,35.5050,35.5090,35.5000,35.5050,2500
1393248852,35.5050,35.5100,35.5050,35.5100,1200
1393248942,35.5250,35.5300,35.5100,35.5100,11000
1393248987,35.5200,35.5300,35.5200,35.5250,3200
1393249061,35.5200,35.5240,35.5050,35.5200,4800
1393249123,35.4900,35.5100,35.4900,35.5100,6200
1393249188,35.5000,35.5050,35.4950,35.5000,10700
1393249226,35.4950,35.5000,35.4900,35.5000,8500
1393249307,35.5000,35.5000,35.4800,35.4900,18400
1393249372,35.4950,35.5000,35.4900,35.4900,27000
1393249403,35.5000,35.5000,35.4900,35.4900,2900
1393249469,35.5050,35.5100,35.5050,35.5100,1900
1393249555,35.5200,35.5300,35.5150,35.5150,6900
1393249579,35.5100,35.5150,35.5100,35.5150,600
1393249640,35.5100,35.5100,35.5100,35.5100,300
1393249722,35.4900,35.5000,35.4900,35.5000,2600
1393249786,35.4900,35.4950,35.4850,35.4850,3400
1393249835,35.4950,35.4950,35.4900,35.4950,3200
1393249919,35.4800,35.4950,35.4700,35.4950,22000
1393249973,35.4650,35.4800,35.4650,35.4800,5400
1393250038,35.4800,35.4850,35.4750,35.4750,4500
1393250099,35.4700,35.4850,35.4700,35.4800,11900
1393250153,35.4650,35.4700,35.4600,35.4700,5200
1393250210,35.4400,35.4500,35.4350,35.4500,6700
1393250273,35.4350,35.4600,35.4250,35.4600,14100
1393250334,35.4250,35.4350,35.4100,35.4250,22400
1393250342,35.4200,35.4200,35.4100,35.4100,1600
1393250431,35.4250,35.4300,35.4250,35.4250,4200
1393250511,35.4000,35.4200,35.3900,35.4200,17100
1393250570,35.3850,35.4100,35.3850,35.4000,28600
1393250630,35.3750,35.3850,35.3750,35.3850,1600
1393250696,35.3700,35.3800,35.3600,35.3800,11200
1393250756,35.3650,35.3750,35.3650,35.3750,6100
1393250781,35.3900,35.3900,35.3700,35.3750,2100
1393250870,35.3850,35.3950,35.3850,35.3900,25500
1393250931,35.3850,35.3950,35.3850,35.3860,16600
1393250965,35.3760,35.3860,35.3760,35.3860,2600
1393251053,35.3700,35.3900,35.3650,35.3800,10000
1393251099,35.3700,35.3750,35.3700,35.3700,3800
1393251167,35.3800,35.3800,35.3650,35.3650,4300
1393251194,35.3800,35.3800,35.3800,35.3800,1300
1393251252,35.3850,35.3850,35.3850,35.3850,700
1393251573,35.3650,35.3650,35.3600,35.3600,11500
1393251656,35.3700,35.3700,35.3600,35.3650,2100
1393251705,35.3600,35.3700,35.3600,35.3700,1700
1393251776,35.3550,35.3610,35.3550,35.3610,700
1393251818,35.3600,35.3700,35.3600,35.3650,1500
1393251895,35.3500,35.3600,35.3500,35.3600,9900
1393251938,35.3550,35.3550,35.3500,35.3500,2800
1393252009,35.3500,35.3500,35.3500,35.3500,5300
1393252066,35.3650,35.3650,35.3450,35.3500,3600
1393252110,35.3550,35.3650,35.3550,35.3600,5200
1393252185,35.3450,35.3650,35.3450,35.3650,7400
1393252242,35.3050,35.3200,35.3050,35.3110,34400
1393252374,35.3350,35.3350,35.3200,35.3250,29100
1393252417,35.3450,35.3550,35.3450,35.3500,4800
1393252479,35.3700,35.3800,35.3700,35.3700,6400
1393252556,35.3550,35.3700,35.3550,35.3650,11800
1393252601,35.4050,35.4050,35.3700,35.3700,9200
1393252679,35.3900,35.4250,35.3850,35.4150,33500
1393252705,35.3850,35.3900,35.3850,35.3900,11100
1393252756,35.3750,35.3750,35.3700,35.3700,4000
1393252856,35.3500,35.3950,35.3500,35.3950,8700
1393252864,35.3650,35.3650,35.3650,35.3650,900
1393252963,35.3600,35.3600,35.3600,35.3600,7000
1393253038,35.3650,35.3750,35.3650,35.3650,5800
1393253095,35.3950,35.3950,35.3700,35.3700,2300
1393253113,35.4000,35.4150,35.4000,35.4150,1600
1393253210,35.4250,35.4300,35.4050,35.4050,18900
1393253263,35.4050,35.4300,35.4000,35.4300,12300
1393253303,35.3800,35.4000,35.3800,35.4000,7200
1393253454,35.4500,35.4500,35.4200,35.4200,17900
1393253512,35.4350,35.4650,35.4350,35.4650,25200
1393253569,35.4700,35.4700,35.4500,35.4500,10900
1393253613,35.4650,35.4710,35.4650,35.4700,6100
1393253699,35.4850,35.4900,35.4800,35.4800,8300
1393253723,35.5000,35.5000,35.4800,35.4900,1200
1393253813,35.4750,35.4750,35.4700,35.4700,11100
1393253933,35.4390,35.4600,35.4390,35.4600,4500
1393253960,35.4400,35.4400,35.4300,35.4300,800
1393254058,35.4800,35.4800,35.4250,35.4350,16200
1393254089,35.4700,35.4750,35.4700,35.4750,3000
1393254163,35.4600,35.4600,35.4600,35.4600,3100
1393254233,35.4500,35.4500,35.4400,35.4450,8000
1393254280,35.4500,35.4500,35.4450,35.4490,3100
1393254355,35.4550,35.4550,35.4300,35.4300,13800
1393254414,35.4400,35.4500,35.4350,35.4500,10400
1393254469,35.4650,35.4650,35.4450,35.4450,13500
1393254533,35.4800,35.4800,35.4600,35.4600,8000
1393254563,35.4800,35.4800,35.4800,35.4800,1300
1393254647,35.4950,35.4950,35.4800,35.4850,7000
1393254719,35.5050,35.5200,35.5000,35.5000,16100
1393254776,35.5000,35.5000,35.4850,35.4960,5000
1393254813,35.4850,35.4900,35.4750,35.4900,4500
1393254880,35.5050,35.5050,35.4960,35.5000,3800
1393254944,35.5000,35.5150,35.5000,35.5150,2700
1393255001,35.5200,35.5300,35.5150,35.5150,13100
1393255079,35.5200,35.5400,35.5150,35.5200,17500
1393255114,35.5450,35.5450,35.5350,35.5350,5500
1393255183,35.5250,35.5400,35.5250,35.5250,7600
1393255254,35.5250,35.5250,35.5000,35.5050,12800
1393255315,35.5100,35.5250,35.5100,35.5250,7200
1393255360,35.5100,35.5150,35.5000,35.5000,4900
1393255420,35.5100,35.5110,35.5100,35.5110,2000
1393255493,35.5200,35.5200,35.5150,35.5150,3400
1393255519,35.5300,35.5300,35.5300,35.5300,2000
1393255612,35.5400,35.5500,35.5200,35.5200,15600
1393255656,35.5450,35.5500,35.5400,35.5500,7000
1393255733,35.5300,35.5500,35.5300,35.5500,4700
1393255794,35.5400,35.5400,35.5300,35.5300,7100
1393255814,35.5350,35.5450,35.5250,35.5300,6300
1393255902,35.5450,35.5450,35.5400,35.5400,2500
1393255973,35.5300,35.5500,35.5300,35.5500,13700
1393256030,35.5500,35.5500,35.5300,35.5300,27300
1393256098,35.5400,35.5500,35.5350,35.5450,7500
1393256142,35.5450,35.5500,35.5400,35.5450,20900
1393256209,35.5600,35.5700,35.5500,35.5500,38300
1393256273,35.6150,35.6150,35.5700,35.5700,52800
1393256319,35.6050,35.6100,35.6050,35.6100,8500
1393256391,35.5900,35.5900,35.5700,35.5750,14700
1393256446,35.5950,35.6000,35.5700,35.5750,16900
1393256508,35.5850,35.5950,35.5850,35.5900,9300
1393256575,35.5900,35.5900,35.5650,35.5800,6000
1393256636,35.5800,35.5900,35.5800,35.5850,7800
1393256692,35.5700,35.5750,35.5650,35.5700,3300
1393256752,35.6050,35.6050,35.5850,35.5850,10300
1393256796,35.6050,35.6200,35.6050,35.6150,5600
1393256865,35.5950,35.6050,35.5900,35.6050,11300
1393256901,35.6050,35.6150,35.6050,35.6050,4400
1393256990,35.5700,35.5850,35.5700,35.5850,12800
1393257053,35.5950,35.5950,35.5800,35.5800,3700
1393257105,35.5900,35.6000,35.5900,35.5950,1600
1393257174,35.5800,35.6000,35.5800,35.6000,8700
1393257223,35.5750,35.5800,35.5700,35.5700,3000
1393257298,35.5700,35.5900,35.5700,35.5900,1300
1393257348,35.5750,35.5850,35.5650,35.5650,6500
1393257402,35.5800,35.5850,35.5750,35.5750,2200
1393257519,35.5750,35.5750,35.5750,35.5750,2900
1393257596,35.5850,35.6000,35.5850,35.6000,5500
1393257652,35.5900,35.5900,35.5750,35.5800,6800
1393257698,35.6000,35.6000,35.5950,35.5950,7900
1393257769,35.5950,35.6050,35.5950,35.5950,10400
1393257809,35.6150,35.6200,35.6100,35.6100,9000
1393257888,35.6100,35.6250,35.6100,35.6250,4900
1393257949,35.5900,35.6150,35.5900,35.6000,8500
1393258013,35.6050,35.6050,35.5950,35.5950,6300
1393258047,35.6050,35.6050,35.5900,35.5950,3400
1393258130,35.6100,35.6100,35.5950,35.5950,3200
1393258191,35.6250,35.6250,35.6100,35.6100,3300
1393258236,35.6250,35.6300,35.6200,35.6250,6600
1393258311,35.6250,35.6300,35.6150,35.6200,7300
1393258352,35.6400,35.6400,35.6250,35.6250,6100
1393258428,35.6350,35.6400,35.6300,35.6350,3600
1393258490,35.6050,35.6400,35.6050,35.6400,21000
1393258549,35.5850,35.6050,35.5750,35.6050,7100
1393258613,35.5800,35.5850,35.5800,35.5800,4000
1393258664,35.5800,35.5850,35.5750,35.5750,14500
1393258730,35.5800,35.5800,35.5600,35.5700,21600
1393258790,35.5900,35.5900,35.5750,35.5850,7700
1393258852,35.6000,35.6050,35.5900,35.5900,12300
1393258911,35.6000,35.6100,35.5900,35.6050,14900
1393258968,35.6050,35.6150,35.6050,35.6150,8100
1393259030,35.5950,35.6000,35.5850,35.6000,2800
1393259098,35.6250,35.6250,35.5900,35.5950,15600
1393259137,35.6200,35.6200,35.6200,35.6200,800
1393259215,35.6250,35.6450,35.6250,35.6250,46000
1393259264,35.6350,35.6400,35.6250,35.6250,4300
1393259339,35.6550,35.6600,35.6300,35.6300,36000
1393259399,35.6850,35.6850,35.6550,35.6550,27400
1393259400,35.6950,35.6950,35.6950,35.6950,736000
