20130226,12.8100,13.3100,12.7000,13.2900,9472400
20130227,13.0200,13.1000,12.8000,12.8500,6768200
20130228,13.4900,13.5600,13.0500,13.0500,8758300
20130301,13.3300,13.5800,13.2400,13.5300,9911400
20130304,12.8600,13.2600,12.7600,13.2500,10315600
20130305,13.2600,13.3200,12.7800,12.9800,7920000
20130306,13.3700,13.5000,13.2000,13.2800,9533800
20130307,13.5200,13.8000,13.2300,13.3500,11196700
20130308,13.5200,13.8300,13.4800,13.5100,5432700
20130311,13.5000,13.8200,13.4900,13.5200,5933000
20130312,13.3300,13.5700,12.9600,13.5400,8886500
20130313,12.8700,13.3300,12.8000,13.2500,6580700
20130314,12.7700,12.9800,12.6400,12.7900,4710200
20130315,12.5200,13.0300,12.4900,12.8700,7963800
20130318,12.2000,12.6100,12.1100,12.4700,7050500
20130319,12.4100,12.5300,12.2600,12.3100,4448600
20130320,12.7700,12.8300,12.3600,12.4100,7813700
20130321,13.1300,13.2500,12.8000,12.8400,9298400
20130322,13.0100,13.1000,12.8100,13.1000,5388800
20130325,12.9500,13.1900,12.8600,13.0100,4501500
20130326,12.7200,12.9000,12.6300,12.9000,5231200
20130327,12.8500,13.0300,12.7000,12.7300,3784200
20130328,12.4900,12.8600,12.4500,12.6500,8642000
20130329,12.4700,12.6800,12.4600,12.6300,3870800
20130401,12.5300,12.6900,12.4100,12.4700,3645600
20130402,12.6500,12.8400,12.4400,12.4400,5392200
20130403,12.6000,12.8800,12.4300,12.7100,5133200
20130404,12.6000,12.6000,12.6000,12.6000,0
20130405,12.6000,12.6000,12.6000,12.6000,0
20130408,12.4200,12.6200,12.1100,12.2500,6781600
20130409,12.3600,12.5800,12.3200,12.5300,5839500
20130410,12.2300,12.4900,12.1900,12.3600,4765900
20130411,12.0000,12.4000,11.9600,12.3700,5065400
20130412,11.8600,12.0700,11.8500,12.0000,3069900
20130415,11.7500,11.9700,11.6700,11.8800,3259300
20130416,11.8600,11.8600,11.5900,11.6800,4780400
20130417,11.7800,11.9700,11.6300,11.8800,3576800
20130418,11.8400,11.8800,11.6300,11.7700,3969600
20130419,12.1400,12.1700,11.8000,11.8900,5327500
20130422,12.4400,12.4900,12.0500,12.1600,9628900
20130423,11.7400,12.3500,11.6100,12.3500,10051900
20130424,11.9500,12.0200,11.6800,11.7800,4908200
20130425,11.8000,12.0200,11.7000,11.8900,4614400
20130426,11.4600,11.9500,11.4500,11.8500,4567100
20130429,11.4600,11.4600,11.4600,11.4600,0
20130430,11.4600,11.4600,11.4600,11.4600,0
20130501,11.4600,11.4600,11.4600,11.4600,0
20130502,11.0100,11.1700,10.7800,11.0100,8830600
20130503,11.1400,11.3700,11.0300,11.0300,4292400
20130506,11.2000,11.2900,11.0800,11.1500,5451500
20130507,11.1600,11.2000,11.0800,11.1900,3536400
20130508,11.3100,11.4100,11.2500,11.2600,5833700
20130509,11.1500,11.3700,11.0400,11.3200,3818600
20130510,11.4000,11.4500,11.0700,11.1100,6160900
20130513,11.6400,11.8000,11.3000,11.4000,9425300
20130514,11.9400,12.1400,11.3500,11.6400,11100300
20130515,11.7800,12.1000,11.7200,12.0200,5665000
20130516,12.0700,12.1000,11.7100,11.8100,7509400
20130517,12.5200,12.5600,12.1000,12.1000,12016200
20130520,12.6100,12.7000,12.4000,12.5300,9328900
20130521,12.5800,12.7200,12.4400,12.6200,7426800
20130522,12.1900,12.5900,12.1600,12.5800,9693100
20130523,12.0800,12.2800,11.9800,12.1000,6603200
20130524,12.3000,12.4400,12.0800,12.1400,7489700
20130527,12.1900,12.3900,12.1400,12.3600,6392600
20130528,12.5000,12.5300,12.0600,12.2500,11286000
20130529,12.2500,12.5900,12.2400,12.5600,14670900
20130530,12.2600,12.3300,12.1800,12.2100,5474200
20130531,12.8000,12.9900,12.2200,12.2700,23472900
20130603,12.6600,12.8800,12.6000,12.8800,9899300
20130604,12.3500,12.6400,12.2200,12.6400,7851900
20130605,12.0900,12.4400,12.0700,12.3500,9619100
20130606,11.6800,12.1700,11.6300,12.1000,12221200
20130607,11.2300,11.7400,11.0900,11.6800,9796500
20130610,11.2300,11.2300,11.2300,11.2300,0
20130611,11.2300,11.2300,11.2300,11.2300,0
20130612,11.2300,11.2300,11.2300,11.2300,0
20130613,10.8600,11.0800,10.8100,11.0100,8607400
20130614,10.9200,11.0300,10.9000,10.9100,4929400
20130617,11.2000,11.3000,10.9500,10.9500,7636500
20130618,11.3400,11.3500,11.1400,11.2000,6415200
20130619,11.1500,11.4300,11.1000,11.3000,5789700
20130620,10.7600,11.2100,10.7200,11.2000,5388600
20130621,10.5200,10.7200,10.4000,10.5000,6576300
20130624,9.6100,10.5300,9.5700,10.5200,10210400
20130625,9.5500,9.6000,8.9900,9.5700,9937400
20130626,9.7100,9.8500,9.5800,9.6300,14397700
20130627,10.0700,10.4900,9.6200,9.8000,10955400
20130628,10.3300,10.5500,10.1200,10.2000,12018700
20130701,10.2800,10.3500,9.9300,10.3400,7517200
20130702,10.1700,10.2900,10.0500,10.2800,5489200
20130703,9.9700,10.1100,9.8600,10.1100,5768900
20130704,10.5300,10.5400,9.9700,10.0000,10306000
20130705,10.2900,10.5600,10.2500,10.5600,11864100
20130708,9.9100,10.1800,9.8900,10.0800,5926800
20130709,9.8400,10.0600,9.7000,9.9200,3408300
20130710,10.2000,10.2000,9.7600,9.8500,7409900
20130711,10.6000,10.7200,10.1500,10.2700,14051100
20130712,10.3100,10.6000,10.2400,10.5100,7237700
20130715,10.3400,10.5100,10.2600,10.2600,5858200
20130716,10.4600,10.5200,10.1200,10.2700,7056200
20130717,10.1900,10.6300,10.1000,10.3900,12147900
20130718,9.9900,10.4100,9.9800,10.2300,8826200
20130719,9.8500,10.0900,9.7400,10.0400,7480200
20130722,9.9300,9.9800,9.7000,9.7700,3651100
20130723,10.5400,10.6500,10.0000,10.0000,16594300
20130724,11.0300,11.0800,10.4000,10.4800,23621400
20130725,11.0100,11.1400,10.8700,11.0500,12426200
20130726,11.0300,11.3500,10.8200,11.0400,12561300
20130729,10.6000,10.9000,10.4200,10.9000,16608100
20130730,10.8500,11.1100,10.5000,10.6000,11801200
20130731,10.8200,11.2800,10.7500,10.9000,6880500
20130801,11.2300,11.3000,10.9000,10.9000,11470700
20130802,11.2100,11.6500,11.1500,11.3500,10108300
20130805,11.3100,11.3700,11.1900,11.2100,7215700
20130806,11.2400,11.2900,11.0800,11.2600,7472400
20130807,11.2100,11.4600,11.1300,11.1900,7391300
20130808,11.0600,11.2300,11.0400,11.2000,5260800
20130809,11.0500,11.2400,10.8500,11.1200,4848100
20130812,11.3900,11.4500,11.1000,11.1800,9866600
20130813,11.3100,11.4200,11.2500,11.4100,5758600
20130814,11.5900,11.7200,11.3000,11.3300,12903100
20130815,11.2100,11.4100,11.2000,11.4000,6263800
20130816,11.0500,11.5500,11.0000,11.2500,9450300
20130819,11.1700,11.2300,10.9900,11.0300,4863400
20130820,11.0700,11.3300,11.0300,11.1700,5910000
20130821,10.9500,11.1500,10.8500,11.1500,5603200
20130822,10.8800,11.0800,10.8300,10.8800,8334300
20130823,10.5400,11.0400,10.4000,10.9700,9574600
20130826,11.0000,11.0300,10.4600,10.5600,10668700
20130827,11.3000,11.5700,11.0100,11.0900,21044200
20130828,11.9400,12.3000,11.0300,11.1500,34643100
20130829,12.1500,12.4000,11.7800,11.8700,28774100
20130830,12.4800,12.9600,12.0300,12.0700,45218700
20130902,11.9700,12.6300,11.8300,12.5700,22182000
20130903,12.3000,12.4400,11.9500,11.9700,16890900
20130904,12.0800,12.5000,12.0100,12.3800,15295500
20130905,12.5200,12.6700,11.7900,12.0500,18214700
20130906,13.0600,13.2100,12.2400,12.3400,31388800
20130909,13.8200,14.2000,12.9500,13.0000,42698900
20130910,13.8000,14.1500,13.5200,13.7600,34341700
20130911,13.5800,14.0600,13.4500,13.8300,27010000
20130912,13.4600,13.6800,12.9800,13.5000,24665900
20130913,14.8100,14.8100,13.2600,13.3800,48516700
20130916,14.6100,15.2400,14.3600,15.0000,47121800
20130917,14.1300,14.9800,14.0300,14.6400,30286200
20130918,14.1700,14.2500,13.7400,14.0000,17539300
20130920,14.1700,14.1700,14.1700,14.1700,0
20130923,14.3500,14.7500,14.0100,14.1500,16919900
20130924,14.1900,14.3400,13.7000,14.2600,18953900
20130925,13.8200,14.2600,13.8000,14.0500,14092500
20130926,12.8800,13.8100,12.8200,13.7100,22983000
20130927,12.9500,13.1500,12.7000,12.8300,11599800
20130930,13.1700,13.3200,12.8800,12.9000,7895400
20131001,13.1700,13.1700,13.1700,13.1700,0
20131002,13.1700,13.1700,13.1700,13.1700,0
20131003,13.1700,13.1700,13.1700,13.1700,0
20131004,13.1700,13.1700,13.1700,13.1700,0
20131007,13.1700,13.1700,13.1700,13.1700,0
20131008,13.4900,13.5900,13.0000,13.1000,15824900
20131009,13.6100,13.7700,13.3200,13.4000,11462000
20131010,13.8400,14.1200,13.4700,13.5600,24826200
20131011,13.7700,13.9600,13.7100,13.8800,12801500
20131014,13.7300,13.9700,13.6900,13.8000,12496500
20131015,14.1100,14.3500,13.5000,13.8500,22494000
20131016,13.3700,13.9500,13.0000,13.9100,16718200
20131017,13.2000,13.5600,13.1400,13.4200,9216500
20131018,13.2300,13.4200,13.0200,13.1900,6492800
20131021,13.4200,13.4900,13.1800,13.2300,7554800
20131022,13.1900,13.7000,13.1700,13.4300,10157900
20131023,12.7600,13.3500,12.7100,13.2400,11261200
20131024,12.7700,13.1100,12.6600,12.7700,6800500
20131025,12.3000,12.8400,12.1000,12.6100,13997100
20131028,12.1900,12.4500,12.1800,12.2700,9279700
20131029,11.9300,12.3700,11.7900,12.1800,10997400
20131030,12.3900,12.4400,11.9000,11.9600,13104200
20131031,12.6800,13.1700,12.4900,12.8100,19310500
20131101,12.4800,12.6600,12.2000,12.3000,7730500
20131104,12.6900,12.8600,12.4700,12.4800,6841100
20131105,12.8600,12.9400,12.5900,12.7400,8711000
20131106,12.5000,12.8700,12.4800,12.8000,8884000
20131107,12.3400,12.5600,12.2400,12.4200,6509500
20131108,12.2000,12.5000,12.1800,12.3500,6199300
20131111,12.3300,12.4100,12.1000,12.2000,5722700
20131112,12.5500,12.5800,12.3400,12.3400,6284100
20131113,12.2400,12.5200,12.1900,12.4600,6388800
20131114,12.5100,12.5900,12.1500,12.3400,7784700
20131115,12.8800,13.0400,12.5500,12.5600,15292700
20131118,14.0000,14.1700,13.2100,13.2100,42525800
20131119,13.8800,14.1200,13.6500,13.9600,18018800
20131120,14.2100,14.3800,13.7900,13.9500,20498500
20131121,14.1300,14.8100,13.8300,14.1300,31620300
20131122,14.0700,14.1400,13.6600,14.0200,18858500
20131125,14.0100,14.3600,13.8100,13.9900,21146100
20131126,13.7600,14.0500,13.6900,13.9900,11579700
20131127,13.9100,14.1100,13.7300,13.7400,12659700
20131128,14.1200,14.4300,13.9000,13.9500,17328400
20131129,14.3900,14.5800,14.1200,14.1300,19063800
20131202,14.8700,14.8700,13.7500,14.1800,41502200
20131203,14.9300,15.2000,14.5600,14.6600,22965600
20131204,15.2900,15.7400,14.7600,14.8900,42128100
20131205,14.9900,15.5000,14.9500,15.2300,21041300
20131206,15.0300,15.3700,14.9000,14.9500,15745500
20131209,15.0600,15.3000,14.6000,15.0000,17012700
20131210,14.6200,15.1200,14.5500,15.0500,16727300
20131211,14.3100,14.7700,13.9400,14.6500,24283800
20131212,14.1300,14.4500,14.0900,14.2500,8636300
20131213,14.2800,14.4600,14.0000,14.0100,9108600
20131216,14.2000,14.5700,14.0800,14.2100,10643000
20131217,13.9100,14.2400,13.8800,14.2000,11081500
20131218,14.0300,14.3000,13.8300,13.9500,6612800
20131219,14.0500,14.2500,14.0000,14.0800,7397800
20131220,13.8000,14.2200,13.7600,14.0400,8760700
20131223,13.8200,13.9800,13.5700,13.8800,5973900
20131224,13.8200,13.8200,13.8200,13.8200,0
20131225,14.7700,14.8000,14.1500,14.2800,26010600
20131226,14.9500,15.3500,14.6700,14.6700,30066400
20131227,15.1100,15.2900,14.7800,14.9000,13259800
20131230,15.2200,15.3100,14.8500,15.1200,11773500
20131231,14.8600,15.1200,14.7100,15.0900,13229900
20140101,14.8600,14.8600,14.8600,14.8600,0
20140102,15.4800,15.6600,14.7700,14.7800,20534800
20140103,15.7200,16.3500,15.5500,15.6300,24862800
20140106,15.2000,15.7600,15.1600,15.4500,17514100
20140107,15.6600,15.7300,15.0400,15.1000,16184600
20140108,15.5900,15.9600,15.4700,15.6600,9255400
20140109,15.8700,16.1500,15.5600,15.5600,14308900
20140110,15.3800,16.0000,15.0800,16.0000,13535400
20140113,15.3500,15.6200,14.9300,15.4000,16890900
20140114,15.9600,16.2200,15.2000,15.2000,16630000
20140115,16.0500,16.1700,15.7400,16.0500,10779000
20140116,16.5200,16.7500,16.0100,16.0400,21972900
20140117,16.3000,16.7300,16.1500,16.6000,10350600
20140120,16.3300,16.6900,16.0500,16.2500,7472400
20140121,16.9500,16.9600,16.3700,16.3700,14062900
20140122,16.9000,17.2000,16.7600,16.9500,23971200
20140123,16.8000,17.1000,16.5000,16.8900,12545300
20140124,16.7100,16.8900,16.3800,16.8300,13335100
20140127,15.9700,16.6000,15.9600,16.6000,17304000
20140128,16.1200,16.3800,16.0000,16.0000,9079100
20140129,15.7200,16.6500,15.5900,16.1500,12694300
20140130,15.7500,16.0000,15.5800,15.7000,8678300
20140131,15.7500,15.7500,15.7500,15.7500,0
20140203,15.7500,15.7500,15.7500,15.7500,0
20140205,15.7500,15.7500,15.7500,15.7500,0
20140206,15.7500,15.7500,15.7500,15.7500,0
20140207,15.9600,16.2000,15.4000,15.4600,6706300
20140210,15.9100,16.4300,15.7500,16.0100,22662100
20140211,15.7700,16.0900,15.5700,15.9100,13732500
20140212,16.3700,16.3700,15.8100,15.8100,18122100
20140213,16.0600,16.3400,16.0500,16.3400,10642800
20140214,16.1300,16.2300,16.0200,16.0400,7109000
20140217,16.1700,16.2800,15.9100,16.1900,8193500
20140218,15.7500,16.1500,15.6700,16.1500,13386800
20140219,15.4700,15.7000,15.4000,15.7000,15948500
20140220,15.4900,15.8400,15.4400,15.5100,10127400
20140221,15.3500,15.6200,15.2500,15.5300,8640600
20140224,14.9100,15.3200,14.5100,15.3200,16871400
20140225,14.3500,14.9700,14.3100,14.9000,11482200
