20130226,10.8200,11.1700,10.7300,10.9000,77476096
20130227,11.3200,11.4000,10.8200,10.8200,87903000
20130228,12.0000,12.0900,11.5200,11.5200,154546496
20130301,12.0400,12.1800,11.7800,12.0100,87506600
20130304,10.8400,11.2500,10.8400,11.0400,311545504
20130305,10.8900,11.0500,10.5000,10.8300,218277504
20130306,11.1500,11.2700,10.9400,10.9400,145417408
20130307,11.2100,11.4300,10.8900,11.0900,114670096
20130308,10.9600,11.3000,10.9500,11.2200,70600000
20130311,11.1100,11.2600,10.8000,10.9000,66667000
20130312,11.2200,11.4500,11.0400,11.0500,97831000
20130313,10.9500,11.2000,10.8700,11.2000,64584600
20130314,10.8000,11.0100,10.6400,10.8200,70496304
20130315,10.4800,10.9800,10.3300,10.7500,104999696
20130318,10.6900,10.8000,10.4300,10.4300,62920900
20130319,10.9500,11.0300,10.6100,10.7100,70996704
20130320,11.2200,11.4200,10.9100,10.9600,104552800
20130321,11.0100,11.3000,10.8400,11.2300,80610304
20130322,11.0000,11.0800,10.8200,11.0000,68408200
20130325,11.1400,11.2500,10.9100,11.0500,59536500
20130326,11.1200,11.5700,11.1100,11.1700,97241200
20130327,11.2500,11.4300,11.0900,11.0900,60769800
20130328,10.9600,11.0700,10.5000,11.0500,105144096
20130329,10.7600,10.9800,10.7100,10.9400,41894900
20130401,11.0000,11.2500,10.8300,10.8300,67843800
20130402,11.2000,11.4500,11.0000,11.0700,90543000
20130403,11.2000,11.4300,11.0100,11.2300,53910400
20130404,11.2000,11.2000,11.2000,11.2000,0
20130405,11.2000,11.2000,11.2000,11.2000,0
20130408,10.9800,11.0700,10.6000,10.8800,66456800
20130409,10.9900,11.2500,10.9300,10.9800,65685800
20130410,11.0400,11.2000,10.9400,11.0300,60813200
20130411,11.0000,11.3500,10.9900,11.1900,51563800
20130412,10.9200,11.0700,10.8900,10.9400,37744200
20130415,11.0300,11.1900,10.7500,10.9800,65294300
20130416,11.6400,11.6600,10.9000,10.9300,142495296
20130417,11.6500,11.8900,11.4200,11.6300,87720096
20130418,11.7000,11.9300,11.5200,11.5600,65582800
20130419,11.9100,11.9300,11.5900,11.7400,86913504
20130422,11.6900,12.0000,11.4100,11.9400,96935800
20130423,11.2800,11.5800,10.9800,11.5800,100475400
20130424,11.3000,11.4400,11.0400,11.2800,100774304
20130425,10.9800,11.2400,10.9100,11.2400,102690800
20130426,11.0300,11.1900,10.9900,10.9900,48444300
20130429,11.0300,11.0300,11.0300,11.0300,0
20130430,11.0300,11.0300,11.0300,11.0300,0
20130501,11.0300,11.0300,11.0300,11.0300,0
20130502,11.3400,11.3800,10.8600,10.8800,73106304
20130503,11.3900,11.7000,11.3400,11.3500,100654000
20130506,11.3200,11.4800,11.2400,11.3900,70548304
20130507,11.5800,11.6100,11.2500,11.2700,79763904
20130508,11.7400,12.0400,11.6800,11.7200,80520400
20130509,11.5900,11.7300,11.4000,11.6900,61023700
20130510,11.7500,11.7800,11.5500,11.5800,40236000
20130513,11.6200,11.9000,11.5900,11.7700,38375100
20130514,11.3200,11.6700,11.2600,11.5900,42887700
20130515,11.3100,11.4200,11.2100,11.3200,32849400
20130516,11.7000,11.7000,11.1200,11.1800,85115600
20130517,12.1600,12.2000,11.6700,11.6800,151364096
20130520,11.9300,12.4500,11.9000,12.2000,126290400
20130521,12.0300,12.0300,11.7700,11.9900,69293200
20130522,12.1000,12.3000,11.8800,11.9900,76503296
20130523,12.0100,12.4700,11.9000,12.1000,93165000
20130524,11.9100,12.1900,11.7200,12.0500,87662000
20130527,11.8000,11.8700,11.6800,11.8400,51237500
20130528,12.3600,12.3800,11.7200,11.8100,94178704
20130529,12.3200,12.6100,12.2600,12.3600,98852000
20130530,12.3100,12.4500,12.1100,12.2000,51775000
20130531,11.9800,12.4100,11.9500,12.3100,61379300
20130603,12.0000,12.2000,11.9500,12.0100,52348900
20130604,11.8600,12.1600,11.7400,12.0000,73788096
20130605,11.8300,11.9000,11.6800,11.9000,47892800
20130606,11.4900,11.8200,11.4300,11.7900,67642704
20130607,11.2100,11.5300,11.0600,11.4500,87652496
20130610,11.2100,11.2100,11.2100,11.2100,0
20130611,11.2100,11.2100,11.2100,11.2100,0
20130612,11.2100,11.2100,11.2100,11.2100,0
20130613,10.6700,11.0000,10.4500,11.0000,86938896
20130614,10.6900,10.8200,10.6500,10.7100,56813700
20130617,10.3300,10.7500,10.1800,10.7300,117954896
20130618,10.4400,10.4700,10.3000,10.3500,70590304
20130619,10.1900,10.3800,9.9900,10.3800,96882096
20130620,9.9200,10.2700,9.8900,10.1900,80301104
20130621,9.9000,10.0600,9.6000,9.7200,90978896
20130624,9.0300,9.8800,9.0000,9.8800,173365104
20130625,8.8500,9.1600,8.3800,8.9000,170938800
20130626,8.9900,9.1400,8.7900,9.1000,143592096
20130627,9.0900,9.3600,9.0100,9.1000,129277400
20130628,9.8500,10.0000,9.1500,9.1500,234909200
20130701,9.8800,10.0000,9.6200,9.7400,103759296
20130702,9.7200,9.9100,9.4000,9.8800,110995600
20130703,9.4600,9.7000,9.2200,9.7000,123077696
20130704,9.8000,9.9200,9.3800,9.3800,132003800
20130705,10.2000,10.7000,10.0600,10.2000,142439808
20130708,10.0000,10.3300,9.9000,10.0600,84632704
20130709,9.6600,10.0500,9.5800,9.9100,80460896
20130710,10.2800,10.3100,9.6300,9.7100,94910096
20130711,10.7800,11.0100,10.3500,10.3700,197670592
20130712,10.4000,10.9500,10.3200,10.8300,92669000
20130715,10.4500,10.7500,10.2400,10.4500,86632496
20130716,10.4500,10.5200,10.1100,10.3400,89019696
20130717,10.3900,10.7000,10.1000,10.3500,91172800
20130718,10.1200,10.5200,10.0700,10.3500,73428304
20130719,9.5600,10.1800,9.5000,10.1500,138749296
20130722,9.4500,9.6000,9.2900,9.4800,88292600
20130723,9.8800,9.8800,9.4200,9.5000,91277000
20130724,9.5900,9.8500,9.4000,9.8000,110450896
20130725,9.5000,9.6900,9.4000,9.5900,73204896
20130726,9.3500,9.5300,9.3000,9.4100,64357400
20130729,9.1500,9.2800,8.9300,9.2800,110724800
20130730,9.2600,9.4700,9.0100,9.1300,94080800
20130731,9.5200,10.1000,9.4900,9.8000,158506896
20130801,9.7400,9.8800,9.5000,9.5700,98028896
20130802,9.9800,10.2600,9.9000,10.0700,132833800
20130805,9.9900,10.0400,9.8200,9.9000,76602496
20130806,9.9300,9.9600,9.6600,9.8500,102637800
20130807,9.9800,10.3400,9.9300,10.1000,155839504
20130808,9.7900,10.0400,9.7600,10.0400,78178800
20130809,9.7500,9.9100,9.6000,9.8800,71965104
20130812,10.1300,10.1300,9.7700,9.7700,141876992
20130813,10.1600,10.1900,10.0300,10.1200,84442496
20130814,10.0900,10.3400,10.0700,10.2500,92923104
20130815,9.9100,10.1400,9.8900,10.1000,77319200
20130816,9.8900,10.5000,9.7900,9.8700,159407104
20130819,9.9600,10.0500,9.7000,9.8100,99054000
20130820,9.7600,9.9900,9.7100,9.9200,96750896
20130821,9.6000,9.7800,9.5400,9.7500,75388496
20130822,9.5800,9.7500,9.5400,9.6000,56106300
20130823,9.5600,9.6700,9.3600,9.6500,72848000
20130826,9.7200,9.7300,9.4200,9.5700,85905104
20130827,9.6300,9.7400,9.5700,9.6900,65414900
20130828,9.4500,9.5400,9.3600,9.5400,92721904
20130829,9.4800,9.5000,9.3600,9.4500,66549200
20130830,9.4600,9.5400,9.3600,9.4400,68333800
20130902,9.2900,9.5200,9.1700,9.5000,92254896
20130903,9.7100,9.7300,9.2500,9.3500,164005792
20130904,9.6300,9.7500,9.6000,9.6500,76908304
20130905,9.6600,9.9000,9.6600,9.7000,105688304
20130906,9.5500,9.8100,9.4600,9.6300,89402600
20130909,9.9400,10.1200,9.5300,9.5700,194596992
20130910,10.0800,10.1100,9.9000,10.0000,103608800
20130911,10.2300,10.4500,10.1000,10.1800,148168608
20130912,10.2200,10.3800,9.9700,10.2500,125597400
20130913,10.1400,10.4000,10.1000,10.2100,110885600
20130916,9.9200,10.2800,9.9000,10.2100,93173696
20130917,9.6000,9.9700,9.5900,9.9700,113583104
20130918,9.6300,9.6600,9.5600,9.6000,63167900
20130920,9.6300,9.6300,9.6300,9.6300,0
20130923,9.6900,9.7100,9.5800,9.6800,70982096
20130924,9.4000,9.6300,9.3600,9.6200,116562496
20130925,9.1900,9.4000,9.1500,9.4000,145011008
20130926,9.0100,9.2500,8.9900,9.2000,121394000
20130927,9.0600,9.0800,8.9500,9.0200,69524496
20130930,9.1300,9.1800,9.0300,9.0800,63375600
20131001,9.1300,9.1300,9.1300,9.1300,0
20131002,9.1300,9.1300,9.1300,9.1300,0
20131003,9.1300,9.1300,9.1300,9.1300,0
20131004,9.1300,9.1300,9.1300,9.1300,0
20131007,9.1300,9.1300,9.1300,9.1300,0
20131008,9.5500,9.6000,9.0100,9.1100,154685200
20131009,9.3900,9.5100,9.3200,9.5000,85036496
20131010,9.4100,9.4700,9.3000,9.3900,72710496
20131011,9.4400,9.4800,9.3500,9.4500,80225696
20131014,9.2000,9.4300,9.1600,9.4300,116793000
20131015,9.1900,9.2200,9.1000,9.2000,75066200
20131016,9.0700,9.2100,9.0200,9.1400,63764700
20131017,9.0700,9.1800,9.0500,9.1300,35453100
20131018,9.1700,9.2000,9.0200,9.0900,48938200
20131021,9.1800,9.2000,9.0400,9.1800,66814900
20131022,9.0800,9.1700,9.0500,9.1600,62510300
20131023,9.0700,9.2300,9.0300,9.1000,74875200
20131024,8.9600,9.1700,8.8400,9.0000,71400800
20131025,8.9000,9.0600,8.8700,8.9700,51716000
20131028,8.7300,8.9500,8.7100,8.9500,55573500
20131029,8.8500,8.9500,8.6700,8.7400,87113696
20131030,9.0800,9.1000,8.7800,8.9700,92582800
20131031,9.2100,9.6500,9.2000,9.2900,195899600
20131101,9.3900,9.5000,9.1100,9.1500,92113296
20131104,9.2000,9.4900,9.1800,9.4800,53694600
20131105,9.2000,9.2200,9.0700,9.1700,42789100
20131106,9.0200,9.1600,9.0000,9.1500,61483800
20131107,8.9700,9.0400,8.9000,9.0100,39130400
20131108,8.8700,9.0500,8.8500,8.9500,45815300
20131111,8.7100,8.9000,8.4900,8.8700,63161600
20131112,8.8100,8.8400,8.6600,8.7000,43692600
20131113,8.7600,8.8800,8.7400,8.8200,41039700
20131114,8.6900,8.8800,8.5700,8.8300,61256900
20131115,8.9100,9.0100,8.6500,8.6900,82040000
20131118,9.2000,9.2100,8.8300,8.9200,112926800
20131119,9.0800,9.1900,9.0300,9.1900,64119800
20131120,9.1000,9.1800,9.0200,9.1300,46224700
20131121,8.8300,9.0000,8.7100,9.0000,92184304
20131122,8.7000,8.8800,8.6800,8.8300,73831800
20131125,8.6100,8.6900,8.5000,8.6000,79064400
20131126,8.5400,8.6500,8.5000,8.6100,72815904
20131127,8.5600,8.6000,8.4800,8.5400,65311100
20131128,8.6900,8.8000,8.5600,8.5600,99854400
20131129,8.7600,8.8400,8.6600,8.7000,83361000
20131202,8.5600,8.7400,8.5300,8.7000,74523800
20131203,8.6500,8.6900,8.4900,8.5500,60527800
20131204,8.7400,8.8500,8.5800,8.6000,96920304
20131205,8.7400,8.8400,8.6900,8.7400,65159100
20131206,8.6700,8.7800,8.6300,8.7000,49028900
20131209,8.6200,8.7400,8.5900,8.6900,42454600
20131210,8.6700,8.7100,8.6200,8.6200,53895900
20131211,8.5400,8.6500,8.5200,8.6200,54940000
20131212,8.5300,8.5800,8.5100,8.5200,39013300
20131213,8.5400,8.6000,8.4900,8.5000,40964800
20131216,8.4300,8.5900,8.4200,8.5600,56120200
20131217,8.2700,8.4600,8.2500,8.4500,66563200
20131218,8.2600,8.3300,8.2400,8.3000,46767800
20131219,8.1400,8.3200,8.1100,8.2800,58666400
20131220,7.8500,8.1900,7.8500,8.1800,83183104
20131223,7.7900,7.9000,7.7200,7.8600,64642000
20131224,7.8300,7.9500,7.7100,7.8000,52440600
20131225,7.9100,7.9300,7.7600,7.8300,45541400
20131226,7.8000,7.9100,7.7500,7.9000,53486200
20131227,8.0300,8.1000,7.8100,7.8500,73964200
20131230,7.8600,8.0700,7.8000,8.0500,74705600
20131231,8.0300,8.0700,7.7400,7.7900,72316304
20140101,8.0300,8.0300,8.0300,8.0300,0
20140102,7.9900,8.0700,7.9200,7.9900,48529900
20140103,7.8400,7.9700,7.7600,7.9700,54046700
20140106,7.4800,7.8400,7.3700,7.8200,123159400
20140107,7.4300,7.5100,7.3400,7.4300,60114900
20140108,7.4200,7.5100,7.3800,7.4500,59453200
20140109,7.4600,7.5200,7.3500,7.4300,81723400
20140110,7.3800,7.4700,7.3700,7.4200,46769800
20140113,7.2400,7.4200,7.0600,7.3900,118755400
20140114,7.2300,7.2600,7.1300,7.1800,86962304
20140115,7.1700,7.2300,7.1200,7.2100,49175300
20140116,7.1900,7.2200,7.1200,7.1800,47695000
20140117,7.0800,7.1800,7.0800,7.1700,55566700
20140120,7.1300,7.1600,7.0400,7.0600,41191600
20140121,7.2200,7.2700,7.1500,7.1500,48030600
20140122,7.6200,7.6800,7.2200,7.2400,114057600
20140123,7.4900,7.6600,7.4300,7.6400,78757296
20140124,7.7900,7.9300,7.4500,7.4700,136181504
20140127,7.6500,7.7700,7.5800,7.7000,70673904
20140128,7.6400,7.7900,7.5300,7.7000,42356600
20140129,7.5400,7.6800,7.4800,7.6700,50799100
20140130,7.3800,7.5200,7.3600,7.5200,39253800
20140131,7.3800,7.3800,7.3800,7.3800,0
20140203,7.3800,7.3800,7.3800,7.3800,0
20140205,7.3800,7.3800,7.3800,7.3800,0
20140206,7.3800,7.3800,7.3800,7.3800,0
20140207,7.4100,7.4100,7.2400,7.3400,49853000
20140210,7.5100,7.5500,7.4200,7.4500,106237904
20140211,7.5500,7.6200,7.4300,7.5000,108444600
20140212,7.5200,7.6100,7.4900,7.5300,83775400
20140213,7.4100,7.5200,7.3800,7.5200,84305104
20140214,7.3700,7.4500,7.3000,7.4100,95328704
20140217,7.3700,7.4200,7.3000,7.4000,85133904
20140218,7.2700,7.3600,7.2600,7.3600,78169400
20140219,7.3700,7.4000,7.2300,7.2700,91851696
20140220,7.3200,7.4800,7.3000,7.3700,90021800
20140221,7.1600,7.3500,7.1000,7.3100,104226496
20140224,6.6900,7.0100,6.6200,7.0000,190424608
20140225,6.5700,6.7400,6.5500,6.7000,129932400
