20130226,10.4308,10.6692,9.9308,10.1385,5456800
20130227,11.4769,11.4769,10.2692,10.3846,11329400
20130228,11.3692,12.0462,11.2923,11.5385,10434800
20130301,11.4385,11.6769,11.1154,11.1154,6194800
20130304,10.5385,11.4077,10.3846,11.2769,5670900
20130305,10.6846,10.8000,10.3154,10.5000,3264700
20130306,10.6077,10.9154,10.5231,10.7692,3179700
20130307,10.5923,10.7923,10.3923,10.5769,2899000
20130308,10.2308,10.6154,10.2000,10.6077,3071200
20130311,10.3462,10.3692,9.8462,10.1923,1635600
20130312,9.8231,10.3539,9.6154,10.3539,2687100
20130313,9.9077,10.1461,9.3462,9.8077,2107400
20130314,9.7154,10.0000,9.6923,9.9077,1132300
20130315,9.5385,9.9000,9.4231,9.6538,1602000
20130318,9.5231,9.6385,9.4231,9.4231,863700
20130319,9.6846,9.7000,9.4461,9.5000,1281900
20130320,9.9615,10.0077,9.6385,9.7077,1824900
20130321,10.5769,10.5769,10.0385,10.0385,3733400
20130322,10.5846,10.6615,10.3692,10.6154,2953100
20130325,10.7538,10.9846,10.5000,10.6231,2770200
20130326,10.2538,10.9231,10.1615,10.9231,2940700
20130327,10.3308,10.5539,10.1923,10.2231,1881400
20130328,9.7154,10.3000,9.7077,10.2308,2074300
20130329,9.7923,9.9154,9.7231,9.7385,906400
20130401,10.0692,10.0769,9.7385,9.8385,1163000
20130402,9.8462,10.1538,9.7615,10.0692,1197600
20130403,10.4615,10.6615,9.7615,9.8539,3484800
20130404,10.4615,10.4615,10.4615,10.4615,0
20130405,10.4615,10.4615,10.4615,10.4615,0
20130408,10.8077,10.9615,10.1615,10.3846,6050500
20130409,10.6615,10.9308,10.5000,10.6923,3223500
20130410,10.6154,10.7615,10.3231,10.6615,3422000
20130411,10.5385,10.7077,10.3385,10.5385,2366400
20130412,9.5308,10.2846,9.4923,10.2846,4708700
20130415,9.1615,9.5385,9.0385,9.5385,1838300
20130416,9.2615,9.2615,8.9231,8.9231,1230700
20130417,9.2308,9.3000,9.1538,9.2615,1023300
20130418,9.2846,9.3077,9.1538,9.1538,1007800
20130419,9.4692,9.5615,9.2846,9.2846,1180200
20130422,9.5154,9.5308,9.2923,9.2923,945300
20130423,9.1308,9.6000,9.1308,9.5923,1479900
20130424,9.1923,9.2923,9.0385,9.0385,986600
20130425,9.1308,9.3154,9.1154,9.1615,931400
20130426,8.5077,9.2154,8.4769,9.0769,1881000
20130429,8.5077,8.5077,8.5077,8.5077,0
20130430,8.5077,8.5077,8.5077,8.5077,0
20130501,8.5077,8.5077,8.5077,8.5077,0
20130502,8.2846,8.5077,8.1538,8.5077,989700
20130503,8.4615,8.6000,8.3462,8.3462,763300
20130506,8.8385,8.8923,8.5154,8.5308,1306700
20130507,8.8462,8.9231,8.7000,8.8385,665700
20130508,8.9000,9.0385,8.8539,8.8539,623100
20130509,9.0231,9.0231,8.8154,8.8462,1079300
20130510,9.0308,9.1154,8.9231,9.0231,729300
20130513,9.2692,9.3769,8.9308,9.0462,1811700
20130514,9.0077,9.3077,8.9538,9.2308,1032600
20130515,9.0846,9.1154,8.9461,8.9461,679000
20130516,9.2769,9.2769,8.9615,9.0846,1440500
20130517,9.2923,9.3846,9.1846,9.2077,1678800
20130520,9.3923,9.4385,9.1615,9.2923,1655800
20130521,9.5846,9.6615,9.3000,9.3462,2037000
20130522,9.3539,9.6385,9.3154,9.5846,1607700
20130523,9.3000,9.5000,9.2308,9.3077,1216200
20130524,9.3692,9.4231,9.2692,9.3000,820700
20130527,9.3615,9.4923,9.2769,9.3769,1322800
20130528,9.6923,9.7308,9.3077,9.3615,3127500
20130529,9.8462,9.9077,9.5692,9.6923,1965600
20130530,9.8000,9.8539,9.7385,9.8154,1232300
20130531,9.8077,10.1154,9.7077,9.7231,2340900
20130603,10.2077,10.2077,9.8692,9.9154,2896600
20130604,9.8000,10.3077,9.7769,10.2385,2532100
20130605,9.5000,9.9461,9.4231,9.8154,2128700
20130606,9.3692,9.6154,9.3539,9.5000,1143800
20130607,8.9000,9.5800,8.8600,9.3300,1430100
20130610,8.9000,8.9000,8.9000,8.9000,0
20130611,8.9000,8.9000,8.9000,8.9000,0
20130612,8.9000,8.9000,8.9000,8.9000,0
20130613,8.7600,8.9100,8.4500,8.9000,1022000
20130614,8.8600,8.8800,8.7000,8.7600,639200
20130617,8.7800,9.0000,8.6200,8.9900,1151200
20130618,8.6100,8.8700,8.5500,8.7700,770400
20130619,8.5200,8.6100,8.1100,8.6100,974700
20130620,8.2200,8.4900,8.1500,8.4200,510900
20130621,8.1400,8.2000,7.7800,8.0600,428700
20130624,7.6000,8.2300,7.6000,8.2000,1160900
20130625,7.4600,7.9000,6.9100,7.0500,1029300
20130626,7.4400,7.4900,7.2200,7.4000,762800
20130627,7.1900,7.5500,7.1200,7.5500,790600
20130628,7.2200,7.3600,7.1000,7.2400,509900
20130701,7.3100,7.4000,7.1100,7.3000,368400
20130702,7.3800,7.4000,7.2400,7.4000,771100
20130703,7.4000,7.4200,7.2400,7.3800,750100
20130704,7.6600,7.7500,7.2500,7.3400,1484500
20130705,7.6500,7.7900,7.5700,7.5700,860600
20130708,7.1100,7.5500,7.1100,7.5500,723600
20130709,7.1400,7.2800,7.0100,7.1200,424100
20130710,7.3900,7.4500,7.1400,7.2000,599600
20130711,7.5900,7.6600,7.3900,7.4400,1254900
20130712,7.6000,7.8500,7.5400,7.6000,1188400
20130715,8.3600,8.3600,7.5000,7.5400,1834100
20130716,8.2400,8.7600,7.5200,8.7600,2823000
20130717,8.0000,8.3500,8.0000,8.2100,1249600
20130718,8.1100,8.2300,7.7700,8.0000,1109200
20130719,7.9500,8.2200,7.8800,8.0500,1015400
20130722,7.9900,8.1500,7.8100,7.8700,898100
20130723,8.2000,8.2000,7.8500,7.8900,1457600
20130724,8.3000,8.3500,8.0100,8.1000,1580900
20130725,8.1300,8.4800,8.1100,8.3500,1260500
20130726,7.9300,8.1700,7.9200,8.0900,733900
20130729,7.9700,8.2400,7.8100,7.9800,868100
20130730,8.0700,8.1800,7.9100,8.1800,720500
20130731,8.2400,8.3200,7.9400,8.0700,1579000
20130801,8.7900,8.8000,8.0800,8.0800,2387700
20130802,8.6000,8.8200,8.5500,8.6000,3577400
20130805,8.5500,8.6500,8.4100,8.5100,1028800
20130806,8.5900,8.8000,8.5000,8.5500,1457600
20130807,8.9400,9.4000,8.5200,8.6000,3901000
20130808,9.0000,9.2400,8.8100,8.9000,1580000
20130809,9.0800,9.1900,8.8800,9.0000,1194900
20130812,9.2000,9.2000,8.9500,9.0500,1494000
20130813,9.3900,9.4500,9.2000,9.2000,2138700
20130814,9.0800,9.4900,9.0000,9.4900,1714200
20130815,8.8600,9.1700,8.8500,9.0400,1064200
20130816,8.7000,9.1000,8.6900,8.8000,1034000
20130819,9.1400,9.3800,8.6200,8.6900,1192700
20130820,9.0900,9.2600,9.0500,9.0800,905600
20130821,9.0300,9.1500,8.9000,9.0900,602200
20130822,8.9900,9.0700,8.9000,8.9300,511200
20130823,9.2900,9.4500,8.9200,8.9200,2333000
20130826,9.3000,9.3600,9.2100,9.2800,1061700
20130827,9.3500,9.4400,9.1600,9.3000,1227900
20130828,10.2000,10.2900,9.3800,9.3800,6225900
20130829,10.0200,10.2800,9.7000,10.0000,3790800
20130830,9.6300,10.0100,9.4900,9.8300,2489600
20130902,10.1800,10.2800,9.4600,9.6000,3428800
20130903,10.3500,10.7500,9.9000,10.0800,3852100
20130904,10.8100,10.9600,10.1500,10.1900,5014900
20130905,11.8700,11.8900,10.6200,10.8100,10972700
20130906,12.1800,12.2000,11.3500,11.5800,7243800
20130909,11.8300,12.2800,11.7000,12.0200,6366300
20130910,11.3600,11.9800,11.2000,11.8400,6117400
20130911,10.7900,11.4900,10.6100,11.4300,5479200
20130912,10.9000,11.0900,10.6600,10.6600,3171400
20130913,10.9100,10.9500,10.5100,10.8300,2335900
20130916,10.8100,10.9500,10.7300,10.8600,1501000
20130917,11.3200,11.3800,10.8000,10.8000,4021900
20130918,10.9800,11.3600,10.9200,11.2500,2213200
20130920,10.9800,10.9800,10.9800,10.9800,0
20130923,10.8500,10.9600,10.6900,10.9600,2453700
20130924,10.5000,10.9000,10.4500,10.8300,3415700
20130925,10.4400,10.7300,10.4100,10.4600,1982300
20130926,10.4100,10.5500,10.3100,10.4200,1568500
20130927,10.2500,10.5300,10.2300,10.3500,1382000
20130930,10.2400,10.3900,10.1500,10.2200,1062400
20131001,10.2400,10.2400,10.2400,10.2400,0
20131002,10.2400,10.2400,10.2400,10.2400,0
20131003,10.2400,10.2400,10.2400,10.2400,0
20131004,10.2400,10.2400,10.2400,10.2400,0
20131007,10.2400,10.2400,10.2400,10.2400,0
20131008,10.6200,10.6800,10.1600,10.2500,1762400
20131009,10.6500,10.6800,10.4800,10.5800,1987100
20131010,10.3400,10.7700,10.3400,10.6500,1553000
20131011,10.4000,10.4600,10.2200,10.3500,1671100
20131014,11.2300,11.2700,10.7000,10.7000,7394300
20131015,10.9500,11.2300,10.8000,11.2300,3956700
20131016,10.1700,10.9100,9.8800,10.8400,3220200
20131017,10.2700,10.4500,10.1000,10.2400,1729900
20131018,10.2700,10.4200,10.1600,10.3400,1175000
20131021,10.4300,10.4400,10.1800,10.3000,1329200
20131022,10.5100,10.5800,10.2200,10.4000,1590300
20131023,10.4100,10.7500,10.3200,10.5200,2007800
20131024,10.1000,10.4000,10.0700,10.4000,1375200
20131025,10.1000,10.2300,9.9500,10.0800,812200
20131028,9.9900,10.2600,9.9800,10.1800,976700
20131029,9.4800,10.2100,9.3300,10.2000,1502700
20131030,9.5800,9.6200,9.3300,9.5000,1856400
20131031,9.4900,9.6000,9.4500,9.5800,1130300
20131101,9.4600,9.5700,9.3500,9.4000,725300
20131104,9.4000,9.5200,9.3500,9.4600,1093700
20131105,9.3000,9.3900,9.1000,9.3900,1242100
20131106,9.1100,9.3400,9.1000,9.3400,1368000
20131107,8.8700,9.2100,8.7900,9.2100,1329700
20131108,9.4100,9.6500,9.3500,9.6100,3784800
20131111,9.1300,9.2800,9.0500,9.2000,1572800
20131112,9.1200,9.1800,8.9500,9.0900,1177400
20131113,9.1300,9.4300,9.0700,9.1000,1548000
20131114,9.3100,9.3900,8.9300,9.0100,1342200
20131115,9.6600,9.6600,9.2300,9.3300,2564400
20131118,9.8000,9.9500,9.6200,9.7000,2684400
20131119,9.7900,10.1000,9.7900,9.8600,2727700
20131120,10.7700,10.7700,9.7300,9.7300,6286000
20131121,11.1600,11.4900,10.8100,10.9600,10639600
20131122,10.6800,11.1600,10.6600,11.1600,4539300
20131125,10.6400,10.9900,10.5000,10.7000,3961200
20131126,10.9300,11.1400,10.4500,10.6500,5086500
20131127,11.0400,11.1500,10.7100,10.8900,4172900
20131128,10.8500,11.0900,10.7900,11.0900,2943700
20131129,11.4000,11.4500,10.7400,10.8200,8582300
20131202,11.0500,11.3000,10.4200,11.3000,5660500
20131203,11.3100,11.4400,10.7500,10.8500,3757500
20131204,11.5500,11.6500,11.2300,11.3100,5819300
20131205,11.4400,11.9600,11.3000,11.5800,4566200
20131206,11.3500,11.4400,11.1800,11.4000,2505900
20131209,11.5800,11.6400,11.3500,11.3900,2188400
20131210,11.7600,11.9000,11.3000,11.5800,3318900
20131211,11.7600,11.9500,11.4300,11.7600,2349700
20131212,11.7000,11.7500,11.5500,11.7000,1536000
20131213,11.4900,11.7500,11.3300,11.7500,2288400
20131216,11.7400,11.8500,11.4600,11.4900,3768100
20131217,11.7500,11.7800,11.4000,11.7400,3457400
20131218,12.2200,12.8100,11.6600,11.6600,7041100
20131219,11.9900,12.4400,11.9500,12.2000,2392100
20131220,12.0500,12.3300,11.8900,11.8900,2262800
20131223,12.4100,12.4300,11.5000,12.0500,3637000
20131224,12.6200,13.0000,12.3800,12.4100,4409100
20131225,12.9400,13.0000,12.5300,12.7300,2712100
20131226,13.8400,14.2300,12.8100,12.9500,7744800
20131227,13.8400,14.0800,13.5000,13.7000,4280000
20131230,13.4000,14.3800,13.2500,13.8700,5135500
20131231,13.4100,13.5700,13.0700,13.4200,2954900
20140101,13.4100,13.4100,13.4100,13.4100,0
20140102,13.4100,13.5600,13.3000,13.4000,2099600
20140103,13.5000,13.7000,13.1100,13.3800,3209100
20140106,13.0800,13.5500,13.0700,13.3700,1803900
20140107,13.2100,13.5000,12.8300,13.0400,1712000
20140108,13.2900,13.7000,13.1800,13.2000,1793800
20140109,13.2600,13.5900,13.0900,13.2900,1527500
20140110,13.0000,13.2700,12.2900,13.2700,2864400
20140113,12.7100,13.1000,12.5800,12.9900,1026600
20140114,12.8800,12.9600,12.5900,12.7100,857800
20140115,13.3300,13.4400,12.9000,12.9000,2581200
20140116,13.5400,13.8600,13.3000,13.3400,1908100
20140117,13.2800,13.5700,13.1900,13.5300,1016100
20140120,13.3900,13.7700,13.1700,13.1800,994400
20140121,13.5000,13.7100,13.3800,13.5500,1082900
20140122,13.7500,13.8500,13.4000,13.4000,2153700
20140123,13.9600,14.1300,13.6900,13.7900,2106200
20140124,14.1400,14.2000,13.8300,13.9600,1298500
20140127,14.5100,14.5200,13.9400,14.1000,1737000
20140128,14.1900,14.7000,14.0000,14.5000,1600700
20140129,14.8800,14.8900,13.8800,14.1900,2341100
20140130,15.7000,15.9200,14.7100,15.1000,2829500
20140131,15.7000,15.7000,15.7000,15.7000,0
20140203,15.7000,15.7000,15.7000,15.7000,0
20140205,15.7000,15.7000,15.7000,15.7000,0
20140206,15.7000,15.7000,15.7000,15.7000,0
20140207,16.1200,16.3300,15.5000,15.6800,2060400
20140210,15.9800,17.0900,15.6900,16.1300,6444600
20140211,15.6800,16.1200,15.6600,15.9100,4698800
20140212,15.6500,15.8800,15.5200,15.6500,1805800
20140213,15.1600,15.7900,15.1000,15.6700,1447800
20140214,15.8900,15.8900,15.0400,15.1600,1759200
20140217,16.1000,16.2800,15.7500,15.9500,3759600
20140218,16.3400,16.4100,15.9000,16.0500,1915600
20140219,17.0100,17.1900,16.2000,16.3500,3372300
20140220,16.8100,17.1300,16.7000,17.0300,1823500
20140221,16.5600,16.7500,16.1000,16.7500,1347500
20140224,16.5600,16.8300,16.2600,16.5400,1511100
20140225,15.8600,16.7900,15.0000,16.7900,2064900
