20130226,4.4000,4.4800,4.3800,4.4400,606900
20130227,4.4100,4.4500,4.3700,4.4500,509000
20130228,4.4800,4.5400,4.3800,4.4000,1376900
20130301,4.5300,4.5400,4.4500,4.4700,1434400
20130304,4.4000,4.5800,4.3700,4.5100,1391200
20130305,4.4900,4.5000,4.3700,4.4000,824000
20130306,4.5200,4.5600,4.4700,4.5000,1436300
20130307,4.5700,4.5900,4.5000,4.5300,2163900
20130308,4.5300,4.6100,4.5200,4.5900,1489100
20130311,4.5300,4.5600,4.4800,4.5300,801100
20130312,4.4000,4.5400,4.3700,4.4900,1477400
20130313,4.5700,4.5700,4.3600,4.4000,1079700
20130314,4.5600,4.6200,4.5200,4.5800,1854300
20130315,4.5700,4.6200,4.4900,4.5900,1722700
20130318,4.4900,4.5700,4.4400,4.5300,1025400
20130319,4.4800,4.5000,4.4400,4.4500,1176100
20130320,4.5300,4.5300,4.4500,4.4800,1917800
20130321,4.5400,4.5500,4.5000,4.5300,1725000
20130322,4.6400,4.6700,4.4400,4.5200,4284600
20130325,4.6400,4.6800,4.6000,4.6400,1941300
20130326,4.4900,4.6700,4.4800,4.6400,1985200
20130327,4.4600,4.5500,4.4200,4.4900,1660400
20130328,4.2600,4.4400,4.2200,4.4400,1912500
20130329,4.2300,4.2800,4.2000,4.2100,936400
20130401,4.2700,4.3100,4.2000,4.2000,1342100
20130402,4.2100,4.3100,4.2000,4.2700,841000
20130403,4.1200,4.2500,4.1000,4.2100,984100
20130404,4.1200,4.1200,4.1200,4.1200,0
20130405,4.1200,4.1200,4.1200,4.1200,0
20130408,4.2500,4.2700,4.0300,4.1200,669000
20130409,4.2600,4.2800,4.2200,4.2500,600700
20130410,4.2500,4.2800,4.2400,4.2800,338500
20130411,4.2300,4.2900,4.2200,4.2500,476500
20130412,4.2100,4.2500,4.1800,4.2000,268500
20130415,4.1200,4.2000,4.1000,4.1200,434000
20130416,4.2100,4.2200,4.1200,4.1200,492200
20130417,4.1500,4.2800,3.9600,4.2400,639000
20130418,4.1000,4.1500,4.0800,4.1100,808200
20130419,4.1700,4.1900,4.0800,4.0800,536500
20130422,4.1700,4.1700,4.1200,4.1600,499300
20130423,4.0800,4.2100,4.0800,4.1800,568700
20130424,4.1000,4.1300,4.0500,4.0800,1304200
20130425,4.0200,4.1400,4.0200,4.1000,634300
20130426,3.9900,4.0800,3.9800,4.0800,571000
20130429,3.9900,3.9900,3.9900,3.9900,0
20130430,3.9900,3.9900,3.9900,3.9900,0
20130501,3.9900,3.9900,3.9900,3.9900,0
20130502,3.9900,4.0400,3.9600,3.9900,767300
20130503,4.0400,4.0500,3.9700,3.9800,797100
20130506,4.0900,4.1100,4.0200,4.0200,857300
20130507,4.1300,4.1300,4.0900,4.0900,562500
20130508,4.1500,4.1600,4.0700,4.1500,898800
20130509,4.5700,4.5700,4.2600,4.2600,9129400
20130510,4.5300,4.6300,4.4100,4.5000,7867700
20130513,4.4500,4.4900,4.4100,4.4500,2909200
20130514,4.6200,4.8000,4.4300,4.4500,7859400
20130515,4.6200,4.6700,4.4800,4.6300,3915500
20130516,4.5200,4.6000,4.4500,4.5800,3868900
20130517,4.5200,4.5500,4.4400,4.5000,3351300
20130520,4.5300,4.6000,4.4600,4.5500,3623700
20130521,4.5200,4.5800,4.4400,4.5100,3130700
20130522,4.4700,4.6000,4.4500,4.5100,3418200
20130523,4.3800,4.4700,4.3700,4.4500,2521400
20130524,4.4600,4.4700,4.3700,4.3700,1974900
20130527,4.4400,4.4700,4.4100,4.4600,1958900
20130528,4.5000,4.5000,4.3800,4.4400,2160400
20130529,4.4900,4.5100,4.4600,4.5000,1732400
20130530,4.4200,4.4700,4.4100,4.4700,1472400
20130531,4.4500,4.4700,4.4000,4.4300,1661200
20130603,4.3900,4.4900,4.3800,4.4500,1747700
20130604,4.2000,4.3800,4.1000,4.3700,2227300
20130605,4.2700,4.3000,4.1600,4.2000,1440800
20130606,4.2200,4.2600,4.2100,4.2500,557700
20130607,4.1400,4.2500,4.1200,4.2500,767500
20130610,4.1400,4.1400,4.1400,4.1400,0
20130611,4.1400,4.1400,4.1400,4.1400,0
20130612,4.1400,4.1400,4.1400,4.1400,0
20130613,4.1300,4.2100,4.0100,4.1400,655000
20130614,4.1500,4.1800,4.1100,4.1600,756100
20130617,4.1600,4.2100,4.1300,4.1400,596500
20130618,4.1600,4.2000,4.1500,4.1700,538700
20130619,4.1500,4.1700,4.0500,4.1700,565500
20130620,4.0600,4.1500,4.0500,4.1500,364100
20130621,4.0600,4.1000,3.9800,4.0500,661800
20130624,3.7500,4.0900,3.6500,4.0600,2226100
20130625,3.6300,3.7400,3.3800,3.6800,1635300
20130626,3.6800,3.7400,3.6000,3.6500,601500
20130627,3.7400,3.7900,3.6300,3.6700,1252200
20130628,3.6400,3.7500,3.6200,3.7000,834700
20130701,3.7100,3.7200,3.6300,3.6400,314900
20130702,3.7100,3.7400,3.6600,3.7100,466400
20130703,3.6700,3.7200,3.6400,3.7000,405100
20130704,3.7200,3.7400,3.6500,3.6600,716600
20130705,3.7300,3.7600,3.6900,3.7600,741200
20130708,3.5700,3.7000,3.5700,3.6600,601400
20130709,3.5100,3.5600,3.4400,3.5500,611700
20130710,3.6400,3.6400,3.4600,3.5000,494600
20130711,3.7200,3.7600,3.6100,3.6100,1171600
20130712,3.7400,3.7800,3.6800,3.7200,702700
20130715,3.7300,3.7500,3.6700,3.7400,1155700
20130716,3.7400,3.7400,3.6800,3.7200,1177900
20130717,3.6800,3.7400,3.6700,3.7400,1042200
20130718,3.6200,3.6800,3.6000,3.6800,631000
20130719,3.5500,3.6400,3.5500,3.6400,664000
20130722,3.5400,3.5800,3.4900,3.5100,1176400
20130723,3.6500,3.6600,3.5500,3.5500,911800
20130724,3.6700,3.6700,3.6000,3.6200,795700
20130725,3.7400,4.0300,3.6600,3.6600,2172000
20130726,3.7200,3.7500,3.6300,3.7500,1229500
20130729,3.6600,3.7300,3.6500,3.7300,775100
20130730,3.6600,3.6800,3.6000,3.6000,491600
20130731,3.6900,3.8300,3.6600,3.7000,528000
20130801,3.7700,3.7800,3.7100,3.7100,851700
20130802,3.7400,3.8000,3.7400,3.7800,722100
20130805,3.7900,3.7900,3.7200,3.7200,428700
20130806,3.9000,3.9700,3.7500,3.7900,1724200
20130807,3.8500,3.8800,3.8200,3.8800,1186900
20130808,3.8100,3.9000,3.8000,3.8500,935100
20130809,4.1900,4.1900,3.7600,3.8000,4333300
20130812,4.2300,4.2900,4.1000,4.2900,6735500
20130813,4.3000,4.3400,4.1100,4.1600,6048200
20130814,4.2000,4.4700,4.1800,4.2800,4287200
20130815,4.1700,4.3800,4.1300,4.2000,2424700
20130816,4.0300,4.1900,4.0000,4.1400,1959400
20130819,4.0800,4.1100,4.0100,4.0800,709200
20130820,4.0900,4.1100,4.0400,4.0400,789700
20130821,4.0400,4.1100,4.0400,4.0600,807300
20130822,4.0500,4.0900,4.0000,4.0200,738500
20130823,4.0300,4.0600,4.0100,4.0200,817800
20130826,4.0800,4.0800,4.0200,4.0200,821400
20130827,4.1400,4.1800,4.0800,4.0800,815400
20130828,4.0700,4.1400,4.0400,4.1400,1074400
20130829,4.0900,4.1000,4.0300,4.0700,1657400
20130830,4.0700,4.1800,4.0600,4.0600,1680200
20130902,4.0800,4.1500,4.0000,4.1100,1147600
20130903,4.1200,4.1400,4.0700,4.0800,923400
20130904,4.1100,4.1600,4.1000,4.1200,1001200
20130905,4.0800,4.1100,4.0700,4.1000,820800
20130906,4.0500,4.0800,4.0100,4.0800,1162600
20130909,4.0900,4.1200,4.0500,4.0500,1781300
20130910,4.1400,4.1600,4.0900,4.0900,1842400
20130911,4.2000,4.3000,4.1200,4.1400,2865900
20130912,4.2000,4.2600,4.1500,4.2000,1611500
20130913,4.2400,4.3000,4.2100,4.2300,2089300
20130916,4.1600,4.2400,4.1400,4.2400,1291800
20130917,4.0700,4.1800,4.0600,4.1100,974200
20130918,4.0700,4.0900,4.0300,4.0800,1078400
20130920,4.0700,4.0700,4.0700,4.0700,0
20130923,4.1100,4.1500,4.0700,4.0700,1114200
20130924,4.0700,4.1100,4.0500,4.1100,992900
20130925,4.0500,4.1000,4.0300,4.0500,1049600
20130926,3.9800,4.0800,3.9300,4.0800,1069300
20130927,3.9900,4.0200,3.9700,3.9800,486000
20130930,4.0400,4.0600,3.9900,3.9900,387700
20131001,4.0400,4.0400,4.0400,4.0400,0
20131002,4.0400,4.0400,4.0400,4.0400,0
20131003,4.0400,4.0400,4.0400,4.0400,0
20131004,4.0400,4.0400,4.0400,4.0400,0
20131007,4.0400,4.0400,4.0400,4.0400,0
20131008,4.0600,4.0700,3.9900,4.0500,1100400
20131009,4.0600,4.0600,4.0200,4.0600,667700
20131010,4.1300,4.2000,4.0400,4.0600,2148800
20131011,4.1600,4.1700,4.0700,4.1400,1519900
20131014,4.1800,4.2100,4.1300,4.1600,2158200
20131015,4.2700,4.3000,4.1400,4.1800,3022800
20131016,4.1200,4.2800,4.0200,4.2600,3165800
20131017,4.1000,4.1700,4.0400,4.1000,1473200
20131018,4.0700,4.1000,4.0300,4.0700,804900
20131021,4.1200,4.1500,4.0500,4.0700,1122200
20131022,4.1300,4.1500,4.0900,4.1200,967500
20131023,4.0400,4.1600,4.0200,4.1400,1140200
20131024,4.0100,4.0700,4.0100,4.0500,745100
20131025,3.9900,4.0500,3.9800,4.0000,743500
20131028,3.9700,4.0400,3.9500,3.9900,753700
20131029,3.9100,4.0200,3.8200,3.9400,1465600
20131030,4.0800,4.1500,3.8700,3.8700,1724500
20131031,3.9900,4.1000,3.9900,4.1000,1146100
20131101,4.0000,4.0400,3.9500,4.0000,708000
20131104,4.0500,4.0900,4.0000,4.0100,902000
20131105,4.0600,4.0600,3.9700,4.0500,820600
20131106,4.0600,4.0800,4.0100,4.0200,698900
20131107,4.0400,4.1100,4.0300,4.0400,1182600
20131108,3.9100,4.0600,3.8900,4.0400,1219500
20131111,3.9400,3.9500,3.8500,3.9100,529300
20131112,3.9400,3.9500,3.9100,3.9300,381600
20131113,3.8700,3.9400,3.8700,3.9400,534700
20131114,3.8500,3.9000,3.8300,3.8600,456300
20131115,3.9100,3.9400,3.8400,3.8400,895300
20131118,3.9700,3.9700,3.9100,3.9100,695600
20131119,3.9700,3.9800,3.9300,3.9700,761800
20131120,3.9700,3.9900,3.9500,3.9900,1129700
20131121,3.9700,3.9800,3.9300,3.9700,1024300
20131122,3.9400,3.9700,3.9100,3.9600,714600
20131125,4.0300,4.1000,3.9000,3.9200,2478500
20131126,4.1900,4.4100,3.9600,4.0200,4438000
20131127,4.1100,4.2300,4.0100,4.1600,2795800
20131128,4.1200,4.1600,4.0400,4.0700,1593700
20131129,4.1300,4.1500,4.0900,4.1400,1503800
20131202,3.9600,4.1000,3.9100,4.1000,2437600
20131203,4.0200,4.0300,3.9400,3.9700,1107000
20131204,4.0600,4.0900,3.9900,4.0000,1160300
20131205,4.0600,4.0800,4.0300,4.0600,835900
20131206,4.0700,4.0700,4.0400,4.0500,655500
20131209,4.0600,4.1000,4.0500,4.0800,696300
20131210,4.0800,4.1600,4.0500,4.0600,1742500
20131211,4.0100,4.0800,3.9900,4.0800,1091200
20131212,4.0300,4.0800,4.0000,4.0000,668300
20131213,4.0200,4.0500,3.9900,4.0500,631700
20131216,3.9300,4.0200,3.9100,4.0200,1076200
20131217,4.0200,4.2700,3.9300,3.9300,1772500
20131218,4.0400,4.1100,3.9700,3.9700,1085000
20131219,3.9800,4.0700,3.9700,4.0600,706500
20131220,3.9400,4.0300,3.9100,3.9700,741900
20131223,3.9600,4.0900,3.9500,3.9800,1334500
20131224,4.0500,4.0500,3.9200,3.9200,849600
20131225,4.1100,4.1400,4.0200,4.0700,1530500
20131226,4.0100,4.1400,4.0100,4.1100,784900
20131227,4.1100,4.1400,4.0500,4.0500,1924700
20131230,4.1400,4.2200,4.1000,4.1000,2428300
20131231,4.1300,4.2100,4.1200,4.1500,1382900
20140101,4.1300,4.1300,4.1300,4.1300,0
20140102,4.1100,4.1500,4.0600,4.1200,953200
20140103,4.2200,4.2300,4.0600,4.1100,2724700
20140106,4.1700,4.2600,4.1400,4.2000,1513100
20140107,4.1800,4.2100,4.1100,4.1300,968300
20140108,4.1200,4.2500,4.0900,4.2000,2338100
20140109,4.1200,4.1200,4.1200,4.1200,0
20140110,4.1200,4.1200,4.1200,4.1200,0
20140113,4.1200,4.1200,4.1200,4.1200,0
20140114,4.1200,4.1200,4.1200,4.1200,0
20140115,4.1200,4.1200,4.1200,4.1200,0
20140116,4.1200,4.1200,4.1200,4.1200,0
20140117,4.1200,4.1200,4.1200,4.1200,0
20140120,4.1200,4.1200,4.1200,4.1200,0
20140121,4.1200,4.1200,4.1200,4.1200,0
20140122,4.1200,4.1200,4.1200,4.1200,0
20140123,4.1200,4.1200,4.1200,4.1200,0
20140124,4.1200,4.1200,4.1200,4.1200,0
20140127,4.1200,4.1200,4.1200,4.1200,0
20140128,4.1200,4.1200,4.1200,4.1200,0
20140129,4.1200,4.1200,4.1200,4.1200,0
20140130,4.1200,4.1200,4.1200,4.1200,0
20140131,4.1200,4.1200,4.1200,4.1200,0
20140203,4.1200,4.1200,4.1200,4.1200,0
20140205,4.1200,4.1200,4.1200,4.1200,0
20140206,4.1200,4.1200,4.1200,4.1200,0
20140207,4.1200,4.1200,4.1200,4.1200,0
20140210,4.1200,4.1200,4.1200,4.1200,0
20140211,4.1200,4.1200,4.1200,4.1200,0
20140212,4.1200,4.1200,4.1200,4.1200,0
20140213,4.1200,4.1200,4.1200,4.1200,0
20140214,4.1200,4.1200,4.1200,4.1200,0
20140217,4.1200,4.1200,4.1200,4.1200,0
20140218,4.1200,4.1200,4.1200,4.1200,0
20140219,4.1200,4.1200,4.1200,4.1200,0
20140220,4.1200,4.1200,4.1200,4.1200,0
20140221,4.1200,4.1200,4.1200,4.1200,0
20140224,4.1200,4.1200,4.1200,4.1200,0
20140225,4.1200,4.1200,4.1200,4.1200,0
