20130226,7.6783,7.9217,7.6522,7.8696,19178900
20130227,7.7130,7.8087,7.6522,7.7217,12908500
20130228,7.9217,7.9565,7.7304,7.7391,18695900
20130301,8.0000,8.0435,7.8522,7.9130,23890000
20130304,7.5739,7.8870,7.5652,7.8870,27337300
20130305,7.8696,7.9043,7.6174,7.6174,22926000
20130306,7.9565,8.0348,7.8348,7.8956,22649800
20130307,8.7565,8.7565,7.9130,7.9391,63427500
20130308,8.5217,8.8609,8.4522,8.8348,78912896
20130311,8.2870,8.5043,8.2174,8.3478,37249200
20130312,8.7130,9.0000,8.4000,8.4000,77179600
20130313,8.5478,8.7391,8.4348,8.6087,41212400
20130314,8.4696,8.5391,8.3217,8.4783,26312500
20130315,8.4609,8.6609,8.2609,8.4957,32773800
20130318,8.0087,8.4609,7.9217,8.3304,28393800
20130319,8.4261,8.5217,7.9826,8.0261,35538800
20130320,8.5565,8.6261,8.2870,8.3478,34172300
20130321,8.6087,8.7826,8.4348,8.5217,37943100
20130322,9.4696,9.4696,8.5913,8.6000,112818304
20130325,9.4696,9.4696,9.4696,9.4696,0
20130326,9.3826,9.5652,9.1391,9.3043,94362704
20130327,9.2870,9.4783,9.1044,9.3565,64416600
20130328,8.6348,9.1391,8.6174,9.1304,50841500
20130329,8.6609,8.8870,8.6348,8.7391,26259900
20130401,8.6348,8.9130,8.5913,8.6957,24600900
20130402,8.8435,9.1130,8.6435,8.7044,40156600
20130403,8.5652,9.0261,8.5217,8.9565,27239200
20130404,8.5652,8.5652,8.5652,8.5652,0
20130405,8.5652,8.5652,8.5652,8.5652,0
20130408,8.4435,8.4609,8.1565,8.3913,24735500
20130409,8.5478,8.7130,8.4435,8.4435,20299200
20130410,8.4522,8.5913,8.2783,8.5391,15662300
20130411,8.5652,8.7391,8.4696,8.5652,23402600
20130412,8.7217,9.0087,8.4000,8.5217,33770000
20130415,8.6348,8.8435,8.6087,8.7304,23734500
20130416,8.8087,8.8087,8.3391,8.5130,29616200
20130417,9.0261,9.0956,8.8087,8.8696,42278700
20130418,9.0000,9.1565,8.8783,8.9652,30835600
20130419,9.0609,9.2261,8.9826,9.0261,29968000
20130422,9.0522,9.0609,8.8174,8.9652,28685500
20130423,8.8348,9.3391,8.8087,9.1565,32657000
20130424,9.0087,9.1130,8.8261,8.9478,24734600
20130425,9.0348,9.2609,8.9652,9.0261,30414900
20130426,8.6261,9.1304,8.5304,9.0870,31425100
20130429,8.6261,8.6261,8.6261,8.6261,0
20130430,8.6261,8.6261,8.6261,8.6261,0
20130501,8.6261,8.6261,8.6261,8.6261,0
20130502,8.6261,8.6261,8.6261,8.6261,0
20130503,9.4870,9.4870,9.1304,9.4783,86012200
20130506,9.7217,9.9130,9.4000,9.4870,90405504
20130507,9.8261,9.9044,9.4783,9.6435,64928200
20130508,9.6957,9.9739,9.6435,9.8261,46351400
20130509,9.6957,9.8435,9.5217,9.7304,47875400
20130510,9.7391,9.8174,9.5652,9.6435,34446100
20130513,9.6522,9.8087,9.4957,9.7217,27732700
20130514,9.8522,10.0000,9.5913,9.6870,50233600
20130515,9.7826,9.9739,9.6261,9.9304,28276900
20130516,10.1739,10.4348,9.7044,9.7478,62189200
20130517,10.2522,10.4087,10.0087,10.0783,43085300
20130520,10.2696,10.7391,10.2435,10.4000,49154200
20130521,10.7044,10.7304,10.1565,10.2087,49029900
20130522,11.1304,11.4696,10.6261,10.7391,72382704
20130523,10.9913,11.3739,10.9826,11.1130,45998200
20130524,11.4870,11.5652,10.8783,11.0435,54947300
20130527,11.4957,11.8783,11.2261,11.5304,52545900
20130528,11.2609,11.6957,10.9565,11.4783,46833600
20130529,11.5478,11.6957,11.1391,11.1391,46349000
20130530,11.4696,11.8609,11.4522,11.5478,43149700
20130531,11.2783,11.5826,11.2609,11.4348,34260800
20130603,11.1391,11.4261,11.0435,11.3130,25352700
20130604,11.2870,11.3043,11.0174,11.1478,31147100
20130605,11.1130,11.2870,11.0435,11.2000,21033000
20130606,10.8261,11.1304,10.8261,11.0522,24972600
20130607,10.8261,10.8261,10.8261,10.8261,0
20130610,10.8261,10.8261,10.8261,10.8261,0
20130611,10.8261,10.8261,10.8261,10.8261,0
20130612,10.8261,10.8261,10.8261,10.8261,0
20130613,11.0174,11.4435,10.5043,10.7217,46580100
20130614,11.4261,11.4783,10.9217,10.9565,38250400
20130617,12.2522,12.4261,11.3217,11.4348,61862200
20130618,12.0174,12.2174,11.8348,12.0522,38898500
20130619,12.0956,12.2522,11.8870,11.9130,35694100
20130620,11.0609,12.2435,10.9565,12.1044,55045600
20130621,10.4261,10.7044,10.2087,10.7044,49798500
20130624,9.9565,10.8522,9.6609,10.5391,44774000
20130625,9.5739,9.9391,8.9652,9.9391,61266900
20130626,9.9044,9.9130,9.3478,9.5652,39274600
20130627,9.5478,10.2087,9.5130,9.8261,46211100
20130628,9.5652,9.7826,9.1044,9.4174,35364200
20130701,9.7304,9.7565,9.3913,9.4348,24305300
20130702,9.9130,10.1130,9.7826,9.8522,32065600
20130703,10.2522,10.4174,9.4870,9.7913,52554100
20130704,10.3913,10.6783,10.0261,10.0522,49364100
20130705,10.4609,10.7391,10.3043,10.3913,41368500
20130708,9.6609,10.3304,9.6435,10.3217,35026500
20130709,9.9478,10.1130,9.5739,9.6087,26916400
20130710,10.2696,10.3130,9.7739,9.9044,28271900
20130711,10.5913,10.7391,10.2174,10.2609,43984400
20130712,10.5304,10.9565,10.5304,10.7913,42287200
20130715,10.5913,10.7826,10.4522,10.6174,31567100
20130716,10.8956,10.9304,10.5304,10.6522,43737300
20130717,10.4348,10.8956,10.4174,10.7739,37855200
20130718,10.5217,10.6522,10.3478,10.3826,24082400
20130719,9.8174,10.6000,9.7739,10.5478,38419900
20130722,9.9565,10.0174,9.7826,9.8261,18876700
20130723,10.2783,10.3043,9.9478,9.9826,23729200
20130724,10.1565,10.3043,9.8435,10.2609,26724500
20130725,10.1913,10.3391,10.0174,10.1652,25792300
20130726,10.1100,10.3700,10.0700,10.1700,17510000
20130729,10.3800,10.5900,10.0200,10.1100,31831000
20130730,10.2300,10.4800,9.8100,10.4200,22885900
20130731,10.4300,10.5700,10.2200,10.2200,29789800
20130801,10.5900,10.6500,10.4500,10.5500,33100800
20130802,10.5400,10.7500,10.4800,10.6700,24357200
20130805,10.5400,10.5500,10.3500,10.4800,17870800
20130806,10.6400,10.7000,10.3800,10.5700,24709500
20130807,10.6100,11.0800,10.5500,10.7500,43287200
20130808,10.4200,10.6100,10.3200,10.5800,23202600
20130809,10.3600,10.5700,10.2200,10.4300,19864100
20130812,10.5800,10.6200,10.3900,10.4800,22339200
20130813,10.6200,10.7800,10.5400,10.5600,23931900
20130814,10.5900,10.8700,10.5100,10.6200,26354300
20130815,10.2900,10.5600,10.2800,10.5200,22114800
20130816,10.1300,10.5300,10.1200,10.2400,21954000
20130819,10.2300,10.2900,10.0300,10.1000,11895300
20130820,10.0600,10.3200,9.9900,10.2400,17477000
20130821,10.2300,10.2800,10.1000,10.1400,15942300
20130822,10.1100,10.3100,10.1000,10.2100,13504300
20130823,10.0800,10.2100,9.8700,10.1800,19163600
20130826,10.2200,10.2600,10.0600,10.1300,14415400
20130827,10.3900,10.4700,10.2100,10.2600,22256900
20130828,10.1400,10.2500,10.0300,10.2500,25316400
20130829,10.1200,10.3000,10.0700,10.1100,17956000
20130830,9.9200,10.1700,9.9000,10.0000,22432000
20130902,9.6600,9.9800,9.5300,9.9600,21970000
20130903,10.5200,10.6300,9.6900,9.7600,68671696
20130904,10.3200,10.5900,10.2600,10.5900,36386600
20130905,10.2300,10.4200,10.1900,10.2500,17976100
20130906,10.3000,10.4900,10.1800,10.2700,22584200
20130909,10.4400,10.5400,10.3000,10.3000,30195500
20130910,10.5000,10.5500,10.3500,10.4500,24837200
20130911,10.6700,10.8500,10.3900,10.4600,50463300
20130912,10.3900,10.6400,10.3700,10.5800,27546700
20130913,10.2800,10.4800,10.1700,10.3600,20465900
20130916,10.2400,10.3400,10.2100,10.2100,14293800
20130917,10.0800,10.3400,10.0600,10.2400,17570700
20130918,10.1600,10.1900,10.0500,10.0500,10073400
20130920,10.1600,10.1600,10.1600,10.1600,0
20130923,10.3100,10.3300,10.1100,10.1900,14983300
20130924,10.3300,10.5400,10.2700,10.4100,21976900
20130925,10.3800,10.5900,10.3200,10.5300,31258400
20130926,10.0100,10.4800,10.0000,10.4500,20029400
20130927,10.1000,10.4500,9.9300,10.0500,21491300
20130930,10.3000,10.5200,10.1500,10.1900,19894200
20131001,10.3000,10.3000,10.3000,10.3000,0
20131002,10.3000,10.3000,10.3000,10.3000,0
20131003,10.3000,10.3000,10.3000,10.3000,0
20131004,10.3000,10.3000,10.3000,10.3000,0
20131007,10.3000,10.3000,10.3000,10.3000,0
20131008,10.4900,10.6500,10.2600,10.3500,29622300
20131009,10.7900,10.8700,10.4500,10.5000,46483000
20131010,10.6700,10.9400,10.6200,10.6900,28755800
20131011,10.7100,10.8400,10.5800,10.7200,29289400
20131014,10.7800,10.9600,10.6700,10.7600,32894000
20131015,10.6700,10.9500,10.6100,10.9500,32452900
20131016,10.3000,10.7200,10.2400,10.7000,24797200
20131017,10.3100,10.4900,10.2600,10.3400,15627400
20131018,10.4700,10.4900,10.2300,10.3900,17605800
20131021,10.6900,10.7900,10.4100,10.4800,29356400
20131022,10.8800,11.0000,10.4700,10.6200,48411000
20131023,10.5400,10.9900,10.4600,10.8100,32936700
20131024,10.4000,10.5700,10.2100,10.4700,18916000
20131025,10.0700,10.4800,9.9300,10.3900,25353500
20131028,10.2100,10.2400,9.9400,10.1400,14178900
20131029,9.6800,10.2600,9.5000,10.2000,27430600
20131030,9.8100,9.8200,9.6000,9.6700,17308000
20131031,9.8600,10.0700,9.7500,9.8100,15548000
20131101,9.7600,9.9200,9.6500,9.8600,12984100
20131104,9.7600,9.8500,9.7100,9.7900,7412500
20131105,9.7800,9.8500,9.5000,9.7000,11768500
20131106,9.6400,9.8500,9.6100,9.7700,14245200
20131107,9.2100,9.7100,9.2000,9.6600,22269600
20131108,8.9600,9.1800,8.9300,9.1800,13871400
20131111,9.0600,9.1300,8.9500,8.9900,10333000
20131112,9.0900,9.1200,8.9900,9.0600,10002100
20131113,8.8000,9.0900,8.8000,9.0700,13211200
20131114,9.0000,9.0400,8.7200,8.7500,13255000
20131115,9.2200,9.3500,9.0600,9.3300,18382300
20131118,9.4100,9.4400,9.2200,9.2500,20956600
20131119,9.3100,9.4600,9.3000,9.3900,17417300
20131120,9.3500,9.4000,9.2400,9.4000,10809500
20131121,9.2200,9.3100,9.1900,9.3100,13880200
20131122,9.6100,9.6800,9.2200,9.2200,35593700
20131125,9.6100,9.6100,9.6100,9.6100,0
20131126,9.6000,9.9200,9.6000,9.7000,27591400
20131127,9.6700,9.7000,9.4900,9.6500,16236100
20131128,9.6600,9.8200,9.5800,9.6700,15001000
20131129,9.7900,9.8400,9.6300,9.7000,13095600
20131202,9.3700,9.7000,9.2500,9.6000,21360100
20131203,9.4200,9.4900,9.2600,9.3000,10028700
20131204,9.4600,9.6200,9.4000,9.4500,14762500
20131205,9.5400,9.6300,9.4900,9.5300,12357100
20131206,9.6400,9.6600,9.5100,9.5100,10792300
20131209,9.6300,9.6900,9.5500,9.6200,10361200
20131210,9.4900,9.6600,9.4600,9.6400,10668300
20131211,9.1500,9.4700,9.0400,9.4500,17682400
20131212,9.1500,9.2700,9.1000,9.1500,9803100
20131213,9.1100,9.1900,9.0500,9.0900,8430700
20131216,9.1800,9.3400,9.1300,9.1300,13116900
20131217,9.1000,9.2200,8.9100,9.1700,9229700
20131218,9.2800,9.4000,8.9900,9.1000,17201800
20131219,9.2700,9.4800,9.2500,9.3900,13124000
20131220,9.0300,9.3500,8.9900,9.3000,10901500
20131223,9.0500,9.1000,8.8600,9.0600,7502800
20131224,9.0200,9.1900,9.0000,9.0500,7712000
20131225,9.1200,9.1500,8.9400,9.0100,8252200
20131226,9.1000,9.2800,9.0800,9.1300,11110600
20131227,9.2100,9.2500,9.0400,9.0700,9482500
20131230,9.2100,9.3400,9.1500,9.2900,6401700
20131231,9.4500,9.6600,9.2600,9.3100,24261800
20140101,9.4500,9.4500,9.4500,9.4500,0
20140102,9.4000,9.6100,9.3400,9.3800,12408700
20140103,9.1500,9.4300,9.0800,9.4300,13619900
20140106,9.0700,9.1900,8.9600,9.1600,10914400
20140107,9.0500,9.1200,9.0100,9.0100,5857100
20140108,8.8900,9.1300,8.8300,9.0500,11224600
20140109,8.6900,8.9600,8.6200,8.8800,10189200
20140110,8.7100,8.8000,8.5200,8.6800,10336800
20140113,8.7600,8.7900,8.6000,8.6600,8734400
20140114,8.7700,8.8300,8.6800,8.7100,8056200
20140115,8.9600,9.0300,8.7500,8.8000,10617100
20140116,8.8600,8.9800,8.8100,8.9400,8654300
20140117,8.6700,8.8900,8.6200,8.8600,8239400
20140120,8.5800,8.7200,8.5700,8.6400,5170800
20140121,8.6500,8.7400,8.5900,8.5900,4923300
20140122,8.9200,8.9200,8.6700,8.6700,10470300
20140123,8.9600,9.1100,8.8400,8.8900,13688600
20140124,9.2500,9.3900,8.9500,9.0000,21653000
20140127,9.2800,9.3300,9.1000,9.1900,13814900
20140128,9.2700,9.5500,9.2600,9.4900,15970100
20140129,9.4500,9.5100,9.2500,9.3300,18221800
20140130,9.3700,9.5600,9.3700,9.4700,11327300
20140131,9.3700,9.3700,9.3700,9.3700,0
20140203,9.3700,9.3700,9.3700,9.3700,0
20140205,9.3700,9.3700,9.3700,9.3700,0
20140206,9.3700,9.3700,9.3700,9.3700,0
20140207,9.5700,9.5800,9.2400,9.3100,16545300
20140210,10.5300,10.5300,9.6100,9.6100,58180100
20140211,10.6000,10.8800,10.2900,10.7200,61086800
20140212,10.7000,10.9400,10.4200,10.5400,45519600
20140213,10.8700,11.4700,10.5400,10.6000,66832400
20140214,10.9700,11.0700,10.7400,10.9900,30422300
20140217,10.9700,11.2500,10.8800,11.1100,43993400
20140218,11.4000,11.8300,10.9000,10.9300,62863800
20140219,11.2200,11.6000,11.1200,11.3200,37404100
20140220,10.9500,11.3700,10.9000,11.2800,31933100
20140221,10.9700,11.2200,10.7500,10.9300,25191200
20140224,10.5700,10.8500,10.4600,10.8500,31641700
20140225,10.1400,10.7700,10.0300,10.6100,37149300
