20130226,6.3700,6.5000,6.3500,6.4200,878700
20130227,6.4000,6.4800,6.3900,6.4500,597000
20130228,6.6100,6.6300,6.4100,6.4100,1387500
20130301,6.6500,6.6500,6.5600,6.6100,1082400
20130304,6.4500,6.6300,6.3800,6.6300,1235400
20130305,6.5800,6.5800,6.4500,6.4500,643200
20130306,6.7700,6.8500,6.5500,6.5800,2305200
20130307,6.6600,6.7500,6.6000,6.7400,1395800
20130308,6.6400,6.6800,6.5600,6.6000,728800
20130311,6.6500,6.6900,6.5500,6.6900,706600
20130312,6.3800,6.6800,6.3300,6.6500,1198300
20130313,6.3300,6.4000,6.2300,6.3800,654800
20130314,6.3600,6.4100,6.2900,6.2900,266100
20130315,6.3100,6.4600,6.2400,6.4000,484900
20130318,6.1700,6.4000,6.1600,6.3100,563800
20130319,6.2500,6.2700,6.1400,6.1800,445000
20130320,6.3700,6.3700,6.2400,6.2400,564400
20130321,6.3900,6.4200,6.3300,6.3800,635300
20130322,6.3500,6.3900,6.2000,6.3900,1021400
20130325,6.4200,6.5300,6.2500,6.3100,1176500
20130326,6.3400,6.4000,6.2700,6.3500,542500
20130327,6.3300,6.3700,6.2900,6.3300,445500
20130328,6.1300,6.2800,6.1100,6.2800,660300
20130329,6.1400,6.2100,6.1100,6.1300,294700
20130401,6.2100,6.2800,6.1100,6.1200,559600
20130402,6.1900,6.3200,6.1700,6.2100,620600
20130403,6.4500,6.7900,6.3300,6.7800,3117300
20130404,6.4500,6.4500,6.4500,6.4500,0
20130405,6.4500,6.4500,6.4500,6.4500,0
20130408,6.1800,6.2800,6.0600,6.1800,1693600
20130409,6.2100,6.2400,6.1500,6.1500,813600
20130410,6.2300,6.2600,6.1200,6.2100,684800
20130411,6.2700,6.4400,6.1900,6.2300,1195500
20130412,6.1400,6.2400,6.1000,6.2300,806800
20130415,6.1000,6.1600,6.0800,6.1000,465200
20130416,6.0300,6.0300,5.8200,6.0000,574200
20130417,6.0400,6.0600,5.9200,6.0200,448000
20130418,5.9900,6.0600,5.9600,5.9600,421400
20130419,6.1100,6.1200,6.0000,6.0100,635400
20130422,6.1300,6.1500,6.0300,6.0500,593700
20130423,6.0900,6.1300,6.0500,6.1200,1073300
20130424,6.2800,6.3000,6.0800,6.0900,1247800
20130425,6.1900,6.2700,6.1800,6.2100,550600
20130426,6.1500,6.2200,6.1400,6.1600,428600
20130429,6.1500,6.1500,6.1500,6.1500,0
20130430,6.1500,6.1500,6.1500,6.1500,0
20130501,6.1500,6.1500,6.1500,6.1500,0
20130502,6.1100,6.1800,6.0500,6.0900,320400
20130503,6.1900,6.2100,6.0900,6.1500,857100
20130506,6.2300,6.2400,6.1300,6.2000,575700
20130507,6.1900,6.2800,6.1000,6.2300,1464900
20130508,6.1300,6.2000,6.0600,6.1900,1620100
20130509,6.1800,6.1900,6.0800,6.1100,870700
20130510,6.2300,6.2400,6.1200,6.1600,1115200
20130513,6.2600,6.2700,6.1800,6.2300,820900
20130514,6.2600,6.3000,6.1700,6.2400,1166500
20130515,6.3200,6.3300,6.2000,6.2700,1155500
20130516,6.3600,6.4300,6.3000,6.3300,1541000
20130517,6.4600,6.5000,6.3300,6.3600,1774600
20130520,6.5000,6.5800,6.4200,6.5200,1731800
20130521,6.6500,6.6800,6.4400,6.5300,2357700
20130522,6.5100,6.6500,6.5100,6.6500,2135700
20130523,6.5000,6.6800,6.4300,6.5000,1886000
20130524,6.6000,6.6800,6.4700,6.4700,1599200
20130527,6.6700,6.6800,6.5300,6.5300,1732200
20130528,6.7000,6.7100,6.5600,6.6700,2121900
20130529,6.6400,6.7600,6.6300,6.7000,1484300
20130530,6.6400,6.6900,6.5600,6.6100,1636000
20130531,6.6000,6.7500,6.5900,6.6200,1578600
20130603,6.6000,6.6600,6.5300,6.5700,1075600
20130604,6.4300,6.6300,6.3900,6.6000,1293700
20130605,6.4400,6.4700,6.3800,6.3900,488600
20130606,6.3300,6.4000,6.3100,6.3900,736800
20130607,6.2400,6.3700,6.2000,6.3200,617900
20130610,6.2400,6.2400,6.2400,6.2400,0
20130611,6.2400,6.2400,6.2400,6.2400,0
20130612,6.2400,6.2400,6.2400,6.2400,0
20130613,6.0000,6.2000,5.9500,6.2000,866000
20130614,6.0600,6.1000,6.0100,6.0100,592200
20130617,6.0700,6.1100,6.0100,6.1000,433500
20130618,6.0900,6.1100,6.0400,6.0800,284300
20130619,6.0600,6.1100,5.9600,6.0600,482400
20130620,5.9200,6.0600,5.9100,6.0300,540100
20130621,5.8800,5.9600,5.7800,5.9600,346100
20130624,5.4600,5.9100,5.4200,5.8900,776200
20130625,5.3400,5.5400,5.0000,5.4500,1073900
20130626,5.5600,5.5600,5.3000,5.4100,853000
20130627,5.4600,5.7400,5.4600,5.6800,1337200
20130628,5.3800,5.5500,5.3500,5.4000,941200
20130701,5.4900,5.4900,5.3500,5.4400,608500
20130702,5.5100,5.5400,5.4000,5.5200,509400
20130703,5.4400,5.5600,5.2800,5.5600,507100
20130704,5.5800,5.7100,5.3600,5.4600,2002200
20130705,5.5500,5.6200,5.5400,5.5400,834600
20130708,5.3100,5.4800,5.3000,5.4800,637900
20130709,5.3500,5.4200,5.3000,5.3200,278500
20130710,5.5200,5.5200,5.3500,5.3600,576700
20130711,5.6300,5.7600,5.4800,5.4800,1571000
20130712,5.5500,5.7500,5.5100,5.6300,903100
20130715,5.6500,5.7100,5.5000,5.5000,859400
20130716,5.7900,5.8800,5.6000,5.6200,1491300
20130717,5.7000,5.8300,5.6900,5.7400,977500
20130718,5.6700,5.7800,5.6200,5.7000,642300
20130719,5.6000,5.7800,5.5800,5.7300,1234300
20130722,5.6400,5.6800,5.4300,5.5500,1125700
20130723,5.7900,5.8600,5.6100,5.6400,1353800
20130724,5.8500,5.9000,5.7200,5.7600,1024200
20130725,5.7100,5.8500,5.6900,5.8500,888200
20130726,5.7500,5.7800,5.6300,5.7300,712500
20130729,6.3300,6.3300,5.6500,5.7300,11573700
20130730,6.2700,6.4200,6.0800,6.3000,6126800
20130731,6.3500,6.7600,6.1300,6.1300,9881200
20130801,6.3600,6.5000,6.1800,6.2200,7246300
20130802,6.3400,6.5000,6.2100,6.3200,4934500
20130805,6.3000,6.3600,6.2100,6.3000,2877900
20130806,6.3100,6.3700,6.1600,6.2900,3034500
20130807,6.4400,6.5100,6.2100,6.3000,4865700
20130808,6.4800,6.6800,6.3300,6.3700,4568100
20130809,6.3700,6.5300,6.2600,6.4100,2601100
20130812,6.4200,6.4600,6.3000,6.3900,2149200
20130813,6.3900,6.4800,6.3100,6.4000,1817900
20130814,6.4000,6.4300,6.3300,6.3700,1945700
20130815,6.2500,6.4400,6.2400,6.4300,2138800
20130816,6.0000,6.3100,5.9500,6.1800,2540300
20130819,6.1700,6.1900,5.9800,5.9800,1227600
20130820,6.1300,6.2200,6.1100,6.1300,820800
20130821,6.3000,6.3000,6.1000,6.1400,1593900
20130822,6.3900,6.4800,6.2600,6.2900,2533100
20130823,6.2500,6.4000,6.0900,6.3700,1778600
20130826,6.3100,6.3600,6.2300,6.2400,1235100
20130827,6.4600,6.7000,6.3100,6.3100,4465300
20130828,6.4700,6.6400,6.3500,6.3900,4343200
20130829,6.6700,6.6700,6.3300,6.4600,5071400
20130830,6.5200,6.9700,6.4000,6.6800,5915800
20130902,6.4000,6.5700,6.2200,6.4500,2452500
20130903,6.4200,6.5000,6.3200,6.3800,1890500
20130904,6.4500,6.5900,6.4100,6.4500,2107500
20130905,6.6900,6.7400,6.3400,6.4300,4382300
20130906,6.5700,6.6700,6.5000,6.6700,2568100
20130909,6.6500,6.9100,6.4800,6.6000,4742000
20130910,6.7500,6.8500,6.5000,6.6000,4052900
20130911,6.5700,6.7500,6.5400,6.6700,2973700
20130912,6.5600,6.6500,6.5200,6.5600,1862400
20130913,6.7000,6.7400,6.5200,6.5300,3217300
20130916,6.6400,6.7500,6.6000,6.7000,2131900
20130917,6.6900,6.9300,6.6100,6.6100,5523500
20130918,6.7900,6.8000,6.5600,6.6000,2394400
20130920,6.7900,6.7900,6.7900,6.7900,0
20130923,6.9400,7.1200,6.8100,6.8100,4117800
20130924,6.9400,6.9800,6.7700,6.8800,2770600
20130925,6.7900,6.9600,6.7700,6.9100,2182100
20130926,6.5400,6.7900,6.5400,6.7900,2093000
20130927,6.5900,6.6000,6.5100,6.5400,1185700
20130930,6.6200,6.6800,6.5600,6.6000,1702500
20131001,6.6200,6.6200,6.6200,6.6200,0
20131002,6.6200,6.6200,6.6200,6.6200,0
20131003,6.6200,6.6200,6.6200,6.6200,0
20131004,6.6200,6.6200,6.6200,6.6200,0
20131007,6.6200,6.6200,6.6200,6.6200,0
20131008,6.6900,6.7100,6.5100,6.6200,1766600
20131009,6.8000,6.8400,6.6200,6.6800,2373500
20131010,6.9800,7.2500,6.7400,6.7900,5784400
20131011,7.0600,7.1400,6.8600,6.9300,4254100
20131014,6.9900,7.2200,6.9700,7.0600,3145200
20131015,7.0700,7.0900,6.7800,6.9400,3672600
20131016,6.8300,7.0000,6.7800,7.0000,1938600
20131017,6.7700,6.8900,6.7400,6.8900,1612100
20131018,6.8700,6.8800,6.7500,6.8200,1022400
20131021,7.0000,7.0500,6.8500,6.8500,2111500
20131022,6.8200,7.0200,6.8000,7.0000,2062800
20131023,6.5500,6.8400,6.5300,6.8400,2722400
20131024,6.5500,6.7600,6.4100,6.5000,1794000
20131025,6.4000,6.5800,6.3300,6.5800,1815400
20131028,6.4300,6.4700,6.4000,6.4000,888600
20131029,6.1500,6.4700,6.0200,6.4300,1208700
20131030,6.2900,6.2900,6.1100,6.1500,1078700
20131031,6.2600,6.3300,6.2000,6.2800,957000
20131101,6.2100,6.2600,6.1500,6.2600,702200
20131104,6.2400,6.2700,6.1900,6.1900,414000
20131105,6.2900,6.2900,6.1100,6.2600,760200
20131106,6.2000,6.3500,6.2000,6.2900,680700
20131107,6.1700,6.2500,6.1500,6.1600,787500
20131108,6.1700,6.2400,6.0700,6.1700,791400
20131111,6.1800,6.2000,6.0800,6.1100,640800
20131112,6.3500,6.3700,6.1600,6.2400,1327900
20131113,6.2000,6.3000,6.1800,6.3000,750500
20131114,6.2600,6.2900,6.1400,6.1900,667900
20131115,6.3300,6.4200,6.2600,6.2600,1665900
20131118,6.5800,6.6700,6.3800,6.3800,3293100
20131119,6.6500,6.7900,6.5100,6.5600,2919600
20131120,6.6200,6.6500,6.5200,6.6000,1914200
20131121,6.6500,6.7500,6.4700,6.5600,2155900
20131122,6.5200,6.6700,6.5000,6.6700,1142100
20131125,6.5500,6.7100,6.4000,6.4800,1438500
20131126,6.7200,6.7200,6.5100,6.5500,1438900
20131127,6.7100,6.7500,6.6300,6.7000,1232200
20131128,6.7500,6.8400,6.6700,6.7200,1633200
20131129,6.7600,6.8000,6.6800,6.7200,1740700
20131202,6.2000,6.6300,6.1700,6.6000,2238100
20131203,6.3400,6.4100,6.1800,6.2500,1522700
20131204,6.4800,6.5700,6.3100,6.3200,1241500
20131205,6.5300,6.6500,6.4700,6.4900,1172800
20131206,6.5800,6.6300,6.4500,6.4800,1221700
20131209,6.6200,6.6600,6.5500,6.6000,1333600
20131210,6.8600,7.1600,6.6100,6.6100,5769000
20131211,6.7900,6.9300,6.7100,6.8300,2612800
20131212,6.9700,7.0800,6.7400,6.7900,4006200
20131213,6.8000,7.0500,6.7500,6.8800,2378100
20131216,6.7100,6.8700,6.6500,6.7500,1571600
20131217,6.6900,6.8300,6.6500,6.6600,1410000
20131218,6.9600,6.9700,6.7100,6.7900,2771000
20131219,6.7200,7.1500,6.7100,7.0600,2584900
20131220,6.4100,6.6600,6.3300,6.6200,2536900
20131223,6.2800,6.4100,6.1800,6.4000,1300500
20131224,6.4000,6.4500,6.3100,6.3300,853800
20131225,6.5000,6.5000,6.3500,6.3500,796600
20131226,6.3100,6.5500,6.3000,6.4600,1057900
20131227,6.4500,6.4700,6.3100,6.3500,588100
20131230,6.5300,6.5800,6.4400,6.4400,841000
20131231,6.5500,6.5700,6.4300,6.4500,658600
20140101,6.5500,6.5500,6.5500,6.5500,0
20140102,6.6200,6.6300,6.4500,6.5300,889000
20140103,6.5900,6.6300,6.4800,6.6200,765300
20140106,6.3000,6.5900,6.2600,6.5900,904000
20140107,6.3500,6.4200,6.2100,6.2500,575600
20140108,6.3500,6.4200,6.3300,6.4000,664000
20140109,6.2000,6.4600,6.1900,6.3800,879100
20140110,6.0000,6.2300,5.9600,6.2000,993500
20140113,6.0300,6.0700,5.9500,6.0000,646300
20140114,6.1600,6.1700,5.9600,5.9600,573100
20140115,6.1800,6.2200,6.1100,6.2000,477000
20140116,6.2200,6.3100,6.1600,6.1600,565600
20140117,6.1900,6.2500,6.1300,6.2100,428500
20140120,6.1300,6.2000,6.1000,6.1200,348700
20140121,6.2300,6.2400,6.1200,6.1300,401700
20140122,6.3900,6.4000,6.2000,6.2500,1289800
20140123,6.3800,6.4400,6.3500,6.3800,683900
20140124,6.6000,6.6000,6.3700,6.3800,1617500
20140127,6.5100,6.5500,6.4100,6.5500,1070500
20140128,6.4700,6.5700,6.4000,6.5300,845900
20140129,6.5300,6.5500,6.3900,6.4400,969600
20140130,6.5000,6.5900,6.4600,6.4900,459400
20140131,6.5000,6.5000,6.5000,6.5000,0
20140203,6.5000,6.5000,6.5000,6.5000,0
20140205,6.5000,6.5000,6.5000,6.5000,0
20140206,6.5000,6.5000,6.5000,6.5000,0
20140207,6.6000,6.6500,6.4100,6.4300,1147300
20140210,6.7100,6.7200,6.5600,6.5800,1876900
20140211,6.7200,6.7500,6.6300,6.7100,1527600
20140212,6.7700,6.7900,6.6700,6.7200,1960300
20140213,6.7000,6.8000,6.7000,6.7700,1412900
20140214,6.7900,6.7900,6.6600,6.7000,1449800
20140217,6.8800,6.9300,6.8000,6.8000,1805400
20140218,6.8800,7.0000,6.8500,6.9400,2304400
20140219,6.8500,6.9300,6.7600,6.8500,1607100
20140220,6.8500,7.1900,6.7400,6.8600,3813500
20140221,6.7100,6.9000,6.6600,6.8300,1799700
20140224,6.8000,6.8000,6.6600,6.7200,1210100
20140225,6.5000,6.9200,6.4800,6.7600,1782400
