20130226,6.3000,6.4500,6.2300,6.3500,29527000
20130227,6.5000,6.5200,6.3100,6.3400,40418200
20130228,6.6400,6.6900,6.4900,6.5000,45977400
20130301,6.5000,6.6700,6.4000,6.6500,58499300
20130304,5.8500,6.1500,5.8500,5.9200,137352400
20130305,5.8500,5.8900,5.7000,5.8100,58164200
20130306,5.8400,5.9400,5.7900,5.8600,62924900
20130307,5.8600,5.9500,5.8000,5.8300,50702700
20130308,5.8500,5.9100,5.8300,5.8800,20513400
20130311,5.9600,6.0000,5.8500,5.8900,51622300
20130312,5.9500,6.0600,5.8700,5.9800,47638700
20130313,5.7700,5.9100,5.7500,5.9000,43813000
20130314,5.8300,5.8500,5.7800,5.8000,19871400
20130315,5.7500,5.9200,5.7000,5.8300,31365600
20130318,5.8400,5.9300,5.7100,5.7300,26820000
20130319,5.9800,5.9900,5.8300,5.8800,33900400
20130320,6.1000,6.1400,5.9500,5.9800,67129000
20130321,6.0100,6.1300,6.0000,6.1200,38594000
20130322,6.0900,6.1600,6.0400,6.0400,38569700
20130325,6.0600,6.1200,6.0300,6.1200,29497200
20130326,6.0100,6.1600,5.9500,6.0500,37588500
20130327,6.0300,6.0900,6.0000,6.0200,23984100
20130328,5.8300,5.9900,5.7600,5.9900,31445600
20130329,5.8100,5.9000,5.8000,5.8500,17602300
20130401,5.8900,6.0400,5.7600,5.8300,31040400
20130402,5.9300,6.0500,5.8800,5.9300,27062700
20130403,5.8700,5.9700,5.7700,5.9100,29163500
20130404,5.8700,5.8700,5.8700,5.8700,0
20130405,5.8700,5.8700,5.8700,5.8700,0
20130408,5.7500,5.8300,5.7000,5.7500,36759400
20130409,5.7900,5.8300,5.7600,5.7700,22617000
20130410,5.7500,5.8200,5.7300,5.7900,22771900
20130411,5.7400,5.8100,5.7300,5.7900,19015000
20130412,5.8400,5.9100,5.7700,5.8000,57777600
20130415,5.8000,5.9000,5.7400,5.8500,33395300
20130416,6.0200,6.0300,5.7500,5.7900,70478000
20130417,6.0400,6.1100,5.9700,6.0600,44240100
20130418,6.0500,6.1600,5.9800,5.9900,39414000
20130419,6.1100,6.1400,6.0400,6.0900,63226700
20130422,6.0000,6.0800,5.9600,6.0800,39802200
20130423,5.7900,6.0000,5.7800,6.0000,46518100
20130424,5.8300,5.8900,5.7800,5.8100,50416500
20130425,5.7500,5.8400,5.7000,5.8400,45420000
20130426,5.7600,5.8100,5.7300,5.7500,30445100
20130429,5.7600,5.7600,5.7600,5.7600,0
20130430,5.7600,5.7600,5.7600,5.7600,0
20130501,5.7600,5.7600,5.7600,5.7600,0
20130502,5.8800,5.8900,5.7800,5.7800,32879400
20130503,5.9000,6.0200,5.8600,5.8800,49207000
20130506,5.9200,5.9500,5.8600,5.9100,28927700
20130507,5.9800,6.0200,5.9100,5.9300,41723600
20130508,5.9500,6.0700,5.9300,6.0500,31901500
20130509,5.8400,5.9500,5.7900,5.9500,42088500
20130510,5.9000,5.9300,5.8000,5.8200,24108900
20130513,5.8700,5.9400,5.8400,5.9000,16914500
20130514,5.8000,5.8800,5.7500,5.8700,30083800
20130515,6.1900,6.3800,5.9200,5.9200,166549600
20130516,6.3100,6.3700,6.1200,6.1500,86154400
20130517,6.5400,6.5700,6.3300,6.3300,110208096
20130520,6.5000,6.6600,6.4500,6.6300,87990496
20130521,6.5600,6.5900,6.4200,6.4800,58436900
20130522,6.4900,6.7300,6.4000,6.5600,75753800
20130523,6.3900,6.6300,6.3600,6.4700,73191400
20130524,6.4000,6.5000,6.3000,6.4200,41079700
20130527,6.3900,6.4200,6.3100,6.3800,39850500
20130528,6.5700,6.5900,6.3300,6.4000,48690200
20130529,6.6000,6.7700,6.5700,6.5800,67637296
20130530,6.5500,6.6400,6.5100,6.5600,29457200
20130531,6.4300,6.6100,6.4000,6.5700,36250500
20130603,6.4500,6.5400,6.3900,6.4000,22901100
20130604,6.3800,6.5200,6.3700,6.4300,41415300
20130605,6.3800,6.4200,6.3100,6.3700,21833800
20130606,6.1900,6.3900,6.1200,6.3500,38017200
20130607,6.1100,6.2200,6.0000,6.1500,30127900
20130610,6.1100,6.1100,6.1100,6.1100,0
20130611,6.1100,6.1100,6.1100,6.1100,0
20130612,6.1100,6.1100,6.1100,6.1100,0
20130613,5.9000,6.0700,5.8200,6.0500,35836100
20130614,5.9600,5.9600,5.8700,5.9300,24523700
20130617,5.8100,5.9700,5.7700,5.9500,37545900
20130618,5.8900,5.9100,5.8000,5.8200,20543000
20130619,5.7600,5.8600,5.7100,5.8600,28770700
20130620,5.5200,5.7900,5.5000,5.7300,28769000
20130621,5.5600,5.5900,5.3900,5.4700,29893700
20130624,5.0600,5.5300,5.0000,5.5200,83234200
20130625,4.9100,5.0400,4.5500,5.0000,60572500
20130626,4.9500,5.0100,4.9100,4.9700,40782400
20130627,5.0100,5.1200,4.9900,5.0400,38380300
20130628,5.1700,5.3700,4.9000,5.0300,71749800
20130701,5.1800,5.2200,5.0700,5.1500,30866700
20130702,5.0500,5.2000,4.9800,5.2000,41164100
20130703,4.9400,5.0300,4.8400,5.0300,29048000
20130704,5.0100,5.0900,4.8700,4.9000,38813300
20130705,5.0400,5.4300,5.0000,5.0000,66606700
20130708,5.1200,5.2200,4.9700,5.0500,53290200
20130709,5.0300,5.1400,4.9900,5.1100,22400700
20130710,5.2600,5.2700,5.0200,5.0300,46880200
20130711,5.7000,5.7800,5.3400,5.3500,105426800
20130712,5.5900,5.8500,5.5800,5.7000,77096800
20130715,5.6900,5.7700,5.5900,5.7500,45025700
20130716,5.7100,5.7700,5.5300,5.6800,43097200
20130717,5.6100,5.7800,5.5500,5.6500,55105300
20130718,5.5600,5.6700,5.5300,5.6400,34827700
20130719,5.4000,5.6000,5.3400,5.6000,54034900
20130722,5.4400,5.4400,5.3300,5.3700,22626100
20130723,5.7600,5.8300,5.4300,5.4400,66257700
20130724,5.7100,5.7400,5.5800,5.7000,39065700
20130725,5.6800,5.8200,5.6700,5.7700,26671300
20130726,5.7000,5.7200,5.5900,5.6300,16164100
20130729,5.5500,5.6700,5.5300,5.6400,26983700
20130730,5.7400,5.9800,5.5500,5.6000,52895100
20130731,5.9500,6.2000,5.9100,6.0300,74812896
20130801,6.1100,6.2300,5.9400,5.9500,37663900
20130802,6.1100,6.3600,6.0900,6.2600,49746700
20130805,6.0600,6.1100,5.9900,6.1100,29777600
20130806,6.1000,6.1400,5.9900,6.0100,25317700
20130807,6.2600,6.3800,6.1700,6.1700,52742000
20130808,6.0700,6.2700,6.0100,6.2000,25730000
20130809,6.1000,6.2200,6.0200,6.1400,21395000
20130812,6.3000,6.4000,6.1500,6.1900,33969700
20130813,6.2900,6.4000,6.2400,6.3000,18923900
20130814,6.2900,6.4200,6.2500,6.3000,24101000
20130815,6.1100,6.3300,6.1100,6.2900,16084000
20130816,6.1100,6.4300,6.0700,6.1500,45994100
20130819,6.2300,6.2600,6.0500,6.1100,27503600
20130820,6.1900,6.3000,6.1200,6.2300,22890100
20130821,6.0200,6.2000,6.0000,6.1900,33055900
20130822,5.9200,6.0900,5.9100,6.0400,35697600
20130823,5.7700,5.9800,5.6000,5.9500,45799100
20130826,5.9700,5.9800,5.7100,5.7900,31147500
20130827,6.0100,6.1000,5.9500,5.9500,23924000
20130828,5.8400,6.0000,5.8000,6.0000,36070300
20130829,5.7900,5.8800,5.7200,5.8400,29608400
20130830,5.7700,5.8000,5.6300,5.7500,30173200
20130902,5.7200,5.8100,5.6600,5.7600,24402900
20130903,5.9500,5.9500,5.7000,5.7500,47753100
20130904,5.9300,6.0000,5.8900,5.9500,27901400
20130905,5.9900,6.1000,5.9000,5.9300,41940200
20130906,5.8500,6.0800,5.7900,5.9900,46483200
20130909,6.0700,6.1500,5.8200,5.8600,64498800
20130910,6.2100,6.2300,6.1100,6.1200,57574600
20130911,6.2700,6.4300,6.2000,6.2800,73439504
20130912,6.3300,6.3700,6.1600,6.2500,51616700
20130913,6.2700,6.4900,6.2600,6.3900,54974200
20130916,6.1700,6.3500,6.1000,6.3400,27545300
20130917,5.9800,6.1900,5.9600,6.1800,37321500
20130918,6.0700,6.0900,5.9600,6.0100,25280300
20130920,6.0700,6.0700,6.0700,6.0700,0
20130923,6.0800,6.1200,6.0300,6.1100,32604900
20130924,5.8900,6.0600,5.8000,6.0600,59315200
20130925,5.9200,6.0500,5.8600,5.9100,44558700
20130926,5.7900,5.9300,5.7800,5.8700,26790200
20130927,5.7400,5.8400,5.7100,5.8000,23485500
20130930,5.8000,5.8300,5.7500,5.7700,15778700
20131001,5.8000,5.8000,5.8000,5.8000,0
20131002,5.8000,5.8000,5.8000,5.8000,0
20131003,5.8000,5.8000,5.8000,5.8000,0
20131004,5.8000,5.8000,5.8000,5.8000,0
20131007,5.8000,5.8000,5.8000,5.8000,0
20131008,6.0600,6.1000,5.7700,5.8000,43184200
20131009,6.0400,6.1000,5.9900,6.0600,29297000
20131010,6.2800,6.4100,5.9000,6.0600,84486400
20131011,6.3300,6.4200,6.2400,6.2800,51764200
20131014,6.1200,6.3300,5.9500,6.3300,56486100
20131015,6.2000,6.3400,6.1200,6.2000,49427100
20131016,6.0900,6.1900,5.9800,6.1900,28604600
20131017,5.9900,6.1300,5.9800,6.0900,32078700
20131018,6.0900,6.1900,6.0000,6.0300,29625100
20131021,6.0900,6.1400,5.9800,6.1100,30290500
20131022,6.1100,6.2600,6.0900,6.1900,37658100
20131023,6.1200,6.2400,6.1000,6.1800,35018500
20131024,6.2800,6.3200,6.0400,6.1400,66815400
20131025,6.1000,6.3100,6.0300,6.2800,33185500
20131028,5.8400,6.1400,5.8200,6.1100,56380600
20131029,5.7700,5.9300,5.5800,5.8600,62071500
20131030,5.8100,5.8400,5.7100,5.7500,37364300
20131031,5.9000,6.1800,5.8400,5.9800,90459200
20131101,5.9700,6.0200,5.8300,5.8500,25892600
20131104,5.9300,6.0600,5.8900,6.0000,22772200
20131105,5.9300,5.9600,5.8500,5.9000,18915400
20131106,5.8500,5.9400,5.8300,5.9000,24767000
20131107,5.8500,5.8800,5.8000,5.8500,12329300
20131108,5.6700,5.8900,5.6000,5.8500,27636800
20131111,5.5200,5.7000,5.5000,5.6700,32315700
20131112,5.5700,5.5800,5.4900,5.5300,19545700
20131113,5.5100,5.5800,5.4600,5.5700,16565700
20131114,5.5600,5.5800,5.4700,5.5400,12087200
20131115,5.6100,5.7600,5.5300,5.5500,32126300
20131118,5.7800,5.8000,5.5700,5.6200,43775200
20131119,5.8000,5.8700,5.7000,5.7400,26366200
20131120,5.7600,5.8800,5.6800,5.8800,36194600
20131121,5.5700,5.7000,5.5300,5.7000,56560000
20131122,5.4000,5.5800,5.3600,5.5800,67389696
20131125,5.4000,5.4600,5.3000,5.3500,30180700
20131126,5.3600,5.4400,5.3300,5.4100,20022400
20131127,5.3900,5.4000,5.2800,5.3600,35131200
20131128,5.4700,5.5300,5.3700,5.3900,31665800
20131129,5.4500,5.5000,5.4400,5.4900,16837900
20131202,5.3400,5.4800,5.3300,5.4100,25208800
20131203,5.4100,5.4300,5.3200,5.3300,14208700
20131204,5.4700,5.5500,5.3700,5.4100,33352000
20131205,5.4800,5.5300,5.4600,5.4900,20948100
20131206,5.4900,5.5100,5.4600,5.4800,15126500
20131209,5.4500,5.5500,5.4300,5.5300,20189700
20131210,5.4900,5.5100,5.4300,5.4600,21153900
20131211,5.4100,5.4900,5.3900,5.4900,25330600
20131212,5.4200,5.4500,5.4000,5.4100,13013100
20131213,5.4400,5.5000,5.3800,5.3900,21159300
20131216,5.4200,5.4800,5.4000,5.4700,23621800
20131217,5.4000,5.4600,5.3900,5.4500,11720200
20131218,5.3200,5.4100,5.2800,5.3800,24328200
20131219,5.2800,5.3500,5.2400,5.3400,17336200
20131220,5.1700,5.3000,5.1400,5.2800,26925600
20131223,5.1000,5.1900,5.0500,5.1700,22543200
20131224,5.1200,5.2300,5.1000,5.1200,22035800
20131225,5.2300,5.2300,5.1100,5.1500,19788100
20131226,5.1100,5.2200,5.0900,5.1900,18196100
20131227,5.2200,5.2500,5.0900,5.1300,43383200
20131230,5.1600,5.2300,5.0800,5.2200,44968200
20131231,5.3000,5.3000,5.1000,5.1000,44594800
20140101,5.3000,5.3000,5.3000,5.3000,0
20140102,5.2600,5.3200,5.2500,5.2600,15969600
20140103,5.1500,5.2700,5.1200,5.2200,21983300
20140106,4.9800,5.1600,4.9300,5.1500,34481800
20140107,4.9600,5.0000,4.9200,4.9200,18239500
20140108,4.9400,5.0200,4.9000,4.9700,19330500
20140109,4.8400,4.9700,4.7900,4.9200,27161200
20140110,4.8600,4.8700,4.7900,4.8500,18961900
20140113,4.7200,4.8600,4.6400,4.8600,25989300
20140114,4.7100,4.7600,4.5400,4.7000,37647300
20140115,4.5800,4.7100,4.5500,4.6900,77417000
20140116,4.6700,4.6800,4.5400,4.5900,40466900
20140117,4.6600,4.6800,4.6000,4.6300,20323700
20140120,4.6000,4.6900,4.5800,4.6600,20058300
20140121,4.7200,4.7800,4.6000,4.6200,27526000
20140122,5.0300,5.0300,4.7000,4.7300,51466800
20140123,5.0200,5.0500,4.9300,5.0000,24757100
20140124,5.0600,5.2200,4.9800,5.0000,44308400
20140127,4.8600,5.0100,4.8300,5.0100,37235100
20140128,4.9100,4.9200,4.8200,4.8600,21899300
20140129,4.8700,4.9100,4.8700,4.9000,12531400
20140130,4.9000,5.0000,4.7600,4.8700,23247100
20140131,4.9000,4.9000,4.9000,4.9000,0
20140203,4.9000,4.9000,4.9000,4.9000,0
20140205,4.9000,4.9000,4.9000,4.9000,0
20140206,4.9000,4.9000,4.9000,4.9000,0
20140207,4.9100,4.9800,4.7700,4.8600,26031100
20140210,5.0000,5.0400,4.9200,4.9400,37964800
20140211,4.9900,5.0500,4.9400,4.9900,38211100
20140212,4.9600,5.0300,4.8900,5.0000,46164700
20140213,4.9200,5.0000,4.8600,4.9300,37717200
20140214,4.9300,4.9500,4.8700,4.9200,29148700
20140217,4.9400,4.9800,4.8900,4.9400,37018700
20140218,4.8500,4.9300,4.8100,4.9300,39680900
20140219,4.9400,5.0500,4.8200,4.8300,56353200
20140220,4.9800,5.0700,4.9400,4.9900,76041696
20140221,4.9000,5.0000,4.8600,4.9600,35351300
20140224,4.6300,4.8600,4.5600,4.8600,56604400
20140225,4.5300,4.6600,4.5100,4.6500,54843000
