20130226,7.9300,8.1000,7.8500,7.9500,13007800
20130227,7.7600,7.9800,7.7100,7.9200,12141900
20130228,7.8800,7.8900,7.7500,7.7600,9877900
20130301,8.1000,8.1000,7.8900,7.9000,16471600
20130304,7.8500,8.1200,7.8000,8.1200,13899400
20130305,8.0600,8.0700,7.8600,7.8700,11873600
20130306,8.2300,8.2900,8.0500,8.0600,19054300
20130307,8.0800,8.2700,7.9900,8.2700,14400100
20130308,7.9200,8.1000,7.9100,8.0700,8085300
20130311,7.9200,7.9700,7.8000,7.9200,5752800
20130312,7.6100,7.9900,7.3600,7.9100,11670600
20130313,7.3100,7.5900,7.2600,7.5900,8371000
20130314,7.3800,7.5100,7.2800,7.3000,5245900
20130315,7.4000,7.4900,7.3000,7.3900,5671600
20130318,7.4400,7.5700,7.3800,7.4000,5964800
20130319,7.2200,7.4800,7.0400,7.4000,6403000
20130320,7.4300,7.4400,7.2000,7.2000,5591800
20130321,7.4800,7.5600,7.3500,7.4400,7301700
20130322,7.7600,7.8400,7.4100,7.4600,13245500
20130325,7.6100,7.7900,7.5600,7.7000,8611500
20130326,7.4600,7.6500,7.4200,7.5900,5332300
20130327,7.5900,7.6400,7.4700,7.4900,6835600
20130328,7.2500,7.5800,7.2400,7.5800,6428700
20130329,7.2600,7.3600,7.2300,7.2600,3551300
20130401,7.9900,7.9900,7.9900,7.9900,7396400
20130402,8.6200,8.7900,8.2100,8.7900,77469104
20130403,9.4800,9.4800,8.8400,8.9000,93488704
20130404,9.4800,9.4800,9.4800,9.4800,0
20130405,9.4800,9.4800,9.4800,9.4800,0
20130408,9.0000,9.8500,8.5300,9.5000,109225400
20130409,8.3400,8.7000,8.2300,8.7000,54157700
20130410,8.3800,8.4700,8.1800,8.2800,31355400
20130411,8.6000,8.7800,8.1000,8.3400,49164100
20130412,8.1300,8.4500,8.1000,8.3900,24408400
20130415,8.2000,8.6600,8.1800,8.3300,28742400
20130416,7.9000,7.9800,7.6300,7.9500,22045700
20130417,8.0800,8.1100,7.8500,7.9400,16901700
20130418,7.9600,8.0500,7.8600,8.0000,13783600
20130419,8.0500,8.0900,7.8800,7.9200,17064600
20130422,8.1700,8.3400,8.0000,8.0100,21668400
20130423,7.8200,8.2600,7.8100,8.1100,16859100
20130424,7.8200,7.8900,7.6000,7.8900,14091100
20130425,7.5400,7.8000,7.5200,7.8000,12244100
20130426,7.4100,7.6600,7.3800,7.5000,9048000
20130429,7.4100,7.4100,7.4100,7.4100,0
20130430,7.4100,7.4100,7.4100,7.4100,0
20130501,7.4100,7.4100,7.4100,7.4100,0
20130502,7.3900,7.5000,7.3300,7.4100,5578700
20130503,7.6500,7.6800,7.4200,7.4200,9090700
20130506,7.6700,7.7300,7.5500,7.6600,8548100
20130507,7.6300,7.7200,7.5900,7.6400,8121700
20130508,7.7600,7.7900,7.6300,7.6300,11458600
20130509,7.5400,7.7400,7.4800,7.7200,12460500
20130510,7.8900,7.9900,7.5000,7.5200,19711600
20130513,7.8400,7.9800,7.7100,7.8600,15731300
20130514,7.8200,7.9300,7.7600,7.8200,11055200
20130515,7.8700,7.9200,7.7400,7.8400,8912300
20130516,7.9300,7.9300,7.7700,7.9100,12718300
20130517,7.9900,8.1000,7.9300,8.0400,17005400
20130520,7.9100,7.9800,7.7000,7.9800,18396900
20130521,8.1200,8.1300,7.8200,7.8700,25516400
20130522,8.0700,8.3100,8.0500,8.1800,21901100
20130523,7.9000,8.1500,7.8900,8.0600,12548800
20130524,7.8900,7.9400,7.8000,7.9000,8877100
20130527,7.9200,7.9400,7.6200,7.8000,13204500
20130528,7.8900,7.9400,7.7700,7.8800,9526900
20130529,8.0500,8.1000,7.9100,7.9100,17140400
20130530,8.1000,8.1400,7.9600,8.0200,15733500
20130531,8.0100,8.1900,8.0100,8.1900,12452800
20130603,8.0000,8.0700,7.8900,8.0100,10004200
20130604,7.7100,7.9900,7.6700,7.9900,10714700
20130605,7.7600,7.7900,7.6800,7.6800,4219100
20130606,7.5400,7.7500,7.5100,7.7500,7105700
20130607,7.3200,7.6200,7.3000,7.5100,6223000
20130610,7.3200,7.3200,7.3200,7.3200,0
20130611,7.3200,7.3200,7.3200,7.3200,0
20130612,7.3200,7.3200,7.3200,7.3200,0
20130613,7.1000,7.3200,6.9800,7.3200,5198900
20130614,7.1600,7.2400,7.1200,7.1200,3920700
20130617,7.2400,7.3000,7.1600,7.1600,3747800
20130618,7.2700,7.3500,7.2200,7.2500,2703500
20130619,7.1700,7.3200,7.0000,7.2900,3921000
20130620,6.9400,7.1900,6.9300,7.1700,4080400
20130621,6.7800,6.9000,6.6200,6.9000,4108500
20130624,6.1600,6.7800,6.1000,6.7800,6308800
20130625,6.1400,6.2500,5.5400,6.1400,8409100
20130626,6.3600,6.3700,6.0500,6.1500,7892400
20130627,6.2000,6.4900,6.2000,6.3600,8424200
20130628,6.2000,6.3000,6.0100,6.2000,4509200
20130701,6.1900,6.2400,5.9700,6.2000,6157700
20130702,6.3300,6.3400,6.1500,6.2000,5749700
20130703,6.4700,6.5800,6.2600,6.3400,11486600
20130704,6.4300,6.5200,6.3100,6.3800,7212200
20130705,6.3900,6.4900,6.3600,6.4300,4991700
20130708,6.1500,6.3000,6.0400,6.3000,4432700
20130709,6.1300,6.2400,6.0600,6.1400,2830800
20130710,6.3400,6.3400,6.1200,6.1300,4949700
20130711,6.6300,6.8500,6.3500,6.3700,14879900
20130712,6.4600,6.6400,6.4400,6.6300,8419600
20130715,6.6000,6.6700,6.4600,6.4800,6900100
20130716,6.6900,6.8000,6.6000,6.6000,7821200
20130717,6.6300,6.7700,6.6200,6.6600,7945100
20130718,6.5800,6.7100,6.5300,6.6000,6214700
20130719,6.4000,6.6600,6.3700,6.6000,4779900
20130722,7.0400,7.0400,6.5000,6.8000,28474500
20130723,6.9600,7.0600,6.8000,7.0000,20413000
20130724,7.1200,7.3800,6.8200,6.9000,24637500
20130725,6.8800,7.1200,6.8500,7.0600,12661700
20130726,6.7700,6.9500,6.7100,6.8400,6431800
20130729,6.6700,6.7700,6.6100,6.7000,5918700
20130730,6.7700,6.8300,6.6300,6.7100,6127100
20130731,6.7400,6.8700,6.6600,6.7900,5048000
20130801,6.8300,6.8400,6.6900,6.7100,7200300
20130802,6.8200,6.8800,6.7800,6.7800,6439600
20130805,7.0300,7.0500,6.7500,6.8100,10667300
20130806,7.0000,7.0800,6.9000,7.0200,9324300
20130807,6.9300,7.0500,6.9100,6.9500,6997300
20130808,7.0900,7.2400,6.9600,6.9900,15366100
20130809,7.0100,7.0900,6.9000,7.0400,8805500
20130812,7.1400,7.2500,7.0800,7.1500,11302000
20130813,7.1400,7.2000,7.0800,7.1900,6897800
20130814,7.0500,7.1400,7.0200,7.1200,7238200
20130815,6.9000,7.0700,6.8900,7.0500,6943300
20130816,6.7700,6.9800,6.7500,6.8300,8070000
20130819,6.8000,6.8400,6.6400,6.7000,4637600
20130820,6.7100,6.8300,6.6800,6.8100,5915900
20130821,6.7700,6.7700,6.6600,6.6600,3771700
20130822,6.7100,6.7700,6.6900,6.7600,4037300
20130823,6.6300,6.7400,6.5400,6.7000,4910500
20130826,6.7600,6.7700,6.6200,6.6400,4248600
20130827,6.9000,6.9200,6.7600,6.7900,7926100
20130828,6.8000,6.9100,6.7500,6.9100,5984000
20130829,6.7300,6.8400,6.6800,6.7900,5273700
20130830,6.7100,6.8200,6.6600,6.7200,5700700
20130902,6.7500,6.7600,6.6100,6.7100,4513500
20130903,6.8200,6.8200,6.6900,6.7500,5585400
20130904,6.8000,6.8500,6.7500,6.8200,4332900
20130905,6.9700,6.9700,6.7600,6.8000,13532600
20130906,6.9200,7.0100,6.8600,7.0000,8381700
20130909,6.9300,6.9600,6.8600,6.9000,8286800
20130910,6.9900,7.0100,6.8700,6.9200,10425700
20130911,6.9700,7.0300,6.9000,7.0000,10792400
20130912,7.1000,7.2900,6.9100,6.9700,19355900
20130913,6.9600,7.0700,6.9300,7.0700,8909800
20130916,6.9000,7.0300,6.9000,6.9700,6195800
20130917,6.8000,7.0200,6.8000,6.9000,5684600
20130918,6.8800,6.9000,6.7800,6.8000,3475400
20130920,6.8800,6.8800,6.8800,6.8800,0
20130923,7.0300,7.0300,6.9000,6.9000,7256500
20130924,7.0900,7.1500,6.9300,7.0400,8911500
20130925,7.8000,7.8000,7.0000,7.0700,43269900
20130926,7.7000,8.0000,7.6000,7.7300,49257300
20130927,7.6200,7.8900,7.5700,7.7700,21921100
20130930,7.6900,7.8000,7.3400,7.5800,19493500
20131001,7.6900,7.6900,7.6900,7.6900,0
20131002,7.6900,7.6900,7.6900,7.6900,0
20131003,7.6900,7.6900,7.6900,7.6900,0
20131004,7.6900,7.6900,7.6900,7.6900,0
20131007,7.6900,7.6900,7.6900,7.6900,0
20131008,7.5600,7.6700,7.4800,7.6000,12855100
20131009,7.8400,7.9600,7.5400,7.5700,26934000
20131010,7.6700,7.8300,7.5600,7.7500,16899200
20131011,7.7800,7.8500,7.5800,7.6900,14908800
20131014,7.8600,7.9900,7.7500,7.7900,20021800
20131015,8.4200,8.5800,7.8500,7.9700,46167300
20131016,8.0200,8.3300,7.9500,8.3200,27310000
20131017,7.8600,8.1500,7.8100,8.0700,18861100
20131018,7.8900,7.9800,7.7100,7.8900,9834800
20131021,8.0500,8.1000,7.8500,7.8900,14616500
20131022,7.7700,8.0400,7.7100,8.0300,15713600
20131023,7.5300,7.8900,7.5100,7.7700,12165200
20131024,7.6300,7.8400,7.6100,7.6500,9450400
20131025,7.4000,7.6600,7.3500,7.6000,9263700
20131028,7.5100,7.5900,7.4000,7.4800,5848500
20131029,7.1400,7.5000,6.8100,7.4900,10634800
20131030,7.2200,7.2200,7.0800,7.1500,6058800
20131031,7.4000,7.4600,7.0800,7.1600,8389100
20131101,7.3000,7.4100,7.2500,7.3000,5174100
20131104,7.3000,7.3900,7.2300,7.3500,3595100
20131105,7.2900,7.3000,7.0500,7.2500,6088000
20131106,7.4100,7.7500,7.3800,7.3800,14825600
20131107,7.2100,7.4500,7.1800,7.4200,7065900
20131108,7.1100,7.2000,6.9900,7.1800,5839600
20131111,7.1900,7.2000,7.0800,7.1200,4146500
20131112,7.2100,7.2100,7.1100,7.1500,4488400
20131113,7.0000,7.1600,6.9900,7.1100,5416900
20131114,7.0500,7.0800,6.8600,6.9200,4716100
20131115,7.1600,7.2200,7.0100,7.0100,6765000
20131118,7.3800,7.4100,7.1600,7.2100,10024600
20131119,7.5200,7.6300,7.2900,7.4000,15806100
20131120,7.4700,7.5000,7.3800,7.4400,7245900
20131121,7.3400,7.4400,7.2800,7.4100,7838800
20131122,7.3700,7.3800,7.3000,7.3300,5079100
20131125,7.3500,7.4700,7.2600,7.3000,5462200
20131126,7.4900,7.5100,7.2700,7.3400,9599600
20131127,7.5400,7.5500,7.4200,7.4400,8103500
20131128,7.5400,7.6200,7.5000,7.5300,10611600
20131129,7.5800,7.6400,7.5100,7.6000,7446600
20131202,7.1700,7.5300,7.0700,7.5300,10970700
20131203,7.3600,7.3900,7.2000,7.2000,5204000
20131204,7.5200,7.5500,7.3700,7.3900,9772400
20131205,7.6200,7.6900,7.4300,7.5300,14624300
20131206,7.5300,7.7000,7.5200,7.5500,8519300
20131209,7.6000,7.6600,7.5400,7.5500,7518000
20131210,7.5300,7.6500,7.5000,7.6100,6145100
20131211,7.3600,7.4900,7.2900,7.4900,6445900
20131212,7.6900,7.9700,7.3800,7.4000,29924100
20131213,7.6300,7.7000,7.5000,7.5500,12917300
20131216,7.4900,7.7200,7.4500,7.6800,10319400
20131217,7.6900,7.8700,7.5100,7.5100,16640300
20131218,8.0900,8.2700,7.6800,7.7200,39487700
20131219,7.9100,8.3600,7.8500,8.0300,39227900
20131220,8.0000,8.2300,7.8400,7.9400,29553800
20131223,8.3700,8.5600,8.1000,8.1300,46340300
20131224,7.9500,8.2600,7.9000,8.2300,29224000
20131225,7.7200,7.8000,7.5600,7.8000,26155900
20131226,7.4500,7.8200,7.4500,7.6500,18648700
20131227,7.6600,7.7100,7.3600,7.4100,16530700
20131230,7.5200,7.7200,7.5100,7.6800,11580700
20131231,7.5500,7.5600,7.4300,7.5000,10805800
20140101,7.5500,7.5500,7.5500,7.5500,0
20140102,7.5300,7.6300,7.4900,7.5500,8954300
20140103,7.6000,7.6200,7.3200,7.5300,14814000
20140106,7.4200,7.6500,7.4000,7.6000,10154000
20140107,7.5000,7.5600,7.3500,7.4200,7145700
20140108,7.5300,7.7900,7.4800,7.7500,14417300
20140109,7.5300,7.7500,7.4800,7.6300,15272200
20140110,7.0600,7.5100,7.0600,7.5100,13124900
20140113,6.8500,7.2000,6.7700,7.0900,10684800
20140114,7.0000,7.0000,6.8600,6.9000,5545800
20140115,7.0400,7.0900,6.9500,7.0200,6729100
20140116,7.1200,7.2200,6.9500,7.0500,7927000
20140117,7.1200,7.2200,7.0600,7.2200,6842500
20140120,7.4900,7.5900,7.0900,7.1300,16957700
20140121,7.4100,7.5800,7.3700,7.4300,14979100
20140122,7.4800,7.5100,7.3800,7.4100,11108500
20140123,7.5400,7.6000,7.4500,7.4800,11983800
20140124,7.6100,7.7500,7.5600,7.6700,14903200
20140127,7.5300,7.7500,7.5000,7.6500,13476700
20140128,7.8800,8.1800,7.6400,7.6500,31708300
20140129,7.8600,7.9100,7.7400,7.8000,14269000
20140130,7.8800,7.9400,7.7600,7.8400,10496900
20140131,7.8800,7.8800,7.8800,7.8800,0
20140203,7.8800,7.8800,7.8800,7.8800,0
20140205,7.8800,7.8800,7.8800,7.8800,0
20140206,7.8800,7.8800,7.8800,7.8800,0
20140207,7.8000,7.8600,7.6600,7.8600,11571700
20140210,7.9000,7.9300,7.8200,7.8200,16482300
20140211,7.8300,8.0800,7.7500,7.9300,16704400
20140212,7.8500,7.8700,7.6700,7.8500,13977200
20140213,7.6000,7.8400,7.5800,7.8400,13627200
20140214,7.7300,7.7600,7.6100,7.6400,8125700
20140217,7.8500,7.8700,7.7100,7.7900,12555600
20140218,7.7000,7.8600,7.6700,7.8500,12543500
20140219,7.9900,8.0500,7.7000,7.7000,30606800
20140220,7.8200,8.0400,7.7400,8.0000,16615700
20140221,7.8800,7.9400,7.7200,7.7900,10715200
20140224,8.0200,8.0300,7.7000,7.8900,21283000
20140225,7.7000,8.1800,7.6800,8.0200,25296600
