20130226,3.3700,3.4200,3.3500,3.3900,5054400
20130227,3.3700,3.4200,3.3500,3.3800,4578600
20130228,3.4400,3.4500,3.3600,3.3800,5739000
20130301,3.4000,3.4600,3.3700,3.4400,9760400
20130304,3.1600,3.3800,3.1300,3.3800,20702800
20130305,3.2200,3.2400,3.1500,3.1700,7561400
20130306,3.3200,3.3600,3.2200,3.2300,16922200
20130307,3.2700,3.3200,3.2600,3.3200,9517400
20130308,3.2500,3.2900,3.2300,3.2700,6672500
20130311,3.2600,3.2800,3.2100,3.2500,4303500
20130312,3.1900,3.2900,3.1600,3.2600,6452500
20130313,3.1400,3.1900,3.1300,3.1700,5051700
20130314,3.1700,3.2000,3.1300,3.1500,3174400
20130315,3.1600,3.2100,3.1100,3.1700,5431300
20130318,3.1100,3.1800,3.0900,3.1500,4830800
20130319,3.1600,3.1600,3.1000,3.1100,4682200
20130320,3.2300,3.2300,3.1500,3.1500,5214900
20130321,3.2400,3.2600,3.2100,3.2300,6487200
20130322,3.2700,3.2800,3.2200,3.2300,6187000
20130325,3.2800,3.3100,3.2500,3.2800,6084800
20130326,3.2600,3.3100,3.2200,3.3000,5811700
20130327,3.2600,3.3000,3.2500,3.2600,4939700
20130328,3.1500,3.2500,3.1500,3.2500,7467000
20130329,3.1600,3.1700,3.1400,3.1500,2983700
20130401,3.2000,3.2300,3.1500,3.1600,4346400
20130402,3.2600,3.2600,3.1800,3.1900,5708800
20130403,3.1800,3.2700,3.1500,3.2600,5973200
20130404,3.1800,3.1800,3.1800,3.1800,0
20130405,3.1800,3.1800,3.1800,3.1800,0
20130408,3.1600,3.1600,3.0800,3.1600,4538900
20130409,3.2000,3.2300,3.1400,3.1400,4508800
20130410,3.2800,3.3000,3.1900,3.2100,15660500
20130411,3.2800,3.3200,3.2600,3.3000,9183700
20130412,3.2900,3.3300,3.2500,3.2500,6247300
20130415,3.1900,3.2900,3.1700,3.2900,7469900
20130416,3.2400,3.2500,3.1200,3.1700,5091100
20130417,3.2700,3.2800,3.2300,3.2300,5136700
20130418,3.2500,3.3000,3.2300,3.2600,4066000
20130419,3.2900,3.3100,3.2500,3.2500,10108000
20130422,3.4200,3.4300,3.2500,3.2700,16864000
20130423,3.3500,3.4300,3.3100,3.4100,11220600
20130424,3.5100,3.6000,3.3400,3.3500,22067100
20130425,3.4900,3.5700,3.4500,3.4900,14247900
20130426,3.4100,3.5500,3.3700,3.4900,9210000
20130429,3.4100,3.4100,3.4100,3.4100,0
20130430,3.4100,3.4100,3.4100,3.4100,0
20130501,3.4100,3.4100,3.4100,3.4100,0
20130502,3.4800,3.5000,3.3600,3.3800,12365700
20130503,3.5100,3.5500,3.4600,3.4900,10819700
20130506,3.5000,3.5900,3.4900,3.5000,11503800
20130507,3.4000,3.4800,3.3900,3.4100,12600700
20130508,3.3700,3.4300,3.3200,3.4000,12293800
20130509,3.3300,3.3600,3.2700,3.3500,7581200
20130510,3.3500,3.3600,3.3000,3.3100,4924900
20130513,3.3600,3.3600,3.3000,3.3300,4677800
20130514,3.3600,3.4100,3.3300,3.3300,6194400
20130515,3.2900,3.3900,3.2700,3.3600,9582900
20130516,3.3400,3.3400,3.2400,3.2900,7105800
20130517,3.4000,3.4000,3.3100,3.3300,8376500
20130520,3.4400,3.4500,3.3500,3.4100,11894800
20130521,3.5300,3.5700,3.4500,3.4500,21822600
20130522,3.5100,3.5400,3.4800,3.5300,10588800
20130523,3.5400,3.6300,3.4800,3.4900,18034200
20130524,3.4800,3.5600,3.4000,3.5100,11287400
20130527,3.4900,3.5300,3.4500,3.4700,6599300
20130528,3.5200,3.5400,3.4600,3.5000,8164100
20130529,3.5100,3.5500,3.4900,3.5400,9071400
20130530,3.4600,3.5200,3.4400,3.5000,6872800
20130531,3.4300,3.4700,3.4200,3.4600,5861500
20130603,3.4300,3.4800,3.4200,3.4300,4895600
20130604,3.3700,3.4300,3.3600,3.4200,6043200
20130605,3.3800,3.4000,3.3600,3.3900,4081000
20130606,3.3300,3.3900,3.3200,3.3800,3859100
20130607,3.3400,3.3700,3.3000,3.3300,3823500
20130610,3.3400,3.3400,3.3400,3.3400,0
20130611,3.3400,3.3400,3.3400,3.3400,0
20130612,3.3400,3.3400,3.3400,3.3400,0
20130613,3.2200,3.3200,3.1900,3.3200,5259500
20130614,3.2300,3.2500,3.2100,3.2200,3448800
20130617,3.2100,3.2500,3.2000,3.2200,2753700
20130618,3.2200,3.2300,3.2000,3.2100,2221100
20130619,3.1300,3.2200,3.1000,3.2200,4586900
20130620,3.0500,3.1400,3.0500,3.1200,4561000
20130621,3.0300,3.0400,2.9600,3.0100,3068400
20130624,2.8500,3.0300,2.7600,3.0100,5358900
20130625,2.8400,2.8500,2.6500,2.8500,5440700
20130626,2.8700,2.8900,2.8200,2.8500,3264900
20130627,2.9200,2.9500,2.8600,2.8700,4239300
20130628,3.0200,3.1400,2.8700,2.9200,9577400
20130701,3.0800,3.1000,2.9900,3.0000,7414000
20130702,3.0500,3.0800,3.0100,3.0800,4067200
20130703,3.0800,3.1400,3.0200,3.0500,7594900
20130704,3.0600,3.1000,3.0300,3.0600,8459600
20130705,3.0000,3.0700,3.0000,3.0600,4780100
20130708,2.9000,2.9800,2.8900,2.9800,3238200
20130709,2.9500,2.9800,2.9000,2.9100,3089800
20130710,3.0200,3.0300,2.9500,2.9500,6538600
20130711,3.1000,3.1300,2.9900,3.0100,8646800
20130712,3.0900,3.1200,3.0500,3.1000,3921200
20130715,3.1200,3.1500,3.0900,3.1200,3877700
20130716,3.2300,3.2600,3.1000,3.1200,8414900
20130717,3.1500,3.2200,3.1400,3.2200,4083100
20130718,3.2000,3.3000,3.1000,3.1400,8953700
20130719,3.1800,3.2600,3.1200,3.2300,6928500
20130722,3.1800,3.1800,3.1100,3.1700,2870300
20130723,3.3800,3.4900,3.1600,3.1800,14356600
20130724,3.4500,3.4600,3.2800,3.3300,18024700
20130725,3.5600,3.7500,3.4800,3.4900,37530400
20130726,3.5800,3.6800,3.5300,3.5600,19882800
20130729,3.6900,3.8200,3.5400,3.5500,20262400
20130730,3.5800,3.7200,3.5100,3.7200,13618700
20130731,3.6000,3.6600,3.5500,3.6000,12740400
20130801,3.5900,3.6300,3.5400,3.6000,10608500
20130802,3.6000,3.6400,3.5400,3.6100,10197000
20130805,3.5200,3.6200,3.4800,3.6200,15822200
20130806,3.6900,3.6900,3.5000,3.5600,18151400
20130807,3.5500,3.6900,3.5300,3.6700,17319200
20130808,3.5200,3.6200,3.5000,3.5500,8330700
20130809,3.5400,3.5900,3.4800,3.5100,10245800
20130812,3.5900,3.6300,3.5300,3.5600,14199900
20130813,3.5500,3.6300,3.5500,3.6200,9310800
20130814,3.5500,3.5900,3.5200,3.5600,6861600
20130815,3.5700,3.6200,3.5300,3.5500,7450200
20130816,3.5000,3.6100,3.4900,3.5300,7261200
20130819,3.4900,3.5400,3.3400,3.4800,16639100
20130820,3.5300,3.7100,3.4400,3.4600,12498400
20130821,3.5100,3.5300,3.4700,3.5000,3561200
20130822,3.4800,3.5400,3.4600,3.5000,7189800
20130823,3.4000,3.5100,3.3700,3.4600,7493100
20130826,3.4600,3.4700,3.3800,3.4400,4933100
20130827,3.4600,3.4900,3.4300,3.4500,4968100
20130828,3.4200,3.4600,3.3900,3.4400,7208000
20130829,3.4400,3.4700,3.3800,3.4100,7909200
20130830,3.5200,3.5600,3.4200,3.4600,13005700
20130902,3.5300,3.5600,3.4600,3.5400,9131500
20130903,3.5700,3.6000,3.5100,3.5200,14008200
20130904,3.5400,3.6200,3.5300,3.6000,9376700
20130905,3.5200,3.5700,3.5100,3.5300,4954600
20130906,3.5000,3.5400,3.4900,3.5200,5895100
20130909,3.5400,3.5500,3.4600,3.4900,8194600
20130910,3.5600,3.5700,3.5200,3.5400,7410900
20130911,3.6200,3.6200,3.5400,3.5500,15679800
20130912,3.5700,3.6100,3.5500,3.6100,11565900
20130913,3.5300,3.5700,3.5000,3.5700,6309300
20130916,3.4500,3.5400,3.4500,3.5300,6664200
20130917,3.4300,3.4800,3.4100,3.4300,5145700
20130918,3.4500,3.4700,3.4000,3.4000,5249400
20130920,3.4500,3.4500,3.4500,3.4500,0
20130923,3.4800,3.4900,3.4200,3.4500,8847800
20130924,3.5200,3.6000,3.4900,3.5000,16879600
20130925,3.4900,3.5500,3.4800,3.5300,5307300
20130926,3.3800,3.4900,3.1500,3.4800,6425900
20130927,3.4200,3.4300,3.3900,3.4000,3493500
20130930,3.4500,3.4700,3.4100,3.4100,4395700
20131001,3.4500,3.4500,3.4500,3.4500,0
20131002,3.4500,3.4500,3.4500,3.4500,0
20131003,3.4500,3.4500,3.4500,3.4500,0
20131004,3.4500,3.4500,3.4500,3.4500,0
20131007,3.4500,3.4500,3.4500,3.4500,0
20131008,3.4800,3.4900,3.4300,3.4400,7455800
20131009,3.4200,3.4700,3.4000,3.4700,9240900
20131010,3.5000,3.5500,3.3800,3.4100,13954100
20131011,3.4800,3.4900,3.4400,3.4800,10902000
20131014,3.5200,3.5300,3.4700,3.4700,10148200
20131015,3.4900,3.5300,3.4300,3.5000,14067200
20131016,3.5200,3.6200,3.4300,3.5000,21085700
20131017,3.4700,3.5400,3.4500,3.5000,12668000
20131018,3.4900,3.5100,3.4300,3.4500,5381000
20131021,3.6100,3.6600,3.4800,3.5000,32172700
20131022,3.7500,3.7800,3.5400,3.5800,41927600
20131023,3.6200,3.7700,3.5900,3.6900,25609200
20131024,3.5600,3.6500,3.5500,3.5900,11433600
20131025,3.6300,3.7500,3.5400,3.5600,23816100
20131028,3.8500,3.8800,3.6300,3.6500,40591900
20131029,3.7000,3.8100,3.5500,3.8000,32642200
20131030,3.6900,3.7400,3.5600,3.7000,17925800
20131031,3.7900,3.8000,3.6300,3.7000,25229000
20131101,3.6200,3.7700,3.6000,3.7500,17058600
20131104,3.6600,3.7300,3.5800,3.5900,13087500
20131105,3.6600,3.6700,3.5800,3.6400,10037700
20131106,3.6700,3.7500,3.6200,3.6400,18190800
20131107,3.5700,3.6400,3.5500,3.6400,11335600
20131108,3.4400,3.5600,3.4100,3.5600,12459300
20131111,3.4500,3.4900,3.4100,3.4400,3458300
20131112,3.5200,3.6000,3.4300,3.4500,6261700
20131113,3.4200,3.5000,3.4100,3.5000,5550600
20131114,3.4500,3.5300,3.4100,3.4200,5359600
20131115,3.5400,3.5400,3.4300,3.4500,12489900
20131118,3.6000,3.6000,3.5100,3.5800,13175800
20131119,3.6000,3.6000,3.5400,3.5900,11360000
20131120,3.6600,3.6900,3.5800,3.5800,15818800
20131121,3.6300,3.7200,3.5800,3.6000,15664500
20131122,3.6100,3.6600,3.6000,3.6100,9888900
20131125,3.6000,3.6500,3.5700,3.6000,6667300
20131126,3.6300,3.6800,3.5800,3.5900,9999800
20131127,3.6400,3.6500,3.5900,3.6200,5955800
20131128,4.0000,4.0000,3.6300,3.6400,70197800
20131129,3.9900,4.0500,3.9000,4.0100,45098700
20131202,3.7800,3.9600,3.7300,3.9300,30932200
20131203,3.8600,3.8900,3.7500,3.7700,20871200
20131204,3.8100,3.9500,3.7400,3.8600,28198400
20131205,4.1800,4.1900,3.7800,3.8000,62130400
20131206,4.0300,4.1300,4.0100,4.1000,28456900
20131209,4.0600,4.1800,4.0200,4.0400,18809700
20131210,4.1900,4.3300,4.0400,4.0600,32466600
20131211,4.1600,4.3000,4.0900,4.1500,24002600
20131212,4.0700,4.1900,4.0600,4.1000,14765300
20131213,4.1000,4.1800,4.0200,4.0500,10107000
20131216,4.1200,4.2300,4.0600,4.1000,14586500
20131217,3.9500,4.1700,3.9300,4.1300,16555500
20131218,3.9200,4.0200,3.9200,3.9600,6706600
20131219,3.8600,3.9900,3.8600,3.9400,6812000
20131220,3.8000,3.8900,3.7700,3.8700,8693400
20131223,3.8200,3.8300,3.6600,3.7900,6577700
20131224,3.7800,3.8800,3.7600,3.8100,5859600
20131225,3.8500,3.8600,3.7400,3.7800,7867700
20131226,3.7100,3.8600,3.7100,3.8600,8549900
20131227,3.7200,3.7900,3.6900,3.7200,6979700
20131230,3.8000,3.8200,3.7400,3.7700,7125500
20131231,3.8600,3.8800,3.7600,3.7900,7403500
20140101,3.8600,3.8600,3.8600,3.8600,0
20140102,3.8400,3.8600,3.8100,3.8600,4527200
20140103,3.7700,3.8500,3.7100,3.8200,8347800
20140106,3.6700,3.7600,3.6500,3.7400,8103200
20140107,3.6800,3.7200,3.6400,3.6500,3301400
20140108,3.8700,3.9900,3.6800,3.7000,13112300
20140109,3.8800,3.9800,3.8200,3.8500,16714300
20140110,3.8700,4.0000,3.8400,3.8700,20750200
20140113,3.6700,3.9000,3.6500,3.8300,15194500
20140114,3.7300,3.8000,3.6200,3.6600,10732500
20140115,3.8900,3.8900,3.6900,3.7100,16694500
20140116,3.8400,3.9100,3.8300,3.8800,15176800
20140117,3.7600,3.8400,3.6900,3.8100,8551200
20140120,3.6900,3.7500,3.6700,3.7300,5032200
20140121,3.7500,3.7600,3.7000,3.7000,4790800
20140122,3.8100,3.8400,3.7200,3.7500,11486100
20140123,3.7800,3.8300,3.7500,3.8200,8142000
20140124,4.0600,4.0600,3.7200,3.7500,25831500
20140127,3.9500,4.0200,3.8900,4.0200,17982600
20140128,4.0000,4.0300,3.9200,3.9300,11095400
20140129,4.0000,4.0600,3.9600,4.0000,12633800
20140130,3.9600,4.0300,3.9400,3.9800,8060700
20140131,3.9600,3.9600,3.9600,3.9600,0
20140203,3.9600,3.9600,3.9600,3.9600,0
20140205,3.9600,3.9600,3.9600,3.9600,0
20140206,3.9600,3.9600,3.9600,3.9600,0
20140207,4.1200,4.1400,3.8800,3.9200,15198000
20140210,4.1500,4.1900,4.0800,4.0800,17666200
20140211,4.1400,4.2300,4.0900,4.1300,13571500
20140212,4.1600,4.1900,4.0800,4.1400,14162500
20140213,4.1700,4.2900,4.1100,4.1500,21059300
20140214,4.4000,4.5000,4.1700,4.1800,33810800
20140217,4.4500,4.5500,4.3400,4.4100,27552100
20140218,4.3800,4.4500,4.3000,4.4200,19282800
20140219,4.6300,4.8200,4.3400,4.3700,51116000
20140220,4.9500,5.0900,4.4300,4.6600,75821504
20140221,4.7800,5.0200,4.7100,4.8800,38541400
20140224,4.7700,4.8300,4.5900,4.7100,27606500
20140225,4.4800,4.8200,4.4600,4.7500,28125800
