20130226,8.1500,8.5000,8.1500,8.4300,2466000
20130227,8.0500,8.2100,7.9700,8.1500,2588400
20130228,8.2100,8.2200,8.0000,8.0800,1827100
20130301,8.2300,8.2500,8.0800,8.2500,2156600
20130304,7.7800,8.1900,7.6800,8.1900,2444800
20130305,7.9300,8.0300,7.7700,7.8300,1625800
20130306,8.1700,8.1700,7.9200,7.9300,2375000
20130307,8.1400,8.2000,8.0800,8.1600,1867400
20130308,8.2300,8.3100,8.1500,8.2100,2576700
20130311,8.1300,8.2100,8.1000,8.2100,947900
20130312,7.8700,8.1600,7.7800,8.1300,1981200
20130313,7.7600,7.9600,7.7100,7.9300,960200
20130314,7.7600,7.8100,7.7000,7.7000,850700
20130315,7.7500,7.9300,7.6800,7.7700,1299700
20130318,7.4900,7.7500,7.4500,7.7100,1920800
20130319,7.6500,7.6600,7.4800,7.5000,1083000
20130320,7.8600,7.9100,7.6200,7.6600,1532200
20130321,8.0500,8.0500,7.8100,7.8500,2428400
20130322,8.1100,8.1900,8.0200,8.0600,2270300
20130325,8.0700,8.1400,8.0000,8.1400,967800
20130326,7.9300,8.1000,7.8600,8.0600,1153800
20130327,8.0200,8.0800,7.8600,7.9300,1138600
20130328,7.7200,7.9100,7.7100,7.9100,1124100
20130329,7.8000,7.8100,7.7200,7.7200,673700
20130401,7.8200,7.8800,7.7400,7.8000,913500
20130402,8.1800,8.2500,7.7200,7.8200,1878300
20130403,8.2100,8.2700,8.0500,8.0800,2371100
20130404,8.2100,8.2100,8.2100,8.2100,0
20130405,8.2100,8.2100,8.2100,8.2100,0
20130408,8.2900,8.3200,7.9800,8.0900,2668200
20130409,8.2700,8.3500,8.2100,8.2900,1938200
20130410,8.2600,8.3300,8.1500,8.2300,1701200
20130411,8.0900,8.3600,8.0800,8.3100,1923600
20130412,7.8900,8.1700,7.8600,8.1300,1313800
20130415,7.6700,7.8900,7.5900,7.8900,1131000
20130416,7.7500,7.7800,7.5400,7.6700,813900
20130417,7.8200,7.8800,7.6800,7.7800,886600
20130418,7.7700,7.8900,7.7600,7.7800,787000
20130419,7.9700,8.0100,7.7700,7.8500,2130400
20130422,8.1700,8.1800,7.9100,7.9500,2626600
20130423,8.0600,8.1500,7.9200,8.0100,1843700
20130424,8.1600,8.3200,7.8300,7.9900,3373000
20130425,7.8100,8.1000,7.7900,8.1000,2712500
20130426,7.5600,7.8500,7.5500,7.7300,1107200
20130429,7.5600,7.5600,7.5600,7.5600,0
20130430,7.5600,7.5600,7.5600,7.5600,0
20130501,7.5600,7.5600,7.5600,7.5600,0
20130502,7.6400,7.6400,7.4000,7.5700,693800
20130503,7.7100,7.7700,7.6200,7.6500,864100
20130506,7.7600,7.7900,7.6900,7.7100,922800
20130507,7.7300,7.7800,7.7000,7.7800,743100
20130508,7.7900,7.8800,7.7400,7.7500,1102400
20130509,7.7100,7.8500,7.6600,7.8500,1200700
20130510,7.8600,7.8800,7.6700,7.6800,1465300
20130513,7.8600,7.9300,7.7900,7.8700,1154000
20130514,7.9400,7.9400,7.7200,7.9000,1359100
20130515,7.8800,7.9400,7.8400,7.9200,995200
20130516,7.9600,7.9600,7.8100,7.8700,1571200
20130517,8.2400,8.3300,7.9000,7.9800,3264000
20130520,8.2600,8.3600,8.1300,8.2500,2623200
20130521,8.2400,8.3100,8.2100,8.2600,1804400
20130522,8.3100,8.4000,8.1800,8.2400,2099200
20130523,8.2400,8.3400,8.1500,8.3100,1765500
20130524,8.3400,8.4800,8.2200,8.2300,2064400
20130527,8.3000,8.4500,8.2200,8.4200,1800000
20130528,8.4000,8.5400,8.3000,8.3700,4186900
20130529,8.6400,8.6800,8.3800,8.4300,4417400
20130530,8.5100,8.6900,8.4800,8.5800,2506700
20130531,8.5100,8.6200,8.4600,8.5200,2885700
20130603,8.5200,8.6400,8.4500,8.5200,1692600
20130604,8.2100,8.5400,8.1900,8.5200,1690800
20130605,8.2700,8.2900,8.0800,8.2100,1042500
20130606,8.1300,8.2900,8.0300,8.2800,893800
20130607,8.0000,8.1600,7.8600,8.1500,898800
20130610,8.0000,8.0000,8.0000,8.0000,0
20130611,8.0000,8.0000,8.0000,8.0000,0
20130612,8.0000,8.0000,8.0000,8.0000,0
20130613,7.7400,7.9600,7.6400,7.9600,692100
20130614,7.8100,7.9100,7.7200,7.8000,619300
20130617,8.2400,8.5200,8.0000,8.1100,3455200
20130618,8.2500,8.3500,8.0400,8.1100,1736000
20130619,8.3800,8.3800,8.0900,8.2300,1495700
20130620,8.3600,8.5500,8.2000,8.3700,2101900
20130621,8.3200,8.4200,7.9100,8.2100,1967800
20130624,7.7400,8.4500,7.7000,8.3200,3035400
20130625,7.4600,7.8000,6.9700,7.7100,2565100
20130626,7.3900,7.5300,7.1800,7.4700,2272900
20130627,7.2000,7.5400,7.2000,7.3900,2018700
20130628,7.1000,7.3100,6.9600,7.1100,1661600
20130701,7.2000,7.2000,7.0500,7.1200,1128600
20130702,7.5600,7.5600,7.1500,7.2100,2468700
20130703,7.5100,7.6900,7.2300,7.4800,1723000
20130704,7.5100,7.5500,7.3000,7.4000,1863700
20130705,7.4900,7.6000,7.4500,7.4500,1002400
20130708,7.2300,7.4500,7.2300,7.4500,886000
20130709,7.2500,7.2500,7.0300,7.0300,1686400
20130710,7.4000,7.4200,7.1900,7.2000,1525000
20130711,7.5500,7.6800,7.3500,7.4300,2395200
20130712,7.4900,7.6200,7.4200,7.4700,1373500
20130715,7.4200,7.4500,7.2600,7.4000,1798000
20130716,7.5800,7.5900,7.2900,7.3700,2049400
20130717,7.6300,7.7200,7.4600,7.5400,1981700
20130718,7.7900,7.8500,7.5500,7.6000,2653900
20130719,7.7200,7.8600,7.5800,7.7900,1961100
20130722,7.6300,7.7500,7.5800,7.6200,1050200
20130723,7.8000,7.8100,7.6300,7.6300,1848200
20130724,7.6800,7.8500,7.5800,7.8500,1088000
20130725,7.6200,7.7100,7.5900,7.6700,1049200
20130726,7.6100,7.6300,7.4900,7.5100,700000
20130729,7.4000,7.5800,7.3600,7.5100,764700
20130730,7.5600,7.6400,7.3100,7.3900,922600
20130731,7.5600,7.6200,7.5400,7.5900,562300
20130801,7.6800,7.7000,7.5200,7.5200,1396000
20130802,7.7200,7.8000,7.6300,7.6900,1016800
20130805,7.7800,7.7800,7.6500,7.7300,944400
20130806,7.7600,7.7900,7.6100,7.7800,1499200
20130807,7.8000,7.9000,7.6700,7.7000,1250200
20130808,7.8000,7.8800,7.7000,7.7800,701400
20130809,7.7800,7.9000,7.7100,7.8300,1026000
20130812,8.0500,8.0600,7.7200,7.7300,2568100
20130813,8.1000,8.1200,7.9300,8.0300,1290500
20130814,8.0100,8.0800,7.9300,8.0700,1827400
20130815,7.9400,8.0200,7.8700,8.0100,1031600
20130816,7.8100,8.0000,7.7800,7.8500,1031600
20130819,7.9100,7.9500,7.6900,7.7000,687500
20130820,7.9000,7.9800,7.8000,7.9800,766100
20130821,7.8900,7.9100,7.8000,7.8200,596200
20130822,8.0200,8.2600,7.8200,7.8200,1316900
20130823,8.0000,8.0800,7.5000,8.0200,1056300
20130826,7.9900,8.0500,7.9000,7.9500,687300
20130827,8.3500,8.3600,7.9000,8.0100,3501000
20130828,8.5700,8.6000,8.2500,8.3000,3669900
20130829,9.1000,9.2000,8.4000,8.5300,9228400
20130830,8.9600,9.1500,8.8100,8.8800,6327200
20130902,8.7600,9.1200,8.4200,8.9400,1942100
20130903,8.6600,8.7000,8.5300,8.7000,2301700
20130904,8.6000,8.6900,8.4700,8.6300,1962400
20130905,8.3800,8.6900,8.3000,8.6900,3102500
20130906,8.4400,8.5100,8.3200,8.3200,1736100
20130909,8.5300,8.5900,8.3300,8.3700,3263300
20130910,8.6600,8.7100,8.4000,8.4400,3136000
20130911,8.4200,8.6600,8.3800,8.5600,2066500
20130912,8.3400,8.5200,8.3300,8.4000,1258300
20130913,8.4700,8.4900,8.2600,8.4100,1626500
20130916,8.3200,8.4700,8.3100,8.4100,1935500
20130917,8.0700,8.3500,8.0200,8.3400,1084500
20130918,8.1200,8.1800,8.0700,8.0700,796800
20130920,8.1200,8.1200,8.1200,8.1200,0
20130923,8.1300,8.2300,8.0400,8.1200,3179500
20130924,8.0000,8.1900,7.9700,8.1300,4792700
20130925,7.9500,8.0300,7.9100,7.9900,3118700
20130926,8.0200,8.1500,7.8900,7.9100,2918500
20130927,8.0000,8.0900,7.9300,8.0200,1641100
20130930,8.0600,8.1000,7.9600,8.0000,1651800
20131001,8.0600,8.0600,8.0600,8.0600,0
20131002,8.0600,8.0600,8.0600,8.0600,0
20131003,8.0600,8.0600,8.0600,8.0600,0
20131004,8.0600,8.0600,8.0600,8.0600,0
20131007,8.0600,8.0600,8.0600,8.0600,0
20131008,8.2000,8.2300,8.0600,8.0600,1913000
20131009,8.1800,8.2400,8.1300,8.1900,2155600
20131010,8.2300,8.4600,8.1400,8.1700,3592800
20131011,8.2700,8.3500,8.2000,8.2200,2744700
20131014,8.3600,8.4800,8.2300,8.2500,2610300
20131015,8.3700,8.4000,8.2100,8.3800,1985300
20131016,8.2200,8.3900,8.1400,8.3800,1891200
20131017,8.1600,8.2900,7.8800,8.2700,2011600
20131018,8.1100,8.2400,8.0300,8.1200,1332500
20131021,8.1600,8.1700,8.0600,8.1600,1740600
20131022,8.2600,8.2800,8.1400,8.1400,2229900
20131023,8.0900,8.3400,8.0800,8.2700,1276100
20131024,8.0100,8.1400,7.9900,8.1000,1225100
20131025,7.7600,8.0600,7.7600,8.0600,1265700
20131028,7.8300,7.8900,7.6700,7.6700,649800
20131029,7.5100,7.8600,7.3800,7.7400,1506700
20131030,7.6300,7.6300,7.5000,7.5100,1216500
20131031,7.5400,7.6200,7.4600,7.6000,1496100
20131101,7.5200,7.5500,7.4000,7.5300,640900
20131104,7.6100,7.6100,7.3000,7.3000,970800
20131105,7.6300,7.6600,7.5000,7.5400,1124000
20131106,7.5500,7.7000,7.5500,7.6000,836600
20131107,7.4200,7.5600,7.3800,7.5500,1077600
20131108,7.3300,7.4500,7.2500,7.4200,863500
20131111,7.4300,7.4400,7.2800,7.3100,454200
20131112,7.4700,7.5200,7.3600,7.3700,593900
20131113,7.3100,7.4600,7.3000,7.4600,712000
20131114,7.3900,7.4100,7.2700,7.3100,556600
20131115,7.5500,7.5500,7.3800,7.4000,1618500
20131118,7.6500,7.6500,7.5100,7.5100,1506400
20131119,7.6100,7.6800,7.5800,7.6000,904200
20131120,7.6900,7.6900,7.5600,7.6400,1324000
20131121,7.6900,7.7500,7.5600,7.6600,1199300
20131122,7.6500,7.7100,7.5800,7.7000,781300
20131125,7.7400,7.7400,7.6200,7.6300,1041300
20131126,7.7300,7.7900,7.6500,7.6800,937700
20131127,7.7500,7.7600,7.6600,7.7100,871200
20131128,7.8100,7.8600,7.7100,7.7300,1538300
20131129,7.8000,7.8400,7.7200,7.7800,1978900
20131202,7.3500,7.6300,7.2200,7.6000,2276900
20131203,7.4800,7.4900,7.2800,7.2800,1330000
20131204,7.5400,7.6500,7.4100,7.4200,1206300
20131205,7.5500,7.6200,7.4900,7.5300,753200
20131206,7.6100,7.6300,7.5200,7.5200,881100
20131209,7.8800,7.9000,7.6200,7.6400,2873600
20131210,8.1000,8.2000,7.8200,7.8800,5383800
20131211,7.9500,8.0600,7.8800,7.9500,2948400
20131212,8.2800,8.3800,7.9100,7.9700,5817600
20131213,8.1200,8.2600,8.0500,8.1900,2822100
20131216,7.8000,8.1300,7.7400,8.1200,2802900
20131217,7.7500,7.8300,7.6500,7.7300,1176200
20131218,7.7900,7.9300,7.7000,7.7000,1194600
20131219,7.5800,7.8400,7.5600,7.8000,1305200
20131220,7.4200,7.6600,7.3800,7.5800,1424500
20131223,7.4000,7.4900,7.3200,7.4700,1023600
20131224,7.5000,7.5300,7.4100,7.4100,1476000
20131225,7.5900,7.6100,7.4500,7.5000,904800
20131226,7.3800,7.5900,7.3400,7.5400,931500
20131227,7.5300,7.5500,7.3600,7.3600,846900
20131230,7.5300,7.6100,7.4700,7.5700,1097100
20131231,7.5900,7.6200,7.4800,7.5300,1182300
20140101,7.5900,7.5900,7.5900,7.5900,0
20140102,7.7500,7.8000,7.5900,7.6100,2007100
20140103,7.7200,7.8400,7.6600,7.7000,1274000
20140106,7.4900,7.7000,7.4300,7.7000,1151700
20140107,7.6000,7.7000,7.4200,7.4400,1518000
20140108,7.4800,7.6100,7.4400,7.5400,1571800
20140109,7.2600,7.5300,7.2500,7.4500,1355000
20140110,7.1000,7.3000,7.0700,7.2200,994400
20140113,7.1100,7.1700,7.0600,7.1000,520800
20140114,7.2200,7.2200,7.0600,7.1100,543400
20140115,7.2700,7.2700,7.1500,7.2000,847500
20140116,7.2800,7.4000,7.1700,7.1700,1120600
20140117,7.1100,7.2800,7.0800,7.2800,657300
20140120,7.0800,7.1300,7.0300,7.1200,683700
20140121,7.1500,7.1700,7.0500,7.0500,709600
20140122,7.3200,7.3300,7.1500,7.1700,1057900
20140123,7.3000,7.3500,7.2000,7.3200,846500
20140124,7.4900,7.5300,7.2500,7.2900,2086100
20140127,7.3800,7.4600,7.3700,7.4000,657400
20140128,7.3600,7.4500,7.2800,7.4100,751600
20140129,7.3700,7.4000,7.2600,7.3500,564500
20140130,7.3700,7.3900,7.3100,7.3800,357800
20140131,7.3700,7.3700,7.3700,7.3700,0
20140203,7.3700,7.3700,7.3700,7.3700,0
20140205,7.3700,7.3700,7.3700,7.3700,0
20140206,7.3700,7.3700,7.3700,7.3700,0
20140207,7.4800,7.4800,7.3000,7.3700,799300
20140210,7.6000,7.6500,7.4300,7.4300,1474400
20140211,7.6200,7.6400,7.5600,7.6200,1060400
20140212,7.7200,7.7500,7.5500,7.6000,1372700
20140213,7.5300,7.7400,7.5300,7.7200,1524100
20140214,8.0800,8.0800,7.5100,7.5500,4953500
20140217,8.3000,8.4000,7.9500,8.1000,3415300
20140218,8.5700,8.6300,8.1400,8.1600,10446800
20140219,8.2200,8.3800,8.2000,8.3700,8421700
20140220,8.0800,8.2500,7.9900,8.2100,3324100
20140221,8.2000,8.2700,8.0100,8.0800,1551000
20140224,8.3900,8.4500,8.0800,8.1500,5722100
20140225,7.9600,8.3400,7.9600,8.2200,4045000
