20130226,7.0400,7.1300,7.0100,7.0500,1872500
20130227,7.3500,7.4200,7.0200,7.0200,5885600
20130228,7.4200,7.4900,7.2200,7.3500,5473600
20130301,7.4500,7.5700,7.2900,7.5000,4621500
20130304,7.3500,7.5300,7.2500,7.3800,4464100
20130305,7.6500,7.6800,7.3200,7.3600,5466300
20130306,7.6500,7.7800,7.5700,7.6100,4042300
20130307,8.4200,8.4200,8.4200,8.4200,3307700
20130308,8.7900,9.2600,8.6900,9.2600,30382900
20130311,8.5300,8.8900,8.2800,8.7200,14324700
20130312,8.2200,8.6500,8.0800,8.5000,11451000
20130313,8.4000,8.5600,8.0300,8.1800,8531700
20130314,8.2000,8.4300,8.1800,8.3000,4354200
20130315,8.1800,8.3700,8.0800,8.1100,4780200
20130318,7.8500,8.2200,7.7900,8.2200,5345400
20130319,8.0400,8.0500,7.7600,7.8500,3290500
20130320,8.1600,8.2100,7.9600,8.0100,4299900
20130321,8.1400,8.2900,8.0900,8.1600,4734700
20130322,8.4500,8.4500,8.1000,8.1200,6682300
20130325,8.8200,9.2400,8.5700,8.5700,13766600
20130326,8.4900,8.7500,8.4700,8.6300,6928600
20130327,8.3900,8.6300,8.3700,8.4700,4576600
20130328,8.0200,8.3500,8.0200,8.3000,4351200
20130329,8.0800,8.2400,8.0500,8.1000,1979400
20130401,8.2300,8.3000,8.0400,8.1000,2214600
20130402,8.5200,8.5900,8.1900,8.2500,5350200
20130403,8.5100,8.6000,8.3300,8.4800,2910700
20130404,8.5100,8.5100,8.5100,8.5100,0
20130405,8.5100,8.5100,8.5100,8.5100,0
20130408,8.5600,8.5800,8.1500,8.2500,3197500
20130409,8.7200,8.9000,8.4900,8.5500,6098900
20130410,8.4300,8.6600,8.3500,8.6600,4844300
20130411,8.4600,8.5000,8.3700,8.4000,2257300
20130412,8.5800,8.7700,8.3700,8.5000,5210300
20130415,8.4100,8.6800,8.3400,8.5800,2153100
20130416,8.5300,8.6000,8.1800,8.3800,2354500
20130417,8.5400,8.5800,8.3700,8.5400,2090500
20130418,8.8300,8.8400,8.3600,8.4000,5272200
20130419,8.7600,8.8700,8.7100,8.8000,4837700
20130422,8.9200,8.9600,8.5000,8.7700,5770700
20130423,8.6400,9.1400,8.6000,8.9200,7788800
20130424,8.6100,8.8800,8.5700,8.5700,4208000
20130425,8.1200,8.6700,8.1200,8.6600,5951600
20130426,8.0500,8.1800,8.0100,8.1200,3657600
20130429,8.0500,8.0500,8.0500,8.0500,0
20130430,8.0500,8.0500,8.0500,8.0500,0
20130501,8.0500,8.0500,8.0500,8.0500,0
20130502,8.1200,8.2600,8.0500,8.0800,1917200
20130503,8.2300,8.3500,8.1200,8.1800,2164100
20130506,8.2900,8.3700,8.1900,8.2000,2059600
20130507,8.2000,8.3000,8.1700,8.3000,2201300
20130508,8.1900,8.2800,8.1500,8.2000,1715500
20130509,8.0800,8.2300,8.0600,8.2100,2795900
20130510,8.2800,8.2900,8.0400,8.0700,2887700
20130513,8.3000,8.3900,8.2300,8.3100,1965400
20130514,8.1700,8.3000,8.1200,8.3000,1582900
20130515,8.2400,8.2500,8.1300,8.1700,1410200
20130516,8.2600,8.2900,8.1300,8.2400,1945300
20130517,8.4700,8.5500,8.1900,8.2600,4624700
20130520,8.5500,8.5700,8.3800,8.4700,3729000
20130521,8.5500,8.5500,8.4600,8.5500,3014600
20130522,8.6400,8.8700,8.4800,8.5500,6082900
20130523,8.4000,8.7200,8.3900,8.6000,3719600
20130524,8.4500,8.5000,8.3800,8.4400,2521700
20130527,8.5400,8.6700,8.4800,8.5000,2437400
20130528,8.6100,8.6500,8.4800,8.5800,2760900
20130529,8.5500,8.6700,8.5100,8.6100,3154500
20130530,8.4600,8.5900,8.4400,8.5900,2435300
20130531,8.5200,8.6300,8.4000,8.4200,3071200
20130603,8.6400,8.7000,8.5000,8.5400,3391100
20130604,9.0000,9.0000,8.5400,8.6200,11562600
20130605,9.1500,9.1600,8.7400,8.9100,8215000
20130606,8.8900,9.1000,8.8100,9.1000,6105800
20130607,8.3600,8.8900,8.3200,8.8800,5155000
20130610,8.3600,8.3600,8.3600,8.3600,0
20130611,8.3600,8.3600,8.3600,8.3600,0
20130612,8.3600,8.3600,8.3600,8.3600,0
20130613,7.5800,8.2200,7.5200,8.2200,7681500
20130614,7.4800,7.6500,7.4100,7.5900,3544600
20130617,7.5700,7.6200,7.4900,7.5200,2131200
20130618,7.5300,7.6100,7.3400,7.5500,2027900
20130619,7.4000,7.5500,7.2800,7.5300,1868500
20130620,7.2900,7.4500,7.2500,7.3100,1280100
20130621,7.1400,7.3300,7.0900,7.3300,1620200
20130624,6.5000,7.1300,6.4400,7.1200,2825200
20130625,6.4800,6.5900,6.0200,6.4900,3317400
20130626,6.5600,6.5800,6.3800,6.4800,1973400
20130627,6.4500,6.6900,6.4300,6.5800,2406200
20130628,6.5300,6.6700,6.4000,6.4600,1880200
20130701,6.5800,6.6200,6.4300,6.5100,1625600
20130702,6.6200,6.6500,6.5000,6.6000,1677900
20130703,6.5300,6.5800,6.4300,6.5800,1512000
20130704,6.6600,6.7400,6.4500,6.4800,2531300
20130705,6.6100,6.7300,6.6000,6.6800,1647800
20130708,6.2500,6.5700,6.1500,6.5700,2066200
20130709,6.2700,6.3400,6.1800,6.2000,834700
20130710,6.5300,6.5400,6.2200,6.2700,1481100
20130711,6.7000,6.7800,6.4800,6.5300,2762400
20130712,6.7700,6.9700,6.6900,6.7500,3612500
20130715,6.8800,7.0200,6.8000,7.0200,3188500
20130716,6.9500,7.0400,6.8300,6.9100,1987700
20130717,6.8800,6.9900,6.8600,6.9200,1845600
20130718,6.7800,6.9600,6.7700,6.8300,1541100
20130719,6.6500,6.9400,6.6500,6.7800,1761200
20130722,6.8000,6.8000,6.4900,6.6100,918300
20130723,7.2100,7.2800,6.7500,6.8000,3780500
20130724,7.4100,7.4100,7.0500,7.1500,4668400
20130725,7.1200,7.3700,7.0900,7.3700,3962300
20130726,7.0300,7.1700,6.9900,7.1000,1818700
20130729,6.9400,7.0300,6.8700,7.0000,1306600
20130730,7.1000,7.1100,6.8600,6.9200,1373600
20130731,7.0500,7.1700,6.9400,7.0900,1807400
20130801,7.1700,7.1800,7.0100,7.0500,1785400
20130802,7.3000,7.3800,7.1500,7.1800,2753200
20130805,7.4000,7.4200,7.3000,7.3000,2159900
20130806,7.4200,7.4500,7.3000,7.4500,1747800
20130807,7.3000,7.4000,7.2600,7.3500,1763300
20130808,7.4000,7.4500,7.2300,7.2300,1908900
20130809,7.6100,7.6600,7.3500,7.4100,3661200
20130812,7.6100,7.6500,7.4800,7.6000,3801400
20130813,7.4700,7.6300,7.4600,7.6300,2614400
20130814,7.3500,7.5600,7.3500,7.5600,2908300
20130815,7.2900,7.4400,7.2800,7.3800,1577100
20130816,7.1700,7.4500,7.1700,7.2600,1982200
20130819,7.2600,7.3000,7.0700,7.1800,1443000
20130820,7.2100,7.3500,7.1500,7.2600,1194300
20130821,7.2800,7.2800,7.1500,7.2100,1017200
20130822,7.2500,7.3000,7.2200,7.2300,965900
20130823,7.0800,7.2900,7.0000,7.2300,2475900
20130826,7.2200,7.2200,7.0600,7.1000,1998500
20130827,7.4000,7.4000,7.1400,7.2000,3037600
20130828,7.3100,7.3500,7.2400,7.3200,2374700
20130829,7.4200,7.4300,7.2800,7.3100,2325700
20130830,7.7500,7.8700,7.4000,7.4600,8537700
20130902,7.7400,8.0200,7.6200,7.7000,7238800
20130903,7.6400,7.7100,7.4600,7.7100,4573600
20130904,7.5000,7.6200,7.4500,7.6200,2939700
20130905,7.5600,7.6700,7.4600,7.5000,2655500
20130906,7.5300,7.5900,7.4700,7.5200,2483500
20130909,7.5700,7.6200,7.4900,7.5300,2679000
20130910,7.6200,7.7000,7.5600,7.5700,3552400
20130911,7.5100,7.7000,7.4800,7.6100,3951600
20130912,7.5500,7.5700,7.4400,7.4800,2660900
20130913,7.7500,7.9400,7.6500,7.6800,6575200
20130916,7.5400,7.7900,7.5400,7.7600,2962100
20130917,7.4400,7.6100,7.4400,7.5600,1906600
20130918,7.5200,7.5300,7.3800,7.4400,1460600
20130920,7.5200,7.5200,7.5200,7.5200,0
20130923,7.6200,7.6200,7.4900,7.5600,1960800
20130924,7.6900,7.7200,7.5600,7.6000,2812800
20130925,7.5600,7.7400,7.5600,7.6900,2177900
20130926,7.3500,7.5900,7.3400,7.5900,1832400
20130927,7.3600,7.4400,7.2400,7.3500,1096900
20130930,7.4500,7.5200,7.3300,7.3300,1489200
20131001,7.4500,7.4500,7.4500,7.4500,0
20131002,7.4500,7.4500,7.4500,7.4500,0
20131003,7.4500,7.4500,7.4500,7.4500,0
20131004,7.4500,7.4500,7.4500,7.4500,0
20131007,7.4500,7.4500,7.4500,7.4500,0
20131008,7.5100,7.5300,7.3600,7.4700,2268000
20131009,7.5400,7.5500,7.4600,7.4600,1947600
20131010,7.5900,7.6800,7.4900,7.5300,3249900
20131011,7.7000,7.7400,7.6000,7.6300,2806900
20131014,7.8300,7.9600,7.7800,7.9000,7655500
20131015,7.8800,7.9400,7.7400,7.8000,4565400
20131016,7.7000,7.9000,7.6100,7.9000,3269900
20131017,8.0000,8.0700,7.7200,7.7200,6398200
20131018,8.3300,8.4300,7.7800,7.9400,11306800
20131021,8.2700,8.3800,7.9800,8.1800,9195500
20131022,8.2000,8.3600,8.0900,8.3000,5959100
20131023,7.9400,8.2600,7.8500,8.2100,3696700
20131024,7.8400,8.0200,7.8000,7.8300,2016800
20131025,7.6500,7.9700,7.5700,7.8400,2339000
20131028,7.6700,7.7000,7.5200,7.6000,1637400
20131029,7.2900,7.7400,7.0800,7.6700,2912800
20131030,7.3300,7.3800,7.1500,7.2800,2122200
20131031,7.3500,7.4100,7.2300,7.2700,1583300
20131101,7.2900,7.3700,7.2000,7.3200,1283100
20131104,7.2900,7.3600,7.2200,7.2900,1196000
20131105,7.3400,7.3400,7.1700,7.2300,1228900
20131106,7.3100,7.3900,7.2900,7.3400,1498700
20131107,7.1700,7.3300,7.1500,7.2600,1322200
20131108,6.9200,7.1800,6.9000,7.1200,1884200
20131111,6.9800,7.0000,6.8500,6.8700,1126300
20131112,7.0600,7.0700,6.8800,6.8800,994300
20131113,6.9300,7.0500,6.9300,7.0100,917700
20131114,6.9900,7.0100,6.8800,6.9300,1326800
20131115,7.1500,7.2200,7.0000,7.0400,1953400
20131118,7.2900,7.3100,7.1000,7.2000,1998600
20131119,7.3100,7.4200,7.2600,7.3000,2344100
20131120,7.5700,7.6700,7.2700,7.3100,3925900
20131121,7.4600,7.5000,7.4000,7.5000,1994800
20131122,7.4100,7.4800,7.3500,7.4700,2343700
20131125,7.4400,7.5300,7.3700,7.4400,1468800
20131126,7.4600,7.4900,7.3800,7.4700,1593300
20131127,7.5600,7.5600,7.4000,7.4600,1638200
20131128,7.6200,7.6300,7.5300,7.5800,2078600
20131129,7.5800,7.6400,7.5400,7.5900,1654700
20131202,7.1300,7.5500,7.1100,7.4400,3036000
20131203,7.3000,7.3300,7.1000,7.1300,1386800
20131204,7.4400,7.5000,7.3000,7.3000,2077700
20131205,7.5100,7.5500,7.3700,7.4000,1498900
20131206,7.4700,7.5500,7.4200,7.4800,1223300
20131209,7.6100,7.6500,7.5100,7.5400,2151000
20131210,7.6200,7.7500,7.5800,7.6000,1987400
20131211,7.5300,7.6300,7.4700,7.5900,1262000
20131212,7.6600,7.6600,7.4800,7.5800,1469600
20131213,7.6500,7.6900,7.6000,7.6600,1577900
20131216,7.4500,7.6900,7.4400,7.6900,1336200
20131217,7.4500,7.5300,7.3600,7.4700,1022000
20131218,7.5000,7.5400,7.3800,7.4500,731500
20131219,7.3900,7.6000,7.3700,7.4900,826000
20131220,7.2100,7.4400,7.1800,7.4400,1233600
20131223,7.1300,7.2900,7.0900,7.2900,758800
20131224,7.2300,7.2700,7.1500,7.1500,581600
20131225,7.3000,7.3000,7.2000,7.2300,599800
20131226,7.1100,7.3100,7.0900,7.2500,773300
20131227,7.2100,7.2500,7.1000,7.1000,765000
20131230,7.2200,7.3100,7.2000,7.2500,886400
20131231,7.3000,7.3800,7.2100,7.2400,1002100
20140101,7.3000,7.3000,7.3000,7.3000,0
20140102,7.3300,7.3500,7.2800,7.3000,855700
20140103,7.3400,7.3400,7.2500,7.3300,896800
20140106,7.1200,7.3800,7.0900,7.3800,1193100
20140107,7.0100,7.1700,6.9500,7.0900,945600
20140108,6.9300,7.1000,6.9100,7.0000,1073400
20140109,6.8500,6.9700,6.8200,6.9000,919000
20140110,6.8500,6.8900,6.7000,6.8500,1217900
20140113,6.7800,6.8500,6.6800,6.8500,1045500
20140114,6.9000,6.9100,6.7500,6.7800,858300
20140115,6.9000,6.9200,6.8300,6.8600,691900
20140116,6.9200,6.9600,6.9000,6.9000,643300
20140117,6.8400,6.9400,6.7600,6.9200,467800
20140120,6.8000,6.8400,6.7400,6.8200,474200
20140121,6.9300,6.9500,6.8200,6.8200,631500
20140122,7.0800,7.0900,6.9200,6.9800,1193900
20140123,7.1000,7.1200,7.0300,7.0800,1147700
20140124,7.1600,7.2200,7.0500,7.1000,1193700
20140127,7.2100,7.3000,7.1200,7.1900,1856700
20140128,7.1400,7.2300,7.1400,7.2300,895300
20140129,7.1400,7.2100,7.1100,7.1200,837500
20140130,7.2000,7.2400,7.1000,7.1700,673000
20140131,7.2000,7.2000,7.2000,7.2000,0
20140203,7.2000,7.2000,7.2000,7.2000,0
20140205,7.2000,7.2000,7.2000,7.2000,0
20140206,7.2000,7.2000,7.2000,7.2000,0
20140207,7.3500,7.3600,7.1700,7.1700,1346100
20140210,7.4800,7.5500,7.3000,7.3300,2097800
20140211,7.4500,7.6200,7.4500,7.5000,2332800
20140212,7.5000,7.5400,7.4000,7.4500,1587800
20140213,7.4100,7.5600,7.3800,7.5000,1376300
20140214,7.5400,7.5500,7.4200,7.4200,1421600
20140217,7.6300,7.6700,7.5300,7.5600,2222700
20140218,7.5900,7.6400,7.5400,7.6300,1839400
20140219,7.5800,7.6400,7.5100,7.5600,2227900
20140220,7.7000,7.8300,7.5600,7.5800,5322000
20140221,7.4800,7.6800,7.4000,7.6500,2811100
20140224,7.3800,7.4700,7.3000,7.4200,1890600
20140225,7.2000,7.5100,7.1700,7.4000,2013100
