20130226,47.4000,48.9900,47.2200,48.2000,3998100
20130227,46.8000,48.0800,46.6000,47.4300,4487800
20130228,47.6000,48.2000,46.6500,46.9600,5100600
20130301,49.0200,49.1700,47.5100,47.9000,5351700
20130304,48.5100,50.2700,48.3000,48.7000,6739700
20130305,49.4500,49.8100,48.5100,48.8000,3597100
20130306,50.0000,50.1500,49.3200,49.8000,6638300
20130307,48.3800,50.0000,48.0000,49.9500,6798800
20130308,47.8100,49.6500,47.6000,48.7600,6205400
20130311,49.3500,49.4500,47.0700,47.3500,6664700
20130312,48.9800,50.4000,48.2000,49.3500,7878000
20130313,48.6000,49.3100,48.2000,48.8900,4203900
20130314,49.9900,49.9900,48.2800,48.2900,6394400
20130315,51.0400,51.9000,49.8000,50.0000,8506100
20130318,50.6900,51.9000,49.7800,50.6000,5372200
20130319,49.6800,51.0400,49.0000,50.9900,4121600
20130320,50.2800,50.6400,48.8000,49.6800,6475000
20130321,52.1600,52.5700,50.1000,50.2900,8803000
20130322,53.5800,53.7600,52.0000,52.1000,5927500
20130325,53.2500,54.1400,52.8000,53.6000,4314400
20130326,53.0200,53.5000,51.9000,53.0200,4416700
20130327,54.5900,54.6200,52.9000,53.0200,5266000
20130328,53.3000,54.5900,53.0100,54.0000,4737200
20130329,52.1000,53.6800,51.9600,53.6800,5848000
20130401,51.6700,52.5000,51.0100,52.3000,6262800
20130402,49.9500,52.4600,49.1800,51.6300,9581700
20130403,49.6000,50.4000,49.3000,49.8500,4586200
20130404,49.6000,49.6000,49.6000,49.6000,0
20130405,49.6000,49.6000,49.6000,49.6000,0
20130408,47.3100,49.0200,46.3300,49.0100,25172100
20130409,47.1300,47.6500,46.3200,47.1100,10250500
20130410,45.6600,47.1000,45.3000,47.1000,22151300
20130411,45.7000,46.0100,45.5000,45.7600,8962400
20130412,45.5000,46.0000,45.4000,45.8000,4854400
20130415,45.5500,45.8800,44.4400,45.3900,7022200
20130416,45.4500,45.9900,44.9000,45.3100,5261900
20130417,45.7800,45.9500,44.9600,45.4100,7668300
20130418,42.0000,45.5000,41.2100,45.5000,34761400
20130419,42.8200,42.9800,41.8000,41.8200,12318800
20130422,41.8900,42.7300,40.8800,42.6000,17313100
20130423,42.2400,42.4500,41.0000,41.8700,10766100
20130424,43.4500,43.8100,41.9500,42.1200,9718300
20130425,43.0800,44.1200,42.8000,43.4900,8346500
20130426,41.8700,43.8800,41.7100,43.0900,9545400
20130429,41.8700,41.8700,41.8700,41.8700,0
20130430,41.8700,41.8700,41.8700,41.8700,0
20130501,41.8700,41.8700,41.8700,41.8700,0
20130502,41.7500,42.2400,41.5000,41.7000,5241800
20130503,42.3000,43.0200,41.7800,41.7800,6822300
20130506,43.4000,43.6000,41.4600,42.4500,12758500
20130507,43.0100,43.5700,42.7800,43.1000,6075000
20130508,44.6900,45.3800,43.3300,43.3900,12202600
20130509,45.5200,45.6000,44.5000,44.9000,9629500
20130510,44.7200,45.5900,44.2100,45.4600,5490900
20130513,44.0900,44.9800,43.8300,44.7200,4850600
20130514,43.5000,44.3600,43.2300,44.1000,4369000
20130515,43.1300,43.7400,42.7000,43.5000,6856700
20130516,44.1900,44.2300,42.7100,43.3300,6100100
20130517,44.1400,44.4800,43.2200,44.1500,7670900
20130520,43.9300,44.4600,43.1000,44.1500,8885700
20130521,45.0200,45.2800,43.4000,43.7900,8611900
20130522,44.7200,45.4500,44.5000,45.0800,6101700
20130523,44.2200,45.0500,44.0000,44.7000,5410500
20130524,44.5700,44.9700,44.1000,44.2100,4630500
20130527,44.3200,44.9800,44.2400,44.5600,3804500
20130528,43.4100,44.6900,43.0500,44.4000,8498900
20130529,43.5100,43.7400,43.3000,43.4400,5879900
20130530,43.4700,43.6700,43.2600,43.5000,5126700
20130531,44.0800,44.6300,43.2800,43.4700,7142200
20130603,43.9600,44.2900,43.6900,44.0000,6231500
20130604,43.4900,44.4400,43.2900,43.9000,6387800
20130605,43.3000,43.7600,43.1300,43.3100,3894400
20130606,41.0200,43.2600,40.8800,43.0000,13400600
20130607,40.0100,41.2700,38.8500,41.1500,13867300
20130610,40.0100,40.0100,40.0100,40.0100,0
20130611,40.0100,40.0100,40.0100,40.0100,0
20130612,40.0100,40.0100,40.0100,40.0100,0
20130613,40.3800,40.5900,39.0000,39.6200,7922000
20130614,41.6600,42.0500,40.6400,40.6700,9644700
20130617,41.9000,42.0000,41.2400,41.9900,6443200
20130618,41.9400,42.3300,41.6000,42.1000,3542200
20130619,41.6500,41.8900,40.5300,41.8900,4178500
20130620,40.1000,41.8700,40.1000,41.4000,5066200
20130621,40.5000,40.9400,39.5800,39.7000,4787400
20130624,38.5000,40.4600,38.1000,40.4600,7966300
20130625,37.4100,38.8000,35.5200,38.3300,11701100
20130626,38.4400,38.7900,37.2000,37.4100,7474700
20130627,38.9600,39.3000,38.0000,38.5500,5468300
20130628,38.6800,39.3000,38.2200,38.5200,3601400
20130701,39.2200,39.3300,38.3100,38.5500,4137400
20130702,41.5800,41.7200,39.0000,39.1900,11065400
20130703,42.5000,42.7600,41.1500,41.3000,8579500
20130704,41.5000,42.6400,41.2300,42.5000,8457100
20130705,40.7300,42.1000,40.7100,41.5500,4947100
20130708,41.8100,42.6200,39.9000,40.2000,8125700
20130709,42.5100,42.7000,41.3200,41.9500,7523100
20130710,41.6500,42.4900,40.6400,42.4900,9111300
20130711,41.9600,42.5800,40.9700,41.5000,9908900
20130712,41.9600,41.9600,41.9600,41.9600,0
20130715,43.5000,44.1100,41.0000,42.8000,14550800
20130716,44.0200,44.6000,43.0700,43.4900,11350700
20130717,42.8800,44.9600,42.5800,44.0200,10010800
20130718,42.0800,43.1500,42.0000,42.6500,5680000
20130719,39.8600,42.5800,39.8500,42.1000,14907900
20130722,40.3500,40.4600,39.1100,39.7000,6243600
20130723,41.2500,42.0300,40.2100,40.4800,9167700
20130724,41.1900,41.5200,40.4800,41.2500,5918600
20130725,41.3400,41.7400,40.8800,41.4800,5614500
20130726,42.5300,42.5500,40.9200,41.0500,7613000
20130729,43.3300,43.7100,41.9100,42.2000,12111600
20130730,42.1900,43.2900,41.5000,43.2400,6078600
20130731,42.3600,42.9200,42.0900,42.4500,4846700
20130801,42.8000,43.2000,42.2800,42.7900,4706000
20130802,42.4200,43.1800,42.2800,43.1500,5162800
20130805,44.0000,44.0900,42.2600,42.2800,10260900
20130806,43.4800,43.7500,42.8800,43.3000,6572900
20130807,42.1500,43.3800,41.9800,43.3500,7192600
20130808,42.2100,42.6800,41.8600,41.9400,6995200
20130809,42.4000,42.6200,41.8700,42.2500,4554200
20130812,43.8500,44.0900,42.3600,42.6000,9855600
20130813,44.0200,44.9300,43.6500,43.8600,8110000
20130814,43.7400,44.2000,43.3000,44.0000,5973900
20130815,42.3100,43.7900,42.2100,43.6100,8862000
20130816,42.0000,43.1300,41.9500,42.4500,6660700
20130819,43.0000,43.1500,42.1000,42.4000,3773600
20130820,43.2000,43.6600,42.8100,43.0000,5190700
20130821,42.6800,43.2900,42.4000,43.2200,3549600
20130822,43.0200,43.6000,42.5500,42.6000,3441300
20130823,42.5300,43.5600,42.0000,43.1900,3971100
20130826,42.5000,42.7000,42.1500,42.6000,6598000
20130827,42.1000,42.5500,41.8300,42.5400,6975000
20130828,40.5000,42.1100,40.2800,42.1100,10507300
20130829,40.5500,40.9800,40.1200,40.8000,6632800
20130830,40.1800,40.5800,39.9000,40.5500,5458800
20130902,39.3200,40.6200,38.7500,40.2000,9724000
20130903,39.6600,39.8200,39.1900,39.2000,7951600
20130904,39.9700,40.2400,39.6600,39.7000,4635800
20130905,38.9500,39.9600,38.8800,39.9100,8016700
20130906,38.7400,39.3800,38.0800,38.9300,8319200
20130909,39.2500,39.4500,38.1600,38.6900,7724000
20130910,39.1200,39.4000,38.7400,39.3600,4859400
20130911,39.8900,40.1000,38.4900,39.2000,10046800
20130912,39.6300,39.9600,39.6200,39.8500,5007100
20130913,39.8200,40.0800,39.5400,39.6300,4262700
20130916,39.9000,40.3300,39.7000,39.9700,5726700
20130917,38.8000,40.0300,38.7000,39.9900,6022100
20130918,38.5000,38.9600,38.4000,38.8000,5286000
20130920,38.5000,38.5000,38.5000,38.5000,0
20130923,39.5100,39.7400,38.4600,38.5200,7066200
20130924,40.1000,40.1900,38.8000,39.2900,7566600
20130925,40.6300,40.9800,39.8700,40.0000,10007000
20130926,40.4300,40.8800,40.3500,40.7200,7813300
20130927,40.7800,40.8400,40.3400,40.5500,5112800
20130930,40.4100,41.2800,40.0200,40.9800,4122600
20131001,40.4100,40.4100,40.4100,40.4100,0
20131002,40.4100,40.4100,40.4100,40.4100,0
20131003,40.4100,40.4100,40.4100,40.4100,0
20131004,40.4100,40.4100,40.4100,40.4100,0
20131007,40.4100,40.4100,40.4100,40.4100,0
20131008,42.1000,42.2700,40.5500,40.5500,12597400
20131009,42.1500,42.4500,41.8200,42.2900,7950400
20131010,41.2800,42.2100,40.8300,42.2000,7130800
20131011,42.0000,42.3800,40.9200,41.3800,9351800
20131014,43.6400,44.1300,41.7900,41.9800,16106600
20131015,43.7700,45.8300,43.4500,44.2600,13767200
20131016,44.7600,45.2700,43.3100,43.5100,9597300
20131017,44.5000,46.1600,44.0400,44.7700,9898900
20131018,44.7800,44.9400,43.5600,44.1800,5936200
20131021,45.7300,46.4500,44.7000,45.1200,12499200
20131022,44.8700,46.1700,44.8400,45.8100,7056100
20131023,43.5900,44.8500,43.3700,44.8500,7527400
20131024,43.6800,44.2900,43.3000,43.3000,4242600
20131025,43.3600,44.3100,43.0800,43.6700,4911800
20131028,44.0000,44.4200,43.3700,43.7900,4109700
20131029,42.8800,44.4500,42.1300,44.0600,6550200
20131030,43.1400,43.2600,42.1100,42.6100,5268700
20131031,42.8500,43.1300,42.5900,43.1300,3443300
20131101,44.4400,44.4400,43.0000,43.0500,5396600
20131104,44.5000,45.0800,44.1500,44.7600,5369500
20131105,44.6000,45.1300,43.6900,44.0800,5486700
20131106,43.0000,44.8800,42.8000,44.5000,5585100
20131107,41.1500,43.0000,41.1500,42.8100,5576700
20131108,40.3300,41.0600,39.9200,41.0000,7370900
20131111,40.5000,41.2000,40.0000,40.0800,4190300
20131112,40.6000,40.8500,40.1000,40.5000,4997700
20131113,40.3700,40.8900,40.1100,40.3500,3595600
20131114,40.6600,40.9800,40.2000,40.6000,3547000
20131115,41.3000,41.6500,40.5300,40.6600,5820200
20131118,41.1100,41.6900,40.9000,41.3000,7646800
20131119,41.1600,41.1900,40.6800,41.1900,5077800
20131120,41.0800,41.5000,40.6700,41.4600,3526000
20131121,40.9300,41.1200,40.4900,41.1200,3415800
20131122,40.6500,41.0700,40.5000,40.9000,2375000
20131125,41.0100,41.2100,40.5000,40.5900,3178900
20131126,40.7600,41.1900,40.5000,41.0000,2574100
20131127,40.9100,41.1000,40.0800,40.7500,3032900
20131128,41.2000,41.3000,40.7000,41.0100,3989600
20131129,41.0900,41.2500,40.9100,41.2100,4829200
20131202,41.6800,42.5400,40.7000,40.8100,9191200
20131203,41.9900,42.1000,41.1400,41.6900,5138700
20131204,42.5900,42.9800,41.8000,41.9900,6094300
20131205,42.9300,43.3000,42.4500,42.5800,4428400
20131206,42.6500,43.0900,42.5000,42.9500,2693900
20131209,41.6200,42.9000,41.5600,42.7000,6785800
20131210,41.2000,42.0000,41.0600,41.6900,5413900
20131211,41.0500,41.1200,40.5200,41.0000,5191500
20131212,41.1200,41.3300,40.8300,41.0300,3166400
20131213,40.9400,41.2000,40.6000,40.6000,2867700
20131216,39.7700,41.2300,39.7700,40.9400,5548500
20131217,40.0800,40.1900,39.7700,39.7700,2782800
20131218,40.1800,40.3100,39.8700,40.1300,1889700
20131219,39.5600,40.4900,39.5000,40.2500,3665900
20131220,38.8000,39.7800,38.5900,39.5600,5860200
20131223,39.3300,39.4200,38.8000,38.8000,4862100
20131224,39.2200,39.5600,39.0000,39.4800,3238500
20131225,38.9700,39.4500,38.7900,39.1900,5088300
20131226,38.7100,39.0500,38.5000,39.0000,4400000
20131227,39.3000,39.3700,38.7000,38.9500,4571600
20131230,39.3000,39.4600,38.9700,39.3000,5666100
20131231,39.5600,39.6900,39.0800,39.0800,5297900
20140101,39.5600,39.5600,39.5600,39.5600,0
20140102,40.1500,40.2100,39.2800,39.5500,5430000
20140103,39.7900,40.7300,39.4800,40.1900,7401400
20140106,40.1400,40.4000,39.5600,39.7800,7677200
20140107,39.4000,40.1000,39.0500,40.1000,4370900
20140108,39.0200,39.7000,38.9000,39.4700,5391300
20140109,38.3000,39.3000,38.2200,39.0000,5804200
20140110,37.8900,38.4700,37.7400,38.3000,4124900
20140113,37.5900,37.9900,37.3700,37.8700,3900800
20140114,38.1800,38.2000,37.2800,37.5900,4317900
20140115,37.7600,38.9700,37.4000,38.6300,9541100
20140116,38.0200,38.2200,37.7700,37.7700,5072300
20140117,37.0300,38.0500,37.0100,38.0500,6087700
20140120,36.3300,37.3500,36.0200,37.0700,4900300
20140121,36.6000,36.7600,36.4000,36.4000,2851000
20140122,37.2800,37.2800,36.8000,36.9800,5208700
20140123,37.5900,37.6000,37.1200,37.2700,5374600
20140124,37.6200,37.8000,37.3000,37.4500,4878700
20140127,36.6000,37.4900,36.5000,37.4900,7058700
20140128,36.4000,36.8500,36.1900,36.6200,5303900
20140129,36.3100,36.7000,36.1400,36.7000,4804200
20140130,36.1500,36.5000,36.1100,36.3700,3309500
20140131,36.1500,36.1500,36.1500,36.1500,0
20140203,36.1500,36.1500,36.1500,36.1500,0
20140205,36.1500,36.1500,36.1500,36.1500,0
20140206,36.1500,36.1500,36.1500,36.1500,0
20140207,35.5300,36.0500,35.3100,36.0200,6938400
20140210,37.1300,37.2000,35.6500,35.7700,9566800
20140211,37.6700,38.2600,37.0000,37.0900,10520800
20140212,38.1100,38.2800,37.2000,37.8000,8239200
20140213,37.3200,38.3000,37.2100,38.0800,6380600
20140214,37.6800,37.7900,37.3200,37.3600,3157700
20140217,38.0000,38.3400,37.7000,38.0000,6715000
20140218,39.3000,39.5000,37.8600,38.1200,13704500
20140219,39.1700,39.7800,39.1200,39.3100,8500000
20140220,38.1200,39.2800,38.0000,39.1900,6354700
20140221,37.5500,38.4000,37.3500,38.1000,5362300
20140224,37.1100,37.6000,36.5900,37.5500,6040600
20140225,37.3900,38.3800,37.0000,37.1300,8523000
