20130226,6.1900,6.4200,6.1700,6.2700,6392600
20130227,6.1600,6.3200,6.1200,6.1700,4245300
20130228,6.3200,6.3400,6.1100,6.1600,5737700
20130301,6.3700,6.3800,6.2400,6.3000,4759300
20130304,6.0000,6.3000,5.9100,6.3000,7984600
20130305,6.1000,6.1500,5.9900,5.9900,3898700
20130306,6.2300,6.3000,6.0700,6.1000,6602800
20130307,6.1000,6.2900,6.0900,6.2900,4175000
20130308,6.1100,6.2300,6.0900,6.1100,2849100
20130311,6.1000,6.1800,6.0800,6.0900,2114200
20130312,5.9300,6.1400,5.8200,6.1100,4028900
20130313,5.7600,5.9600,5.7000,5.9200,2973600
20130314,5.7900,5.8900,5.7300,5.7600,2118200
20130315,5.7500,5.8800,5.6200,5.7700,2949100
20130318,5.5300,5.7300,5.4800,5.6900,2777400
20130319,5.9000,6.0700,5.4800,5.5400,5135600
20130320,6.0800,6.1000,5.8300,5.8800,7069000
20130321,5.9900,6.1200,5.9500,6.1200,4969900
20130322,6.3300,6.5200,5.9800,6.0000,11259000
20130325,6.3600,6.3900,6.1500,6.3300,5940700
20130326,6.1600,6.3200,6.1400,6.3200,4862000
20130327,6.1300,6.3000,6.0800,6.1800,4111800
20130328,5.7300,6.0800,5.6500,6.0700,6009400
20130329,5.7500,5.8000,5.7100,5.7300,1790100
20130401,5.7000,5.7900,5.6500,5.6500,2009400
20130402,5.5900,5.7700,5.5200,5.7000,5546600
20130403,5.6000,5.6500,5.5300,5.6500,2021400
20130404,5.6000,5.6000,5.6000,5.6000,0
20130405,5.6000,5.6000,5.6000,5.6000,0
20130408,5.6000,5.6200,5.4500,5.5000,2295300
20130409,5.6800,5.7300,5.5800,5.6000,1931800
20130410,5.6000,5.6800,5.5400,5.6800,2202200
20130411,5.5400,5.6700,5.5300,5.6100,1461200
20130412,5.5400,5.6300,5.5000,5.5000,1014600
20130415,5.6200,5.7000,5.5600,5.6200,2334500
20130416,5.6200,5.6400,5.4800,5.5700,1766400
20130417,5.6900,5.7000,5.6100,5.6300,2399500
20130418,5.6900,5.7000,5.6000,5.6400,1782700
20130419,5.8500,5.8900,5.6700,5.6700,4855800
20130422,5.8100,5.9000,5.7500,5.8000,3803300
20130423,5.5600,5.8100,5.5300,5.8000,3486000
20130424,5.6700,5.7300,5.5600,5.5700,2466200
20130425,5.4300,5.6800,5.4300,5.6500,3932000
20130426,5.1600,5.4800,5.1500,5.4300,4710700
20130429,5.1600,5.1600,5.1600,5.1600,0
20130430,5.1600,5.1600,5.1600,5.1600,0
20130501,5.1600,5.1600,5.1600,5.1600,0
20130502,5.2400,5.3400,5.1700,5.1900,1688900
20130503,5.3700,5.4400,5.2300,5.2300,2570500
20130506,5.4400,5.4700,5.3400,5.3700,1936000
20130507,5.4500,5.4600,5.4000,5.4000,1487700
20130508,5.4900,5.5300,5.4300,5.4300,2069000
20130509,5.4500,5.5000,5.3400,5.4900,2599500
20130510,5.4700,5.4900,5.3600,5.4000,2263000
20130513,5.4400,5.4900,5.4000,5.4700,1543100
20130514,5.2600,5.4400,5.2400,5.4200,2704000
20130515,5.3300,5.3300,5.2100,5.2600,2785600
20130516,5.4100,5.4700,5.2100,5.2900,4053800
20130517,5.5100,5.5400,5.3800,5.3900,4065700
20130520,5.5700,5.5800,5.4900,5.5300,4044900
20130521,5.7300,5.8700,5.6600,5.6700,8142700
20130522,5.7200,5.7700,5.6500,5.7700,4144100
20130523,5.6800,5.8500,5.6700,5.6700,4492200
20130524,5.7700,5.7700,5.6500,5.6700,2567200
20130527,5.8600,5.8900,5.7200,5.8000,4165600
20130528,5.8900,5.8900,5.7500,5.8500,4080600
20130529,5.8700,5.9400,5.7900,5.8800,3438500
20130530,5.7700,5.8700,5.7600,5.8300,4067100
20130531,5.8800,5.9300,5.7700,5.7900,4363400
20130603,6.0200,6.0500,5.9000,6.0100,7146900
20130604,5.7800,6.0100,5.7700,6.0100,4535500
20130605,6.0300,6.2700,5.8900,5.9500,8842800
20130606,5.8600,5.9700,5.8000,5.9600,4422000
20130607,5.6300,5.8900,5.5300,5.7900,4528900
20130610,5.6300,5.6300,5.6300,5.6300,0
20130611,5.6300,5.6300,5.6300,5.6300,0
20130612,5.6300,5.6300,5.6300,5.6300,0
20130613,5.4500,5.5500,5.2900,5.5500,4334500
20130614,5.5700,5.7700,5.5100,5.7700,2565700
20130617,5.5300,5.5700,5.4000,5.5100,1978200
20130618,5.5900,5.6200,5.4900,5.5300,2054300
20130619,5.5200,5.5600,5.4200,5.5600,2035500
20130620,5.2500,5.5000,5.2000,5.4800,2054300
20130621,5.1700,5.2600,5.1000,5.2100,2342800
20130624,4.7100,5.1600,4.7000,5.1600,3899200
20130625,4.6800,4.7600,4.3000,4.6400,3476900
20130626,4.7400,4.7800,4.5600,4.6900,2264800
20130627,4.6300,4.8400,4.6100,4.7400,2489500
20130628,4.6600,4.7500,4.6000,4.6700,2155500
20130701,4.7200,4.7500,4.6300,4.6600,1329500
20130702,4.7300,4.7600,4.6600,4.7400,1988600
20130703,4.5900,4.7200,4.5500,4.7000,2329700
20130704,4.6500,4.7300,4.5400,4.6000,2330400
20130705,4.7400,4.9800,4.6700,4.9800,2950900
20130708,4.5600,4.7400,4.5400,4.7400,1733500
20130709,4.5900,4.6300,4.5000,4.5300,932900
20130710,5.0500,5.0500,4.5500,4.6000,7335000
20130711,5.0700,5.2800,4.9900,5.0000,10294900
20130712,4.9900,5.1300,4.9600,5.0200,3772200
20130715,5.0400,5.0800,4.9500,4.9900,3254700
20130716,5.1000,5.1000,4.9600,5.0600,3118400
20130717,5.0400,5.1600,4.9900,5.1100,3167600
20130718,4.9500,5.0600,4.9100,5.0100,1988200
20130719,4.8300,5.0000,4.8200,5.0000,2612000
20130722,4.9000,4.9700,4.7800,4.8000,1262200
20130723,5.0500,5.0700,4.9100,4.9300,2604500
20130724,5.0300,5.0500,4.9500,5.0300,1777000
20130725,4.9500,5.0800,4.9500,5.0800,2083800
20130726,5.0200,5.0300,4.8800,4.9500,1593400
20130729,4.8000,4.9900,4.7600,4.9900,2647600
20130730,4.8100,4.9000,4.7300,4.8000,1074700
20130731,4.9000,4.9500,4.8100,4.8100,1276000
20130801,5.3900,5.3900,4.8800,4.9400,8583900
20130802,5.9300,5.9300,5.7600,5.8800,14534200
20130805,5.9300,6.3200,5.8800,6.1900,39180700
20130806,6.5200,6.5200,5.7400,5.7500,20963500
20130807,6.7200,7.1700,6.5500,7.0000,69615400
20130808,6.3000,6.5500,6.2200,6.2600,47069300
20130809,6.2800,6.4200,6.0700,6.2500,34626700
20130812,6.2900,6.3700,6.1000,6.2100,25552100
20130813,6.3700,6.4200,6.1600,6.3300,25396000
20130814,6.4400,6.5500,6.2000,6.3200,28928800
20130815,6.1900,6.3800,6.1000,6.3700,21060300
20130816,5.9400,6.2900,5.9400,6.1500,19116300
20130819,6.0500,6.0600,5.8400,5.9000,9734000
20130820,6.1400,6.2400,5.9700,6.0300,15488900
20130821,6.1000,6.2100,6.0200,6.0900,11358400
20130822,6.2600,6.3200,5.9400,6.0700,21350200
20130823,6.1500,6.2400,6.0000,6.1600,14318700
20130826,6.2700,6.3100,6.1000,6.1500,12987500
20130827,6.3500,6.3500,6.1700,6.2400,13757200
20130828,6.0500,6.2800,6.0100,6.2400,13431300
20130829,6.3200,6.5700,5.9100,6.1000,24205800
20130830,6.9500,6.9500,6.4400,6.6000,53129000
20130902,6.2600,6.9300,6.2600,6.9300,31628400
20130903,6.2700,6.2800,5.9900,6.1000,12159800
20130904,6.1000,6.2600,6.0600,6.2400,11044500
20130905,5.9700,6.1100,5.8800,6.1100,13958200
20130906,5.9800,6.0500,5.8600,5.9200,7837400
20130909,6.1000,6.1800,5.9100,5.9800,12309100
20130910,6.0900,6.1200,5.9900,6.1100,10332400
20130911,5.9500,6.0800,5.8900,6.0800,10089400
20130912,6.2700,6.2900,5.8900,5.9500,16644600
20130913,6.5000,6.9000,6.3000,6.3500,34147600
20130916,6.6400,7.0500,6.1600,6.3500,27129100
20130917,6.9400,7.1900,6.4500,6.5400,39842000
20130918,7.0100,7.3300,6.8400,6.8800,26072500
20130920,7.0100,7.0100,7.0100,7.0100,0
20130923,7.1000,7.3500,6.8200,7.0100,20417800
20130924,7.0800,7.3100,6.9500,7.0300,17729300
20130925,6.8500,7.1000,6.8000,7.0200,14734800
20130926,6.5700,6.9300,6.5400,6.8200,10438600
20130927,6.7700,6.8900,6.5600,6.5600,7210200
20130930,6.8500,6.9100,6.6400,6.7600,8828400
20131001,6.8500,6.8500,6.8500,6.8500,0
20131002,6.8500,6.8500,6.8500,6.8500,0
20131003,6.8500,6.8500,6.8500,6.8500,0
20131004,6.8500,6.8500,6.8500,6.8500,0
20131007,6.8500,6.8500,6.8500,6.8500,0
20131008,6.8800,6.9800,6.7000,6.8400,9172600
20131009,7.4000,7.5700,6.7800,6.8600,28432600
20131010,7.5400,7.5700,7.2500,7.2900,23889600
20131011,7.5700,7.6400,7.4000,7.5500,17113600
20131014,7.4000,7.5600,7.3200,7.5600,13334200
20131015,7.2800,7.4900,7.2500,7.4000,8409700
20131016,7.3200,7.4500,7.1500,7.2800,10987700
20131017,7.1700,7.5100,7.1100,7.2800,9600800
20131018,7.1100,7.2500,7.0000,7.2500,6731400
20131021,7.3600,7.3800,7.0800,7.1600,8241000
20131022,7.1300,7.4000,7.1000,7.3400,7294300
20131023,6.8900,7.2000,6.7800,7.1800,8225500
20131024,6.9100,7.0000,6.7900,6.8800,4260700
20131025,6.9400,7.1200,6.8800,6.8800,6058600
20131028,7.0200,7.0800,6.9000,6.9700,5468300
20131029,6.6600,6.9900,6.3800,6.9200,8617400
20131030,6.6700,6.6900,6.4800,6.6600,3821400
20131031,6.3200,6.6700,6.3000,6.6600,4225900
20131101,6.6200,6.6200,6.0400,6.1900,8562700
20131104,6.6400,6.6700,6.4700,6.5800,3673900
20131105,6.5700,6.6700,6.3600,6.5800,3495800
20131106,6.8500,6.8500,6.5200,6.5800,6144800
20131107,6.9100,7.1500,6.7800,6.9000,9491200
20131108,6.8200,7.0400,6.7000,6.8500,4541100
20131111,7.0100,7.0800,6.7200,6.8500,4833600
20131112,6.9600,7.0400,6.8000,7.0300,5546200
20131113,6.7300,6.9500,6.7000,6.9200,3061500
20131114,6.6600,6.8500,6.5500,6.6700,3272000
20131115,6.7900,6.9000,6.6600,6.6600,3394000
20131118,7.0200,7.0600,6.7900,6.7900,5494300
20131119,7.0200,7.1200,6.9000,7.0200,4288900
20131120,7.1300,7.1700,6.9500,7.0100,4770300
20131121,7.0700,7.1500,7.0000,7.1500,3892600
20131122,7.2600,7.4100,7.0300,7.0300,9864100
20131125,7.1400,7.3300,7.1300,7.2100,5422600
20131126,6.9800,7.2000,6.9800,7.2000,4803400
20131127,7.0600,7.1400,6.9300,6.9800,4264600
20131128,7.0900,7.1300,7.0100,7.0700,2754700
20131129,7.1100,7.2100,7.0500,7.0500,2609000
20131202,6.5200,6.9100,6.5100,6.9100,7890600
20131203,6.6300,6.7300,6.4200,6.4700,3367100
20131204,6.6600,6.7500,6.5700,6.6300,4291800
20131205,6.7400,6.8300,6.6500,6.7100,3866300
20131206,6.7200,6.8100,6.7100,6.7400,2436600
20131209,6.8600,6.8800,6.7200,6.7300,3658700
20131210,7.0000,7.0700,6.8800,6.8800,3312200
20131211,6.7700,7.0400,6.7000,7.0400,3308300
20131212,7.0000,7.0500,6.8000,6.8000,4402600
20131213,7.2100,7.2800,6.9500,7.0000,9930300
20131216,7.2500,7.6500,7.2300,7.4100,15267000
20131217,7.0300,7.2400,7.0000,7.2000,5240200
20131218,7.0600,7.1400,6.9100,6.9800,2463200
20131219,6.9000,7.1500,6.8100,7.0200,3703800
20131220,6.8100,6.9700,6.6700,6.9700,2840700
20131223,6.7200,6.8500,6.5700,6.7900,2392900
20131224,6.7200,6.8100,6.6500,6.7100,2129200
20131225,6.7400,6.8000,6.6100,6.6300,2211200
20131226,6.5000,6.7700,6.5000,6.7000,2428900
20131227,6.7200,6.8000,6.5300,6.6000,2629400
20131230,6.9800,7.0300,6.7800,6.8200,5496200
20131231,6.8200,7.0300,6.8200,6.9200,3731100
20140101,6.8200,6.8200,6.8200,6.8200,0
20140102,6.9700,6.9800,6.7300,6.8800,2734000
20140103,7.0300,7.1600,6.9000,6.9000,7109900
20140106,6.7900,7.0300,6.7700,7.0200,2672400
20140107,6.8900,6.9800,6.6000,6.7800,2531200
20140108,6.9000,7.0200,6.8300,6.8300,2264800
20140109,6.7500,6.9400,6.7300,6.9000,2108900
20140110,6.7200,6.8200,6.6300,6.7500,1608700
20140113,6.7200,6.7200,6.7200,6.7200,0
20140114,6.7200,6.7200,6.7200,6.7200,0
20140115,6.7200,6.7200,6.7200,6.7200,0
20140116,6.7200,6.7200,6.7200,6.7200,0
20140117,6.7200,6.7200,6.7200,6.7200,0
20140120,6.7200,6.7200,6.7200,6.7200,0
20140121,6.7200,6.7200,6.7200,6.7200,0
20140122,6.7200,6.7200,6.7200,6.7200,0
20140123,6.7200,6.7200,6.7200,6.7200,0
20140124,6.7200,6.7200,6.7200,6.7200,0
20140127,6.7200,6.7200,6.7200,6.7200,0
20140128,7.3900,7.3900,7.0000,7.3900,11931500
20140129,8.1300,8.1300,7.5100,7.6000,23644600
20140130,7.9700,8.4300,7.8900,8.1300,18496700
20140131,7.9700,7.9700,7.9700,7.9700,0
20140203,7.9700,7.9700,7.9700,7.9700,0
20140205,7.9700,7.9700,7.9700,7.9700,0
20140206,7.9700,7.9700,7.9700,7.9700,0
20140207,8.4300,8.6000,7.8000,7.9000,15996200
20140210,8.4600,8.6600,8.3500,8.4800,15267600
20140211,8.6800,9.0000,8.3100,8.4000,13906600
20140212,8.6300,8.8800,8.4400,8.6000,8024300
20140213,8.4600,8.7600,8.4500,8.6400,7488700
20140214,9.0600,9.3100,8.8800,8.8800,20025800
20140217,8.8900,8.9800,8.6600,8.8400,13951000
20140218,8.8100,9.0200,8.6700,8.8800,9538500
20140219,8.8500,9.0000,8.7000,8.7900,6948900
20140220,8.5500,8.9200,8.4900,8.8100,6942600
20140221,8.2700,8.7100,8.2600,8.4700,5601000
20140224,8.5200,8.5700,8.0600,8.2700,6576200
20140225,8.6000,8.8400,8.3800,8.5400,8089400
