20130226,11.8200,12.2500,11.7800,12.1500,9640600
20130227,11.9500,12.0800,11.7300,11.8800,9006800
20130228,12.3100,12.3600,11.9300,12.0500,12807000
20130301,12.2000,12.3600,12.0300,12.3100,10562100
20130304,11.4200,12.0000,11.3500,11.9800,17697000
20130305,11.6000,11.6100,11.2600,11.4400,8718900
20130306,11.6000,11.7600,11.4900,11.7000,9931700
20130307,11.6400,11.7500,11.4100,11.6000,10315500
20130308,11.5400,11.7300,11.5400,11.6200,6017500
20130311,11.4500,11.5400,11.3100,11.4700,5567400
20130312,11.5700,11.7400,11.3900,11.4500,12315900
20130313,11.4200,11.5000,11.2900,11.5000,5216700
20130314,11.3000,11.5600,11.3000,11.3400,4390900
20130315,11.4200,11.6700,11.2800,11.3800,8498900
20130318,11.3200,11.6100,11.3100,11.4100,6773800
20130319,11.4000,11.4700,11.2700,11.4000,6010000
20130320,11.6600,11.6900,11.4000,11.4100,14457900
20130321,11.6200,11.6800,11.5600,11.6800,13604400
20130322,11.5300,11.6800,11.4300,11.5800,9451700
20130325,11.5400,11.6400,11.4700,11.5500,5742700
20130326,10.9200,11.4700,10.8700,11.4700,24667200
20130327,10.8000,10.9700,10.6500,10.9300,12611100
20130328,10.5900,10.7700,10.5400,10.6700,9895500
20130329,10.5700,10.6900,10.5500,10.6400,4836100
20130401,10.5900,10.6800,10.5000,10.5000,4758100
20130402,10.7000,10.8600,10.6000,10.6400,7050800
20130403,10.7500,10.8600,10.7000,10.7300,5891100
20130404,10.7500,10.7500,10.7500,10.7500,0
20130405,10.7500,10.7500,10.7500,10.7500,0
20130408,10.5000,10.6000,10.3600,10.5800,7523300
20130409,10.6300,10.7200,10.4700,10.5200,6762800
20130410,10.6000,10.6400,10.5000,10.6200,4904300
20130411,10.6200,10.7500,10.5600,10.6900,5673200
20130412,10.4800,10.6600,10.4800,10.5800,4021000
20130415,10.1200,10.4400,10.0500,10.4400,8237400
20130416,10.2800,10.2900,9.9900,10.0000,6028500
20130417,10.2400,10.3300,10.1200,10.3000,5675400
20130418,10.2100,10.3700,10.1300,10.1900,3961400
20130419,10.5100,10.5200,10.2300,10.2900,9081000
20130422,10.7100,10.9500,10.6400,10.6500,12865900
20130423,10.2900,10.7000,10.2600,10.7000,8829900
20130424,10.5000,10.5600,10.2300,10.2600,6711300
20130425,10.2700,10.5000,10.2500,10.5000,6695700
20130426,10.1400,10.3400,10.1000,10.3000,4802500
20130429,10.1400,10.1400,10.1400,10.1400,0
20130430,10.1400,10.1400,10.1400,10.1400,0
20130501,10.1400,10.1400,10.1400,10.1400,0
20130502,10.0200,10.1800,9.9900,10.0500,4272700
20130503,10.1500,10.3000,10.0600,10.0600,5326000
20130506,10.2900,10.3200,10.1600,10.1600,5570100
20130507,10.2600,10.3300,10.2100,10.2900,3924800
20130508,10.3600,10.4900,10.3100,10.3300,6957100
20130509,10.2300,10.4600,10.2200,10.3300,6251300
20130510,10.4200,10.4600,10.1900,10.2300,6481900
20130513,10.4500,10.5800,10.3500,10.4300,5903700
20130514,10.2600,10.5400,10.1400,10.4600,5415900
20130515,10.2100,10.3500,10.1700,10.2700,4606000
20130516,10.3700,10.3800,10.1100,10.1900,9316700
20130517,10.6200,10.6500,10.3600,10.3800,14105700
20130520,10.6400,10.7800,10.5600,10.6100,11119900
20130521,10.7300,10.8400,10.5600,10.6500,12614100
20130522,10.7100,10.7900,10.6100,10.7000,10203600
20130523,10.5000,10.6700,10.4600,10.6300,8888800
20130524,10.5300,10.6200,10.4600,10.5500,7029900
20130527,10.4300,10.5900,10.4000,10.5600,7964400
20130528,10.6500,10.6500,10.3600,10.4400,10447400
20130529,10.6300,10.7900,10.6100,10.6500,11773800
20130530,10.5200,10.6000,10.4800,10.5900,6934900
20130531,10.4900,10.6200,10.4700,10.5300,7078500
20130603,10.5800,10.6600,10.4800,10.5000,6187100
20130604,10.3300,10.6000,10.3200,10.5900,6824500
20130605,10.2200,10.3800,10.1800,10.3200,5398300
20130606,10.2500,10.3800,10.2200,10.2200,4973200
20130607,9.9900,10.2200,9.9900,10.2100,6812900
20130610,9.9900,9.9900,9.9900,9.9900,0
20130611,9.9900,9.9900,9.9900,9.9900,0
20130612,9.9900,9.9900,9.9900,9.9900,0
20130613,9.5100,9.9300,9.3600,9.9100,8418300
20130614,9.4100,9.5600,9.3900,9.5500,9509700
20130617,9.3000,9.4500,9.2200,9.4000,5355800
20130618,9.2600,9.3900,9.2000,9.3400,4550000
20130619,9.1500,9.2800,8.9600,9.2700,7233700
20130620,8.9100,9.1300,8.8900,9.0700,5718600
20130621,8.8600,8.9200,8.7500,8.8000,5979300
20130624,8.2200,8.8900,8.1100,8.8800,7826300
20130625,7.9000,8.2000,7.4000,8.0600,14173300
20130626,7.7500,7.9100,7.6000,7.8900,10312300
20130627,7.7900,8.0300,7.7600,7.8100,10224700
20130628,7.8500,8.0200,7.6500,7.7700,7532500
20130701,7.7700,7.9000,7.6000,7.8000,8057500
20130702,7.7000,7.8000,7.6300,7.7700,5959400
20130703,7.6800,7.7000,7.4400,7.7000,7052800
20130704,7.7700,7.9100,7.4700,7.5900,9775600
20130705,7.8400,7.9800,7.7300,7.7700,8702400
20130708,7.5800,7.7600,7.4300,7.7500,7477400
20130709,7.4600,7.5500,7.4300,7.5100,4950300
20130710,7.7500,7.7800,7.4200,7.4600,7968500
20130711,8.2200,8.3700,7.7500,7.7500,19386900
20130712,7.9200,8.2100,7.8800,8.1200,10705900
20130715,7.9700,8.1500,7.9100,7.9200,8385900
20130716,8.0000,8.0300,7.8300,7.9300,7619800
20130717,7.8900,8.0800,7.8400,8.0000,9123300
20130718,7.6900,7.8800,7.6200,7.8300,8170900
20130719,7.4600,7.7200,7.4500,7.6400,9621200
20130722,7.5200,7.5600,7.4000,7.4300,6265700
20130723,7.7400,7.7700,7.5000,7.5400,8706300
20130724,7.5900,7.7200,7.4900,7.7000,8920400
20130725,7.5900,7.6800,7.5400,7.6200,6480700
20130726,7.5000,7.5900,7.4600,7.5500,5490300
20130729,7.3500,7.4700,7.3300,7.4600,6549200
20130730,7.4600,7.5700,7.3300,7.3700,6251100
20130731,7.4800,7.6400,7.4400,7.5200,3982800
20130801,7.6400,7.6700,7.5000,7.5000,7846900
20130802,7.6300,7.7400,7.6300,7.7000,6839900
20130805,7.8000,7.8600,7.5500,7.6300,8841600
20130806,7.9600,8.0400,7.7000,7.7900,13388800
20130807,7.8500,8.0200,7.8300,7.9000,9774800
20130808,7.7900,7.9000,7.7600,7.8300,6224900
20130809,7.8200,7.9000,7.7500,7.8300,7367800
20130812,8.1300,8.1400,7.8400,7.9100,17614300
20130813,8.2400,8.3700,8.1100,8.1500,17098400
20130814,8.1400,8.3000,8.1000,8.2500,12699500
20130815,8.0000,8.1800,7.9700,8.1200,8183300
20130816,7.9400,8.3000,7.9100,7.9800,14314900
20130819,8.0000,8.0500,7.8300,7.8800,8331200
20130820,7.8800,8.0600,7.8300,7.9900,9130600
20130821,7.8800,7.9900,7.8200,7.9900,4994100
20130822,7.8500,7.9800,7.8300,7.8800,5577000
20130823,7.7500,7.9300,7.6400,7.8900,8353600
20130826,7.9000,7.9100,7.7200,7.7600,8817700
20130827,7.9700,7.9700,7.8800,7.9200,8343600
20130828,7.9600,8.0600,7.8000,7.9300,11763800
20130829,7.9100,7.9900,7.8700,7.9800,7593200
20130830,8.0900,8.0900,7.8100,7.8700,20398600
20130902,8.4600,8.7400,7.9600,8.1200,37703700
20130903,8.3800,8.4400,8.2800,8.3200,14176300
20130904,8.3000,8.4800,8.2900,8.3700,10616200
20130905,8.1700,8.3200,8.1400,8.3000,9268900
20130906,8.1900,8.3000,8.1500,8.1800,7065400
20130909,8.3900,8.4500,8.1900,8.1900,15640800
20130910,8.8300,8.9500,8.4300,8.4600,38618100
20130911,9.3200,9.5100,8.8600,8.8700,48993900
20130912,9.0600,9.3000,9.0200,9.3000,20143000
20130913,8.7600,9.1900,8.6900,9.0000,21138700
20130916,8.6900,8.8600,8.6300,8.8300,13580500
20130917,8.5100,8.7800,8.5100,8.6700,10841300
20130918,8.5500,8.6100,8.4800,8.4800,8078600
20130920,8.5500,8.5500,8.5500,8.5500,0
20130923,8.7000,8.7200,8.5600,8.5600,10982900
20130924,8.4300,8.6900,8.3700,8.6900,17426200
20130925,8.2700,8.4400,8.2600,8.4300,11287600
20130926,8.1300,8.3100,8.0800,8.2600,10676100
20130927,8.2000,8.2500,8.1300,8.1300,6367200
20130930,8.2800,8.3300,8.2000,8.2200,5185500
20131001,8.2800,8.2800,8.2800,8.2800,0
20131002,8.2800,8.2800,8.2800,8.2800,0
20131003,8.2800,8.2800,8.2800,8.2800,0
20131004,8.2800,8.2800,8.2800,8.2800,0
20131007,8.2800,8.2800,8.2800,8.2800,0
20131008,8.3900,8.4000,8.1600,8.2400,7172100
20131009,8.4200,8.4200,8.3200,8.3500,7616800
20131010,8.1800,8.4400,8.1600,8.4100,10455000
20131011,8.3400,8.3700,8.2200,8.2500,7846800
20131014,8.4600,8.5400,8.3200,8.3700,14098900
20131015,8.6100,8.6200,8.3100,8.4600,17405300
20131016,8.3400,8.5200,8.2800,8.5200,11284600
20131017,8.3300,8.4400,8.3100,8.4000,6878800
20131018,8.3200,8.3900,8.3100,8.3300,5275100
20131021,8.3700,8.4000,8.1900,8.3200,9095500
20131022,8.3500,8.4200,8.2700,8.3400,10954000
20131023,8.1300,8.4000,8.1000,8.3700,13913800
20131024,7.9900,8.1400,7.9700,8.1000,8307900
20131025,7.8500,8.0400,7.7900,7.9600,7815600
20131028,8.0100,8.0300,7.9100,7.9100,7264500
20131029,7.8100,8.0500,7.7400,8.0100,8909500
20131030,7.9100,7.9500,7.7700,7.8100,7047300
20131031,7.8800,7.9200,7.8200,7.8800,5820600
20131101,7.9000,7.9600,7.8700,7.8800,4617600
20131104,7.9400,7.9700,7.8900,7.9600,4691200
20131105,7.9200,7.9500,7.8200,7.9100,7453400
20131106,7.9600,8.0800,7.8300,7.9000,13882600
20131107,8.0000,8.0600,7.8600,7.9200,11178000
20131108,7.8700,8.0300,7.8500,7.9800,7302300
20131111,7.7300,7.8700,7.7200,7.8200,6300900
20131112,7.7600,7.8000,7.7200,7.7500,8387600
20131113,7.5700,7.7400,7.5200,7.7400,8159600
20131114,7.5900,7.6200,7.5100,7.5900,5630700
20131115,7.7300,7.7800,7.5800,7.6000,10230200
20131118,7.9000,7.9200,7.7300,7.7700,13363800
20131119,7.8700,7.9600,7.8600,7.9100,9699500
20131120,7.9100,7.9700,7.8400,7.9700,6931900
20131121,7.8800,7.8900,7.8100,7.8900,6992000
20131122,7.8400,7.9400,7.8300,7.8900,6068800
20131125,7.8400,7.9300,7.8100,7.8200,5220400
20131126,7.8400,7.8700,7.7900,7.8400,4823300
20131127,7.8700,7.9000,7.8000,7.8300,6818100
20131128,8.0400,8.0700,7.8800,7.8800,16918500
20131129,7.9800,8.0700,7.9600,8.0600,9117700
20131202,7.7000,7.9600,7.6500,7.9000,15391700
20131203,7.8500,7.9100,7.6600,7.6800,10199000
20131204,8.1100,8.2100,7.8400,7.8500,26460100
20131205,8.0900,8.1200,8.0300,8.0700,11868600
20131206,8.0700,8.1400,8.0300,8.0500,9120800
20131209,8.0900,8.1500,8.0600,8.1000,8484500
20131210,7.9700,8.1200,7.9500,8.1000,10485300
20131211,7.8800,7.9700,7.8200,7.9600,8875900
20131212,7.8600,7.9200,7.7900,7.8600,6574800
20131213,7.8500,7.9300,7.7800,7.8000,6647300
20131216,7.7200,7.8900,7.6900,7.8900,7427700
20131217,7.6900,7.7600,7.6900,7.7000,4875100
20131218,7.8100,7.8200,7.7000,7.7200,6249300
20131219,7.7300,7.8800,7.7200,7.8100,5145900
20131220,7.5700,7.7900,7.5400,7.7900,6663600
20131223,7.5600,7.6300,7.5000,7.6300,3989800
20131224,7.5800,7.6300,7.5300,7.5900,3757100
20131225,7.6300,7.6500,7.5700,7.6000,3678700
20131226,7.4000,7.6500,7.4000,7.5900,6979600
20131227,7.5300,7.5800,7.4100,7.4500,6696400
20131230,7.5500,7.6000,7.5200,7.5600,5145600
20131231,7.6100,7.6300,7.4900,7.5000,4904300
20140101,7.6100,7.6100,7.6100,7.6100,0
20140102,7.5700,7.6200,7.5400,7.5900,4615500
20140103,7.5000,7.6200,7.4600,7.5400,4787800
20140106,7.2300,7.5200,7.2200,7.5000,8279300
20140107,7.2800,7.3200,7.1700,7.1800,3308400
20140108,7.1700,7.3500,7.1500,7.2800,5254100
20140109,7.0800,7.2400,7.0500,7.1600,5385600
20140110,6.8900,7.0600,6.8000,7.0500,9101800
20140113,6.8800,6.9200,6.8500,6.8800,4518900
20140114,6.9800,7.0400,6.8500,6.8600,4588600
20140115,6.8800,7.0000,6.7900,6.9900,4023000
20140116,6.8900,6.9800,6.8000,6.8600,4618600
20140117,6.8000,6.8800,6.7800,6.8500,4888600
20140120,6.8100,6.8400,6.7200,6.7900,3412600
20140121,6.8700,6.9200,6.8200,6.8400,3659200
20140122,7.0600,7.0700,6.8700,6.8800,7270100
20140123,7.0000,7.0600,6.9800,7.0600,4981300
20140124,7.0200,7.0900,6.9400,6.9700,5118000
20140127,6.9400,7.0000,6.9200,6.9600,4391200
20140128,6.9400,7.0200,6.9200,6.9700,3041500
20140129,6.9600,7.0000,6.9300,6.9600,3898300
20140130,6.8800,6.9700,6.8700,6.9700,3587900
20140131,6.8800,6.8800,6.8800,6.8800,0
20140203,6.8800,6.8800,6.8800,6.8800,0
20140205,6.8800,6.8800,6.8800,6.8800,0
20140206,6.8800,6.8800,6.8800,6.8800,0
20140207,6.9000,6.9100,6.7900,6.8400,3496300
20140210,7.0900,7.1200,6.9200,6.9400,9323400
20140211,7.1800,7.2400,7.0600,7.0800,12238600
20140212,7.1600,7.2100,7.1100,7.1800,7003600
20140213,7.0500,7.1600,7.0500,7.1500,8017900
20140214,7.1300,7.1500,7.0300,7.0500,6256300
20140217,7.2000,7.2300,7.1200,7.1800,8244600
20140218,7.1400,7.2200,7.0900,7.2100,7259100
20140219,7.1400,7.1800,7.0900,7.1100,8405900
20140220,7.2300,7.5100,7.0900,7.1500,22659300
20140221,7.0900,7.2300,7.0700,7.1800,12326000
20140224,6.8900,7.0800,6.8500,7.0600,8260200
20140225,6.7700,6.9400,6.7500,6.9000,8353400
