20130226,3.5400,3.6000,3.4900,3.5900,5963500
20130227,3.5400,3.5600,3.5100,3.5300,3226600
20130228,3.5900,3.6000,3.5200,3.5400,3277900
20130301,3.6200,3.6200,3.5800,3.6000,3800600
20130304,3.5100,3.6000,3.4800,3.6000,4444100
20130305,3.5800,3.5900,3.5000,3.5000,3207300
20130306,3.6300,3.6500,3.5800,3.5900,5277300
20130307,3.6300,3.6700,3.5900,3.6400,4114900
20130308,3.6200,3.6500,3.6100,3.6200,3062900
20130311,3.6000,3.6500,3.6000,3.6100,3324000
20130312,3.5200,3.6500,3.4800,3.6100,4954800
20130313,3.4800,3.5200,3.4500,3.5100,2781400
20130314,3.5100,3.5800,3.4800,3.4800,2347800
20130315,3.5100,3.5900,3.4700,3.5300,2489300
20130318,3.4200,3.5100,3.4100,3.5100,2864300
20130319,3.4500,3.4600,3.3700,3.4300,2723500
20130320,3.5100,3.5100,3.4300,3.4500,2444000
20130321,3.7100,3.8500,3.5200,3.5200,29384300
20130322,3.6500,3.6700,3.6100,3.6200,11493100
20130325,3.6600,3.6800,3.6200,3.6400,5425200
20130326,3.6200,3.6600,3.6100,3.6500,4175400
20130327,3.5900,3.6500,3.5800,3.6200,3488200
20130328,3.4900,3.5900,3.4700,3.5800,7167900
20130329,3.5300,3.6100,3.5000,3.5000,5238000
20130401,3.5900,3.6200,3.5400,3.5400,3265200
20130402,3.5300,3.5900,3.5000,3.5900,3218500
20130403,3.5000,3.5500,3.4800,3.5300,2183000
20130404,3.5000,3.5000,3.5000,3.5000,0
20130405,3.5000,3.5000,3.5000,3.5000,0
20130408,3.4600,3.4700,3.3900,3.4500,2649000
20130409,3.5100,3.5200,3.4700,3.4700,1792000
20130410,3.4700,3.5200,3.4600,3.5000,1637400
20130411,3.5300,3.5900,3.4800,3.5000,3740500
20130412,3.4800,3.5500,3.4700,3.5200,1922700
20130415,3.5100,3.5400,3.4300,3.4800,3793900
20130416,3.5200,3.5400,3.4400,3.4800,3127600
20130417,3.5500,3.5600,3.5000,3.5200,2551400
20130418,3.5600,3.5900,3.5200,3.5300,3371300
20130419,3.5900,3.6300,3.5400,3.5400,5572800
20130422,3.5600,3.5900,3.5400,3.5800,2996200
20130423,3.4600,3.5800,3.4500,3.5600,3599100
20130424,3.5000,3.5200,3.4600,3.4600,2251100
20130425,3.5600,3.6400,3.4700,3.5000,6344100
20130426,3.4700,3.5400,3.4500,3.5300,3829400
20130429,3.4700,3.4700,3.4700,3.4700,0
20130430,3.4700,3.4700,3.4700,3.4700,0
20130501,3.4700,3.4700,3.4700,3.4700,0
20130502,3.5000,3.6000,3.4600,3.4800,4106400
20130503,3.6000,3.6100,3.5200,3.5200,7670800
20130506,3.6500,3.6600,3.5900,3.6000,6974100
20130507,3.6300,3.6600,3.6000,3.6500,4389200
20130508,3.6400,3.6700,3.6100,3.6400,5368100
20130509,3.6900,3.7500,3.6200,3.6300,10261200
20130510,3.7700,3.7800,3.6600,3.7000,10488600
20130513,3.7600,3.8300,3.7300,3.7700,7252000
20130514,3.7200,3.7600,3.6700,3.7600,5291300
20130515,3.7200,3.7300,3.6800,3.7100,3606000
20130516,3.8000,3.8400,3.6900,3.7200,9014500
20130517,3.7800,3.8700,3.7400,3.8000,6817800
20130520,3.8200,3.8300,3.7600,3.7900,6813500
20130521,3.8100,3.8400,3.7700,3.8300,7976900
20130522,3.7400,3.8100,3.7200,3.8100,7113800
20130523,3.8000,3.8000,3.6900,3.7300,7004200
20130524,3.8300,3.8400,3.7700,3.8100,9565200
20130527,3.8500,3.9100,3.8100,3.8500,7401600
20130528,3.8300,3.8700,3.7900,3.8600,5159700
20130529,3.8700,3.8900,3.8100,3.8300,5974400
20130530,3.8400,3.9000,3.8200,3.8800,5246300
20130531,3.7800,3.8600,3.7800,3.8500,5017700
20130603,3.7400,3.8000,3.7200,3.7700,4299600
20130604,3.7400,3.7800,3.7100,3.7300,4040300
20130605,3.7100,3.7700,3.6900,3.7200,2325300
20130606,3.6600,3.7200,3.6500,3.7200,3079800
20130607,3.6400,3.6800,3.6000,3.6500,3089900
20130610,3.6400,3.6400,3.6400,3.6400,0
20130611,3.6400,3.6400,3.6400,3.6400,0
20130612,3.6400,3.6400,3.6400,3.6400,0
20130613,3.5500,3.6200,3.4400,3.6200,3975700
20130614,3.5400,3.5500,3.5000,3.5500,2667400
20130617,3.6300,3.6300,3.5200,3.5400,3831500
20130618,3.6300,3.7000,3.6000,3.6300,2848400
20130619,3.5900,3.6500,3.5400,3.6100,1957300
20130620,3.4900,3.5900,3.4800,3.5900,1580000
20130621,3.4700,3.4900,3.4000,3.4500,1627600
20130624,3.2200,3.4900,3.1500,3.4500,3342300
20130625,3.2800,3.2800,2.9800,3.1900,4321200
20130626,3.2600,3.2700,3.1700,3.2300,2117000
20130627,3.1800,3.2800,3.1600,3.2700,2343200
20130628,3.2300,3.2800,3.1500,3.1800,5053300
20130701,3.3000,3.3200,3.1900,3.2300,4118500
20130702,3.2900,3.3500,3.2500,3.3000,2602200
20130703,3.2400,3.2800,3.1600,3.2800,2242200
20130704,3.2400,3.2900,3.1700,3.2300,2804100
20130705,3.2200,3.2600,3.2000,3.2600,2852400
20130708,3.1200,3.1600,3.0800,3.1500,2773600
20130709,3.1100,3.1300,3.0800,3.1000,1847500
20130710,3.1600,3.1700,3.0900,3.1100,2359400
20130711,3.2700,3.2900,3.1700,3.1800,3736100
20130712,3.2500,3.2800,3.2200,3.2700,2664500
20130715,3.2700,3.2800,3.2300,3.2400,2544300
20130716,3.3000,3.3000,3.2500,3.2700,2142700
20130717,3.3000,3.3600,3.2400,3.2900,4390900
20130718,3.2500,3.2800,3.2200,3.2800,1508600
20130719,3.1800,3.2500,3.1600,3.2500,2243600
20130722,3.1800,3.1900,3.1300,3.1600,1961900
20130723,3.2400,3.2600,3.1600,3.2000,3358000
20130724,3.2400,3.2400,3.1800,3.2400,2062800
20130725,3.2000,3.2500,3.1700,3.2400,3463800
20130726,3.1800,3.2000,3.1600,3.2000,1274900
20130729,3.1400,3.1800,3.1200,3.1600,1735800
20130730,3.1500,3.1700,3.1100,3.1600,1437600
20130731,3.1600,3.1900,3.1500,3.1700,1378700
20130801,3.2200,3.2300,3.1600,3.1600,3162900
20130802,3.2300,3.2500,3.1800,3.2300,3824200
20130805,3.2500,3.2600,3.2000,3.2300,4595700
20130806,3.2800,3.3200,3.2300,3.2500,4699100
20130807,3.2500,3.3000,3.2500,3.2800,3081300
20130808,3.2800,3.3300,3.2300,3.2400,3928300
20130809,3.3300,3.3500,3.2600,3.2800,4909800
20130812,3.3600,3.3600,3.3000,3.3400,5120000
20130813,3.3700,3.3700,3.3300,3.3400,2883100
20130814,3.4200,3.4400,3.3500,3.3700,7335600
20130815,3.3400,3.4700,3.3300,3.4000,5140900
20130816,3.2900,3.3800,3.2800,3.3300,3652700
20130819,3.3800,3.3800,3.2600,3.2600,2901100
20130820,3.3600,3.4100,3.3200,3.3700,3804700
20130821,3.3800,3.3800,3.3300,3.3500,2104100
20130822,3.4100,3.4600,3.3500,3.3600,3954000
20130823,3.4000,3.4400,3.3500,3.4400,4346500
20130826,3.3900,3.4100,3.3000,3.4100,8925000
20130827,3.3900,3.4000,3.3600,3.3700,4840500
20130828,3.4000,3.4300,3.3700,3.3800,5828300
20130829,3.5100,3.5100,3.3600,3.4000,11791200
20130830,3.6000,3.7200,3.5300,3.5500,20109200
20130902,3.5200,3.5800,3.4400,3.5500,8590700
20130903,3.5600,3.5600,3.4800,3.5100,4848400
20130904,3.5200,3.5600,3.4800,3.5400,6075700
20130905,3.4900,3.5400,3.4600,3.5100,4579400
20130906,3.5000,3.5000,3.4600,3.4700,2709200
20130909,3.5200,3.5300,3.4800,3.4800,4173800
20130910,3.5800,3.6000,3.5300,3.5300,4828000
20130911,3.5800,3.6000,3.5400,3.5800,4598500
20130912,3.6000,3.6300,3.5500,3.5600,4290100
20130913,3.5900,3.6000,3.5200,3.5900,4870100
20130916,3.5600,3.5900,3.5200,3.5700,3203500
20130917,3.5600,3.6700,3.5200,3.5700,6605400
20130918,3.5600,3.5700,3.5100,3.5300,2606500
20130920,3.5600,3.5600,3.5600,3.5600,0
20130923,3.9200,3.9200,3.9200,3.9200,7916200
20130924,4.3100,4.3100,4.3100,4.3100,7645900
20130925,4.7400,4.7400,4.5800,4.7400,70016896
20130926,4.3000,4.6900,4.2700,4.5000,63457100
20130927,4.2700,4.3200,4.1200,4.2000,28808600
20130930,4.2500,4.3200,4.1700,4.2500,18955800
20131001,4.2500,4.2500,4.2500,4.2500,0
20131002,4.2500,4.2500,4.2500,4.2500,0
20131003,4.2500,4.2500,4.2500,4.2500,0
20131004,4.2500,4.2500,4.2500,4.2500,0
20131007,4.2500,4.2500,4.2500,4.2500,0
20131008,4.2500,4.2900,4.1600,4.2200,17414100
20131009,4.5100,4.5700,4.1800,4.2300,43457900
20131010,4.4600,4.5700,4.3500,4.5000,30205500
20131011,4.4700,4.6200,4.4000,4.5000,22730900
20131014,4.3400,4.5000,4.3000,4.4800,16752100
20131015,4.3700,4.3800,4.1900,4.3300,15858200
20131016,4.2600,4.3600,4.2200,4.3300,11220900
20131017,4.1800,4.2900,4.1600,4.2900,9512800
20131018,4.1800,4.2300,4.1300,4.1800,6862200
20131021,4.2800,4.2900,4.1800,4.2200,8776500
20131022,4.2100,4.3300,4.2000,4.2700,7686200
20131023,3.9800,4.2100,3.9700,4.2100,11130400
20131024,3.9700,4.0400,3.9400,4.0000,5963600
20131025,3.9300,3.9900,3.8700,3.9700,5497500
20131028,3.9500,3.9900,3.9200,3.9800,3767200
20131029,3.7600,4.0000,3.7200,3.9700,8713700
20131030,3.8800,3.8900,3.7300,3.7800,6029200
20131031,3.8600,3.8900,3.8200,3.8800,3272100
20131101,3.8300,3.8700,3.7800,3.8600,3321800
20131104,3.9100,3.9500,3.8200,3.8700,4085600
20131105,3.9100,3.9200,3.8100,3.8700,4518000
20131106,3.9100,3.9800,3.8900,3.8900,4827800
20131107,3.8600,3.9100,3.8400,3.8800,3942800
20131108,3.7600,3.8600,3.7100,3.8500,3339600
20131111,3.8100,3.8300,3.7200,3.7300,2672100
20131112,3.8500,3.8500,3.7700,3.8200,2634600
20131113,3.8600,4.0400,3.8500,3.9800,7407500
20131114,3.8900,3.9200,3.7500,3.7500,3809100
20131115,3.9800,3.9800,3.8400,3.8600,5060600
20131118,4.0200,4.0300,3.9500,4.0000,5352200
20131119,4.1700,4.3200,4.0000,4.0000,15395500
20131120,4.1800,4.2100,4.1400,4.1400,4551700
20131121,4.1000,4.1900,4.0900,4.1800,5639400
20131122,4.1700,4.2800,4.1400,4.1600,6894900
20131125,4.1300,4.1700,4.1000,4.1500,3912200
20131126,4.1500,4.1600,4.0900,4.1300,3324500
20131127,4.2500,4.2700,4.1000,4.1500,6746700
20131128,4.1900,4.2800,4.1600,4.2800,5888300
20131129,4.2000,4.2400,4.1500,4.1800,4492100
20131202,3.9600,4.1800,3.8500,4.1800,7860100
20131203,3.9900,4.0200,3.9100,3.9200,3303800
20131204,4.0700,4.0800,3.9700,3.9800,3890500
20131205,4.0500,4.0900,4.0300,4.0500,2525800
20131206,4.0700,4.1700,4.0500,4.0500,3897700
20131209,4.1600,4.1800,4.0800,4.0800,4219300
20131210,4.1700,4.2400,4.1600,4.1800,4709100
20131211,4.0900,4.2700,4.0000,4.2600,10223500
20131212,4.0600,4.1000,4.0300,4.0500,3316800
20131213,4.0900,4.0900,4.0500,4.0600,2140100
20131216,4.1500,4.3500,4.1400,4.2400,10312200
20131217,4.0900,4.1400,4.0400,4.1000,4994200
20131218,4.0700,4.1100,4.0600,4.1000,1738700
20131219,4.0200,4.1000,4.0100,4.0700,1938900
20131220,4.0100,4.0400,3.9100,4.0300,3386100
20131223,3.9200,4.0200,3.9100,4.0100,2035400
20131224,3.9300,3.9800,3.9200,3.9300,1345500
20131225,3.9600,3.9800,3.9000,3.9300,1356600
20131226,3.8900,3.9700,3.8900,3.9700,1492000
20131227,3.9300,3.9500,3.8900,3.8900,1218100
20131230,3.9900,4.0000,3.9300,3.9700,2593700
20131231,4.0100,4.0300,3.9500,3.9700,1960500
20140101,4.0100,4.0100,4.0100,4.0100,0
20140102,4.0700,4.1100,3.9900,4.0100,3323200
20140103,4.0500,4.1300,4.0400,4.0900,2007400
20140106,3.9100,4.0500,3.9000,4.0500,2279500
20140107,3.9900,4.0100,3.8900,3.9000,2956300
20140108,4.0300,4.0500,3.9600,3.9600,2632000
20140109,3.9200,4.0300,3.9200,4.0100,1629600
20140110,3.7600,3.9800,3.7500,3.9300,2271600
20140113,3.6800,3.7900,3.6200,3.7500,4062000
20140114,3.7500,3.7500,3.6500,3.6700,2696500
20140115,3.8300,3.8600,3.7100,3.7100,2411200
20140116,3.9900,3.9900,3.8100,3.8300,3832900
20140117,4.0600,4.1200,3.9400,3.9900,6634400
20140120,4.0200,4.1300,3.9900,4.0500,2879200
20140121,4.0400,4.0500,3.9900,4.0100,1551300
20140122,4.0900,4.1200,4.0400,4.0400,2705100
20140123,4.1000,4.1000,4.0600,4.0900,2080300
20140124,4.1200,4.1400,4.0700,4.1000,3084600
20140127,4.0500,4.1500,4.0400,4.1000,4144000
20140128,4.0700,4.0800,3.9900,4.0500,2284300
20140129,4.1400,4.1900,4.0800,4.0800,4750700
20140130,4.1500,4.2000,4.1100,4.1300,2698800
20140131,4.1500,4.1500,4.1500,4.1500,0
20140203,4.1500,4.1500,4.1500,4.1500,0
20140205,4.1500,4.1500,4.1500,4.1500,0
20140206,4.1500,4.1500,4.1500,4.1500,0
20140207,4.1700,4.1800,4.0700,4.1400,2920800
20140210,4.4300,4.4800,4.1500,4.1500,17638400
20140211,4.6000,4.7500,4.3600,4.4300,27429600
20140212,4.6000,4.6500,4.4800,4.6200,11280700
20140213,4.5300,4.7900,4.5000,4.6000,15624900
20140214,4.7100,4.7500,4.5600,4.5800,15834700
20140217,5.0800,5.1800,4.7400,4.7400,18048500
20140218,5.0800,5.0800,5.0800,5.0800,0
20140219,5.0800,5.0800,5.0800,5.0800,0
20140220,5.0800,5.0800,5.0800,5.0800,0
20140221,5.0800,5.0800,5.0800,5.0800,0
20140224,5.0800,5.0800,5.0800,5.0800,0
20140225,5.0800,5.0800,5.0800,5.0800,0
