20130226,2.4900,2.5900,2.4600,2.5800,7588200
20130227,2.4900,2.5200,2.4500,2.4900,4289800
20130228,2.5500,2.5700,2.4900,2.4900,5216000
20130301,2.6100,2.6400,2.5300,2.5500,6298800
20130304,2.5100,2.6000,2.4800,2.6000,6000200
20130305,2.5700,2.5800,2.5000,2.5000,4270900
20130306,2.6600,2.6600,2.5800,2.5800,5777700
20130307,2.6300,2.6900,2.6000,2.6800,5856600
20130308,2.6500,2.6700,2.6000,2.6300,6936400
20130311,2.6800,2.7100,2.6300,2.6500,9103600
20130312,2.5700,2.7100,2.5500,2.7100,11920200
20130313,2.5200,2.5800,2.4600,2.5400,4809200
20130314,2.5500,2.5600,2.5000,2.5000,4010300
20130315,2.5400,2.5700,2.5000,2.5400,4015000
20130318,2.5100,2.5400,2.5100,2.5300,3858700
20130319,2.5600,2.5600,2.4700,2.5000,4309000
20130320,2.6900,2.6900,2.5500,2.5600,11475500
20130321,2.7300,2.8200,2.6800,2.7400,14716100
20130322,2.7800,2.7800,2.6800,2.7300,9004600
20130325,2.9200,2.9200,2.7700,2.7800,16429800
20130326,2.9300,2.9900,2.8400,2.9600,17397200
20130327,3.0100,3.0100,2.8900,2.9300,10510500
20130328,3.0300,3.0900,2.8700,2.9800,19531300
20130329,2.9300,3.1100,2.8800,3.0000,13348400
20130401,2.9500,2.9700,2.8900,2.9100,6801700
20130402,2.8900,2.9900,2.8400,2.9600,10237900
20130403,2.7500,2.9100,2.7500,2.9000,11106100
20130404,2.7500,2.7500,2.7500,2.7500,0
20130405,2.7500,2.7500,2.7500,2.7500,0
20130408,2.7000,2.7200,2.6100,2.7000,5954200
20130409,2.7600,2.7700,2.6700,2.6700,5177700
20130410,2.6900,2.7800,2.6300,2.7600,5444100
20130411,2.6600,2.7100,2.6600,2.6700,3849200
20130412,2.6700,2.7100,2.6300,2.6500,4232100
20130415,2.6200,2.6600,2.5600,2.6500,4232100
20130416,2.6400,2.6400,2.5700,2.5900,4403000
20130417,2.6300,2.6600,2.6100,2.6400,3222600
20130418,2.6300,2.6300,2.6300,2.6300,0
20130419,2.8900,2.8900,2.8900,2.8900,2182200
20130422,2.9300,3.1000,2.9000,3.0000,40762800
20130423,2.7500,3.0100,2.7500,2.9100,21374400
20130424,3.0300,3.0300,2.8000,2.8600,29334300
20130425,2.9800,3.1700,2.9800,3.0700,41763700
20130426,2.8800,2.9300,2.8300,2.9200,21157700
20130429,2.8800,2.8800,2.8800,2.8800,0
20130430,2.8800,2.8800,2.8800,2.8800,0
20130501,2.8800,2.8800,2.8800,2.8800,0
20130502,2.8600,2.9900,2.8500,2.8600,11140400
20130503,2.8400,2.9100,2.8300,2.8700,12400200
20130506,2.8100,2.8500,2.7400,2.8500,13618500
20130507,2.7800,2.8000,2.7500,2.8000,8172900
20130508,2.8100,2.8200,2.7500,2.7800,8806700
20130509,2.7400,2.8200,2.7300,2.7900,8268500
20130510,2.7500,2.7800,2.7200,2.7200,6851100
20130513,2.7600,2.7800,2.7400,2.7400,5613500
20130514,2.7600,2.7700,2.7300,2.7600,3580600
20130515,2.8700,2.9400,2.7700,2.7800,18712300
20130516,2.8600,2.9100,2.8100,2.8500,11997500
20130517,2.8600,2.8600,2.8100,2.8500,7785800
20130520,2.8400,2.8600,2.8100,2.8600,9987200
20130521,2.9100,2.9500,2.7900,2.8400,17289700
20130522,2.8400,2.9000,2.8400,2.8900,9841900
20130523,2.8300,2.8700,2.8300,2.8400,5462400
20130524,2.8400,2.8500,2.8100,2.8100,5410100
20130527,2.8300,2.8500,2.8100,2.8400,5150800
20130528,2.8900,2.9000,2.8200,2.8300,12817600
20130529,2.9100,2.9600,2.8600,2.8800,12262600
20130530,2.8800,2.9300,2.8800,2.8900,6615900
20130531,2.8400,2.8900,2.8400,2.8800,4315100
20130603,2.8400,2.8700,2.8400,2.8400,3723100
20130604,2.7700,2.8500,2.7600,2.8400,6277400
20130605,2.8000,2.8300,2.7600,2.7700,5498300
20130606,2.7700,2.8200,2.7600,2.8000,3826600
20130607,2.6800,2.7900,2.6600,2.7500,4676200
20130610,2.6800,2.6800,2.6800,2.6800,0
20130611,2.6800,2.6800,2.6800,2.6800,0
20130612,2.6800,2.6800,2.6800,2.6800,0
20130613,2.5100,2.6600,2.4900,2.6600,4177000
20130614,2.5600,2.5900,2.5000,2.5000,2715600
20130617,2.5700,2.5900,2.5400,2.5700,2453800
20130618,2.5500,2.5800,2.5100,2.5700,3388200
20130619,2.5100,2.5500,2.4500,2.5500,2979100
20130620,2.3600,2.5100,2.3200,2.5100,3620100
20130621,2.3900,2.4200,2.2900,2.3500,3534900
20130624,2.2000,2.3900,2.1800,2.3600,3304800
20130625,2.1500,2.2000,1.9900,2.1800,4564200
20130626,2.1600,2.1800,2.1000,2.1500,2836600
20130627,2.1400,2.2200,2.1200,2.1600,4423100
20130628,2.1300,2.1700,2.1000,2.1500,2806800
20130701,2.1700,2.1800,2.1300,2.1300,2118100
20130702,2.2300,2.2300,2.1500,2.1700,3980700
20130703,2.1800,2.2600,2.1600,2.2500,2728700
20130704,2.1900,2.2000,2.0800,2.1700,3197400
20130705,2.2000,2.2200,2.1700,2.1800,2520700
20130708,2.0900,2.1800,2.0800,2.1800,2536300
20130709,2.1000,2.1100,2.0700,2.1000,1629100
20130710,2.1500,2.1600,2.0900,2.1000,2602100
20130711,2.2000,2.2300,2.1400,2.1600,4132100
20130712,2.1800,2.2300,2.1600,2.2000,4273000
20130715,2.2100,2.2100,2.1600,2.1600,2761300
20130716,2.4300,2.4300,2.1900,2.2000,23336400
20130717,2.3200,2.3900,2.3000,2.3800,16742400
20130718,2.3900,2.4700,2.3400,2.3500,19444900
20130719,2.3100,2.3800,2.3000,2.3700,8635200
20130722,2.2800,2.3000,2.2100,2.3000,5229500
20130723,2.3100,2.3300,2.2800,2.2800,5197200
20130724,2.2900,2.3200,2.2400,2.3000,4054200
20130725,2.2700,2.3000,2.2500,2.2900,2837500
20130726,2.2600,2.2700,2.2200,2.2400,2512900
20130729,2.1800,2.2600,2.1800,2.2500,3221500
20130730,2.2000,2.2200,2.1600,2.1600,2217100
20130731,2.2000,2.2300,2.1900,2.2000,1830300
20130801,2.2800,2.2800,2.2000,2.2100,3530600
20130802,2.2800,2.3200,2.2500,2.2800,3913600
20130805,2.3100,2.3300,2.2600,2.2800,3366000
20130806,2.3200,2.3400,2.2800,2.3000,3912900
20130807,2.2800,2.3400,2.2700,2.3200,3480800
20130808,2.2800,2.3000,2.2600,2.2800,2604500
20130809,2.3000,2.3000,2.2600,2.2800,2799000
20130812,2.3500,2.3500,2.2800,2.2900,5756100
20130813,2.3900,2.3900,2.3400,2.3500,6620900
20130814,2.3400,2.3900,2.3400,2.3900,3732300
20130815,2.3400,2.3600,2.3300,2.3400,3070400
20130816,2.2900,2.3700,2.2900,2.3200,4176200
20130819,2.3000,2.3100,2.2500,2.2600,3064500
20130820,2.3000,2.3400,2.2900,2.3000,3167100
20130821,2.3500,2.3800,2.2800,2.3000,6174600
20130822,2.4800,2.5800,2.3600,2.3900,20708200
20130823,2.4000,2.4700,2.3800,2.4300,10021000
20130826,2.4300,2.4600,2.4000,2.4000,5995300
20130827,2.4400,2.4500,2.3900,2.4400,5568200
20130828,2.4000,2.4300,2.3700,2.4100,4843600
20130829,2.4600,2.4600,2.3800,2.4000,5195000
20130830,2.4400,2.4700,2.4200,2.4600,5156300
20130902,2.4700,2.4700,2.4000,2.4500,4121900
20130903,2.5000,2.5100,2.4500,2.4700,5928000
20130904,2.4700,2.5400,2.4600,2.5000,3576100
20130905,2.4400,2.4700,2.4100,2.4700,2697700
20130906,2.4500,2.4700,2.4300,2.4400,2798200
20130909,2.4600,2.4700,2.4000,2.4500,5891700
20130910,2.5000,2.5200,2.4400,2.4500,6449000
20130911,2.5200,2.5800,2.5000,2.5000,8350200
20130912,2.5500,2.5700,2.5000,2.5300,8999600
20130913,2.5300,2.5600,2.4800,2.5500,5292100
20130916,2.5000,2.5500,2.5000,2.5300,2775700
20130917,2.4800,2.5200,2.4500,2.5000,3381800
20130918,2.4800,2.4900,2.4500,2.4700,2124100
20130920,2.4800,2.4800,2.4800,2.4800,0
20130923,2.5200,2.5200,2.4700,2.4800,3062400
20130924,2.4700,2.5200,2.4500,2.5100,3608800
20130925,2.4600,2.4900,2.4300,2.4700,3209200
20130926,2.4100,2.4700,2.3700,2.4600,3985800
20130927,2.3900,2.4100,2.3800,2.3900,1629300
20130930,2.3900,2.4100,2.3700,2.3800,2490400
20131001,2.3900,2.3900,2.3900,2.3900,0
20131002,2.3900,2.3900,2.3900,2.3900,0
20131003,2.3900,2.3900,2.3900,2.3900,0
20131004,2.3900,2.3900,2.3900,2.3900,0
20131007,2.3900,2.3900,2.3900,2.3900,0
20131008,2.4300,2.4400,2.3800,2.3900,2463700
20131009,2.4400,2.4500,2.4300,2.4300,2261300
20131010,2.5000,2.5300,2.4300,2.4500,8356200
20131011,2.4900,2.5100,2.4700,2.4900,6775300
20131014,2.4900,2.5100,2.4800,2.4800,5416900
20131015,2.5000,2.5100,2.4700,2.5000,4141100
20131016,2.4200,2.5100,2.3900,2.5000,4531900
20131017,2.4500,2.4700,2.4200,2.4200,3427500
20131018,2.4600,2.4800,2.4200,2.4500,2552600
20131021,2.4900,2.4900,2.4400,2.4700,4168500
20131022,2.5000,2.5100,2.4800,2.4900,5845200
20131023,2.4900,2.5400,2.4700,2.5100,7017800
20131024,2.4300,2.4800,2.4200,2.4700,3979700
20131025,2.4200,2.4500,2.3800,2.4300,3237000
20131028,2.4100,2.4400,2.4100,2.4100,1834600
20131029,2.3100,2.4300,2.2600,2.4000,3328700
20131030,2.4500,2.4500,2.3000,2.3200,5570500
20131031,2.4200,2.4800,2.3900,2.4200,3363200
20131101,2.4300,2.4400,2.3900,2.4200,2521600
20131104,2.4400,2.4500,2.4100,2.4100,2322800
20131105,2.4500,2.4600,2.4100,2.4400,3385300
20131106,2.4500,2.5100,2.4400,2.4500,5014800
20131107,2.4900,2.4900,2.4200,2.4400,4409600
20131108,2.3900,2.4900,2.3600,2.4900,4493300
20131111,2.3800,2.4000,2.3400,2.3900,1364600
20131112,2.3900,2.4200,2.3700,2.3900,2217900
20131113,2.3500,2.3900,2.3300,2.3900,2236200
20131114,2.3500,2.3600,2.3200,2.3400,1727900
20131115,2.4200,2.4400,2.3200,2.3500,4723900
20131118,2.4300,2.4500,2.4000,2.4100,3601200
20131119,2.4600,2.4700,2.4300,2.4500,3243300
20131120,2.4900,2.4900,2.4600,2.4700,3419900
20131121,2.4600,2.4900,2.4300,2.4800,3125100
20131122,2.4700,2.5000,2.4500,2.4600,3313200
20131125,2.5000,2.5200,2.4600,2.4800,4004700
20131126,2.5200,2.5400,2.4700,2.5000,6695200
20131127,2.5900,2.6200,2.5000,2.5200,11267000
20131128,2.5700,2.6100,2.5400,2.6000,7832000
20131129,2.5500,2.5800,2.5300,2.5600,3867400
20131202,2.4000,2.5000,2.3600,2.4900,7659800
20131203,2.4400,2.4500,2.3800,2.4000,3223300
20131204,2.4500,2.4700,2.4200,2.4400,4030700
20131205,2.4500,2.4700,2.4200,2.4400,3845200
20131206,2.4600,2.4700,2.4300,2.4500,3353600
20131209,2.4700,2.4800,2.4500,2.4500,2187700
20131210,2.4600,2.4800,2.4500,2.4700,1908400
20131211,2.4000,2.4500,2.3900,2.4500,3129700
20131212,2.4000,2.4300,2.3900,2.4000,2446000
20131213,2.4100,2.4200,2.3900,2.4100,1628400
20131216,2.3600,2.4200,2.3500,2.4200,3492800
20131217,2.4000,2.4500,2.3600,2.3600,5210900
20131218,2.3500,2.3900,2.3500,2.3800,2370300
20131219,2.3500,2.3900,2.3400,2.3600,1551200
20131220,2.3200,2.3700,2.3000,2.3500,1732200
20131223,2.3100,2.3400,2.3000,2.3300,2100700
20131224,2.3100,2.3300,2.3000,2.3200,1517900
20131225,2.3400,2.3500,2.3100,2.3200,1705800
20131226,2.2900,2.3600,2.2800,2.3400,1666200
20131227,2.3100,2.3200,2.2800,2.3000,1725000
20131230,2.3000,2.3300,2.2900,2.3200,1612200
20131231,2.3100,2.3200,2.2900,2.3100,2071300
20140101,2.3100,2.3100,2.3100,2.3100,0
20140102,2.3300,2.3300,2.3000,2.3100,1937900
20140103,2.3200,2.3300,2.2800,2.3300,2101000
20140106,2.2500,2.3200,2.2400,2.3200,1585500
20140107,2.2600,2.2800,2.2500,2.2500,1646500
20140108,2.2300,2.2800,2.2300,2.2500,1406800
20140109,2.1800,2.2400,2.1800,2.2300,2434300
20140110,2.1100,2.1800,2.1100,2.1800,3101800
20140113,2.1000,2.1300,2.0800,2.0900,2672000
20140114,2.1500,2.1500,2.1000,2.1000,3403500
20140115,2.1500,2.1500,2.1200,2.1500,1833600
20140116,2.1800,2.2100,2.1500,2.1500,3465400
20140117,2.1500,2.1900,2.1500,2.1700,1247100
20140120,2.1800,2.1800,2.1200,2.1500,2063000
20140121,2.2100,2.2100,2.1600,2.1700,1633200
20140122,2.2300,2.2400,2.1900,2.1900,3799500
20140123,2.2100,2.2300,2.2000,2.2300,2025500
20140124,2.2400,2.2400,2.2000,2.2100,2287600
20140127,2.2100,2.2300,2.2000,2.2300,1880300
20140128,2.2000,2.2200,2.1900,2.2200,1629400
20140129,2.2100,2.2300,2.2000,2.2100,1075800
20140130,2.2200,2.2400,2.2100,2.2200,1211200
20140131,2.2200,2.2200,2.2200,2.2200,0
20140203,2.2200,2.2200,2.2200,2.2200,0
20140205,2.2200,2.2200,2.2200,2.2200,0
20140206,2.2200,2.2200,2.2200,2.2200,0
20140207,2.2600,2.2700,2.2000,2.2200,2835600
20140210,2.3000,2.3100,2.2600,2.2600,2952800
20140211,2.3200,2.3500,2.2900,2.3000,3712400
20140212,2.3600,2.3800,2.3400,2.3400,3614600
20140213,2.3100,2.3500,2.3100,2.3400,2900900
20140214,2.3600,2.3700,2.3000,2.3100,3034800
20140217,2.3900,2.4000,2.3400,2.3500,3285200
20140218,2.3700,2.4000,2.3600,2.3900,3399100
20140219,2.4400,2.5600,2.3500,2.3700,8472200
20140220,2.4300,2.4400,2.4000,2.4100,3699500
20140221,2.3700,2.4200,2.3500,2.4200,3041700
20140224,2.3400,2.3800,2.3200,2.3800,2007600
20140225,2.2900,2.3700,2.2800,2.3300,2653600
