20130226,4.8400,4.9500,4.7800,4.7800,3517600
20130227,4.8300,4.8800,4.7500,4.8400,4175500
20130228,4.9100,4.9100,4.7400,4.8100,6452100
20130301,4.9000,4.9100,4.8300,4.8900,3050200
20130304,4.5500,4.8100,4.4100,4.7800,13287100
20130305,4.5500,4.6000,4.4800,4.5400,6386100
20130306,4.5800,4.6700,4.5500,4.5500,7050700
20130307,4.5900,4.6500,4.4900,4.5800,5784100
20130308,4.5700,4.6000,4.5100,4.5900,2317400
20130311,4.6600,4.6800,4.5300,4.5700,5380000
20130312,4.6900,5.1100,4.5800,4.6600,9471500
20130313,4.6400,4.7100,4.5300,4.6600,2959200
20130314,4.5800,4.6700,4.5200,4.6400,4345300
20130315,4.5600,4.6400,4.4100,4.5100,5507400
20130318,4.5900,4.6700,4.5200,4.5700,3656400
20130319,4.5700,4.6400,4.5400,4.5900,2447700
20130320,4.6400,4.6500,4.5300,4.5700,4493900
20130321,4.7000,4.7500,4.6200,4.6300,3593600
20130322,4.6700,4.7400,4.6700,4.7000,2625700
20130325,4.6300,4.7100,4.6000,4.6700,2006900
20130326,4.5700,4.6500,4.4600,4.6100,3577700
20130327,4.5800,4.6800,4.5600,4.5700,4177300
20130328,4.3800,4.5800,4.3700,4.5800,4506800
20130329,4.3900,4.4500,4.3800,4.3800,1485800
20130401,4.3700,4.4500,4.3600,4.3900,1402700
20130402,4.3600,4.4400,4.3600,4.3800,2738600
20130403,4.2700,4.3900,4.2200,4.3500,2894500
20130404,4.2700,4.2700,4.2700,4.2700,0
20130405,4.2700,4.2700,4.2700,4.2700,0
20130408,4.2000,4.2700,4.1200,4.2700,2046600
20130409,4.2700,4.2900,4.1800,4.2200,1152800
20130410,4.4100,4.4400,4.2500,4.3000,2582700
20130411,4.4500,4.5000,4.3100,4.4100,4470400
20130412,4.4300,4.5000,4.3300,4.4200,1600500
20130415,4.4300,4.4700,4.3500,4.4300,3169200
20130416,4.4800,4.4800,4.3400,4.4200,2171600
20130417,4.5300,4.5400,4.4600,4.4800,1983500
20130418,4.5500,4.5600,4.4700,4.5300,2885800
20130419,4.5900,4.6100,4.5300,4.5600,2860000
20130422,4.5300,4.6100,4.5000,4.5800,1905400
20130423,4.3500,4.5400,4.3000,4.5200,2676900
20130424,4.3700,4.4000,4.3300,4.3300,1429700
20130425,4.3400,4.4000,4.3000,4.3500,1306100
20130426,4.3200,4.3400,4.2800,4.3000,1050100
20130429,4.3200,4.3200,4.3200,4.3200,0
20130430,4.3200,4.3200,4.3200,4.3200,0
20130501,4.3200,4.3200,4.3200,4.3200,0
20130502,4.3300,4.3600,4.2600,4.3000,661500
20130503,4.3700,4.4100,4.3100,4.3700,1028000
20130506,4.4100,4.4500,4.3700,4.3800,1494700
20130507,4.3900,4.4300,4.3700,4.4000,1243600
20130508,4.4500,4.4500,4.3900,4.4100,1680100
20130509,4.3900,4.4500,4.3100,4.4500,1998600
20130510,4.4200,4.4200,4.3100,4.3900,1406800
20130513,4.4300,4.4400,4.3700,4.4200,1168900
20130514,4.3800,4.4300,4.3300,4.4300,1327300
20130515,4.4300,4.4500,4.3600,4.3800,2083800
20130516,4.4500,4.4600,4.3800,4.4400,3090600
20130517,4.5200,4.5700,4.4300,4.4900,5218500
20130520,4.5100,4.5800,4.4800,4.5500,4172000
20130521,4.5000,4.5200,4.4500,4.5000,3240200
20130522,4.4900,4.5500,4.4500,4.5100,3539000
20130523,4.5300,4.5300,4.4500,4.4800,3505800
20130524,4.5400,4.5900,4.5000,4.5400,3086200
20130527,4.5200,4.5700,4.5000,4.5500,3939000
20130528,4.5500,4.5800,4.5000,4.5000,4478700
20130529,4.7400,4.7600,4.5400,4.5700,10167200
20130530,4.7600,4.7800,4.6500,4.7300,6045400
20130531,4.9100,5.0500,4.7300,4.7300,16020600
20130603,4.9200,4.9600,4.7600,4.8800,8773400
20130604,5.0100,5.2900,4.9200,5.0900,23546100
20130605,5.0200,5.0300,4.8300,4.9500,11113300
20130606,4.9100,5.0200,4.8500,5.0200,7390200
20130607,4.8000,4.9300,4.7000,4.9100,7396600
20130610,4.8000,4.8000,4.8000,4.8000,0
20130611,4.8000,4.8000,4.8000,4.8000,0
20130612,4.8000,4.8000,4.8000,4.8000,0
20130613,4.5600,4.7600,4.4900,4.7600,6326600
20130614,4.7000,4.7200,4.5400,4.5600,5049400
20130617,4.6500,4.7200,4.5700,4.7000,3227200
20130618,4.6200,4.6700,4.5900,4.6700,2784200
20130619,4.5400,4.6200,4.5000,4.6200,2727300
20130620,4.4500,4.5400,4.4400,4.5000,2249800
20130621,4.4900,4.5200,4.3500,4.3500,1730700
20130624,4.2800,4.4700,4.1600,4.4700,3313900
20130625,4.2000,4.3600,3.8600,4.2500,4323300
20130626,4.2500,4.2900,4.1600,4.2500,1706100
20130627,4.2300,4.3500,4.1800,4.2800,2061800
20130628,4.2700,4.3600,4.2000,4.2600,2342200
20130701,4.3000,4.3200,4.2300,4.2300,1762100
20130702,4.2200,4.3000,4.1200,4.2800,3122500
20130703,4.1500,4.2000,4.0000,4.2000,2400200
20130704,4.3000,4.3500,4.0600,4.1200,3217600
20130705,4.2600,4.3800,4.2400,4.2700,1722600
20130708,4.1500,4.2500,4.1000,4.2500,1175900
20130709,4.1400,4.1800,4.0600,4.1500,1348400
20130710,4.2000,4.2100,4.0900,4.1000,1196100
20130711,4.2800,4.3200,4.2000,4.2000,3859400
20130712,4.2100,4.3100,4.2000,4.2900,2207400
20130715,4.2500,4.2700,4.1700,4.1700,1579700
20130716,4.2700,4.3100,4.2300,4.2600,2162700
20130717,4.2600,4.3400,4.2200,4.2200,3715100
20130718,4.2400,4.2900,4.1800,4.2900,2410700
20130719,4.1800,4.2800,4.1000,4.2400,3393300
20130722,4.1800,4.2300,4.1100,4.1200,1929500
20130723,4.2200,4.2500,4.1000,4.1800,2386700
20130724,4.1800,4.2100,4.1400,4.2100,2199000
20130725,4.1500,4.2000,4.0900,4.1600,2571100
20130726,4.2000,4.2000,4.1100,4.1500,1519900
20130729,4.3100,4.3700,4.1600,4.2000,5993900
20130730,4.3200,4.3800,4.2600,4.3100,3829500
20130731,4.3500,4.4100,4.3300,4.3600,3585800
20130801,4.4200,4.4300,4.3400,4.3500,3796200
20130802,4.4300,4.4900,4.3900,4.4300,3607300
20130805,4.4500,4.4800,4.4000,4.4300,2826500
20130806,4.4700,4.4900,4.4100,4.4600,1346000
20130807,4.5500,4.5500,4.4300,4.4700,4041400
20130808,4.6900,4.7700,4.5400,4.5500,8756700
20130809,4.9000,4.9000,4.6600,4.7400,11005900
20130812,4.9500,5.0100,4.8600,4.9800,11272800
20130813,5.0000,5.0000,4.9300,4.9600,5963500
20130814,5.1700,5.2000,4.9800,4.9800,17305400
20130815,5.1100,5.3100,5.0500,5.1800,17158700
20130816,5.1500,5.2900,5.0100,5.0500,12456500
20130819,5.1300,5.2200,5.0400,5.1500,7473100
20130820,5.2900,5.3700,5.0800,5.1200,9086600
20130821,5.3400,5.3500,5.2000,5.3100,8659900
20130822,5.4000,5.4100,5.3200,5.3200,7305300
20130823,5.7300,5.8600,5.4000,5.4000,22825600
20130826,5.7300,5.7300,5.7300,5.7300,0
20130827,5.7300,5.7300,5.7300,5.7300,0
20130828,5.7300,5.7300,5.7300,5.7300,0
20130829,5.7300,5.7300,5.7300,5.7300,0
20130830,5.7300,5.7300,5.7300,5.7300,0
20130902,5.1600,5.1600,5.1600,5.1600,693700
20130903,4.7600,4.8000,4.6400,4.7200,41036300
20130904,4.6700,4.7600,4.6400,4.6600,25772500
20130905,4.6400,4.7100,4.5900,4.6700,10238500
20130906,4.6600,4.6900,4.6000,4.6600,10725400
20130909,4.6900,4.7100,4.6200,4.6600,14380300
20130910,4.6600,4.7100,4.6300,4.6900,12520000
20130911,4.6000,4.6600,4.5700,4.6500,12919900
20130912,4.6700,4.6700,4.5700,4.5900,8962100
20130913,4.6500,4.6700,4.6100,4.6700,6812400
20130916,4.6600,4.7100,4.6400,4.6700,6512700
20130917,4.4800,4.6600,4.4700,4.6500,6889600
20130918,4.5200,4.5400,4.4700,4.4800,4255900
20130920,4.5200,4.5200,4.5200,4.5200,0
20130923,4.5700,4.5800,4.5100,4.5200,4267600
20130924,4.5200,4.5700,4.4800,4.5500,4680000
20130925,4.4300,4.5200,4.4000,4.5200,6213700
20130926,4.2300,4.4100,4.2300,4.4100,6152600
20130927,4.3100,4.3300,4.2400,4.2400,3621200
20130930,4.3400,4.3600,4.2800,4.3300,3325000
20131001,4.3400,4.3400,4.3400,4.3400,0
20131002,4.3400,4.3400,4.3400,4.3400,0
20131003,4.3400,4.3400,4.3400,4.3400,0
20131004,4.3400,4.3400,4.3400,4.3400,0
20131007,4.3400,4.3400,4.3400,4.3400,0
20131008,4.4800,4.4900,4.3100,4.3300,5950600
20131009,4.4900,4.4900,4.4200,4.4600,3267200
20131010,4.5500,4.6000,4.4500,4.4800,9674800
20131011,4.6100,4.6200,4.5500,4.5500,8341500
20131014,4.6100,4.6500,4.5500,4.6100,5159100
20131015,4.5900,4.6500,4.5600,4.6100,4816300
20131016,4.4900,4.6000,4.4400,4.5900,4296700
20131017,4.5900,4.6000,4.5000,4.5100,5058800
20131018,4.6100,4.6400,4.5600,4.5900,4389300
20131021,4.6400,4.6500,4.5500,4.6200,7464300
20131022,4.6400,4.6600,4.5500,4.6600,5970900
20131023,4.6800,4.6900,4.5800,4.6200,10728500
20131024,4.7700,4.9000,4.6400,4.6800,20815400
20131025,4.6800,4.8200,4.5600,4.7700,9307400
20131028,4.7100,4.7400,4.6100,4.7000,5241800
20131029,4.5900,4.7700,4.4100,4.6900,7975800
20131030,4.6200,4.6300,4.4600,4.5800,4164200
20131031,4.6300,4.7100,4.6000,4.6300,4690800
20131101,4.5000,4.6300,4.4500,4.6300,4515000
20131104,4.5100,4.5800,4.4600,4.5000,3226400
20131105,4.5200,4.5400,4.4400,4.5000,2827100
20131106,4.4900,4.5300,4.4300,4.5100,4664400
20131107,4.3800,4.4700,4.3800,4.4700,2934000
20131108,4.3900,4.4000,4.3300,4.3800,2168700
20131111,4.4200,4.4300,4.3300,4.3800,1319300
20131112,4.4300,4.4500,4.4000,4.4200,1572600
20131113,4.4200,4.4500,4.4100,4.4200,1832400
20131114,4.4100,4.4300,4.3600,4.3800,1036200
20131115,4.4700,4.5200,4.3800,4.4200,2281000
20131118,4.5400,4.5400,4.4500,4.4600,3692400
20131119,4.5200,4.5400,4.4800,4.5400,3191200
20131120,4.5700,4.5900,4.5000,4.5000,3780700
20131121,4.5500,4.5600,4.4900,4.5600,3503900
20131122,4.5300,4.5500,4.4800,4.5500,2872400
20131125,4.5800,4.5900,4.4900,4.5100,2783100
20131126,4.6500,4.6600,4.5500,4.5500,5187100
20131127,4.6700,4.7100,4.6400,4.6500,4895900
20131128,4.8700,4.9700,4.7100,4.7100,17177700
20131129,4.9200,5.0300,4.8400,4.9000,8671300
20131202,4.8800,5.0100,4.7200,4.8100,10500500
20131203,5.0300,5.0600,4.8400,4.8800,18422300
20131204,5.0000,5.0800,4.9700,5.0000,11027500
20131205,4.9900,5.0000,4.8700,4.9800,9848600
20131206,4.9300,5.0500,4.8800,5.0000,7358400
20131209,4.8900,4.9500,4.7900,4.8900,5870900
20131210,5.1800,5.1800,4.8500,4.8500,19551100
20131211,5.2000,5.3100,5.0600,5.1900,12735100
20131212,5.1800,5.2400,5.0900,5.1800,6935100
20131213,5.1800,5.2300,5.1000,5.1600,4677600
20131216,5.1100,5.2500,5.0600,5.1900,4543700
20131217,4.9700,5.1500,4.8500,5.1100,5606400
20131218,4.8800,5.0100,4.8500,4.9700,3694500
20131219,4.8000,4.9500,4.7200,4.9200,5450800
20131220,4.7600,4.8300,4.6800,4.8000,4045200
20131223,4.7900,4.8700,4.6900,4.7800,3536400
20131224,4.9300,4.9700,4.7900,4.8000,4048500
20131225,4.9800,5.0000,4.9000,4.9500,2521500
20131226,5.0200,5.1100,4.9400,4.9400,4922800
20131227,5.1700,5.1700,4.9600,4.9600,7615600
20131230,5.1000,5.1900,5.0800,5.1800,3826500
20131231,5.1900,5.2500,5.0400,5.1100,5825400
20140101,5.1900,5.1900,5.1900,5.1900,0
20140102,5.2100,5.2500,5.1300,5.2000,4449500
20140103,5.0700,5.2400,5.0300,5.2400,5097800
20140106,5.0500,5.1500,5.0000,5.0700,5319700
20140107,5.1300,5.1300,5.0100,5.0500,4298100
20140108,5.0600,5.1600,5.0200,5.1500,3876500
20140109,5.0300,5.0900,5.0000,5.0200,2890900
20140110,4.8300,5.0100,4.8300,5.0100,4262300
20140113,4.7800,4.9300,4.7800,4.8200,2071600
20140114,4.8800,4.8800,4.7400,4.7900,2107100
20140115,4.9100,4.9300,4.8300,4.8300,1717500
20140116,4.9100,4.9300,4.8300,4.9100,2417400
20140117,4.8200,4.9400,4.8200,4.9000,2220700
20140120,4.8200,4.8500,4.7400,4.7700,2474100
20140121,4.8400,4.8800,4.7800,4.7800,1471600
20140122,4.9900,5.0100,4.8200,4.8400,3402700
20140123,4.9400,5.0600,4.9200,5.0500,3508500
20140124,5.0100,5.1500,4.9400,4.9400,9866200
20140127,4.9400,5.0900,4.8600,5.0100,10269600
20140128,4.9000,5.0000,4.8600,4.9400,8196800
20140129,4.8500,4.9600,4.8000,4.9000,7315700
20140130,5.1900,5.2400,4.8300,4.8500,9538300
20140131,5.1900,5.1900,5.1900,5.1900,0
20140203,5.1900,5.1900,5.1900,5.1900,0
20140205,5.1900,5.1900,5.1900,5.1900,0
20140206,5.1900,5.1900,5.1900,5.1900,0
20140207,5.1700,5.2000,5.0500,5.1500,6426000
20140210,5.2000,5.2200,5.1200,5.1400,10175400
20140211,5.1800,5.2000,5.1000,5.1800,8869800
20140212,5.2700,5.3400,5.1500,5.1700,16724900
20140213,5.1600,5.2700,5.1100,5.2700,8031400
20140214,5.1900,5.2100,5.1200,5.1600,4105300
20140217,5.1000,5.2200,5.0900,5.1900,10792800
20140218,5.0800,5.1400,4.9800,5.1100,11347500
20140219,5.0800,5.1000,5.0100,5.0700,6473400
20140220,4.9700,5.0800,4.9400,5.0800,7356500
20140221,5.0000,5.1000,4.9400,4.9600,8993200
20140224,4.8000,4.9700,4.7300,4.9600,8594600
20140225,4.7600,4.8700,4.7000,4.7900,5835800
