20130226,6.2000,6.2000,6.2000,6.2000,0
20130227,6.2000,6.2000,6.2000,6.2000,0
20130228,6.2000,6.2000,6.2000,6.2000,0
20130301,6.2000,6.2000,6.2000,6.2000,0
20130304,6.2000,6.2000,6.2000,6.2000,0
20130305,6.2000,6.2000,6.2000,6.2000,0
20130306,6.2000,6.2000,6.2000,6.2000,0
20130307,6.2000,6.2000,6.2000,6.2000,0
20130308,6.2000,6.2000,6.2000,6.2000,0
20130311,6.2000,6.2000,6.2000,6.2000,0
20130312,6.2000,6.2000,6.2000,6.2000,0
20130313,6.2000,6.2000,6.2000,6.2000,0
20130314,6.2000,6.2000,6.2000,6.2000,0
20130315,6.2000,6.2000,6.2000,6.2000,0
20130318,6.2000,6.2000,6.2000,6.2000,0
20130319,6.2000,6.2000,6.2000,6.2000,0
20130320,6.2000,6.2000,6.2000,6.2000,0
20130321,6.2000,6.2000,6.2000,6.2000,0
20130322,6.2000,6.2000,6.2000,6.2000,0
20130325,6.2000,6.2000,6.2000,6.2000,0
20130326,6.2000,6.2000,6.2000,6.2000,0
20130327,6.2000,6.2000,6.2000,6.2000,0
20130328,6.2000,6.2000,6.2000,6.2000,0
20130329,6.2000,6.2000,6.2000,6.2000,0
20130401,6.2000,6.2000,6.2000,6.2000,0
20130402,6.2000,6.2000,6.2000,6.2000,0
20130403,6.2000,6.2000,6.2000,6.2000,0
20130404,6.2000,6.2000,6.2000,6.2000,0
20130405,6.2000,6.2000,6.2000,6.2000,0
20130408,6.2000,6.2000,6.2000,6.2000,0
20130409,6.2000,6.2000,6.2000,6.2000,0
20130410,6.2000,6.2000,6.2000,6.2000,0
20130411,6.2000,6.2000,6.2000,6.2000,0
20130412,6.2000,6.2000,6.2000,6.2000,0
20130415,6.2000,6.2000,6.2000,6.2000,0
20130416,6.2000,6.2000,6.2000,6.2000,0
20130417,6.2000,6.2000,6.2000,6.2000,0
20130418,6.2000,6.2000,6.2000,6.2000,0
20130419,6.2000,6.2000,6.2000,6.2000,0
20130422,6.2000,6.2000,6.2000,6.2000,0
20130423,6.2000,6.2000,6.2000,6.2000,0
20130424,6.2000,6.2000,6.2000,6.2000,0
20130425,6.2000,6.2000,6.2000,6.2000,0
20130426,6.2000,6.2000,6.2000,6.2000,0
20130429,6.2000,6.2000,6.2000,6.2000,0
20130430,6.2000,6.2000,6.2000,6.2000,0
20130501,6.2000,6.2000,6.2000,6.2000,0
20130502,6.2000,6.2000,6.2000,6.2000,0
20130503,6.2000,6.2000,6.2000,6.2000,0
20130506,6.2000,6.2000,6.2000,6.2000,0
20130507,6.2000,6.2000,6.2000,6.2000,0
20130508,6.2000,6.2000,6.2000,6.2000,0
20130509,6.2000,6.2000,6.2000,6.2000,0
20130510,6.2000,6.2000,6.2000,6.2000,0
20130513,6.2000,6.2000,6.2000,6.2000,0
20130514,6.2000,6.2000,6.2000,6.2000,0
20130515,6.2000,6.2000,6.2000,6.2000,0
20130516,6.2000,6.2000,6.2000,6.2000,0
20130517,6.2000,6.2000,6.2000,6.2000,0
20130520,6.2000,6.2000,6.2000,6.2000,0
20130521,6.2000,6.2000,6.2000,6.2000,0
20130522,6.2000,6.2000,6.2000,6.2000,0
20130523,6.2000,6.2000,6.2000,6.2000,0
20130524,6.2000,6.2000,6.2000,6.2000,0
20130527,6.2000,6.2000,6.2000,6.2000,0
20130528,6.2000,6.2000,6.2000,6.2000,0
20130529,6.2000,6.2000,6.2000,6.2000,0
20130530,6.2000,6.2000,6.2000,6.2000,0
20130531,6.2000,6.2000,6.2000,6.2000,0
20130603,6.2000,6.2000,6.2000,6.2000,0
20130604,6.2000,6.2000,6.2000,6.2000,0
20130605,6.2000,6.2000,6.2000,6.2000,0
20130606,6.2000,6.2000,6.2000,6.2000,0
20130607,6.2000,6.2000,6.2000,6.2000,0
20130610,6.2000,6.2000,6.2000,6.2000,0
20130611,6.2000,6.2000,6.2000,6.2000,0
20130612,6.2000,6.2000,6.2000,6.2000,0
20130613,6.2000,6.2000,6.2000,6.2000,0
20130614,6.2000,6.2000,6.2000,6.2000,0
20130617,6.2000,6.2000,6.2000,6.2000,0
20130618,6.2000,6.2000,6.2000,6.2000,0
20130619,6.2000,6.2000,6.2000,6.2000,0
20130620,6.2000,6.2000,6.2000,6.2000,0
20130621,6.2000,6.2000,6.2000,6.2000,0
20130624,6.2000,6.2000,6.2000,6.2000,0
20130625,6.2000,6.2000,6.2000,6.2000,0
20130626,6.2000,6.2000,6.2000,6.2000,0
20130627,6.2000,6.2000,6.2000,6.2000,0
20130628,6.2000,6.2000,6.2000,6.2000,0
20130701,6.2000,6.2000,6.2000,6.2000,0
20130702,6.2000,6.2000,6.2000,6.2000,0
20130703,6.2000,6.2000,6.2000,6.2000,0
20130704,6.2000,6.2000,6.2000,6.2000,0
20130705,6.2000,6.2000,6.2000,6.2000,0
20130708,6.2000,6.2000,6.2000,6.2000,0
20130709,6.2000,6.2000,6.2000,6.2000,0
20130710,6.2000,6.2000,6.2000,6.2000,0
20130711,6.2000,6.2000,6.2000,6.2000,0
20130712,6.2000,6.2000,6.2000,6.2000,0
20130715,6.2000,6.2000,6.2000,6.2000,0
20130716,6.2000,6.2000,6.2000,6.2000,0
20130717,6.2000,6.2000,6.2000,6.2000,0
20130718,6.2000,6.2000,6.2000,6.2000,0
20130719,6.2000,6.2000,6.2000,6.2000,0
20130722,6.2000,6.2000,6.2000,6.2000,0
20130723,6.2000,6.2000,6.2000,6.2000,0
20130724,6.2000,6.2000,6.2000,6.2000,0
20130725,6.2000,6.2000,6.2000,6.2000,0
20130726,11.5200,11.5300,9.6000,9.6000,46736100
20130729,11.0900,12.4700,10.8100,12.0100,37342900
20130730,12.2000,12.2000,11.0300,11.3000,31424300
20130731,11.4900,12.5300,11.2000,12.4000,33912300
20130801,11.2800,11.4000,10.8500,11.4000,28014300
20130802,10.9900,11.3500,10.9100,11.0000,22584700
20130805,10.9000,11.2400,10.7100,10.8000,16636700
20130806,11.2900,11.5500,10.9000,11.1100,29529800
20130807,10.3600,11.1300,10.3100,11.1300,24995300
20130808,10.2500,10.5200,10.1300,10.2100,14293600
20130809,10.6000,10.6600,10.2200,10.3200,18288400
20130812,11.1500,11.5600,10.2900,10.4500,28486000
20130813,11.8400,12.2000,10.9500,11.0700,35678500
20130814,11.7300,11.9400,11.4000,11.6200,25468100
20130815,12.9000,12.9000,12.1500,12.1700,21554700
20130816,11.6500,13.5600,11.6100,13.2500,39860300
20130819,11.4600,11.7200,10.8600,11.2000,23156800
20130820,12.1900,12.2800,11.1200,11.2800,25967900
20130821,11.9900,12.1700,11.6100,11.9100,16369900
20130822,11.8500,12.4900,11.7000,12.4000,19945200
20130823,12.0500,12.4600,11.5000,11.9000,22732800
20130826,12.0100,12.1200,11.7000,11.8100,17184000
20130827,11.8700,12.2000,11.8000,12.0900,14856900
20130828,11.1600,11.6600,11.1000,11.6600,19701000
20130829,11.1200,11.2800,11.0100,11.0300,9218300
20130830,10.5900,11.1200,10.5000,11.0300,12936700
20130902,10.9700,11.0000,10.4500,10.5300,8678300
20130903,11.1900,11.4600,11.0000,11.0000,11602200
20130904,11.5900,11.7900,11.0200,11.1000,17873600
20130905,11.2000,11.5500,11.1000,11.4400,11770100
20130906,10.9000,11.2500,10.8000,11.1700,9765000
20130909,11.2200,11.5300,10.8100,10.9000,12235300
20130910,11.0300,11.4000,10.9200,11.1500,10880100
20130911,10.8200,11.2500,10.7700,11.0000,8678600
20130912,10.8300,11.0300,10.7500,11.0200,6364000
20130913,10.8700,10.9700,10.7200,10.7300,5622200
20130916,10.7900,11.0700,10.7000,10.8800,5241000
20130917,10.7100,10.8800,10.7000,10.8000,5066400
20130918,10.3900,10.7500,10.2600,10.6600,7771100
20130920,10.3900,10.3900,10.3900,10.3900,0
20130923,10.7000,10.7400,10.3200,10.3400,7262900
20130924,10.7500,11.0500,10.7200,10.8600,9293600
20130925,10.4300,10.6900,10.4100,10.6200,6228300
20130926,10.1500,10.4300,10.1200,10.3600,4983000
20130927,10.2700,10.4000,10.2000,10.2100,3601300
20130930,10.3800,10.5800,10.2800,10.5300,3913300
20131001,10.3800,10.3800,10.3800,10.3800,0
20131002,10.3800,10.3800,10.3800,10.3800,0
20131003,10.3800,10.3800,10.3800,10.3800,0
20131004,10.3800,10.3800,10.3800,10.3800,0
20131007,10.3800,10.3800,10.3800,10.3800,0
20131008,10.8500,10.9600,10.2200,10.2700,8894600
20131009,10.9300,11.0200,10.7000,10.8000,8097400
20131010,11.4600,11.6900,10.9200,10.9800,19698100
20131011,11.5300,11.7800,11.3200,11.6300,17637800
20131014,11.4000,11.6500,11.3000,11.4900,10797200
20131015,11.5700,11.7400,11.3300,11.4000,11325400
20131016,10.7000,11.4800,10.6400,11.4800,11269400
20131017,10.7100,10.8800,10.6600,10.8300,5464500
20131018,10.9600,10.9900,10.7200,10.7200,4591300
20131021,11.5600,11.5900,10.6800,10.9100,12737000
20131022,12.1000,12.7200,11.8000,11.8800,28517600
20131023,11.7500,12.3700,11.4400,12.1200,19064500
20131024,11.2000,11.7500,11.1000,11.6000,9228100
20131025,11.2500,11.5400,11.1000,11.2900,8138300
20131028,10.3200,11.2800,10.2000,11.2800,11137300
20131029,9.7700,10.4800,9.5000,10.3600,9891300
20131030,9.8000,9.8200,9.5200,9.6100,5907300
20131031,9.4600,9.7400,9.4300,9.7400,4524900
20131101,9.5500,9.6400,9.3500,9.4600,3262500
20131104,9.9700,10.1600,9.5300,9.5800,5976900
20131105,10.2200,10.2800,9.9500,10.0100,8474200
20131106,9.9200,10.1900,9.8900,10.1800,6634600
20131107,9.7000,9.8200,9.5500,9.8200,3694300
20131108,9.8700,10.1300,9.7100,9.7800,6865900
20131111,9.9500,10.0100,9.6200,9.9100,3477900
20131112,10.1000,10.1700,9.8500,9.9200,4253000
20131113,9.7700,10.1000,9.7700,10.1000,3578800
20131114,9.7000,9.7700,9.4300,9.6600,4450000
20131115,9.9900,10.0600,9.6100,9.6900,4501700
20131118,9.9900,9.9900,9.9900,9.9900,0
20131119,9.9900,9.9900,9.9900,9.9900,0
20131120,9.9900,9.9900,9.9900,9.9900,0
20131121,9.9900,9.9900,9.9900,9.9900,0
20131122,9.9900,9.9900,9.9900,9.9900,0
20131125,10.2900,10.6800,9.9900,10.1200,11449800
20131126,10.1200,10.2600,10.0000,10.1800,4860500
20131127,10.0500,10.1300,9.8500,10.1300,5121500
20131128,10.3100,10.3100,9.9600,10.0000,7671500
20131129,10.1600,10.3300,10.1200,10.3300,5286300
20131202,9.3100,9.9400,9.3000,9.8000,7089400
20131203,9.4900,9.5500,8.7800,9.2900,5907800
20131204,9.5100,9.6500,9.3100,9.3100,4492300
20131205,9.3800,9.5700,9.3600,9.4800,3266700
20131206,9.5000,9.6500,9.3900,9.3900,3450800
20131209,9.4800,9.5800,9.3800,9.4000,2618400
20131210,9.4200,9.5400,9.3500,9.5100,3047100
20131211,9.3300,9.4800,9.2500,9.4200,2090600
20131212,9.2400,9.4000,9.1600,9.3600,3272100
20131213,9.4700,9.6800,9.2400,9.2500,4413600
20131216,9.2500,9.4000,9.1600,9.4000,4577300
20131217,9.1600,9.3300,9.1300,9.3300,2004000
20131218,9.1400,9.2300,9.0900,9.1400,1733300
20131219,9.1300,9.2400,9.1000,9.2000,1602500
20131220,9.1000,9.4100,9.0200,9.1800,2108800
20131223,8.9000,9.1100,8.7900,9.0100,1586900
20131224,8.8600,9.0200,8.7900,8.9300,1817800
20131225,9.0000,9.0200,8.8300,8.8300,1963100
20131226,8.7600,9.0300,8.7500,9.0000,1893100
20131227,8.9000,8.9200,8.7300,8.8800,1663000
20131230,9.0300,9.0400,8.9000,8.9200,1812300
20131231,9.3600,9.3800,8.9300,9.0000,4586200
20140101,9.3600,9.3600,9.3600,9.3600,0
20140102,9.7000,9.8800,9.4600,9.6800,8282300
20140103,9.7300,9.9200,9.5800,9.7000,6266200
20140106,9.3200,9.8100,9.3000,9.7500,3766300
20140107,9.2100,9.3900,9.1400,9.2400,2560500
20140108,9.0700,9.2400,9.0400,9.2100,2931800
20140109,8.9100,9.3100,8.8800,9.0200,3410800
20140110,8.8000,8.9800,8.7400,8.9000,2357100
20140113,8.8200,9.0300,8.6700,8.8300,2257000
20140114,9.0000,9.0100,8.7700,8.8300,1718500
20140115,8.9500,9.0300,8.8900,8.9100,1767100
20140116,9.2700,9.3000,8.9900,9.0400,3447100
20140117,9.0600,9.2400,9.0200,9.1700,2151700
20140120,8.8400,9.0600,8.6800,9.0600,3075100
20140121,8.9900,9.0000,8.8000,8.8000,2199800
20140122,9.2500,9.3000,8.9900,9.0400,2709600
20140123,9.2800,9.2900,9.1900,9.2500,2864300
20140124,9.4000,9.4900,9.2200,9.2200,4366500
20140127,9.0100,9.3800,9.0000,9.3800,5891700
20140128,9.0000,9.0500,8.8000,8.9600,3206600
20140129,8.9900,9.0600,8.9500,9.0100,2196200
20140130,8.8800,9.0800,8.8800,9.0000,1728200
20140131,8.8800,8.8800,8.8800,8.8800,0
20140203,8.8800,8.8800,8.8800,8.8800,0
20140205,8.8800,8.8800,8.8800,8.8800,0
20140206,8.8800,8.8800,8.8800,8.8800,0
20140207,9.1100,9.1300,8.7500,8.8800,2328200
20140210,9.6600,9.7600,9.1400,9.1900,7049900
20140211,9.6500,9.6900,9.4100,9.5800,6647700
20140212,9.6300,9.7000,9.5000,9.6500,4458300
20140213,9.7700,10.0700,9.6500,9.6500,10586300
20140214,10.3400,10.3800,9.9000,9.9000,12645200
20140217,10.5900,10.9800,10.3600,10.3600,11951300
20140218,10.3800,10.6800,10.2600,10.6700,7876100
20140219,10.5900,10.7500,10.3000,10.3500,8201900
20140220,10.1300,10.5600,10.1000,10.5600,7099600
20140221,10.1300,10.3000,10.0100,10.1200,3313700
20140224,9.9100,10.1300,9.7600,10.0900,4194200
20140225,9.5300,10.1800,9.4200,9.9200,5500100
