20130226,5.4200,5.4300,5.2000,5.3300,3352900
20130227,5.5000,5.6500,5.3600,5.3600,5663200
20130228,5.5400,5.5600,5.4400,5.5100,3903700
20130301,5.6000,5.6400,5.4800,5.5400,2216300
20130304,5.3800,5.6000,5.3300,5.6000,3002100
20130305,5.4600,5.4600,5.3300,5.3400,2244600
20130306,5.4200,5.5200,5.3900,5.4600,4045400
20130307,5.3700,5.4600,5.3200,5.4200,2238100
20130308,5.3500,5.3900,5.2700,5.3600,1284700
20130311,5.3900,5.4000,5.3300,5.3600,1074300
20130312,5.2100,5.4100,5.0400,5.3900,2265400
20130313,5.1000,5.1800,5.0500,5.1400,910000
20130314,5.1000,5.1500,5.0600,5.1000,1005200
20130315,5.1300,5.1900,5.0300,5.1000,1404300
20130318,5.0200,5.1700,5.0100,5.0900,1427300
20130319,5.0200,5.0500,4.9500,5.0000,863000
20130320,5.1800,5.2000,5.0000,5.0300,2117600
20130321,5.2000,5.2400,5.1000,5.1900,1406700
20130322,5.2000,5.2400,5.1500,5.2100,1187000
20130325,5.1300,5.2200,5.1200,5.2200,1357300
20130326,5.0400,5.1700,5.0000,5.1300,2163100
20130327,5.0900,5.1300,5.0400,5.0400,1570000
20130328,5.1000,5.2100,4.9800,5.0600,2279800
20130329,5.0400,5.1100,5.0000,5.1000,1622000
20130401,5.0300,5.1100,5.0200,5.0200,1029800
20130402,5.0200,5.1000,4.9900,5.0900,998300
20130403,5.0500,5.0700,4.9900,5.0000,1165900
20130404,5.0500,5.0500,5.0500,5.0500,0
20130405,5.0500,5.0500,5.0500,5.0500,0
20130408,5.0800,5.0800,4.9300,5.0500,1127900
20130409,5.2400,5.3100,5.0500,5.1100,3176800
20130410,5.1800,5.2600,5.1200,5.2200,1427100
20130411,5.1500,5.2000,5.1100,5.1700,896100
20130412,5.0800,5.1700,5.0600,5.1700,1101600
20130415,4.7900,5.0800,4.7900,5.0800,2371300
20130416,4.8400,4.8600,4.7200,4.7500,770600
20130417,4.8500,4.8800,4.7600,4.8100,875800
20130418,4.8300,4.8800,4.7700,4.8000,730300
20130419,4.9300,4.9600,4.8300,4.8500,1406400
20130422,5.0500,5.1100,4.9000,4.9300,2328600
20130423,4.9500,5.0600,4.8800,5.0300,1523300
20130424,5.0300,5.0800,4.9400,4.9700,1761400
20130425,4.9800,5.1200,4.9800,5.0500,1371100
20130426,4.8500,5.0500,4.8300,4.9800,1072500
20130429,4.8500,4.8500,4.8500,4.8500,0
20130430,4.8500,4.8500,4.8500,4.8500,0
20130501,4.8500,4.8500,4.8500,4.8500,0
20130502,5.0600,5.0700,4.8500,4.8500,1667900
20130503,5.1500,5.1600,5.0400,5.0400,2083000
20130506,5.2000,5.2500,5.1000,5.1600,2044600
20130507,5.2400,5.2500,5.1500,5.1500,1599100
20130508,5.2400,5.2500,5.1700,5.2500,1452500
20130509,5.2300,5.2300,5.1200,5.1800,2541200
20130510,5.3200,5.3900,5.1800,5.2300,3808600
20130513,5.3700,5.4500,5.2900,5.3300,3088100
20130514,5.4200,5.4700,5.3100,5.3700,4053900
20130515,5.4100,5.4500,4.9400,5.4300,4194700
20130516,5.2900,5.4500,5.2000,5.4100,5400500
20130517,5.3400,5.3800,5.2500,5.2800,2417700
20130520,5.4900,5.5600,5.3100,5.3800,4534200
20130521,5.6700,5.9000,5.4100,5.4600,11178900
20130522,5.5800,5.8000,5.5400,5.6500,6792700
20130523,5.6800,5.8200,5.5300,5.5900,9333400
20130524,5.7000,5.7700,5.6300,5.7300,6276600
20130527,5.7700,5.9000,5.7300,5.7300,8437700
20130528,5.6900,5.7700,5.6100,5.7400,4742800
20130529,5.7400,5.8500,5.6700,5.7400,5048300
20130530,5.7500,5.8100,5.7100,5.7600,4319100
20130531,5.6000,5.8200,5.5800,5.7400,5845400
20130603,5.5600,5.6700,5.5200,5.6000,3995700
20130604,5.4600,5.5800,5.4200,5.5500,4219600
20130605,5.4800,5.5300,5.4300,5.4600,1770700
20130606,5.4600,5.5300,5.4400,5.4800,2060700
20130607,5.4100,5.5100,5.3400,5.4400,2493400
20130610,5.4100,5.4100,5.4100,5.4100,0
20130611,5.4100,5.4100,5.4100,5.4100,0
20130612,5.4100,5.4100,5.4100,5.4100,0
20130613,5.1600,5.3700,5.1100,5.3700,2124400
20130614,5.2500,5.2600,5.1500,5.1800,1386600
20130617,5.2500,5.3000,5.2100,5.2400,1316600
20130618,5.3200,5.3400,5.2200,5.2300,1784900
20130619,5.3900,5.4300,5.1800,5.3200,2835500
20130620,5.2200,5.3500,5.2000,5.3500,1376500
20130621,5.2300,5.2700,5.1000,5.1500,1459100
20130624,4.9000,5.2600,4.8600,5.2200,1836200
20130625,4.7000,4.9600,4.4100,4.9000,2490100
20130626,4.7600,4.7700,4.6300,4.7000,1925600
20130627,4.8200,5.0000,4.7000,4.7000,3471200
20130628,4.8400,4.9700,4.7700,4.8000,1784300
20130701,5.0500,5.0800,4.8000,4.8400,2436800
20130702,5.1000,5.1500,4.9900,5.0900,2063900
20130703,5.0800,5.0900,4.9700,5.0400,1333700
20130704,5.1400,5.1500,4.9900,5.0100,1689900
20130705,5.0900,5.1800,5.0900,5.1800,1228000
20130708,4.8400,5.0400,4.8300,5.0400,1329300
20130709,4.9200,4.9400,4.8000,4.8400,782000
20130710,5.1600,5.2000,4.9000,4.9500,1351100
20130711,5.3100,5.3700,5.1300,5.1500,2327400
20130712,5.3000,5.5100,5.2900,5.3200,2322700
20130715,5.4800,5.5400,5.3000,5.3000,2717100
20130716,5.5200,5.7000,5.4500,5.4700,2141200
20130717,5.5700,5.8000,5.4800,5.5000,4642200
20130718,5.5600,5.6400,5.4000,5.5000,5172500
20130719,5.7600,5.8700,5.5500,5.5500,8351500
20130722,6.1400,6.1600,5.6500,5.7000,10098200
20130723,6.4900,6.5200,6.0500,6.1000,11317000
20130724,6.4600,6.5500,6.2100,6.5500,8036200
20130725,6.1100,6.4200,6.1000,6.3600,5802200
20130726,6.1800,6.2200,5.9600,6.0500,5275700
20130729,6.1700,6.2000,6.0300,6.1500,2525500
20130730,5.8300,6.2100,5.6600,6.1500,3968900
20130731,5.8700,6.0200,5.8000,5.8300,3005900
20130801,6.3000,6.3500,5.8800,5.8800,6616600
20130802,6.2100,6.4000,6.2000,6.3000,3447500
20130805,6.3000,6.4300,6.2100,6.2100,2953700
20130806,6.3500,6.4600,6.2100,6.2900,3676700
20130807,6.1600,6.4000,6.1300,6.3000,3765500
20130808,6.3800,6.4500,6.0600,6.1200,4743800
20130809,6.3200,6.5500,6.1400,6.4500,4242000
20130812,6.2300,6.3100,6.1700,6.2900,2660300
20130813,6.2500,6.3100,6.2200,6.2300,1786800
20130814,6.2400,6.3000,6.1700,6.2300,2203500
20130815,6.0400,6.2600,6.0200,6.2600,4588700
20130816,5.9000,6.0800,5.8800,6.0100,2813500
20130819,6.1400,6.1500,5.8100,5.8400,3168000
20130820,6.2600,6.3400,6.1000,6.1100,4764300
20130821,6.3000,6.4200,6.2000,6.2300,3397600
20130822,6.5500,6.8000,6.2600,6.3000,10458700
20130823,6.4500,6.6000,6.2300,6.5500,6602100
20130826,6.5500,6.6500,6.3700,6.4200,4628700
20130827,6.6600,6.6700,6.3500,6.5200,4771500
20130828,6.4200,6.6000,6.4100,6.5100,3593600
20130829,6.3400,6.4800,6.3100,6.4200,2390700
20130830,6.2000,6.4600,6.1600,6.3400,3328800
20130902,6.2900,6.3000,6.1200,6.2500,1990600
20130903,6.3500,6.3900,6.2100,6.3000,2098800
20130904,6.2900,6.3400,6.2300,6.3100,1700600
20130905,6.2000,6.3300,6.2000,6.2200,1751900
20130906,6.3100,6.3400,6.1600,6.2000,2078800
20130909,6.3200,6.4200,6.3000,6.3300,2300700
20130910,6.2200,6.3300,6.1800,6.3200,3612600
20130911,6.0300,6.2700,6.0300,6.2600,3410900
20130912,6.1700,6.2000,6.0300,6.0300,2172000
20130913,6.1800,6.1900,6.1100,6.1800,1046400
20130916,6.2000,6.3800,6.1400,6.1800,4467300
20130917,6.0200,6.2400,6.0200,6.2400,2341100
20130918,6.2000,6.2100,5.9900,6.0200,1910600
20130920,6.2000,6.2000,6.2000,6.2000,0
20130923,6.2800,6.3100,6.1800,6.1900,2264100
20130924,6.2800,6.2800,6.2100,6.2800,1569600
20130925,6.1100,6.2800,6.0900,6.2800,3017800
20130926,6.0700,6.1500,6.0400,6.1000,1646300
20130927,6.0600,6.1100,6.0400,6.0700,1307700
20130930,6.0700,6.1200,6.0400,6.0500,1612300
20131001,6.0700,6.0700,6.0700,6.0700,0
20131002,6.0700,6.0700,6.0700,6.0700,0
20131003,6.0700,6.0700,6.0700,6.0700,0
20131004,6.0700,6.0700,6.0700,6.0700,0
20131007,6.0700,6.0700,6.0700,6.0700,0
20131008,6.2400,6.2500,6.0500,6.0800,3129200
20131009,6.3900,6.3900,6.1800,6.2400,3832300
20131010,6.3400,6.4100,6.2800,6.3900,3081500
20131011,6.4800,6.5300,6.3300,6.3300,5033500
20131014,6.4500,6.5500,6.4000,6.4800,2735300
20131015,6.3700,6.4700,6.2600,6.4600,3277100
20131016,6.5600,6.8000,6.3400,6.3700,12865600
20131017,6.4300,6.6500,6.3000,6.5900,6149200
20131018,6.5200,6.5700,6.3700,6.3900,3181800
20131021,6.8000,6.9000,6.5200,6.5200,7371600
20131022,7.0700,7.0800,6.7200,6.7700,10625700
20131023,6.9200,7.1400,6.7800,7.0600,7301100
20131024,6.8000,6.9100,6.6800,6.8100,3753500
20131025,6.7000,6.8400,6.4800,6.8000,3454100
20131028,6.8600,6.8600,6.5500,6.8100,3481700
20131029,6.8200,6.9500,6.4100,6.8800,4672500
20131030,6.6700,6.7700,6.5500,6.7400,2799300
20131031,6.7900,6.8500,6.5700,6.5800,2483100
20131101,6.8200,6.8200,6.5200,6.7700,2610200
20131104,6.7400,6.9400,6.7300,6.8200,1881900
20131105,6.7300,6.7600,6.5700,6.7200,1336600
20131106,6.9500,6.9700,6.6000,6.6500,6406100
20131107,7.3200,7.4900,6.8800,6.9600,15563100
20131108,7.2200,7.3100,7.0500,7.1600,6367700
20131111,7.5000,7.6300,7.0800,7.1900,7922500
20131112,7.4700,7.5200,7.3000,7.4400,4368700
20131113,7.4700,7.4700,7.4700,7.4700,0
20131114,7.4700,7.4700,7.4700,7.4700,0
20131115,7.4700,7.4700,7.4700,7.4700,0
20131118,7.4700,7.4700,7.4700,7.4700,0
20131119,7.4700,7.4700,7.4700,7.4700,0
20131120,7.4700,7.4700,7.4700,7.4700,0
20131121,7.4700,7.4700,7.4700,7.4700,0
20131122,7.4700,7.4700,7.4700,7.4700,0
20131125,7.4700,7.4700,7.4700,7.4700,0
20131126,7.4700,7.4700,7.4700,7.4700,0
20131127,7.4700,7.4700,7.4700,7.4700,0
20131128,7.4700,7.4700,7.4700,7.4700,0
20131129,7.4700,7.4700,7.4700,7.4700,0
20131202,7.4700,7.4700,7.4700,7.4700,0
20131203,7.4700,7.4700,7.4700,7.4700,0
20131204,7.4700,7.4700,7.4700,7.4700,0
20131205,7.4700,7.4700,7.4700,7.4700,0
20131206,7.4700,7.4700,7.4700,7.4700,0
20131209,7.4700,7.4700,7.4700,7.4700,0
20131210,7.4700,7.4700,7.4700,7.4700,0
20131211,7.4700,7.4700,7.4700,7.4700,0
20131212,7.4700,7.4700,7.4700,7.4700,0
20131213,7.4700,7.4700,7.4700,7.4700,0
20131216,7.4700,7.4700,7.4700,7.4700,0
20131217,7.4700,7.4700,7.4700,7.4700,0
20131218,7.4700,7.4700,7.4700,7.4700,0
20131219,7.4700,7.4700,7.4700,7.4700,0
20131220,7.4700,7.4700,7.4700,7.4700,0
20131223,7.4700,7.4700,7.4700,7.4700,0
20131224,7.4700,7.4700,7.4700,7.4700,0
20131225,6.7200,6.7200,6.7200,6.7200,483600
20131226,6.0600,6.4100,6.0500,6.0700,17516200
20131227,6.1200,6.1300,5.9000,5.9400,12295800
20131230,6.0000,6.1000,5.9900,6.0800,5284600
20131231,6.0200,6.0300,5.8100,5.9900,5464500
20140101,6.0200,6.0200,6.0200,6.0200,0
20140102,6.0700,6.1100,5.9000,5.9300,4514700
20140103,6.1000,6.1200,6.0000,6.0300,4475200
20140106,5.9300,6.1000,5.9000,6.1000,3019800
20140107,5.7400,5.9500,5.7200,5.9000,4763700
20140108,5.9000,5.9500,5.7100,5.7500,16276800
20140109,5.7600,5.8900,5.6500,5.8200,7910400
20140110,5.6600,5.8100,5.6200,5.7000,3841700
20140113,5.6000,5.7300,5.5300,5.6800,2917000
20140114,5.6900,5.7000,5.5600,5.5600,2004800
20140115,5.8000,5.8300,5.6500,5.6900,3218300
20140116,5.8200,5.8500,5.7500,5.8100,1960100
20140117,5.7000,5.8200,5.6900,5.8200,1374400
20140120,5.7700,5.7800,5.6300,5.6900,1712000
20140121,5.7900,5.8400,5.7500,5.7500,1876400
20140122,5.8400,5.8800,5.7500,5.7800,5577800
20140123,5.8200,5.8700,5.7800,5.8200,8012000
20140124,5.9500,6.0600,5.7700,5.8200,8170900
20140127,6.0300,6.0700,5.8900,5.9000,6097800
20140128,5.9800,6.0400,5.9300,5.9900,2505500
20140129,6.0400,6.0500,5.9400,6.0000,3407800
20140130,6.0000,6.0400,5.9700,6.0300,1996700
20140131,6.0000,6.0000,6.0000,6.0000,0
20140203,6.0000,6.0000,6.0000,6.0000,0
20140205,6.0000,6.0000,6.0000,6.0000,0
20140206,6.0000,6.0000,6.0000,6.0000,0
20140207,6.1200,6.1400,5.9200,5.9700,3242400
20140210,6.2500,6.2800,6.1200,6.1400,5044200
20140211,6.2700,6.4200,6.2200,6.2300,5284000
20140212,6.3500,6.3600,6.2300,6.2400,5144100
20140213,6.4700,6.7200,6.2800,6.3900,14390400
20140214,6.7200,6.7200,6.3600,6.4300,11998500
20140217,7.0000,7.0500,6.6200,6.7400,12764700
20140218,6.8700,7.0000,6.8000,7.0000,8202700
20140219,6.9000,7.2000,6.7900,6.8400,9347300
20140220,6.6200,6.9200,6.5800,6.8700,5989500
20140221,6.5600,6.7000,6.4500,6.6100,4426600
20140224,6.7000,6.7100,6.4800,6.5500,4573200
20140225,6.4400,6.8700,6.3600,6.7300,5702600
