20130226,4.2000,4.3100,4.1900,4.2800,4850600
20130227,4.1400,4.2600,4.0900,4.1900,6009800
20130228,4.2800,4.3000,4.1100,4.1600,5974600
20130301,4.2500,4.2900,4.1900,4.2800,5514600
20130304,4.0000,4.2400,3.9200,4.2400,13176200
20130305,4.0600,4.1000,3.9500,4.0000,5562500
20130306,4.1300,4.1400,4.0300,4.0900,7598400
20130307,4.0400,4.1300,3.9800,4.1100,11138000
20130308,4.0200,4.0600,4.0100,4.0300,4075900
20130311,4.0300,4.0500,4.0000,4.0200,3707100
20130312,3.9400,4.0600,3.8900,4.0300,5234000
20130313,3.8800,3.9400,3.8600,3.9300,3205200
20130314,3.8900,3.9300,3.8800,3.8800,4305100
20130315,3.9500,4.0400,3.8600,3.9000,10080700
20130318,3.8900,4.0300,3.8600,3.9300,6895200
20130319,3.9800,3.9900,3.8800,3.8900,7912800
20130320,4.0500,4.0600,3.9600,3.9600,7214100
20130321,4.1000,4.1200,4.0400,4.0600,6673200
20130322,4.2200,4.2700,4.1200,4.1200,16021000
20130325,4.2100,4.2800,4.1700,4.2300,6591000
20130326,4.2000,4.2200,4.1300,4.2100,7104100
20130327,4.2300,4.2800,4.1900,4.2100,10083800
20130328,4.1300,4.2200,4.1100,4.2200,7208500
20130329,4.1400,4.1500,4.0800,4.1100,3250400
20130401,4.1900,4.2200,4.1100,4.1400,3831800
20130402,4.1900,4.2500,4.1500,4.2200,4297300
20130403,4.1400,4.2300,4.1100,4.1700,3891400
20130404,4.1400,4.1400,4.1400,4.1400,0
20130405,4.1400,4.1400,4.1400,4.1400,0
20130408,4.1600,4.1700,3.9800,4.0900,4006100
20130409,4.2500,4.2800,4.1600,4.1700,7384700
20130410,4.2700,4.3500,4.2100,4.2100,7651700
20130411,4.2500,4.3100,4.2400,4.2800,4556800
20130412,4.2600,4.3200,4.2400,4.2500,3872800
20130415,4.2100,4.2700,4.1900,4.2300,3149000
20130416,4.1700,4.2000,4.1100,4.1600,4437000
20130417,4.3500,4.3600,4.1600,4.1800,10730100
20130418,4.3600,4.3600,4.2800,4.3300,7019500
20130419,4.3000,4.3400,4.2200,4.3400,21547700
20130422,4.2800,4.2900,4.2200,4.2800,8593200
20130423,4.0100,4.2700,4.0100,4.2600,12051300
20130424,4.0900,4.1500,4.0000,4.0200,9335400
20130425,4.0800,4.1600,4.0300,4.0800,7819400
20130426,4.0900,4.1200,4.0600,4.1000,4603100
20130429,4.0900,4.0900,4.0900,4.0900,0
20130430,4.0900,4.0900,4.0900,4.0900,0
20130501,4.0900,4.0900,4.0900,4.0900,0
20130502,4.1000,4.1400,4.0700,4.0700,2657500
20130503,4.0800,4.1400,4.0600,4.1100,8432600
20130506,4.0800,4.1300,4.0500,4.0900,9007600
20130507,4.0400,4.0800,4.0000,4.0700,9092600
20130508,4.0400,4.0600,4.0100,4.0400,6842900
20130509,3.9900,4.0500,3.9500,4.0200,5318600
20130510,4.0800,4.0900,3.9800,4.0000,6064400
20130513,4.0400,4.1100,4.0200,4.1000,4438500
20130514,3.9800,4.0500,3.9600,4.0400,5397600
20130515,3.9900,4.0100,3.9500,3.9900,5174600
20130516,4.0300,4.0500,3.9500,3.9800,7437200
20130517,4.0700,4.0800,4.0100,4.0100,6827100
20130520,4.0800,4.0900,4.0300,4.0600,8136600
20130521,4.1000,4.1100,4.0600,4.0900,7563000
20130522,4.0800,4.1100,4.0600,4.1000,5677000
20130523,4.0200,4.0800,4.0200,4.0800,6302300
20130524,4.0500,4.0500,3.9900,4.0100,5066200
20130527,4.0400,4.0500,4.0200,4.0400,4666500
20130528,4.0800,4.0900,4.0300,4.0500,6094000
20130529,4.0700,4.1000,4.0700,4.0800,7079300
20130530,4.0100,4.0800,3.9900,4.0700,10208600
20130531,4.0100,4.0300,4.0000,4.0100,4827800
20130603,4.0300,4.0600,4.0100,4.0400,6733700
20130604,3.9400,4.0300,3.9300,4.0300,5381300
20130605,3.9800,3.9900,3.9400,3.9500,3381800
20130606,3.8800,3.9900,3.8800,3.9900,4111400
20130607,3.8000,3.9100,3.7800,3.9000,5890300
20130610,3.8000,3.8000,3.8000,3.8000,0
20130611,3.8000,3.8000,3.8000,3.8000,0
20130612,3.8000,3.8000,3.8000,3.8000,0
20130613,3.6300,3.7800,3.5800,3.7800,3989900
20130614,3.6400,3.6600,3.6100,3.6300,3923400
20130617,3.5500,3.6500,3.5200,3.6500,8341500
20130618,3.5800,3.5800,3.5400,3.5600,4672800
20130619,3.5800,3.5800,3.4900,3.5700,4181100
20130620,3.5400,3.6500,3.5200,3.5500,5178200
20130621,3.4600,3.5000,3.3600,3.5000,4082800
20130624,3.1800,3.4600,3.1600,3.4600,6741400
20130625,3.1400,3.1900,2.9500,3.1400,6053500
20130626,3.1700,3.2000,3.1000,3.1500,4574600
20130627,3.1200,3.2000,3.1100,3.1800,3503800
20130628,3.1400,3.1800,3.0600,3.1100,3408700
20130701,3.1800,3.1800,3.1100,3.1400,3222200
20130702,3.1900,3.1900,3.1400,3.1700,2027800
20130703,3.2200,3.2500,3.1500,3.1600,5821900
20130704,3.2300,3.2600,3.1600,3.1800,4037600
20130705,3.2300,3.2700,3.2200,3.2300,2952300
20130708,3.0500,3.2000,3.0300,3.2000,5000200
20130709,3.0700,3.0900,3.0400,3.0700,1829100
20130710,3.1900,3.1900,3.0600,3.0800,3884200
20130711,3.3000,3.3300,3.2000,3.2500,8303900
20130712,3.2300,3.3600,3.2300,3.2700,6503900
20130715,3.2900,3.3300,3.2500,3.2600,4067100
20130716,3.3500,3.3500,3.2700,3.2900,4542100
20130717,3.2800,3.3600,3.2800,3.3400,4141700
20130718,3.2800,3.3200,3.2400,3.2700,3008500
20130719,3.1400,3.2800,3.1100,3.2600,3835700
20130722,3.1700,3.1700,3.0800,3.0900,3533000
20130723,3.2700,3.2800,3.1800,3.1900,4736700
20130724,3.2700,3.2800,3.2100,3.2500,4039600
20130725,3.2100,3.3000,3.2100,3.2800,4394500
20130726,3.2700,3.2900,3.1700,3.2000,5285700
20130729,3.1800,3.2400,3.1600,3.2400,4354200
20130730,3.1900,3.2000,3.1200,3.1800,4091700
20130731,3.2200,3.2400,3.1900,3.2000,3579800
20130801,3.2700,3.2800,3.2100,3.2300,5780300
20130802,3.3000,3.3000,3.2500,3.2700,7164200
20130805,3.4100,3.4700,3.2700,3.3000,11448000
20130806,3.3900,3.4400,3.3700,3.3900,6738000
20130807,3.3800,3.4400,3.3700,3.3900,6038200
20130808,3.4100,3.4400,3.3400,3.3800,6167400
20130809,3.4100,3.4500,3.3600,3.4000,4388400
20130812,3.4700,3.4700,3.3900,3.4100,6596700
20130813,3.4900,3.4900,3.4400,3.4600,5411500
20130814,3.4500,3.5300,3.4300,3.4900,5278700
20130815,3.4100,3.4600,3.4100,3.4500,4354800
20130816,3.3800,3.5000,3.3600,3.4300,7124800
20130819,3.5000,3.5200,3.3300,3.3700,10066300
20130820,3.4300,3.5100,3.4200,3.4700,6525700
20130821,3.4500,3.4600,3.4100,3.4300,3789500
20130822,3.4500,3.4900,3.4300,3.4500,4550300
20130823,3.5000,3.5600,3.4400,3.4700,10067500
20130826,3.5600,3.5700,3.4900,3.5100,6058000
20130827,3.6000,3.6300,3.5700,3.6100,7502200
20130828,3.5600,3.6100,3.5300,3.5800,7325700
20130829,3.6300,3.6300,3.5600,3.5800,6708500
20130830,3.5700,3.6500,3.5500,3.6100,8227900
20130902,3.5900,3.6000,3.4900,3.5700,6549100
20130903,3.6700,3.6800,3.5600,3.5900,8186400
20130904,3.7200,3.8000,3.6500,3.6500,9604300
20130905,3.6900,3.7200,3.6400,3.7100,4698100
20130906,3.6900,3.7000,3.6500,3.6700,3773100
20130909,3.7400,3.7600,3.6800,3.6800,7472700
20130910,3.8300,3.8500,3.7300,3.7400,9249100
20130911,3.8400,3.9200,3.8100,3.8100,13304300
20130912,3.8600,3.8700,3.8100,3.8300,7264200
20130913,3.8100,3.8800,3.7300,3.8700,8083500
20130916,3.8800,3.8800,3.7800,3.8000,7758100
20130917,3.7800,3.9700,3.7700,3.8700,9025700
20130918,3.7900,3.8200,3.7300,3.7700,5012600
20130920,3.7900,3.7900,3.7900,3.7900,0
20130923,3.8300,3.8300,3.7500,3.8000,6787100
20130924,3.7800,3.8200,3.7500,3.8100,5371300
20130925,3.7500,3.8100,3.7400,3.7600,5908300
20130926,3.5500,3.7500,3.5400,3.7200,11138800
20130927,3.6000,3.6100,3.5500,3.5600,3858300
20130930,3.6100,3.6200,3.5900,3.6000,3403500
20131001,3.6100,3.6100,3.6100,3.6100,0
20131002,3.6100,3.6100,3.6100,3.6100,0
20131003,3.6100,3.6100,3.6100,3.6100,0
20131004,3.6100,3.6100,3.6100,3.6100,0
20131007,3.6100,3.6100,3.6100,3.6100,0
20131008,3.6700,3.7000,3.5700,3.6000,4343700
20131009,3.7700,3.7900,3.6500,3.6700,6182000
20131010,3.7600,3.8800,3.7500,3.7800,10129000
20131011,3.8100,3.8400,3.7800,3.8000,5614100
20131014,3.8600,3.8600,3.8000,3.8100,7553000
20131015,3.9000,3.9300,3.8500,3.9200,8840000
20131016,3.8500,3.9000,3.7700,3.8800,8667600
20131017,3.8600,3.9000,3.8300,3.8500,6213700
20131018,3.8900,3.9400,3.8700,3.8700,7338800
20131021,3.9900,4.0200,3.9000,3.9400,13645100
20131022,4.0500,4.0800,3.9200,3.9900,14823700
20131023,3.9100,4.0900,3.9100,4.0400,12000700
20131024,3.9200,4.0300,3.8900,3.9000,9153100
20131025,3.9300,4.0200,3.9100,3.9100,9256400
20131028,3.9900,4.0000,3.9100,3.9400,7789700
20131029,3.8300,3.9900,3.7300,3.9700,12006800
20131030,3.8700,3.9100,3.7600,3.8100,7402000
20131031,3.9700,4.0400,3.8700,3.9100,10778000
20131101,3.9400,4.0300,3.8900,3.9600,7411200
20131104,3.9300,3.9600,3.9100,3.9200,3819600
20131105,3.9300,3.9700,3.8500,3.9700,5641600
20131106,3.8800,3.9600,3.8800,3.9300,4593100
20131107,3.8000,3.8800,3.7800,3.8700,4369200
20131108,3.7800,3.8300,3.7700,3.7800,3220400
20131111,3.7700,3.8100,3.7200,3.7800,3750800
20131112,3.8200,3.8300,3.7700,3.7700,2878300
20131113,3.6800,3.8000,3.6500,3.8000,5680600
20131114,3.7100,3.7400,3.6500,3.6700,3370600
20131115,3.7800,3.8000,3.7000,3.7100,6085800
20131118,3.8800,3.8900,3.7700,3.7900,7025800
20131119,3.8800,3.8900,3.8400,3.8800,4529600
20131120,3.9100,3.9100,3.8400,3.8800,6308200
20131121,3.8700,3.9100,3.8300,3.9100,5737800
20131122,3.8600,3.9000,3.8200,3.8900,5409600
20131125,3.8500,3.9000,3.8400,3.8500,4474900
20131126,3.8600,3.8900,3.8400,3.8500,3847300
20131127,3.8800,3.8900,3.8400,3.8500,5100800
20131128,3.9400,3.9800,3.8800,3.8900,11078300
20131129,4.0800,4.1200,3.9300,3.9400,24856500
20131202,4.0200,4.1000,3.8900,4.0000,16133700
20131203,4.2000,4.2000,3.9700,4.0300,16063700
20131204,4.1900,4.3600,4.1800,4.2000,22868300
20131205,4.6100,4.6100,4.1500,4.1900,38512600
20131206,4.6200,4.8500,4.5800,4.6400,48216700
20131209,5.0000,5.0800,4.6200,4.6500,61223300
20131210,5.1000,5.2400,4.8300,4.9100,52409400
20131211,5.0300,5.0500,4.9000,5.0000,27734800
20131212,4.8000,5.0000,4.7600,4.9700,30158000
20131213,4.8700,4.9200,4.7300,4.7900,25192600
20131216,4.9500,5.1400,4.8000,4.8100,32617500
20131217,4.7800,4.9800,4.5000,4.9500,26227900
20131218,4.6600,4.8100,4.6000,4.7700,13138600
20131219,4.8400,4.9500,4.6600,4.6700,26792200
20131220,4.9800,5.0800,4.7500,4.8100,31374100
20131223,5.1300,5.1700,4.7500,4.9300,25199000
20131224,5.0800,5.1900,4.9500,5.0800,17514200
20131225,4.9900,5.0800,4.9000,5.0400,13585900
20131226,4.8700,5.1800,4.8200,4.9600,21430200
20131227,4.8400,4.8700,4.6800,4.8000,19534500
20131230,4.7500,4.8900,4.6800,4.8400,12457600
20131231,4.9300,4.9600,4.5900,4.7400,18922700
20140101,4.9300,4.9300,4.9300,4.9300,0
20140102,4.8000,4.9400,4.7800,4.8400,12218400
20140103,4.6800,4.8300,4.6300,4.8300,11887800
20140106,4.4100,4.7000,4.4000,4.6200,11829500
20140107,4.4300,4.5200,4.3100,4.3800,10385000
20140108,4.4000,4.5000,4.3000,4.4300,12527800
20140109,4.5800,4.6400,4.3500,4.3800,17023800
20140110,4.5100,4.6100,4.4900,4.5200,10464900
20140113,4.4100,4.5800,4.3900,4.4900,8502900
20140114,4.5500,4.6700,4.3000,4.4300,16303800
20140115,4.6500,4.6900,4.4800,4.5000,14814100
20140116,4.4600,4.6300,4.4500,4.6300,9113200
20140117,4.4200,4.5100,4.4000,4.4200,6900600
20140120,4.5100,4.5700,4.3600,4.4000,8966500
20140121,4.9600,4.9600,4.6000,4.6900,38234200
20140122,5.2100,5.3600,5.0000,5.0500,41294900
20140123,5.2800,5.3500,5.1200,5.2100,24651200
20140124,5.5800,5.6600,5.1500,5.2800,28526600
20140127,5.5900,5.6500,5.3600,5.5000,17573400
20140128,5.6900,5.8700,5.5000,5.5300,15845500
20140129,5.5900,5.7000,5.4500,5.7000,11865800
20140130,5.5300,5.6500,5.4100,5.6000,9497400
20140131,5.5300,5.5300,5.5300,5.5300,0
20140203,5.5300,5.5300,5.5300,5.5300,0
20140205,5.5300,5.5300,5.5300,5.5300,0
20140206,5.5300,5.5300,5.5300,5.5300,0
20140207,5.8300,5.9000,5.4200,5.5000,16088200
20140210,6.0600,6.0800,5.7600,5.7700,19951100
20140211,5.9300,6.1000,5.8300,6.0100,14214200
20140212,5.8400,6.0800,5.8100,5.8800,10902100
20140213,5.6700,5.8700,5.6700,5.8300,10836200
20140214,5.6700,5.7300,5.5300,5.6700,11562400
20140217,6.2400,6.2400,5.7200,5.7200,18382700
20140218,6.8600,6.8600,6.6000,6.7700,44067100
20140219,6.8500,6.9500,6.6700,6.8000,36016500
20140220,6.5000,6.8600,6.4500,6.7900,21842700
20140221,6.4200,6.6500,6.3000,6.4800,17118400
20140224,6.6500,6.6700,6.2600,6.4200,27025800
20140225,5.9900,6.5900,5.9900,6.5900,24868700
