20130226,5.0500,5.1500,5.0200,5.0600,8576800
20130227,5.0800,5.1200,5.0400,5.0500,5767100
20130228,5.1600,5.1800,5.0800,5.1500,10451600
20130301,5.1700,5.1700,5.1000,5.1700,7708700
20130304,4.9200,5.1400,4.8700,5.1400,14481400
20130305,5.0000,5.0200,4.8800,4.9300,9556200
20130306,5.0900,5.1400,4.9900,5.0500,10103600
20130307,5.0200,5.1100,4.9900,5.0800,8737800
20130308,4.9000,5.0500,4.8700,5.0300,11043300
20130311,5.0100,5.0500,4.8300,4.8800,8857600
20130312,4.8800,5.0400,4.8300,5.0100,8772100
20130313,4.7700,4.9000,4.7400,4.8900,6129600
20130314,4.8000,4.8300,4.7600,4.7600,4257200
20130315,4.8000,4.9100,4.7700,4.8000,5737400
20130318,4.6800,4.8200,4.6700,4.7400,4650600
20130319,4.7000,4.7600,4.6300,4.7600,3842100
20130320,4.8500,4.8600,4.6800,4.7100,5919400
20130321,4.9000,4.9700,4.8200,4.8300,8881600
20130322,4.9200,4.9600,4.8500,4.8500,5190400
20130325,4.8900,4.9900,4.8900,4.9500,5169400
20130326,4.8000,4.9000,4.7500,4.9000,5330400
20130327,4.8000,4.8700,4.7500,4.8100,5102100
20130328,4.6600,4.7700,4.6000,4.7700,6813000
20130329,4.5800,4.6900,4.5600,4.6700,6307700
20130401,4.6100,4.6600,4.5700,4.6400,5819700
20130402,4.5700,4.6700,4.5700,4.6000,5956900
20130403,4.6100,4.6300,4.5600,4.5900,5855100
20130404,4.6100,4.6100,4.6100,4.6100,0
20130405,4.6100,4.6100,4.6100,4.6100,0
20130408,4.5700,4.5900,4.4700,4.5300,6122300
20130409,4.6400,4.6700,4.5800,4.5900,8097400
20130410,4.6300,4.6600,4.6100,4.6200,3529100
20130411,4.6400,4.7000,4.6300,4.6600,4527500
20130412,4.5600,4.6800,4.5500,4.6400,3606700
20130415,4.5500,4.5900,4.4600,4.5800,4804100
20130416,4.5800,4.5900,4.4900,4.5700,3651300
20130417,4.5800,4.6000,4.5100,4.5800,4047600
20130418,4.6100,4.6100,4.5300,4.5600,3174200
20130419,4.6900,4.7100,4.6200,4.6400,9696900
20130422,4.6900,4.7600,4.6500,4.6700,7031600
20130423,4.8100,4.9300,4.7000,4.7200,21567600
20130424,4.9200,4.9700,4.7700,4.8200,20384200
20130425,4.8400,4.9600,4.8300,4.9300,9961100
20130426,4.7400,4.8800,4.7100,4.8800,7207800
20130429,4.7400,4.7400,4.7400,4.7400,0
20130430,4.7400,4.7400,4.7400,4.7400,0
20130501,4.7400,4.7400,4.7400,4.7400,0
20130502,4.6000,4.6700,4.5200,4.5200,8193000
20130503,5.0500,5.0600,4.5800,4.6000,42526900
20130506,5.2800,5.4200,4.9600,5.0000,55729900
20130507,5.3000,5.3900,5.1100,5.2200,29398500
20130508,5.2500,5.4800,5.1900,5.2900,25790100
20130509,5.5200,5.6900,5.2000,5.2600,47249400
20130510,5.5200,5.7800,5.4500,5.4900,38260500
20130513,5.3700,5.7000,5.3200,5.6200,36582800
20130514,5.2900,5.4500,5.1400,5.3600,40431500
20130515,5.3200,5.3400,5.1300,5.2500,31435800
20130516,5.3000,5.3500,5.1800,5.3000,24444800
20130517,5.3200,5.4200,5.2600,5.2800,22484000
20130520,5.4800,5.5300,5.2500,5.3200,30689500
20130521,5.9000,5.9900,5.4200,5.4500,58350200
20130522,5.9100,6.0700,5.8100,5.9300,52088700
20130523,6.1000,6.3700,5.7500,5.8700,74225904
20130524,6.2600,6.3900,6.0300,6.1000,55878300
20130527,6.2500,6.4700,6.1600,6.2300,41694600
20130528,6.1500,6.2900,6.1200,6.2300,26911500
20130529,6.7700,6.7700,6.1600,6.1600,57356500
20130530,7.1300,7.3500,6.6500,6.8800,87233504
20130531,6.7300,7.1200,6.7000,6.7500,64553500
20130603,6.8100,7.0600,6.6500,6.7000,44559100
20130604,6.2500,6.7900,6.1300,6.7500,65370500
20130605,6.2600,6.3300,6.0900,6.2000,33387100
20130606,6.2100,6.4700,6.1700,6.2000,34131600
20130607,5.9800,6.3400,5.8200,6.2300,37454600
20130610,5.9800,5.9800,5.9800,5.9800,0
20130611,5.9800,5.9800,5.9800,5.9800,0
20130612,5.9800,5.9800,5.9800,5.9800,0
20130613,5.6400,5.8400,5.3900,5.8400,29728700
20130614,5.8100,5.8900,5.6000,5.6400,28784600
20130617,5.9600,6.0700,5.6500,5.7900,33978300
20130618,6.1500,6.4300,6.0600,6.0600,54725700
20130619,6.3400,6.3500,5.9900,6.0500,42128800
20130620,5.9900,6.4400,5.9500,6.2500,44386900
20130621,5.9100,5.9800,5.5000,5.7500,33446700
20130624,5.3500,5.8800,5.3200,5.8800,31519200
20130625,5.5500,5.6500,4.9100,5.2600,42161900
20130626,5.6400,5.6900,5.4100,5.5500,33335000
20130627,5.3900,5.7300,5.3700,5.6400,32273600
20130628,5.2500,5.5200,5.1000,5.2900,22613700
20130701,5.5500,5.5900,5.1700,5.2600,29158000
20130702,5.7200,5.8200,5.5100,5.5500,39815800
20130703,5.7000,5.7600,5.4100,5.6400,31176000
20130704,5.9500,6.1400,5.5200,5.6100,56112500
20130705,6.0300,6.2300,5.9100,5.9800,51979900
20130708,6.0000,6.2900,5.8600,5.9800,60006600
20130709,5.9500,5.9800,5.7100,5.8700,33086900
20130710,6.1800,6.2000,5.8300,5.9000,43495800
20130711,6.2000,6.3500,6.1000,6.1900,55884500
20130712,6.0500,6.3200,6.0400,6.2200,39835000
20130715,6.2900,6.2900,6.1300,6.1800,34848300
20130716,6.3700,6.3900,6.2200,6.2800,41481600
20130717,5.9800,6.2900,5.9600,6.2400,46705100
20130718,5.9000,6.0900,5.9000,5.9400,25861900
20130719,5.5100,5.9500,5.5100,5.8800,37598700
20130722,5.6700,5.6700,5.4700,5.5200,18049900
20130723,5.8200,5.8600,5.6400,5.6800,20126600
20130724,5.7700,5.8300,5.6200,5.8000,21015200
20130725,5.7700,5.9500,5.7100,5.7500,25139600
20130726,5.6100,5.8100,5.5200,5.7900,15305500
20130729,5.4300,5.6200,5.4100,5.5800,14206400
20130730,5.4300,5.5500,5.3200,5.4600,12653100
20130731,5.4500,5.5400,5.4000,5.4700,10352400
20130801,5.6900,5.7100,5.4500,5.5100,18479500
20130802,5.6500,5.7400,5.6200,5.7000,13403900
20130805,5.7500,5.7700,5.6200,5.6400,13604000
20130806,5.9200,5.9600,5.7100,5.7700,28178500
20130807,5.7500,5.9100,5.7400,5.9000,19986700
20130808,5.7500,5.8800,5.7300,5.7600,14646600
20130809,5.7100,5.8700,5.5600,5.8400,17849800
20130812,5.8000,5.8100,5.6400,5.7200,18411200
20130813,5.8900,5.9100,5.7500,5.7800,20946200
20130814,5.8200,5.9700,5.8000,5.8900,21607100
20130815,5.6300,5.8300,5.6200,5.7900,18343200
20130816,5.5300,5.7800,5.5300,5.6000,19017500
20130819,5.6500,5.6700,5.4500,5.4800,12504100
20130820,5.5400,5.6900,5.5000,5.6400,12845300
20130821,5.7200,5.7400,5.4800,5.5100,23691800
20130822,5.7200,5.8300,5.6000,5.6800,25449600
20130823,6.2900,6.2900,5.7300,5.7300,102020000
20130826,6.2900,6.3300,6.1000,6.2800,70792496
20130827,6.3000,6.3400,6.1600,6.3300,45532100
20130828,6.0400,6.2900,6.0200,6.2200,41896700
20130829,6.0700,6.1700,6.0100,6.0100,22526500
20130830,6.1300,6.4900,6.0400,6.0700,50489100
20130902,6.3800,6.4100,6.0600,6.1700,41883300
20130903,6.5800,6.7300,6.2300,6.3300,62000500
20130904,6.4300,6.6000,6.3700,6.4800,36412700
20130905,6.3900,6.5400,6.3400,6.4400,26089900
20130906,6.4900,6.6900,6.3400,6.4000,49519200
20130909,6.4900,6.6700,6.4200,6.4800,41234900
20130910,6.4500,6.5800,6.3600,6.5000,34397900
20130911,6.6400,6.9000,6.3800,6.5000,54850800
20130912,6.5700,6.7200,6.5300,6.5400,31001200
20130913,6.7000,6.8600,6.5800,6.5900,43416200
20130916,6.4400,6.8500,6.4300,6.7400,34583100
20130917,6.1300,6.4800,6.0900,6.4100,41329100
20130918,6.2000,6.3100,6.1300,6.1900,24419600
20130920,6.2000,6.2000,6.2000,6.2000,0
20130923,6.2800,6.3000,6.1800,6.2000,22743600
20130924,6.1500,6.2900,6.1000,6.2900,31266400
20130925,6.1000,6.2500,6.0900,6.1600,22825200
20130926,6.0500,6.1500,5.9800,6.0800,17625300
20130927,6.0900,6.1600,6.0200,6.0200,13607000
20130930,6.1600,6.2100,6.0800,6.0900,13401000
20131001,6.1600,6.1600,6.1600,6.1600,0
20131002,6.1600,6.1600,6.1600,6.1600,0
20131003,6.1600,6.1600,6.1600,6.1600,0
20131004,6.1600,6.1600,6.1600,6.1600,0
20131007,6.1600,6.1600,6.1600,6.1600,0
20131008,6.2700,6.2700,6.1200,6.1700,15881900
20131009,6.2400,6.2900,6.1900,6.2400,15566600
20131010,6.0900,6.2600,6.0700,6.2400,19574200
20131011,6.3300,6.4000,6.0900,6.1000,36117000
20131014,6.2900,6.4100,6.2500,6.2900,25991500
20131015,6.3400,6.3700,6.2600,6.3200,21094000
20131016,6.1100,6.4300,6.0700,6.3500,21174200
20131017,6.0600,6.2000,6.0500,6.1100,16305100
20131018,6.0500,6.1000,5.9900,6.0600,12304200
20131021,6.1700,6.2000,6.0300,6.0600,15422800
20131022,6.0800,6.1700,6.0400,6.1600,15998300
20131023,6.3300,6.5800,6.1500,6.3500,51022900
20131024,6.3600,6.4800,6.2900,6.3000,36699800
20131025,6.1200,6.3900,6.0600,6.3600,27520500
20131028,5.8500,6.1300,5.8400,6.1000,21082300
20131029,5.6800,5.9600,5.5100,5.8700,19075700
20131030,5.7500,5.7600,5.6300,5.7100,8979400
20131031,5.6500,5.7800,5.6000,5.7700,8120600
20131101,5.8200,5.8500,5.7000,5.7500,12977400
20131104,5.8000,5.8700,5.7600,5.7900,8482900
20131105,5.8500,5.8500,5.7100,5.7800,9943600
20131106,5.7500,5.8800,5.7400,5.8200,9573800
20131107,5.6000,5.7500,5.5900,5.7400,8433800
20131108,5.5400,5.6100,5.5100,5.5300,7010800
20131111,5.5600,5.5900,5.5000,5.5100,4957700
20131112,5.6000,5.6100,5.5200,5.5700,6566600
20131113,5.4000,5.6000,5.3900,5.6000,7647900
20131114,5.4300,5.4900,5.3500,5.4000,7421800
20131115,5.5600,5.6200,5.4500,5.4900,9112700
20131118,5.6800,5.7100,5.5700,5.5700,10858600
20131119,5.7100,5.7600,5.6400,5.6900,8792100
20131120,5.7100,5.7600,5.6600,5.7200,7255100
20131121,5.6300,5.7100,5.5500,5.7000,10746700
20131122,5.6900,5.7300,5.6200,5.6300,7963500
20131125,5.6800,5.7400,5.6400,5.6900,6631500
20131126,5.7200,5.8100,5.6700,5.6900,7911300
20131127,5.7400,5.7600,5.6400,5.7100,8288300
20131128,5.7700,5.8400,5.7300,5.7400,13485700
20131129,5.8000,5.8700,5.7500,5.7700,10190000
20131202,5.5100,5.7300,5.4600,5.7300,13669900
20131203,5.6500,5.7100,5.5100,5.5800,7967600
20131204,5.8100,5.8900,5.6200,5.6200,16537800
20131205,5.8900,5.9800,5.8000,5.9200,20424900
20131206,5.8300,5.9600,5.7700,5.8900,11998900
20131209,5.8200,5.8900,5.8100,5.8600,8166000
20131210,5.9100,5.9500,5.8000,5.8300,15305800
20131211,5.8500,5.9100,5.8100,5.8900,12033000
20131212,5.8400,5.8800,5.8000,5.8100,5271500
20131213,5.7200,5.8300,5.7000,5.8100,8898700
20131216,5.6000,5.7300,5.5800,5.7300,9401500
20131217,5.5600,5.6300,5.5000,5.6000,6076600
20131218,5.5600,5.6300,5.5400,5.5700,4344500
20131219,5.5400,5.6300,5.5300,5.5700,4846200
20131220,5.4400,5.5600,5.4200,5.5400,5541600
20131223,5.4200,5.4900,5.3800,5.4500,4536600
20131224,5.4500,5.5000,5.4100,5.4900,5908100
20131225,5.4800,5.5100,5.4300,5.4400,5522500
20131226,5.3200,5.4800,5.3100,5.4800,7391300
20131227,5.3500,5.4000,5.2100,5.3000,8024600
20131230,5.3100,5.4100,5.3000,5.3800,5555700
20131231,5.3100,5.3800,5.2600,5.2800,4850000
20140101,5.3100,5.3100,5.3100,5.3100,0
20140102,5.4800,5.5500,5.3300,5.3400,11492800
20140103,5.4500,5.5200,5.4000,5.4500,5915900
20140106,5.2900,5.4400,5.2600,5.4000,5779100
20140107,5.1400,5.3400,5.1400,5.3000,7555900
20140108,5.0700,5.2000,5.0400,5.2000,8840900
20140109,5.0200,5.1100,5.0100,5.0400,5718400
20140110,5.0000,5.0500,4.9400,5.0200,6186400
20140113,5.0800,5.1200,5.0000,5.0300,6131200
20140114,5.2600,5.2700,5.0700,5.1000,12208900
20140115,5.2400,5.3000,5.1700,5.2700,5746700
20140116,5.2100,5.3500,5.1800,5.2600,10093800
20140117,5.1400,5.2300,5.1000,5.2100,8298300
20140120,5.1300,5.1800,5.0500,5.1500,4073400
20140121,5.2600,5.3300,5.1000,5.1200,6343100
20140122,5.3300,5.3600,5.2500,5.2600,8126100
20140123,5.3700,5.5000,5.3700,5.3700,9371200
20140124,5.9100,5.9100,5.5300,5.5500,38804800
20140127,6.0800,6.4500,6.0000,6.1200,78216704
20140128,6.1200,6.1900,5.9500,6.0300,35375000
20140129,6.5400,6.7300,6.1000,6.1400,84434304
20140130,6.3500,6.5400,6.2800,6.4500,37470700
20140131,6.3500,6.3500,6.3500,6.3500,0
20140203,6.3500,6.3500,6.3500,6.3500,0
20140205,6.3500,6.3500,6.3500,6.3500,0
20140206,6.3500,6.3500,6.3500,6.3500,0
20140207,6.6400,6.7200,6.3100,6.3400,45462300
20140210,7.3000,7.3000,6.6900,6.6900,84740800
20140211,8.0300,8.0300,7.6000,8.0300,121450000
20140212,8.2300,8.5200,7.9700,8.1900,137408992
20140213,7.9300,8.3800,7.8400,8.0600,99620496
20140214,7.9200,8.0400,7.8200,7.8500,59820600
20140217,8.7100,8.7100,8.7100,8.7100,9381800
20140218,9.5800,9.5800,9.5800,9.5800,4135400
20140219,10.5400,10.5400,10.5400,10.5400,8202900
20140220,10.5400,10.5400,10.5400,10.5400,0
20140221,10.5400,10.5400,10.5400,10.5400,0
20140224,10.5400,10.5400,10.5400,10.5400,0
20140225,9.4900,10.4000,9.4900,10.0800,133992096
