20130226,4.0800,4.1700,4.0600,4.1000,13458800
20130227,4.0600,4.1200,4.0400,4.0900,9973200
20130228,4.1300,4.1500,4.0500,4.0700,10689100
20130301,4.2300,4.2600,4.1100,4.1300,27987400
20130304,4.1000,4.2100,4.0500,4.2000,19057300
20130305,4.2200,4.2400,4.0800,4.1000,20684700
20130306,4.2900,4.4400,4.2400,4.2400,49526300
20130307,4.3300,4.3500,4.2200,4.3000,31916300
20130308,4.2100,4.3100,4.1900,4.3100,19133200
20130311,4.2000,4.2300,4.1500,4.1800,10594700
20130312,4.1300,4.2400,4.0700,4.1900,16012000
20130313,4.1100,4.1900,4.0800,4.1600,9261800
20130314,4.0900,4.1400,4.0700,4.1000,9850800
20130315,4.1100,4.1300,4.0500,4.0900,10292800
20130318,4.1000,4.1600,4.0800,4.1100,9367600
20130319,4.0300,4.1200,3.9600,4.1000,11863200
20130320,4.1100,4.1300,4.0000,4.0300,11893800
20130321,4.1200,4.1700,4.0900,4.1000,13286800
20130322,4.1800,4.1900,4.1000,4.1200,16381300
20130325,4.1300,4.1900,4.1100,4.1600,10570200
20130326,4.0900,4.1300,4.0500,4.1300,9917900
20130327,4.1300,4.1600,4.0800,4.0800,12491100
20130328,4.0300,4.1400,4.0100,4.1000,12511600
20130329,4.0400,4.0900,4.0300,4.0300,8626500
20130401,4.2000,4.3500,4.1600,4.1600,35359800
20130402,4.2300,4.3000,4.1100,4.2100,38199600
20130403,4.6500,4.6500,4.3200,4.3200,157895504
20130404,4.6500,4.6500,4.6500,4.6500,0
20130405,4.6500,4.6500,4.6500,4.6500,0
20130408,4.8400,4.9400,4.4600,4.6500,166876192
20130409,4.5200,4.7000,4.5100,4.7000,72056704
20130410,4.5500,4.6100,4.3900,4.5000,60120500
20130411,4.5500,4.6200,4.4000,4.5100,55755200
20130412,4.3400,4.4900,4.3200,4.4800,37042300
20130415,4.3000,4.5000,4.3000,4.3900,38820900
20130416,4.1700,4.2300,4.0500,4.2300,32004800
20130417,4.2300,4.2400,4.1200,4.1700,25452900
20130418,4.1100,4.1900,4.1100,4.1900,26622800
20130419,4.1600,4.1700,4.1000,4.1000,26635100
20130422,4.3800,4.4000,4.1900,4.1900,57657700
20130423,4.1700,4.3700,4.1500,4.3300,30960700
20130424,4.1800,4.2200,4.1100,4.1500,26098500
20130425,4.0700,4.1700,4.0700,4.1700,23128900
20130426,4.0600,4.1400,4.0400,4.0800,14037100
20130429,4.0600,4.0600,4.0600,4.0600,0
20130430,4.0600,4.0600,4.0600,4.0600,0
20130501,4.0600,4.0600,4.0600,4.0600,0
20130502,4.0200,4.0900,4.0000,4.0600,11343500
20130503,4.1200,4.1300,4.0300,4.0300,19180400
20130506,4.1200,4.1500,4.0700,4.1100,16159700
20130507,4.1000,4.1400,4.0800,4.1200,12969100
20130508,4.1200,4.1500,4.0800,4.1000,18474400
20130509,4.0500,4.1300,4.0300,4.1300,19784900
20130510,4.1300,4.1500,4.0500,4.0600,21104700
20130513,4.1600,4.2200,4.0700,4.1200,23691100
20130514,4.1000,4.1600,4.0800,4.1600,14070900
20130515,4.1200,4.1200,4.0700,4.1100,11409200
20130516,4.1700,4.2000,4.0700,4.1100,28114300
20130517,4.1600,4.1800,4.1100,4.1700,22637600
20130520,4.1300,4.1700,4.0700,4.1600,24755900
20130521,4.1900,4.1900,4.0900,4.1300,31466100
20130522,4.1700,4.2500,4.1500,4.1800,29555800
20130523,4.1100,4.1900,4.1000,4.1500,19397600
20130524,4.1300,4.1400,4.0900,4.1100,13635400
20130527,4.1500,4.1700,4.0900,4.1300,20528400
20130528,4.1500,4.1500,4.1000,4.1400,15269400
20130529,4.1800,4.2200,4.1300,4.1500,26417100
20130530,4.3000,4.3100,4.1500,4.1800,52179800
20130531,4.2400,4.3500,4.2300,4.3200,27361800
20130603,4.3800,4.4400,4.2200,4.2300,54693200
20130604,4.3500,4.4300,4.2700,4.3900,34157000
20130605,4.2800,4.4000,4.2500,4.3400,31771200
20130606,4.1100,4.2600,4.1000,4.2600,25755300
20130607,4.0600,4.1600,4.0100,4.1100,20707100
20130610,4.0600,4.0600,4.0600,4.0600,0
20130611,4.0600,4.0600,4.0600,4.0600,0
20130612,4.0600,4.0600,4.0600,4.0600,0
20130613,3.8700,4.0200,3.7700,4.0200,16423300
20130614,3.9000,3.9200,3.8700,3.8800,10774200
20130617,3.8900,3.9400,3.8700,3.9000,9262500
20130618,3.8900,3.9200,3.8400,3.9000,8900700
20130619,3.8100,3.8900,3.7300,3.8800,13362300
20130620,3.6500,3.8000,3.6200,3.8000,15512900
20130621,3.5800,3.6200,3.4500,3.5600,9952000
20130624,3.2800,3.5900,3.2200,3.5800,15402600
20130625,3.2100,3.3000,2.9500,3.2200,18481100
20130626,3.2500,3.2900,3.1400,3.2200,10454100
20130627,3.1800,3.3300,3.1600,3.2500,14685400
20130628,3.1900,3.2400,3.1200,3.1800,8447300
20130701,3.2400,3.2500,3.1700,3.2000,6957500
20130702,3.3200,3.3400,3.2300,3.2500,10809100
20130703,3.2700,3.3400,3.2100,3.3300,9624300
20130704,3.2800,3.3100,3.2100,3.2500,10832800
20130705,3.2700,3.3200,3.2600,3.2700,9191400
20130708,3.1200,3.2500,3.1000,3.2500,9564600
20130709,3.1300,3.1600,3.1000,3.1300,4724000
20130710,3.2000,3.2100,3.1200,3.1400,7574600
20130711,3.2900,3.3200,3.1800,3.2000,16757700
20130712,3.2500,3.3100,3.2400,3.2800,11100400
20130715,3.3500,3.4200,3.2400,3.2700,17389500
20130716,3.4000,3.4000,3.3200,3.3500,13736200
20130717,3.2900,3.4000,3.2900,3.4000,11188200
20130718,3.2600,3.3100,3.2300,3.3000,8245900
20130719,3.1600,3.2900,3.1500,3.2600,9295100
20130722,3.3100,3.3600,3.1900,3.1900,15240500
20130723,3.3400,3.3700,3.2700,3.3000,15461800
20130724,3.3800,3.4500,3.3000,3.3400,22667300
20130725,3.3100,3.3900,3.3000,3.3800,14116000
20130726,3.2700,3.3300,3.2300,3.3000,8126300
20130729,3.2700,3.3100,3.1900,3.2600,9669700
20130730,3.2700,3.3100,3.2100,3.2400,8130900
20130731,3.2400,3.3000,3.2300,3.2800,7016400
20130801,3.2900,3.2900,3.2300,3.2300,7960700
20130802,3.2900,3.3400,3.2800,3.2900,10263800
20130805,3.3400,3.3400,3.2800,3.2800,9900400
20130806,3.3500,3.3600,3.2900,3.3400,12525900
20130807,3.3400,3.4000,3.3300,3.3400,11366800
20130808,3.4700,3.5300,3.3300,3.3400,37663000
20130809,3.4200,3.4700,3.3800,3.4700,18015100
20130812,3.4600,3.4800,3.4200,3.4400,16333300
20130813,3.4400,3.4500,3.3800,3.4400,18709100
20130814,3.4200,3.4700,3.4100,3.4400,15729400
20130815,3.3900,3.4500,3.3900,3.4100,12172400
20130816,3.3200,3.4200,3.3100,3.3500,17826800
20130819,3.3400,3.3400,3.2700,3.2900,9503700
20130820,3.2900,3.3400,3.2800,3.3200,10525000
20130821,3.3100,3.3100,3.2700,3.2900,8348200
20130822,3.3200,3.3400,3.2900,3.3100,8254800
20130823,3.2700,3.3400,3.2400,3.3200,10209600
20130826,3.3200,3.3300,3.2600,3.2800,9302800
20130827,3.3700,3.3800,3.3100,3.3300,14519100
20130828,3.3500,3.3600,3.3100,3.3400,13431800
20130829,3.3900,3.4300,3.3400,3.3500,19292800
20130830,3.3600,3.4100,3.3400,3.4100,14987900
20130902,3.3600,3.3700,3.3200,3.3600,10809400
20130903,3.4300,3.4300,3.3400,3.3600,16590200
20130904,3.4300,3.4600,3.4000,3.4100,14149100
20130905,3.4700,3.5000,3.4100,3.4100,25151400
20130906,3.4500,3.4700,3.4300,3.4700,13741200
20130909,3.4600,3.4800,3.4200,3.4500,16404700
20130910,3.5200,3.5200,3.4500,3.4900,21829500
20130911,3.5500,3.5700,3.4700,3.5300,27571100
20130912,3.7000,3.8600,3.5100,3.5400,56654000
20130913,3.6100,3.7200,3.5700,3.6500,26066500
20130916,3.5400,3.6400,3.5200,3.6100,16382900
20130917,3.4300,3.5500,3.4200,3.5300,18136700
20130918,3.4700,3.4700,3.4200,3.4300,7671200
20130920,3.4700,3.4700,3.4700,3.4700,0
20130923,3.5000,3.5200,3.4600,3.4700,13912000
20130924,3.5500,3.5800,3.4600,3.5000,17856500
20130925,3.6000,3.7200,3.5000,3.5500,29052200
20130926,3.4600,3.5800,3.4600,3.5800,18247300
20130927,3.5000,3.5600,3.4500,3.4500,15157200
20130930,3.5200,3.5300,3.4700,3.5000,10370100
20131001,3.5200,3.5200,3.5200,3.5200,0
20131002,3.5200,3.5200,3.5200,3.5200,0
20131003,3.5200,3.5200,3.5200,3.5200,0
20131004,3.5200,3.5200,3.5200,3.5200,0
20131007,3.5200,3.5200,3.5200,3.5200,0
20131008,3.5600,3.5900,3.5200,3.5200,11529200
20131009,3.6200,3.6600,3.5300,3.5400,21659100
20131010,3.5500,3.6300,3.5200,3.6000,17809700
20131011,3.6200,3.6500,3.5400,3.5500,19492200
20131014,3.6100,3.6500,3.5900,3.6400,16616500
20131015,3.7500,3.8300,3.6200,3.6300,49933600
20131016,3.6200,3.7300,3.5900,3.7300,24621000
20131017,3.6700,3.7800,3.6000,3.6500,23415300
20131018,3.7000,3.7300,3.6200,3.6600,13446800
20131021,3.7600,3.7800,3.7000,3.7100,22602800
20131022,3.7000,3.7700,3.6700,3.7600,20582500
20131023,3.6700,3.7500,3.6100,3.6900,18381800
20131024,3.6500,3.6900,3.6100,3.6700,10281600
20131025,3.5400,3.6600,3.5100,3.6500,13728800
20131028,3.4800,3.5700,3.4600,3.5400,10815400
20131029,3.3700,3.5300,3.2700,3.4800,14412200
20131030,3.4100,3.4400,3.3400,3.3700,8803900
20131031,3.3900,3.4200,3.3500,3.4100,7739000
20131101,3.3900,3.4000,3.3500,3.3900,5139700
20131104,3.4000,3.4200,3.3700,3.3900,5235100
20131105,3.4300,3.4400,3.3300,3.3900,8420900
20131106,3.4100,3.5000,3.4100,3.4300,12837000
20131107,3.3600,3.4000,3.3500,3.4000,7083900
20131108,3.3100,3.3800,3.3000,3.3600,6724600
20131111,3.3300,3.3500,3.3000,3.3000,4560100
20131112,3.3700,3.3700,3.3100,3.3400,5055700
20131113,3.3000,3.3600,3.3000,3.3600,5090300
20131114,3.2800,3.3100,3.2300,3.3000,9556000
20131115,3.3300,3.3700,3.2600,3.2800,8448400
20131118,3.4000,3.4000,3.3400,3.3400,9963000
20131119,3.4200,3.4400,3.3600,3.4000,10962800
20131120,3.4100,3.4200,3.3800,3.4100,8125800
20131121,3.3800,3.4100,3.3500,3.4000,10143800
20131122,3.3900,3.4100,3.3600,3.3900,9612700
20131125,3.3800,3.4100,3.3600,3.3900,7161700
20131126,3.3600,3.3900,3.3500,3.3800,6864200
20131127,3.3800,3.3900,3.3200,3.3500,9104100
20131128,3.4100,3.4200,3.3600,3.3800,13241100
20131129,3.4100,3.4200,3.3900,3.4000,7935000
20131202,3.2600,3.3800,3.2100,3.3800,17862600
20131203,3.3300,3.3600,3.2400,3.2500,8461300
20131204,3.3600,3.3800,3.2900,3.3100,12234700
20131205,3.3800,3.4300,3.3200,3.3500,13873700
20131206,3.3700,3.3800,3.3500,3.3700,7882500
20131209,3.3800,3.4000,3.3700,3.3800,5967700
20131210,3.3700,3.4000,3.3700,3.3800,7205400
20131211,3.3200,3.3700,3.3000,3.3700,8352400
20131212,3.3800,3.4100,3.3100,3.3100,14061100
20131213,3.4900,3.6800,3.4600,3.5200,49241300
20131216,3.3600,3.4800,3.3600,3.4400,20218500
20131217,3.3800,3.4400,3.3300,3.3400,12516500
20131218,3.5000,3.5400,3.3400,3.3700,26037600
20131219,3.4400,3.5700,3.4400,3.5000,24629700
20131220,3.4300,3.5200,3.4000,3.4400,18121500
20131223,3.5800,3.6000,3.4000,3.4300,41283700
20131224,3.5000,3.5600,3.4600,3.5600,22410100
20131225,3.4600,3.5000,3.4200,3.4900,15193100
20131226,3.3200,3.4700,3.3200,3.4700,18009200
20131227,3.3400,3.3600,3.2600,3.3200,11685900
20131230,3.3000,3.3700,3.3000,3.3500,10749700
20131231,3.3000,3.3200,3.2700,3.2900,9873400
20140101,3.3000,3.3000,3.3000,3.3000,0
20140102,3.3300,3.3400,3.3000,3.3000,6620000
20140103,3.2900,3.3200,3.2700,3.3200,8384300
20140106,3.2100,3.2900,3.1800,3.2800,10244800
20140107,3.2200,3.2300,3.1600,3.1900,6687900
20140108,3.1900,3.2600,3.1800,3.2300,7582800
20140109,3.1400,3.2200,3.1300,3.1900,7551000
20140110,3.0700,3.1500,3.0600,3.1500,6544600
20140113,3.0700,3.1100,3.0600,3.0700,4731500
20140114,3.1100,3.1200,3.0500,3.0800,6838800
20140115,3.1400,3.1400,3.1000,3.1100,4519900
20140116,3.1300,3.1600,3.1100,3.1200,4558600
20140117,3.0800,3.1300,3.0800,3.1200,4676100
20140120,3.1800,3.2800,3.0800,3.0800,10473300
20140121,3.1900,3.2300,3.1500,3.1700,8596800
20140122,3.2200,3.2300,3.1700,3.1900,8247700
20140123,3.2100,3.2500,3.2000,3.2200,7550800
20140124,3.2300,3.2500,3.2100,3.2100,8251100
20140127,3.1900,3.2300,3.1800,3.2100,6813100
20140128,3.2500,3.3200,3.1800,3.1800,15172600
20140129,3.2100,3.2600,3.1800,3.2500,9525600
20140130,3.1900,3.2100,3.1600,3.2000,6225100
20140131,3.1900,3.1900,3.1900,3.1900,0
20140203,3.1900,3.1900,3.1900,3.1900,0
20140205,3.1900,3.1900,3.1900,3.1900,0
20140206,3.1900,3.1900,3.1900,3.1900,0
20140207,3.1900,3.1900,3.1300,3.1700,5864000
20140210,3.2600,3.2700,3.1700,3.1800,14716700
20140211,3.2600,3.2700,3.2200,3.2500,14758800
20140212,3.3600,3.3600,3.2300,3.2600,28312900
20140213,3.3100,3.3700,3.3100,3.3300,15597000
20140214,3.3700,3.3700,3.3100,3.3100,13140900
20140217,3.3900,3.3900,3.3400,3.3700,13281000
20140218,3.3600,3.3900,3.3400,3.3900,11968800
20140219,3.4200,3.5400,3.3300,3.3500,28551300
20140220,3.4000,3.4600,3.3700,3.4000,21839800
20140221,3.4000,3.4100,3.3600,3.3900,12444500
20140224,3.4100,3.4700,3.3800,3.3800,15513900
20140225,3.4600,3.5000,3.4000,3.4200,29458100
