20130226,6.5800,6.7800,6.5700,6.7800,1813100
20130227,6.5700,6.7500,6.5300,6.6000,1151000
20130228,6.7200,6.7200,6.5700,6.6100,1427700
20130301,6.9200,6.9200,6.6600,6.7100,2814100
20130304,6.7900,6.9100,6.7200,6.9100,2209100
20130305,6.9000,6.9100,6.7300,6.7800,1148800
20130306,6.9500,6.9800,6.8700,6.9500,2237600
20130307,6.9300,7.0300,6.8300,6.9300,2059700
20130308,6.8300,6.9700,6.8300,6.9400,1389800
20130311,6.7400,6.8300,6.7000,6.8300,1228900
20130312,6.6400,6.7900,6.4800,6.7500,1709400
20130313,6.4600,6.6000,6.4500,6.6000,1205300
20130314,6.4400,6.5500,6.4400,6.4600,922400
20130315,6.4700,6.5700,6.4200,6.4600,886800
20130318,6.4500,6.5700,6.4200,6.4600,651100
20130319,6.4000,6.5400,6.3100,6.5400,1052300
20130320,6.5600,6.5600,6.4100,6.4500,969400
20130321,6.5900,6.6300,6.5300,6.5300,902700
20130322,6.7000,6.7200,6.5300,6.5300,1377300
20130325,6.7600,6.8700,6.6300,6.6600,1758600
20130326,6.6600,6.7700,6.5000,6.7700,1333400
20130327,6.6200,6.7600,6.5800,6.5900,1081600
20130328,6.4400,6.6100,6.4000,6.6000,1498800
20130329,6.4600,6.5200,6.3700,6.4100,703000
20130401,6.3800,6.5000,6.3200,6.4600,1006100
20130402,6.4100,6.4800,6.3800,6.3900,870000
20130403,6.4000,6.4400,6.3400,6.4300,709200
20130404,6.4000,6.4000,6.4000,6.4000,0
20130405,6.4000,6.4000,6.4000,6.4000,0
20130408,6.2000,6.3400,6.0100,6.3400,1212900
20130409,6.3600,6.3700,6.1400,6.2000,1004800
20130410,6.3000,6.4600,6.2300,6.4100,1065200
20130411,6.2800,6.3800,6.2500,6.3500,664700
20130412,6.2900,6.3500,6.2000,6.2800,950600
20130415,6.0700,6.3000,6.0600,6.2600,1171500
20130416,6.0900,6.1300,6.0200,6.0200,908300
20130417,6.1000,6.1300,6.0500,6.0900,492300
20130418,6.0800,6.1100,6.0400,6.0900,622500
20130419,6.2000,6.2400,6.0700,6.0900,1360800
20130422,6.1700,6.1700,6.1000,6.1300,953700
20130423,6.0700,6.1700,6.0300,6.1700,1053900
20130424,6.1300,6.1300,6.0200,6.0500,1005900
20130425,6.0800,6.1700,6.0600,6.1100,985900
20130426,6.0700,6.1400,6.0300,6.0800,659200
20130429,6.0700,6.0700,6.0700,6.0700,0
20130430,6.0700,6.0700,6.0700,6.0700,0
20130501,6.0700,6.0700,6.0700,6.0700,0
20130502,5.9700,6.0900,5.9600,6.0800,835000
20130503,6.0500,6.0700,5.9700,5.9700,481500
20130506,6.1200,6.1200,5.9700,6.0800,931700
20130507,6.1100,6.1400,6.0900,6.1100,687500
20130508,6.1300,6.1500,6.1000,6.1100,757600
20130509,6.1000,6.1500,6.0700,6.1500,741300
20130510,6.1900,6.2000,6.0600,6.1000,914100
20130513,6.2000,6.2000,6.1300,6.1500,851200
20130514,6.1600,6.2100,6.1300,6.2100,583700
20130515,6.5600,6.7800,6.0900,6.1600,8092600
20130516,6.4400,6.4800,6.2900,6.4000,5790000
20130517,6.4900,6.5400,6.3500,6.3600,2833800
20130520,6.6000,6.6200,6.4400,6.4900,2852200
20130521,6.5800,6.6500,6.5300,6.6100,1860400
20130522,6.4700,6.6100,6.4500,6.6100,1850900
20130523,6.4300,6.5500,6.4100,6.4700,1159500
20130524,6.5400,6.5400,6.4500,6.4500,1143900
20130527,6.5500,6.5900,6.5000,6.5400,1350900
20130528,6.5700,6.6200,6.4700,6.5500,1598200
20130529,6.6200,6.6500,6.5600,6.5700,2580900
20130530,6.5800,6.6200,6.5200,6.6200,1431500
20130531,6.5400,6.6500,6.5200,6.5900,1620200
20130603,6.4600,6.5200,6.4100,6.4900,1661400
20130604,6.2800,6.4500,6.2500,6.4100,1262900
20130605,6.2900,6.3400,6.2700,6.3000,870600
20130606,6.2500,6.3100,6.2200,6.2600,815300
20130607,6.2300,6.3200,6.1200,6.2800,832900
20130610,6.2300,6.2300,6.2300,6.2300,0
20130611,6.2300,6.2300,6.2300,6.2300,0
20130612,6.2300,6.2300,6.2300,6.2300,0
20130613,6.0200,6.1900,5.9500,6.1900,968200
20130614,6.0700,6.1000,6.0400,6.1000,541300
20130617,6.0500,6.1300,6.0100,6.0700,451300
20130618,6.0600,6.1000,6.0500,6.0500,482600
20130619,6.0700,6.1500,6.0000,6.0600,756800
20130620,5.8500,6.0700,5.8200,6.0600,926300
20130621,5.7600,5.8400,5.6500,5.6500,657000
20130624,5.2300,5.8800,5.1800,5.6600,1427900
20130625,5.1400,5.3300,4.7500,5.2300,1560100
20130626,5.2400,5.2500,5.0300,5.1500,738500
20130627,5.1000,5.3200,5.0900,5.3200,736300
20130628,5.1000,5.2600,5.0300,5.1000,739700
20130701,5.0800,5.1000,5.0000,5.0000,1152600
20130702,5.0600,5.0800,5.0000,5.0800,735500
20130703,5.0700,5.1300,4.9800,5.0600,913400
20130704,5.1200,5.1500,5.0000,5.0100,1183700
20130705,5.1300,5.1800,5.0700,5.1300,734100
20130708,4.9000,5.0900,4.9000,5.0800,901200
20130709,4.9200,4.9500,4.8000,4.8000,469500
20130710,5.0800,5.0900,4.8800,4.9200,801100
20130711,5.2800,5.3100,5.0600,5.0600,1671100
20130712,5.2200,5.3000,5.1600,5.3000,855700
20130715,5.4000,5.4200,5.1500,5.2000,2579400
20130716,5.7200,5.8600,5.3000,5.3700,5045200
20130717,5.7500,6.2000,5.6600,5.7000,6470800
20130718,5.5400,5.7200,5.5000,5.6800,1628800
20130719,5.4000,5.6200,5.3800,5.5400,1100900
20130722,5.6700,5.6700,5.3500,5.3500,1557500
20130723,5.6700,5.8000,5.5500,5.5900,2980300
20130724,5.5300,5.6400,5.4900,5.6400,1199700
20130725,5.3500,5.5500,5.3000,5.5300,1273500
20130726,5.3800,5.4300,5.2800,5.3600,735500
20130729,5.1200,5.3000,5.1000,5.3000,1241000
20130730,5.1400,5.1800,5.0400,5.1200,1157900
20130731,5.1500,5.2200,5.1200,5.1500,804600
20130801,5.3200,5.3400,5.1500,5.1500,1299600
20130802,5.2800,5.3700,5.2600,5.3400,856600
20130805,5.6100,5.6600,5.2800,5.3000,3100500
20130806,5.5500,5.6100,5.4500,5.5300,1798400
20130807,5.4900,5.6200,5.4700,5.5800,1171200
20130808,5.6400,5.6700,5.4300,5.4900,2635400
20130809,5.8000,5.8700,5.6500,5.6500,4115700
20130812,5.8300,6.0000,5.8000,5.9500,3285500
20130813,5.7500,5.9400,5.7400,5.8400,1821200
20130814,5.6700,5.7800,5.6400,5.7600,1872600
20130815,5.6700,5.7300,5.6500,5.7100,924100
20130816,5.5300,5.7300,5.5100,5.6100,1410300
20130819,5.6900,5.7200,5.5200,5.5200,1202800
20130820,5.6600,5.7300,5.6300,5.6700,1019400
20130821,5.7000,5.7300,5.6400,5.6400,1075200
20130822,5.6900,5.7400,5.6700,5.7200,904900
20130823,5.5500,5.7300,5.4900,5.6900,1415000
20130826,5.6800,5.7000,5.5300,5.5300,1012300
20130827,5.7500,5.7600,5.6300,5.6300,1438700
20130828,5.6900,5.8000,5.6300,5.7200,1730500
20130829,5.9100,5.9100,5.6400,5.6400,3867100
20130830,5.8700,6.1300,5.8200,5.8600,5295500
20130902,5.8300,5.9500,5.6800,5.8700,2221700
20130903,6.0100,6.0200,5.8100,5.8500,2555600
20130904,5.8500,6.0000,5.8400,5.9800,2335900
20130905,5.7900,5.8700,5.7500,5.8300,1674300
20130906,5.8900,5.9200,5.7000,5.7600,1605100
20130909,6.0600,6.1300,5.8600,5.8800,4466100
20130910,6.1000,6.1800,5.9900,6.0400,4155200
20130911,6.0000,6.1100,5.9700,6.1000,3102900
20130912,6.0300,6.0500,5.9400,6.0000,1229000
20130913,6.0600,6.0800,5.9700,6.0300,1907100
20130916,6.1500,6.2100,6.0700,6.0900,3727800
20130917,5.9400,6.2900,5.9200,6.2500,2668900
20130918,6.0900,6.1200,5.8900,5.8900,1765100
20130920,6.0900,6.0900,6.0900,6.0900,0
20130923,6.1500,6.1800,6.0500,6.0800,2347400
20130924,6.1900,6.4900,6.1800,6.3300,5051200
20130925,6.1500,6.2300,6.1000,6.2300,2357400
20130926,6.0500,6.2500,5.9900,6.1700,3022600
20130927,6.1300,6.1600,6.0500,6.0500,1686500
20130930,6.2100,6.2800,6.1100,6.1200,2005200
20131001,6.2100,6.2100,6.2100,6.2100,0
20131002,6.2100,6.2100,6.2100,6.2100,0
20131003,6.2100,6.2100,6.2100,6.2100,0
20131004,6.2100,6.2100,6.2100,6.2100,0
20131007,6.2100,6.2100,6.2100,6.2100,0
20131008,6.1400,6.1800,6.0300,6.1800,1570700
20131009,6.2300,6.2900,6.0900,6.1100,2061600
20131010,6.1500,6.2500,6.1000,6.2000,1363000
20131011,6.2800,6.3600,6.0800,6.1800,2614100
20131014,6.5100,6.5300,6.2500,6.3100,5364400
20131015,6.6300,6.8400,6.4200,6.5000,6601100
20131016,6.6600,6.7700,6.4300,6.5700,4498700
20131017,6.5400,6.6400,6.4200,6.5500,3737500
20131018,6.4800,6.6400,6.3500,6.6000,2295700
20131021,6.5200,6.5600,6.3800,6.4900,3365100
20131022,6.5200,6.5900,6.4100,6.4800,1801900
20131023,6.3200,6.5900,6.1800,6.5200,2824000
20131024,6.2900,6.3400,6.2000,6.3100,1385800
20131025,6.1100,6.3200,6.1000,6.3200,1649200
20131028,6.0800,6.1700,6.0300,6.1100,1041200
20131029,5.8700,6.1300,5.7000,6.0500,1960800
20131030,5.8900,5.9500,5.8100,5.8700,1028400
20131031,6.0400,6.1400,5.9200,5.9400,1403200
20131101,6.0300,6.0700,5.7800,5.9700,1118600
20131104,6.0300,6.0500,5.9700,6.0000,586900
20131105,6.0600,6.0800,5.9700,5.9700,725100
20131106,6.0300,6.1200,6.0000,6.0000,1468400
20131107,5.9200,6.0500,5.9000,6.0300,804400
20131108,5.7800,5.9700,5.7400,5.9000,832500
20131111,5.8600,5.8600,5.6800,5.7800,601300
20131112,5.8300,5.8800,5.7400,5.8500,497200
20131113,5.8000,5.8400,5.7000,5.7700,819000
20131114,5.7800,5.8500,5.6100,5.7800,796600
20131115,5.8700,5.9400,5.7600,5.8200,805800
20131118,6.0000,6.0100,5.8600,5.9200,930200
20131119,6.0500,6.0600,5.9300,5.9900,1163500
20131120,6.0900,6.1000,6.0100,6.0800,1110000
20131121,6.0200,6.0500,5.9800,6.0100,941200
20131122,5.9600,6.0400,5.9300,6.0200,830600
20131125,6.0000,6.1000,5.9900,5.9900,993000
20131126,5.9400,6.0300,5.9100,6.0000,589800
20131127,6.1900,6.2800,6.0500,6.0500,4122900
20131128,6.1200,6.1900,6.0000,6.1000,2812400
20131129,6.1200,6.1700,6.0800,6.1400,1556800
20131202,5.7000,6.0600,5.6300,5.9800,2420500
20131203,5.8400,5.8800,5.6900,5.7000,1292500
20131204,5.9300,5.9600,5.8000,5.8000,1338000
20131205,5.9500,5.9700,5.8600,5.9700,995800
20131206,6.0000,6.0100,5.8700,5.9400,1022800
20131209,5.9900,6.0400,5.9600,6.0100,758700
20131210,6.3100,6.3500,5.9700,5.9700,6700100
20131211,6.3300,6.8000,6.3000,6.4100,10553000
20131212,6.4800,6.6300,6.2300,6.2300,5938000
20131213,6.4400,6.5100,6.3300,6.4000,3406300
20131216,6.1800,6.4600,6.1600,6.4200,3745500
20131217,6.0900,6.2300,6.0400,6.1600,2112400
20131218,6.0900,6.1800,6.0500,6.1200,1350200
20131219,6.0200,6.1500,6.0200,6.1400,1540800
20131220,5.8700,6.0400,5.8300,6.0400,1687700
20131223,5.9000,6.0200,5.8700,5.9100,1304000
20131224,5.9800,6.0700,5.8700,5.9300,1599800
20131225,6.0300,6.0300,5.9500,6.0000,1318100
20131226,5.9400,6.0200,5.8800,6.0100,1163200
20131227,6.0100,6.0100,5.9100,5.9400,1114600
20131230,6.0100,6.0900,5.9700,6.0500,1226200
20131231,6.0200,6.0400,5.9500,5.9800,906100
20140101,6.0200,6.0200,6.0200,6.0200,0
20140102,6.0500,6.0500,5.9700,6.0200,844400
20140103,5.9500,6.0300,5.9300,6.0000,1057700
20140106,5.8500,6.0000,5.8300,5.9800,1310800
20140107,5.8500,5.8900,5.8000,5.8000,792800
20140108,5.7500,5.8700,5.7300,5.8500,972700
20140109,5.7200,5.8400,5.6800,5.7900,638200
20140110,5.5900,5.7600,5.5200,5.7500,766600
20140113,5.6200,5.6500,5.5100,5.5900,625500
20140114,5.7200,5.7200,5.4900,5.6000,765400
20140115,5.6900,5.7500,5.6300,5.6500,679000
20140116,5.7100,5.7600,5.6700,5.7000,537100
20140117,5.6500,5.6900,5.6000,5.6800,458900
20140120,5.6500,5.7100,5.5600,5.5800,422700
20140121,5.7000,5.7600,5.6300,5.6300,500300
20140122,5.8400,5.8600,5.7000,5.7000,972300
20140123,5.8800,5.8900,5.7900,5.8700,894200
20140124,5.9600,5.9800,5.8200,5.9000,962300
20140127,5.9100,5.9700,5.8600,5.9200,676500
20140128,5.9100,5.9300,5.8800,5.9300,563300
20140129,5.8800,5.9600,5.8600,5.9600,865800
20140130,5.9400,5.9500,5.8600,5.9200,612900
20140131,5.9400,5.9400,5.9400,5.9400,0
20140203,5.9400,5.9400,5.9400,5.9400,0
20140205,5.9400,5.9400,5.9400,5.9400,0
20140206,5.9400,5.9400,5.9400,5.9400,0
20140207,6.0400,6.0400,5.8600,5.8800,1124000
20140210,6.2000,6.2300,6.0400,6.0400,2384700
20140211,6.2100,6.4200,6.1900,6.2100,2952000
20140212,6.3900,6.3900,6.1800,6.2200,2367000
20140213,6.4100,6.5900,6.3500,6.3700,5376800
20140214,6.3200,6.6200,6.3100,6.3600,5220700
20140217,6.3500,6.3600,6.1900,6.3600,4980800
20140218,6.2900,6.3100,6.2300,6.3000,1993100
20140219,6.3100,6.3700,6.2600,6.3100,1944900
20140220,6.3000,6.4200,6.2700,6.3100,2573000
20140221,6.1500,6.2800,6.1000,6.2800,1746800
20140224,6.1900,6.1900,6.0000,6.1300,1924700
20140225,6.0500,6.4700,6.0000,6.1900,2423500
