20130226,5.5200,5.5800,5.4000,5.4700,2780200
20130227,5.6100,5.6100,5.4600,5.5100,2819400
20130228,5.7000,5.7400,5.5800,5.6000,4084300
20130301,5.6800,5.7400,5.6200,5.7200,4144600
20130304,5.2800,5.6900,5.1100,5.6900,17580200
20130305,5.3600,5.3800,5.1600,5.1800,4261100
20130306,5.3900,5.4500,5.2600,5.3100,4305500
20130307,5.3100,5.4000,5.2700,5.3900,2900800
20130308,5.2900,5.3300,5.1500,5.3000,4955000
20130311,5.3100,5.3200,5.2300,5.2300,2044500
20130312,5.2000,5.3400,5.1800,5.3000,1680500
20130313,5.1800,5.2100,5.1200,5.2000,1399100
20130314,5.2300,5.2300,5.1300,5.1800,1129900
20130315,5.2400,5.2500,5.1200,5.2100,1804900
20130318,5.2000,5.2800,5.1600,5.1700,2518200
20130319,5.2300,5.2400,5.1200,5.2400,1431200
20130320,5.3000,5.3000,5.1800,5.2300,2031600
20130321,5.2700,5.3100,5.2100,5.3000,2353500
20130322,5.2500,5.2700,5.2000,5.2600,4306700
20130325,5.3000,5.3100,5.2000,5.2400,4479900
20130326,5.3400,5.4000,5.2600,5.2900,5997300
20130327,5.3400,5.3800,5.2900,5.3200,3557100
20130328,5.2400,5.3400,5.1800,5.3200,2211800
20130329,5.2400,5.2600,5.1900,5.2100,2945000
20130401,5.2800,5.3100,5.2100,5.2500,1566600
20130402,5.2800,5.3200,5.2300,5.2800,962900
20130403,5.2200,5.2800,5.0200,5.2600,2379200
20130404,5.2200,5.2200,5.2200,5.2200,0
20130405,5.2200,5.2200,5.2200,5.2200,0
20130408,5.2300,5.2500,5.0300,5.1400,2242300
20130409,5.2500,5.2600,5.1500,5.2200,2075500
20130410,5.2700,5.2900,5.1900,5.2200,1023800
20130411,5.2900,5.3100,5.2300,5.2700,1212000
20130412,5.3100,5.3100,5.2500,5.2700,1384500
20130415,5.2300,5.3000,5.1100,5.2500,2447100
20130416,5.2800,5.2800,5.1500,5.1800,1360300
20130417,5.2700,5.2800,5.2000,5.2800,985000
20130418,5.2700,5.2800,5.2000,5.2500,1494100
20130419,5.3500,5.3500,5.2400,5.2600,4479700
20130422,5.3100,5.3400,5.2500,5.3100,2014800
20130423,5.1900,5.3300,5.1100,5.3300,2595300
20130424,5.3800,5.4100,5.1300,5.1300,4469900
20130425,5.2700,5.3600,5.2200,5.3600,2703600
20130426,5.2700,5.2800,5.2100,5.2300,1014100
20130429,5.2700,5.2700,5.2700,5.2700,0
20130430,5.2700,5.2700,5.2700,5.2700,0
20130501,5.2700,5.2700,5.2700,5.2700,0
20130502,5.2100,5.2600,5.1600,5.2000,1147500
20130503,5.2800,5.3100,5.2000,5.2000,1645700
20130506,5.3500,5.3700,5.2500,5.2800,2652900
20130507,5.3600,5.3700,5.3000,5.3000,1653900
20130508,5.4400,5.4900,5.3800,5.3800,3899900
20130509,5.4600,5.4700,5.3400,5.4400,2745600
20130510,5.6400,5.7000,5.4100,5.4600,4825000
20130513,5.6200,5.6900,5.5300,5.6300,3772200
20130514,5.4800,5.6000,5.4200,5.5500,2135100
20130515,5.5800,5.6500,5.4400,5.4900,4568700
20130516,5.6400,5.6700,5.5500,5.5800,5967700
20130517,5.7300,5.7300,5.6200,5.6400,8494300
20130520,5.7500,5.8600,5.6600,5.7300,5496700
20130521,5.7900,5.8100,5.6700,5.7100,4062400
20130522,5.7900,5.8100,5.6700,5.7900,3483400
20130523,5.8100,5.8800,5.7200,5.7300,2489500
20130524,5.7500,5.8000,5.6700,5.7900,2396000
20130527,5.7400,5.7400,5.6500,5.7400,1452600
20130528,5.8000,5.8000,5.6500,5.7200,2460900
20130529,5.8000,5.8500,5.7400,5.8300,1823000
20130530,5.7500,5.8000,5.7200,5.7900,1212900
20130531,5.7000,5.7700,5.6800,5.7600,1825900
20130603,5.8300,5.9000,5.6100,5.6900,4819400
20130604,5.9400,6.0200,5.7600,5.8300,17154200
20130605,5.9800,6.0100,5.8400,5.9400,5813800
20130606,5.9500,6.0000,5.8800,5.9800,3062600
20130607,5.9500,5.9500,5.9500,5.9500,0
20130610,5.9500,5.9500,5.9500,5.9500,0
20130611,5.9500,5.9500,5.9500,5.9500,0
20130612,5.9500,5.9500,5.9500,5.9500,0
20130613,5.9500,5.9500,5.9500,5.9500,0
20130614,5.9500,5.9500,5.9500,5.9500,0
20130617,5.9500,5.9500,5.9500,5.9500,0
20130618,5.9500,5.9500,5.9500,5.9500,0
20130619,5.9500,5.9500,5.9500,5.9500,0
20130620,5.9500,5.9500,5.9500,5.9500,0
20130621,5.9500,5.9500,5.9500,5.9500,0
20130624,5.9500,5.9500,5.9500,5.9500,0
20130625,5.9500,5.9500,5.9500,5.9500,0
20130626,5.3200,5.3200,5.3200,5.3200,5776700
20130627,5.1000,5.3000,4.9800,5.1000,11392600
20130628,5.0700,5.2300,4.8600,5.0000,5691800
20130701,5.1400,5.2000,4.8300,5.0800,8825500
20130702,5.1500,5.1500,5.0200,5.0500,2453600
20130703,5.1000,5.1500,5.0100,5.1000,2090800
20130704,5.0400,5.0900,4.9200,5.0500,3967200
20130705,5.0000,5.1400,4.9800,5.0300,5411900
20130708,4.8900,4.9600,4.6500,4.9100,4089400
20130709,4.9100,4.9600,4.7500,4.8500,2034700
20130710,4.9900,4.9900,4.8500,4.8500,2398500
20130711,5.0600,5.1000,4.9500,4.9900,3911300
20130712,4.9600,5.0700,4.9000,5.0600,3253300
20130715,4.9200,4.9700,4.8500,4.9500,3510500
20130716,4.9500,4.9500,4.8100,4.9100,3987600
20130717,4.8900,4.9600,4.8400,4.9300,2440000
20130718,4.8800,4.9200,4.8200,4.8900,2162400
20130719,4.8600,4.9000,4.7800,4.8800,3680400
20130722,4.8900,4.8900,4.7800,4.8100,1990600
20130723,4.9700,4.9700,4.8500,4.9000,3358100
20130724,4.9400,4.9400,4.8300,4.9300,2535400
20130725,4.8800,4.9200,4.8000,4.9200,2856100
20130726,4.8800,4.8800,4.8200,4.8400,1394500
20130729,4.8200,4.8700,4.7700,4.8400,2236900
20130730,4.7800,4.8200,4.7200,4.8100,3364000
20130731,4.8000,4.8600,4.7800,4.7800,2084400
20130801,4.8300,4.8500,4.7800,4.8000,2335800
20130802,4.8400,4.8800,4.8100,4.8100,1721300
20130805,4.8600,4.8600,4.7900,4.8400,1426700
20130806,4.8800,4.9000,4.8300,4.8400,1747100
20130807,5.1000,5.1700,4.8800,4.8800,5598500
20130808,5.1700,5.2200,5.0400,5.0500,3286200
20130809,5.3900,5.4500,5.1300,5.1500,7301800
20130812,5.4100,5.4300,5.3200,5.4000,2956300
20130813,5.7600,5.8000,5.3800,5.4100,11562800
20130814,5.7200,5.7200,5.6200,5.7200,2941200
20130815,5.6200,5.7400,5.5400,5.6500,2277300
20130816,5.6000,5.7000,5.5300,5.5600,2812900
20130819,5.5500,5.6300,5.4700,5.5500,2330700
20130820,5.5300,5.5500,5.4000,5.5100,4064000
20130821,5.4800,5.5000,5.3900,5.5000,2156500
20130822,5.5200,5.6600,5.4200,5.4600,2900800
20130823,5.5200,5.6000,5.4200,5.4800,2592100
20130826,5.6700,5.7200,5.4500,5.5200,3507200
20130827,5.6500,5.7400,5.6000,5.6500,2788800
20130828,5.5400,5.6000,5.4600,5.6000,2059400
20130829,5.5900,5.6100,5.4700,5.5400,1774100
20130830,5.5400,5.6000,5.4600,5.5500,1492100
20130902,5.4600,5.6800,5.4200,5.5000,1822700
20130903,5.6900,5.7500,5.4700,5.4800,3668100
20130904,5.6300,5.7800,5.6100,5.6800,1849900
20130905,5.6600,5.7500,5.5300,5.6000,2674700
20130906,5.7200,5.7800,5.6000,5.6200,4539500
20130909,5.7200,5.8700,5.6000,5.7800,5499300
20130910,5.5700,5.6900,5.4500,5.6900,8383400
20130911,5.5700,5.5900,5.4700,5.5200,5121600
20130912,5.5700,5.6200,5.5100,5.5800,2587900
20130913,5.5000,5.5500,5.4600,5.5500,2364900
20130916,5.5000,5.5200,5.4400,5.4900,1882400
20130917,5.4400,5.5500,5.4400,5.4900,1708400
20130918,5.4500,5.4800,5.4100,5.4800,1033100
20130920,5.4500,5.4500,5.4500,5.4500,0
20130923,5.3600,5.4500,5.2900,5.4500,7418800
20130924,5.3200,5.3600,5.2400,5.3400,4232400
20130925,5.3300,5.3400,5.2500,5.3200,3056900
20130926,5.3100,5.3300,5.2500,5.3200,2387200
20130927,5.2900,5.2900,5.2200,5.2700,3172500
20130930,5.3100,5.3200,5.2300,5.2400,2125400
20131001,5.3100,5.3100,5.3100,5.3100,0
20131002,5.3100,5.3100,5.3100,5.3100,0
20131003,5.3100,5.3100,5.3100,5.3100,0
20131004,5.3100,5.3100,5.3100,5.3100,0
20131007,5.3100,5.3100,5.3100,5.3100,0
20131008,5.3200,5.3300,5.2300,5.2800,2919100
20131009,5.2700,5.3100,5.2300,5.3100,3011400
20131010,5.2900,5.3100,5.2600,5.2700,2144600
20131011,5.3100,5.3200,5.2500,5.2900,2627800
20131014,5.3200,5.3300,5.2700,5.3100,2651500
20131015,5.3500,5.3600,5.2600,5.3000,3043400
20131016,5.3200,5.3500,5.2700,5.3300,3130300
20131017,5.3200,5.3400,5.2600,5.3200,2119100
20131018,5.4600,5.5200,5.2900,5.2900,6943800
20131021,5.4600,5.5500,5.4000,5.5400,4741300
20131022,5.4800,5.5000,5.4200,5.4600,4398900
20131023,5.3700,5.4900,5.3000,5.4800,3157300
20131024,5.3200,5.3600,5.2500,5.3600,3162200
20131025,5.3400,5.3400,5.1500,5.2700,3677900
20131028,5.2600,5.4000,5.2600,5.3000,1829500
20131029,5.2400,5.2700,4.7300,5.2600,4093400
20131030,5.2400,5.2500,5.0900,5.1700,1183700
20131031,5.2400,5.2900,5.2000,5.2200,1173900
20131101,5.2200,5.2800,5.2000,5.2800,688900
20131104,5.2700,5.2800,5.1800,5.2500,1053300
20131105,5.3400,5.3400,5.1900,5.2400,1278900
20131106,5.2900,5.3700,5.2600,5.3200,1291000
20131107,5.3100,5.3500,5.1900,5.2900,3047800
20131108,5.2600,5.3200,5.2000,5.2800,760000
20131111,5.2500,5.2500,5.1400,5.1400,942200
20131112,5.2500,5.2700,5.2000,5.2400,824400
20131113,5.2300,5.2500,5.1800,5.2500,835300
20131114,5.2300,5.2400,5.1500,5.2000,682700
20131115,5.3100,5.3100,5.2100,5.2100,1425200
20131118,5.3300,5.3400,5.2600,5.3000,1770400
20131119,5.3400,5.3700,5.3000,5.3300,1729400
20131120,5.3200,5.3700,5.2500,5.3400,2895500
20131121,5.3500,5.3600,5.2900,5.3100,3598300
20131122,5.3500,5.4400,5.3100,5.3600,3288300
20131125,5.2800,5.4000,5.2400,5.3900,2347800
20131126,5.2600,5.3600,5.2200,5.2800,2261200
20131127,5.3000,5.3200,5.2600,5.2900,2677400
20131128,5.3200,5.3300,5.2600,5.3100,3182400
20131129,5.3200,5.3400,5.2800,5.3100,2261400
20131202,5.1700,5.3000,5.0600,5.2300,4993100
20131203,5.2100,5.2100,5.1200,5.1700,1692200
20131204,5.2500,5.2800,5.1600,5.2000,2141400
20131205,5.2800,5.3000,5.2400,5.2500,2224900
20131206,5.2600,5.3100,5.2100,5.2800,2178000
20131209,5.2700,5.3000,5.2200,5.2900,1314700
20131210,5.2700,5.2900,5.2200,5.2600,1571700
20131211,5.2200,5.2600,5.2100,5.2600,1343100
20131212,5.2300,5.2500,5.2100,5.2400,1071900
20131213,5.2400,5.2400,5.1900,5.2100,1045600
20131216,5.2300,5.2400,5.1900,5.2100,1105000
20131217,5.2000,5.2200,5.1800,5.2200,810400
20131218,5.2100,5.2300,5.1800,5.2000,990000
20131219,5.2000,5.2500,5.1800,5.2300,1218500
20131220,5.2000,5.2000,5.2000,5.2000,0
20131223,5.2000,5.2000,5.2000,5.2000,0
20131224,5.2000,5.2000,5.2000,5.2000,0
20131225,5.1200,5.3000,5.1000,5.3000,3041400
20131226,5.1900,5.2500,5.0600,5.1200,3260800
20131227,5.1500,5.1900,5.0900,5.1600,3903000
20131230,5.0900,5.1300,5.0400,5.1300,2990900
20131231,5.1400,5.1500,5.0300,5.0900,2766800
20140101,5.1400,5.1400,5.1400,5.1400,0
20140102,5.1500,5.1600,5.0900,5.0900,1315700
20140103,5.1000,5.1500,5.0700,5.1500,947700
20140106,5.0200,5.0800,4.9500,5.0200,1314500
20140107,5.0000,5.0200,4.9200,5.0200,1316800
20140108,4.9700,5.0100,4.9500,5.0100,1001000
20140109,4.8800,4.9700,4.8200,4.9600,1569300
20140110,4.8600,4.8700,4.7900,4.8300,1456100
20140113,4.8700,4.8700,4.8000,4.8500,1551500
20140114,4.9300,4.9600,4.8200,4.8600,1019400
20140115,4.8500,4.9400,4.8500,4.9200,1375900
20140116,4.8900,4.9000,4.8100,4.8600,3045400
20140117,4.8500,4.8900,4.7500,4.8400,3372400
20140120,5.1400,5.1800,4.9200,4.9500,20534700
20140121,5.1000,5.5000,5.0300,5.5000,10304300
20140122,5.0800,5.1900,5.0000,5.0400,17874900
20140123,4.9500,5.0500,4.9200,5.0400,10573200
20140124,4.9800,5.0900,4.9400,4.9500,7348300
20140127,4.9500,5.0000,4.9100,4.9300,2635600
20140128,4.9000,4.9700,4.8900,4.9700,2597000
20140129,4.8500,4.9200,4.8300,4.9000,2634200
20140130,4.9000,5.0200,4.8400,4.8500,3288500
20140131,4.9000,4.9000,4.9000,4.9000,0
20140203,4.9000,4.9000,4.9000,4.9000,0
20140205,4.9000,4.9000,4.9000,4.9000,0
20140206,4.9000,4.9000,4.9000,4.9000,0
20140207,4.8700,4.9600,4.8100,4.8600,4744200
20140210,4.9500,4.9600,4.8500,4.8600,4766900
20140211,4.9500,5.0300,4.9400,4.9900,7910500
20140212,5.0300,5.0500,4.9300,4.9600,5296900
20140213,4.9300,5.0100,4.9200,5.0100,3790800
20140214,4.9600,4.9600,4.9000,4.9200,2767300
20140217,4.9900,5.0100,4.9400,4.9600,3894800
20140218,4.9000,5.0100,4.8900,5.0000,4888300
20140219,4.9300,4.9600,4.8700,4.8900,4014900
20140220,4.8900,4.9500,4.8800,4.9200,3124300
20140221,4.9000,4.9800,4.8600,4.9000,2828900
20140224,4.7200,4.8500,4.5700,4.8300,8888600
20140225,4.4900,4.7000,4.4800,4.6500,4977000
