20130226,5.7111,5.8889,5.6944,5.8889,9812600
20130227,5.7000,5.8000,5.6667,5.7222,6015200
20130228,5.8611,5.8722,5.7111,5.7667,6119300
20130301,5.7889,5.8667,5.7222,5.8667,11047700
20130304,5.5389,5.7111,5.5000,5.7111,10530600
20130305,5.6222,5.6222,5.5278,5.5389,4926000
20130306,5.7056,5.7556,5.6111,5.6667,6743300
20130307,5.7111,5.8111,5.6444,5.7000,7807600
20130308,5.6611,5.7333,5.6556,5.7056,3535400
20130311,5.6611,5.7056,5.5889,5.6222,3754600
20130312,5.5500,5.7222,5.5000,5.6667,5236600
20130313,5.5944,5.6556,5.5278,5.5500,4201900
20130314,5.5722,5.5889,5.5056,5.5667,2944100
20130315,5.5722,5.6444,5.5056,5.5889,4506300
20130318,5.3556,5.5278,5.3500,5.5278,4568100
20130319,5.3667,5.4056,5.3167,5.3444,3573300
20130320,5.5111,5.5222,5.3556,5.3556,5095800
20130321,5.5222,5.5500,5.4833,5.5056,5059500
20130322,5.5500,5.5667,5.4778,5.5000,4925000
20130325,5.5444,5.5833,5.5111,5.5389,4508200
20130326,5.3833,5.5444,5.3611,5.5444,4893100
20130327,5.3944,5.4722,5.3611,5.3833,3122100
20130328,5.2111,5.3778,5.2111,5.3778,5342100
20130329,5.2167,5.2944,5.1778,5.1778,3113300
20130401,5.2333,5.3278,5.2111,5.2111,2735000
20130402,5.2556,5.3167,5.2167,5.2222,2932200
20130403,5.2611,5.2944,5.2000,5.2722,2885900
20130404,5.2611,5.2611,5.2611,5.2611,0
20130405,5.2611,5.2611,5.2611,5.2611,0
20130408,5.1667,5.2056,5.1111,5.2000,3405400
20130409,5.2778,5.3111,5.1722,5.1722,4035100
20130410,5.8056,5.8056,5.4056,5.4056,18078100
20130411,5.6056,5.7722,5.5722,5.7722,19262300
20130412,5.5556,5.6667,5.5278,5.6056,9541100
20130415,5.4944,5.6222,5.4056,5.4722,8742500
20130416,5.4889,5.4889,5.2889,5.4167,8322500
20130417,5.4611,5.5500,5.3889,5.4556,6513800
20130418,5.3889,5.4833,5.3500,5.3778,5115800
20130419,5.5778,5.5889,5.4000,5.4278,11082100
20130422,5.5000,5.5556,5.4556,5.5222,7083200
20130423,5.2667,5.5167,5.2500,5.5111,8548600
20130424,5.3611,5.3833,5.2556,5.2833,5736900
20130425,5.3889,5.4500,5.2611,5.3611,7469000
20130426,5.2889,5.4778,5.2722,5.4667,5637500
20130429,5.2889,5.2889,5.2889,5.2889,0
20130430,5.2889,5.2889,5.2889,5.2889,0
20130501,5.2889,5.2889,5.2889,5.2889,0
20130502,5.2000,5.2667,5.1111,5.2333,4291300
20130503,5.4389,5.5722,5.2611,5.2667,11059300
20130506,5.5500,5.6278,5.5000,5.5000,12499300
20130507,5.5556,5.6611,5.4722,5.5056,11046600
20130508,5.5556,5.6333,5.5000,5.5889,6785700
20130509,5.5556,5.5833,5.4778,5.5611,6468900
20130510,5.5833,5.6056,5.4889,5.5333,7371800
20130513,5.5611,5.6167,5.5000,5.5833,5639400
20130514,5.7389,5.7556,5.5000,5.5667,17684200
20130515,5.6833,5.7333,5.6222,5.6833,10124700
20130516,5.7222,5.7722,5.6000,5.6889,9045400
20130517,5.8167,5.8611,5.6889,5.7000,12620600
20130520,5.7778,5.8778,5.7556,5.8000,11547000
20130521,5.8000,5.8667,5.7500,5.7889,10256100
20130522,5.8389,5.8611,5.7111,5.8000,11626800
20130523,5.6722,5.8389,5.6667,5.8111,11534200
20130524,5.7278,5.7500,5.6056,5.6722,7707100
20130527,5.6667,5.7611,5.6389,5.6944,7720700
20130528,5.8889,5.9333,5.6222,5.6667,16346900
20130529,5.8667,5.9333,5.8278,5.8778,12708100
20130530,5.8389,5.9222,5.8111,5.9056,7949300
20130531,5.8111,5.9667,5.8111,5.9667,11902800
20130603,5.8333,5.8556,5.7333,5.7778,7261800
20130604,5.7222,5.8778,5.7111,5.8333,7962500
20130605,5.9167,5.9444,5.6778,5.7500,16103000
20130606,5.8611,5.9778,5.8389,5.8389,12080600
20130607,5.7000,5.9056,5.6833,5.8833,8123600
20130610,5.7000,5.7000,5.7000,5.7000,0
20130611,5.7000,5.7000,5.7000,5.7000,0
20130612,5.7000,5.7000,5.7000,5.7000,0
20130613,5.3333,5.5833,5.2333,5.5833,7473900
20130614,5.3222,5.4000,5.2778,5.3833,4497800
20130617,5.4278,5.4833,5.2111,5.3333,9295800
20130618,5.4000,5.4389,5.3222,5.3944,5436700
20130619,5.4778,5.4778,5.3167,5.3500,5189300
20130620,5.2833,5.4278,5.2833,5.4000,4028300
20130621,5.2556,5.3056,5.1278,5.1944,3642100
20130624,4.8833,5.2556,4.7778,5.2556,5640900
20130625,4.7833,4.9500,4.4500,4.8889,6093400
20130626,4.7444,4.8611,4.6833,4.8056,4864400
20130627,4.7222,4.9278,4.7167,4.7556,5407400
20130628,4.7056,4.8278,4.6167,4.6556,4113200
20130701,4.8111,4.8278,4.6333,4.7056,4687800
20130702,4.8056,4.8556,4.7500,4.7778,3287700
20130703,4.7222,4.7778,4.6389,4.7778,3847000
20130704,4.8389,4.9278,4.6500,4.6833,7304400
20130705,4.8722,4.9833,4.8000,4.8333,7902000
20130708,4.6000,4.7944,4.5889,4.7944,5587200
20130709,4.6444,4.7111,4.5444,4.5444,3091300
20130710,4.8278,4.8611,4.6611,4.6889,5705400
20130711,5.0167,5.0889,4.8333,4.8333,10324600
20130712,4.8833,5.0222,4.8667,4.9722,7162500
20130715,4.9889,5.0722,4.9333,4.9722,6002900
20130716,5.0167,5.0389,4.9167,4.9889,4192100
20130717,4.9111,5.0278,4.9000,5.0167,4076400
20130718,4.8222,4.9000,4.8111,4.8833,3379500
20130719,4.6889,4.8833,4.6889,4.8222,4739900
20130722,4.7333,4.7389,4.6389,4.6611,3193500
20130723,4.8611,4.9111,4.7333,4.7333,4628700
20130724,4.8778,4.9111,4.8056,4.8444,3509600
20130725,4.9722,5.0278,4.8389,4.9000,8513300
20130726,4.9611,5.0222,4.8944,4.9444,4629600
20130729,4.8333,4.9778,4.8222,4.9333,3069700
20130730,4.8944,4.9833,4.8056,4.8444,2789300
20130731,4.8722,4.9667,4.8667,4.8889,2540400
20130801,4.9556,4.9667,4.8444,4.8667,4015800
20130802,5.0500,5.1278,4.9611,4.9722,8670100
20130805,5.0889,5.1278,5.0111,5.0500,4542000
20130806,5.1778,5.2222,5.0556,5.0889,6340600
20130807,5.0944,5.1778,5.0833,5.1556,4488900
20130808,5.1111,5.2278,5.0778,5.1111,6103000
20130809,5.2667,5.2889,5.1167,5.1389,10351300
20130812,5.4722,5.4944,5.2222,5.2667,14630900
20130813,5.3722,5.4389,5.3278,5.4389,8542400
20130814,5.2389,5.4278,5.2111,5.3722,7856000
20130815,5.2056,5.3000,5.2056,5.2056,4356600
20130816,5.1222,5.3611,5.0944,5.1944,6210900
20130819,5.2444,5.2833,5.0611,5.0833,5107700
20130820,5.1944,5.3278,5.1389,5.2222,4498700
20130821,5.1889,5.2111,5.1556,5.2111,2421400
20130822,5.1444,5.2500,5.1389,5.1889,3648000
20130823,5.1111,5.2167,5.0167,5.1556,3613100
20130826,5.2167,5.2167,5.1167,5.1167,2998800
20130827,5.2167,5.2167,5.2167,5.2167,0
20130828,5.2167,5.2167,5.2167,5.2167,0
20130829,5.1444,5.3056,5.1000,5.2611,5334100
20130830,5.0556,5.1444,5.0278,5.1333,4500500
20130902,5.0833,5.1111,5.0278,5.0444,2725800
20130903,5.1500,5.1667,5.0611,5.0833,2879800
20130904,5.1778,5.1889,5.1389,5.1611,3171200
20130905,5.0556,5.1833,5.0444,5.1389,3770300
20130906,5.0722,5.1000,5.0444,5.0556,2721900
20130909,5.1944,5.2667,5.0778,5.0778,6490700
20130910,5.2556,5.2667,5.2000,5.2056,6776700
20130911,5.3611,5.4833,5.2556,5.2611,14440100
20130912,5.2889,5.3333,5.2278,5.3056,6720600
20130913,5.2389,5.2722,5.2111,5.2611,4134700
20130916,5.2000,5.2778,5.1778,5.2556,3135500
20130917,5.0500,5.2167,5.0444,5.2000,4470400
20130918,5.0833,5.0833,5.0389,5.0611,2252800
20130920,5.0833,5.0833,5.0833,5.0833,0
20130923,5.1444,5.1500,5.1000,5.1000,3645600
20130924,5.1556,5.1667,5.0722,5.1444,3958900
20130925,5.2167,5.3167,5.1389,5.1667,7839800
20130926,5.0722,5.2500,5.0722,5.2111,4052600
20130927,5.2667,5.2944,5.0278,5.0611,9380300
20130930,5.2444,5.3056,5.1944,5.2778,4535500
20131001,5.2444,5.2444,5.2444,5.2444,0
20131002,5.2444,5.2444,5.2444,5.2444,0
20131003,5.2444,5.2444,5.2444,5.2444,0
20131004,5.2444,5.2444,5.2444,5.2444,0
20131007,5.2444,5.2444,5.2444,5.2444,0
20131008,5.2111,5.2278,5.1389,5.1889,4059700
20131009,5.1667,5.1944,5.1111,5.1722,4422800
20131010,5.3222,5.4389,5.1778,5.1778,13257200
20131011,5.4222,5.5444,5.2833,5.3222,12905200
20131014,5.4000,5.4722,5.2944,5.3500,8820300
20131015,5.5111,5.5111,5.3444,5.4278,7000500
20131016,5.5333,5.6833,5.4444,5.5000,19132200
20131017,5.5889,5.6944,5.3778,5.4722,14793900
20131018,5.4889,5.6167,5.4500,5.5444,8279300
20131021,5.5111,5.5722,5.3944,5.5000,9706700
20131022,5.6000,5.7056,5.4889,5.5056,11472200
20131023,5.4111,5.6833,5.4056,5.5667,10794100
20131024,5.3611,5.4944,5.3500,5.4000,5670000
20131025,5.3556,5.4333,5.3222,5.3444,3856100
20131028,5.6500,5.6889,5.3889,5.3944,13862200
20131029,5.7222,5.7889,5.4944,5.6111,16348200
20131030,5.8833,6.0833,5.8111,5.9944,38563100
20131031,6.1611,6.2944,5.7833,5.8111,36082600
20131101,6.0000,6.2056,5.9167,6.0556,19723900
20131104,5.9056,6.0778,5.8222,6.0167,11236400
20131105,5.9944,6.0333,5.8444,5.9167,14057300
20131106,5.8889,6.0278,5.8778,5.9500,12083600
20131107,5.7167,5.9222,5.7056,5.8444,8448800
20131108,5.7556,5.8056,5.6444,5.7111,7073100
20131111,5.8500,5.8778,5.6667,5.7722,5986400
20131112,5.8556,5.8889,5.8056,5.8500,4652600
20131113,5.8667,6.0167,5.7944,5.8278,10517900
20131114,5.9556,5.9556,5.6778,5.8611,9151500
20131115,6.1611,6.1667,5.9222,5.9278,18412900
20131118,6.1111,6.2111,6.0611,6.1389,15397700
20131119,6.2944,6.4611,6.1111,6.1111,20178600
20131120,6.2500,6.3222,6.1778,6.2222,11134500
20131121,6.0944,6.2500,6.0500,6.2500,13607800
20131122,6.0389,6.1444,6.0000,6.1167,9825500
20131125,5.7000,5.9500,5.6700,5.9100,10811400
20131126,5.6600,5.7800,5.6500,5.7000,6131900
20131127,5.7100,5.7500,5.6600,5.6700,6933800
20131128,5.9100,5.9500,5.6800,5.7200,14334500
20131129,5.7800,5.9300,5.7500,5.9200,11991700
20131202,5.4400,5.7000,5.3000,5.7000,13542400
20131203,5.6600,5.6800,5.3900,5.4000,8969500
20131204,5.6900,5.7800,5.6100,5.6600,7291500
20131205,5.7400,5.8600,5.6800,5.6900,6741300
20131206,5.6500,5.7600,5.6300,5.7500,4548200
20131209,5.6000,5.7100,5.5800,5.6300,5058800
20131210,5.6200,5.6700,5.5500,5.5800,4130400
20131211,5.7100,5.7100,5.5400,5.6300,4998000
20131212,5.7400,5.8200,5.6700,5.7100,6353400
20131213,6.1000,6.1800,5.7700,5.7700,25255000
20131216,6.1000,6.1000,6.1000,6.1000,0
20131217,6.1000,6.1000,6.1000,6.1000,0
20131218,6.1000,6.1000,6.1000,6.1000,0
20131219,6.1000,6.1000,6.1000,6.1000,0
20131220,6.1000,6.1000,6.1000,6.1000,0
20131223,6.1000,6.1000,6.1000,6.1000,0
20131224,6.1000,6.1000,6.1000,6.1000,0
20131225,6.1000,6.1000,6.1000,6.1000,0
20131226,6.1000,6.1000,6.1000,6.1000,0
20131227,6.1000,6.1000,6.1000,6.1000,0
20131230,6.0000,6.7100,5.8900,6.7100,27513200
20131231,5.8300,5.9900,5.6500,5.8500,14335000
20140101,5.8300,5.8300,5.8300,5.8300,0
20140102,5.7200,5.7700,5.6700,5.7000,7571900
20140103,6.0100,6.1500,5.7500,5.7500,17276300
20140106,6.1600,6.3300,5.8900,6.0000,19473800
20140107,6.1300,6.2400,5.9700,6.1100,9669100
20140108,6.0300,6.1800,5.9900,6.1100,7660200
20140109,5.7900,6.0300,5.7600,6.0300,8539300
20140110,5.4900,5.7600,5.4000,5.7500,8737900
20140113,5.6400,5.8000,5.4500,5.4500,6194200
20140114,5.6800,5.7000,5.5400,5.6100,5023900
20140115,5.5800,5.7200,5.5300,5.7100,5575900
20140116,5.7200,5.7900,5.6100,5.6300,7547100
20140117,5.5800,5.7200,5.5700,5.7000,4287200
20140120,5.4100,5.5800,5.2100,5.2100,5560200
20140121,5.4200,5.4500,5.3200,5.3200,3643200
20140122,5.5300,5.5400,5.4000,5.4300,4244000
20140123,5.4200,5.5600,5.3800,5.5200,6296000
20140124,5.4700,5.5200,5.3800,5.4200,7937700
20140127,5.4100,5.4200,5.3300,5.4200,5610400
20140128,5.4200,5.4600,5.4000,5.4100,2892100
20140129,5.4100,5.4600,5.4000,5.4300,2878000
20140130,5.4100,5.4400,5.3800,5.4200,1924500
20140131,5.4100,5.4100,5.4100,5.4100,0
20140203,5.4100,5.4100,5.4100,5.4100,0
20140205,5.4100,5.4100,5.4100,5.4100,0
20140206,5.4100,5.4100,5.4100,5.4100,0
20140207,5.4700,5.5000,5.3700,5.3800,3600200
20140210,5.7200,5.7400,5.4600,5.4600,9937200
20140211,5.9200,6.0000,5.6400,5.7300,11935700
20140212,5.8300,5.9000,5.8000,5.8000,8427000
20140213,5.8300,5.9900,5.8000,5.8600,9270500
20140214,5.8600,5.8900,5.7800,5.8000,5493800
20140217,5.8900,5.9700,5.8000,5.8800,7651300
20140218,5.7900,5.9200,5.7600,5.9100,7998100
20140219,5.8100,5.8400,5.7100,5.7700,6603400
20140220,5.9800,6.1800,5.7000,5.8100,20334100
20140221,5.9300,6.0100,5.8300,5.9000,9569800
20140224,5.7500,5.8800,5.7100,5.8800,6790700
20140225,5.5500,5.8000,5.4900,5.7700,7562900
