20130226,13.5100,13.6900,13.2300,13.4300,1694600
20130227,14.1700,14.1800,13.3700,13.5100,3247400
20130228,14.7300,14.8600,14.0500,14.1400,6753100
20130301,14.7500,14.8200,14.4800,14.7700,5187800
20130304,13.2800,14.0000,13.2800,14.0000,3179900
20130305,13.0600,13.3200,12.4000,12.8000,8108400
20130306,12.9200,13.3400,12.7600,13.0600,4938700
20130307,13.0200,13.0800,12.6100,12.6500,3702600
20130308,12.6800,12.9800,12.6500,12.9800,1482100
20130311,12.6600,12.8400,12.4400,12.6700,1798700
20130312,12.6600,12.9300,12.3600,12.5500,2475600
20130313,12.1800,12.6100,12.0200,12.6000,2847900
20130314,11.9500,12.3200,11.9100,12.2500,3515400
20130315,11.7800,12.1000,11.5100,11.9200,5517800
20130318,11.8500,12.0500,11.6600,11.6600,1852900
20130319,12.2900,12.4600,11.8100,12.0000,2618300
20130320,12.6800,12.7400,12.1500,12.2800,2485000
20130321,12.4700,12.6800,12.2500,12.6800,2239700
20130322,12.4800,12.5600,12.1800,12.4300,2382100
20130325,12.7800,12.8700,12.3500,12.3500,3351500
20130326,13.0100,13.0900,12.7500,12.7600,3127700
20130327,13.1600,13.3400,12.8200,13.0000,1580900
20130328,12.8900,13.0900,12.6100,13.0900,1961500
20130329,12.3700,12.8800,12.2300,12.8800,4392100
20130401,12.8000,13.1300,12.4000,12.4600,3005200
20130402,13.2700,13.3400,12.6600,12.8000,5024400
20130403,13.1200,13.3100,12.9700,13.3100,1498700
20130404,13.1200,13.1200,13.1200,13.1200,0
20130405,13.1200,13.1200,13.1200,13.1200,0
20130408,12.7600,12.8800,12.3800,12.8800,1504500
20130409,13.2000,13.3500,12.5800,12.6100,3221400
20130410,13.7300,13.7700,13.0900,13.2000,6711700
20130411,13.6800,13.8400,13.5100,13.6600,1611900
20130412,13.7500,13.9200,13.4700,13.7000,2397000
20130415,13.9400,14.0900,13.5700,13.6400,4065600
20130416,14.3800,14.4400,13.5800,13.8800,7607700
20130417,14.3000,14.3600,14.1600,14.2700,3433100
20130418,14.4000,14.5000,14.0000,14.2000,2428000
20130419,14.1700,14.3000,13.6000,14.3000,11211500
20130422,13.2800,13.9400,13.1000,13.9400,7029200
20130423,12.5200,13.3000,12.5100,13.2000,4732700
20130424,12.5100,12.6800,12.4000,12.5300,3466300
20130425,12.3500,12.6000,12.1000,12.5300,5359000
20130426,12.2000,12.4500,12.1500,12.2500,2317000
20130429,12.2000,12.2000,12.2000,12.2000,0
20130430,12.2000,12.2000,12.2000,12.2000,0
20130501,12.2000,12.2000,12.2000,12.2000,0
20130502,12.5500,12.7200,12.2000,12.2000,4192500
20130503,12.7900,12.9600,12.5300,12.5300,5448300
20130506,12.5500,12.8100,12.4400,12.7900,4970500
20130507,12.9600,13.0600,12.5500,12.5600,5136800
20130508,13.0100,13.2200,12.8900,13.0000,5022700
20130509,12.7000,13.0500,12.6000,13.0500,3403600
20130510,12.8400,12.8700,12.6100,12.6800,1430700
20130513,12.5200,12.8800,12.2600,12.8800,3624700
20130514,12.4700,12.6000,12.2000,12.5200,2103900
20130515,12.3900,12.5800,12.2900,12.3600,2338900
20130516,13.1500,13.1800,12.2700,12.3100,5121500
20130517,13.6700,13.7600,13.1500,13.1700,5989100
20130520,13.6000,14.1900,13.3200,13.9200,11097600
20130521,13.5600,13.5800,13.2200,13.3900,5474600
20130522,13.9000,14.1000,13.4300,13.5000,7870200
20130523,13.6000,14.4000,13.5400,13.8500,6907300
20130524,13.8200,13.8500,13.3600,13.6600,3875900
20130527,13.8200,14.1000,13.4800,13.8000,4033600
20130528,14.5200,14.5700,13.6500,13.7100,6517400
20130529,14.8800,15.3000,14.4300,14.4300,11243000
20130530,14.0000,14.6500,13.9700,14.6500,21046700
20130531,13.8100,13.9400,13.6200,13.9100,8201300
20130603,14.2000,14.2700,13.8000,13.8000,7121300
20130604,13.9900,14.1800,13.8000,14.1700,4658400
20130605,13.9000,14.1000,13.8100,13.9800,3341800
20130606,13.5400,13.9900,13.4000,13.9000,5181400
20130607,13.2000,13.7300,12.7700,13.4200,5218400
20130610,13.2000,13.2000,13.2000,13.2000,0
20130611,13.2000,13.2000,13.2000,13.2000,0
20130612,13.2000,13.2000,13.2000,13.2000,0
20130613,12.8200,13.1800,12.2500,13.1800,6936100
20130614,13.1800,13.2900,12.7000,12.8600,4943100
20130617,13.1800,13.3500,12.6500,13.1300,7055100
20130618,13.5000,13.5700,13.0800,13.1800,3960300
20130619,13.2900,13.4500,13.0400,13.4200,1900700
20130620,12.8500,13.5400,12.8500,13.1700,3447700
20130621,12.8900,13.1400,12.4100,12.7200,2334400
20130624,11.6000,12.8900,11.6000,12.8000,5278200
20130625,10.9500,11.6000,10.4400,11.6000,7147500
20130626,11.2200,11.2900,10.8600,11.0000,4572600
20130627,11.2400,11.6400,11.1200,11.1200,5577500
20130628,11.5900,12.3600,11.2100,11.2100,12513000
20130701,11.6200,11.8500,11.2100,11.6000,5197200
20130702,11.4100,11.6000,11.2700,11.6000,4240900
20130703,11.2500,11.3700,10.9400,11.3700,4133100
20130704,11.6000,11.8400,11.0700,11.2100,4008500
20130705,12.0800,12.7600,11.6500,11.6500,12345900
20130708,11.8200,12.3400,11.7000,11.8000,3865000
20130709,11.6000,11.9500,11.3400,11.9400,3583400
20130710,12.1700,12.3000,11.4100,11.6600,5057700
20130711,12.4400,12.7000,12.1000,12.2000,11463000
20130712,12.5600,13.1100,12.2800,12.4500,9086700
20130715,12.5500,12.6000,12.1600,12.5100,6717000
20130716,12.2300,12.4300,11.9600,12.3300,7279400
20130717,12.2300,12.4200,11.9200,12.1000,6188600
20130718,12.0800,12.4300,11.9600,12.1600,4030700
20130719,11.6000,12.1800,11.6000,12.1300,3640000
20130722,11.4100,11.6300,11.3300,11.4100,3435500
20130723,11.7700,11.9800,11.3500,11.4000,3696400
20130724,11.4200,11.7600,11.1800,11.7000,4500700
20130725,11.4600,11.6200,11.3000,11.4500,3583700
20130726,11.4700,11.5000,11.1800,11.2800,2116200
20130729,11.0700,11.3700,11.0500,11.3700,2647200
20130730,11.1900,11.4400,11.0000,11.0500,4202500
20130731,11.2400,11.8700,11.2100,11.6300,6768900
20130801,11.4500,11.6300,11.2000,11.2600,3029700
20130802,12.1600,12.3200,11.7500,11.7600,10794000
20130805,12.2600,12.3600,11.9100,12.1300,4166000
20130806,12.5500,12.6000,11.9500,12.1800,5006700
20130807,12.5500,12.5500,12.5500,12.5500,0
20130808,12.5500,12.5500,12.5500,12.5500,0
20130809,12.5500,12.5500,12.5500,12.5500,0
20130812,12.5500,12.5500,12.5500,12.5500,0
20130813,12.7200,13.5000,12.5800,12.9000,9088000
20130814,12.6600,13.0400,12.6000,12.6600,4099700
20130815,12.0900,12.6900,11.8500,12.5800,6976400
20130816,11.8600,12.5000,11.7000,11.9600,5584500
20130819,11.7300,11.8400,11.4400,11.7000,5327000
20130820,11.5600,11.8000,11.4700,11.7800,4895400
20130821,11.4100,11.6300,11.3000,11.5600,5969400
20130822,11.5000,11.6000,11.3800,11.4100,4170900
20130823,11.4300,11.6500,11.3000,11.5700,4066300
20130826,11.9700,11.9900,11.4500,11.4900,7360300
20130827,12.0500,12.2100,11.9100,12.0500,5674300
20130828,11.8300,11.9600,11.6300,11.9600,4418100
20130829,12.0700,12.5000,11.9500,12.1200,9684000
20130830,11.7500,12.2000,11.6900,12.1000,6303700
20130902,11.6500,11.8800,11.3300,11.8000,4906800
20130903,12.0200,12.0400,11.4900,11.5100,5251300
20130904,11.7600,12.0000,11.6600,12.0000,3976400
20130905,11.6100,11.8800,11.5900,11.7800,4192200
20130906,11.5400,11.6400,11.2000,11.6100,10181600
20130909,11.9000,11.9900,11.3500,11.4300,11136000
20130910,11.9700,11.9700,11.6800,11.9000,6855500
20130911,11.9000,12.2200,11.8000,12.0300,7546400
20130912,12.4000,12.5000,11.5400,11.8200,17100700
20130913,12.1500,12.3700,12.0100,12.3700,12214400
20130916,12.1500,12.3800,12.0400,12.3800,6734800
20130917,11.6600,12.2700,11.6100,12.2000,6520500
20130918,11.6700,11.7100,11.5400,11.5500,2980400
20130920,11.6700,11.6700,11.6700,11.6700,0
20130923,11.7000,11.7700,11.5000,11.7600,5142700
20130924,11.7800,11.7900,11.3700,11.6800,8042900
20130925,11.5600,11.8700,11.5500,11.7900,5850900
20130926,11.3500,11.6800,11.3200,11.5500,5267400
20130927,11.2000,11.4600,11.1500,11.3500,4755000
20130930,11.1800,11.3700,11.1300,11.2300,4324100
20131001,11.1800,11.1800,11.1800,11.1800,0
20131002,11.1800,11.1800,11.1800,11.1800,0
20131003,11.1800,11.1800,11.1800,11.1800,0
20131004,11.1800,11.1800,11.1800,11.1800,0
20131007,11.1800,11.1800,11.1800,11.1800,0
20131008,11.4400,11.5500,11.1100,11.1400,5622500
20131009,11.3500,11.3900,11.2000,11.3900,5686700
20131010,11.5000,11.6600,11.3400,11.4600,9605500
20131011,11.4500,11.5800,11.3100,11.4300,6257900
20131014,11.2100,11.5300,11.1800,11.4200,8430300
20131015,11.2700,11.3000,11.1500,11.2000,4723000
20131016,10.8500,11.2800,10.8200,11.2800,5147800
20131017,10.8500,11.0500,10.8200,10.9800,3031200
20131018,10.8700,10.9300,10.7400,10.8700,2588400
20131021,11.0900,11.1200,10.8800,10.9900,5659600
20131022,10.8400,11.0900,10.7900,11.0900,4264600
20131023,10.6400,10.9300,10.6000,10.8800,3711800
20131024,10.3800,10.6000,10.3500,10.6000,4509000
20131025,10.2300,10.4800,10.1800,10.4400,2905400
20131028,10.2500,10.3100,10.1800,10.2200,2230200
20131029,9.3900,10.1000,9.2300,10.1000,11441500
20131030,9.4700,9.4900,9.2400,9.3900,5391300
20131031,10.0300,10.1700,9.5600,9.5600,13638100
20131101,10.0000,10.2000,9.8000,10.0600,8283100
20131104,9.8700,9.9800,9.8300,9.9800,2971100
20131105,9.6500,9.7900,9.4500,9.7900,7006700
20131106,9.5500,9.6600,9.5000,9.5900,3999000
20131107,9.5700,9.6100,9.3800,9.5200,4234300
20131108,9.3600,9.5600,9.3600,9.5500,3032200
20131111,9.0600,9.3900,8.9600,9.3900,3580100
20131112,9.1300,9.1500,9.0000,9.0000,2869400
20131113,9.0100,9.1300,9.0100,9.0400,2142200
20131114,8.9400,9.0600,8.8800,9.0100,3238800
20131115,9.3100,9.6200,8.9300,8.9400,6897400
20131118,9.5100,9.5500,9.2600,9.3200,5206200
20131119,9.4400,9.4900,9.3500,9.4900,4600000
20131120,9.3600,9.5000,9.3400,9.4600,4251100
20131121,9.1800,9.3000,9.0700,9.3000,6704000
20131122,9.1700,9.2800,9.1000,9.1400,3498900
20131125,9.1300,9.2700,9.0700,9.1700,3962800
20131126,9.0500,9.1700,9.0100,9.1500,4355300
20131127,9.0800,9.1300,8.9800,9.0400,5763500
20131128,9.2500,9.2800,9.0100,9.0800,16208000
20131129,9.1300,9.2300,9.1300,9.2100,8830900
20131202,8.6500,9.0100,8.6300,9.0100,8371300
20131203,8.7800,8.8000,8.6300,8.6600,7126600
20131204,8.9300,9.0300,8.7500,8.7800,8145500
20131205,8.9700,9.0400,8.9000,8.9000,5738600
20131206,8.8700,9.0000,8.8400,8.9900,6514100
20131209,8.8700,8.9300,8.8400,8.8900,4579500
20131210,8.9000,8.9300,8.8600,8.8900,6998800
20131211,8.7700,8.8800,8.7400,8.8800,4862400
20131212,8.7100,8.7900,8.6500,8.7500,5999100
20131213,8.7800,8.7800,8.6600,8.6900,3962100
20131216,8.7100,8.9400,8.6800,8.8500,9925200
20131217,8.7400,8.8300,8.6600,8.7200,5588800
20131218,8.5700,8.7800,8.5500,8.7700,7698900
20131219,8.4000,8.6300,8.3800,8.6100,7866800
20131220,8.1300,8.4100,8.1000,8.4000,7429900
20131223,8.0100,8.1700,7.9100,8.1400,5627700
20131224,8.0400,8.1600,7.9900,8.0300,4532500
20131225,8.0500,8.0700,7.9100,8.0400,4853100
20131226,7.8200,8.0500,7.8100,8.0500,4730200
20131227,8.0300,8.0400,7.8000,7.8200,5544300
20131230,7.9200,8.1000,7.8800,8.0300,4897600
20131231,8.0800,8.0800,7.8200,7.9000,7535800
20140101,8.0800,8.0800,8.0800,8.0800,0
20140102,8.0800,8.0900,7.9600,8.0300,3683900
20140103,7.9200,8.0600,7.9000,8.0300,5068200
20140106,7.5400,7.9500,7.5200,7.9300,7938800
20140107,7.4700,7.5200,7.4100,7.4700,4235100
20140108,7.2900,7.5400,7.2700,7.4900,6147100
20140109,7.2000,7.3900,7.2000,7.2800,5013000
20140110,7.0700,7.1900,7.0200,7.1400,4691200
20140113,6.9700,7.1500,6.9300,7.0400,4658100
20140114,7.1400,7.1400,6.9600,6.9700,4484600
20140115,7.0400,7.1300,7.0000,7.1000,3449200
20140116,7.2200,7.3200,7.0200,7.0300,7090000
20140117,7.0600,7.2100,7.0500,7.2100,3874400
20140120,7.0500,7.1300,7.0200,7.0600,3463100
20140121,7.2000,7.2200,7.0300,7.0500,4527100
20140122,7.9200,7.9200,7.1800,7.2100,16480800
20140123,8.4100,8.6000,8.1500,8.2000,35594700
20140124,8.8700,9.1100,8.2300,8.3000,31507800
20140127,8.6400,8.8500,8.5200,8.7500,16089200
20140128,8.6800,8.7300,8.5000,8.5900,8346600
20140129,8.5300,8.7700,8.3500,8.7500,10003600
20140130,8.5500,8.6200,8.3400,8.4900,8688200
20140131,8.5500,8.5500,8.5500,8.5500,0
20140203,8.5500,8.5500,8.5500,8.5500,0
20140205,8.5500,8.5500,8.5500,8.5500,0
20140206,8.5500,8.5500,8.5500,8.5500,0
20140207,8.5500,8.5500,8.3200,8.4100,6890400
20140210,8.9200,8.9500,8.4700,8.5500,15205100
20140211,8.9600,9.0800,8.7700,8.9400,13960400
20140212,8.8800,8.9500,8.6700,8.9100,10722500
20140213,8.5600,8.8200,8.5500,8.8200,7828900
20140214,8.5700,8.6000,8.4400,8.5200,5719700
20140217,8.7600,8.8800,8.5700,8.5800,10663600
20140218,8.7800,8.9200,8.5900,8.7100,8894600
20140219,9.3500,9.5400,8.7100,8.7700,24137800
20140220,9.1100,9.4200,9.1000,9.3400,12441500
20140221,8.7000,9.1800,8.5100,9.0700,11493400
20140224,7.8300,8.6600,7.8300,8.6600,15489000
20140225,7.6700,7.9200,7.6100,7.7500,9825200
