20130226,6.5900,6.8100,6.5900,6.7000,1020400
20130227,6.6800,6.7100,6.5800,6.6000,725200
20130228,6.7400,6.7600,6.6500,6.7000,929400
20130301,6.8400,6.9200,6.7400,6.7500,1193800
20130304,6.7000,6.8600,6.6900,6.8600,1124100
20130305,6.9700,7.0400,6.6600,6.7000,2440100
20130306,6.9800,7.0400,6.8800,7.0000,1694800
20130307,6.9700,7.0700,6.8800,7.0000,1235100
20130308,6.9200,7.0400,6.9200,7.0100,706000
20130311,6.9000,6.9800,6.8100,6.9500,1115700
20130312,6.7000,6.9000,6.6400,6.8300,987900
20130313,6.6400,6.7400,6.5700,6.6700,536800
20130314,6.7100,6.7800,6.5900,6.7800,428200
20130315,6.7000,6.8000,6.6400,6.8000,486900
20130318,6.6500,6.7800,6.6000,6.7800,796500
20130319,6.9800,6.9800,6.6200,6.7300,2987100
20130320,7.2000,7.3300,6.9900,7.0600,4214200
20130321,7.1900,7.3300,7.0300,7.2200,2324300
20130322,7.1900,7.2700,7.0700,7.1700,675400
20130325,7.2000,7.3800,7.1200,7.2000,1332600
20130326,7.1900,7.2300,7.0100,7.1300,1304100
20130327,7.1500,7.2400,7.0700,7.2300,784900
20130328,7.2000,7.3300,7.0500,7.1500,1937200
20130329,7.3700,7.5500,7.1300,7.1900,2241700
20130401,7.3000,7.4700,7.1800,7.3300,1218900
20130402,7.2500,7.4500,7.2200,7.2900,726600
20130403,7.1100,7.3400,7.1000,7.2500,1099400
20130404,7.1100,7.1100,7.1100,7.1100,0
20130405,7.1100,7.1100,7.1100,7.1100,0
20130408,7.0600,7.1100,6.9700,7.1000,1201800
20130409,7.1800,7.2000,7.0500,7.0900,721500
20130410,7.1800,7.2500,7.1200,7.1200,400000
20130411,7.2400,7.3500,7.1700,7.1800,914000
20130412,7.2300,7.3400,7.1300,7.3400,714300
20130415,7.2400,7.3500,7.1700,7.2400,1242400
20130416,7.1600,7.2900,7.0500,7.2400,870500
20130417,7.0900,7.1800,7.0300,7.1200,748200
20130418,7.0900,7.1200,7.0100,7.0800,925200
20130419,7.3900,7.4400,7.0300,7.0300,2648300
20130422,7.4700,7.4900,7.2200,7.3000,2028900
20130423,7.2900,7.5300,7.1800,7.5300,1809400
20130424,7.4800,7.5200,7.2000,7.2000,1542700
20130425,7.3000,7.6300,7.3000,7.5500,2247000
20130426,7.4100,7.5000,7.2500,7.2500,1373900
20130429,7.4100,7.4100,7.4100,7.4100,0
20130430,7.4100,7.4100,7.4100,7.4100,0
20130501,7.4100,7.4100,7.4100,7.4100,0
20130502,7.6700,7.7400,7.3600,7.5200,1796500
20130503,7.6300,7.7700,7.5800,7.6700,1362600
20130506,7.7100,7.7400,7.6000,7.6300,1262800
20130507,7.6900,7.8000,7.6400,7.7400,1155500
20130508,7.6100,7.7400,7.4200,7.6600,1961500
20130509,7.6200,7.6400,7.5000,7.6300,1763100
20130510,7.6200,7.6200,7.6200,7.6200,0
20130513,7.2000,7.8900,7.1600,7.8900,5886300
20130514,7.3900,7.4200,7.1100,7.2100,5558700
20130515,7.0800,7.2800,6.9500,7.2700,4457300
20130516,7.0700,7.0800,6.8700,7.0000,3217200
20130517,7.0400,7.0700,6.9100,7.0300,3170300
20130520,7.1200,7.1500,6.9300,7.0000,3174300
20130521,7.0600,7.1100,7.0100,7.1100,2389000
20130522,7.1200,7.2200,7.0300,7.0600,2929600
20130523,7.0600,7.1500,7.0500,7.1500,1895000
20130524,7.0400,7.1300,7.0200,7.0900,1673800
20130527,7.1100,7.2000,7.0700,7.1100,1873000
20130528,7.0900,7.1700,6.9900,7.1100,2351900
20130529,7.1300,7.2000,7.0600,7.1200,2029600
20130530,7.0100,7.1500,6.9800,7.1500,2364800
20130531,6.8300,7.0600,6.8000,7.0100,2498200
20130603,6.8200,6.8900,6.7800,6.8000,1901800
20130604,6.6700,6.8600,6.6000,6.8600,1741000
20130605,6.6800,6.7400,6.6200,6.6300,1138200
20130606,6.6000,6.7000,6.5900,6.6300,1135900
20130607,6.4200,6.6600,6.3800,6.6200,1083600
20130610,6.4200,6.4200,6.4200,6.4200,0
20130611,6.4200,6.4200,6.4200,6.4200,0
20130612,6.4200,6.4200,6.4200,6.4200,0
20130613,6.0200,6.3800,5.9900,6.3000,1923100
20130614,6.2100,6.3200,6.0000,6.0400,2179800
20130617,6.3300,6.5000,6.2000,6.2500,2103700
20130618,6.3400,6.3500,6.1700,6.3300,1341100
20130619,6.4100,6.4200,6.2200,6.3000,1083100
20130620,6.6400,6.6400,6.3400,6.4500,2165700
20130621,6.8000,7.2000,6.2600,6.5900,5348400
20130624,6.3000,6.6500,6.1400,6.6500,2188600
20130625,6.5800,6.7000,5.6700,6.2000,3904400
20130626,6.4800,6.6800,6.3100,6.4100,3634800
20130627,6.1600,6.5000,6.1100,6.4700,1790400
20130628,5.9600,6.1900,5.8300,6.0100,1654600
20130701,6.0700,6.1300,5.9000,5.9500,1004100
20130702,6.1100,6.1500,6.0300,6.0500,571900
20130703,6.0500,6.1500,5.8800,6.1000,1201600
20130704,6.0600,6.1200,5.9000,6.0300,1105100
20130705,5.9800,6.1000,5.9600,6.0700,1106300
20130708,5.6900,6.0000,5.6700,6.0000,1290900
20130709,5.8600,5.9200,5.7100,5.7100,1297900
20130710,6.0100,6.0600,5.8900,5.9500,1362000
20130711,6.0600,6.1600,6.0000,6.0800,1647000
20130712,5.9500,6.1200,5.9300,6.1000,948000
20130715,6.1000,6.1300,6.0000,6.0300,1335200
20130716,6.2400,6.2800,6.0900,6.1500,2755400
20130717,6.4300,6.4500,6.0900,6.2000,4130400
20130718,6.5700,6.6400,6.2500,6.3000,6107600
20130719,6.3400,6.5600,6.3200,6.4300,3525200
20130722,6.1800,6.3000,6.1000,6.3000,1677100
20130723,6.2400,6.3300,6.1700,6.1800,1994200
20130724,6.2100,6.2900,6.1400,6.1900,1413200
20130725,5.9800,6.2600,5.9200,6.2600,1767700
20130726,6.0500,6.1700,5.9500,5.9800,877300
20130729,5.9500,6.0500,5.9300,6.0500,727800
20130730,5.9700,6.0600,5.9400,5.9900,772900
20130731,5.9800,6.2900,5.9500,6.2900,1500100
20130801,6.2800,6.2900,5.9800,5.9800,3248400
20130802,6.1700,6.3000,6.1600,6.3000,2585200
20130805,6.2200,6.2700,6.1300,6.2000,1570100
20130806,6.2100,6.2400,6.1600,6.1900,1942000
20130807,6.2800,6.4000,6.1000,6.2000,3318700
20130808,6.1900,6.2500,6.1500,6.2500,1564800
20130809,6.2000,6.2300,6.1500,6.1900,1231600
20130812,6.2700,6.2900,6.1500,6.2400,2419500
20130813,6.5900,6.7200,6.2300,6.2600,5631500
20130814,6.8200,6.8200,6.4700,6.5000,7546600
20130815,6.5300,6.7900,6.5000,6.7200,5309600
20130816,6.2600,6.5300,6.2600,6.4300,3304100
20130819,6.3800,6.3900,6.1500,6.3200,1688500
20130820,6.2800,6.4100,6.2500,6.3800,1537600
20130821,6.3100,6.3700,6.2600,6.2800,1399500
20130822,6.3700,6.4600,6.2800,6.2800,1960700
20130823,6.4000,6.4800,6.2200,6.3300,1919700
20130826,6.4600,6.5500,6.3500,6.4300,2576200
20130827,6.4600,6.4900,6.3800,6.4800,1560500
20130828,6.3200,6.4300,6.3000,6.4200,1787800
20130829,6.2200,6.3400,6.1900,6.3000,2139900
20130830,6.2300,6.3100,6.1700,6.2600,1303400
20130902,6.3500,6.3900,6.1800,6.2700,1393700
20130903,6.4700,6.4700,6.3000,6.3700,2569600
20130904,6.3800,6.7100,6.3600,6.6100,3425900
20130905,6.2500,6.3700,6.2500,6.3300,1775600
20130906,6.2500,6.3200,6.2000,6.2500,1288300
20130909,6.3100,6.3300,6.2200,6.2200,1536300
20130910,6.3000,6.3100,6.2300,6.2800,2446100
20130911,6.0700,6.3000,5.9600,6.2800,10786500
20130912,5.9900,6.0700,5.9800,6.0000,3672100
20130913,6.0500,6.0600,5.9600,6.0000,2274400
20130916,6.0000,6.0700,5.9800,6.0700,2481600
20130917,5.9200,6.0300,5.9000,6.0100,2597500
20130918,6.0000,6.0100,5.8900,5.9500,1636500
20130920,6.0000,6.0000,6.0000,6.0000,0
20130923,6.3300,6.3300,5.9600,6.0000,8196200
20130924,6.3700,6.3800,6.1900,6.3300,5667300
20130925,6.2300,6.4600,6.2300,6.3400,6909800
20130926,6.2500,6.2800,6.1500,6.2400,2691000
20130927,6.3300,6.3800,6.2400,6.2400,4322300
20130930,6.2400,6.4000,6.1900,6.4000,2217100
20131001,6.2400,6.2400,6.2400,6.2400,0
20131002,6.2400,6.2400,6.2400,6.2400,0
20131003,6.2400,6.2400,6.2400,6.2400,0
20131004,6.2400,6.2400,6.2400,6.2400,0
20131007,6.2400,6.2400,6.2400,6.2400,0
20131008,6.2500,6.2900,6.0000,6.2300,2673000
20131009,6.4100,6.5200,6.1900,6.2400,7251200
20131010,6.6500,6.7600,6.2700,6.4000,10599900
20131011,6.5400,6.6600,6.4600,6.5000,5947300
20131014,6.3700,6.4900,6.2600,6.4500,4853700
20131015,6.4800,6.4800,6.2800,6.3700,3260500
20131016,6.2900,6.4400,6.2900,6.4400,3442500
20131017,6.4100,6.5100,6.2800,6.3000,3225800
20131018,6.3500,6.4900,6.3300,6.3700,2659400
20131021,6.2600,6.3900,6.1400,6.3500,4373100
20131022,6.1900,6.2600,6.1600,6.2600,2779500
20131023,6.1100,6.2400,6.1000,6.2000,2005000
20131024,6.1000,6.1500,6.0300,6.1200,1789600
20131025,6.0600,6.1500,6.0100,6.1200,2100200
20131028,6.0500,6.1300,5.9700,6.0600,1392400
20131029,5.6200,6.0800,5.4500,6.0700,3723300
20131030,5.8500,5.8500,5.5800,5.6200,2415400
20131031,5.7500,5.8500,5.6000,5.8200,1981300
20131101,5.7100,5.7500,5.6300,5.7300,789600
20131104,5.7200,5.7500,5.6300,5.6900,1007500
20131105,5.7700,5.7900,5.6200,5.7000,1197500
20131106,5.7100,5.8400,5.6700,5.7200,1111300
20131107,5.6400,5.7100,5.6100,5.7100,1115900
20131108,5.4800,5.6500,5.4400,5.6200,1671900
20131111,5.4600,5.4900,5.3200,5.4800,1111400
20131112,5.4800,5.5200,5.4000,5.4700,1056900
20131113,5.4500,5.5100,5.4000,5.5000,819400
20131114,5.5500,5.5800,5.4400,5.4600,883900
20131115,5.6200,5.6600,5.4800,5.5200,1377100
20131118,5.6500,5.6700,5.5400,5.6200,2477200
20131119,5.6000,5.6600,5.5800,5.6600,1467500
20131120,5.6300,5.6400,5.5500,5.6200,1321800
20131121,5.5900,5.6400,5.5200,5.6300,1571300
20131122,5.5500,5.6100,5.5400,5.6100,1752100
20131125,5.5500,5.5700,5.5000,5.5500,1034000
20131126,5.6400,5.6700,5.4900,5.5600,2088200
20131127,5.7000,5.7200,5.6000,5.6500,1625800
20131128,5.6900,5.7800,5.6500,5.7100,2478300
20131129,5.6600,5.7100,5.6300,5.6500,1882100
20131202,5.1500,5.5300,5.0900,5.4100,4665300
20131203,5.2400,5.2600,5.0800,5.1400,2272700
20131204,5.2700,5.3100,5.2000,5.2300,1911900
20131205,5.2900,5.3100,5.2400,5.2500,1363200
20131206,5.2900,5.3100,5.2500,5.2900,1265800
20131209,5.2900,5.3200,5.2600,5.2800,1087900
20131210,5.4100,5.4400,5.2500,5.3100,2437900
20131211,5.4800,5.5100,5.3500,5.3900,2164200
20131212,5.6900,5.7800,5.4100,5.4800,6612600
20131213,5.5200,5.7000,5.4800,5.6900,4190700
20131216,5.3800,5.5400,5.3500,5.5300,1701100
20131217,5.2800,5.3700,5.2500,5.3400,1249400
20131218,5.3000,5.3500,5.2500,5.2800,1012800
20131219,5.2400,5.3500,5.2300,5.2800,915800
20131220,5.1500,5.3000,5.1500,5.2300,1087000
20131223,4.9900,5.1800,4.9400,5.1600,1805200
20131224,5.1600,5.4900,4.9900,4.9900,2065300
20131225,5.1900,5.2100,5.1000,5.1000,577400
20131226,5.0600,5.1900,5.0300,5.1900,936800
20131227,5.1000,5.1300,5.0200,5.1200,923900
20131230,5.1200,5.2300,5.0500,5.0700,1034500
20131231,5.0800,5.1300,5.0400,5.1300,1346100
20140101,5.0800,5.0800,5.0800,5.0800,0
20140102,5.1100,5.1300,5.0400,5.0600,1042700
20140103,5.0600,5.1200,5.0400,5.1200,996100
20140106,4.9500,5.0600,4.9000,5.0600,1210800
20140107,4.9200,4.9500,4.8800,4.9000,895000
20140108,4.8700,4.9600,4.8600,4.8700,1062700
20140109,4.7800,4.9200,4.5600,4.8400,1339200
20140110,4.6400,4.8000,4.6100,4.7300,1100900
20140113,4.5500,4.6700,4.5300,4.6700,1473300
20140114,4.6200,4.6200,4.5300,4.5500,1335600
20140115,4.5900,4.6300,4.5500,4.6300,759800
20140116,4.8200,5.0000,4.6000,4.6000,3424700
20140117,4.7700,4.8800,4.7200,4.7900,2058800
20140120,4.8500,4.9700,4.7700,4.7700,1733900
20140121,4.8000,4.8500,4.7400,4.8400,1363900
20140122,4.8900,4.9300,4.7900,4.8100,1619300
20140123,4.8800,4.9300,4.8500,4.9300,1403400
20140124,4.9100,4.9700,4.8500,4.8700,1125900
20140127,4.8600,4.9000,4.8300,4.9000,953200
20140128,4.8500,4.9000,4.8200,4.8500,902100
20140129,5.1600,5.2600,4.8500,4.8500,3762400
20140130,5.4600,5.5700,5.0800,5.1500,5076300
20140131,5.4600,5.4600,5.4600,5.4600,0
20140203,5.4600,5.4600,5.4600,5.4600,0
20140205,5.4600,5.4600,5.4600,5.4600,0
20140206,5.4600,5.4600,5.4600,5.4600,0
20140207,6.0100,6.0100,5.6100,5.6100,4928100
20140210,6.0100,6.0100,6.0100,6.0100,0
20140211,6.0100,6.0100,6.0100,6.0100,0
20140212,6.0100,6.0100,6.0100,6.0100,0
20140213,6.0100,6.0100,6.0100,6.0100,0
20140214,6.0100,6.0100,6.0100,6.0100,0
20140217,6.0100,6.0100,6.0100,6.0100,0
20140218,6.0100,6.0100,6.0100,6.0100,0
20140219,6.0100,6.0100,6.0100,6.0100,0
20140220,6.0100,6.0100,6.0100,6.0100,0
20140221,6.0100,6.0100,6.0100,6.0100,0
20140224,6.0100,6.0100,6.0100,6.0100,0
20140225,6.0100,6.0100,6.0100,6.0100,0
