20130226,6.5900,6.7900,6.5800,6.7900,7187700
20130227,6.5600,6.6900,6.4900,6.6000,3643100
20130228,6.8000,6.8400,6.5200,6.5800,7119100
20130301,6.8000,6.8300,6.7000,6.7000,4953900
20130304,6.5000,6.7800,6.4000,6.7800,5571600
20130305,6.6900,6.7100,6.4800,6.5000,4684600
20130306,6.9100,6.9300,6.6600,6.7100,10160700
20130307,6.8700,6.9200,6.7600,6.8800,5288600
20130308,6.7600,6.9500,6.7600,6.9500,3115900
20130311,6.9500,7.1500,6.7100,6.7700,10641000
20130312,6.8600,7.0600,6.7200,6.9200,4685400
20130313,6.9200,6.9700,6.7100,6.8000,5823100
20130314,6.9000,7.2400,6.8900,6.9600,13819200
20130315,6.7500,6.9000,6.6200,6.7900,6694100
20130318,6.7800,6.8200,6.6600,6.6900,3620500
20130319,6.7900,6.8000,6.6600,6.7200,2715200
20130320,6.9900,7.0500,6.7200,6.7800,8035300
20130321,7.0700,7.0800,6.9400,7.0000,7716400
20130322,7.1900,7.2000,6.9700,7.0600,9979700
20130325,7.1700,7.2500,7.0600,7.2100,7171900
20130326,7.1300,7.1700,6.9900,7.1700,4916000
20130327,7.2400,7.2600,7.0800,7.1200,9603100
20130328,6.9100,7.1700,6.7600,7.1700,6021900
20130329,6.9000,7.0300,6.9000,6.9800,3057100
20130401,6.8700,7.0200,6.8400,6.8900,3404000
20130402,6.6800,6.9300,6.6800,6.8300,3791000
20130403,6.5000,6.7400,6.4400,6.6400,5765000
20130404,6.5000,6.5000,6.5000,6.5000,0
20130405,6.5000,6.5000,6.5000,6.5000,0
20130408,6.5300,6.5500,6.3000,6.4800,2793000
20130409,6.6300,6.6600,6.5100,6.5400,2496500
20130410,6.5200,6.6400,6.4700,6.6000,2054700
20130411,6.4000,6.5600,6.3600,6.5100,2179100
20130412,6.2700,6.4400,6.2300,6.4300,2480500
20130415,6.2800,6.3900,6.2200,6.2700,1684500
20130416,6.3600,6.4200,6.2200,6.2600,2496300
20130417,6.4400,6.5500,6.3400,6.3500,5114300
20130418,6.3700,6.4500,6.3500,6.3500,2184700
20130419,6.5000,6.5300,6.3500,6.3700,3282300
20130422,6.5200,6.5400,6.4300,6.4600,3181400
20130423,6.2900,6.5100,6.2500,6.5100,3194200
20130424,6.3300,6.4400,6.2900,6.2900,2613900
20130425,6.0500,6.3500,5.9800,6.3500,9045700
20130426,5.9500,6.0500,5.8600,6.0500,4257400
20130429,5.9500,5.9500,5.9500,5.9500,0
20130430,5.9500,5.9500,5.9500,5.9500,0
20130501,5.9500,5.9500,5.9500,5.9500,0
20130502,6.0100,6.0300,5.9100,5.9500,1597500
20130503,6.2200,6.2500,6.0000,6.0400,4501200
20130506,6.3800,6.3900,6.2000,6.2600,4468400
20130507,6.4500,6.5000,6.3100,6.3800,4371100
20130508,6.4600,6.5000,6.3500,6.4800,4178800
20130509,6.6400,6.6500,6.3800,6.4500,12358200
20130510,6.6000,6.7500,6.5500,6.7500,9139400
20130513,6.8000,6.8700,6.5800,6.6400,8503200
20130514,6.7700,6.8400,6.6200,6.7300,6287800
20130515,6.8200,6.8300,6.6800,6.7500,4408400
20130516,6.7800,6.8100,6.7000,6.8000,4857600
20130517,6.9100,6.9300,6.7100,6.7800,8502600
20130520,7.0000,7.0200,6.8600,6.9000,7111300
20130521,6.9000,7.1700,6.9000,7.0000,12037000
20130522,6.7000,6.9900,6.6500,6.9600,13040300
20130523,6.7100,6.8900,6.5000,6.6600,15683900
20130524,6.9200,6.9400,6.6500,6.6600,10041300
20130527,6.9000,6.9800,6.8500,6.9500,6918500
20130528,6.7700,6.9100,6.7200,6.9100,6272800
20130529,6.9900,7.0800,6.7000,6.8000,14636200
20130530,6.9400,7.0800,6.8900,6.9300,8812600
20130531,6.8500,7.0100,6.8500,6.9400,6071800
20130603,6.8300,6.9200,6.7400,6.8400,5375100
20130604,6.6300,6.8400,6.6000,6.8000,5925900
20130605,6.6000,6.6700,6.5100,6.6300,4885000
20130606,6.4000,6.5800,6.3900,6.5800,5671500
20130607,6.2900,6.4600,6.2400,6.4000,3478100
20130610,6.2900,6.2900,6.2900,6.2900,0
20130611,6.2900,6.2900,6.2900,6.2900,0
20130612,6.2900,6.2900,6.2900,6.2900,0
20130613,6.0200,6.2600,5.9600,6.2600,4818700
20130614,6.1000,6.1300,5.9900,5.9900,3223800
20130617,6.1000,6.1300,6.0400,6.1100,2718800
20130618,6.0900,6.1400,6.0400,6.1100,3114500
20130619,6.2400,6.2800,5.9100,6.0600,5538200
20130620,5.9400,6.1600,5.9200,6.1400,3021800
20130621,5.9000,5.9600,5.6900,5.8800,2143900
20130624,5.4500,5.9000,5.4400,5.9000,2829700
20130625,5.4500,5.6500,5.0500,5.4300,4164000
20130626,5.5300,5.5500,5.3700,5.4500,2993200
20130627,5.3400,5.5700,5.3400,5.5700,3349300
20130628,5.3400,5.4600,5.2400,5.2400,2510400
20130701,5.4200,5.4300,5.3000,5.3000,1443400
20130702,5.4700,5.4800,5.3800,5.4400,1949700
20130703,5.4000,5.4500,5.2900,5.4500,2898300
20130704,5.5400,5.6500,5.3400,5.3900,4716500
20130705,5.5400,5.6400,5.5100,5.5200,3846000
20130708,5.2500,5.4500,5.2500,5.4200,3562800
20130709,5.2500,5.3100,5.2100,5.2100,1495000
20130710,5.5100,5.5400,5.2700,5.2800,3911700
20130711,5.6500,5.7400,5.5300,5.5400,6240500
20130712,5.5200,5.7000,5.5100,5.6100,4754000
20130715,5.6500,5.7200,5.5200,5.5200,4050300
20130716,5.7500,5.7800,5.6200,5.6500,4849700
20130717,5.6000,5.7700,5.5800,5.7000,4251000
20130718,5.6400,5.6600,5.5100,5.6000,3197600
20130719,5.5000,5.7000,5.5000,5.6300,3919100
20130722,5.5700,5.5800,5.3900,5.4500,2909500
20130723,5.7000,5.7400,5.5400,5.5800,5664000
20130724,5.8200,5.8500,5.6400,5.6900,7056500
20130725,5.6200,5.8400,5.6000,5.8300,5736200
20130726,5.6600,5.6800,5.5300,5.5800,3184400
20130729,5.5500,5.7000,5.5400,5.6300,3118500
20130730,5.5500,5.6300,5.4600,5.5500,3449000
20130731,5.6000,5.6700,5.5300,5.5700,3033600
20130801,5.7600,5.7700,5.5700,5.6000,5608800
20130802,5.7400,5.8300,5.7000,5.7600,5562300
20130805,5.7900,5.8200,5.7000,5.7100,4105400
20130806,5.8100,5.8300,5.7100,5.7800,5381800
20130807,5.7400,5.8500,5.7200,5.7700,5502300
20130808,5.8900,6.0400,5.7900,5.7900,13630600
20130809,5.9600,6.0400,5.7900,5.9000,12579200
20130812,6.1000,6.1200,5.9000,5.9600,10210500
20130813,6.0700,6.2800,6.0300,6.1800,11167900
20130814,5.9700,6.0800,5.9400,6.0800,8211400
20130815,5.9400,6.0300,5.9300,5.9500,4398400
20130816,5.8000,6.0300,5.7900,5.9000,5568400
20130819,5.9100,5.9400,5.6800,5.6800,5191500
20130820,5.8600,5.9400,5.8000,5.8900,7536300
20130821,6.0800,6.0900,5.8300,5.8900,12148900
20130822,6.0900,6.1400,6.0000,6.0500,11065100
20130823,6.0000,6.1000,5.8400,6.0900,9241700
20130826,6.0900,6.1100,5.9800,5.9800,6417800
20130827,6.0800,6.1000,6.0200,6.0700,6273600
20130828,6.0800,6.1700,6.0000,6.0400,9956600
20130829,5.9700,6.1100,5.9100,6.0800,6686100
20130830,5.9800,6.0400,5.9300,6.0000,7299500
20130902,6.0800,6.1000,5.9100,6.0000,8114400
20130903,6.0800,6.0900,5.9800,6.0500,7541300
20130904,6.1700,6.1800,6.0500,6.0700,12137100
20130905,6.0700,6.1900,6.0700,6.1500,8131400
20130906,6.0700,6.1000,6.0200,6.0900,6272100
20130909,6.0800,6.1200,6.0300,6.0600,8196700
20130910,6.1300,6.1500,6.0700,6.0800,8753700
20130911,6.1500,6.2300,6.0700,6.1300,10337700
20130912,6.1900,6.2000,6.1000,6.1200,7928300
20130913,6.2700,6.4000,6.1600,6.1900,14944700
20130916,6.1500,6.2700,6.1100,6.2700,6881400
20130917,5.9600,6.1500,5.9400,6.1500,7957900
20130918,6.0000,6.0100,5.9200,6.0000,2391900
20130920,6.0000,6.0000,6.0000,6.0000,0
20130923,6.0600,6.0800,6.0000,6.0500,4319000
20130924,5.9600,6.0700,5.9300,6.0600,5718900
20130925,5.9200,6.0100,5.9100,5.9500,4658200
20130926,5.7700,5.9400,5.7600,5.9200,4521800
20130927,5.7900,5.8200,5.7400,5.7800,3523900
20130930,5.8100,5.8300,5.7000,5.7900,3714100
20131001,5.8100,5.8100,5.8100,5.8100,0
20131002,5.8100,5.8100,5.8100,5.8100,0
20131003,5.8100,5.8100,5.8100,5.8100,0
20131004,5.8100,5.8100,5.8100,5.8100,0
20131007,5.8100,5.8100,5.8100,5.8100,0
20131008,5.8900,5.9000,5.7300,5.7900,5233300
20131009,5.9000,5.9100,5.8300,5.8700,5091300
20131010,5.8800,6.0400,5.8700,5.9300,7433500
20131011,5.9800,6.0200,5.8900,5.9000,5971600
20131014,6.0500,6.0800,5.9600,6.0100,8128800
20131015,5.9700,6.0500,5.9300,6.0500,6443100
20131016,5.7900,5.9600,5.7500,5.9600,5178500
20131017,5.7900,5.9000,5.7900,5.8100,3775500
20131018,5.8200,5.8600,5.7800,5.8100,3194700
20131021,5.9200,5.9400,5.7700,5.8400,5568700
20131022,5.8600,5.9500,5.8300,5.9000,4413900
20131023,5.7700,5.9400,5.7500,5.8600,5270200
20131024,5.6700,5.8000,5.6700,5.7700,3776600
20131025,5.5200,5.7100,5.4700,5.6800,5426300
20131028,5.4700,5.5700,5.4500,5.5200,2751400
20131029,5.2300,5.5200,5.1500,5.4400,6021800
20131030,5.3000,5.3200,5.2100,5.2400,2840200
20131031,5.2900,5.3300,5.2200,5.2900,2860500
20131101,5.3700,5.3800,5.2800,5.3600,4227500
20131104,5.3700,5.4400,5.3400,5.3900,3017300
20131105,5.3800,5.3900,5.2800,5.3700,2344300
20131106,5.3500,5.4400,5.3400,5.3800,3307600
20131107,5.2400,5.3500,5.2400,5.3200,2379400
20131108,5.2000,5.2500,5.1100,5.2000,2901500
20131111,5.2100,5.2200,5.1200,5.1800,2048400
20131112,5.2700,5.3000,5.1700,5.2100,2314700
20131113,5.1200,5.2600,5.1200,5.2500,2350000
20131114,5.2000,5.2200,5.0700,5.1300,2318500
20131115,5.2800,5.3400,5.2100,5.2100,4531700
20131118,5.3800,5.3900,5.2900,5.2900,3543100
20131119,5.4500,5.4500,5.3500,5.3800,5299400
20131120,5.4800,5.4800,5.3900,5.4600,3201800
20131121,5.4200,5.4600,5.3700,5.4600,5085000
20131122,5.3600,5.4300,5.3300,5.4200,3881700
20131125,5.4400,5.4900,5.3500,5.3600,3762900
20131126,5.5100,5.5700,5.4100,5.4400,5380500
20131127,5.5200,5.5400,5.4500,5.5200,3655100
20131128,5.5500,5.6200,5.5100,5.5300,4926400
20131129,5.6200,5.7100,5.5800,5.5800,7373000
20131202,5.3000,5.5500,5.2600,5.5000,6408000
20131203,5.4500,5.4500,5.2500,5.3000,3723700
20131204,5.5500,5.6000,5.4200,5.4400,4940500
20131205,5.5700,5.5900,5.5200,5.5600,3005200
20131206,5.5100,5.5700,5.5100,5.5400,2745300
20131209,5.5700,5.5700,5.5000,5.5200,3218300
20131210,5.6100,5.6300,5.5200,5.5900,4752400
20131211,5.7900,5.9300,5.7100,5.7100,21481800
20131212,6.0000,6.1000,5.7300,5.7800,24829300
20131213,5.9200,6.0000,5.8400,5.9200,11737300
20131216,5.9300,6.0700,5.8600,5.9600,9923400
20131217,5.7500,5.9500,5.7200,5.8400,6774100
20131218,5.7200,5.8200,5.7000,5.7400,4793300
20131219,5.6600,5.8300,5.6300,5.7500,3858600
20131220,5.7300,5.7300,5.5300,5.6400,5980700
20131223,5.7300,5.8700,5.7100,5.7100,5753900
20131224,5.7300,5.8100,5.6700,5.7600,3863400
20131225,5.6800,5.7600,5.6100,5.7400,3966300
20131226,5.4200,5.7000,5.3900,5.6800,6270800
20131227,5.5300,5.5600,5.4300,5.4400,4004200
20131230,5.5200,5.6400,5.4900,5.6400,4284700
20131231,5.5800,5.6000,5.4900,5.5200,3602300
20140101,5.5800,5.5800,5.5800,5.5800,0
20140102,5.5300,5.5700,5.4700,5.5700,4452000
20140103,5.5900,5.6200,5.5000,5.5200,4784700
20140106,5.3900,5.5800,5.3700,5.5500,3611700
20140107,5.4100,5.4400,5.3300,5.3600,2206100
20140108,5.3600,5.4500,5.3400,5.4100,2514500
20140109,5.2600,5.4400,5.2500,5.3300,3023700
20140110,5.3700,5.3800,5.2200,5.2600,2939600
20140113,5.3000,5.3600,5.2700,5.3100,2199500
20140114,5.3800,5.4100,5.2800,5.3100,2935400
20140115,5.3900,5.4000,5.3400,5.3700,2034900
20140116,5.3400,5.4200,5.3200,5.4000,4494100
20140117,5.2100,5.3500,5.1900,5.3400,3991400
20140120,5.2200,5.2400,5.1600,5.2000,2984100
20140121,5.2500,5.2700,5.1900,5.2100,3358800
20140122,5.4000,5.4300,5.2600,5.2700,4588300
20140123,5.4100,5.4300,5.3400,5.4000,4998300
20140124,5.5000,5.5300,5.3800,5.3900,4702000
20140127,5.5500,5.6100,5.4100,5.4500,7048800
20140128,5.5200,5.5700,5.4500,5.5500,2922900
20140129,5.6100,5.6200,5.5100,5.5400,3670200
20140130,5.5800,5.6300,5.5400,5.5600,3606300
20140131,5.5800,5.5800,5.5800,5.5800,0
20140203,5.5800,5.5800,5.5800,5.5800,0
20140205,5.5800,5.5800,5.5800,5.5800,0
20140206,5.5800,5.5800,5.5800,5.5800,0
20140207,5.7000,5.7100,5.5200,5.5300,5080200
20140210,5.8900,5.9200,5.6900,5.7000,9879600
20140211,5.8500,5.9200,5.7600,5.9000,7706800
20140212,5.9100,5.9600,5.8100,5.8500,8115100
20140213,5.7500,5.8900,5.7500,5.8900,7191400
20140214,5.8200,5.8500,5.7100,5.7900,7061500
20140217,6.0000,6.0200,5.8400,5.8400,13104600
20140218,5.9600,6.0100,5.9200,5.9800,8396800
20140219,5.9000,6.0000,5.8500,6.0000,10266400
20140220,5.9100,6.0900,5.7600,5.9200,19629900
20140221,6.0300,6.3100,5.8500,5.8500,24770100
20140224,6.1200,6.1500,5.9200,6.0300,16447700
20140225,5.8200,6.1600,5.7500,6.1300,16606100
