20130226,7.1500,7.3500,7.1000,7.2500,3976200
20130227,7.0200,7.2200,6.9600,7.1500,2192000
20130228,7.0800,7.0800,6.9000,7.0300,3027600
20130301,7.0800,7.1100,6.9600,7.0800,2181500
20130304,6.8000,7.0600,6.7100,7.0600,2480300
20130305,7.0800,7.1000,6.7700,6.7700,2631200
20130306,7.1400,7.2200,6.9700,7.0400,3110500
20130307,7.2400,7.2800,7.0600,7.1400,3540000
20130308,7.2500,7.3300,7.1400,7.2600,3473300
20130311,7.2000,7.2700,7.1200,7.2300,1781800
20130312,6.9900,7.2400,6.9200,7.2000,2442800
20130313,7.0200,7.0900,6.8600,7.0200,1313500
20130314,7.0800,7.0900,6.9500,6.9500,1072200
20130315,7.2300,7.2900,6.9200,7.0800,3287600
20130318,7.3000,7.4900,7.1600,7.1900,7750800
20130319,7.4400,7.4800,7.1000,7.3400,4572500
20130320,7.6200,7.6800,7.3200,7.3400,7047900
20130321,7.6000,7.6900,7.4900,7.5600,5107900
20130322,7.4700,7.6100,7.4500,7.6100,3605700
20130325,7.3800,7.4800,7.3500,7.4700,2794000
20130326,7.8000,7.8500,7.3400,7.3500,7956300
20130327,7.7500,7.8800,7.6600,7.7100,5027700
20130328,7.3500,7.7000,7.3500,7.7000,3498200
20130329,7.4300,7.4900,7.3300,7.3500,1834300
20130401,7.6900,7.7500,7.3500,7.4300,3986500
20130402,7.4300,7.7500,7.4000,7.6900,3151100
20130403,7.3400,7.4500,7.1600,7.4300,2954400
20130404,7.3400,7.3400,7.3400,7.3400,0
20130405,7.3400,7.3400,7.3400,7.3400,0
20130408,7.1000,7.2200,6.8800,7.1900,2312400
20130409,7.1600,7.2700,7.0700,7.0900,1475400
20130410,6.9500,7.2300,6.9300,7.1200,2043700
20130411,6.8100,7.0700,6.7700,6.9700,1660000
20130412,6.6400,6.9300,6.6100,6.8200,1850500
20130415,6.5000,6.6800,6.4500,6.6400,1652100
20130416,6.6400,6.6600,6.4500,6.4600,1123300
20130417,6.6000,6.6400,6.5100,6.6000,794000
20130418,6.6200,6.6300,6.5300,6.5800,906900
20130419,6.7200,6.7600,6.6200,6.6300,1263700
20130422,6.6900,6.7400,6.6600,6.6700,944100
20130423,6.4400,6.7200,6.3600,6.7200,1569100
20130424,6.5100,6.5300,6.4000,6.4400,952000
20130425,6.6200,6.7200,6.5600,6.6300,1825000
20130426,6.3900,6.6600,6.3200,6.6200,1139300
20130429,6.3900,6.3900,6.3900,6.3900,0
20130430,6.3900,6.3900,6.3900,6.3900,0
20130501,6.3900,6.3900,6.3900,6.3900,0
20130502,6.4600,6.5400,6.3000,6.3800,693000
20130503,6.5700,6.6200,6.4600,6.4800,971800
20130506,6.6500,6.6800,6.5500,6.6300,1141700
20130507,6.6500,6.6800,6.6200,6.6600,1103800
20130508,6.7000,6.7400,6.6300,6.6400,1217300
20130509,6.6000,6.7400,6.5400,6.7000,1245300
20130510,6.7000,6.7500,6.5000,6.5200,1218300
20130513,6.7700,6.8300,6.6500,6.6600,1686800
20130514,6.7900,6.8800,6.7500,6.7700,1866400
20130515,6.9700,6.9800,6.7600,6.7800,1992100
20130516,6.9600,7.0500,6.8800,6.9100,1863800
20130517,7.0200,7.0500,6.9000,6.9600,1631100
20130520,7.1200,7.1700,6.9600,7.0200,2236200
20130521,7.1200,7.1500,7.0400,7.1000,2048900
20130522,7.0600,7.2600,6.9900,7.1300,2631200
20130523,7.0000,7.0900,6.9300,7.0000,1807800
20130524,7.1100,7.1200,6.9700,6.9700,1693700
20130527,7.1800,7.2000,7.0700,7.1100,2172500
20130528,7.1900,7.2100,7.0300,7.1600,1761400
20130529,7.2200,7.3200,7.1600,7.1700,2029800
20130530,7.4600,7.4900,7.1600,7.2200,3912500
20130531,7.2700,7.4400,7.2500,7.4400,2369200
20130603,7.2100,7.3600,7.2000,7.2600,1796500
20130604,6.9600,7.1900,6.9000,7.1900,2324700
20130605,7.0100,7.0300,6.9100,6.9700,1040300
20130606,6.7200,7.0600,6.7200,7.0600,1514800
20130607,6.6500,6.7900,6.6000,6.7200,1148400
20130610,6.6500,6.6500,6.6500,6.6500,0
20130611,6.6500,6.6500,6.6500,6.6500,0
20130612,6.6500,6.6500,6.6500,6.6500,0
20130613,6.4700,6.6200,6.3900,6.6200,1011200
20130614,6.5200,6.5900,6.4700,6.4700,798400
20130617,6.5000,6.6600,6.4000,6.5000,707200
20130618,6.5600,6.6200,6.4800,6.5100,686800
20130619,6.4200,6.5400,6.3000,6.5400,855700
20130620,6.2600,6.4300,6.2600,6.4300,478000
20130621,6.2700,6.3100,6.1200,6.2200,851800
20130624,5.8800,6.2700,5.8500,6.2700,642100
20130625,5.7700,5.9100,5.2900,5.8400,976400
20130626,5.8200,5.8600,5.6400,5.7500,653900
20130627,5.7100,5.9200,5.7000,5.8300,825000
20130628,5.7000,5.7700,5.5300,5.6900,889700
20130701,5.9100,5.9400,5.4800,5.5500,1209700
20130702,6.1500,6.4900,5.8400,5.8400,2617300
20130703,6.0000,6.1800,5.8800,6.1500,1525200
20130704,6.0000,6.0800,5.7900,5.9000,1030400
20130705,6.0500,6.1100,6.0100,6.0100,728400
20130708,5.7300,5.9700,5.7000,5.9700,611900
20130709,5.7900,5.7900,5.6000,5.7500,447300
20130710,6.3700,6.3700,5.7300,5.8400,2467600
20130711,6.7100,6.8200,6.4600,6.6800,6540300
20130712,6.5500,6.6600,6.4800,6.6500,2885200
20130715,6.5800,6.6400,6.5100,6.5800,1893900
20130716,6.5900,6.6500,6.5200,6.5300,1830500
20130717,6.7400,6.8100,6.5300,6.5900,3501700
20130718,6.5500,6.7900,6.5200,6.7400,2246400
20130719,6.2100,6.5900,6.1800,6.5100,1825800
20130722,6.5800,6.7700,6.1500,6.5000,2170000
20130723,6.7400,6.8400,6.5500,6.6000,3181200
20130724,6.8800,6.9500,6.6500,6.7400,2940700
20130725,6.6100,6.9000,6.5800,6.8800,2521700
20130726,6.5000,6.6200,6.4200,6.5900,1235900
20130729,6.4200,6.4800,6.2900,6.4800,1189800
20130730,6.5000,6.5500,6.2800,6.3600,1137100
20130731,6.5800,6.6400,6.4500,6.5000,1447100
20130801,6.6900,6.7200,6.5500,6.5800,1530400
20130802,6.7700,6.8900,6.6400,6.6900,2911600
20130805,6.9000,7.0100,6.6700,6.7400,2660000
20130806,6.8700,6.9900,6.8200,6.8800,2787600
20130807,6.9800,6.9800,6.7100,6.8600,3906100
20130808,6.9000,7.0500,6.8500,6.9100,2345700
20130809,6.9200,7.0200,6.7900,6.9000,2036900
20130812,6.9600,6.9800,6.8600,6.8600,2413700
20130813,7.0900,7.1600,6.9000,6.9600,3230200
20130814,6.9200,7.1000,6.8000,7.0800,3219300
20130815,7.1400,7.4400,6.8400,6.9000,7109900
20130816,6.8600,7.1500,6.8200,7.1000,3678500
20130819,6.8200,6.8800,6.5000,6.7800,2389800
20130820,6.7500,6.9100,6.7200,6.8600,1808400
20130821,6.7700,6.8100,6.6400,6.7100,1633300
20130822,6.7000,6.8600,6.6900,6.7600,1518400
20130823,6.7300,6.8300,6.5700,6.7100,1961200
20130826,6.9400,6.9700,6.7000,6.7800,2873000
20130827,7.4000,7.6300,6.9300,6.9600,11656800
20130828,7.3600,7.6000,7.2100,7.2900,9694300
20130829,7.5700,7.8000,7.2700,7.4000,9094500
20130830,7.8100,8.1800,7.4400,7.4400,12940800
20130902,7.4500,7.8100,7.2000,7.8100,6506400
20130903,7.4800,7.5800,7.3500,7.4000,4712900
20130904,7.3900,7.5300,7.3500,7.4700,3644900
20130905,7.4200,7.4400,7.2000,7.4000,3318300
20130906,7.4200,7.4600,7.2600,7.4000,2920500
20130909,7.4600,7.5800,7.3800,7.5000,4366500
20130910,7.5800,7.7500,7.4100,7.4200,4970200
20130911,7.3600,7.5600,7.2100,7.5500,4686000
20130912,7.5900,7.6000,7.1800,7.3700,4530100
20130913,7.7100,8.0400,7.5300,7.5600,7108600
20130916,7.5900,7.7700,7.5100,7.7400,3518800
20130917,7.4200,7.6300,7.3900,7.6100,2921000
20130918,7.5000,7.6000,7.3800,7.4200,2401400
20130920,7.5000,7.5000,7.5000,7.5000,0
20130923,7.6100,7.7400,7.5300,7.5400,3663400
20130924,7.4300,7.6100,7.3500,7.6100,3058500
20130925,7.4200,7.5600,7.3500,7.4200,2878100
20130926,7.0200,7.4000,7.0200,7.3100,3315900
20130927,6.9900,7.0700,6.9200,6.9200,1462000
20130930,7.1300,7.2000,6.9900,7.0000,1376200
20131001,7.1300,7.1300,7.1300,7.1300,0
20131002,7.1300,7.1300,7.1300,7.1300,0
20131003,7.1300,7.1300,7.1300,7.1300,0
20131004,7.1300,7.1300,7.1300,7.1300,0
20131007,7.1300,7.1300,7.1300,7.1300,0
20131008,7.2800,7.3200,7.0800,7.1400,1449200
20131009,7.2800,7.3300,7.2000,7.2700,1383800
20131010,7.4200,7.4500,7.2400,7.2900,2394400
20131011,7.4200,7.5000,7.3300,7.4100,2262400
20131014,7.4800,7.5200,7.3900,7.4200,2464000
20131015,7.5900,7.5900,7.4000,7.4700,3183900
20131016,7.3800,7.5600,7.2600,7.5600,1944600
20131017,7.2900,7.5300,7.2400,7.3700,2221400
20131018,7.7600,7.8500,7.2200,7.2500,5779600
20131021,7.8400,7.8400,7.5900,7.6300,5625800
20131022,7.7500,7.8200,7.6300,7.8200,3341100
20131023,7.4100,7.7800,7.3800,7.7500,2485400
20131024,8.0200,8.1500,7.3100,7.3100,10297000
20131025,7.7700,8.0700,7.7300,7.8100,7142500
20131028,7.5400,7.7400,7.3600,7.6800,3330600
20131029,7.6700,7.8300,7.1500,7.5200,4060600
20131030,8.1500,8.2000,7.6100,7.6100,9242300
20131031,7.9500,8.1700,7.9100,8.0800,4746500
20131101,8.0300,8.2800,7.8500,7.9200,5371600
20131104,7.9800,8.1000,7.7500,8.0300,3210100
20131105,8.1300,8.1500,7.6500,7.9000,3997700
20131106,7.7800,8.1500,7.7600,8.1000,4099200
20131107,7.5600,7.8200,7.5000,7.7500,3140900
20131108,7.2600,7.5300,7.2300,7.4800,2686600
20131111,7.3000,7.3900,7.1100,7.2700,1530700
20131112,7.4300,7.4700,7.2600,7.2600,1523000
20131113,7.0500,7.4100,7.0100,7.4100,2114500
20131114,7.1500,7.1600,6.9500,7.0500,1480700
20131115,7.2600,7.3500,7.1400,7.1500,1640200
20131118,7.4000,7.4100,7.1700,7.3300,1761200
20131119,7.4300,7.4900,7.3100,7.3800,1795600
20131120,7.4800,7.5100,7.3500,7.4500,1516900
20131121,7.4900,7.5200,7.3600,7.4800,1811200
20131122,7.3200,7.5200,7.3000,7.4900,1833500
20131125,8.0500,8.0500,7.4900,7.5000,12252000
20131126,8.1000,8.6000,7.9000,8.0000,15026100
20131127,8.0000,8.0600,7.8000,7.8500,7681700
20131128,8.1500,8.1800,7.8600,7.9900,7817800
20131129,8.2900,8.2900,8.0600,8.1700,8799400
20131202,8.0000,8.6500,7.9200,8.1900,10601400
20131203,8.1600,8.1900,7.6000,7.7100,5479300
20131204,8.2300,8.3400,7.9900,8.1000,6464400
20131205,8.1200,8.2500,8.0600,8.2500,3386400
20131206,7.8800,8.1000,7.8500,8.1000,4033800
20131209,7.8900,8.0000,7.8700,7.9000,2600500
20131210,7.9700,7.9900,7.8000,7.9300,2564600
20131211,7.7700,7.9600,7.7200,7.9600,2100700
20131212,7.8200,7.8500,7.7200,7.7700,1607200
20131213,8.0100,8.2800,7.9500,8.0200,5680800
20131216,7.6300,7.9700,7.6300,7.9200,3682400
20131217,7.4900,7.6800,7.4700,7.6000,1728300
20131218,7.6700,7.7300,7.4500,7.5000,1572200
20131219,7.6800,7.8000,7.6200,7.6500,2324400
20131220,7.5600,7.7900,7.5300,7.7700,1345100
20131223,7.3800,7.6600,7.3500,7.5600,1512600
20131224,7.4300,7.4900,7.3300,7.3700,959500
20131225,7.5100,7.5100,7.3800,7.4200,905000
20131226,7.4000,7.5600,7.3800,7.4800,1091300
20131227,7.5100,7.5900,7.3600,7.3600,1233500
20131230,7.6900,7.7900,7.5200,7.5800,1810200
20131231,7.7200,7.8000,7.6700,7.7100,1403200
20140101,7.7200,7.7200,7.7200,7.7200,0
20140102,7.7300,7.7900,7.6500,7.7500,1030900
20140103,7.5900,7.7700,7.5700,7.7300,1123000
20140106,7.2600,7.5900,7.2600,7.5900,1413300
20140107,7.2000,7.3600,7.1300,7.2800,1370900
20140108,7.3600,7.3800,7.2100,7.2300,1466900
20140109,7.3100,7.4600,7.2700,7.3500,1257500
20140110,7.0500,7.2800,7.0300,7.2800,936000
20140113,6.8700,7.1200,6.8500,7.0500,1201000
20140114,7.0800,7.0900,6.8000,6.9000,894000
20140115,7.2100,7.2800,7.1200,7.2000,1501600
20140116,7.1500,7.2500,7.1100,7.2000,984200
20140117,6.9200,7.2000,6.9200,7.1400,1161900
20140120,6.9200,6.9900,6.8500,6.9000,611300
20140121,7.1100,7.1100,6.8800,6.8800,678400
20140122,7.2500,7.2900,7.0900,7.1500,1358100
20140123,7.2100,7.3100,7.1800,7.2500,943000
20140124,7.2700,7.3200,7.2200,7.2200,1324600
20140127,7.3000,7.3200,7.2200,7.2200,840300
20140128,7.3500,7.4200,7.3000,7.3000,1118700
20140129,7.3000,7.3800,7.2600,7.3500,1026900
20140130,7.2400,7.3400,7.2400,7.3400,683900
20140131,7.2400,7.2400,7.2400,7.2400,0
20140203,7.2400,7.2400,7.2400,7.2400,0
20140205,7.2400,7.2400,7.2400,7.2400,0
20140206,7.2400,7.2400,7.2400,7.2400,0
20140207,7.4300,7.4300,7.2000,7.2500,909900
20140210,7.5800,7.6200,7.4100,7.4300,1536800
20140211,7.6000,7.8000,7.5500,7.5500,1741900
20140212,7.6600,7.6600,7.5300,7.6000,1818500
20140213,7.6800,7.8400,7.6300,7.6800,3119400
20140214,7.8000,7.8300,7.6200,7.6600,2479900
20140217,7.8000,7.8500,7.6700,7.7700,2499000
20140218,7.7700,7.8300,7.6900,7.8200,2145100
20140219,7.7800,7.8400,7.6700,7.8000,2325500
20140220,7.6700,7.8000,7.6100,7.7900,1869000
20140221,7.5300,7.6900,7.4700,7.6500,1769000
20140224,7.5800,7.5900,7.4200,7.4900,1115600
20140225,7.1900,7.6200,7.1800,7.6000,1986500
