20130226,4.5500,4.7500,4.5500,4.7300,6497400
20130227,4.5100,4.6000,4.4800,4.5500,3439400
20130228,4.5900,4.6000,4.4900,4.5300,3324900
20130301,4.6500,4.6600,4.5500,4.5800,4452700
20130304,4.4900,4.6200,4.4100,4.6100,5918900
20130305,4.5700,4.5800,4.4800,4.4800,3327500
20130306,4.8000,4.8000,4.5800,4.5800,11046700
20130307,4.8300,5.0100,4.7100,4.7500,21479400
20130308,4.7200,4.9800,4.7000,4.7900,8798200
20130311,4.8500,4.8900,4.6600,4.7200,6779000
20130312,4.7700,4.9300,4.6900,4.8000,7120300
20130313,4.9000,4.9500,4.6900,4.7700,6475600
20130314,4.8400,4.9500,4.8300,4.9100,5075900
20130315,4.8600,4.9500,4.8300,4.8500,5637200
20130318,4.6800,4.8900,4.6700,4.8600,5979200
20130319,4.6200,4.7100,4.4800,4.6500,5471800
20130320,4.7100,4.7500,4.5600,4.6300,4094600
20130321,4.7100,4.7400,4.6600,4.7100,3701000
20130322,4.6900,4.7300,4.6500,4.7000,3545900
20130325,4.6500,4.6800,4.5800,4.6800,4864800
20130326,4.6300,4.6400,4.5700,4.6400,3585100
20130327,4.6000,4.6400,4.5500,4.6100,3718900
20130328,4.4500,4.5900,4.4400,4.5900,3578900
20130329,4.5200,4.5400,4.4400,4.4400,2058500
20130401,4.5400,4.6000,4.5000,4.5400,2550500
20130402,4.4900,4.5900,4.4700,4.5400,2060900
20130403,4.5100,4.5300,4.4600,4.5000,1681800
20130404,4.5100,4.5100,4.5100,4.5100,0
20130405,4.5100,4.5100,4.5100,4.5100,0
20130408,4.4600,4.5000,4.3900,4.4300,2138000
20130409,4.4700,4.5300,4.4400,4.4700,1712500
20130410,4.5300,4.5400,4.4400,4.4900,2346400
20130411,4.4800,4.5800,4.4600,4.5600,1617300
20130412,4.3700,4.4900,4.3400,4.4900,2679700
20130415,4.1000,4.3300,4.0800,4.3300,4566600
20130416,4.1900,4.2000,4.0600,4.1000,1917000
20130417,4.2100,4.2300,4.1600,4.1900,1782200
20130418,4.1900,4.2000,4.1500,4.1700,1594000
20130419,4.2400,4.2600,4.1800,4.1900,1553200
20130422,4.2200,4.2500,4.1800,4.1900,2288000
20130423,4.0700,4.2400,4.0700,4.2300,2754000
20130424,4.1300,4.1400,4.0200,4.0700,2490400
20130425,4.0500,4.1400,4.0400,4.1000,2526200
20130426,4.0700,4.1000,4.0500,4.0600,1130900
20130429,4.0700,4.0700,4.0700,4.0700,0
20130430,4.0700,4.0700,4.0700,4.0700,0
20130501,4.0700,4.0700,4.0700,4.0700,0
20130502,4.0800,4.0900,4.0100,4.0900,1004800
20130503,4.1500,4.2500,4.1400,4.1500,2395700
20130506,4.1600,4.2000,4.1400,4.1400,2824500
20130507,4.2000,4.2300,4.1200,4.1700,2933800
20130508,4.2100,4.3000,4.1600,4.1900,3569700
20130509,4.1700,4.2100,4.1300,4.2100,2029700
20130510,4.2000,4.2200,4.1200,4.1400,2442300
20130513,4.1700,4.2200,4.1300,4.2000,2904600
20130514,4.1200,4.1900,4.1200,4.1900,1667900
20130515,4.1300,4.1600,4.1000,4.1200,2007000
20130516,4.2000,4.2000,4.1200,4.1500,2995200
20130517,4.2500,4.2800,4.1800,4.2000,4213200
20130520,4.3100,4.3400,4.2100,4.2500,3839900
20130521,4.3100,4.3300,4.2600,4.3100,3319700
20130522,4.2600,4.3300,4.2500,4.3000,3317700
20130523,4.2300,4.2600,4.2100,4.2600,3570500
20130524,4.2700,4.2800,4.2000,4.2400,3084800
20130527,4.2900,4.3000,4.2200,4.2700,3758700
20130528,4.3700,4.4200,4.2300,4.2900,11281600
20130529,4.3600,4.3700,4.3300,4.3600,4727900
20130530,4.3100,4.3500,4.2800,4.3500,3267100
20130531,4.3300,4.3900,4.2900,4.2900,3695800
20130603,4.3000,4.3400,4.2800,4.3300,2213800
20130604,4.3200,4.3400,4.1800,4.3000,4602700
20130605,4.2800,4.3300,4.2600,4.3000,1717100
20130606,4.2800,4.3700,4.2600,4.2600,3900600
20130607,4.3800,4.3800,4.2400,4.3200,5468000
20130610,4.3800,4.3800,4.3800,4.3800,0
20130611,4.3800,4.3800,4.3800,4.3800,0
20130612,4.3800,4.3800,4.3800,4.3800,0
20130613,4.4900,4.5600,4.3000,4.3100,12211800
20130614,4.5000,4.5200,4.3700,4.4800,6881700
20130617,4.4300,4.4900,4.3700,4.4600,4765600
20130618,4.5900,4.6700,4.4000,4.4200,8792500
20130619,4.5500,4.6700,4.5100,4.5200,5913600
20130620,4.3200,4.5000,4.3100,4.5000,5490800
20130621,4.1400,4.3000,4.0600,4.2000,4401300
20130624,3.9500,4.2500,3.8500,4.1400,4218400
20130625,3.9000,4.0400,3.6200,3.9500,3755000
20130626,3.9200,4.0100,3.8300,3.9100,2620200
20130627,3.7900,3.9700,3.7900,3.9200,3254400
20130628,3.7100,3.8900,3.6800,3.7600,3573400
20130701,3.7900,3.8100,3.7000,3.7200,2355700
20130702,3.8600,3.8800,3.7700,3.7900,1639900
20130703,3.8600,3.9200,3.8000,3.8700,1650900
20130704,3.9000,3.9200,3.7800,3.8700,2147900
20130705,3.9500,4.0300,3.9300,3.9300,2778500
20130708,3.8500,4.0000,3.8400,3.9600,2342400
20130709,3.7900,3.8700,3.7200,3.8300,1994400
20130710,3.9000,3.9100,3.7700,3.8300,1544600
20130711,3.9800,4.0400,3.8800,3.8900,2539000
20130712,3.9300,4.0400,3.9000,4.0000,1496100
20130715,3.9600,4.0100,3.9400,3.9400,1546200
20130716,4.0300,4.0400,3.9500,3.9500,2162200
20130717,3.9800,4.0800,3.9300,4.0800,2023300
20130718,4.0500,4.0600,3.9200,3.9900,2881900
20130719,4.0200,4.1800,4.0200,4.1800,3625000
20130722,3.9800,4.0000,3.9000,3.9600,1727200
20130723,4.0800,4.1100,3.9600,3.9900,5527500
20130724,4.0500,4.0800,3.9700,4.0700,2861200
20130725,3.9700,4.0600,3.9600,4.0500,2446000
20130726,3.9700,4.0100,3.9100,3.9400,1620300
20130729,3.8500,3.9400,3.7900,3.9300,2688100
20130730,3.8100,3.8600,3.7900,3.8400,1613400
20130731,3.8400,3.8800,3.8000,3.8000,895600
20130801,3.9200,3.9300,3.8400,3.8600,1647000
20130802,3.9400,3.9700,3.9100,3.9300,1429800
20130805,3.9600,3.9700,3.9200,3.9400,1755500
20130806,4.0000,4.0100,3.9200,3.9600,2372100
20130807,3.9600,4.0200,3.9400,3.9800,2573100
20130808,3.9600,4.0000,3.9400,3.9600,1722200
20130809,4.0400,4.1500,3.9400,3.9600,6556300
20130812,4.0800,4.1000,4.0000,4.0300,3582200
20130813,4.0700,4.0800,4.0300,4.0800,2514400
20130814,4.0900,4.1100,4.0600,4.0700,3169800
20130815,4.0100,4.1100,3.9900,4.0700,2669000
20130816,3.9300,4.0500,3.9100,3.9800,3184700
20130819,4.0100,4.0400,3.9000,3.9200,1894200
20130820,3.9600,4.0200,3.9500,3.9700,1579200
20130821,3.9700,3.9800,3.9200,3.9500,1803700
20130822,4.0100,4.0200,3.9500,3.9900,2480200
20130823,3.9500,4.0300,3.9100,4.0100,2701100
20130826,4.0000,4.0000,3.9200,3.9500,2806300
20130827,4.0400,4.0400,3.9900,4.0000,3410400
20130828,4.0600,4.1000,3.9800,4.0200,3541600
20130829,4.1500,4.2000,4.0300,4.0600,7338000
20130830,4.0900,4.2100,4.0800,4.1400,7381000
20130902,4.1100,4.1600,4.0600,4.0700,2622000
20130903,4.1500,4.2100,4.0900,4.1100,3668600
20130904,4.1400,4.1700,4.1100,4.1400,2246600
20130905,4.1100,4.1300,4.0800,4.1300,2429600
20130906,4.1400,4.1500,4.0700,4.1100,2761000
20130909,4.1500,4.1900,4.1200,4.1400,2918700
20130910,4.1700,4.2000,4.1300,4.1400,3389500
20130911,4.2000,4.2000,4.1300,4.1700,4448100
20130912,4.2700,4.3100,4.1800,4.2100,8493700
20130913,4.2600,4.3400,4.2300,4.2600,6950500
20130916,4.2000,4.2600,4.1800,4.2600,5262800
20130917,4.1600,4.2400,4.1600,4.2100,4319500
20130918,4.1800,4.1900,4.1300,4.1600,1987800
20130920,4.1800,4.1800,4.1800,4.1800,0
20130923,4.2200,4.2300,4.1200,4.1800,2687800
20130924,4.3000,4.3100,4.1800,4.2000,8764400
20130925,4.2600,4.4000,4.2500,4.2800,8567100
20130926,4.2500,4.4100,4.2300,4.2500,8170000
20130927,4.2500,4.2500,4.2500,4.2500,0
20130930,4.2500,4.2500,4.2500,4.2500,0
20131001,4.2500,4.2500,4.2500,4.2500,0
20131002,4.2500,4.2500,4.2500,4.2500,0
20131003,4.2500,4.2500,4.2500,4.2500,0
20131004,4.2500,4.2500,4.2500,4.2500,0
20131007,4.2500,4.2500,4.2500,4.2500,0
20131008,4.2500,4.2500,4.2500,4.2500,0
20131009,4.2500,4.2500,4.2500,4.2500,0
20131010,4.2500,4.2500,4.2500,4.2500,0
20131011,4.2500,4.2500,4.2500,4.2500,0
20131014,4.2500,4.2500,4.2500,4.2500,0
20131015,4.2500,4.2500,4.2500,4.2500,0
20131016,4.2500,4.2500,4.2500,4.2500,0
20131017,4.2500,4.2500,4.2500,4.2500,0
20131018,4.2500,4.2500,4.2500,4.2500,0
20131021,4.2500,4.2500,4.2500,4.2500,0
20131022,4.2500,4.2500,4.2500,4.2500,0
20131023,4.2500,4.2500,4.2500,4.2500,0
20131024,4.2500,4.2500,4.2500,4.2500,0
20131025,4.2500,4.2500,4.2500,4.2500,0
20131028,4.2500,4.2500,4.2500,4.2500,0
20131029,4.2500,4.2500,4.2500,4.2500,0
20131030,4.2500,4.2500,4.2500,4.2500,0
20131031,4.2500,4.2500,4.2500,4.2500,0
20131101,4.2500,4.2500,4.2500,4.2500,0
20131104,4.2500,4.2500,4.2500,4.2500,0
20131105,4.2500,4.2500,4.2500,4.2500,0
20131106,4.2500,4.2500,4.2500,4.2500,0
20131107,4.2500,4.2500,4.2500,4.2500,0
20131108,4.2500,4.2500,4.2500,4.2500,0
20131111,4.2500,4.2500,4.2500,4.2500,0
20131112,4.2500,4.2500,4.2500,4.2500,0
20131113,4.2500,4.2500,4.2500,4.2500,0
20131114,4.2500,4.2500,4.2500,4.2500,0
20131115,4.2500,4.2500,4.2500,4.2500,0
20131118,4.2500,4.2500,4.2500,4.2500,0
20131119,4.2500,4.2500,4.2500,4.2500,0
20131120,4.2500,4.2500,4.2500,4.2500,0
20131121,4.2500,4.2500,4.2500,4.2500,0
20131122,4.2500,4.2500,4.2500,4.2500,0
20131125,4.2500,4.2500,4.2500,4.2500,0
20131126,4.2500,4.2500,4.2500,4.2500,0
20131127,4.2500,4.2500,4.2500,4.2500,0
20131128,4.2500,4.2500,4.2500,4.2500,0
20131129,4.2500,4.2500,4.2500,4.2500,0
20131202,4.2500,4.2500,4.2500,4.2500,0
20131203,4.2500,4.2500,4.2500,4.2500,0
20131204,4.2500,4.2500,4.2500,4.2500,0
20131205,4.2500,4.2500,4.2500,4.2500,0
20131206,4.2500,4.2500,4.2500,4.2500,0
20131209,4.2500,4.2500,4.2500,4.2500,0
20131210,4.2500,4.2500,4.2500,4.2500,0
20131211,4.2500,4.2500,4.2500,4.2500,0
20131212,4.2500,4.2500,4.2500,4.2500,0
20131213,4.2500,4.2500,4.2500,4.2500,0
20131216,4.2500,4.2500,4.2500,4.2500,0
20131217,4.2500,4.2500,4.2500,4.2500,0
20131218,4.2500,4.2500,4.2500,4.2500,0
20131219,4.2500,4.2500,4.2500,4.2500,0
20131220,4.2500,4.2500,4.2500,4.2500,0
20131223,4.2500,4.2500,4.2500,4.2500,0
20131224,4.2500,4.2500,4.2500,4.2500,0
20131225,4.2500,4.2500,4.2500,4.2500,0
20131226,4.2500,4.2500,4.2500,4.2500,0
20131227,4.2500,4.2500,4.2500,4.2500,0
20131230,4.2500,4.2500,4.2500,4.2500,0
20131231,4.2500,4.2500,4.2500,4.2500,0
20140101,4.2500,4.2500,4.2500,4.2500,0
20140102,4.2500,4.2500,4.2500,4.2500,0
20140103,4.2500,4.2500,4.2500,4.2500,0
20140106,4.2500,4.2500,4.2500,4.2500,0
20140107,4.2500,4.2500,4.2500,4.2500,0
20140108,4.2500,4.2500,4.2500,4.2500,0
20140109,4.2500,4.2500,4.2500,4.2500,0
20140110,4.2500,4.2500,4.2500,4.2500,0
20140113,4.2500,4.2500,4.2500,4.2500,0
20140114,4.2500,4.2500,4.2500,4.2500,0
20140115,4.2500,4.2500,4.2500,4.2500,0
20140116,4.2500,4.2500,4.2500,4.2500,0
20140117,4.2500,4.2500,4.2500,4.2500,0
20140120,4.2500,4.2500,4.2500,4.2500,0
20140121,4.2500,4.2500,4.2500,4.2500,0
20140122,4.2500,4.2500,4.2500,4.2500,0
20140123,4.2500,4.2500,4.2500,4.2500,0
20140124,4.2500,4.2500,4.2500,4.2500,0
20140127,4.2500,4.2500,4.2500,4.2500,0
20140128,4.2500,4.2500,4.2500,4.2500,0
20140129,4.2500,4.2500,4.2500,4.2500,0
20140130,4.2500,4.2500,4.2500,4.2500,0
20140131,4.2500,4.2500,4.2500,4.2500,0
20140203,4.2500,4.2500,4.2500,4.2500,0
20140205,4.2500,4.2500,4.2500,4.2500,0
20140206,4.2500,4.2500,4.2500,4.2500,0
20140207,4.2500,4.2500,4.2500,4.2500,0
20140210,4.2500,4.2500,4.2500,4.2500,0
20140211,4.2500,4.2500,4.2500,4.2500,0
20140212,4.2500,4.2500,4.2500,4.2500,0
20140213,4.2500,4.2500,4.2500,4.2500,0
20140214,4.2500,4.2500,4.2500,4.2500,0
20140217,4.2500,4.2500,4.2500,4.2500,0
20140218,4.2500,4.2500,4.2500,4.2500,0
20140219,4.2500,4.2500,4.2500,4.2500,0
20140220,4.2500,4.2500,4.2500,4.2500,0
20140221,4.2500,4.2500,4.2500,4.2500,0
20140224,4.2500,4.2500,4.2500,4.2500,0
20140225,4.2500,4.2500,4.2500,4.2500,0
