20130226,4.4300,4.4300,4.4300,4.4300,0
20130227,4.4300,4.4300,4.4300,4.4300,0
20130228,4.4300,4.4300,4.4300,4.4300,0
20130301,4.4300,4.4300,4.4300,4.4300,0
20130304,4.4300,4.4300,4.4300,4.4300,0
20130305,4.4300,4.4300,4.4300,4.4300,0
20130306,4.4300,4.4300,4.4300,4.4300,0
20130307,4.4300,4.4300,4.4300,4.4300,0
20130308,4.4300,4.4300,4.4300,4.4300,0
20130311,4.4300,4.4300,4.4300,4.4300,0
20130312,4.4300,4.4300,4.4300,4.4300,0
20130313,4.4300,4.4300,4.4300,4.4300,0
20130314,4.4300,4.4300,4.4300,4.4300,0
20130315,4.4300,4.4300,4.4300,4.4300,0
20130318,4.4300,4.4300,4.4300,4.4300,0
20130319,4.4300,4.4300,4.4300,4.4300,0
20130320,4.4300,4.4300,4.4300,4.4300,0
20130321,4.4300,4.4300,4.4300,4.4300,0
20130322,4.4300,4.4300,4.4300,4.4300,0
20130325,4.4300,4.4300,4.4300,4.4300,0
20130326,4.4300,4.4300,4.4300,4.4300,0
20130327,4.4300,4.4300,4.4300,4.4300,0
20130328,4.4300,4.4300,4.4300,4.4300,0
20130329,4.4300,4.4300,4.4300,4.4300,0
20130401,4.4300,4.4300,4.4300,4.4300,0
20130402,4.4300,4.4300,4.4300,4.4300,0
20130403,4.4300,4.4300,4.4300,4.4300,0
20130404,4.4300,4.4300,4.4300,4.4300,0
20130405,4.4300,4.4300,4.4300,4.4300,0
20130408,4.4300,4.4300,4.4300,4.4300,0
20130409,4.4300,4.4300,4.4300,4.4300,0
20130410,4.4300,4.4300,4.4300,4.4300,0
20130411,4.4300,4.4300,4.4300,4.4300,0
20130412,4.4300,4.4300,4.4300,4.4300,0
20130415,4.4300,4.4300,4.4300,4.4300,0
20130416,4.4300,4.4300,4.4300,4.4300,0
20130417,4.4300,4.4300,4.4300,4.4300,0
20130418,4.4300,4.4300,4.4300,4.4300,0
20130419,4.4300,4.4300,4.4300,4.4300,0
20130422,4.4300,4.4300,4.4300,4.4300,0
20130423,4.4300,4.4300,4.4300,4.4300,0
20130424,4.4300,4.4300,4.4300,4.4300,0
20130425,4.4300,4.4300,4.4300,4.4300,0
20130426,4.4300,4.4300,4.4300,4.4300,0
20130429,4.4300,4.4300,4.4300,4.4300,0
20130430,4.4300,4.4300,4.4300,4.4300,0
20130501,4.4300,4.4300,4.4300,4.4300,0
20130502,4.4300,4.4300,4.4300,4.4300,0
20130503,4.4300,4.4300,4.4300,4.4300,0
20130506,4.4300,4.4300,4.4300,4.4300,0
20130507,4.4300,4.4300,4.4300,4.4300,0
20130508,4.4300,4.4300,4.4300,4.4300,0
20130509,4.4300,4.4300,4.4300,4.4300,0
20130510,4.4300,4.4300,4.4300,4.4300,0
20130513,4.4300,4.4300,4.4300,4.4300,0
20130514,4.4300,4.4300,4.4300,4.4300,0
20130515,4.4300,4.4300,4.4300,4.4300,0
20130516,4.4300,4.4300,4.4300,4.4300,0
20130517,4.4300,4.4300,4.4300,4.4300,0
20130520,4.4300,4.4300,4.4300,4.4300,0
20130521,4.4300,4.4300,4.4300,4.4300,0
20130522,4.8700,4.8700,4.8700,4.8700,2768500
20130523,5.2300,5.3000,5.0000,5.1500,24928400
20130524,5.1200,5.2100,5.0100,5.1000,12122400
20130527,5.0500,5.1200,4.9500,5.1200,8424400
20130528,4.8800,5.0700,4.7400,5.0400,10399200
20130529,4.8700,4.9200,4.8100,4.8600,5748400
20130530,4.7800,4.8700,4.7800,4.8500,5265500
20130531,4.7500,4.8700,4.7200,4.7800,5337700
20130603,4.9000,4.9600,4.7300,4.7500,7889500
20130604,4.8200,4.9500,4.7500,4.8600,5818500
20130605,4.6700,4.8500,4.6300,4.8200,3832700
20130606,4.8700,4.9300,4.6600,4.7000,8025000
20130607,4.5700,4.8600,4.5000,4.7800,5220200
20130610,4.5700,4.5700,4.5700,4.5700,0
20130611,4.5700,4.5700,4.5700,4.5700,0
20130612,4.5700,4.5700,4.5700,4.5700,0
20130613,4.3700,4.5400,4.3000,4.5400,1928500
20130614,4.4400,4.4600,4.3800,4.3900,1434700
20130617,4.3800,4.4900,4.3200,4.4500,2051100
20130618,4.3600,4.4200,4.2800,4.3900,2094200
20130619,4.2600,4.3900,4.1800,4.3600,2687800
20130620,4.1500,4.3000,4.1500,4.3000,1503100
20130621,4.1200,4.2000,4.0400,4.0400,1646500
20130624,3.9000,4.1500,3.8800,4.1200,2478200
20130625,3.7300,3.9000,3.5100,3.9000,3960200
20130626,3.7300,3.7900,3.6100,3.7000,2169800
20130627,3.7000,3.9000,3.7000,3.7600,2824500
20130628,3.6200,3.7400,3.5200,3.6800,1882900
20130701,3.9800,3.9800,3.6700,3.6700,3753500
20130702,4.0000,4.1500,3.9700,4.1100,8217200
20130703,3.9200,3.9800,3.8200,3.9800,3883800
20130704,4.0200,4.1500,3.8400,3.8500,4763400
20130705,3.9400,4.0300,3.9300,3.9800,2401500
20130708,3.6700,3.9300,3.6700,3.9300,3263900
20130709,3.7000,3.7200,3.5900,3.6900,2391700
20130710,3.8000,3.8200,3.6800,3.6900,2143200
20130711,3.9000,3.9500,3.8000,3.8000,2610100
20130712,3.8600,3.9400,3.8300,3.9100,2648800
20130715,3.9200,3.9600,3.8600,3.8600,2400500
20130716,4.0200,4.0700,3.9500,3.9900,3780600
20130717,3.8900,4.0000,3.8500,3.9800,2611000
20130718,3.8900,3.9200,3.8300,3.8900,1411300
20130719,3.7700,3.9500,3.7700,3.8900,2645000
20130722,3.7800,3.8200,3.7100,3.7600,1961700
20130723,3.9300,3.9500,3.7500,3.8000,3595900
20130724,4.0400,4.0700,3.8800,3.9000,5646900
20130725,4.1100,4.1900,3.9300,4.0000,9045900
20130726,3.9800,4.1000,3.9000,4.1000,3608800
20130729,3.9000,3.9900,3.8800,3.9500,2076600
20130730,3.8600,3.9500,3.8200,3.8900,1455900
20130731,3.8800,3.9400,3.8600,3.8800,1153500
20130801,3.9800,3.9900,3.8900,3.9400,2112600
20130802,3.9800,4.0300,3.9400,3.9600,2298300
20130805,4.0200,4.0300,3.9400,3.9700,1956700
20130806,4.0400,4.0500,3.9700,4.0200,2831800
20130807,4.0000,4.0500,3.9700,4.0300,2797700
20130808,3.9900,4.0300,3.9700,3.9700,1911500
20130809,4.0500,4.0800,3.9500,4.0200,2803200
20130812,4.1100,4.1300,4.0000,4.0500,3849200
20130813,4.1000,4.1400,4.0700,4.1000,4457500
20130814,4.0400,4.1200,4.0100,4.1200,3977800
20130815,4.0000,4.0500,3.9900,4.0400,2483900
20130816,3.8800,4.0800,3.8800,3.9900,3468200
20130819,3.9300,3.9500,3.8600,3.8800,1247100
20130820,3.9200,3.9700,3.9100,3.9200,1243900
20130821,3.9400,3.9400,3.8800,3.9200,1730700
20130822,3.9900,4.0200,3.9000,3.9300,3262700
20130823,3.9800,4.0000,3.8800,3.9700,1997500
20130826,4.0300,4.0500,3.9600,3.9700,3699400
20130827,4.0800,4.0800,4.0100,4.0400,2561400
20130828,4.0300,4.0800,4.0100,4.0700,3020500
20130829,4.1000,4.1100,4.0000,4.0400,4754000
20130830,4.0600,4.1400,4.0500,4.1000,4390100
20130902,4.1000,4.1000,4.0300,4.0600,2317200
20130903,4.2000,4.2100,4.0800,4.1100,4758700
20130904,4.1600,4.2300,4.1200,4.2000,3344700
20130905,4.1000,4.1700,4.0900,4.1700,2583800
20130906,4.3100,4.3200,4.0800,4.0800,8926600
20130909,4.3100,4.3900,4.2500,4.3100,6944400
20130910,4.3600,4.3800,4.2500,4.3200,4208300
20130911,4.3700,4.4100,4.2900,4.3500,4573000
20130912,4.4100,4.5100,4.3400,4.3600,4887100
20130913,4.3300,4.4200,4.3000,4.4100,3475900
20130916,4.2900,4.3400,4.2700,4.3400,2359700
20130917,4.2800,4.3300,4.2500,4.2900,2507800
20130918,4.2800,4.3000,4.2000,4.2700,2412200
20130920,4.2800,4.2800,4.2800,4.2800,0
20130923,4.3300,4.3400,4.2600,4.2900,2365900
20130924,4.3000,4.3200,4.2600,4.3200,1576100
20130925,4.3800,4.3800,4.2700,4.3200,2867500
20130926,4.5300,4.6400,4.3300,4.3800,18534100
20130927,4.4800,4.5700,4.4000,4.5300,13016300
20130930,4.4400,4.5300,4.4200,4.4200,10451200
20131001,4.4400,4.4400,4.4400,4.4400,0
20131002,4.4400,4.4400,4.4400,4.4400,0
20131003,4.4400,4.4400,4.4400,4.4400,0
20131004,4.4400,4.4400,4.4400,4.4400,0
20131007,4.4400,4.4400,4.4400,4.4400,0
20131008,4.4800,4.5000,4.2600,4.3800,10670100
20131009,4.4600,4.5400,4.4000,4.4400,9075400
20131010,4.4600,4.5200,4.3400,4.4600,8799800
20131011,4.4900,4.5300,4.4200,4.4600,7404800
20131014,4.6000,4.6200,4.4500,4.4900,9001700
20131015,4.4900,4.5900,4.4600,4.5900,6218100
20131016,4.2900,4.4600,4.2400,4.4600,6452000
20131017,4.3800,4.4200,4.2900,4.3000,5313000
20131018,4.3500,4.4000,4.3100,4.3700,2684400
20131021,4.3800,4.3900,4.3200,4.3600,4180000
20131022,4.3500,4.4000,4.3200,4.3900,2966900
20131023,4.2000,4.4000,4.2000,4.3400,4675000
20131024,4.2600,4.2900,4.1500,4.2000,2965400
20131025,4.2200,4.4600,4.1800,4.3300,5074100
20131028,4.1300,4.2500,4.1000,4.2000,2557000
20131029,3.9400,4.1600,3.8500,4.1300,4470700
20131030,4.0400,4.0900,3.9100,3.9400,4814700
20131031,4.0600,4.1100,3.9700,4.0400,4057700
20131101,4.0500,4.1400,4.0200,4.1400,3789400
20131104,4.0500,4.0600,4.0000,4.0600,3207700
20131105,4.0500,4.0500,3.9600,4.0500,2003200
20131106,4.0300,4.1200,4.0200,4.0400,3856900
20131107,4.0400,4.0700,3.9600,4.0200,2907800
20131108,4.0500,4.0500,3.9800,3.9900,3150700
20131111,4.1300,4.1400,4.0000,4.0300,2613000
20131112,4.2700,4.2900,4.0800,4.0800,7855000
20131113,4.3400,4.3700,4.1900,4.2400,7045800
20131114,4.4800,4.4800,4.3000,4.3300,8998200
20131115,4.4800,4.7200,4.4200,4.4300,24086400
20131118,4.5200,4.5800,4.4100,4.4300,21475500
20131119,4.5400,4.5800,4.4600,4.5300,18903600
20131120,4.6200,4.6700,4.4800,4.4900,20471200
20131121,4.6300,4.6900,4.5000,4.6100,18019200
20131122,4.6100,4.6700,4.5400,4.5800,15495300
20131125,4.8500,4.9500,4.5100,4.5600,22498700
20131126,4.8200,4.9700,4.7300,4.8000,15366500
20131127,4.6700,4.8900,4.6000,4.7800,15190000
20131128,4.6400,4.6900,4.5500,4.6700,10745100
20131129,4.5900,4.6600,4.5200,4.6600,7817100
20131202,4.3100,4.6100,4.2300,4.4600,10066700
20131203,4.3600,4.4000,4.2300,4.2700,5622200
20131204,4.3900,4.4400,4.3100,4.3300,5922200
20131205,4.3800,4.4000,4.3000,4.4000,4668900
20131206,4.4200,4.4200,4.3600,4.3900,2901900
20131209,4.4400,4.4900,4.3900,4.4000,2791600
20131210,4.4000,4.4900,4.3800,4.4500,2923500
20131211,4.3000,4.4000,4.2800,4.4000,3159000
20131212,4.3200,4.3400,4.2900,4.3000,2138900
20131213,4.3100,4.3300,4.2600,4.3100,1931700
20131216,4.2400,4.3500,4.2400,4.3300,1871800
20131217,4.2800,4.3300,4.2400,4.2400,1887000
20131218,4.3100,4.3400,4.2700,4.2900,1933200
20131219,4.3100,4.3600,4.3000,4.3300,2120400
20131220,4.2400,4.3500,4.2200,4.3000,1696500
20131223,4.1500,4.2400,4.1100,4.2200,1574900
20131224,4.1700,4.2100,4.1300,4.1400,1224100
20131225,4.2300,4.2300,4.1700,4.2000,1806500
20131226,4.1300,4.2300,4.1100,4.2300,1336000
20131227,4.1500,4.2100,4.1100,4.1300,1326500
20131230,4.1600,4.2000,4.1200,4.1900,1325600
20131231,4.2000,4.2200,4.1300,4.1600,1739800
20140101,4.2000,4.2000,4.2000,4.2000,0
20140102,4.3100,4.3200,4.2100,4.2100,2542900
20140103,4.2800,4.3300,4.2200,4.3100,2300000
20140106,4.1300,4.2900,4.1000,4.2900,2023400
20140107,4.1400,4.1700,4.1000,4.1100,1078500
20140108,4.0700,4.1700,4.0600,4.1300,1082500
20140109,3.9900,4.1300,3.9700,4.0800,1681400
20140110,3.9400,3.9900,3.8500,3.9900,1664100
20140113,3.9000,3.9700,3.8700,3.9300,1125900
20140114,3.9600,3.9600,3.8800,3.9200,1354300
20140115,3.9700,3.9700,3.9200,3.9600,1028100
20140116,3.9800,4.0000,3.9500,3.9900,1112600
20140117,3.9300,4.0100,3.9200,3.9700,1078400
20140120,3.8500,3.9500,3.8500,3.9500,1143500
20140121,3.9200,3.9500,3.8500,3.8500,1305200
20140122,4.0200,4.0200,3.9100,3.9100,1422100
20140123,4.0100,4.0400,3.9900,4.0000,1400200
20140124,4.0500,4.0800,4.0000,4.0100,1623500
20140127,4.0300,4.0800,4.0000,4.0400,1467500
20140128,4.2200,4.2600,4.0400,4.0500,5261500
20140129,4.1700,4.2800,4.1500,4.2200,4208300
20140130,4.1500,4.1900,4.1200,4.1600,2291900
20140131,4.1500,4.1500,4.1500,4.1500,0
20140203,4.1500,4.1500,4.1500,4.1500,0
20140205,4.1500,4.1500,4.1500,4.1500,0
20140206,4.1500,4.1500,4.1500,4.1500,0
20140207,4.1700,4.1900,4.1000,4.1100,2571900
20140210,4.2300,4.2400,4.1600,4.1600,3608100
20140211,4.2000,4.2600,4.1800,4.2100,3456700
20140212,4.2500,4.2800,4.1700,4.2100,3511200
20140213,4.2200,4.2900,4.2100,4.2400,3455100
20140214,4.3000,4.3000,4.1900,4.2200,3707200
20140217,4.3600,4.4000,4.2900,4.2900,3490100
20140218,4.3200,4.3600,4.2800,4.3600,3070600
20140219,4.3600,4.4000,4.3000,4.3200,2975600
20140220,4.2800,4.3900,4.2800,4.3600,3098200
20140221,4.2200,4.3300,4.2000,4.2700,2536900
20140224,4.2300,4.2400,4.1700,4.2300,1911600
20140225,4.0900,4.2600,4.0600,4.2200,2715200
