20130226,7.0600,7.4000,7.0100,7.4000,3099800
20130227,7.0500,7.1300,6.9900,7.0900,1560500
20130228,7.1700,7.1800,7.0100,7.1200,1847600
20130301,7.2800,7.3900,7.0600,7.1700,3082400
20130304,7.0300,7.2100,7.0000,7.2000,2878500
20130305,7.0800,7.1000,6.9900,6.9900,2815600
20130306,7.2200,7.2700,7.0800,7.1500,2143700
20130307,7.3600,7.4700,7.1100,7.2200,4024200
20130308,7.2200,7.3600,6.8000,7.3600,2394700
20130311,7.3600,7.4800,7.1200,7.2200,3309400
20130312,7.3000,7.3900,7.1900,7.3800,2503200
20130313,7.4800,7.6000,7.1200,7.2300,5521000
20130314,7.3500,7.4800,7.2700,7.3500,3240900
20130315,7.0000,7.3400,6.9100,7.3000,3672800
20130318,6.6400,6.9500,6.6000,6.9500,2172200
20130319,6.7200,6.7500,6.5800,6.6600,1393300
20130320,6.8100,6.8400,6.6300,6.7400,1403800
20130321,6.9200,7.0800,6.7800,6.8200,3523100
20130322,6.8300,6.9300,6.7700,6.9200,1937400
20130325,7.1300,7.3000,6.8700,6.8700,5058400
20130326,6.9500,7.0500,6.8700,7.0300,2563800
20130327,7.2000,7.2300,6.9000,6.9100,3579100
20130328,7.3100,7.9000,7.0000,7.1500,9589500
20130329,6.9800,7.3700,6.9500,7.3500,3873100
20130401,6.6900,6.9100,6.6400,6.9100,3977700
20130402,6.7300,6.8300,6.6600,6.7100,1662800
20130403,6.6300,6.7800,6.5800,6.6800,1549500
20130404,6.6300,6.6300,6.6300,6.6300,0
20130405,6.6300,6.6300,6.6300,6.6300,0
20130408,6.6300,6.6400,6.3500,6.5500,1373500
20130409,6.8800,7.0900,6.5600,6.6300,3094700
20130410,6.7500,6.8800,6.7100,6.8300,1629000
20130411,6.6000,6.7800,6.5900,6.7800,1464300
20130412,6.5000,6.6900,6.4600,6.6100,993200
20130415,6.4200,6.5400,6.4000,6.5000,654800
20130416,6.5500,6.5800,6.3800,6.4200,797500
20130417,6.5000,6.5500,6.3900,6.5500,962800
20130418,6.5000,6.5400,6.4500,6.4600,736500
20130419,6.6600,6.7100,6.5000,6.5800,1742200
20130422,6.7000,6.7100,6.5300,6.5700,1121100
20130423,6.4600,6.7300,6.4500,6.7200,1022900
20130424,6.5300,6.5600,6.4000,6.4800,854400
20130425,6.3000,6.5300,6.2700,6.5300,1540500
20130426,6.2600,6.3900,6.2500,6.3000,1109800
20130429,6.2600,6.2600,6.2600,6.2600,0
20130430,6.2600,6.2600,6.2600,6.2600,0
20130501,6.2600,6.2600,6.2600,6.2600,0
20130502,6.1800,6.3000,6.1600,6.2700,818000
20130503,6.2900,6.3900,6.1500,6.2300,1064600
20130506,6.4600,6.5100,6.2100,6.2100,1454300
20130507,6.4500,6.5500,6.4100,6.4600,907900
20130508,6.5500,6.6800,6.4500,6.5000,1493800
20130509,6.6000,6.6300,6.4500,6.5100,1497800
20130510,6.6100,6.6400,6.4900,6.6000,1411800
20130513,6.6000,6.6600,6.5000,6.6500,1305600
20130514,6.7200,6.8900,6.4500,6.6300,3039200
20130515,6.6500,6.7100,6.5200,6.7100,1737900
20130516,6.6300,6.6700,6.5500,6.6200,1932700
20130517,6.6900,6.7100,6.5900,6.6400,1996700
20130520,6.9100,7.1000,6.6600,6.6900,4417900
20130521,6.9500,7.0300,6.8200,6.8500,2179700
20130522,6.8400,6.9800,6.8000,6.9600,2276000
20130523,6.9300,6.9500,6.7500,6.8600,2867300
20130524,6.9100,6.9800,6.8400,6.8800,2090500
20130527,7.1700,7.2300,6.8500,6.9000,6306900
20130528,7.1100,7.2800,7.0500,7.0900,4707200
20130529,7.0800,7.1600,7.0600,7.1000,2518100
20130530,7.0700,7.1300,6.9800,7.0600,1994600
20130531,6.9900,7.1400,6.9500,7.0700,1701900
20130603,6.8000,7.0000,6.7800,6.9800,2935200
20130604,6.5600,6.7800,6.4000,6.7800,2618800
20130605,6.6800,6.7600,6.5300,6.5500,2074400
20130606,6.8500,6.9500,6.5900,6.6400,3312800
20130607,7.0300,7.0800,6.7700,6.7900,7736500
20130610,7.0300,7.0300,7.0300,7.0300,0
20130611,7.0300,7.0300,7.0300,7.0300,0
20130612,7.0300,7.0300,7.0300,7.0300,0
20130613,6.8700,7.0000,6.5100,6.8800,4823500
20130614,6.9300,7.0800,6.7100,6.8000,3699300
20130617,6.6100,6.9300,6.5600,6.9100,3148000
20130618,6.4500,6.6300,6.3600,6.5800,2354900
20130619,6.4500,6.5200,6.3500,6.5200,1187500
20130620,6.2000,6.4500,6.2000,6.4500,1309700
20130621,5.9800,6.1000,5.8300,6.1000,1740700
20130624,5.4200,5.9800,5.3800,5.9800,2091600
20130625,5.3000,5.4900,4.8900,5.4000,1896900
20130626,5.5600,5.5900,5.2100,5.3100,2673900
20130627,5.8800,5.9500,5.5000,5.5600,3733200
20130628,5.7200,6.1800,5.6900,5.8400,4080200
20130701,5.7800,5.8500,5.5600,5.7900,1815100
20130702,5.8500,5.9000,5.6500,5.7400,2122200
20130703,5.7800,5.8000,5.5500,5.8000,1414500
20130704,5.8500,5.9000,5.6200,5.6200,2611600
20130705,5.8600,6.1300,5.4000,5.7800,3382500
20130708,5.4700,5.9100,5.4500,5.7000,2123800
20130709,5.3800,5.5300,5.2500,5.4200,1573600
20130710,5.7100,5.8400,5.4600,5.4600,2940500
20130711,5.8200,5.9000,5.6200,5.6700,3425700
20130712,5.7400,5.9500,5.7000,5.7900,2042900
20130715,5.8200,5.8200,5.6900,5.8000,1376500
20130716,5.9100,5.9800,5.7300,5.7700,1922800
20130717,5.8400,5.9600,5.7900,5.9100,1255100
20130718,6.0500,6.1900,5.6500,5.8000,3554000
20130719,5.6300,5.9800,5.6200,5.9100,2374100
20130722,5.6500,5.8100,5.5300,5.6400,1508000
20130723,5.8100,5.8900,5.6600,5.6600,1943200
20130724,5.8600,5.8800,5.7300,5.8100,1468300
20130725,5.6900,5.8800,5.6500,5.8600,1139900
20130726,5.7000,5.7400,5.6600,5.6700,845300
20130729,5.5200,5.6800,5.5000,5.6800,1009700
20130730,5.5600,5.6200,5.4500,5.5200,717300
20130731,5.5700,5.6400,5.5200,5.5900,803100
20130801,5.7400,5.7400,5.5600,5.5900,1376400
20130802,5.7700,5.8200,5.6600,5.6600,1514700
20130805,5.8900,5.9100,5.7500,5.7800,1597800
20130806,5.9800,6.0100,5.7900,5.8600,2093100
20130807,6.0000,6.0600,5.9500,5.9800,3572000
20130808,6.2200,6.3700,5.9300,5.9500,7208700
20130809,6.3700,6.3800,6.0500,6.0900,7707700
20130812,6.2700,6.3700,6.2100,6.2200,5334300
20130813,6.1500,6.2700,6.1300,6.2700,2952200
20130814,6.1200,6.2500,6.1000,6.1400,1931600
20130815,6.1200,6.2400,6.0800,6.0900,1860600
20130816,5.9100,6.1900,5.9100,6.0800,2628800
20130819,6.0100,6.0500,5.8500,5.8600,1080500
20130820,5.9900,6.1400,5.9300,6.0500,1033000
20130821,6.0200,6.0400,5.8800,5.9700,1095200
20130822,5.9700,6.0700,5.9500,6.0000,1103500
20130823,5.9500,6.0400,5.8000,5.9700,1401200
20130826,6.2100,6.2800,5.9200,5.9200,3380700
20130827,6.3800,6.4500,6.1300,6.2500,5021000
20130828,6.2600,6.3900,6.1600,6.2700,3808400
20130829,6.8900,6.8900,6.2900,6.2900,10308400
20130830,7.5800,7.5800,7.1600,7.1800,11809100
20130902,6.8600,8.0700,6.8200,8.0200,18550400
20130903,6.6300,6.7500,6.4900,6.5600,8606100
20130904,6.6700,6.8100,6.5200,6.5800,6153900
20130905,6.4900,6.6200,6.3600,6.6100,5279600
20130906,6.5500,6.7300,6.3900,6.4500,4968100
20130909,6.6800,6.7800,6.4500,6.5600,5983900
20130910,6.8400,7.0600,6.6400,6.7000,7912900
20130911,6.6600,6.9900,6.6100,6.8700,6488000
20130912,6.8500,6.8900,6.5200,6.6600,4187100
20130913,6.7300,6.8500,6.6600,6.8500,3364800
20130916,6.7400,6.8700,6.6500,6.7500,3176100
20130917,6.5000,6.6800,6.4800,6.6700,2880600
20130918,6.5600,6.5900,6.4400,6.4400,1633100
20130920,6.5600,6.5600,6.5600,6.5600,0
20130923,6.6400,6.6900,6.5900,6.6700,2186300
20130924,6.7200,6.8300,6.5200,6.6400,3172100
20130925,6.5200,6.7500,6.5200,6.7100,3160300
20130926,6.2600,6.5600,6.2400,6.5200,2742500
20130927,6.3000,6.3900,6.2000,6.2600,1408000
20130930,6.3300,6.4500,6.2900,6.3600,1243800
20131001,6.3300,6.3300,6.3300,6.3300,0
20131002,6.3300,6.3300,6.3300,6.3300,0
20131003,6.3300,6.3300,6.3300,6.3300,0
20131004,6.3300,6.3300,6.3300,6.3300,0
20131007,6.3300,6.3300,6.3300,6.3300,0
20131008,6.9600,6.9600,6.3500,6.4300,7929000
20131009,7.6600,7.6600,7.0200,7.1000,16423500
20131010,7.7000,8.3900,7.4900,8.1000,23731400
20131011,7.4600,7.6500,7.2500,7.4200,9269800
20131014,7.3900,7.5600,7.2100,7.4500,7794000
20131015,7.3300,7.4300,7.1900,7.2800,5031400
20131016,6.9200,7.2800,6.8700,7.2800,4873900
20131017,6.9600,7.1300,6.9000,6.9500,3581200
20131018,6.9000,7.0700,6.8400,6.9300,2595700
20131021,7.1100,7.1300,6.8800,6.9200,3808900
20131022,7.8200,7.8200,7.3000,7.3000,8720300
20131023,7.5800,8.1800,7.1000,8.0800,15749500
20131024,7.1400,7.3600,7.0000,7.2700,5396800
20131025,7.1700,7.3400,7.1000,7.1000,3780700
20131028,7.0200,7.2500,6.9600,7.2300,3014100
20131029,6.7300,7.1200,6.6100,7.1000,3477500
20131030,7.4000,7.4000,6.6900,6.6900,7102600
20131031,7.2500,7.7400,7.2400,7.4000,8367800
20131101,7.3800,7.6800,6.7500,7.1700,6916400
20131104,7.6900,7.7700,7.1800,7.2800,8322100
20131105,7.8900,8.1600,7.5000,7.5200,12319600
20131106,7.4400,7.8500,7.4300,7.7500,8655700
20131107,7.2700,7.5700,7.2000,7.4000,4198100
20131108,7.6300,7.7000,7.2000,7.2000,7040600
20131111,7.4500,7.5800,7.3300,7.5800,3883300
20131112,7.5500,7.7500,7.3700,7.4500,5840500
20131113,7.1600,7.5000,7.1400,7.5000,4467300
20131114,7.2000,7.2100,7.0100,7.0900,2599700
20131115,7.5000,7.6300,7.1000,7.2000,5827700
20131118,7.7800,7.9700,7.4300,7.5200,7387300
20131119,7.7900,7.9500,7.6000,7.6800,8029100
20131120,8.5700,8.5700,7.6700,7.7100,18342400
20131121,9.3700,9.4300,8.3000,8.5800,31833600
20131122,8.6900,9.1300,8.5000,9.1300,19421700
20131125,8.6500,9.3500,8.5200,8.6300,14300600
20131126,8.3900,8.4800,8.1700,8.4800,10825400
20131127,8.4100,8.4500,8.1300,8.3900,7346700
20131128,8.3900,8.5600,8.3400,8.3900,6058800
20131129,8.4500,8.4500,8.2500,8.3800,5180300
20131202,7.7800,8.3000,7.6100,8.2600,7719400
20131203,8.0100,8.0900,7.5200,7.6000,4175400
20131204,8.4900,8.7100,7.8700,7.9000,8595100
20131205,8.2300,8.4600,8.2300,8.3700,4641700
20131206,8.2800,8.4500,8.1800,8.1900,3113800
20131209,8.3500,8.4400,8.2200,8.2500,2690800
20131210,8.2700,8.4100,8.1600,8.3700,3566300
20131211,8.3200,8.6800,8.2300,8.3000,7093800
20131212,8.0500,8.2300,7.9300,8.0900,5061800
20131213,8.2800,8.3900,7.9100,8.0100,4461100
20131216,8.0600,8.3300,8.0600,8.1500,3374000
20131217,7.7800,8.2300,7.7600,7.9600,4365900
20131218,7.7500,7.9800,7.6500,7.7300,2620300
20131219,7.7400,7.8500,7.6200,7.8000,2113700
20131220,7.3800,7.7900,7.3600,7.7400,2668800
20131223,7.2000,7.5300,6.8800,7.4200,2386300
20131224,7.2900,7.3700,7.1600,7.3000,1721800
20131225,7.3200,7.3400,7.1900,7.2600,1359100
20131226,7.0700,7.3500,7.0500,7.3300,1612100
20131227,7.3600,7.4400,7.0300,7.0300,2391900
20131230,7.5500,7.6600,7.1800,7.4200,3400700
20131231,7.4700,7.6800,7.4200,7.6000,2560100
20140101,7.4700,7.4700,7.4700,7.4700,0
20140102,7.3500,7.5400,7.3400,7.4700,1570800
20140103,7.1800,7.4000,7.1200,7.3200,1569800
20140106,6.8200,7.1800,6.8200,7.1800,2428900
20140107,6.8500,6.9800,6.6900,6.7200,1511700
20140108,6.7900,6.8900,6.7000,6.8500,1574800
20140109,6.9600,7.0600,6.6900,6.7900,2850900
20140110,6.9800,7.0700,6.8500,6.8500,1607200
20140113,7.2100,7.3600,6.9700,6.9900,3936800
20140114,7.2700,7.3000,7.0000,7.0700,3006400
20140115,7.3000,7.3000,7.1100,7.2600,1887800
20140116,7.4200,7.6400,7.2200,7.2200,3295300
20140117,7.1300,7.3900,7.1200,7.3000,1604600
20140120,7.0700,7.2100,7.0500,7.0900,1192300
20140121,7.1000,7.2100,7.0500,7.0900,1057100
20140122,7.3100,7.3400,7.1000,7.1500,2462800
20140123,7.3200,7.4500,7.2600,7.3300,1791800
20140124,7.3800,7.4500,7.3400,7.3400,1879700
20140127,7.3000,7.4000,7.2600,7.3800,1349500
20140128,7.2700,7.3900,7.2600,7.3900,935500
20140129,7.2900,7.3800,7.2700,7.2700,1150400
20140130,7.7400,7.8400,7.2000,7.2900,4284200
20140131,7.7400,7.7400,7.7400,7.7400,0
20140203,7.7400,7.7400,7.7400,7.7400,0
20140205,7.7400,7.7400,7.7400,7.7400,0
20140206,7.7400,7.7400,7.7400,7.7400,0
20140207,7.7100,7.7400,7.5500,7.6000,4156200
20140210,7.8800,7.9700,7.5900,7.7000,4049900
20140211,8.3400,8.4600,7.8200,7.8800,6884600
20140212,8.5800,8.9600,8.3000,8.4200,11078400
20140213,8.0600,8.5200,8.0100,8.4800,6280700
20140214,8.1600,8.2800,7.9000,8.0000,2849800
20140217,8.2000,8.2700,7.9800,8.2700,3530500
20140218,8.8900,9.0000,8.0200,8.2000,11132400
20140219,8.5900,9.0100,8.5400,8.7000,9889800
20140220,8.3200,8.6600,8.3000,8.4000,3837500
20140221,8.3900,8.5900,8.3500,8.4000,3454000
20140224,8.3900,8.3900,8.3900,8.3900,0
20140225,8.3900,8.3900,8.3900,8.3900,0
