20130226,11.8100,11.9500,11.3200,11.4400,6455700
20130227,11.7500,11.9000,11.6000,11.8000,2715100
20130228,11.8600,11.8700,11.7100,11.7900,4096100
20130301,11.9500,12.2900,11.8300,11.8300,5573300
20130304,11.1200,11.8800,10.7600,11.8800,4213800
20130305,11.2800,11.3000,11.0200,11.1500,2495100
20130306,11.4100,11.4700,11.1700,11.3000,3319800
20130307,10.8800,11.3700,10.7200,11.3000,4965700
20130308,10.8200,11.0900,10.7500,10.9000,2598400
20130311,10.5800,10.8300,10.5400,10.6500,3192200
20130312,10.2400,10.7000,10.0500,10.5800,2940700
20130313,10.2800,10.3600,9.8600,10.3000,2990500
20130314,10.1300,10.2800,10.0800,10.1400,1512800
20130315,10.1900,10.3800,10.0800,10.2000,2131400
20130318,10.2200,10.4500,10.1100,10.1300,1657900
20130319,10.1200,10.3100,9.9500,10.2400,1308600
20130320,10.4300,10.4500,10.0600,10.0600,1803000
20130321,10.5400,10.6300,10.3600,10.4600,2211200
20130322,10.5500,10.7200,10.4000,10.5500,2314100
20130325,10.5300,10.5700,10.4000,10.5500,1708700
20130326,10.5300,10.5300,10.5300,10.5300,0
20130327,10.5300,10.5300,10.5300,10.5300,0
20130328,10.5300,10.5300,10.5300,10.5300,0
20130329,10.5300,10.5300,10.5300,10.5300,0
20130401,10.5300,10.5300,10.5300,10.5300,0
20130402,10.5300,10.5300,10.5300,10.5300,0
20130403,10.5300,10.5300,10.5300,10.5300,0
20130404,10.5300,10.5300,10.5300,10.5300,0
20130405,10.5300,10.5300,10.5300,10.5300,0
20130408,10.5300,10.5300,10.5300,10.5300,0
20130409,10.5300,10.5300,10.5300,10.5300,0
20130410,10.5300,10.5300,10.5300,10.5300,0
20130411,10.5300,10.5300,10.5300,10.5300,0
20130412,10.5300,10.5300,10.5300,10.5300,0
20130415,10.5300,10.5300,10.5300,10.5300,0
20130416,10.5300,10.5300,10.5300,10.5300,0
20130417,10.5300,10.5300,10.5300,10.5300,0
20130418,10.5300,10.5300,10.5300,10.5300,0
20130419,10.5300,10.5300,10.5300,10.5300,0
20130422,10.5300,10.5300,10.5300,10.5300,0
20130423,10.5300,10.5300,10.5300,10.5300,0
20130424,10.5300,10.5300,10.5300,10.5300,0
20130425,10.5300,10.5300,10.5300,10.5300,0
20130426,10.5300,10.5300,10.5300,10.5300,0
20130429,10.5300,10.5300,10.5300,10.5300,0
20130430,10.5300,10.5300,10.5300,10.5300,0
20130501,10.5300,10.5300,10.5300,10.5300,0
20130502,10.5300,10.5300,10.5300,10.5300,0
20130503,10.5300,10.5300,10.5300,10.5300,0
20130506,10.5300,10.5300,10.5300,10.5300,0
20130507,10.5300,10.5300,10.5300,10.5300,0
20130508,10.5300,10.5300,10.5300,10.5300,0
20130509,10.5300,10.5300,10.5300,10.5300,0
20130510,10.5300,10.5300,10.5300,10.5300,0
20130513,10.5300,10.5300,10.5300,10.5300,0
20130514,10.5300,10.5300,10.5300,10.5300,0
20130515,10.5300,10.5300,10.5300,10.5300,0
20130516,10.5300,10.5300,10.5300,10.5300,0
20130517,10.5300,10.5300,10.5300,10.5300,0
20130520,10.5300,10.5300,10.5300,10.5300,0
20130521,10.5300,10.5300,10.5300,10.5300,0
20130522,10.5300,10.5300,10.5300,10.5300,0
20130523,10.5300,10.5300,10.5300,10.5300,0
20130524,10.5300,10.5300,10.5300,10.5300,0
20130527,10.5300,10.5300,10.5300,10.5300,0
20130528,10.5300,10.5300,10.5300,10.5300,0
20130529,10.5300,10.5300,10.5300,10.5300,0
20130530,10.5300,10.5300,10.5300,10.5300,0
20130531,10.5300,10.5300,10.5300,10.5300,0
20130603,10.5300,10.5300,10.5300,10.5300,0
20130604,10.5300,10.5300,10.5300,10.5300,0
20130605,10.5300,10.5300,10.5300,10.5300,0
20130606,10.5300,10.5300,10.5300,10.5300,0
20130607,10.5300,10.5300,10.5300,10.5300,0
20130610,10.5300,10.5300,10.5300,10.5300,0
20130611,10.5300,10.5300,10.5300,10.5300,0
20130612,10.5300,10.5300,10.5300,10.5300,0
20130613,10.5300,10.5300,10.5300,10.5300,0
20130614,10.5300,10.5300,10.5300,10.5300,0
20130617,10.5300,10.5300,10.5300,10.5300,0
20130618,10.5300,10.5300,10.5300,10.5300,0
20130619,10.5300,10.5300,10.5300,10.5300,0
20130620,10.5300,10.5300,10.5300,10.5300,0
20130621,10.5300,10.5300,10.5300,10.5300,0
20130624,10.5300,10.5300,10.5300,10.5300,0
20130625,10.5300,10.5300,10.5300,10.5300,0
20130626,10.5300,10.5300,10.5300,10.5300,0
20130627,10.5300,10.5300,10.5300,10.5300,0
20130628,10.5300,10.5300,10.5300,10.5300,0
20130701,10.5300,10.5300,10.5300,10.5300,0
20130702,10.5300,10.5300,10.5300,10.5300,0
20130703,10.5300,10.5300,10.5300,10.5300,0
20130704,10.5300,10.5300,10.5300,10.5300,0
20130705,10.5300,10.5300,10.5300,10.5300,0
20130708,10.5300,10.5300,10.5300,10.5300,0
20130709,10.5300,10.5300,10.5300,10.5300,0
20130710,10.5300,10.5300,10.5300,10.5300,0
20130711,10.5300,10.5300,10.5300,10.5300,0
20130712,11.5800,11.5800,11.3600,11.5800,11286900
20130715,12.1600,12.6800,11.2900,11.4100,18175800
20130716,12.5200,12.6500,11.9600,12.1200,13353300
20130717,12.9500,13.3000,12.3100,12.4200,12891300
20130718,13.0200,13.5800,12.8000,12.9000,12391500
20130719,12.4000,13.1400,12.4000,12.8900,11259600
20130722,12.9200,12.9200,12.2100,12.2800,8045200
20130723,13.0700,13.1500,12.7500,12.9500,8285700
20130724,13.3800,13.5700,12.7600,13.0100,11156100
20130725,12.6300,13.3900,12.5700,13.2200,7707300
20130726,12.5300,12.8100,12.2800,12.6600,4027200
20130729,12.3000,12.5900,12.1800,12.5000,2460500
20130730,12.2200,12.5100,11.8400,12.2500,4689900
20130731,12.2100,12.4300,12.0800,12.2200,2340700
20130801,12.5900,12.6000,12.1700,12.1700,4026400
20130802,12.3700,12.7300,12.3700,12.6600,3352100
20130805,12.4000,12.4900,12.2200,12.3700,3309300
20130806,12.7600,12.8900,12.3600,12.4000,5816100
20130807,12.2300,12.7400,12.2200,12.6700,4160700
20130808,12.0000,12.2600,11.9800,12.1600,3095900
20130809,12.2100,12.2500,11.9500,12.0200,2383100
20130812,12.2100,12.4300,12.0900,12.4100,1966400
20130813,12.2900,12.4400,12.1600,12.1800,2002500
20130814,12.1100,12.3900,11.7300,12.2900,3889900
20130815,12.0200,12.2100,12.0100,12.1000,1567900
20130816,11.7800,12.2500,11.7500,11.9000,2505400
20130819,12.0200,12.0600,11.7800,11.8000,1530300
20130820,12.1300,12.1500,11.9000,12.0300,2168800
20130821,12.5800,12.6200,12.0500,12.2000,5932700
20130822,12.6500,12.6500,12.4200,12.4900,4239800
20130823,12.5600,12.7100,12.0100,12.6500,4499800
20130826,12.5700,12.6400,12.4200,12.4400,3768700
20130827,12.4400,12.6300,12.3100,12.6300,3594400
20130828,12.4500,12.7600,12.1600,12.3500,6539600
20130829,12.1500,12.5000,12.1100,12.4000,3544000
20130830,11.4300,12.2400,11.3800,12.1300,4496400
20130902,11.5000,11.6000,11.3900,11.3900,1783100
20130903,11.6500,11.8000,11.4800,11.5000,1819000
20130904,11.6500,11.7800,11.6100,11.6900,1609400
20130905,11.9200,12.0500,11.5100,11.6100,3129300
20130906,11.9000,11.9500,11.7000,11.8200,2482600
20130909,12.1000,12.5600,12.0200,12.1200,4872000
20130910,12.2000,12.3400,11.8000,12.1200,4652600
20130911,11.9200,12.2800,11.8400,12.2500,3321400
20130912,12.1500,12.2500,11.8200,11.9300,3283600
20130913,12.1300,12.1600,11.9200,12.1000,2546100
20130916,12.6500,12.9700,12.5000,12.7000,7580800
20130917,12.3700,12.9200,12.2700,12.6000,4536400
20130918,13.6100,13.6100,12.0400,12.3000,19792700
20130920,13.6100,13.6100,13.6100,13.6100,0
20130923,13.8500,14.1900,13.2600,13.2800,19074100
20130924,13.7800,14.2600,13.4900,13.7300,10804200
20130925,13.7900,14.2600,13.5100,13.6000,11396100
20130926,13.0200,13.7900,13.0000,13.7900,8662400
20130927,13.2200,13.3800,13.0300,13.0300,4632000
20130930,13.9900,14.1900,13.2500,13.3700,9309400
20131001,13.9900,13.9900,13.9900,13.9900,0
20131002,13.9900,13.9900,13.9900,13.9900,0
20131003,13.9900,13.9900,13.9900,13.9900,0
20131004,13.9900,13.9900,13.9900,13.9900,0
20131007,13.9900,13.9900,13.9900,13.9900,0
20131008,14.1400,14.5300,13.8000,13.9400,9529600
20131009,14.2300,14.3300,13.9700,14.1400,6147800
20131010,14.1800,14.3200,13.7900,14.2100,6917700
20131011,13.9600,14.1800,13.7200,14.1100,5457600
20131014,13.9200,13.9700,13.7300,13.9400,3673800
20131015,14.0500,14.2400,13.8100,13.8700,5100100
20131016,13.2000,14.0300,12.8000,14.0300,7345900
20131017,12.9100,13.2800,12.8700,13.1800,2781600
20131018,13.0300,13.0700,12.7700,12.7700,1543400
20131021,13.2100,13.2600,12.9200,13.1000,2918300
20131022,12.7000,13.2200,12.5200,13.2200,4309600
20131023,12.2800,12.8300,12.1800,12.7500,3076000
20131024,12.2800,12.4100,12.0900,12.2500,1863600
20131025,12.3700,12.3900,12.1500,12.2500,1951100
20131028,12.5200,12.5300,12.2500,12.3000,1827500
20131029,11.8800,12.4700,11.6000,12.4200,2667700
20131030,11.9900,12.1100,11.7900,11.7900,1289600
20131031,11.7200,11.9200,11.6500,11.9200,1135300
20131101,11.8100,11.8900,11.6800,11.8000,725800
20131104,11.9200,11.9800,11.7800,11.8200,751200
20131105,12.0100,12.0500,11.7000,11.8500,932500
20131106,11.8700,12.0500,11.8400,11.9800,1054000
20131107,11.5500,11.8500,11.5200,11.7600,1202100
20131108,11.5700,11.7400,11.3700,11.4700,1521400
20131111,11.6700,11.7200,11.5300,11.5800,569600
20131112,11.8200,11.8600,11.6300,11.6300,947100
20131113,11.6800,12.0500,11.6500,11.8200,1348500
20131114,11.8300,11.8500,11.3900,11.6800,1153900
20131115,12.1000,12.2600,11.8900,11.9800,2246000
20131118,12.2300,12.3000,12.1100,12.3000,1808400
20131119,12.3400,12.5000,12.1200,12.2400,2447100
20131120,12.2500,12.3500,12.1100,12.3400,1669600
20131121,12.0700,12.2300,12.0200,12.2300,1275500
20131122,12.0700,12.1400,12.0000,12.0700,1005600
20131125,11.8800,12.0500,11.7200,12.0300,1266900
20131126,11.9500,12.0000,11.8500,11.8500,746300
20131127,12.1800,12.2500,11.9000,11.9000,1653700
20131128,12.2300,12.3700,12.1700,12.1700,2073700
20131129,12.2700,12.3200,12.1000,12.2700,1681000
20131202,11.0600,12.0000,11.0400,11.8000,3937300
20131203,11.2700,11.2900,10.9000,11.0600,1520500
20131204,11.3800,11.5400,11.1200,11.1800,2532400
20131205,11.3300,11.3900,11.2400,11.3500,1653700
20131206,11.6300,11.7200,11.3300,11.3300,2615300
20131209,11.6400,11.7200,11.4900,11.6500,1742300
20131210,11.5800,11.6800,11.5200,11.6600,1366000
20131211,11.4800,11.6000,11.4200,11.5100,1149200
20131212,12.0100,12.0900,11.4300,11.4300,4231300
20131213,11.8000,11.9800,11.7400,11.9800,1614300
20131216,11.4900,11.8200,11.4100,11.8000,1485500
20131217,11.2300,11.5500,11.1800,11.4800,1354100
20131218,11.1700,11.3200,11.1500,11.2500,882300
20131219,11.1600,11.3400,11.1300,11.2600,851100
20131220,10.9600,11.2000,10.9000,11.2000,918700
20131223,10.8200,11.0500,10.6800,10.9600,695500
20131224,10.9600,11.0600,10.8600,10.9000,903200
20131225,11.1500,11.1700,10.9100,11.0300,1277400
20131226,10.7800,11.1500,10.7600,11.1500,1466000
20131227,10.9700,10.9900,10.7300,10.7300,1166800
20131230,10.9200,11.1500,10.9000,11.1500,1058900
20131231,10.9500,11.0300,10.7500,10.8700,1560200
20140101,10.9500,10.9500,10.9500,10.9500,0
20140102,11.0400,11.0700,10.9200,10.9600,1135000
20140103,11.1500,11.4700,11.0900,11.3900,3561500
20140106,10.8000,11.1000,10.6800,11.0800,1732500
20140107,10.8600,10.8900,10.7100,10.7100,868600
20140108,10.8600,10.9300,10.8200,10.9200,1141900
20140109,10.6100,11.0200,10.6100,10.8400,1938400
20140110,10.2100,10.7500,10.1300,10.7500,1823400
20140113,10.0600,10.2500,10.0200,10.2100,867300
20140114,10.2400,10.2500,10.0500,10.0500,940800
20140115,10.1600,10.2600,10.1100,10.2500,1354500
20140116,10.3100,10.4700,10.1300,10.1800,1450300
20140117,10.1400,10.3100,10.0800,10.2300,1380500
20140120,9.8700,10.1000,9.8600,10.1000,2001600
20140121,10.4200,10.4700,9.8700,9.8800,3688000
20140122,10.5800,10.7600,10.3200,10.3200,3399900
20140123,11.6400,11.6400,10.5300,10.6000,12436200
20140124,11.4800,11.7200,11.3500,11.4800,8578400
20140127,11.4500,11.7200,11.3500,11.3500,6136100
20140128,11.5700,11.6200,11.3300,11.4300,3551300
20140129,11.9500,12.0600,11.5100,11.5900,5563400
20140130,12.0600,12.7500,11.8300,11.9900,8014000
20140131,12.0600,12.0600,12.0600,12.0600,0
20140203,12.0600,12.0600,12.0600,12.0600,0
20140205,12.0600,12.0600,12.0600,12.0600,0
20140206,12.0600,12.0600,12.0600,12.0600,0
20140207,12.4500,12.6200,11.9200,12.1600,7023400
20140210,12.4600,12.4800,12.1600,12.4000,6562600
20140211,12.1700,12.4500,12.0300,12.3600,5174100
20140212,12.3600,12.4400,12.0700,12.1100,4035000
20140213,12.7000,12.9700,12.0500,12.2900,10388100
20140214,13.5400,13.6900,12.6100,12.8500,15825000
20140217,13.6000,13.8500,13.3100,13.4000,8350200
20140218,13.5000,13.7500,13.3700,13.5500,5225200
20140219,13.6300,13.7300,13.1900,13.4000,6351200
20140220,13.2500,13.6500,13.1200,13.6000,3744400
20140221,13.1800,13.4300,13.0800,13.4300,3096400
20140224,13.2600,13.2700,13.0300,13.1800,3217200
20140225,12.1500,13.4900,12.0300,13.3800,5210000
