20130226,4.6900,4.6900,4.4100,4.4600,20842500
20130227,4.9200,4.9200,4.6300,4.6700,15296400
20130228,5.1700,5.1700,5.0800,5.1400,12481600
20130301,5.1700,5.1700,5.1700,5.1700,0
20130304,5.1700,5.1700,5.1700,5.1700,0
20130305,5.1700,5.1700,5.1700,5.1700,0
20130306,5.1700,5.1700,5.1700,5.1700,0
20130307,5.1700,5.1700,5.1700,5.1700,0
20130308,5.1700,5.1700,5.1700,5.1700,0
20130311,5.1700,5.1700,5.1700,5.1700,0
20130312,5.1700,5.1700,5.1700,5.1700,0
20130313,5.1700,5.1700,5.1700,5.1700,0
20130314,5.1700,5.1700,5.1700,5.1700,0
20130315,4.9100,5.2500,4.9100,4.9100,29635600
20130318,4.6600,4.8000,4.6600,4.7900,6520700
20130319,4.4600,4.5600,4.4300,4.4500,18198400
20130320,4.6800,4.6800,4.4400,4.4700,7049400
20130321,4.9100,4.9100,4.7000,4.7900,7087600
20130322,4.9300,5.1400,4.8000,4.9700,25185600
20130325,4.7900,5.0300,4.7700,4.9300,11032100
20130326,5.0300,5.0300,4.5600,4.7800,18197400
20130327,5.2800,5.2800,5.0000,5.0500,27930300
20130328,5.3000,5.5200,5.1100,5.2600,31420700
20130329,5.2300,5.4100,5.1200,5.3000,17995400
20130401,5.0200,5.2100,5.0100,5.1300,13339800
20130402,5.2700,5.2700,4.9200,5.0000,15296200
20130403,5.1800,5.4500,5.1500,5.3200,14132200
20130404,5.1800,5.1800,5.1800,5.1800,0
20130405,5.1800,5.1800,5.1800,5.1800,0
20130408,5.0500,5.1400,4.9200,5.1200,10287500
20130409,5.1700,5.2900,5.0200,5.0200,10199000
20130410,5.1200,5.2300,4.9900,5.1600,9766100
20130411,5.0700,5.1900,5.0400,5.0900,5259200
20130412,5.1400,5.2800,5.0400,5.0600,8266600
20130415,4.8800,5.1200,4.8800,5.0600,11334200
20130416,4.7000,4.7900,4.6400,4.7300,9659800
20130417,4.7600,4.8200,4.6800,4.7200,5118000
20130418,4.7000,4.7700,4.6500,4.6900,4248200
20130419,4.8700,4.9000,4.6700,4.7000,8573700
20130422,4.8600,4.8800,4.7900,4.8200,6614900
20130423,4.6400,4.8700,4.6200,4.8600,6364800
20130424,4.7500,4.7500,4.6500,4.6500,5041700
20130425,4.7200,4.8500,4.6800,4.7300,6020300
20130426,4.7700,4.9200,4.7400,4.8900,7837800
20130429,4.7700,4.7700,4.7700,4.7700,0
20130430,4.7700,4.7700,4.7700,4.7700,0
20130501,4.7700,4.7700,4.7700,4.7700,0
20130502,4.6100,4.7100,4.5400,4.7000,5565900
20130503,4.6900,4.7300,4.5800,4.5800,4056600
20130506,4.7000,4.7200,4.6500,4.6500,4084900
20130507,4.7400,4.7900,4.6500,4.6900,5132200
20130508,4.8000,4.8400,4.6900,4.7500,5796300
20130509,4.8200,4.8600,4.7300,4.7800,5491800
20130510,5.0000,5.0000,4.8000,4.8200,8446400
20130513,5.0300,5.1100,4.9100,5.0400,7250700
20130514,4.9000,5.0100,4.8800,5.0100,6052000
20130515,4.9400,4.9600,4.8400,4.9100,5462400
20130516,5.0000,5.0000,4.8700,4.9100,6718500
20130517,4.9700,5.0300,4.9200,5.0000,6630700
20130520,4.9000,4.9700,4.8600,4.9500,7779100
20130521,4.9200,4.9500,4.8600,4.8700,7045100
20130522,4.9800,4.9800,4.8700,4.9100,6914700
20130523,4.9800,4.9800,4.9800,4.9800,0
20130524,5.4800,5.4800,5.0200,5.1000,24556300
20130527,6.0300,6.0300,5.6600,5.9000,57353300
20130528,6.6300,6.6300,6.0000,6.0700,61428200
20130529,6.5100,6.8400,6.3000,6.5500,49829100
20130530,6.4200,6.4700,6.3100,6.4000,25792700
20130531,5.9800,6.5000,5.9200,6.3900,35545100
20130603,5.9600,6.0500,5.8600,5.9800,18735200
20130604,5.9000,6.1100,5.8500,5.9100,21291000
20130605,6.0100,6.0300,5.7600,5.9000,17162900
20130606,5.7200,6.0700,5.7200,6.0300,15292300
20130607,5.4300,5.7200,5.3300,5.6400,17431800
20130610,5.4300,5.4300,5.4300,5.4300,0
20130611,5.4300,5.4300,5.4300,5.4300,0
20130612,5.4300,5.4300,5.4300,5.4300,0
20130613,5.2500,5.3500,5.0300,5.3400,12371700
20130614,5.3700,5.4600,5.2200,5.3100,11296000
20130617,5.4200,5.4600,5.2400,5.3000,12363100
20130618,5.6700,5.7000,5.2300,5.3500,24350200
20130619,5.5200,5.5600,5.3600,5.4700,15232900
20130620,5.1100,5.4400,5.0800,5.4000,12604600
20130621,4.9200,4.9900,4.8100,4.9800,10249500
20130624,4.4300,4.9300,4.4300,4.8900,11918600
20130625,4.2700,4.4500,3.9900,4.3200,14088200
20130626,4.3600,4.4100,4.2200,4.2900,8631800
20130627,4.3500,4.6900,4.3400,4.3700,14415400
20130628,4.2400,4.3800,4.0900,4.2200,8882600
20130701,4.3200,4.3300,4.1600,4.1700,6135800
20130702,4.3400,4.3700,4.2600,4.3700,6713400
20130703,4.1900,4.3300,4.0900,4.3200,8286100
20130704,4.2700,4.3600,4.1200,4.1500,7510300
20130705,4.3300,4.4100,4.2600,4.2600,8642000
20130708,4.0800,4.2600,4.0500,4.2600,7924300
20130709,4.1300,4.1700,4.0600,4.1000,3290000
20130710,4.2900,4.3300,4.1100,4.1200,7010400
20130711,4.4200,4.5500,4.2600,4.2700,12405600
20130712,4.3900,4.6300,4.3800,4.4300,13664400
20130715,4.5100,4.5300,4.3000,4.3200,9332500
20130716,4.6400,4.7500,4.4600,4.4600,11505800
20130717,4.4500,4.6400,4.4400,4.6400,10200200
20130718,4.4600,4.5400,4.4100,4.4100,5835000
20130719,4.1000,4.5000,4.1000,4.4500,10041700
20130722,4.1700,4.1800,4.0400,4.0400,4934900
20130723,4.3400,4.3500,4.1400,4.1400,7265400
20130724,4.3100,4.3900,4.1800,4.3300,8102300
20130725,4.1700,4.3200,4.1600,4.2800,5201300
20130726,4.1700,4.2200,4.1300,4.1700,2435900
20130729,4.0500,4.2100,4.0300,4.2000,5651300
20130730,4.0400,4.1300,4.0000,4.0500,3788500
20130731,4.0700,4.1400,4.0400,4.0700,4516300
20130801,4.1400,4.1600,4.0200,4.0600,5258400
20130802,4.1200,4.2000,4.1200,4.1600,4561400
20130805,4.2000,4.2100,4.1200,4.1500,4039500
20130806,4.3000,4.3200,4.1400,4.1900,6738200
20130807,4.3200,4.4800,4.1900,4.2600,11081200
20130808,4.2500,4.3000,4.2000,4.2600,4994300
20130809,4.3100,4.3600,4.2100,4.2400,7384100
20130812,4.3900,4.4000,4.2900,4.3200,7330500
20130813,4.4400,4.5700,4.4300,4.4300,9209200
20130814,4.4100,4.5500,4.3500,4.4500,8376300
20130815,4.2600,4.3900,4.2500,4.3800,5955100
20130816,4.2000,4.3500,4.1900,4.2200,6329000
20130819,4.2400,4.2700,4.1000,4.1600,4962800
20130820,4.1600,4.2800,4.1400,4.2100,5324700
20130821,4.1900,4.2100,4.1300,4.1500,2721100
20130822,4.2800,4.3700,4.1800,4.1800,8083400
20130823,4.2100,4.3100,4.1500,4.3100,4578000
20130826,4.3000,4.3500,4.2400,4.2400,4265900
20130827,4.3700,4.4500,4.2700,4.3000,6733400
20130828,4.2700,4.3400,4.2400,4.3400,7024600
20130829,4.3200,4.4800,4.2100,4.2500,13650300
20130830,4.4300,4.5600,4.2600,4.2800,15425700
20130902,4.3800,4.4500,4.2500,4.4100,8015700
20130903,4.4900,4.5500,4.3400,4.3900,10066000
20130904,4.4500,4.5300,4.4100,4.4900,7295800
20130905,4.3400,4.4600,4.3300,4.4600,6648400
20130906,4.3700,4.3700,4.2900,4.3300,5426100
20130909,4.4100,4.4400,4.3200,4.3500,5306100
20130910,4.4700,4.5900,4.3800,4.4100,11584800
20130911,4.4600,4.5500,4.4300,4.4600,8348100
20130912,4.9100,4.9100,4.5100,4.5400,7707500
20130913,5.0100,5.4000,4.9500,5.1400,41857100
20130916,4.8000,4.9000,4.5800,4.9000,17494500
20130917,4.6400,4.7900,4.6100,4.7200,11526500
20130918,4.6600,4.6900,4.5200,4.6200,7148800
20130920,4.6600,4.6600,4.6600,4.6600,0
20130923,4.7200,4.7900,4.6000,4.6800,8554900
20130924,4.6300,4.7200,4.5800,4.7000,8971300
20130925,4.5500,4.6500,4.5400,4.6000,6536900
20130926,4.6100,4.6800,4.5200,4.5800,8946200
20130927,4.6400,4.6500,4.5400,4.6500,6072300
20130930,4.7500,4.8400,4.6200,4.6400,9584100
20131001,4.7500,4.7500,4.7500,4.7500,0
20131002,4.7500,4.7500,4.7500,4.7500,0
20131003,4.7500,4.7500,4.7500,4.7500,0
20131004,4.7500,4.7500,4.7500,4.7500,0
20131007,4.7500,4.7500,4.7500,4.7500,0
20131008,4.7500,4.7500,4.6300,4.7000,6156000
20131009,4.7300,4.8400,4.7000,4.7600,6298200
20131010,4.5700,4.7300,4.5600,4.7300,7753500
20131011,4.6600,4.6900,4.6100,4.6800,5669800
20131014,4.6500,4.6600,4.5600,4.6200,5176900
20131015,4.5800,4.6600,4.5700,4.6500,4335000
20131016,4.6000,4.6700,4.5600,4.5700,7509700
20131017,4.3300,4.6100,4.2800,4.5700,12441600
20131018,4.2500,4.3100,4.1700,4.3100,5945700
20131021,4.3000,4.3000,4.2300,4.2500,4489800
20131022,4.2600,4.3000,4.2400,4.3000,4187200
20131023,4.2800,4.2800,4.1300,4.2600,5118400
20131024,4.2500,4.3100,4.2000,4.2200,3735200
20131025,4.2000,4.2900,4.1700,4.2300,2388100
20131028,4.0800,4.2100,4.0500,4.2100,3713900
20131029,3.9300,4.1300,3.7800,4.1300,5900600
20131030,4.1200,4.1500,3.9000,3.9200,5067200
20131031,4.0900,4.1100,3.9900,4.0000,3772300
20131101,4.0600,4.0900,4.0200,4.0600,1478600
20131104,4.0600,4.0900,4.0300,4.0700,1496300
20131105,4.0600,4.0800,4.0100,4.0700,1760500
20131106,4.0200,4.0800,4.0200,4.0700,2240000
20131107,3.9400,4.0200,3.9200,4.0000,2105200
20131108,3.9000,3.9500,3.8200,3.9200,1964900
20131111,3.9300,3.9400,3.8700,3.8800,1251000
20131112,4.0000,4.0800,3.9400,3.9400,2438400
20131113,3.9800,4.0600,3.9600,3.9900,2142700
20131114,4.0500,4.0600,3.9200,3.9500,2547500
20131115,4.1100,4.1100,4.0200,4.0200,3611200
20131118,4.1700,4.1800,4.0900,4.1100,3515800
20131119,4.2200,4.2700,4.0900,4.1500,6724500
20131120,4.2200,4.2500,4.1700,4.1900,4144800
20131121,4.1400,4.2200,4.1000,4.2200,4326100
20131122,4.1300,4.1800,4.1000,4.1400,1700600
20131125,4.0900,4.1500,4.0800,4.1000,2291000
20131126,4.1800,4.2000,4.0800,4.1100,4575400
20131127,4.1600,4.2400,4.1100,4.2400,2934100
20131128,4.1600,4.1900,4.1400,4.1500,2767200
20131129,4.2000,4.2300,4.1500,4.1600,2799600
20131202,3.9800,4.1200,3.9000,4.0800,6058800
20131203,4.0000,4.0000,3.9000,3.9000,2761000
20131204,4.0200,4.0700,3.9800,3.9900,3406300
20131205,4.0900,4.1300,3.9900,4.0200,5077000
20131206,4.0900,4.1100,4.0600,4.0800,2257400
20131209,4.0800,4.1100,4.0700,4.0800,2083200
20131210,4.1000,4.1000,4.0400,4.0400,1932000
20131211,4.0600,4.0900,4.0300,4.0800,3093400
20131212,4.0600,4.0800,4.0300,4.0300,1460500
20131213,4.0600,4.0800,4.0300,4.0400,1815600
20131216,3.9700,4.0600,3.9600,4.0400,2245900
20131217,3.9700,4.0000,3.9400,3.9700,2492100
20131218,3.9400,3.9900,3.9400,3.9800,1200000
20131219,3.9100,3.9700,3.9100,3.9600,1399100
20131220,3.9100,3.9800,3.8800,3.9200,1869300
20131223,3.9100,3.9800,3.9100,3.9100,1363300
20131224,3.9900,4.0000,3.9100,3.9500,2803300
20131225,3.9500,4.0000,3.9500,3.9600,1592300
20131226,3.8500,3.9600,3.8300,3.9300,2668700
20131227,3.8600,3.9000,3.8200,3.8600,2036500
20131230,3.8500,3.9000,3.8500,3.8700,1852200
20131231,3.8800,3.8800,3.8300,3.8500,1547700
20140101,3.8800,3.8800,3.8800,3.8800,0
20140102,3.9800,4.0500,3.8500,3.8500,3093700
20140103,3.9200,3.9800,3.9200,3.9800,1618100
20140106,3.8400,3.9300,3.8200,3.9300,1980700
20140107,3.8400,3.8600,3.8200,3.8500,663900
20140108,3.7700,3.8600,3.7500,3.8400,2076600
20140109,3.6600,3.7900,3.6500,3.7900,1939000
20140110,3.5000,3.6800,3.4500,3.6700,2284000
20140113,3.5200,3.5400,3.4600,3.4800,1302800
20140114,3.8400,3.8700,3.5100,3.5100,7211100
20140115,3.6900,3.7900,3.6600,3.7400,4264900
20140116,3.6500,3.7000,3.6400,3.6700,1791800
20140117,3.6000,3.6700,3.5900,3.6400,1237000
20140120,3.5700,3.6200,3.5300,3.5900,1091600
20140121,3.6900,3.7600,3.5600,3.5600,2520700
20140122,3.7700,3.8000,3.6600,3.7000,2629600
20140123,3.7700,3.7700,3.7200,3.7500,2179600
20140124,3.7700,3.8000,3.7400,3.7500,2267400
20140127,3.7300,3.8400,3.7200,3.7500,1967700
20140128,3.7200,3.7700,3.7100,3.7200,987100
20140129,3.7500,3.7500,3.7100,3.7400,1100400
20140130,3.7000,3.7500,3.6200,3.7500,1795000
20140131,3.7000,3.7000,3.7000,3.7000,0
20140203,3.7000,3.7000,3.7000,3.7000,0
20140205,3.7000,3.7000,3.7000,3.7000,0
20140206,3.7000,3.7000,3.7000,3.7000,0
20140207,3.7300,3.7500,3.6400,3.6900,2339600
20140210,3.8300,3.8800,3.7200,3.7200,4947400
20140211,3.8200,3.8500,3.7700,3.8500,3841600
20140212,3.8500,3.8600,3.8000,3.8000,3022200
20140213,4.0400,4.1000,3.8200,3.8500,13022900
20140214,4.0200,4.0700,3.9500,4.0000,4452600
20140217,4.0200,4.0700,4.0100,4.0100,3837700
20140218,4.4200,4.4200,4.0000,4.0000,11771500
20140219,4.4900,4.6200,4.2800,4.4200,24080800
20140220,4.3100,4.4400,4.2600,4.4300,9720700
20140221,4.2100,4.3100,4.1500,4.3100,5005100
20140224,4.1000,4.2100,4.0500,4.2100,5927200
20140225,4.0000,4.1400,3.9800,4.1400,5854300
