20130226,8.8579,8.9316,8.5105,8.6263,7776200
20130227,9.3158,9.3947,8.8421,8.8579,12218300
20130228,9.5789,9.7895,9.3263,9.4105,12415300
20130301,9.7526,9.8368,9.4789,9.5842,8536800
20130304,8.7789,9.1579,8.7789,9.1579,5119700
20130305,8.7105,8.8263,8.2158,8.2158,11900700
20130306,8.6053,8.8210,8.4737,8.7895,8088400
20130307,8.5789,8.7316,8.2632,8.5211,7815800
20130308,8.4211,8.5526,8.1684,8.4789,6995800
20130311,8.4632,8.6053,8.0895,8.3684,4704700
20130312,8.3526,8.6737,8.2895,8.3158,3763200
20130313,8.2053,8.4158,7.9737,8.3053,5411600
20130314,8.2211,8.3421,8.0842,8.1053,3425100
20130315,7.8842,8.2737,7.7579,8.1421,9600000
20130318,7.7947,8.0000,7.6421,7.7368,3379300
20130319,8.2368,8.3158,7.7684,7.7684,5002600
20130320,8.5895,8.6105,8.1842,8.2421,6401400
20130321,8.4474,8.7684,8.3263,8.5895,5841500
20130322,8.4053,8.5211,8.3474,8.4895,3250000
20130325,8.3474,8.4684,8.2579,8.4053,2460600
20130326,8.3684,8.7263,8.2947,8.3474,6216500
20130327,8.7632,8.7789,8.2632,8.3684,6646100
20130328,8.6316,8.7789,8.4000,8.6105,3170500
20130329,8.6316,8.7105,8.4211,8.6316,4119800
20130401,8.9000,9.3210,8.6842,8.6842,8342600
20130402,9.4632,9.4684,8.8053,8.8947,12695700
20130403,9.4895,9.6053,9.2105,9.3842,6180700
20130404,9.4895,9.4895,9.4895,9.4895,0
20130405,9.4895,9.4895,9.4895,9.4895,0
20130408,8.9211,9.2684,8.8684,9.2684,9126900
20130409,9.5789,9.5789,8.9368,8.9579,10729400
20130410,9.7368,9.7684,9.5053,9.6053,6273500
20130411,9.6737,9.8158,9.5842,9.7211,5561500
20130412,9.7684,9.8895,9.6368,9.6842,3246600
20130415,9.9474,10.0526,9.5789,9.8947,6610800
20130416,10.4632,10.5053,9.7368,9.7368,9173000
20130417,10.4947,10.7105,10.2000,10.4000,8863000
20130418,10.4895,10.5789,10.3421,10.4789,6185100
20130419,10.4842,10.6579,10.3790,10.5158,10062400
20130422,10.2737,10.5895,10.0526,10.3947,8178900
20130423,9.4737,10.3368,9.4105,10.2789,12830900
20130424,9.8053,9.9842,9.3316,9.4737,6936600
20130425,9.6842,9.7947,9.4842,9.7000,4187100
20130426,10.0158,10.1526,9.5211,9.5211,6661100
20130429,10.0158,10.0158,10.0158,10.0158,0
20130430,10.0158,10.0158,10.0158,10.0158,0
20130501,10.0158,10.0158,10.0158,10.0158,0
20130502,10.4158,10.4632,9.9000,10.0158,5472300
20130503,10.6053,11.0105,10.4158,10.4421,6899000
20130506,10.6895,10.9474,10.3158,10.6210,8519800
20130507,10.8632,10.8684,10.5263,10.6737,7081500
20130508,10.6842,11.2526,10.6053,11.0053,5974600
20130509,10.4368,10.6263,10.2737,10.6263,6199000
20130510,10.5263,10.6316,10.3263,10.4368,4012800
20130513,10.3158,10.8158,10.0053,10.5316,7394500
20130514,10.0500,10.3200,9.9600,10.3200,3856900
20130515,9.9500,10.3200,9.8000,10.0200,6852000
20130516,10.9500,10.9500,9.7200,9.9700,12233000
20130517,12.0500,12.0500,11.2200,11.2800,12553800
20130520,13.0400,13.2600,12.4500,12.7000,29572900
20130521,12.9400,13.0000,12.4800,12.8100,19103400
20130522,12.5700,12.9300,12.4200,12.7000,13034900
20130523,12.3800,12.9000,12.1800,12.4400,11967000
20130524,12.4500,12.5400,12.1000,12.2000,8142900
20130527,12.1900,12.5500,11.9500,12.5200,14299200
20130528,13.4100,13.4100,12.1000,12.1400,24667800
20130529,13.5400,14.1800,13.4300,13.8000,22805700
20130530,13.6000,13.7300,13.0000,13.4100,13156300
20130531,13.0800,13.5700,13.0000,13.5000,8711100
20130603,13.1300,13.6500,13.0000,13.1700,10776300
20130604,12.5400,13.3800,12.4500,13.3400,9388300
20130605,12.6000,12.7400,12.3500,12.3500,5017400
20130606,12.3000,12.7300,12.1100,12.5000,6252900
20130607,12.0500,12.5400,11.9600,12.2900,5147900
20130610,12.0500,12.0500,12.0500,12.0500,0
20130611,12.0500,12.0500,12.0500,12.0500,0
20130612,12.0500,12.0500,12.0500,12.0500,0
20130613,11.3900,11.9900,10.8600,11.9900,5451900
20130614,11.7000,12.1600,11.4100,11.4100,6990200
20130617,11.6000,11.9700,11.3500,11.8000,7275300
20130618,12.7600,12.7600,11.5300,11.6000,9972700
20130619,12.4700,12.6500,12.1100,12.6400,9597700
20130620,11.9800,12.9900,11.9500,12.3500,8568100
20130621,11.9000,12.2800,11.1300,11.5000,7363400
20130624,10.7100,11.7500,10.7100,11.7500,12180000
20130625,10.3600,10.7200,9.6400,10.2000,12776400
20130626,10.8200,10.9600,10.3700,10.5000,8358600
20130627,11.0200,11.4000,10.8600,10.9200,6709700
20130628,11.8500,12.1200,11.3500,11.5000,17854200
20130701,11.9100,12.0700,11.3000,11.6100,9626800
20130702,11.9600,12.0500,11.6800,11.7000,5191800
20130703,11.7000,11.9400,11.4100,11.9100,5122000
20130704,12.4300,12.7000,11.5000,11.5100,11268200
20130705,12.6900,13.2800,12.2600,12.2600,15904300
20130708,12.5000,13.1000,12.3200,12.5000,6566100
20130709,12.3100,12.7900,11.8800,12.5000,6588600
20130710,12.9300,13.1800,12.0100,12.2300,8278900
20130711,13.6200,14.0000,12.9400,13.2000,15600300
20130712,13.4700,13.8300,13.2500,13.6000,6360400
20130715,13.1800,13.6900,13.0700,13.3800,14248300
20130716,13.0000,13.1700,12.5600,13.0000,14462000
20130717,13.5100,13.6500,12.6500,12.7700,17245600
20130718,12.8400,13.4700,12.7800,13.2900,11949000
20130719,12.1900,12.9400,12.1800,12.8000,8332000
20130722,12.1000,12.4000,11.6000,12.0800,7826600
20130723,12.4900,12.5700,12.1000,12.1200,8278600
20130724,12.0300,12.3800,11.5000,12.3800,14719700
20130725,11.9500,12.0800,11.7000,11.9500,7804900
20130726,11.7200,12.0200,11.6100,11.8500,4078300
20130729,11.2500,11.6500,11.0000,11.6500,10301100
20130730,11.2900,11.7000,11.1800,11.2700,9518400
20130731,11.5500,12.4200,11.5400,12.0200,17338200
20130801,11.8400,12.0000,11.3800,11.5000,8801900
20130802,12.5800,12.7500,12.0900,12.1000,17157700
20130805,12.8800,13.0500,12.3100,12.3900,8142100
20130806,12.8200,13.1100,12.3500,12.6600,11743900
20130807,13.1000,13.8800,12.9900,13.0500,15611400
20130808,12.7200,13.0700,12.6700,13.0700,5823300
20130809,12.8100,13.1800,12.7000,12.7100,4365100
20130812,13.1000,13.3300,12.7900,12.7900,6993800
20130813,13.7000,13.7000,13.1200,13.1200,11221300
20130814,13.7800,14.1100,13.5400,13.7000,8162400
20130815,13.2200,13.9600,13.2000,13.6800,6246000
20130816,13.2100,13.8600,13.0700,13.0700,7494400
20130819,13.0600,13.1300,12.7600,13.0000,8209900
20130820,12.8000,13.1000,12.4800,13.0100,8500300
20130821,12.5400,12.8000,12.4300,12.7000,7007700
20130822,12.6500,12.8900,12.5400,12.5500,4531800
20130823,12.5600,12.8000,12.2800,12.7100,4067000
20130826,12.7400,12.8000,12.3800,12.4300,8270300
20130827,13.2200,13.2400,12.6500,12.6700,8216100
20130828,12.8900,13.2700,12.7100,13.1800,7405100
20130829,12.6300,12.9200,12.5800,12.8100,5055100
20130830,12.1900,12.9500,12.0800,12.5500,6110100
20130902,12.4000,12.9800,12.1900,12.4500,4900200
20130903,12.7000,12.8500,12.4800,12.6500,8868700
20130904,12.5000,13.0400,12.4000,12.7500,8530800
20130905,12.4200,12.6100,12.3700,12.3700,5063000
20130906,12.0400,12.4500,11.8500,12.3800,13023700
20130909,12.8400,13.2000,11.9100,12.1200,18654000
20130910,12.8600,12.8600,12.5700,12.6000,8665400
20130911,12.6300,13.1400,12.5000,12.8800,9466100
20130912,12.6300,12.6300,12.6300,12.6300,0
20130913,12.6300,12.6300,12.6300,12.6300,0
20130916,12.5300,13.0000,12.1200,12.9000,8849500
20130917,12.0600,12.5000,11.9800,12.5000,8529500
20130918,12.0800,12.1700,11.9000,12.0200,3863100
20130920,12.0800,12.0800,12.0800,12.0800,0
20130923,12.1800,12.1900,11.9100,12.1300,6207400
20130924,11.7500,12.1900,11.7000,12.1800,9943700
20130925,11.7600,12.0100,11.7300,11.8000,5110700
20130926,11.5500,11.9400,11.3300,11.8000,9799400
20130927,11.1300,11.5900,10.9900,11.5000,8294400
20130930,11.2500,11.3500,11.0700,11.1900,3549400
20131001,11.2500,11.2500,11.2500,11.2500,0
20131002,11.2500,11.2500,11.2500,11.2500,0
20131003,11.2500,11.2500,11.2500,11.2500,0
20131004,11.2500,11.2500,11.2500,11.2500,0
20131007,11.2500,11.2500,11.2500,11.2500,0
20131008,11.6900,11.6900,10.9900,11.1000,7587400
20131009,11.5000,11.6000,11.2900,11.6000,5817300
20131010,11.3400,11.5600,11.2900,11.5200,4575900
20131011,11.4400,11.4700,11.1800,11.3000,6513700
20131014,11.2200,11.6500,11.1500,11.5000,6482200
20131015,11.0500,11.3000,11.0000,11.1600,6840300
20131016,10.6300,11.1300,10.4900,11.0400,6910300
20131017,11.2700,11.3600,10.8300,10.8300,13239000
20131018,11.3200,11.5000,11.0800,11.3200,6378300
20131021,11.2800,11.3000,10.9800,11.2300,8100300
20131022,11.1500,11.2400,11.0600,11.2400,5158500
20131023,11.1200,11.3300,11.1000,11.1500,4338500
20131024,10.9100,11.2300,10.8800,11.1100,3570700
20131025,10.6000,11.0300,10.5000,10.9900,4471900
20131028,10.2500,10.6800,9.8900,10.6600,8817700
20131029,9.5500,10.2700,9.5000,10.2500,6672900
20131030,9.9300,10.1500,9.5600,9.5600,8428700
20131031,10.9200,10.9200,10.3000,10.3500,8052400
20131101,10.9100,11.3400,10.7900,11.3000,11072700
20131104,11.0500,11.0600,10.6000,10.8300,8074200
20131105,11.0500,11.1000,10.8000,10.9000,3729600
20131106,10.7700,11.2200,10.7500,10.9500,5973700
20131107,10.5600,10.7600,10.4000,10.4000,3134000
20131108,10.3500,10.7500,10.3500,10.5100,2315800
20131111,10.1900,10.4400,9.9300,10.3500,3754700
20131112,10.2800,10.4400,10.0800,10.0900,2417600
20131113,10.2500,10.3900,10.1100,10.2900,3269600
20131114,10.1000,10.3700,9.9000,10.3000,3616300
20131115,10.2000,10.5900,9.9300,10.1100,10591000
20131118,10.6200,10.6800,10.1600,10.2000,7398600
20131119,10.6400,10.6900,10.4700,10.6000,4478300
20131120,10.6100,10.7500,10.5200,10.6700,3266100
20131121,10.3600,10.5500,10.2800,10.5500,3706000
20131122,10.3000,10.4000,10.2800,10.3500,2698000
20131125,10.0600,10.2400,9.9400,10.2400,7675600
20131126,10.0900,10.1200,10.0000,10.0700,3997900
20131127,10.0700,10.2000,10.0300,10.0500,6052500
20131128,10.3900,10.4700,10.0200,10.0900,13001800
20131129,10.1400,10.4200,10.0800,10.3000,6787600
20131202,9.8100,10.1000,9.8000,10.0300,5542800
20131203,10.1900,10.2200,9.8000,9.8200,4014200
20131204,10.2600,10.4800,10.0000,10.1900,10014000
20131205,10.3400,10.4500,10.1500,10.1800,6315800
20131206,10.3000,10.4100,10.1900,10.3400,3976700
20131209,10.1100,10.3800,10.1100,10.2800,2566700
20131210,10.1700,10.1800,9.9800,10.0000,4542900
20131211,10.0000,10.1600,9.9700,10.1600,3468200
20131212,10.1000,10.2700,10.0000,10.0000,3128000
20131213,10.1400,10.2700,10.0500,10.0900,3151700
20131216,9.9700,10.2600,9.8100,10.1800,3982800
20131217,9.7000,10.0000,9.6200,9.9100,4673600
20131218,9.6800,9.7900,9.6600,9.7200,2308100
20131219,9.6800,9.7200,9.5600,9.6900,3768500
20131220,9.4800,9.6700,9.2300,9.6300,6492800
20131223,9.5500,9.6900,9.2700,9.4700,3485200
20131224,9.5500,9.7100,9.3500,9.4900,5907000
20131225,9.5800,9.6600,9.3900,9.4500,4912200
20131226,9.2600,9.6300,9.2100,9.6300,3574200
20131227,9.2200,9.3000,9.0200,9.2700,5971200
20131230,9.0500,9.2700,8.9900,9.2500,4902000
20131231,9.2900,9.3500,8.8900,8.9900,5433800
20140101,9.2900,9.2900,9.2900,9.2900,0
20140102,9.0500,9.3300,8.9900,9.2400,8064000
20140103,9.1900,9.3500,8.9700,9.0500,7663100
20140106,8.8800,9.2100,8.8600,9.2100,4230400
20140107,8.8800,8.9800,8.8100,8.8300,1573400
20140108,8.4500,8.9500,8.4100,8.8800,8619500
20140109,8.4600,8.5900,8.4100,8.5500,9915900
20140110,8.4000,8.4700,8.0700,8.4200,7055200
20140113,8.2500,8.4400,8.2100,8.3200,4276300
20140114,8.2800,8.4300,8.2000,8.2500,3786500
20140115,8.1700,8.2900,8.0700,8.2900,3098700
20140116,8.1700,8.2200,8.1000,8.1700,2727900
20140117,8.1500,8.2900,8.1200,8.1600,2879200
20140120,7.8700,8.2100,7.7500,8.1600,4499900
20140121,8.3800,8.4000,7.8700,7.8800,6485900
20140122,8.8600,9.1600,8.2800,8.3200,17339200
20140123,9.2500,9.2800,8.6000,9.1800,18281100
20140124,9.3900,9.5500,8.9200,9.0500,24088100
20140127,9.2300,9.3000,9.0000,9.1200,12840200
20140128,8.9600,9.1500,8.8100,9.1500,7777900
20140129,8.8400,9.0200,8.7300,8.9600,8034100
20140130,9.0400,9.0500,8.7600,8.8800,8313700
20140131,9.0400,9.0400,9.0400,9.0400,0
20140203,9.0400,9.0400,9.0400,9.0400,0
20140205,9.0400,9.0400,9.0400,9.0400,0
20140206,9.0400,9.0400,9.0400,9.0400,0
20140207,8.9000,8.9600,8.7500,8.7800,6064600
20140210,9.0000,9.0600,8.8600,8.9000,11432900
20140211,8.7500,9.4000,8.7000,9.0000,20064600
20140212,8.7500,8.7700,8.6000,8.7400,8933100
20140213,8.4200,8.7200,8.4200,8.7200,11196400
20140214,8.5200,8.5600,8.2000,8.4000,8763700
20140217,8.3700,8.5500,8.3400,8.5200,9584500
20140218,8.3000,8.5200,8.2400,8.3900,12061900
20140219,8.3200,8.4700,8.2100,8.2400,8381800
20140220,8.1400,8.3600,8.1300,8.3400,6867100
20140221,8.0800,8.2000,8.0200,8.1200,4630000
20140224,7.2800,8.0500,7.2700,8.0500,23101000
20140225,7.0300,7.2800,6.8900,7.2400,21053200
