20130226,18.0700,18.8000,17.8000,17.9700,7732800
20130227,18.8000,19.1000,18.2500,18.2500,7644800
20130228,19.3200,19.3800,18.6000,18.9400,9569400
20130301,19.2000,19.3800,18.7300,19.3000,5900700
20130304,17.7200,18.9000,17.5500,18.9000,7464500
20130305,18.4500,18.5000,17.7800,17.7800,6395700
20130306,18.3600,18.6000,18.2200,18.5300,4076400
20130307,19.3800,20.2000,18.6500,18.6900,16434900
20130308,19.3000,20.2300,19.2200,19.2200,12605500
20130311,18.5900,19.1400,18.4000,19.1400,9216000
20130312,19.1500,19.2500,18.2400,18.5100,9607200
20130313,19.0000,19.8500,18.9000,19.0000,11865800
20130314,18.5000,19.4000,18.2900,18.9000,8905300
20130315,19.8100,20.3500,18.0700,18.4000,38576100
20130318,19.6900,20.2300,19.5000,19.5500,19362400
20130319,20.5500,20.8000,19.5100,19.6600,25022700
20130320,21.5000,21.8900,20.3500,20.5300,26206900
20130321,21.4000,21.5100,20.9000,21.3000,17805600
20130322,21.3400,21.8900,21.0200,21.2300,10753700
20130325,20.6900,21.6500,20.5800,21.3400,10429900
20130326,20.9500,21.0500,20.3500,20.5900,12053600
20130327,20.4800,21.2000,20.1100,21.0600,11023600
20130328,18.4300,19.4000,18.4300,19.4000,22665500
20130329,17.8300,18.5700,17.7800,18.4000,11740900
20130401,17.9700,18.3100,17.8500,17.8500,8858800
20130402,18.2400,18.4600,17.7000,18.0000,9914800
20130403,18.0500,18.5700,18.0000,18.2000,7042700
20130404,18.0500,18.0500,18.0500,18.0500,0
20130405,18.0500,18.0500,18.0500,18.0500,0
20130408,17.7000,17.7900,17.0200,17.4000,7459300
20130409,18.0600,18.4400,17.7200,17.7700,8026500
20130410,18.2100,18.5900,17.9900,18.3000,9835500
20130411,17.8800,18.6500,17.8500,18.5100,6899100
20130412,17.2400,17.9000,17.2000,17.8600,6991500
20130415,17.3200,17.4900,16.8800,17.0000,5834000
20130416,17.8600,17.9500,17.0300,17.0300,7430100
20130417,17.9400,18.2200,17.6400,17.8600,7728400
20130418,18.2000,18.3500,17.6500,17.7600,7534700
20130419,18.7400,18.9800,18.2500,18.2500,13105500
20130422,18.6000,18.7900,18.4300,18.5900,8616300
20130423,17.6200,18.6300,17.4700,18.5600,8239800
20130424,18.4400,18.7000,17.5600,17.7000,9884800
20130425,18.6000,19.2000,18.0100,18.2500,12468900
20130426,18.8000,19.1600,18.6000,18.7300,11341300
20130429,18.8000,18.8000,18.8000,18.8000,0
20130430,18.8000,18.8000,18.8000,18.8000,0
20130501,18.8000,18.8000,18.8000,18.8000,0
20130502,19.4900,19.5700,18.5300,18.6800,12160700
20130503,20.9900,21.4000,19.7400,19.7400,23271000
20130506,21.0900,21.1600,20.6800,20.8400,19456200
20130507,19.9400,20.6600,19.6800,20.6600,23110500
20130508,19.8600,20.2800,19.4900,20.0300,14375100
20130509,20.0200,20.0200,19.2000,19.7000,16068300
20130510,19.6800,20.1000,19.6000,19.7000,8737100
20130513,19.4500,19.7800,19.2500,19.6100,6162500
20130514,19.6000,20.0000,19.2900,19.4700,8393100
20130515,19.5200,19.8800,19.4200,19.7700,7033100
20130516,20.3300,20.5200,19.2100,19.5400,16034000
20130517,20.3600,20.4900,19.9800,20.2000,12034400
20130520,20.3700,20.8700,20.1700,20.3300,12318900
20130521,20.2300,20.4500,20.0900,20.3000,8829700
20130522,20.5500,20.9800,20.3100,20.3300,14154900
20130523,20.2100,20.8500,20.0600,20.4000,10722200
20130524,20.1800,20.4900,20.0000,20.2100,7281900
20130527,20.4200,20.7200,20.1500,20.1900,8359400
20130528,21.2600,21.4000,20.2100,20.3800,19404500
20130529,20.8900,21.4800,20.8000,21.4000,13449800
20130530,20.7900,21.1700,20.6900,20.7200,8858600
20130531,20.1600,21.0800,20.1600,20.8300,8584000
20130603,19.9300,20.4500,19.7500,20.2500,8435200
20130604,19.7800,20.1000,19.7000,19.8600,5993900
20130605,20.0500,20.2900,19.9000,19.9400,6405900
20130606,19.9000,20.1700,19.9000,20.0100,4820100
20130607,19.1100,20.3900,18.7700,20.1000,11253100
20130610,19.1100,19.1100,19.1100,19.1100,0
20130611,19.1100,19.1100,19.1100,19.1100,0
20130612,19.1100,19.1100,19.1100,19.1100,0
20130613,18.1100,18.9000,17.9600,18.8000,7594100
20130614,18.3100,18.3900,17.9800,18.2500,5586700
20130617,18.0600,18.4800,18.0000,18.4500,4771900
20130618,18.1800,18.3200,17.8600,18.0900,5588400
20130619,18.3900,18.6000,17.4400,18.0000,9634100
20130620,17.7400,18.2500,17.6500,18.1500,6113300
20130621,17.7700,18.0400,17.0000,17.2400,5677900
20130624,16.4500,17.9000,16.1700,17.7000,7276700
20130625,16.1500,16.5000,14.8200,16.1000,8864300
20130626,16.3000,16.6000,15.8000,16.2300,7379400
20130627,15.6000,16.6700,15.5000,16.3800,6545300
20130628,16.2400,16.6600,15.3200,15.5500,9870300
20130701,16.1700,16.2100,15.7000,16.0000,6956000
20130702,16.4000,16.5800,16.0500,16.2500,6405300
20130703,16.1000,16.3900,15.8700,16.3900,5114200
20130704,16.3600,16.6100,15.6800,15.7800,7246200
20130705,16.7500,17.1700,16.3600,16.4100,9713300
20130708,16.0500,16.7800,15.9800,16.3000,7196500
20130709,16.3600,16.8600,16.2100,16.3000,7093400
20130710,17.2600,17.4200,16.3000,16.3000,9884700
20130711,18.8100,18.9900,17.1000,17.1900,21906000
20130712,18.0100,18.9700,17.9200,18.5200,14271500
20130715,18.7300,19.4600,18.0800,18.4700,14479600
20130716,18.7600,18.9400,18.3500,18.6700,7935500
20130717,18.1700,19.0900,18.0000,18.7000,8547000
20130718,17.9300,18.3200,17.7600,18.0400,7076800
20130719,17.1400,18.2400,17.1200,17.8100,8685400
20130722,17.4600,17.5800,16.9200,16.9300,5475500
20130723,18.1700,18.5300,17.4700,17.5000,9552300
20130724,17.9600,18.0900,17.5600,18.0000,6958100
20130725,17.9700,18.5700,17.9100,17.9800,7679400
20130726,17.6200,17.8800,17.4300,17.7700,5319400
20130729,17.0200,17.4800,16.9200,17.4700,5612700
20130730,17.4000,17.8000,16.9000,17.1000,6399100
20130731,17.3500,17.8600,17.3000,17.5700,5156500
20130801,17.8800,17.9700,17.4100,17.5700,5939400
20130802,17.7500,18.2000,17.7100,18.0900,4800200
20130805,18.0000,18.2000,17.7000,17.7300,4362200
20130806,18.1200,18.2600,17.7800,18.0000,5519200
20130807,17.8500,18.4900,17.8100,18.2000,7376900
20130808,17.6600,17.9800,17.5300,17.8100,4336200
20130809,17.8600,17.9900,17.5800,17.8000,4859600
20130812,18.4700,18.5000,17.8500,17.9200,10431500
20130813,18.4400,18.5600,18.2200,18.5000,5910100
20130814,18.2700,18.8500,18.2000,18.4900,8126100
20130815,17.8600,18.4400,17.8300,18.2300,5632400
20130816,18.0500,19.4800,17.5600,17.8100,15349100
20130819,17.4500,17.7300,17.1600,17.4800,10857300
20130820,17.3200,17.7000,17.2500,17.4500,5799100
20130821,17.4800,17.6000,17.3000,17.5500,4049500
20130822,17.3200,17.6100,17.3000,17.4200,3934300
20130823,17.1000,17.5200,16.9000,17.4600,5019600
20130826,18.0500,18.1000,17.4600,17.4800,10018600
20130827,18.1700,18.3800,17.8600,17.9300,7717000
20130828,17.9000,18.1200,17.6000,17.9700,6664300
20130829,17.9200,18.4400,17.7800,18.2000,8539500
20130830,17.5100,18.1900,17.4100,17.7600,12434500
20130902,17.6500,17.7900,17.2000,17.5500,6766100
20130903,16.0400,17.3000,15.8900,17.3000,88356600
20130904,15.9100,16.2000,15.6800,15.7000,36516000
20130905,15.7300,16.0100,15.6200,15.8900,23929600
20130906,15.8100,15.9400,15.6800,15.8100,17280200
20130909,16.3700,16.8200,15.8400,15.9000,57042200
20130910,16.5800,16.5800,16.1500,16.3000,38506800
20130911,16.7900,17.2900,16.6000,16.6600,53258600
20130912,16.8900,17.2500,16.6700,16.7300,36939100
20130913,16.5900,16.9700,16.5100,16.8100,23819700
20130916,16.4000,16.8300,16.3500,16.7500,18837800
20130917,16.1000,16.4800,16.0700,16.3900,17051800
20130918,16.1600,16.2700,15.9100,16.0900,11659300
20130920,16.1600,16.1600,16.1600,16.1600,0
20130923,16.4200,16.4400,16.0700,16.2000,11952400
20130924,15.9400,16.4100,15.8000,16.4100,22149000
20130925,15.7900,16.1200,15.7300,15.9000,13810500
20130926,15.3600,15.8500,15.3600,15.7900,14670800
20130927,15.5300,15.5700,15.2500,15.4100,10393500
20130930,15.4500,15.5700,15.3900,15.5400,7801000
20131001,15.4500,15.4500,15.4500,15.4500,0
20131002,15.4500,15.4500,15.4500,15.4500,0
20131003,15.4500,15.4500,15.4500,15.4500,0
20131004,15.4500,15.4500,15.4500,15.4500,0
20131007,15.4500,15.4500,15.4500,15.4500,0
20131008,15.7100,15.7900,15.2600,15.4000,10732800
20131009,15.8700,15.9100,15.5700,15.6600,10158500
20131010,15.5400,15.9000,15.4600,15.8800,10382600
20131011,15.8900,15.9500,15.6400,15.6900,12091900
20131014,15.8800,15.9600,15.7800,15.9000,8780600
20131015,15.9500,16.1500,15.8100,16.0500,10437300
20131016,15.4700,15.8900,15.3800,15.8500,10032500
20131017,15.6400,15.8800,15.4800,15.6200,9263600
20131018,15.9300,16.1900,15.5600,15.6400,17802000
20131021,16.0700,16.1200,15.7900,16.0800,15607800
20131022,15.7900,16.1000,15.7600,16.0600,11586500
20131023,15.8800,16.1900,15.7600,15.8100,12033300
20131024,15.6100,15.9100,15.5700,15.8800,9520600
20131025,15.6100,15.8900,15.5400,15.6500,9068700
20131028,15.6100,15.7600,15.4900,15.5700,5883200
20131029,15.7400,16.0800,15.2700,15.6900,17415900
20131030,15.8300,15.8900,15.5600,15.7400,13387700
20131031,15.8000,16.0000,15.6900,15.9000,10882800
20131101,15.9000,15.9800,15.6100,15.6500,12123100
20131104,15.6800,16.0500,15.6700,16.0000,9244600
20131105,15.5200,15.6100,15.1800,15.6100,12197300
20131106,15.2100,15.5300,15.2000,15.3700,9941700
20131107,14.9400,15.2100,14.8900,15.1800,10798600
20131108,14.4800,15.0400,14.4500,14.8800,9484600
20131111,14.5100,14.5900,14.4000,14.4600,6259700
20131112,14.7300,14.7800,14.5200,14.5800,6183200
20131113,14.2200,14.6400,14.2200,14.6300,6947400
20131114,14.3100,14.3400,14.0600,14.3200,5731800
20131115,15.0300,15.5000,14.3300,14.3800,20604700
20131118,15.7000,15.8000,15.0000,15.1600,27106500
20131119,15.4300,15.6500,15.3300,15.6500,14240300
20131120,15.5000,15.6800,15.3600,15.5000,9376700
20131121,15.6300,15.7200,15.1200,15.3800,18592000
20131122,15.6000,15.8900,15.5500,15.6900,15976000
20131125,15.3900,15.8200,15.2100,15.4800,12335800
20131126,15.4500,15.8000,15.3000,15.3800,12330600
20131127,16.1000,16.1900,15.4200,15.4900,33015100
20131128,15.9900,16.3400,15.9200,16.0300,20763700
20131129,15.9700,16.1400,15.8600,16.0400,12904200
20131202,16.4000,17.1000,16.2000,16.5600,59424600
20131203,16.3300,16.4800,16.0300,16.2500,24632500
20131204,16.3800,16.6400,16.2000,16.3600,29652800
20131205,16.4200,16.6100,16.2900,16.4000,19954200
20131206,16.0000,16.3300,15.9100,16.2500,24328000
20131209,16.0000,16.2500,15.9500,16.0500,13840700
20131210,16.0700,16.1300,15.9100,16.0000,10432800
20131211,15.7000,15.9900,15.6100,15.9800,12972600
20131212,15.7100,15.8500,15.5500,15.6900,9902400
20131213,15.8000,15.9400,15.5300,15.5600,7816900
20131216,15.5600,16.0200,15.5600,16.0000,9859200
20131217,15.5600,15.8000,15.5000,15.5400,7430800
20131218,15.8200,15.8400,15.5700,15.6400,11849700
20131219,15.6400,15.9700,15.5800,15.8900,12955300
20131220,15.2700,15.7000,15.2700,15.6500,10015600
20131223,15.1000,15.3300,14.8100,15.2600,7811100
20131224,15.1300,15.3600,15.0100,15.1400,6609300
20131225,15.3500,15.4200,15.1100,15.1700,6261900
20131226,15.0200,15.3500,15.0100,15.3500,5840700
20131227,15.3800,15.4500,15.0300,15.0500,8135500
20131230,15.4400,15.5700,15.3700,15.5200,6558300
20131231,15.8200,15.9400,15.3700,15.4400,12591900
20140101,15.8200,15.8200,15.8200,15.8200,0
20140102,15.8800,15.9100,15.7200,15.8300,8388300
20140103,15.6700,15.8100,15.5500,15.8100,7666300
20140106,15.3400,15.6600,15.0000,15.6500,8477400
20140107,15.4000,15.4300,15.1800,15.2800,6557800
20140108,15.6400,15.8200,15.3500,15.4400,9511200
20140109,15.3600,15.8500,15.3600,15.6600,10307600
20140110,15.3700,15.6000,15.1900,15.3200,8559500
20140113,15.1400,15.4800,15.0800,15.3000,7386700
20140114,15.3400,15.4100,15.1200,15.1900,4942000
20140115,15.2600,15.4700,15.0200,15.4100,8777300
20140116,15.2800,15.4600,15.1400,15.2600,7848400
20140117,15.0700,15.2500,14.9700,15.2100,7830400
20140120,15.0900,15.2800,14.9900,15.0200,6105900
20140121,15.3900,15.5700,15.1800,15.2200,9915600
20140122,15.7300,15.7900,15.3300,15.4500,13277300
20140123,15.5800,15.7700,15.4900,15.7700,14563300
20140124,15.7600,15.8500,15.5300,15.5600,13178200
20140127,15.4700,15.7200,15.4500,15.6700,9252700
20140128,15.5700,15.7200,15.4800,15.4900,7242700
20140129,16.0200,16.0600,15.6000,15.6800,15777400
20140130,15.9600,16.4100,15.8600,15.9300,19046200
20140131,15.9600,15.9600,15.9600,15.9600,0
20140203,15.9600,15.9600,15.9600,15.9600,0
20140205,15.9600,15.9600,15.9600,15.9600,0
20140206,15.9600,15.9600,15.9600,15.9600,0
20140207,16.2400,16.2800,15.7100,15.8000,16918700
20140210,16.4800,16.6400,16.2600,16.2600,19865900
20140211,16.3700,16.6800,16.2500,16.4300,22044900
20140212,16.2500,16.5700,16.1800,16.4500,16619100
20140213,16.0800,16.4300,16.0200,16.2300,13848700
20140214,16.1800,16.2400,16.0400,16.1400,10982100
20140217,16.1900,16.3200,16.1200,16.2500,15964500
20140218,15.5800,16.2400,15.5400,16.1900,24520100
20140219,15.6500,15.7700,15.3000,15.5300,17260200
20140220,15.2000,15.8400,15.1800,15.6400,16676600
20140221,14.8100,15.1700,14.6600,15.1000,16636500
20140224,14.7200,14.7800,14.5800,14.7000,11130100
20140225,14.3800,14.8600,14.3200,14.7500,12750300
