20130226,5.2100,5.2100,5.2100,5.2100,0
20130227,5.2100,5.2100,5.2100,5.2100,0
20130228,5.2100,5.2100,5.2100,5.2100,0
20130301,5.2100,5.2100,5.2100,5.2100,0
20130304,5.2100,5.2100,5.2100,5.2100,0
20130305,5.2100,5.2100,5.2100,5.2100,0
20130306,5.2100,5.2100,5.2100,5.2100,0
20130307,5.2100,5.2100,5.2100,5.2100,0
20130308,5.2100,5.2100,5.2100,5.2100,0
20130311,5.2100,5.2100,5.2100,5.2100,0
20130312,5.2100,5.2100,5.2100,5.2100,0
20130313,5.2100,5.2100,5.2100,5.2100,0
20130314,5.2100,5.2100,5.2100,5.2100,0
20130315,5.2100,5.2100,5.2100,5.2100,0
20130318,5.2100,5.2100,5.2100,5.2100,0
20130319,5.2100,5.2100,5.2100,5.2100,0
20130320,5.2100,5.2100,5.2100,5.2100,0
20130321,5.2100,5.2100,5.2100,5.2100,0
20130322,5.2100,5.2100,5.2100,5.2100,0
20130325,5.2100,5.2100,5.2100,5.2100,0
20130326,5.2100,5.2100,5.2100,5.2100,0
20130327,5.2100,5.2100,5.2100,5.2100,0
20130328,5.2100,5.2100,5.2100,5.2100,0
20130329,5.2100,5.2100,5.2100,5.2100,0
20130401,5.2100,5.2100,5.2100,5.2100,0
20130402,5.2100,5.2100,5.2100,5.2100,0
20130403,5.2100,5.2100,5.2100,5.2100,0
20130404,5.2100,5.2100,5.2100,5.2100,0
20130405,5.2100,5.2100,5.2100,5.2100,0
20130408,5.2100,5.2100,5.2100,5.2100,0
20130409,5.2100,5.2100,5.2100,5.2100,0
20130410,5.2100,5.2100,5.2100,5.2100,0
20130411,5.2100,5.2100,5.2100,5.2100,0
20130412,5.2100,5.2100,5.2100,5.2100,0
20130415,5.2100,5.2100,5.2100,5.2100,0
20130416,5.2100,5.2100,5.2100,5.2100,0
20130417,5.2100,5.2100,5.2100,5.2100,0
20130418,5.2100,5.2100,5.2100,5.2100,0
20130419,5.2100,5.2100,5.2100,5.2100,0
20130422,5.2100,5.2100,5.2100,5.2100,0
20130423,5.2100,5.2100,5.2100,5.2100,0
20130424,5.2100,5.2100,5.2100,5.2100,0
20130425,5.2100,5.2100,5.2100,5.2100,0
20130426,7.2100,8.7500,7.1500,7.6800,49886700
20130429,7.2100,7.2100,7.2100,7.2100,0
20130430,7.2100,7.2100,7.2100,7.2100,0
20130501,7.2100,7.2100,7.2100,7.2100,0
20130502,6.8400,7.8600,6.6000,7.5100,30503900
20130503,7.1200,7.4000,6.6700,6.7600,24169600
20130506,7.0700,7.1700,6.9200,7.0100,19183900
20130507,6.8200,7.0100,6.7500,6.9500,18055700
20130508,6.7500,7.0600,6.6700,6.7600,17404300
20130509,6.5700,6.8600,6.4600,6.7900,17370200
20130510,6.4000,6.5700,6.2900,6.5100,13009700
20130513,6.4000,6.5000,6.2900,6.4000,9472500
20130514,6.4400,6.6000,6.3100,6.4300,14959500
20130515,6.3200,6.4100,6.1800,6.3400,11615700
20130516,6.5100,6.7800,6.1900,6.2500,19380200
20130517,6.4900,6.6200,6.4000,6.4500,13422000
20130520,6.4900,6.5600,6.3900,6.5000,10795200
20130521,6.6000,6.7400,6.4800,6.5100,14425800
20130522,7.0000,7.2600,6.5200,6.5800,27711500
20130523,6.6600,6.9000,6.6300,6.8000,14317100
20130524,6.7100,6.7500,6.5100,6.6200,10606500
20130527,6.7300,6.7400,6.5300,6.6500,8717900
20130528,6.9200,7.2200,6.6300,6.7100,16345700
20130529,6.9000,6.9600,6.7000,6.8700,11491300
20130530,6.7600,6.9300,6.7400,6.8300,6592300
20130531,6.6400,6.9700,6.6200,6.7600,7414500
20130603,6.7100,6.8300,6.6000,6.6000,6801400
20130604,6.5400,6.7800,6.5100,6.6600,6387000
20130605,6.5400,6.5900,6.4300,6.5000,4999300
20130606,6.4600,6.6200,6.4500,6.5700,5335400
20130607,6.5400,6.7100,6.4800,6.4800,6919000
20130610,6.5400,6.5400,6.5400,6.5400,0
20130611,6.5400,6.5400,6.5400,6.5400,0
20130612,6.5400,6.5400,6.5400,6.5400,0
20130613,6.0600,6.4800,5.9300,6.4800,6729200
20130614,6.0900,6.1500,6.0100,6.0700,3664400
20130617,5.9000,6.1200,5.9000,6.1100,4587100
20130618,5.9300,6.0100,5.9000,5.9000,4470500
20130619,5.8900,5.9400,5.6600,5.9300,5952400
20130620,5.7000,5.9200,5.6600,5.8300,4385400
20130621,5.5500,5.6500,5.4100,5.6000,4219200
20130624,5.1000,5.5400,5.0600,5.5100,6299300
20130625,4.9300,5.0300,4.5900,5.0000,6735700
20130626,5.0000,5.0300,4.8200,4.9300,5039600
20130627,5.0500,5.4500,5.0400,5.0900,9970800
20130628,4.9900,5.1800,4.7100,4.9500,6115800
20130701,5.1000,5.1300,4.9000,5.0000,4669000
20130702,5.3700,5.4200,5.0600,5.1500,9920200
20130703,5.4600,5.5000,5.2600,5.2900,11214900
20130704,5.4100,5.6100,5.3000,5.4100,8796100
20130705,5.4000,5.5800,5.3700,5.4200,6043700
20130708,4.9500,5.3100,4.9400,5.2900,6505200
20130709,5.0200,5.0900,4.9300,4.9300,3249000
20130710,5.1600,5.1700,4.9800,5.0000,4508700
20130711,5.6800,5.6800,5.1600,5.1600,16531800
20130712,5.6800,5.8300,5.6000,5.7500,17555100
20130715,5.5500,5.5700,5.3800,5.4200,16453900
20130716,5.5200,5.5400,5.3300,5.4900,11074300
20130717,5.3800,5.6000,5.3700,5.5200,8904400
20130718,5.1800,5.3600,5.1400,5.3200,6822500
20130719,4.9600,5.2200,4.9600,5.1700,6160800
20130722,5.1700,5.2200,5.0500,5.0800,7637700
20130723,5.2800,5.3500,5.0600,5.1000,8973900
20130724,5.1600,5.2600,5.0600,5.2600,6785900
20130725,5.1300,5.2900,5.1200,5.2000,5960200
20130726,5.0500,5.1800,4.9800,5.0700,7063400
20130729,4.9200,5.0000,4.8900,4.9900,5315000
20130730,4.9000,4.9600,4.7600,4.8700,3851400
20130731,4.9100,5.0300,4.8900,4.9500,2443300
20130801,5.1800,5.1800,4.9500,5.0000,6988400
20130802,5.1500,5.2200,5.1000,5.1600,4226200
20130805,5.1500,5.1600,5.0700,5.1000,3760600
20130806,5.2000,5.2000,5.0800,5.1300,4431000
20130807,5.1800,5.3400,5.1500,5.2000,4813800
20130808,5.2100,5.2500,5.0400,5.1200,4416500
20130809,5.2900,5.3400,5.1000,5.2100,6226800
20130812,5.5100,5.6700,5.2500,5.3400,9954700
20130813,6.0600,6.0600,5.5500,5.5500,29658400
20130814,5.9900,6.1200,5.8000,6.0100,28571800
20130815,5.7500,5.9600,5.7300,5.8500,13477100
20130816,5.4800,5.8600,5.4500,5.6300,10483400
20130819,5.5900,5.6300,5.3600,5.4100,7631000
20130820,5.8400,5.8400,5.4600,5.5900,13909100
20130821,6.0200,6.3200,6.0000,6.0000,26646100
20130822,5.7400,5.9200,5.7300,5.8500,12459500
20130823,5.8300,5.8500,5.5100,5.7400,10345500
20130826,5.8600,5.8700,5.7300,5.7800,8345800
20130827,5.7600,5.8900,5.7600,5.8800,7450300
20130828,5.5200,5.7300,5.5200,5.7300,8536100
20130829,5.5700,5.6200,5.5100,5.5300,5133100
20130830,5.4500,5.6100,5.4000,5.5500,7184500
20130902,5.4700,5.4900,5.2800,5.4400,5279000
20130903,5.6100,5.6200,5.4500,5.5000,5537100
20130904,5.6600,5.6900,5.5200,5.6100,5996400
20130905,5.4900,5.6500,5.4700,5.6200,5120700
20130906,5.4800,5.5300,5.4100,5.4500,4034500
20130909,5.7200,5.7800,5.4800,5.5400,10915600
20130910,5.7200,5.7400,5.6100,5.7000,8173400
20130911,5.9000,6.1900,5.6900,5.7300,19350800
20130912,5.8000,5.9900,5.5800,5.7800,14505800
20130913,5.6300,5.8000,5.6100,5.7500,7847400
20130916,5.5400,5.6600,5.5000,5.5900,5151400
20130917,5.5300,5.6600,5.5100,5.5100,4913400
20130918,5.6200,5.6400,5.4500,5.5000,4060900
20130920,5.6200,5.6200,5.6200,5.6200,0
20130923,5.6200,5.6600,5.5300,5.5900,4616800
20130924,5.4900,5.6100,5.4600,5.6100,5201400
20130925,5.3900,5.5100,5.3700,5.5000,5080600
20130926,5.3200,5.4400,5.2900,5.4100,3708600
20130927,5.3900,5.4100,5.2900,5.3200,2624400
20130930,5.4200,5.4400,5.3600,5.4100,1821200
20131001,5.4200,5.4200,5.4200,5.4200,0
20131002,5.4200,5.4200,5.4200,5.4200,0
20131003,5.4200,5.4200,5.4200,5.4200,0
20131004,5.4200,5.4200,5.4200,5.4200,0
20131007,5.4200,5.4200,5.4200,5.4200,0
20131008,5.4400,5.4700,5.3600,5.3700,2692600
20131009,5.4400,5.4600,5.3800,5.4000,2991600
20131010,5.3700,5.4700,5.3500,5.4400,2693400
20131011,5.4600,5.4800,5.3700,5.3700,3934000
20131014,5.4800,5.5200,5.4400,5.4800,4404500
20131015,5.4900,5.5400,5.4300,5.5000,3249300
20131016,5.5600,5.7100,5.4400,5.4900,11096500
20131017,5.4300,5.6600,5.4300,5.5400,6391100
20131018,5.2200,5.4300,5.1700,5.3900,6759700
20131021,5.2900,5.2900,5.1500,5.2300,3972300
20131022,5.2300,5.3000,5.2000,5.3000,3922900
20131023,5.1500,5.2800,5.1100,5.2200,3866100
20131024,5.1300,5.1800,5.1100,5.1500,1860800
20131025,5.0000,5.1500,4.9800,5.1200,2719100
20131028,4.9100,5.0700,4.8900,5.0400,2174900
20131029,4.9500,5.0900,4.7100,4.9600,6148800
20131030,4.9900,5.0600,4.9000,4.9500,2758700
20131031,5.0600,5.1900,4.9800,5.0000,4162600
20131101,4.9700,5.0500,4.7800,5.0200,2131900
20131104,5.0500,5.0700,4.9600,4.9800,2371800
20131105,5.0400,5.0600,4.9400,5.0400,2173000
20131106,4.9600,5.0700,4.9500,5.0500,2170200
20131107,4.8300,4.9600,4.8100,4.9300,2034400
20131108,4.7400,4.8200,4.7300,4.8200,1630600
20131111,4.8000,4.8100,4.7100,4.7400,1322700
20131112,4.8300,4.8600,4.7600,4.7700,1981000
20131113,4.7200,4.8000,4.7100,4.8000,1871400
20131114,4.7700,4.7800,4.6800,4.7200,1398700
20131115,4.8400,4.9000,4.7700,4.7900,3067800
20131118,4.9400,4.9600,4.8600,4.8900,3192900
20131119,4.9600,5.0100,4.9000,4.9400,3000100
20131120,4.9700,5.0000,4.9100,4.9700,2151700
20131121,4.9900,5.0300,4.8900,4.9800,3839700
20131122,4.9200,4.9900,4.9100,4.9800,1913900
20131125,5.1700,5.2700,4.8800,4.8900,9312100
20131126,5.1500,5.2000,5.0800,5.1000,7906300
20131127,5.1300,5.2000,5.1000,5.1000,6777600
20131128,5.1700,5.2800,5.1200,5.1300,9534100
20131129,5.1100,5.1900,5.1000,5.1800,4520600
20131202,4.9400,5.1300,4.8800,5.0100,5688000
20131203,5.1100,5.1300,4.9000,4.9000,4248200
20131204,5.1400,5.2400,5.1000,5.1500,5725000
20131205,5.1100,5.1500,5.0700,5.1100,2881200
20131206,5.3100,5.3300,5.0800,5.1100,6958800
20131209,5.2700,5.3700,5.2200,5.2500,5720100
20131210,5.2000,5.3000,5.1600,5.2600,4758300
20131211,5.0800,5.1900,5.0300,5.1500,4677900
20131212,5.0600,5.1100,5.0400,5.1000,2196800
20131213,5.0800,5.1000,5.0100,5.0100,1756200
20131216,5.0100,5.1500,5.0100,5.1400,2518500
20131217,5.0200,5.0600,4.9600,5.0300,1569600
20131218,5.0500,5.0700,5.0100,5.0500,1502600
20131219,4.9700,5.1000,4.9600,5.0700,1479500
20131220,4.8700,5.0000,4.8100,4.9500,1855200
20131223,4.8000,4.9000,4.7700,4.8800,1222300
20131224,4.8200,4.8600,4.7600,4.8400,1340700
20131225,4.8200,4.8500,4.7800,4.8100,1078200
20131226,4.6500,4.8500,4.6500,4.8500,1905700
20131227,4.7200,4.7400,4.6600,4.6600,1228100
20131230,4.6700,4.7700,4.6600,4.7700,1512400
20131231,4.7300,4.7500,4.6500,4.6700,1172700
20140101,4.7300,4.7300,4.7300,4.7300,0
20140102,4.7800,4.7900,4.7000,4.7100,1288300
20140103,4.7200,4.7800,4.6900,4.7500,1156400
20140106,4.5500,4.7200,4.5100,4.7200,1824500
20140107,4.5600,4.5700,4.4800,4.5600,1106200
20140108,4.5100,4.5900,4.4900,4.5700,1142700
20140109,4.4500,4.5800,4.4100,4.5100,1337200
20140110,4.4400,4.5100,4.4100,4.4700,862100
20140113,4.4300,4.4900,4.4100,4.4400,584000
20140114,4.5300,4.5400,4.3900,4.4300,1120500
20140115,4.5200,4.5500,4.4400,4.5100,1123100
20140116,4.5300,4.5800,4.4900,4.5000,935100
20140117,4.4200,4.5400,4.3900,4.5000,1044700
20140120,4.4000,4.4500,4.3800,4.4000,693000
20140121,4.8400,4.8400,4.5000,4.5000,6992700
20140122,4.9200,5.0200,4.8000,4.8400,8170200
20140123,4.8800,5.0100,4.8300,4.8500,3507600
20140124,4.8700,4.9500,4.8200,4.8200,3765700
20140127,4.7600,4.8900,4.7400,4.8900,2773600
20140128,4.7800,4.8000,4.7000,4.7500,1716300
20140129,4.7700,4.8200,4.7400,4.7800,1398200
20140130,4.7500,4.8100,4.7300,4.7600,764200
20140131,4.7500,4.7500,4.7500,4.7500,0
20140203,4.7500,4.7500,4.7500,4.7500,0
20140205,4.7500,4.7500,4.7500,4.7500,0
20140206,4.7500,4.7500,4.7500,4.7500,0
20140207,4.8600,4.8700,4.7500,4.8000,1616800
20140210,5.0200,5.1100,4.8500,4.8500,3727500
20140211,4.9400,5.0200,4.9200,5.0200,3133300
20140212,4.9700,4.9900,4.9200,4.9200,2563300
20140213,4.9000,5.0200,4.9000,4.9500,2080000
20140214,4.9800,4.9900,4.8800,4.9000,2285600
20140217,4.9900,5.0200,4.9500,5.0100,2331200
20140218,4.9200,4.9900,4.9000,4.9900,2721200
20140219,5.1100,5.2000,4.9000,4.9200,7048100
20140220,4.9700,5.0900,4.9700,5.0100,4624700
20140221,4.9400,4.9900,4.9100,4.9700,1988500
20140224,4.7600,4.9400,4.7600,4.9400,2737200
20140225,4.5300,4.8000,4.5100,4.7800,2705300
