20130226,12.2900,12.9300,11.5300,11.6500,25594500
20130227,13.2600,13.4500,12.0900,12.2000,31144500
20130228,13.1500,13.2900,12.8100,13.1000,19090500
20130301,13.7300,14.1900,13.1500,13.1600,25598000
20130304,14.4000,14.8000,13.5200,13.7300,28233300
20130305,14.5500,14.5700,13.8200,14.2000,21693900
20130306,13.7600,14.5000,13.5400,14.5000,30267000
20130307,13.3000,13.7700,13.1500,13.7700,18220100
20130308,12.7300,13.4900,12.5200,13.2700,16731700
20130311,12.9900,13.3500,12.6500,12.7500,15426000
20130312,12.6400,12.9100,12.2100,12.9100,11484200
20130313,12.9900,13.1700,12.2500,12.5500,13761300
20130314,12.8100,13.3500,12.8000,12.8300,9758400
20130315,12.8900,13.1800,12.2500,12.8100,11475000
20130318,13.0600,13.2700,12.6100,12.7000,10408200
20130319,13.8600,13.9500,13.0100,13.0100,22033800
20130320,13.9800,14.0900,13.6200,13.8500,17613100
20130321,13.8400,14.2900,13.7100,13.9800,15101200
20130322,14.1000,14.1900,13.7800,13.7800,11959900
20130325,13.7700,14.5000,13.7600,14.3500,12557300
20130326,13.5500,13.8600,13.4300,13.5800,7834300
20130327,14.1600,14.3400,13.6100,13.6100,14108300
20130328,14.0000,14.2000,13.5700,14.0000,10993700
20130329,14.1000,14.4100,13.8900,13.9800,10710600
20130401,13.4600,13.9500,13.2500,13.9100,13811200
20130402,12.5500,13.5600,12.3800,13.2600,14778700
20130403,12.7900,13.1900,12.0700,12.5500,12746000
20130404,12.7900,12.7900,12.7900,12.7900,0
20130405,12.7900,12.7900,12.7900,12.7900,0
20130408,12.8500,13.1000,12.1800,12.5600,8554900
20130409,12.9200,13.0600,12.7400,12.8900,6069600
20130410,12.9200,13.1600,12.7000,12.9500,7715700
20130411,12.7800,13.0900,12.7200,12.9200,6030200
20130412,12.3200,12.8000,12.2900,12.7300,5587600
20130415,12.2400,12.3400,12.0700,12.1700,3864800
20130416,12.3700,12.4200,12.0500,12.1000,3276100
20130417,12.5500,12.6200,12.3200,12.3700,4414400
20130418,12.5800,12.6500,12.4200,12.4800,2942000
20130419,12.7200,12.8000,12.5500,12.5800,5933300
20130422,12.5400,12.6500,12.4200,12.6500,4875500
20130423,11.8000,12.6500,11.8000,12.5400,8724300
20130424,11.8400,11.9500,11.5200,11.7200,7700900
20130425,11.6900,12.0700,11.6600,11.8500,5487500
20130426,11.4000,11.8200,11.2100,11.7100,5620500
20130429,11.4000,11.4000,11.4000,11.4000,0
20130430,11.4000,11.4000,11.4000,11.4000,0
20130501,11.4000,11.4000,11.4000,11.4000,0
20130502,10.7900,11.1700,10.6800,11.1700,6498400
20130503,11.1300,11.2800,10.8300,10.8300,4940100
20130506,11.3300,11.3600,11.1500,11.1500,4246900
20130507,11.3400,11.3700,11.1400,11.3000,3510200
20130508,11.3400,11.4900,11.2600,11.3300,4438200
20130509,11.7600,11.8900,11.2800,11.3600,7765200
20130510,11.8000,11.9100,11.6200,11.7100,5145100
20130513,12.8400,12.8800,11.9000,11.9500,16024200
20130514,12.5400,12.9600,12.4100,12.8900,8901300
20130515,12.9000,13.1700,12.6500,12.6500,12512800
20130516,13.0300,13.0700,12.6200,12.7100,10062700
20130517,13.0300,13.4200,12.9700,13.1500,10624300
20130520,13.1700,13.3800,13.0400,13.0900,9593100
20130521,13.6500,13.8200,12.9900,13.1200,14631600
20130522,13.0900,13.7400,13.0300,13.7400,10437300
20130523,13.2100,13.5800,13.0800,13.0900,11680000
20130524,13.4200,13.5000,13.1600,13.4000,7352900
20130527,13.9000,14.2700,13.4100,13.4700,12030100
20130528,13.5400,14.1400,13.4800,13.9000,9964400
20130529,14.0500,14.2000,13.5600,13.5800,13526200
20130530,13.9700,14.0800,13.7500,14.0200,7812300
20130531,13.6400,14.0000,13.6100,13.9100,6205900
20130603,13.5400,13.8000,13.3300,13.6200,5955200
20130604,13.1700,13.6800,13.1000,13.6000,7191100
20130605,13.0800,13.3300,12.9800,13.1800,3924700
20130606,13.0200,13.4100,12.9600,13.0500,4733500
20130607,12.5600,13.1500,12.3100,13.0000,6057900
20130610,12.5600,12.5600,12.5600,12.5600,0
20130611,12.5600,12.5600,12.5600,12.5600,0
20130612,12.5600,12.5600,12.5600,12.5600,0
20130613,12.1100,12.4900,11.5300,12.4900,3558600
20130614,12.2000,12.2400,11.9000,12.0900,3789800
20130617,13.3900,13.3900,12.2100,12.2200,10091300
20130618,13.3300,14.1300,13.2100,13.9000,13995900
20130619,12.6900,13.3000,12.3200,13.3000,10059000
20130620,11.8000,12.5000,11.7900,12.5000,7584400
20130621,11.3200,11.5700,11.0100,11.3700,6735400
20130624,10.2000,11.3200,10.1900,11.2700,6645500
20130625,10.5000,10.7200,9.1800,9.8900,8880200
20130626,10.5000,10.6400,10.1600,10.5000,6111800
20130627,10.0600,10.8200,10.0000,10.6100,5787700
20130628,9.8800,10.3500,9.6500,9.7900,4473100
20130701,10.1800,10.2000,9.8300,9.8800,3383900
20130702,10.6300,10.7500,10.0600,10.2000,6194200
20130703,10.4800,10.6000,10.1500,10.5800,4744600
20130704,11.5300,11.5300,10.3100,10.3600,9214200
20130705,11.2900,12.0100,11.1200,11.8000,12322000
20130708,10.4600,10.9800,10.4200,10.9800,7296900
20130709,10.6600,10.6800,10.2400,10.4600,3734000
20130710,10.9500,10.9600,10.4000,10.6500,5710400
20130711,11.1600,11.4500,10.8500,10.9500,7236100
20130712,10.8700,11.3600,10.8700,11.1000,5902000
20130715,11.0500,11.1500,10.7600,10.7600,4333700
20130716,11.3600,11.4500,11.0500,11.0900,7436500
20130717,11.1900,11.6700,11.1200,11.3700,7497600
20130718,11.2600,11.3700,10.7700,11.0500,6419400
20130719,10.8000,11.2600,10.7700,11.1500,5041200
20130722,10.8100,10.8800,10.5100,10.5400,2907000
20130723,11.0100,11.0700,10.8000,10.8000,4011000
20130724,11.1400,11.2700,10.9000,10.9800,5674400
20130725,11.2000,11.4000,11.0300,11.2200,6023900
20130726,10.7400,11.2000,10.6500,11.1800,6686100
20130729,10.4800,10.8900,10.4800,10.6900,3222200
20130730,10.6300,10.6700,10.4100,10.5500,2616600
20130731,10.6900,10.8300,10.5500,10.7000,2708200
20130801,10.8500,10.8700,10.6000,10.7300,3709000
20130802,11.0300,11.2300,10.8100,10.9000,5930500
20130805,11.0700,11.1600,10.8600,11.0000,4092500
20130806,11.1400,11.1700,11.0100,11.0900,3915900
20130807,11.1100,11.3100,11.0300,11.1300,4435100
20130808,10.8900,11.1100,10.8800,11.1100,3174400
20130809,10.7800,11.0900,10.6700,10.8900,3213400
20130812,11.0000,11.0100,10.7100,10.7600,3418600
20130813,11.0800,11.1000,10.9700,11.0500,3352100
20130814,10.8500,11.1400,10.8000,11.0700,4204200
20130815,10.6700,10.9500,10.6500,10.8800,3150900
20130816,10.5800,10.8700,10.5500,10.6700,3157800
20130819,10.6200,10.8500,10.4100,10.4500,2354200
20130820,10.5400,10.7200,10.5000,10.6300,2152900
20130821,10.5700,10.6000,10.4200,10.6000,2182600
20130822,10.4600,10.6500,10.4300,10.6000,2434600
20130823,10.3400,10.5500,10.2000,10.4800,2510300
20130826,10.5300,10.5900,10.3400,10.3400,3130100
20130827,10.7800,10.7800,10.5500,10.5500,4787500
20130828,11.5200,11.7600,10.8600,10.9600,20302600
20130829,11.1700,11.4800,11.0100,11.4800,10667500
20130830,11.0900,11.1200,10.8200,11.1200,6414000
20130902,11.2500,11.6400,11.1500,11.2700,9016600
20130903,11.3600,11.3700,10.9100,11.1400,5477800
20130904,11.6500,11.8500,11.3800,11.4500,13656100
20130905,11.3900,11.6800,11.3600,11.5800,6485700
20130906,11.7400,11.8500,11.3400,11.3400,11804800
20130909,12.2200,12.6000,11.5700,11.8000,17957700
20130910,12.1800,12.3400,11.9300,12.0000,11448600
20130911,11.5700,12.5800,11.5100,12.4300,14281200
20130912,11.5500,11.8000,11.3800,11.6000,6130100
20130913,11.3700,11.5700,11.2600,11.5700,4393500
20130916,11.4500,11.7200,11.3100,11.3900,5323400
20130917,11.2900,11.5800,11.2800,11.4500,4092100
20130918,11.3800,11.4900,11.2100,11.3000,2973400
20130920,11.3800,11.3800,11.3800,11.3800,0
20130923,11.4800,11.5600,11.3100,11.3600,3902600
20130924,11.3400,11.5900,11.2900,11.4500,4116200
20130925,11.4800,11.6000,11.2800,11.2900,6849200
20130926,10.9700,11.7000,10.9500,11.4500,7016300
20130927,10.6200,11.0400,10.6000,10.8700,5360100
20130930,10.6900,10.8200,10.5500,10.6100,2412400
20131001,10.6900,10.6900,10.6900,10.6900,0
20131002,10.6900,10.6900,10.6900,10.6900,0
20131003,10.6900,10.6900,10.6900,10.6900,0
20131004,10.6900,10.6900,10.6900,10.6900,0
20131007,10.6900,10.6900,10.6900,10.6900,0
20131008,10.8700,10.9300,10.5600,10.6900,3096700
20131009,11.1500,11.1500,10.8100,10.8700,4385500
20131010,10.9300,11.2400,10.8900,11.1800,3899900
20131011,10.9900,11.0400,10.9100,10.9300,3288600
20131014,10.9100,11.0400,10.8000,11.0200,4190400
20131015,10.8900,10.9600,10.7200,10.9500,3633500
20131016,10.3600,11.0700,10.2500,10.9800,5631900
20131017,10.3800,10.5900,10.3500,10.3800,3081200
20131018,10.4600,10.5900,10.4000,10.4000,1949300
20131021,10.6800,10.7800,10.4100,10.4700,3409300
20131022,10.7600,10.8000,10.6000,10.6300,2920400
20131023,10.4400,10.8200,10.4000,10.7800,2533100
20131024,10.5000,10.5900,10.3700,10.5900,2110900
20131025,10.2500,10.5900,10.2200,10.5900,2154500
20131028,10.3600,10.4300,10.2100,10.2800,1341000
20131029,9.8000,10.4500,9.6000,10.4200,2775500
20131030,9.9900,10.0900,9.7200,9.8100,2217600
20131031,9.9300,10.0500,9.8900,10.0500,1148600
20131101,10.0000,10.0300,9.8900,10.0100,939600
20131104,9.9700,10.1000,9.9600,10.1000,991300
20131105,10.0400,10.0600,9.7400,9.9800,1928700
20131106,10.0500,10.1700,9.9700,10.0800,2147400
20131107,9.8400,10.1300,9.8300,10.0500,1523100
20131108,9.8000,9.8500,9.6000,9.8400,1637400
20131111,9.8500,9.9500,9.6700,9.7600,1330200
20131112,9.9200,9.9800,9.7800,9.8800,1175400
20131113,10.2100,10.7200,10.1900,10.2000,6914300
20131114,10.9200,11.0200,10.0000,10.2000,12130600
20131115,11.3200,11.9000,10.7700,11.0000,17040600
20131118,11.5700,12.1000,11.2600,11.5800,15467600
20131119,11.7300,11.9700,11.4100,11.5700,9122600
20131120,12.9000,12.9000,11.7000,11.9300,27723400
20131121,13.2600,13.8500,12.9500,13.2400,32275400
20131122,12.7900,13.3000,12.6800,13.1300,17966900
20131125,12.6400,13.1900,12.6100,13.1000,15140900
20131126,12.6600,13.1800,12.1500,12.5500,17149500
20131127,13.0800,13.2000,12.4800,12.6000,12434800
20131128,12.8800,13.1900,12.8300,13.1000,7628100
20131129,13.3100,13.6000,12.7700,12.8100,15967500
20131202,11.9800,13.2300,11.9800,13.0000,11459800
20131203,12.2800,12.4000,11.8600,11.9300,4960200
20131204,12.5200,12.8000,12.1700,12.3500,6503200
20131205,12.2900,12.8000,12.1900,12.5700,4626400
20131206,12.1400,12.3400,12.0000,12.3400,4017500
20131209,12.4900,12.6000,12.0200,12.2600,5067500
20131210,12.2200,12.5200,12.0800,12.4800,3704100
20131211,11.9800,12.3800,11.9000,12.1800,3541500
20131212,11.9700,12.1700,11.8900,11.9900,2905900
20131213,11.9100,12.0700,11.8100,11.9000,1921500
20131216,11.6000,12.0000,11.5900,11.8600,2853900
20131217,11.9800,12.1200,11.5000,11.6000,5378700
20131218,11.8000,12.0500,11.7100,11.8800,2502200
20131219,11.5500,11.9700,11.5400,11.8500,1722100
20131220,11.5800,11.9700,11.5200,11.5500,2754900
20131223,11.7900,11.9000,11.2700,11.5800,3355500
20131224,11.8400,11.9900,11.6200,11.8600,2683400
20131225,11.8800,11.9200,11.7100,11.8000,1827500
20131226,11.7800,11.9300,11.6600,11.8100,2202700
20131227,11.9800,12.1600,11.7000,11.7300,3190900
20131230,12.1100,12.3500,11.9200,12.0000,3819500
20131231,12.0500,12.2000,12.0100,12.1200,2008700
20140101,12.0500,12.0500,12.0500,12.0500,0
20140102,12.1600,12.2300,12.0500,12.1100,1963700
20140103,11.9900,12.3200,11.9500,12.1300,3029000
20140106,11.6900,11.8800,11.3700,11.8800,3039700
20140107,11.8600,12.1000,11.5000,11.6800,3034800
20140108,12.0700,12.1400,11.8100,11.8800,3387900
20140109,11.7700,12.3000,11.7500,12.1000,2681700
20140110,11.5600,11.7500,11.4700,11.6100,2027400
20140113,11.7500,11.8000,11.0800,11.5500,2333700
20140114,11.9700,12.1000,11.6000,11.6500,2093200
20140115,12.3800,12.5700,11.8900,12.0500,5932700
20140116,12.2900,12.4600,12.1500,12.4500,2906200
20140117,11.9800,12.2800,11.9500,12.2500,2193800
20140120,11.7900,12.0700,11.6300,11.8400,2074300
20140121,11.8500,11.9400,11.7300,11.7900,1564100
20140122,12.1700,12.1700,11.8300,11.9000,2956500
20140123,12.1900,12.2900,12.0700,12.1800,2883500
20140124,12.3100,12.3500,12.1200,12.2000,3615200
20140127,12.1800,12.4000,12.1800,12.3200,2908200
20140128,11.9200,12.2500,11.8400,12.1200,2056700
20140129,12.5500,12.6000,11.9300,12.0400,7273000
20140130,13.2000,13.8000,12.3500,12.4600,11557000
20140131,13.2000,13.2000,13.2000,13.2000,0
20140203,13.2000,13.2000,13.2000,13.2000,0
20140205,13.2000,13.2000,13.2000,13.2000,0
20140206,13.2000,13.2000,13.2000,13.2000,0
20140207,13.3400,13.4800,12.9600,13.2000,7213200
20140210,13.4800,13.7000,13.2200,13.3100,8395100
20140211,13.1800,13.4800,13.0000,13.4800,7144100
20140212,13.2700,13.4500,13.0000,13.1800,4043300
20140213,12.6800,13.2000,12.6600,13.2000,4900400
20140214,12.8000,12.9200,12.5300,12.5300,3163100
20140217,13.6300,13.7200,12.8900,12.8900,10365900
20140218,13.4200,13.8000,13.3800,13.5900,6777900
20140219,13.3300,13.5500,13.1600,13.4900,4501500
20140220,13.3900,13.6400,13.1000,13.4000,7444700
20140221,13.7900,14.1400,13.2300,13.2500,13591500
20140224,14.2700,14.4200,13.6500,13.6700,16467700
20140225,13.1600,14.2800,12.8400,14.1800,15167300
