20130226,8.6700,8.8700,8.6300,8.7100,3887200
20130227,8.7600,8.8100,8.6600,8.7000,2581700
20130228,8.9600,8.9700,8.6500,8.7900,5622500
20130301,9.0300,9.0500,8.8900,8.9300,4546900
20130304,8.6900,9.0600,8.6600,8.9500,4903200
20130305,8.9700,8.9700,8.6800,8.6900,3842000
20130306,9.1100,9.1700,8.9500,9.0200,6545000
20130307,9.1500,9.2300,8.8000,9.0600,7183300
20130308,8.9000,9.2000,8.8700,9.1000,4418900
20130311,8.9500,9.0500,8.8700,8.9000,2866200
20130312,8.4600,9.0100,8.3400,8.9000,5746200
20130313,8.3600,8.4800,8.2900,8.4500,2558400
20130314,8.3400,8.4500,8.3100,8.3500,2020600
20130315,8.3200,8.4900,8.2100,8.3500,2806800
20130318,8.2500,8.3500,8.1700,8.3000,2736500
20130319,8.2800,8.3400,8.1700,8.2100,1862000
20130320,8.4600,8.4700,8.2600,8.2700,2957100
20130321,8.6300,8.6600,8.4000,8.4600,4513800
20130322,8.6500,8.7500,8.5500,8.6000,3636000
20130325,8.5700,8.6800,8.5000,8.6200,2566600
20130326,8.4300,8.5700,8.3500,8.5600,2605800
20130327,8.4400,8.5500,8.3700,8.4600,1888200
20130328,8.1600,8.3800,8.1600,8.3800,2451700
20130329,8.2200,8.2700,8.1500,8.1900,1121300
20130401,7.7600,8.1000,7.7600,8.0400,5855100
20130402,7.6300,7.8500,7.6000,7.7700,3398500
20130403,7.6400,7.6800,7.5700,7.6600,1686500
20130404,7.6400,7.6400,7.6400,7.6400,0
20130405,7.6400,7.6400,7.6400,7.6400,0
20130408,7.6300,7.6400,7.3800,7.5000,2136800
20130409,7.8100,7.9300,7.5700,7.5700,3256400
20130410,7.6600,7.8300,7.5400,7.7500,1972100
20130411,7.6100,7.7500,7.6000,7.6900,1379700
20130412,7.5000,7.6600,7.4800,7.6200,1420800
20130415,7.3700,7.5200,7.2600,7.4700,1897300
20130416,7.4800,7.4900,7.2600,7.3300,1350500
20130417,7.5400,7.5400,7.3800,7.4900,1461000
20130418,7.5700,7.5700,7.4100,7.4800,1272700
20130419,7.7300,7.7800,7.5600,7.5600,2717100
20130422,7.9000,7.9700,7.6300,7.6600,4482900
20130423,7.5900,8.0000,7.5200,8.0000,3230800
20130424,7.8600,7.9300,7.6500,7.6600,3316800
20130425,7.7600,7.8200,7.6400,7.8100,2705000
20130426,7.7800,7.9900,7.7700,7.9000,3075200
20130429,7.7800,7.7800,7.7800,7.7800,0
20130430,7.7800,7.7800,7.7800,7.7800,0
20130501,7.7800,7.7800,7.7800,7.7800,0
20130502,8.0400,8.1100,7.7800,7.7800,4555400
20130503,8.1200,8.1800,7.9800,8.0300,4419500
20130506,8.2900,8.3000,8.1000,8.1400,4379200
20130507,8.2000,8.2900,8.1500,8.2500,3041400
20130508,8.3100,8.3300,8.1500,8.2000,4002400
20130509,8.4600,8.6200,8.3400,8.3500,7799600
20130510,8.3300,8.4800,8.2400,8.4000,4787500
20130513,8.4700,8.4700,8.2500,8.3000,3689000
20130514,8.4400,8.7000,8.3000,8.6500,4769600
20130515,8.7700,8.8300,8.3900,8.4000,7080800
20130516,8.6800,8.8300,8.6300,8.7100,7749300
20130517,8.8700,9.0400,8.6500,8.6600,8455200
20130520,8.9500,9.0500,8.8500,8.9000,6647500
20130521,9.1900,9.2900,8.9100,8.9100,8520100
20130522,8.9800,9.2600,8.9000,9.1900,7184800
20130523,8.9400,9.1500,8.8800,8.9300,6023100
20130524,9.2800,9.3000,8.9200,8.9200,9342900
20130527,9.5100,9.9400,9.3500,9.3500,18435700
20130528,9.3100,9.5000,9.2100,9.4400,9125100
20130529,9.4000,9.4700,9.2600,9.3200,6239500
20130530,9.5800,9.7700,9.3500,9.3500,10669300
20130531,9.3000,9.6000,9.2900,9.5700,7718100
20130603,9.0700,9.3800,9.0300,9.3200,7262000
20130604,8.8100,9.1400,8.7300,9.0200,5824200
20130605,8.9200,8.9300,8.7500,8.8300,3339800
20130606,8.7000,8.8600,8.6600,8.8300,3145100
20130607,8.5400,8.7600,8.4800,8.6800,3026300
20130610,8.5400,8.5400,8.5400,8.5400,0
20130611,8.5400,8.5400,8.5400,8.5400,0
20130612,8.5400,8.5400,8.5400,8.5400,0
20130613,8.2300,8.4400,8.0000,8.4400,3195000
20130614,8.4200,8.5200,8.2200,8.2800,3319200
20130617,8.5900,8.6100,8.3500,8.4100,3576400
20130618,8.6000,8.6500,8.4700,8.5900,2921700
20130619,8.4900,8.5600,8.2800,8.5600,2559900
20130620,8.1800,8.6100,8.1800,8.4100,3190000
20130621,8.2600,8.3800,7.9200,7.9800,2839100
20130624,7.6900,8.3100,7.6600,8.2100,3146700
20130625,7.7800,7.8300,7.0200,7.4000,3352100
20130626,7.9000,7.9300,7.7100,7.7700,2420100
20130627,7.6600,8.0700,7.6500,7.9000,3227300
20130628,7.6900,7.8700,7.5500,7.5500,2031400
20130701,7.9600,8.0400,7.8100,7.8900,3101800
20130702,8.2700,8.3100,7.8700,7.9000,5015800
20130703,9.1000,9.1000,8.1500,8.1500,13847300
20130704,9.1800,9.5900,8.8800,8.9900,25351500
20130705,9.2000,9.3400,9.0000,9.2100,11964800
20130708,9.2000,9.6300,8.9100,9.0300,14312900
20130709,9.0500,9.2600,8.6900,9.0800,9959400
20130710,9.5200,9.6600,8.9600,8.9600,16926400
20130711,9.5500,9.6800,9.3600,9.5000,15280900
20130712,9.3900,9.8300,9.3500,9.4100,12124800
20130715,9.7700,9.9300,9.4500,9.5500,14183600
20130716,10.0200,10.0500,9.6900,9.8400,16485600
20130717,9.5000,10.0400,9.4700,9.9600,14294900
20130718,9.4900,9.7700,9.2000,9.3600,12199200
20130719,9.7500,10.3300,9.4200,9.5300,21823200
20130722,10.1300,10.3200,9.5600,9.6200,17869600
20130723,10.2900,10.4600,9.9900,10.0700,17165000
20130724,10.2900,10.4200,9.9800,10.2300,14793500
20130725,9.4600,10.2500,9.4300,10.2500,18419500
20130726,9.5100,9.6000,9.0700,9.4300,10667600
20130729,9.2300,9.4300,9.1800,9.3900,6039400
20130730,9.1500,9.3100,8.9500,9.2000,5899900
20130731,9.2700,9.3700,9.1600,9.2600,5189700
20130801,9.6200,9.6200,9.1900,9.2500,8344100
20130802,9.5200,9.8300,9.5000,9.6000,8751500
20130805,9.7300,9.7700,9.4500,9.5200,6249100
20130806,9.7300,9.8500,9.6400,9.6800,6551600
20130807,9.3600,9.7600,9.3500,9.7500,8438300
20130808,9.3800,9.5000,9.3000,9.3500,4118600
20130809,9.2500,9.5200,9.1100,9.3800,6577500
20130812,9.4300,9.4300,9.2100,9.2600,5507200
20130813,9.5000,9.5200,9.3900,9.4000,4600500
20130814,9.6000,9.6700,9.4100,9.5000,7663500
20130815,9.5100,9.7200,9.4800,9.6100,6876400
20130816,9.2600,9.6700,9.2500,9.4000,5762000
20130819,9.7700,9.7700,9.1600,9.2500,8734500
20130820,9.7400,9.8200,9.6000,9.7500,7032300
20130821,10.7100,10.7100,9.7200,9.7200,16587900
20130822,11.0200,11.2800,10.8100,11.1100,34870800
20130823,11.1500,11.4100,10.7000,11.0200,26757700
20130826,11.4000,11.6900,10.9500,11.0900,29228100
20130827,11.2900,11.3500,11.1200,11.2300,15816800
20130828,10.8300,11.1800,10.8300,11.1800,14718900
20130829,10.9800,11.2000,10.8200,10.8300,9968200
20130830,11.0400,11.8200,10.8500,10.9500,26630500
20130902,10.5800,10.8500,10.2400,10.7000,14159500
20130903,10.7000,10.7900,10.4100,10.5700,9058900
20130904,11.1000,11.3500,10.6700,10.7000,14707700
20130905,11.2000,11.4700,10.9800,11.0500,12455200
20130906,11.3200,11.4400,10.9400,11.1500,11595500
20130909,11.3200,11.3200,11.3200,11.3200,0
20130910,11.3200,11.3200,11.3200,11.3200,0
20130911,11.3200,11.3200,11.3200,11.3200,0
20130912,10.7800,11.1800,10.5200,11.1800,13841200
20130913,10.7500,10.9300,10.4000,10.6900,8030700
20130916,10.4700,10.6900,10.4000,10.6900,7285400
20130917,11.0100,11.4000,10.5100,10.5200,15379100
20130918,11.3400,11.5800,10.8600,11.0200,15262800
20130920,11.3400,11.3400,11.3400,11.3400,0
20130923,11.7700,12.0000,11.1400,11.4500,16961100
20130924,11.5400,11.6900,11.4600,11.5900,10382100
20130925,11.6600,11.9400,11.5700,11.6000,11055500
20130926,10.9600,11.7100,10.9200,11.7000,10575500
20130927,11.1000,11.3000,10.9800,11.0300,5906900
20130930,11.8000,11.9000,11.1800,11.1800,11422700
20131001,11.8000,11.8000,11.8000,11.8000,0
20131002,11.8000,11.8000,11.8000,11.8000,0
20131003,11.8000,11.8000,11.8000,11.8000,0
20131004,11.8000,11.8000,11.8000,11.8000,0
20131007,11.8000,11.8000,11.8000,11.8000,0
20131008,12.2700,12.4800,11.7000,11.7800,15834700
20131009,12.3500,12.5600,12.1200,12.2200,13443700
20131010,12.3200,12.7700,12.2300,12.3500,15688700
20131011,12.2100,12.5900,11.9200,12.4900,12570100
20131014,12.4500,12.7400,12.1200,12.1800,10466300
20131015,12.3500,12.4500,12.1300,12.4000,8758700
20131016,11.7800,12.3000,11.6900,12.3000,9508100
20131017,11.8900,12.1600,11.7000,11.8700,6141800
20131018,12.6900,12.7500,11.9000,11.9800,14567800
20131021,12.8300,12.9800,12.5200,12.6500,13998500
20131022,12.3500,12.9300,12.3500,12.9100,10812000
20131023,11.8900,12.6000,11.8300,12.3600,10129100
20131024,12.2800,12.4500,11.9200,12.0000,8260800
20131025,11.8600,12.3400,11.6200,12.3300,10354400
20131028,11.0200,11.8800,10.9400,11.8800,11577000
20131029,10.4900,11.1900,10.0800,11.0000,9997700
20131030,10.6300,10.6500,10.3500,10.4100,7381600
20131031,10.3300,10.6000,10.3000,10.6000,5277300
20131101,10.6700,10.6900,10.2800,10.3100,6390900
20131104,10.6000,10.7800,10.5200,10.7000,5094200
20131105,10.7200,10.7800,10.3300,10.5700,5220700
20131106,10.5700,10.8800,10.5700,10.6300,5534100
20131107,10.3700,10.6200,10.3000,10.5100,2964300
20131108,10.5400,10.8900,10.4500,10.5000,7480700
20131111,10.5100,10.6400,10.2100,10.4200,3884100
20131112,10.7000,10.7000,10.4800,10.5200,4197300
20131113,10.6500,11.0800,10.5400,10.6200,8435100
20131114,10.8900,10.9500,10.4500,10.5700,7133400
20131115,11.1600,11.3400,10.8100,10.8500,9603200
20131118,11.3300,11.4300,11.1800,11.1800,7908000
20131119,11.2000,11.5500,11.1600,11.3400,7205400
20131120,11.5800,11.6700,11.1700,11.2200,8702400
20131121,11.5900,11.8900,11.2600,11.4500,10347900
20131122,11.3100,11.6700,11.3000,11.5900,6650100
20131125,11.5300,11.6400,11.2100,11.2700,6019400
20131126,11.6200,11.9900,11.5400,11.7500,8171500
20131127,11.5900,11.6600,11.4100,11.5500,6615400
20131128,11.6500,11.7300,11.5600,11.5900,6560200
20131129,11.8800,11.9700,11.7100,11.7500,9380800
20131202,10.9900,11.7000,10.8100,11.6000,9126000
20131203,11.3800,11.3900,10.8200,10.9000,4366800
20131204,11.4900,11.6700,11.3100,11.3800,6179700
20131205,11.5900,11.6300,11.4400,11.5300,4480600
20131206,11.6000,11.7600,11.5200,11.5300,4699400
20131209,11.6500,11.6800,11.5300,11.6000,3892100
20131210,12.1500,12.2600,11.5800,11.6300,13311800
20131211,11.8500,12.0900,11.6100,12.0900,8483600
20131212,11.7600,11.9500,11.6100,11.6100,4241900
20131213,11.8300,11.9400,11.7000,11.7800,3680200
20131216,11.3900,11.8800,11.3500,11.8100,6090900
20131217,11.1900,11.4300,11.1100,11.4000,4089500
20131218,11.2000,11.3900,11.1800,11.2400,2573500
20131219,11.1600,11.4200,11.1300,11.2900,2362300
20131220,10.9400,11.2700,10.9000,11.2000,3070000
20131223,11.0300,11.0700,10.7000,10.8500,2252200
20131224,11.1200,11.2300,10.9600,11.0000,2791500
20131225,11.2200,11.2200,11.0300,11.1000,2516600
20131226,10.9700,11.2900,10.9600,11.2500,3853800
20131227,11.1700,11.2400,10.9700,10.9900,2732900
20131230,11.5700,11.8800,11.3800,11.3900,9234000
20131231,11.5700,11.6500,11.3300,11.4200,4040500
20140101,11.5700,11.5700,11.5700,11.5700,0
20140102,11.8100,11.8700,11.5000,11.5700,5933300
20140103,11.7200,11.8500,11.5500,11.7000,4599100
20140106,11.1800,11.7300,11.1500,11.6600,4527200
20140107,11.2500,11.4200,11.1600,11.1900,3157300
20140108,11.0700,11.4100,11.0300,11.2300,4296200
20140109,10.8900,11.2400,10.8900,11.0300,3383300
20140110,10.6100,11.0300,10.5200,10.8600,3543300
20140113,10.5400,10.7100,10.3200,10.6800,3219400
20140114,10.9500,10.9600,10.4200,10.5400,3573800
20140115,10.9600,10.9900,10.7200,10.9000,3801900
20140116,10.9600,11.0800,10.9100,10.9500,2440900
20140117,10.6900,10.9000,10.6400,10.9000,2452100
20140120,10.6300,10.7500,10.4900,10.6800,1624200
20140121,10.9800,11.0400,10.6500,10.7200,3238000
20140122,11.2400,11.2900,11.0600,11.0800,4352300
20140123,11.2800,11.3600,11.1900,11.2600,4145200
20140124,11.5600,11.6400,11.2000,11.2100,7303300
20140127,11.5000,11.7700,11.4400,11.4600,5440500
20140128,11.4700,11.6800,11.3400,11.4500,3493300
20140129,11.6700,11.7500,11.5600,11.7500,4975400
20140130,11.4400,11.6900,11.4000,11.6100,3765600
20140131,11.4400,11.4400,11.4400,11.4400,0
20140203,11.4400,11.4400,11.4400,11.4400,0
20140205,11.4400,11.4400,11.4400,11.4400,0
20140206,11.4400,11.4400,11.4400,11.4400,0
20140207,12.2700,12.2800,11.3000,11.4200,12260200
20140210,12.4400,12.7200,12.1600,12.2000,14615800
20140211,12.4600,12.5500,12.1600,12.4000,10110600
20140212,12.9400,12.9500,12.4100,12.4900,15864700
20140213,12.5500,13.0000,12.5500,12.9000,13511500
20140214,12.5600,12.7000,12.3200,12.5700,8469400
20140217,13.0300,13.1000,12.5200,12.6000,13004100
20140218,12.9700,13.3700,12.8900,13.0500,15369800
20140219,12.8000,13.0500,12.6600,12.9400,11014500
20140220,12.4500,12.9100,12.4100,12.8000,7729600
20140221,12.7700,13.0000,12.5000,12.5900,12159500
20140224,12.8000,12.8800,12.4100,12.7700,7332800
20140225,11.9700,13.0500,11.8100,12.8000,12768300
