20130226,11.2500,11.6500,11.2100,11.3500,6961600
20130227,11.1500,11.3500,11.0300,11.2600,3809300
20130228,11.2900,11.3200,11.0700,11.2000,4732700
20130301,11.5000,11.5000,11.2200,11.2300,6647800
20130304,11.3200,11.6600,11.2800,11.5700,10047300
20130305,11.4400,11.4800,11.1700,11.2400,5456000
20130306,11.6200,11.6500,11.3500,11.4500,7960800
20130307,11.3400,11.6200,11.2800,11.6200,5617500
20130308,11.1600,11.4000,11.1000,11.3900,3719400
20130311,11.1200,11.2300,11.0500,11.1900,2856300
20130312,10.6700,11.1800,10.5000,11.1200,4424700
20130313,10.4200,10.6400,10.2600,10.6000,2661500
20130314,10.3800,10.5400,10.3400,10.3500,1597700
20130315,10.3800,10.5100,10.3000,10.3900,1937100
20130318,10.2300,10.4400,10.2000,10.4400,1915500
20130319,10.2200,10.3500,10.0500,10.3500,1589700
20130320,10.4300,10.4400,10.2100,10.2100,2399900
20130321,10.7700,10.8800,10.5200,10.5200,6316400
20130322,10.5900,11.0000,10.5700,11.0000,3725600
20130325,10.7000,10.7000,10.4700,10.7000,2959200
20130326,10.7100,10.8500,10.4700,10.7100,3649100
20130327,10.6200,10.8300,10.6000,10.6900,2441800
20130328,10.2900,10.5800,10.2200,10.5800,2220200
20130329,10.2700,10.3600,10.2600,10.2800,1166500
20130401,10.3100,10.3800,10.2100,10.2700,1087300
20130402,10.2700,10.4700,10.2300,10.4700,1115200
20130403,10.1500,10.3200,10.0600,10.2900,1825000
20130404,10.1500,10.1500,10.1500,10.1500,0
20130405,10.1500,10.1500,10.1500,10.1500,0
20130408,10.0000,10.0900,9.7100,10.0800,1702800
20130409,10.0900,10.1400,10.0000,10.1200,1614400
20130410,10.1300,10.2100,10.0700,10.1400,1660200
20130411,10.0300,10.2800,10.0100,10.2800,1222800
20130412,9.7800,10.1900,9.7000,10.1900,2239800
20130415,9.4000,9.7700,9.3000,9.7000,2708500
20130416,9.5400,9.5500,9.2800,9.3100,1565900
20130417,9.4600,9.5400,9.3200,9.5200,1868300
20130418,9.4200,9.4800,9.3000,9.4000,1359000
20130419,9.6400,9.6600,9.4000,9.4300,2045400
20130422,9.7100,9.7600,9.4700,9.5000,3082800
20130423,9.3600,9.7800,9.3600,9.7800,2147400
20130424,9.4800,9.5400,9.3600,9.3600,1241600
20130425,9.8000,10.0300,9.5000,9.5300,6753000
20130426,9.6000,9.8400,9.5600,9.7800,2389700
20130429,9.6000,9.6000,9.6000,9.6000,0
20130430,9.6000,9.6000,9.6000,9.6000,0
20130501,9.6000,9.6000,9.6000,9.6000,0
20130502,9.7200,9.8000,9.6100,9.6200,1626300
20130503,9.9000,10.0500,9.6900,9.7200,3050300
20130506,10.0900,10.2500,9.9500,10.0500,4576100
20130507,10.1400,10.3000,9.9200,10.0000,3891700
20130508,10.0900,10.2200,10.0100,10.1300,2948200
20130509,9.9400,10.2100,9.8600,10.1500,2777700
20130510,9.9400,9.9800,9.8100,9.9400,2268800
20130513,10.0400,10.0400,9.8700,9.9500,2173800
20130514,9.9500,10.0100,9.8100,10.0100,1521400
20130515,10.0000,10.0900,9.9100,9.9900,2028400
20130516,10.0100,10.0400,9.8600,9.9800,2586500
20130517,10.1000,10.1300,9.9600,10.0100,3804400
20130520,10.2600,10.3000,10.0700,10.1600,5710500
20130521,10.1800,10.2600,10.0600,10.2600,4445700
20130522,10.1000,10.2400,10.0700,10.2000,3502200
20130523,9.9600,10.1400,9.9500,10.0800,2694100
20130524,9.9900,10.0400,9.9200,9.9600,2293300
20130527,10.1400,10.1500,9.9400,10.0000,3338000
20130528,10.2200,10.2500,10.0400,10.1400,4324000
20130529,10.1800,10.2400,10.1400,10.2300,2743600
20130530,10.2500,10.2800,10.1200,10.1500,3777300
20130531,10.0800,10.2600,10.0800,10.2300,3031000
20130603,10.1000,10.1600,10.0400,10.1300,2081700
20130604,9.7700,10.1000,9.7500,10.1000,2916500
20130605,9.8200,9.8400,9.7100,9.7500,1450700
20130606,9.6400,9.8500,9.6300,9.7700,1469300
20130607,9.4200,9.7000,9.3100,9.6200,2198800
20130610,9.4200,9.4200,9.4200,9.4200,0
20130611,9.4200,9.4200,9.4200,9.4200,0
20130612,9.4200,9.4200,9.4200,9.4200,0
20130613,9.1000,9.3900,9.0600,9.3900,1943400
20130614,9.2100,9.2400,9.1300,9.1300,985800
20130617,9.2100,9.3000,9.1800,9.2200,945300
20130618,9.2800,9.2800,9.1600,9.2100,1007900
20130619,9.1100,9.2500,9.0000,9.2500,1239800
20130620,8.9200,9.1400,8.9100,9.0900,1265900
20130621,8.7800,8.8800,8.6500,8.8800,1036400
20130624,8.0500,8.8100,7.9000,8.7800,2208100
20130625,8.0700,8.1700,7.3500,7.9800,2738500
20130626,8.4000,8.4200,7.9900,8.0900,3762100
20130627,8.3200,8.6600,8.2800,8.4300,2439100
20130628,8.1300,8.2700,8.0300,8.2200,1787800
20130701,8.1500,8.1900,8.0000,8.1400,1189200
20130702,8.1500,8.1800,8.0800,8.1500,1533000
20130703,8.2300,8.4600,8.1600,8.2900,2306400
20130704,8.2300,8.2900,7.8100,8.1500,2210400
20130705,8.1600,8.2400,8.0900,8.2100,2063300
20130708,7.9800,8.3000,7.8400,8.1000,2418800
20130709,7.8100,7.9700,7.7000,7.9200,1655800
20130710,8.0400,8.0500,7.7500,7.8200,2510500
20130711,8.3200,8.3500,8.0000,8.0400,3309000
20130712,8.4300,8.5200,8.3000,8.4000,5323600
20130715,8.5100,8.5500,8.3800,8.4100,2886700
20130716,8.5200,8.5500,8.3800,8.5300,2641200
20130717,8.5900,8.6600,8.4100,8.4900,3396900
20130718,8.6100,8.6500,8.4400,8.5000,2699600
20130719,8.4400,8.6600,8.3800,8.6100,2392700
20130722,8.7000,8.7300,8.3500,8.3700,2086500
20130723,8.9700,8.9700,8.6700,8.7100,5683300
20130724,8.9500,9.0000,8.8000,8.9100,2520900
20130725,8.8000,8.9600,8.7900,8.9600,1837800
20130726,8.9500,8.9500,8.6700,8.7300,1972200
20130729,8.8200,9.0100,8.8100,8.9200,2013600
20130730,8.8800,8.9000,8.6000,8.7000,1948300
20130731,8.9200,8.9500,8.8000,8.8400,1304600
20130801,9.1000,9.1200,8.8800,8.8800,2753100
20130802,9.1900,9.2300,9.0400,9.1200,1978500
20130805,9.3800,9.3900,9.1300,9.1800,1753300
20130806,9.2300,9.3700,9.2100,9.3700,1911000
20130807,8.9400,9.2900,8.9200,9.1900,2673700
20130808,9.0700,9.1800,8.9100,8.9200,1497700
20130809,9.0000,9.0900,8.9000,9.0600,1711000
20130812,9.2800,9.3700,8.9600,9.0500,3331800
20130813,9.2000,9.2700,9.1300,9.2600,3419600
20130814,9.3700,9.4500,9.1500,9.2000,4963600
20130815,9.1200,9.3400,9.1000,9.3300,2706600
20130816,8.9300,9.2100,8.9300,9.0600,1903700
20130819,9.0200,9.0600,8.9000,8.9000,1181200
20130820,8.9400,9.0900,8.9300,9.0200,1191200
20130821,8.9700,9.0500,8.9000,8.9000,832600
20130822,8.8800,9.0300,8.8600,8.9700,1117400
20130823,8.7000,8.9600,8.6100,8.8900,1977700
20130826,8.8200,8.8300,8.7100,8.7100,1300000
20130827,8.9400,8.9400,8.7800,8.8400,1468000
20130828,8.8500,8.9000,8.8000,8.8800,1391200
20130829,9.1500,9.1500,8.8100,8.8500,3865700
20130830,9.4100,9.4700,9.0700,9.0900,7627500
20130902,10.0500,10.3000,9.3700,9.4200,19659700
20130903,9.8100,10.0500,9.6300,9.8900,17751200
20130904,9.5900,9.7900,9.3400,9.7800,9224900
20130905,9.4100,9.5400,9.3700,9.4400,3846200
20130906,9.4900,9.5300,9.3600,9.3800,3706200
20130909,9.4700,9.5600,9.4500,9.5500,3730500
20130910,9.4700,9.5700,9.3900,9.5700,4370400
20130911,9.5000,9.8000,9.2500,9.4700,7976300
20130912,9.3600,9.4700,9.3000,9.4500,3588000
20130913,9.3800,9.4500,9.3200,9.3600,1878900
20130916,9.4000,9.4300,9.3500,9.3600,1815400
20130917,8.9900,9.4300,8.9600,9.4000,3876000
20130918,8.8000,9.0300,8.7700,8.9800,4724800
20130920,8.8000,8.8000,8.8000,8.8000,0
20130923,8.8000,8.8800,8.7300,8.8500,10276100
20130924,8.8300,8.8400,8.7500,8.8200,5652900
20130925,9.0000,9.1000,8.8100,8.8400,8123800
20130926,9.1300,9.3600,8.7700,8.9900,9526700
20130927,8.8000,9.0700,8.6400,9.0100,4870300
20130930,8.9300,8.9900,8.8100,8.8900,3448100
20131001,8.9300,8.9300,8.9300,8.9300,0
20131002,8.9300,8.9300,8.9300,8.9300,0
20131003,8.9300,8.9300,8.9300,8.9300,0
20131004,8.9300,8.9300,8.9300,8.9300,0
20131007,8.9300,8.9300,8.9300,8.9300,0
20131008,8.7400,8.8800,8.5800,8.7300,6624700
20131009,8.7300,8.8100,8.6200,8.6800,5963100
20131010,8.7800,8.8100,8.6400,8.7100,5491500
20131011,8.8400,8.9100,8.7000,8.7000,5743800
20131014,9.4400,9.6000,8.7600,8.8100,16298500
20131015,9.5000,9.8000,9.4000,9.5500,20040700
20131016,8.9700,9.4000,8.9200,9.4000,8942000
20131017,9.1200,9.2500,8.9800,8.9800,6095800
20131018,8.9400,9.1000,8.9200,9.1000,3927300
20131021,9.0500,9.0900,8.8300,9.0000,5122500
20131022,9.1700,9.4000,8.9500,9.0500,7725200
20131023,8.8600,9.1600,8.8500,9.1600,4566200
20131024,8.8700,8.9500,8.7700,8.7800,2725900
20131025,8.6400,8.9000,8.6000,8.8200,2830400
20131028,8.7300,8.8200,8.6600,8.7000,1905800
20131029,8.2200,8.6800,8.0000,8.6800,5385300
20131030,8.3600,8.4900,8.1700,8.2200,2223900
20131031,8.3300,8.4300,8.1900,8.3000,2239500
20131101,8.4000,8.5200,8.2000,8.2500,1807200
20131104,8.4200,8.5300,8.3600,8.4500,1369500
20131105,8.5600,8.5900,8.3000,8.4000,3418600
20131106,8.4200,8.5800,8.3800,8.5300,2168400
20131107,8.7700,8.9500,8.3200,8.3700,5551900
20131108,8.4900,8.6400,8.3800,8.6400,3155900
20131111,8.3700,8.5200,8.3000,8.3800,1704100
20131112,8.3700,8.4200,8.2700,8.3700,1750800
20131113,8.3600,8.4700,8.3100,8.3700,2546200
20131114,8.8700,9.2000,8.7000,8.7000,11954500
20131115,8.8900,9.0000,8.6100,8.6100,10275100
20131118,9.1600,9.1800,8.7500,8.8700,11222400
20131119,9.1400,9.2400,8.9200,9.0900,7568200
20131120,9.0500,9.1800,8.9600,9.1000,5637300
20131121,9.1300,9.2200,8.9200,9.0000,9779200
20131122,9.0400,9.3100,8.9600,9.1000,9102200
20131125,9.0100,9.1500,8.8100,8.9600,5518200
20131126,9.0500,9.1400,8.9100,8.9500,4986600
20131127,9.0800,9.3100,9.0400,9.3000,6469800
20131128,9.1300,9.1700,9.0200,9.0300,5926800
20131129,9.2700,9.3900,9.1700,9.1800,8153100
20131202,8.8200,9.2500,8.8200,9.0200,6530400
20131203,9.1000,9.1000,8.6800,8.7500,4533300
20131204,9.2100,9.3300,9.0000,9.0800,6838700
20131205,9.1800,9.2800,9.1100,9.1600,4809300
20131206,9.1100,9.2500,9.0800,9.1600,2686200
20131209,9.4900,9.7000,9.0700,9.0700,12943500
20131210,9.3500,9.6200,9.3100,9.4200,6302600
20131211,9.6500,9.6900,9.1700,9.3600,15891000
20131212,9.9200,10.2500,9.4800,9.6400,20373700
20131213,9.9100,10.0500,9.7100,9.7600,11707900
20131216,9.8800,10.5600,9.8600,10.3000,16451600
20131217,9.5900,9.9300,9.5300,9.7800,7704000
20131218,9.7400,10.0000,9.5500,9.6000,8097300
20131219,9.5400,9.8400,9.5300,9.8100,5679200
20131220,10.1000,10.2400,9.4800,9.6100,13472300
20131223,9.8000,10.0200,9.6500,10.0000,9299500
20131224,9.9000,9.9500,9.6000,9.7500,7245000
20131225,9.7300,9.8500,9.6200,9.8000,6159000
20131226,9.3900,9.9300,9.3700,9.8500,6555700
20131227,9.2500,9.3900,9.1300,9.3900,5741000
20131230,9.3300,9.3800,9.2000,9.3200,3502000
20131231,9.2800,9.3500,9.0900,9.3000,3003300
20140101,9.2800,9.2800,9.2800,9.2800,0
20140102,9.3500,9.3900,9.2500,9.3000,2286200
20140103,9.3500,9.4400,9.1300,9.3200,4561500
20140106,8.8000,9.2600,8.7800,9.2600,4897800
20140107,8.7500,8.8900,8.6600,8.7300,2572700
20140108,8.7100,8.8200,8.6700,8.6800,2547500
20140109,8.3800,8.7700,8.3700,8.6800,3374200
20140110,8.2300,8.3800,8.1600,8.3800,2058700
20140113,8.2400,8.3200,8.1800,8.2400,1649600
20140114,8.4100,8.4200,8.2500,8.2500,2343500
20140115,8.5300,8.6000,8.3300,8.3600,2380200
20140116,8.4700,8.5700,8.4100,8.5300,1924000
20140117,8.2500,8.4700,8.2500,8.4700,1808200
20140120,8.3000,8.5900,8.3000,8.3900,3607400
20140121,8.3500,8.3500,8.2000,8.3400,1886700
20140122,8.5100,8.5500,8.2900,8.3600,3150900
20140123,8.4900,8.5600,8.4600,8.5200,2205300
20140124,9.0200,9.1500,8.4600,8.4600,8191000
20140127,9.0900,9.1900,8.8200,8.9000,9134300
20140128,9.1000,9.1200,8.9200,9.0100,8644100
20140129,8.9800,9.0600,8.9300,9.0500,3122500
20140130,8.8500,8.9800,8.7800,8.9000,1795100
20140131,8.8500,8.8500,8.8500,8.8500,0
20140203,8.8500,8.8500,8.8500,8.8500,0
20140205,8.8500,8.8500,8.8500,8.8500,0
20140206,8.8500,8.8500,8.8500,8.8500,0
20140207,9.0500,9.0900,8.6600,8.6600,3535800
20140210,9.2900,9.4100,8.9700,8.9900,9933500
20140211,9.1800,9.2400,9.0600,9.1200,7698000
20140212,9.3400,9.3700,9.0600,9.1300,6754100
20140213,9.1100,9.3200,9.1000,9.3100,4309800
20140214,9.1900,9.2300,9.0500,9.0500,2788400
20140217,9.2500,9.2900,9.1600,9.2000,4100400
20140218,9.2000,9.4300,9.1800,9.2600,4947800
20140219,9.1700,9.2300,9.0700,9.1700,3658900
20140220,9.2300,9.5000,8.9700,9.1500,8113000
20140221,9.1100,9.1900,9.0100,9.0100,3371600
20140224,9.0700,9.1600,8.8800,9.0500,2695900
20140225,8.6300,9.1700,8.5600,9.0600,3864900
