20130226,11.0400,11.4800,10.6600,10.7700,13667800
20130227,11.1900,11.2400,10.8200,10.9500,9023400
20130228,11.2700,11.4400,11.0300,11.1000,8523000
20130301,11.2300,11.4000,11.1000,11.3100,7780900
20130304,10.6500,11.2200,10.4600,11.2200,6421400
20130305,10.8200,10.8500,10.5000,10.6500,3817600
20130306,10.9500,10.9600,10.6800,10.8600,5050100
20130307,10.8600,10.9000,10.5200,10.8800,5525200
20130308,11.3900,11.6600,10.8500,10.8600,14707700
20130311,11.0100,11.3300,10.9500,11.3300,7060300
20130312,10.3700,10.9500,10.2000,10.9100,5805700
20130313,9.9900,10.3700,9.9300,10.2800,4511600
20130314,9.9600,10.1500,9.9000,9.9500,2322500
20130315,9.8300,10.1300,9.7500,9.9400,3213300
20130318,9.8100,10.0300,9.7500,9.8300,2396100
20130319,9.7500,9.8900,9.5000,9.8500,2587000
20130320,10.0000,10.0200,9.7000,9.7500,3227200
20130321,10.0900,10.1500,9.9700,10.0000,3370000
20130322,9.9700,10.1300,9.9300,10.1000,2752200
20130325,10.0300,10.0600,9.9500,9.9900,2019600
20130326,9.7700,10.0000,9.6400,9.9800,2469700
20130327,9.6300,9.8700,9.5800,9.7700,2264600
20130328,9.0200,9.5600,9.0200,9.5600,3489900
20130329,9.0500,9.1500,9.0000,9.0500,1737500
20130401,9.0800,9.1400,9.0100,9.0700,1378500
20130402,9.0000,9.1500,8.9500,9.0800,1651800
20130403,8.8500,9.0400,8.8100,9.0400,1546400
20130404,8.8500,8.8500,8.8500,8.8500,0
20130405,8.8500,8.8500,8.8500,8.8500,0
20130408,8.8500,8.8600,8.6100,8.6400,1348500
20130409,8.9700,9.0500,8.8800,8.8800,1768900
20130410,8.9900,9.0500,8.8100,8.8100,1638600
20130411,8.9100,9.1500,8.9100,9.0400,1657200
20130412,8.6600,8.9500,8.6500,8.9200,1966100
20130415,8.5900,8.7300,8.5200,8.6800,1103300
20130416,8.7400,8.7700,8.5200,8.6100,1356500
20130417,8.8300,8.8400,8.7100,8.7500,1483100
20130418,9.0000,9.0400,8.7100,8.7600,2139200
20130419,9.0900,9.1200,8.9100,9.0100,2175400
20130422,9.2600,9.2900,8.9500,9.0200,3388800
20130423,8.8600,9.3000,8.8600,9.3000,2380600
20130424,9.2400,9.2500,8.8800,8.8800,3045700
20130425,9.0700,9.2400,9.0000,9.2400,2195800
20130426,8.9600,9.1800,8.8600,9.0200,1782600
20130429,8.9600,8.9600,8.9600,8.9600,0
20130430,8.9600,8.9600,8.9600,8.9600,0
20130501,8.9600,8.9600,8.9600,8.9600,0
20130502,8.8900,8.9700,8.7600,8.9600,1078900
20130503,9.1700,9.3000,8.8800,8.8800,2275400
20130506,9.6500,9.8000,9.1800,9.1900,6705100
20130507,9.5000,9.5600,9.3500,9.4900,3628800
20130508,9.7700,9.8000,9.4200,9.4900,5731100
20130509,9.6700,9.7800,9.4700,9.7000,3617400
20130510,9.5000,9.7000,9.3200,9.6300,3033800
20130513,9.4900,9.5400,9.3900,9.4000,1716700
20130514,9.2400,9.5800,9.2000,9.5100,1925200
20130515,9.4200,9.4900,9.2000,9.2800,2590500
20130516,9.6100,9.7600,9.2500,9.3500,3981700
20130517,9.6100,9.6100,9.6100,9.6100,0
20130520,9.6100,9.6100,9.6100,9.6100,0
20130521,9.6100,9.6100,9.6100,9.6100,0
20130522,9.6100,9.6100,9.6100,9.6100,0
20130523,9.6100,9.6100,9.6100,9.6100,0
20130524,9.6100,9.6100,9.6100,9.6100,0
20130527,9.6100,9.6100,9.6100,9.6100,0
20130528,9.6100,9.6100,9.6100,9.6100,0
20130529,9.6100,9.6100,9.6100,9.6100,0
20130530,9.6100,9.6100,9.6100,9.6100,0
20130531,9.6100,9.6100,9.6100,9.6100,0
20130603,9.6100,9.6100,9.6100,9.6100,0
20130604,9.6100,9.6100,9.6100,9.6100,0
20130605,9.6100,9.6100,9.6100,9.6100,0
20130606,9.6100,9.6100,9.6100,9.6100,0
20130607,9.6100,9.6100,9.6100,9.6100,0
20130610,9.6100,9.6100,9.6100,9.6100,0
20130611,9.6100,9.6100,9.6100,9.6100,0
20130612,9.6100,9.6100,9.6100,9.6100,0
20130613,9.6100,9.6100,9.6100,9.6100,0
20130614,9.6100,9.6100,9.6100,9.6100,0
20130617,9.6100,9.6100,9.6100,9.6100,0
20130618,9.6100,9.6100,9.6100,9.6100,0
20130619,9.6100,9.6100,9.6100,9.6100,0
20130620,9.6100,9.6100,9.6100,9.6100,0
20130621,9.6100,9.6100,9.6100,9.6100,0
20130624,9.6100,9.6100,9.6100,9.6100,0
20130625,9.6100,9.6100,9.6100,9.6100,0
20130626,9.6100,9.6100,9.6100,9.6100,0
20130627,9.6100,9.6100,9.6100,9.6100,0
20130628,9.6100,9.6100,9.6100,9.6100,0
20130701,9.6100,9.6100,9.6100,9.6100,0
20130702,9.6100,9.6100,9.6100,9.6100,0
20130703,9.6100,9.6100,9.6100,9.6100,0
20130704,9.6100,9.6100,9.6100,9.6100,0
20130705,9.6100,9.6100,9.6100,9.6100,0
20130708,9.6100,9.6100,9.6100,9.6100,0
20130709,9.6100,9.6100,9.6100,9.6100,0
20130710,9.6100,9.6100,9.6100,9.6100,0
20130711,9.6100,9.6100,9.6100,9.6100,0
20130712,9.6100,9.6100,9.6100,9.6100,0
20130715,9.6100,9.6100,9.6100,9.6100,0
20130716,9.6100,9.6100,9.6100,9.6100,0
20130717,9.6100,9.6100,9.6100,9.6100,0
20130718,9.6100,9.6100,9.6100,9.6100,0
20130719,9.6100,9.6100,9.6100,9.6100,0
20130722,9.6100,9.6100,9.6100,9.6100,0
20130723,9.6100,9.6100,9.6100,9.6100,0
20130724,9.6100,9.6100,9.6100,9.6100,0
20130725,9.6100,9.6100,9.6100,9.6100,0
20130726,9.6100,9.6100,9.6100,9.6100,0
20130729,9.6100,9.6100,9.6100,9.6100,0
20130730,9.6100,9.6100,9.6100,9.6100,0
20130731,9.6100,9.6100,9.6100,9.6100,0
20130801,9.6100,9.6100,9.6100,9.6100,0
20130802,9.6100,9.6100,9.6100,9.6100,0
20130805,9.6100,9.6100,9.6100,9.6100,0
20130806,9.6100,9.6100,9.6100,9.6100,0
20130807,9.6100,9.6100,9.6100,9.6100,0
20130808,9.6100,9.6100,9.6100,9.6100,0
20130809,9.6100,9.6100,9.6100,9.6100,0
20130812,10.5700,10.5700,10.5700,10.5700,284400
20130813,11.6300,11.6300,11.6300,11.6300,721600
20130814,12.7900,12.7900,12.2600,12.7900,24402500
20130815,13.0000,13.6800,12.5900,12.8900,25365700
20130816,13.2700,13.8500,12.7600,12.7600,22947400
20130819,13.7200,13.9600,13.2700,13.6000,16816800
20130820,13.6300,13.7600,13.2800,13.4900,14425800
20130821,13.9000,14.3600,13.2600,13.5000,18478800
20130822,13.7000,13.8000,13.4500,13.7700,11121300
20130823,14.2300,14.3000,13.4000,13.6400,17290800
20130826,14.1200,14.2300,13.7600,14.0000,14653000
20130827,13.9800,14.1000,13.6900,14.0200,11572800
20130828,13.2800,14.0200,13.2800,13.8000,12883000
20130829,13.2600,13.5400,13.0500,13.1000,7211900
20130830,12.4500,13.2900,12.2600,13.0900,9816700
20130902,12.6400,12.8700,12.4500,12.4900,5604800
20130903,12.9200,12.9800,12.6700,12.7000,6960700
20130904,12.7600,13.2100,12.5300,12.8500,8794400
20130905,13.4300,13.7200,12.5000,12.6000,16145700
20130906,13.4800,13.6800,13.0100,13.2600,10759100
20130909,13.0700,13.6000,12.8200,13.6000,9143100
20130910,12.8100,13.2000,12.6100,13.0600,6696100
20130911,12.1400,12.9100,12.0200,12.8200,8604700
20130912,12.2200,12.5200,12.0200,12.0200,4977300
20130913,12.5500,12.6800,12.1100,12.2000,5313500
20130916,12.6700,12.9500,12.2800,12.4600,6781200
20130917,12.1600,12.6000,12.1200,12.6000,4552700
20130918,12.5000,12.6900,12.0100,12.0600,5712000
20130920,12.5000,12.5000,12.5000,12.5000,0
20130923,12.8200,12.9700,12.3300,12.4400,7473800
20130924,12.7700,13.1000,12.6300,12.7500,7350900
20130925,13.4800,13.9400,12.6500,12.7000,16658000
20130926,12.8400,13.7000,12.8300,13.2900,10123100
20130927,13.2000,13.2900,12.7500,12.7500,6799800
20130930,13.7500,14.1000,13.1500,13.3000,10885000
20131001,13.7500,13.7500,13.7500,13.7500,0
20131002,13.7500,13.7500,13.7500,13.7500,0
20131003,13.7500,13.7500,13.7500,13.7500,0
20131004,13.7500,13.7500,13.7500,13.7500,0
20131007,13.7500,13.7500,13.7500,13.7500,0
20131008,13.5700,14.0600,13.1600,13.6900,8847000
20131009,13.9700,14.0200,13.3300,13.4000,10506500
20131010,15.3700,15.3700,15.0000,15.0000,25129100
20131011,15.0600,15.4500,14.7000,15.4000,17979200
20131014,15.3700,15.7700,14.8700,14.9200,17611700
20131015,14.6600,15.3400,14.6000,15.1000,12714100
20131016,13.6900,14.7700,13.4300,14.5800,10537500
20131017,13.3700,13.9100,13.2200,13.8500,6745300
20131018,13.4700,13.7200,13.2600,13.4600,5116200
20131021,13.8400,13.8500,13.3500,13.4500,6337400
20131022,13.6600,14.1500,13.5000,13.8100,9247700
20131023,13.1100,13.9500,12.8200,13.7300,6581000
20131024,13.0200,13.2200,12.7500,12.9800,3780000
20131025,12.9000,13.1500,12.6600,13.0000,3683300
20131028,12.9100,13.0000,12.7000,12.9400,2305300
20131029,12.1300,13.1000,11.6200,12.9300,6923200
20131030,12.3500,12.5700,11.9000,12.0000,4804900
20131031,11.9500,12.3500,11.8100,12.2900,2966800
20131101,12.1000,12.2300,11.8000,11.9300,2242100
20131104,12.1900,12.4300,12.0800,12.1000,1605200
20131105,12.5300,12.5500,11.9200,12.2000,2838900
20131106,12.0900,12.5300,12.0700,12.5100,3067100
20131107,11.9300,12.3000,11.8500,12.0900,2448100
20131108,12.2600,12.5500,11.9400,12.0800,4852600
20131111,12.0200,12.2900,11.8100,12.2800,2237600
20131112,12.1600,12.2400,11.8600,12.0100,2806500
20131113,12.1000,12.5400,12.0000,12.1200,4907300
20131114,12.1900,12.2800,11.6500,11.9300,4822400
20131115,12.2700,12.4400,12.0800,12.1300,5374900
20131118,12.6400,12.6500,12.3000,12.3000,5158600
20131119,12.8900,13.0300,12.5400,12.6500,6331800
20131120,12.8400,12.9600,12.6500,12.9000,3746200
20131121,12.4300,12.7000,12.3700,12.7000,5413700
20131122,12.2000,12.4900,12.1000,12.4000,5212200
20131125,12.0200,12.1700,11.9000,12.1700,4046300
20131126,11.9500,12.0900,11.8000,12.0200,3639000
20131127,12.2600,12.3400,11.8400,11.9000,6682600
20131128,12.2500,12.5700,12.2000,12.3600,5706200
20131129,12.4900,12.5300,12.1600,12.2500,5586300
20131202,11.2400,12.1100,11.2400,12.1000,7121600
20131203,11.4200,11.4600,10.9500,11.1800,4066900
20131204,11.7100,11.9800,11.4600,11.4600,4567200
20131205,11.6200,11.8200,11.6100,11.6200,2529000
20131206,11.8200,11.8900,11.5300,11.5300,2803000
20131209,11.8700,11.9300,11.6900,11.8400,2670900
20131210,11.7300,11.9300,11.6900,11.8500,2636100
20131211,11.5100,11.7900,11.4300,11.7000,1780500
20131212,11.8100,11.9000,11.5000,11.5300,3890100
20131213,11.8600,11.9100,11.5600,11.7000,2845000
20131216,11.5900,11.9300,11.5500,11.7800,2685500
20131217,11.4200,11.6600,11.3400,11.6000,1347800
20131218,11.4700,11.5300,11.2800,11.4900,1229300
20131219,11.4700,11.6700,11.4400,11.4700,1518700
20131220,11.1600,11.5100,11.1500,11.4500,1458600
20131223,11.0600,11.2300,10.8900,11.1600,1205700
20131224,11.1700,11.2900,11.0600,11.0600,1095300
20131225,11.3800,11.3900,11.1500,11.1500,1692900
20131226,11.0800,11.3900,11.0500,11.3700,1246200
20131227,11.3000,11.3500,11.0700,11.0800,1578800
20131230,11.4500,11.5800,11.3100,11.3800,1853500
20131231,11.6200,11.7300,11.3200,11.4300,2212500
20140101,11.6200,11.6200,11.6200,11.6200,0
20140102,11.5600,11.6900,11.4800,11.6100,2094600
20140103,11.5500,11.5800,11.3600,11.5600,2555300
20140106,11.2300,11.5600,11.2300,11.5600,1851500
20140107,11.4600,11.4900,11.1900,11.2200,2022000
20140108,11.7300,11.7300,11.4600,11.5500,3140300
20140109,11.5600,11.9300,11.5300,11.7300,3695600
20140110,10.9500,11.5300,10.9000,11.5300,2677500
20140113,10.6500,11.0300,10.5500,10.9100,2431300
20140114,10.8700,10.9500,10.5700,10.6100,2665200
20140115,10.8800,10.9200,10.7000,10.8100,2053100
20140116,10.9300,11.1600,10.9300,11.1200,2647000
20140117,10.9900,11.0700,10.6500,10.9200,2632800
20140120,10.8600,10.9300,10.6900,10.7800,1564900
20140121,11.9500,11.9500,10.8000,10.8000,8533300
20140122,12.7400,12.9500,12.0700,12.3000,18284600
20140123,13.7000,13.8000,12.4900,12.6500,18784700
20140124,13.5700,13.7400,13.2400,13.4100,11437700
20140127,13.4000,13.9800,13.2600,13.3800,12907800
20140128,13.1000,13.5500,12.8200,13.3300,9384300
20140129,13.2000,13.3500,12.9800,13.0700,7696100
20140130,13.1300,13.5200,12.9300,13.1400,7071400
20140131,13.1300,13.1300,13.1300,13.1300,0
20140203,13.1300,13.1300,13.1300,13.1300,0
20140205,13.1300,13.1300,13.1300,13.1300,0
20140206,13.1300,13.1300,13.1300,13.1300,0
20140207,14.4400,14.4400,13.0300,13.1500,12302000
20140210,14.6000,14.9800,14.1500,14.7800,17543900
20140211,14.3500,14.7100,14.0000,14.4300,10790000
20140212,14.5000,14.5700,13.9200,14.3000,9797600
20140213,13.5200,14.4000,13.5200,14.4000,10776600
20140214,13.8200,14.0700,13.4900,13.5000,7785200
20140217,14.0200,14.0400,13.5200,13.8200,9681600
20140218,13.9000,14.2400,13.7500,14.0400,8044000
20140219,13.4400,13.7800,13.2000,13.6600,10356100
20140220,13.5500,13.7700,13.3500,13.4800,7303800
20140221,13.5900,13.9500,13.3500,13.8000,6120400
20140224,14.2800,14.4600,13.4000,13.4800,16082400
20140225,13.1400,14.5900,12.8700,14.3000,14366100
