20130226,6.7500,6.8900,6.6800,6.8200,2544400
20130227,6.6900,6.7800,6.5700,6.7100,4143700
20130228,6.7600,6.8000,6.6500,6.7300,3928000
20130301,6.6900,6.8100,6.6000,6.8000,4409300
20130304,6.5500,6.6900,6.4000,6.6600,5154800
20130305,6.6600,6.7000,6.4500,6.5000,6185500
20130306,6.7300,6.7400,6.6300,6.6400,4084600
20130307,6.7100,6.8700,6.6700,6.7400,6236400
20130308,6.7700,6.8800,6.5500,6.6400,4848600
20130311,6.9500,6.9700,6.7000,6.7600,6495400
20130312,6.9900,7.0300,6.8200,6.9500,11147500
20130313,7.1000,7.1800,6.9000,6.9400,8199700
20130314,7.0700,7.2300,6.9900,7.0500,7029700
20130315,7.2500,7.3000,7.0000,7.0800,5859700
20130318,7.2900,7.4000,7.1600,7.3000,5689300
20130319,7.3000,7.3700,7.1900,7.3100,3878700
20130320,7.4800,7.6300,7.3300,7.4500,6229100
20130321,7.6400,7.6700,7.3800,7.3900,7329000
20130322,7.5200,7.7500,7.4700,7.6100,6237200
20130325,7.7000,7.7800,7.3700,7.4900,7137000
20130326,7.7300,7.7800,7.6400,7.7800,3301900
20130327,8.0600,8.0600,7.6900,7.7000,7440200
20130328,8.8700,8.8700,8.8700,8.8700,9309200
20130329,8.8700,8.8700,8.8700,8.8700,0
20130401,7.9800,8.4900,7.9800,8.4900,17760800
20130402,7.7800,7.9800,7.5000,7.7800,11417000
20130403,7.7100,7.8000,7.5500,7.7400,6339900
20130404,7.7100,7.7100,7.7100,7.7100,0
20130405,7.7100,7.7100,7.7100,7.7100,0
20130408,7.8000,7.8100,7.4600,7.5600,6120900
20130409,7.7600,7.8500,7.7200,7.7500,4031700
20130410,7.8600,8.1000,7.6000,7.8400,4446200
20130411,7.9500,8.1500,7.8600,7.9800,5553300
20130412,8.1100,8.1400,7.8700,8.0000,6271900
20130415,8.3300,8.3300,8.0100,8.0100,5295400
20130416,8.3000,8.3500,8.1300,8.3200,3982300
20130417,8.2600,8.3900,8.0500,8.2800,3504600
20130418,8.3900,8.4200,8.1300,8.3300,3658400
20130419,8.6700,8.9900,8.2600,8.3600,7815500
20130422,8.6300,8.7200,8.4300,8.6500,3220800
20130423,8.4800,8.6900,8.3600,8.6300,3572000
20130424,8.5300,8.6500,8.2400,8.5500,4349800
20130425,8.5200,8.6700,8.3500,8.4900,4027100
20130426,8.3000,8.5800,8.2600,8.5200,2809400
20130429,8.3000,8.3000,8.3000,8.3000,0
20130430,8.3000,8.3000,8.3000,8.3000,0
20130501,8.3000,8.3000,8.3000,8.3000,0
20130502,7.9400,8.3500,7.7500,8.1600,6451400
20130503,7.9500,8.0000,7.8100,7.9300,3693900
20130506,8.2000,8.2100,7.9500,7.9500,6562200
20130507,8.6800,8.8600,8.1600,8.2000,7475400
20130508,8.6700,9.0300,8.5800,8.8000,14605600
20130509,8.4500,8.7900,8.4100,8.7000,11479300
20130510,9.3000,9.3000,8.4500,8.4900,29604400
20130513,9.1600,9.3800,8.9000,9.3200,17302800
20130514,9.3100,9.4500,9.0300,9.1100,6913200
20130515,9.4400,9.9600,9.1500,9.5100,20330100
20130516,9.4000,9.4600,9.1200,9.2000,6294400
20130517,9.3900,9.4400,9.2100,9.3800,8375500
20130520,9.6700,9.8800,9.2200,9.3500,10262200
20130521,10.3200,10.5400,9.5500,9.6300,10786200
20130522,10.3200,11.3500,9.3000,10.3600,13922000
20130523,10.1400,10.2900,10.0200,10.2400,4533700
20130524,9.9900,10.4500,9.8900,10.4500,5256600
20130527,9.9300,10.1800,9.8800,10.0400,3754200
20130528,9.9300,10.1500,9.7000,9.9000,6265300
20130529,10.1200,10.2000,9.6000,9.8900,8179100
20130530,10.0400,10.1500,9.9500,10.0000,4392300
20130531,9.8400,10.0800,9.6600,10.0400,4725700
20130603,9.7600,9.8900,9.6500,9.7500,2923500
20130604,9.9300,9.9800,9.6500,9.7400,3244800
20130605,9.8200,10.0100,9.7700,9.9200,2773900
20130606,10.0700,10.1700,9.7100,9.7500,8932600
20130607,10.1800,10.2700,10.0000,10.0700,5059600
20130610,10.1800,10.1800,10.1800,10.1800,0
20130611,10.1800,10.1800,10.1800,10.1800,0
20130612,10.1800,10.1800,10.1800,10.1800,0
20130613,9.9700,10.1500,9.7500,10.1500,3334300
20130614,10.6300,10.6700,9.9300,10.0900,6009000
20130617,10.3500,10.7000,10.2700,10.6400,6677600
20130618,10.0100,10.3600,9.9100,10.3000,6202000
20130619,10.0200,10.1800,9.6000,9.8900,4054300
20130620,9.9200,10.0000,9.6800,10.0000,2227400
20130621,9.8000,9.8600,9.4500,9.6800,2818700
20130624,9.5400,9.7900,9.1300,9.6700,3938400
20130625,9.3900,9.5000,8.5900,9.4000,7920300
20130626,9.3800,9.4800,9.1000,9.3000,3513100
20130627,9.4100,9.6000,9.2300,9.4500,7770200
20130628,9.5100,9.5500,9.2200,9.2700,5030700
20130701,9.5600,9.6000,9.4500,9.5100,3177100
20130702,9.6000,9.6500,9.5000,9.5000,3840900
20130703,9.4400,9.6000,9.2500,9.6000,4425800
20130704,9.6000,9.6000,9.2200,9.3800,3461000
20130705,9.5900,9.6000,9.4600,9.5800,1387600
20130708,9.4600,9.5000,9.3200,9.4800,1243500
20130709,9.3600,9.4400,9.3200,9.3800,876500
20130710,9.4400,9.4400,9.2900,9.3100,950300
20130711,9.7700,9.8700,9.3500,9.4400,5720000
20130712,9.7400,10.0600,9.7400,9.8500,2313400
20130715,9.8300,9.9400,9.6800,9.6800,1254700
20130716,9.9500,10.0500,9.8000,9.8200,2016100
20130717,10.2900,10.4000,9.9100,10.0500,3229700
20130718,10.2500,10.5900,10.2200,10.2900,3724000
20130719,10.2500,10.5800,10.1800,10.2800,4763000
20130722,10.1000,10.4400,9.6000,10.3000,4546200
20130723,10.2000,10.2000,9.8300,10.0000,3938400
20130724,10.2100,10.4000,10.0800,10.4000,2242500
20130725,10.1700,10.3600,10.0700,10.2200,1379600
20130726,10.1300,10.2000,9.8800,10.0900,1833100
20130729,10.0600,10.1900,9.9000,10.1700,2289200
20130730,10.0300,10.1000,9.8000,9.9300,2756400
20130731,9.9400,10.0700,9.8500,9.9400,1127400
20130801,10.0300,10.0900,9.8000,9.9400,3481900
20130802,9.9500,10.1900,9.8400,9.9500,3053700
20130805,9.9300,9.9800,9.8300,9.9500,1802800
20130806,9.9700,10.0500,9.7300,9.9300,3302800
20130807,10.2100,10.3000,9.8700,9.8700,4485700
20130808,10.1600,10.2800,10.1400,10.1800,4176000
20130809,10.3400,10.3900,10.1400,10.1700,4063000
20130812,10.3300,10.4000,10.1500,10.3000,3509300
20130813,10.1900,10.4600,10.1700,10.4600,2839700
20130814,10.2900,10.2900,10.1300,10.1600,1792600
20130815,10.6500,10.6500,10.2200,10.2400,3999100
20130816,10.6200,10.7800,10.4000,10.4900,4195900
20130819,10.5600,10.6900,10.4100,10.5300,3110300
20130820,10.4200,10.6800,10.3200,10.6800,2897500
20130821,10.3400,10.5100,10.1800,10.4500,2648700
20130822,10.2200,10.3600,10.1600,10.2100,2090600
20130823,10.2500,10.3200,10.0500,10.1500,2089600
20130826,10.2600,10.3600,10.1600,10.2800,1494200
20130827,10.1900,10.3200,10.1100,10.2000,1393200
20130828,10.1000,10.2000,9.9500,10.1600,2350000
20130829,10.1600,10.2900,9.9700,10.1000,2123600
20130830,10.0900,10.1700,10.0200,10.1600,1350200
20130902,10.0000,10.0800,9.7600,10.0000,2040100
20130903,10.2700,10.2700,9.9200,10.0000,3632600
20130904,10.1300,10.2900,10.1300,10.2700,1043400
20130905,9.9200,10.1000,9.6600,10.1000,4935100
20130906,10.0600,10.1000,9.7000,9.8700,2590200
20130909,10.1000,10.1500,10.0000,10.0500,1919000
20130910,10.1900,10.3200,9.9700,10.1000,10076200
20130911,10.1900,10.3000,10.0100,10.1000,2471200
20130912,10.0800,10.3900,10.0400,10.3800,1269700
20130913,10.0400,10.1600,9.9500,10.0200,1300500
20130916,10.0200,10.0600,9.8500,10.0400,2232000
20130917,9.8900,10.0000,9.8100,10.0000,1533700
20130918,10.0200,10.0600,9.7900,9.7900,2253000
20130920,10.0200,10.0200,10.0200,10.0200,0
20130923,9.9400,10.0200,9.9000,10.0000,2113700
20130924,9.9700,10.0600,9.9000,9.9000,6089800
20130925,9.9700,10.0000,9.7900,10.0000,2798900
20130926,9.9700,10.1500,9.7200,9.9300,2739900
20130927,10.0100,10.0700,9.8100,9.9600,2136700
20130930,10.1400,10.1400,9.9500,10.0500,6066200
20131001,10.1400,10.1400,10.1400,10.1400,0
20131002,10.1400,10.1400,10.1400,10.1400,0
20131003,10.1400,10.1400,10.1400,10.1400,0
20131004,10.1400,10.1400,10.1400,10.1400,0
20131007,10.1400,10.1400,10.1400,10.1400,0
20131008,10.1200,10.1600,9.8900,10.0700,4941400
20131009,10.3800,10.4000,10.0200,10.0500,4929600
20131010,11.3900,11.4200,10.4000,10.4800,10719200
20131011,11.2200,11.4800,11.0500,11.4800,5589400
20131014,10.8500,11.2500,10.8500,11.2200,4271600
20131015,11.5800,11.9000,10.7100,10.8700,6954600
20131016,11.6700,11.7200,11.3900,11.6500,6538000
20131017,11.7000,12.4500,11.4300,11.7300,4779400
20131018,11.7500,11.8800,11.4700,11.6800,2415900
20131021,12.1300,12.2000,11.5000,11.5000,5556800
20131022,12.0100,12.2000,11.9000,12.1100,2505500
20131023,11.5600,12.0900,11.4100,12.0000,3699600
20131024,11.0100,11.7300,10.7300,11.5400,4785600
20131025,11.8200,12.1000,11.0100,11.1000,6142500
20131028,13.0000,13.0000,12.0900,12.0900,8422800
20131029,13.2900,14.3000,12.3500,13.6200,34781600
20131030,13.9700,13.9900,12.5800,12.9300,19461600
20131031,13.2900,13.8000,12.5700,13.3200,13764400
20131101,12.4000,12.8500,11.9600,12.7600,5687900
20131104,12.6000,12.9200,11.9200,11.9200,3689300
20131105,12.6600,12.8200,12.2000,12.5000,3753500
20131106,12.2000,12.6500,12.1700,12.6200,3696200
20131107,11.9000,12.3200,11.7000,12.2000,4059500
20131108,12.4500,12.5500,11.5000,11.6400,3710300
20131111,13.3000,13.6100,12.3900,13.0000,9708800
20131112,13.8700,13.9600,13.0100,13.5000,6814100
20131113,13.4100,13.8800,13.3200,13.4100,9366200
20131114,13.1800,13.4000,12.6100,13.4000,6627700
20131115,13.5400,13.7000,13.1000,13.2500,4470600
20131118,13.6000,13.6900,13.1800,13.3800,2935900
20131119,13.1200,13.6000,13.1100,13.4200,2145200
20131120,13.2800,13.4400,13.0400,13.2700,1587300
20131121,13.3500,13.3800,13.1000,13.3000,5878500
20131122,13.4200,13.5700,13.1400,13.2000,7157100
20131125,13.4200,13.4400,13.2100,13.2100,3342400
20131126,13.3500,13.5000,13.2300,13.2300,7438000
20131127,13.0800,13.3500,13.0200,13.2100,2879400
20131128,13.0100,13.1700,12.8800,13.0000,2945500
20131129,13.1400,13.1700,12.9000,12.9200,1544100
20131202,12.8200,12.9600,12.2700,12.9600,3842000
20131203,12.7900,12.9200,12.6000,12.6000,3360100
20131204,12.7800,12.9900,12.6300,12.6300,3870900
20131205,12.3900,12.8500,12.3900,12.7800,7806100
20131206,12.3100,12.5000,12.2100,12.4800,6253600
20131209,12.5200,12.5300,12.2200,12.3000,3016200
20131210,12.5400,12.6400,12.4400,12.5000,2402800
20131211,12.2800,12.5200,12.2300,12.5200,934600
20131212,12.3900,12.4800,12.3000,12.3000,356700
20131213,12.3100,12.4700,12.2300,12.3900,911300
20131216,12.2600,12.4000,12.0900,12.2500,820400
20131217,12.3000,12.3500,12.1700,12.1700,451300
20131218,12.5300,12.5800,12.2400,12.3500,1788300
20131219,12.5500,12.5900,12.4900,12.5900,2314300
20131220,12.4900,12.6500,12.4200,12.5500,2490100
20131223,12.3800,12.6400,12.3800,12.5000,1842800
20131224,12.2600,12.5200,12.1900,12.3800,6066300
20131225,12.5400,12.6500,12.1200,12.2500,11802300
20131226,12.4300,12.6000,12.3400,12.4100,10592200
20131227,12.5300,12.5900,12.2600,12.4300,12061000
20131230,13.1800,13.2700,12.4500,12.6000,11736700
20131231,13.2800,13.5000,12.8900,13.1400,3753600
20140101,13.2800,13.2800,13.2800,13.2800,0
20140102,13.1000,13.4000,12.9000,13.2000,5206100
20140103,12.8600,13.1300,12.8100,13.1100,3010400
20140106,12.7200,12.9900,12.7100,12.7800,1384400
20140107,12.6400,12.9400,12.5300,12.8000,1745100
20140108,12.6000,12.7300,12.3100,12.5700,1937600
20140109,12.4800,12.6500,12.3000,12.3000,1778400
20140110,12.3800,12.5500,12.2600,12.4500,3267200
20140113,12.8000,12.8300,12.3800,12.3800,7630500
20140114,12.9400,13.1000,12.6500,12.7100,3372400
20140115,13.0700,13.1300,12.8600,12.8800,6759500
20140116,13.1600,13.2300,12.9500,12.9500,3922500
20140117,12.8400,13.2300,12.7600,13.2300,2139700
20140120,12.6800,12.9500,12.6800,12.7900,1026400
20140121,12.7100,12.9300,12.6200,12.6800,9510000
20140122,12.7200,12.7800,12.6600,12.7800,7754800
20140123,12.6200,12.8600,12.6000,12.7900,6076700
20140124,12.4800,12.6600,12.3800,12.5700,1976600
20140127,12.6900,12.7500,12.4200,12.4800,5667500
20140128,12.8000,12.9900,12.6600,12.7500,5864700
20140129,12.6400,12.9000,12.6400,12.7000,1512300
20140130,12.6500,13.0300,12.5200,12.9800,2693400
20140131,12.6500,12.6500,12.6500,12.6500,0
20140203,12.6500,12.6500,12.6500,12.6500,0
20140205,12.6500,12.6500,12.6500,12.6500,0
20140206,12.6500,12.6500,12.6500,12.6500,0
20140207,12.6600,12.7300,12.4800,12.5500,705700
20140210,12.7700,12.8500,12.6500,12.6600,4825500
20140211,12.5000,12.8600,12.3800,12.7500,4016700
20140212,12.4000,12.5000,12.3200,12.4800,2205600
20140213,12.4500,12.6000,12.3800,12.4000,3343300
20140214,12.4500,12.6300,12.4000,12.5000,1400000
20140217,12.4500,12.4800,12.3400,12.4600,2064400
20140218,12.3100,12.4900,12.3000,12.4900,1699200
20140219,12.4000,12.4800,12.3000,12.3400,2563200
20140220,12.2100,12.4300,11.9100,12.4000,2262700
20140221,12.0200,12.1700,11.8700,11.9800,2173100
20140224,11.9100,12.0800,11.8000,12.0000,1973200
20140225,11.9400,12.1100,11.8400,11.8400,2852500
