20130226,3.9500,4.0300,3.8500,4.0300,2912100
20130227,3.8000,4.0000,3.7300,3.9100,5564800
20130228,3.8400,3.8500,3.7500,3.8200,4209600
20130301,3.8100,3.8100,3.7500,3.8000,4232300
20130304,3.5400,3.7800,3.4800,3.7800,11837200
20130305,3.5900,3.6400,3.5100,3.6200,10180000
20130306,3.6300,3.6500,3.5600,3.5600,7348700
20130307,3.6300,3.7300,3.5800,3.6100,5775000
20130308,3.6000,3.6800,3.5800,3.6300,4817800
20130311,3.5600,3.6000,3.5200,3.6000,2319600
20130312,3.4700,3.5900,3.4400,3.5600,2904800
20130313,3.4600,3.4900,3.4300,3.4700,1699700
20130314,3.4700,3.4900,3.4500,3.4600,1144400
20130315,3.4600,3.5300,3.4000,3.4600,2999500
20130318,3.3800,3.4500,3.3500,3.4300,2449200
20130319,3.4200,3.4200,3.3500,3.3800,1531400
20130320,3.4900,3.4900,3.4000,3.4200,3138500
20130321,3.4900,3.5300,3.4600,3.4900,3574900
20130322,3.5000,3.5100,3.4700,3.4800,2207800
20130325,3.5700,3.5900,3.4900,3.5000,4344800
20130326,3.4800,3.5600,3.4700,3.5400,2552800
20130327,3.4800,3.5300,3.4500,3.5000,2375300
20130328,3.3300,3.4700,3.3100,3.4700,3416500
20130329,3.3400,3.3700,3.3300,3.3500,1454600
20130401,3.3400,3.3600,3.3200,3.3200,1109200
20130402,3.3600,3.3800,3.3400,3.3500,1535500
20130403,3.3700,3.4200,3.3500,3.3900,1974400
20130404,3.3700,3.3700,3.3700,3.3700,0
20130405,3.3700,3.3700,3.3700,3.3700,0
20130408,3.3300,3.3600,3.2700,3.3600,1598000
20130409,3.3500,3.3700,3.3300,3.3400,1358600
20130410,3.3800,3.4100,3.3300,3.3400,1765500
20130411,3.3500,3.4100,3.3500,3.3900,1152600
20130412,3.3100,3.3600,3.3100,3.3400,1044400
20130415,3.2300,3.3000,3.2200,3.2900,1725700
20130416,3.2700,3.2800,3.2000,3.2000,1348800
20130417,3.2500,3.2700,3.2400,3.2700,891100
20130418,3.2500,3.2700,3.2300,3.2400,618800
20130419,3.3100,3.3200,3.2400,3.2700,2396900
20130422,3.3200,3.3500,3.2900,3.2900,1611300
20130423,3.2300,3.3200,3.2200,3.3200,1341200
20130424,3.2700,3.2800,3.2200,3.2600,1768300
20130425,3.2100,3.2600,3.2000,3.2600,1369200
20130426,3.2200,3.2500,3.2000,3.2200,1282200
20130429,3.2200,3.2200,3.2200,3.2200,0
20130430,3.2200,3.2200,3.2200,3.2200,0
20130501,3.2200,3.2200,3.2200,3.2200,0
20130502,3.2000,3.2400,3.1900,3.2000,1060000
20130503,3.2600,3.2700,3.2100,3.2200,2471000
20130506,3.3100,3.3200,3.2400,3.2800,2451900
20130507,3.3000,3.3200,3.2800,3.3000,1281700
20130508,3.3100,3.3300,3.3000,3.3000,2375000
20130509,3.2700,3.3100,3.2300,3.3000,1802800
20130510,3.2800,3.2900,3.2400,3.2600,1290000
20130513,3.2800,3.3100,3.2500,3.2900,2125700
20130514,3.2600,3.3000,3.2500,3.2900,2043300
20130515,3.2400,3.2600,3.2200,3.2600,1426900
20130516,3.2800,3.2900,3.2200,3.2300,1653300
20130517,3.3300,3.3400,3.2600,3.2800,4025200
20130520,3.3700,3.4300,3.3200,3.3400,3984200
20130521,3.3700,3.3800,3.3300,3.3600,3100200
20130522,3.3900,3.4400,3.3500,3.3700,3549200
20130523,3.3500,3.4100,3.3500,3.3800,2299800
20130524,3.3700,3.3900,3.3400,3.3500,1744700
20130527,3.3400,3.3900,3.3300,3.3600,1566400
20130528,3.3700,3.3800,3.3100,3.3300,2866100
20130529,3.3800,3.4300,3.3500,3.3800,6744600
20130530,3.3400,3.3700,3.3300,3.3700,3402600
20130531,3.3400,3.3700,3.3200,3.3400,2410500
20130603,3.2900,3.3500,3.2900,3.3400,2942200
20130604,3.2300,3.2900,3.2000,3.2900,4183900
20130605,3.2100,3.2300,3.1800,3.2100,1940800
20130606,3.1300,3.2100,3.1000,3.1900,3059300
20130607,3.0800,3.1500,3.0600,3.1200,2770100
20130610,3.0800,3.0800,3.0800,3.0800,0
20130611,3.0800,3.0800,3.0800,3.0800,0
20130612,3.0800,3.0800,3.0800,3.0800,0
20130613,2.9300,3.0600,2.9200,3.0600,3062900
20130614,2.9300,2.9600,2.9000,2.9400,2473500
20130617,2.9300,2.9600,2.9000,2.9500,2623700
20130618,2.9200,2.9500,2.9000,2.9400,2634000
20130619,2.9500,2.9700,2.7800,2.9100,4975100
20130620,2.8400,2.9200,2.8000,2.9200,3030300
20130621,2.8400,2.8700,2.7700,2.8000,2574800
20130624,2.6600,2.8400,2.6400,2.8400,3342000
20130625,2.5700,2.6800,2.4500,2.6700,3634000
20130626,2.5600,2.5900,2.5300,2.5800,1712100
20130627,2.6900,2.8000,2.5400,2.5600,5534100
20130628,2.6400,2.6900,2.6100,2.6700,2734000
20130701,2.6500,2.6800,2.6200,2.6500,1553100
20130702,2.6800,2.6800,2.5900,2.6600,3289400
20130703,2.6600,2.7000,2.6200,2.6500,2679900
20130704,2.6600,2.7000,2.6000,2.6200,2938800
20130705,2.6500,2.6900,2.6300,2.6500,2286000
20130708,2.5200,2.6500,2.5000,2.6500,1827400
20130709,2.5400,2.5500,2.4900,2.5200,1099800
20130710,2.6000,2.6000,2.5200,2.5400,2364000
20130711,2.6900,2.7100,2.5800,2.6000,5048400
20130712,2.6500,2.7100,2.6300,2.6800,2204500
20130715,2.6700,2.6900,2.6500,2.6700,2431700
20130716,2.6900,2.7100,2.6300,2.6700,2840600
20130717,2.6800,2.7300,2.6500,2.6800,2447600
20130718,2.6300,2.6700,2.6200,2.6600,1592200
20130719,2.5800,2.6400,2.5500,2.6400,1363300
20130722,2.5700,2.5900,2.5400,2.5700,1061500
20130723,2.6300,2.6400,2.5600,2.5700,2096800
20130724,2.6200,2.6300,2.5800,2.6300,1749500
20130725,2.6100,2.6800,2.5900,2.6200,5512300
20130726,2.5900,2.6100,2.5500,2.6000,2105500
20130729,2.5200,2.5800,2.5100,2.5800,2160600
20130730,2.5400,2.5700,2.5100,2.5200,2524400
20130731,2.5400,2.5800,2.5200,2.5200,1271300
20130801,2.5700,2.5800,2.5500,2.5500,2564500
20130802,2.5900,2.6000,2.5700,2.5800,2053600
20130805,2.6300,2.6500,2.5600,2.5900,3053600
20130806,2.6500,2.6600,2.6100,2.6200,2613200
20130807,2.6300,2.6600,2.6100,2.6400,2927800
20130808,2.6800,2.7400,2.6000,2.6000,5281600
20130809,2.6800,2.6900,2.6300,2.6800,2953500
20130812,2.7500,2.7500,2.6600,2.6900,4598000
20130813,2.8700,2.9000,2.7300,2.7400,11886000
20130814,2.8300,2.9200,2.8100,2.8600,6428300
20130815,2.7500,2.8600,2.7000,2.8300,4705400
20130816,2.7300,2.8300,2.7000,2.7300,3781000
20130819,2.7400,2.7600,2.7000,2.7000,1590200
20130820,2.7200,2.7600,2.7000,2.7400,2058400
20130821,2.7100,2.7200,2.6900,2.7000,1520900
20130822,2.7100,2.7300,2.6900,2.7100,1549900
20130823,2.6700,2.7300,2.6400,2.7100,1495600
20130826,2.7300,2.7300,2.6700,2.6700,1835400
20130827,2.8000,2.8500,2.7100,2.7300,2615700
20130828,2.7800,2.8300,2.7300,2.7700,3939500
20130829,2.8000,2.8300,2.7400,2.7900,2652300
20130830,2.8300,2.8600,2.7600,2.8000,3705700
20130902,2.8500,2.9000,2.8000,2.8300,3905900
20130903,2.9100,2.9100,2.8300,2.8600,3901600
20130904,2.9800,3.0500,2.8900,2.9100,10227900
20130905,2.8800,2.9600,2.8500,2.9500,5671500
20130906,2.8800,2.9100,2.8300,2.8800,3279700
20130909,2.9700,3.0200,2.8800,2.9100,5772000
20130910,3.0800,3.1000,2.9800,2.9800,8255700
20130911,3.1400,3.3100,3.1100,3.1100,12107500
20130912,3.1300,3.1400,3.0600,3.1300,5498300
20130913,3.0700,3.1100,3.0600,3.1100,3654000
20130916,3.0300,3.1000,3.0200,3.0800,3183200
20130917,2.9700,3.0400,2.9700,3.0400,2487900
20130918,2.9700,3.0000,2.9300,2.9700,2486300
20130920,2.9700,2.9700,2.9700,2.9700,0
20130923,3.0300,3.0300,2.9600,2.9600,2315200
20130924,2.9900,3.0400,2.9500,3.0300,2114700
20130925,2.9900,3.0100,2.9700,2.9900,1976800
20130926,2.8900,3.0000,2.8800,3.0000,2615600
20130927,2.8300,2.9300,2.8200,2.8700,2478400
20130930,2.8400,2.8600,2.7800,2.8400,3224100
20131001,2.8400,2.8400,2.8400,2.8400,0
20131002,2.8400,2.8400,2.8400,2.8400,0
20131003,2.8400,2.8400,2.8400,2.8400,0
20131004,2.8400,2.8400,2.8400,2.8400,0
20131007,2.8400,2.8400,2.8400,2.8400,0
20131008,2.8500,2.8600,2.7900,2.8300,4451400
20131009,2.8700,2.8700,2.8000,2.8400,3288900
20131010,2.8900,2.9100,2.8400,2.8700,3429700
20131011,2.9400,2.9600,2.8700,2.8700,3171100
20131014,2.9800,3.0000,2.9200,2.9400,3204100
20131015,3.0000,3.0500,2.9800,3.0100,4693000
20131016,3.0800,3.2100,3.0000,3.0200,12151000
20131017,3.0700,3.0900,2.9900,3.0700,5422000
20131018,3.0400,3.0800,3.0200,3.0700,2486900
20131021,3.1400,3.1800,3.0100,3.0400,6727500
20131022,3.0900,3.1400,3.0800,3.1400,2888300
20131023,3.0200,3.1400,3.0200,3.0900,3355600
20131024,2.9800,3.0500,2.9700,3.0200,2298500
20131025,2.9500,3.0100,2.9200,2.9800,1595900
20131028,2.9700,2.9900,2.9500,2.9900,1754400
20131029,2.9700,3.0500,2.9000,2.9600,3685400
20131030,3.0300,3.0400,2.9400,2.9700,2397000
20131031,3.0400,3.0600,2.9800,3.0000,2547300
20131101,3.0800,3.1000,3.0100,3.0300,2790300
20131104,3.0500,3.1200,3.0400,3.1000,1896000
20131105,3.0700,3.0900,3.0200,3.0500,2077700
20131106,3.0300,3.1100,3.0300,3.0700,2143000
20131107,2.9800,3.0300,2.9600,3.0300,2249900
20131108,2.9800,3.0000,2.9300,2.9700,949800
20131111,3.0000,3.0000,2.9200,2.9800,1081700
20131112,3.0100,3.0300,2.9700,3.0200,900000
20131113,2.9700,3.0100,2.9600,2.9900,967200
20131114,2.9600,2.9900,2.9200,2.9800,1254500
20131115,3.0300,3.0600,2.9400,2.9600,1762100
20131118,3.0800,3.1000,3.0200,3.0200,2387700
20131119,3.0700,3.1100,3.0400,3.0700,2091700
20131120,3.1300,3.1400,3.0500,3.0700,2471100
20131121,3.1200,3.1300,3.0800,3.1200,1451400
20131122,3.1000,3.1400,3.0900,3.1000,1179800
20131125,3.1100,3.1900,3.1000,3.1000,2467100
20131126,3.0700,3.1100,3.0400,3.1000,1456500
20131127,3.1400,3.1900,3.0500,3.0500,2565900
20131128,3.1700,3.1900,3.1000,3.1200,2339200
20131129,3.1500,3.1700,3.1000,3.1600,2055000
20131202,3.0600,3.1500,3.0300,3.1200,2052700
20131203,3.1000,3.1200,3.0400,3.0400,1337900
20131204,3.1500,3.1700,3.0700,3.0900,3850900
20131205,3.1800,3.1800,3.1300,3.1400,2358900
20131206,3.1900,3.2400,3.1600,3.1900,4367800
20131209,3.1800,3.2400,3.1300,3.2300,2776000
20131210,3.1600,3.2100,3.1300,3.1600,2220100
20131211,3.1200,3.1600,3.1000,3.1300,1402400
20131212,3.1000,3.1400,3.1000,3.1200,1049700
20131213,3.1200,3.1300,3.0800,3.0900,1065700
20131216,3.0600,3.1200,3.0500,3.1200,1031600
20131217,3.0600,3.0700,3.0400,3.0600,903100
20131218,3.0300,3.0600,3.0000,3.0500,754200
20131219,3.0400,3.0500,3.0000,3.0400,872600
20131220,3.0300,3.1800,2.9800,3.0400,1713400
20131223,2.9600,3.0200,2.9500,3.0200,687300
20131224,2.9700,2.9900,2.9500,2.9600,563300
20131225,2.9800,2.9900,2.9500,2.9600,770000
20131226,2.9300,2.9800,2.9200,2.9800,578200
20131227,2.9500,2.9700,2.9000,2.9200,1470100
20131230,2.9800,3.0100,2.9300,2.9700,1552900
20131231,3.0200,3.0300,2.9700,2.9700,824700
20140101,3.0200,3.0200,3.0200,3.0200,0
20140102,3.0100,3.0300,2.9900,3.0200,539500
20140103,2.9600,3.0000,2.9400,2.9900,642500
20140106,2.8600,2.9500,2.8300,2.9500,1321300
20140107,2.8800,2.9300,2.8400,2.8600,1001000
20140108,2.8600,2.9000,2.8400,2.8800,737600
20140109,2.7900,2.8800,2.7800,2.8700,1175000
20140110,2.7200,2.8200,2.6600,2.8200,1222800
20140113,2.6700,2.7500,2.6500,2.7200,918800
20140114,2.7200,2.7300,2.6600,2.6600,636600
20140115,2.7100,2.7300,2.6800,2.7300,622400
20140116,2.7100,2.7200,2.6800,2.6900,1315500
20140117,2.6500,2.7000,2.6400,2.6900,928900
20140120,2.6100,2.6700,2.6000,2.6500,874400
20140121,2.6500,2.7100,2.6100,2.6100,1488000
20140122,2.7200,2.7300,2.6600,2.6800,2277900
20140123,2.7200,2.7400,2.7000,2.7200,1591000
20140124,2.7400,2.7500,2.7000,2.7100,1774700
20140127,2.7500,2.7900,2.7200,2.7500,2247700
20140128,2.7400,2.7600,2.7200,2.7500,725300
20140129,2.7500,2.7700,2.7400,2.7500,716100
20140130,2.7600,2.7700,2.6900,2.7500,895700
20140131,2.7600,2.7600,2.7600,2.7600,0
20140203,2.7600,2.7600,2.7600,2.7600,0
20140205,2.7600,2.7600,2.7600,2.7600,0
20140206,2.7600,2.7600,2.7600,2.7600,0
20140207,2.7800,2.7900,2.7100,2.7200,1174300
20140210,2.8400,2.8500,2.7600,2.7600,2167000
20140211,2.8400,2.8600,2.8100,2.8100,1807600
20140212,2.8600,2.8600,2.8200,2.8300,1924300
20140213,2.8100,2.8700,2.8100,2.8600,1334000
20140214,2.8300,2.8400,2.8000,2.8200,1105300
20140217,2.8700,2.8800,2.8300,2.8400,1596200
20140218,3.1400,3.1400,2.8100,2.8800,2229200
20140219,3.0200,3.0500,2.9600,2.9900,9601200
20140220,2.9100,3.0000,2.9000,3.0000,4896100
20140221,2.8400,2.9100,2.8200,2.8900,3668300
20140224,2.7600,2.8400,2.7400,2.8400,3170600
20140225,2.7000,2.7800,2.7000,2.7700,3008900
