20130226,6.5800,7.1900,6.4150,6.5000,86107800
20130227,6.5650,6.8200,6.4750,6.5750,54944200
20130228,6.4950,6.5750,6.3000,6.5000,50254300
20130301,6.8250,6.8950,6.4250,6.4350,67075000
20130304,6.6650,6.9500,6.5250,6.8150,47027400
20130305,6.8400,6.8500,6.6000,6.7350,42809100
20130306,6.9600,7.1400,6.8450,6.9100,50391300
20130307,6.5400,7.0650,6.4800,6.9150,53311900
20130308,6.4500,6.6750,6.4200,6.5550,28041900
20130311,6.4650,6.5800,6.3750,6.4650,20244100
20130312,6.2950,6.5250,6.1550,6.4400,27388200
20130313,6.3400,6.3750,6.1750,6.2850,15796800
20130314,6.1750,6.3950,6.1750,6.3250,18439600
20130315,6.2700,6.4600,6.0800,6.1750,23177900
20130318,6.3100,6.4300,6.1800,6.1800,17627900
20130319,6.2300,6.3500,6.0550,6.2850,13287700
20130320,6.6450,6.6500,6.2300,6.2300,29483400
20130321,6.8900,6.9000,6.6050,6.6750,39649700
20130322,7.0900,7.0950,6.7500,6.9000,39292900
20130325,7.0550,7.0850,6.8700,7.0500,21957300
20130326,6.8650,7.0450,6.7050,6.9500,20258400
20130327,6.9200,6.9700,6.7900,6.8250,19988800
20130328,6.6250,6.8350,6.4250,6.8250,17917100
20130329,6.6600,6.7300,6.5750,6.6000,11046800
20130401,7.0800,7.2950,6.7550,6.9400,70584800
20130402,6.6550,6.9600,6.6250,6.9400,37947300
20130403,6.9000,7.2300,6.8500,7.2300,60521400
20130404,6.9000,6.9000,6.9000,6.9000,0
20130405,6.9000,6.9000,6.9000,6.9000,0
20130408,6.7700,7.2500,6.7200,7.0000,66448300
20130409,6.7700,6.7700,6.7700,6.7700,0
20130410,6.7700,6.7700,6.7700,6.7700,0
20130411,6.7700,6.7700,6.7700,6.7700,0
20130412,6.7700,6.7700,6.7700,6.7700,0
20130415,6.7700,6.7700,6.7700,6.7700,0
20130416,6.0950,6.1600,6.0950,6.0950,11848100
20130417,6.1100,6.1300,5.8550,5.9750,38983300
20130418,6.0200,6.1250,5.9250,5.9950,22800200
20130419,6.1950,6.2400,6.0050,6.0300,25065200
20130422,6.5000,6.5800,6.2350,6.2350,30830200
20130423,6.4200,6.6450,6.4000,6.4850,26967000
20130424,6.4900,6.5250,6.2550,6.4500,23335400
20130425,6.2900,6.6150,6.2900,6.4700,24596300
20130426,6.0400,6.3650,6.0250,6.3100,15858000
20130429,6.0400,6.0400,6.0400,6.0400,0
20130430,6.0400,6.0400,6.0400,6.0400,0
20130501,6.0400,6.0400,6.0400,6.0400,0
20130502,6.1850,6.1850,6.0250,6.0350,11863100
20130503,6.2500,6.3350,6.1950,6.2150,10998300
20130506,6.2700,6.3350,6.2300,6.2300,11384900
20130507,6.2900,6.4000,6.2200,6.2750,12675400
20130508,6.5050,6.5600,6.2750,6.3000,21703400
20130509,6.4750,6.5000,6.3200,6.4750,15255400
20130510,6.6500,6.7200,6.4300,6.4450,21041100
20130513,6.6200,6.7650,6.5850,6.7050,12882500
20130514,6.5250,6.7450,6.4500,6.6250,15686000
20130515,6.6100,6.6400,6.4450,6.6300,12174500
20130516,6.7300,6.7750,6.5050,6.6000,21797500
20130517,6.6950,6.7500,6.6150,6.7300,14303600
20130520,6.6900,6.7500,6.5000,6.7100,20520800
20130521,6.7700,6.8300,6.5500,6.6500,22631900
20130522,7.0650,7.2350,6.7050,6.7400,36910400
20130523,7.0000,7.1400,6.9050,7.0000,19707100
20130524,7.3450,7.4300,6.9600,7.0200,27171100
20130527,7.5200,7.6300,7.3150,7.3450,27471800
20130528,7.5050,7.5750,7.3550,7.4750,17057800
20130529,7.2000,7.5000,7.1800,7.4550,28700800
20130530,7.4250,7.4450,7.1250,7.1400,21225600
20130531,7.3600,7.6150,7.3400,7.4250,20006700
20130603,7.4300,7.5900,7.3600,7.3600,15214300
20130604,7.1100,7.5250,6.9750,7.4750,19031800
20130605,7.0650,7.1950,6.9400,7.1150,11410600
20130606,6.8350,7.0800,6.8100,7.0350,11613900
20130607,6.7200,6.9600,6.6400,6.8500,11172100
20130610,6.7200,6.7200,6.7200,6.7200,0
20130611,6.7200,6.7200,6.7200,6.7200,0
20130612,6.7200,6.7200,6.7200,6.7200,0
20130613,6.4550,6.6500,6.2300,6.6500,8887600
20130614,6.5850,6.6250,6.4450,6.5200,8279900
20130617,6.8400,6.9950,6.7450,6.7500,16204600
20130618,7.0800,7.1000,6.7850,6.8400,13824900
20130619,6.9000,7.1700,6.8800,7.0000,17247200
20130620,6.4000,6.9300,6.3850,6.8200,16707400
20130621,6.3900,6.5900,6.1500,6.2100,9410400
20130624,5.7500,6.3300,5.7500,6.3300,16450400
20130625,5.6400,5.8000,5.1800,5.7000,16033400
20130626,5.8200,5.8400,5.5600,5.6500,12836700
20130627,5.5400,5.9200,5.4800,5.8300,13115100
20130628,5.5500,5.7000,5.4400,5.6100,8957300
20130701,5.7000,5.7100,5.4500,5.5700,8110800
20130702,6.0600,6.0700,5.6500,5.7000,15684900
20130703,5.9100,5.9900,5.7100,5.9900,14352200
20130704,5.8800,5.9800,5.7300,5.8400,10514600
20130705,5.6700,5.9000,5.6600,5.8600,9634100
20130708,5.2500,5.5900,5.2400,5.5200,8422200
20130709,5.3200,5.4300,5.2300,5.3000,5456500
20130710,5.5000,5.5100,5.2800,5.3500,6870100
20130711,5.6800,5.8400,5.5200,5.5200,11051000
20130712,5.7000,5.8700,5.6800,5.7100,10484300
20130715,5.8700,5.8800,5.7000,5.7200,12157900
20130716,5.8300,5.8800,5.7400,5.8400,9027300
20130717,5.7500,5.8400,5.6800,5.8200,8746700
20130718,5.6400,5.7300,5.5900,5.7300,7012200
20130719,5.5400,5.7200,5.4900,5.6000,7034300
20130722,5.8600,5.8900,5.5800,5.6400,15274100
20130723,5.8800,5.9200,5.7300,5.8600,14223000
20130724,6.0000,6.0500,5.7800,5.8700,16693800
20130725,6.2800,6.4300,5.9400,6.0100,28359800
20130726,6.1600,6.2800,6.0600,6.2000,12065300
20130729,6.0000,6.1500,5.9000,6.1400,8518500
20130730,5.9700,6.0700,5.8200,6.0000,7095500
20130731,6.0600,6.1600,5.9800,5.9800,6905100
20130801,6.1300,6.1400,6.0300,6.0700,9156500
20130802,6.1200,6.1800,6.0900,6.1600,7551400
20130805,6.4300,6.6700,6.1900,6.1900,20336200
20130806,6.5800,6.6400,6.3000,6.4500,16992100
20130807,6.4700,6.6500,6.4000,6.5900,12202700
20130808,6.8000,6.8900,6.5500,6.5600,23614900
20130809,7.1200,7.2000,6.7400,6.7500,28801900
20130812,7.0900,7.3300,7.0000,7.3300,29670700
20130813,6.9800,7.0800,6.8400,7.0800,21680100
20130814,7.0600,7.1800,6.9500,6.9500,19423100
20130815,6.8800,7.0500,6.8100,7.0000,15633900
20130816,6.5400,6.8800,6.5100,6.7900,19214600
20130819,6.6700,6.7000,6.4500,6.5300,9783100
20130820,6.6900,6.8300,6.6300,6.6700,11363800
20130821,6.6800,6.7500,6.5600,6.7200,8212800
20130822,6.6200,6.7400,6.5900,6.6400,8951500
20130823,6.4800,6.6800,6.2700,6.6200,12282900
20130826,6.5900,6.6000,6.4000,6.4800,8248900
20130827,6.9500,6.9700,6.5500,6.5800,17816500
20130828,6.7800,6.9500,6.7500,6.8600,15291800
20130829,6.6600,6.8400,6.6300,6.7600,8921400
20130830,6.6200,6.7300,6.6000,6.6500,7760400
20130902,6.6900,6.7000,6.5200,6.6100,5099800
20130903,6.7600,6.7800,6.6400,6.6600,7806300
20130904,6.7800,6.9200,6.7200,6.7600,10879200
20130905,6.7400,6.7800,6.6300,6.7700,8190800
20130906,6.6200,6.7400,6.5500,6.6800,11031700
20130909,6.6400,6.6900,6.5400,6.6000,8476300
20130910,6.5300,6.6400,6.5200,6.6200,12128800
20130911,6.4200,6.5800,6.3400,6.5600,11783500
20130912,6.4500,6.5500,6.3700,6.4200,7077000
20130913,6.5100,6.5100,6.4000,6.4400,5462000
20130916,6.6400,6.6700,6.5100,6.5200,11644000
20130917,6.3900,6.6500,6.3800,6.6400,8735700
20130918,6.8000,6.8700,6.3700,6.3900,23991000
20130920,6.8000,6.8000,6.8000,6.8000,0
20130923,6.8700,6.9200,6.7400,6.7900,14502300
20130924,7.1000,7.1300,6.7000,6.8700,26669200
20130925,6.9700,7.3400,6.9400,7.0500,26293700
20130926,7.0000,7.1000,6.8900,6.9800,15052000
20130927,7.1400,7.1900,6.9700,7.0500,14090300
20130930,7.5100,7.6500,7.2000,7.2000,26013700
20131001,7.5100,7.5100,7.5100,7.5100,0
20131002,7.5100,7.5100,7.5100,7.5100,0
20131003,7.5100,7.5100,7.5100,7.5100,0
20131004,7.5100,7.5100,7.5100,7.5100,0
20131007,7.5100,7.5100,7.5100,7.5100,0
20131008,7.5300,7.6300,7.3100,7.4100,18564200
20131009,8.0400,8.1300,7.3500,7.4800,30697500
20131010,8.0400,8.0400,8.0400,8.0400,0
20131011,8.0400,8.0400,8.0400,8.0400,0
20131014,8.0400,8.0400,8.0400,8.0400,0
20131015,8.0400,8.0400,8.0400,8.0400,0
20131016,8.0400,8.0400,8.0400,8.0400,0
20131017,8.0400,8.0400,8.0400,8.0400,0
20131018,8.0400,8.0400,8.0400,8.0400,0
20131021,8.0400,8.0400,8.0400,8.0400,0
20131022,8.0400,8.0400,8.0400,8.0400,0
20131023,8.0400,8.0400,8.0400,8.0400,0
20131024,7.4000,7.8900,7.2400,7.8900,33765400
20131025,6.8900,7.4700,6.8500,7.3300,22380500
20131028,7.1000,7.3400,6.9100,7.1100,16813800
20131029,6.8800,7.1100,6.6200,7.0800,12855400
20131030,6.8200,6.8500,6.5800,6.8500,9995100
20131031,6.7800,6.9000,6.6900,6.7800,6885300
20131101,6.8000,6.8500,6.6900,6.7400,5967500
20131104,7.0500,7.0700,6.7400,6.8000,7346300
20131105,7.2600,7.3700,6.9300,6.9300,14999100
20131106,6.9700,7.4300,6.9700,7.2600,12767100
20131107,6.8000,6.9900,6.7700,6.8800,6393000
20131108,6.8100,6.8700,6.7000,6.7600,5040200
20131111,6.9200,6.9500,6.7300,6.8100,5028700
20131112,6.9300,7.0100,6.8700,6.8900,5377200
20131113,6.6700,6.9200,6.6500,6.9200,5538700
20131114,6.7000,6.7500,6.5800,6.6700,4779900
20131115,6.8300,6.8700,6.7000,6.7100,6166100
20131118,6.9300,6.9500,6.8100,6.8100,7602500
20131119,7.0400,7.0800,6.8700,6.9300,8509500
20131120,7.0400,7.0900,6.9200,7.0600,7822200
20131121,6.8400,7.0300,6.7500,7.0300,10618600
20131122,6.7300,6.8700,6.7200,6.8400,6060300
20131125,6.7800,6.8200,6.6800,6.7100,4992600
20131126,6.7400,6.8100,6.7000,6.7800,4405200
20131127,6.7700,6.7900,6.7100,6.7500,5584600
20131128,6.8300,6.9100,6.7700,6.7700,6813600
20131129,6.8800,6.9000,6.8100,6.8300,6427000
20131202,6.4700,6.8100,6.4200,6.8000,10044100
20131203,6.6200,6.6500,6.4000,6.4700,4634000
20131204,6.7500,6.7600,6.5200,6.6300,21948300
20131205,6.6700,6.7600,6.5800,6.6900,10178000
20131206,6.6200,6.6900,6.6100,6.6500,5526000
20131209,6.6900,6.7300,6.6300,6.6300,5265500
20131210,6.5600,6.7000,6.5600,6.6900,10054300
20131211,6.3700,6.5600,6.3300,6.5600,10263800
20131212,6.3400,6.4600,6.3200,6.3700,12516500
20131213,6.3800,6.3800,6.2800,6.3300,5305500
20131216,6.3600,6.5400,6.3200,6.4000,9473100
20131217,6.3600,6.3800,6.3200,6.3600,5898600
20131218,6.5300,6.5700,6.3500,6.4000,13045200
20131219,6.4000,6.5900,6.3800,6.5300,11367700
20131220,6.5200,6.6600,6.4100,6.4100,14910900
20131223,6.9200,6.9700,6.5300,6.6000,31959500
20131224,6.7200,6.9500,6.6100,6.8500,17930800
20131225,6.5800,6.7300,6.4500,6.7300,13315300
20131226,6.5200,6.7800,6.5100,6.6100,9899100
20131227,6.5500,6.5900,6.3800,6.5300,7987900
20131230,6.4600,6.6000,6.4500,6.5600,6568200
20131231,6.4800,6.5200,6.3700,6.4300,4770500
20140101,6.4800,6.4800,6.4800,6.4800,0
20140102,6.4900,6.4900,6.4100,6.4700,5569600
20140103,6.4400,6.5200,6.4100,6.5000,4995100
20140106,6.3800,6.4900,6.3400,6.4800,6096100
20140107,6.2300,6.3700,6.1400,6.3600,7791800
20140108,6.2500,6.3000,6.1900,6.2000,5311800
20140109,6.0900,6.2900,6.0800,6.2600,6083800
20140110,5.5400,6.1300,5.4800,6.0800,19213400
20140113,5.4500,5.6700,5.3800,5.5400,12103900
20140114,5.6600,5.6800,5.4300,5.4500,6925600
20140115,5.7600,5.8300,5.6200,5.6400,7229500
20140116,5.7500,5.8600,5.7400,5.7700,6677400
20140117,5.6700,5.7100,5.6000,5.7100,4176000
20140120,6.0000,6.1700,5.6200,5.6700,13442500
20140121,6.0900,6.1200,5.9600,6.0600,9121100
20140122,6.1700,6.1800,6.0400,6.0900,6835000
20140123,6.2600,6.3100,6.1000,6.1800,7662200
20140124,6.4000,6.4600,6.2600,6.3000,11800100
20140127,6.2700,6.4400,6.2400,6.3900,7023100
20140128,6.4800,6.6000,6.3100,6.3100,13831200
20140129,6.4400,6.6500,6.3600,6.4400,8482600
20140130,6.4300,6.4900,6.3600,6.3900,4510400
20140131,6.4300,6.4300,6.4300,6.4300,0
20140203,6.4300,6.4300,6.4300,6.4300,0
20140205,6.4300,6.4300,6.4300,6.4300,0
20140206,6.4300,6.4300,6.4300,6.4300,0
20140207,6.3200,6.4800,6.2500,6.4500,7893100
20140210,6.4800,6.4900,6.3200,6.3400,11182500
20140211,6.6200,6.6700,6.4500,6.5000,15009500
20140212,6.7200,6.7500,6.5100,6.6200,14018200
20140213,6.7200,6.8900,6.6700,6.7000,20072300
20140214,6.7900,6.8300,6.6800,6.7200,11186600
20140217,6.8200,6.8800,6.7200,6.8000,13845800
20140218,6.8700,6.8700,6.6400,6.8300,17161800
20140219,7.5600,7.5600,6.8000,6.8500,30196600
20140220,7.8200,8.2400,7.5700,7.9700,73709000
20140221,7.6600,7.8700,7.4000,7.7200,32663300
20140224,7.9900,8.1500,7.5200,7.6000,37009600
20140225,7.5500,8.2200,7.1900,7.9800,34159300
