20130226,7.3300,7.4500,7.3000,7.3100,1463600
20130227,7.5800,7.6000,7.3700,7.3800,2175100
20130228,7.6200,7.6500,7.5300,7.6500,2081400
20130301,7.6900,7.7600,7.6000,7.6200,3211400
20130304,7.8000,8.0500,7.5800,7.6800,6378000
20130305,8.3500,8.5800,7.9000,7.9300,8555300
20130306,8.4000,8.5800,8.0800,8.2600,5712700
20130307,8.1800,8.3400,8.1300,8.3200,3299200
20130308,8.2700,8.4000,8.2000,8.2000,3056500
20130311,8.0600,8.2500,7.9600,8.2500,2925500
20130312,7.6600,8.1800,7.4800,8.1500,4602300
20130313,7.8400,7.8700,7.5000,7.6600,2073700
20130314,7.9100,7.9700,7.7300,7.8700,1922800
20130315,7.4800,7.9000,7.4100,7.9000,3892000
20130318,7.3400,7.5700,7.3200,7.4800,2287400
20130319,7.4200,7.4700,7.2400,7.3000,1741000
20130320,7.5700,7.6000,7.3500,7.3900,2310800
20130321,7.6000,7.6700,7.5100,7.5700,2160700
20130322,7.5700,7.6600,7.5600,7.6400,1427800
20130325,7.5300,7.6200,7.4200,7.5500,1463900
20130326,7.3700,7.5300,7.3400,7.5300,1843900
20130327,7.3700,7.4200,7.3200,7.3300,1407000
20130328,7.0700,7.3700,7.0500,7.3700,2692200
20130329,7.1000,7.1500,7.0300,7.1000,1164100
20130401,7.1900,7.2100,7.1000,7.1000,783200
20130402,7.1700,7.2500,7.1000,7.1800,1102200
20130403,7.1200,7.2300,7.1000,7.1300,785000
20130404,7.1200,7.1200,7.1200,7.1200,0
20130405,7.1200,7.1200,7.1200,7.1200,0
20130408,6.9500,7.1000,6.8200,7.1000,1071900
20130409,7.0900,7.1100,6.9700,6.9700,730200
20130410,7.1900,7.2000,7.0600,7.0600,1011200
20130411,6.8600,7.0700,6.8000,7.0000,3280900
20130412,6.8500,6.8900,6.7600,6.8300,1646100
20130415,6.8500,6.9200,6.7200,6.8100,1831100
20130416,6.9100,6.9800,6.7300,6.8700,2300300
20130417,6.9100,7.0100,6.8400,6.9700,1742200
20130418,6.9300,6.9700,6.8000,6.8800,3080700
20130419,7.0500,7.1700,7.0100,7.1700,3949800
20130422,6.7800,7.0200,6.7000,7.0200,3687700
20130423,6.5900,6.7800,6.5700,6.7500,1569400
20130424,6.6300,6.7000,6.5800,6.6000,1543100
20130425,6.5300,6.6800,6.4700,6.6400,1557000
20130426,6.3000,6.5300,6.2500,6.5300,1213300
20130429,6.3000,6.3000,6.3000,6.3000,0
20130430,6.3000,6.3000,6.3000,6.3000,0
20130501,6.3000,6.3000,6.3000,6.3000,0
20130502,6.1800,6.3100,6.1500,6.2800,992500
20130503,6.2400,6.2700,6.2000,6.2200,1881400
20130506,6.3200,6.3200,6.2200,6.2800,1473000
20130507,6.3800,6.4000,6.2700,6.3000,1188900
20130508,6.4100,6.4700,6.3700,6.4000,1356600
20130509,6.3900,6.4500,6.2800,6.4500,1130300
20130510,6.5400,6.5400,6.3300,6.3900,1606100
20130513,6.5400,6.6300,6.4500,6.6300,1593000
20130514,6.5300,6.5300,6.3200,6.5100,1254000
20130515,6.6200,6.6300,6.4500,6.5400,1463100
20130516,6.5900,6.6500,6.5300,6.5800,2288800
20130517,6.5800,6.7200,6.5600,6.7100,2811600
20130520,6.6100,6.6600,6.5400,6.6200,2552900
20130521,6.6300,6.6300,6.5600,6.6300,2032800
20130522,6.5800,6.6300,6.5100,6.6100,1808000
20130523,6.5600,6.6100,6.5000,6.5500,1860700
20130524,6.5900,6.6100,6.5000,6.5800,1633400
20130527,6.5900,6.6200,6.5500,6.5800,1991400
20130528,6.8300,6.8900,6.5300,6.6000,5672100
20130529,6.7400,6.8000,6.7200,6.8000,2881500
20130530,6.6100,6.6500,6.5600,6.6500,1935100
20130531,6.5400,6.6200,6.5200,6.6100,1766900
20130603,6.5400,6.6000,6.5100,6.5400,1179000
20130604,6.4400,6.5500,6.3400,6.5200,1883600
20130605,6.4500,6.4900,6.3900,6.4600,1297300
20130606,6.2700,6.4700,6.2600,6.4700,1127700
20130607,6.1200,6.3400,6.0700,6.3400,1261900
20130610,6.1200,6.1200,6.1200,6.1200,0
20130611,6.1200,6.1200,6.1200,6.1200,0
20130612,6.1200,6.1200,6.1200,6.1200,0
20130613,5.9700,6.1000,5.8500,6.1000,1076400
20130614,5.9700,6.0200,5.9300,6.0200,797300
20130617,5.9800,5.9900,5.9000,5.9700,645000
20130618,5.9900,6.0400,5.9600,5.9900,826200
20130619,5.9500,6.0200,5.8500,6.0200,521600
20130620,5.7600,5.9500,5.6800,5.9500,764400
20130621,5.7100,5.7800,5.5200,5.5200,726200
20130624,5.2100,5.7200,5.2100,5.7200,1305400
20130625,5.1400,5.2900,4.8400,5.2000,1352600
20130626,5.1800,5.2000,5.1100,5.1800,843100
20130627,5.1100,5.2700,5.0700,5.1800,1154500
20130628,5.1100,5.2300,4.9900,5.1000,1089700
20130701,5.2000,5.2200,5.0700,5.0900,656300
20130702,5.2800,5.2900,5.1600,5.2700,1215100
20130703,5.2100,5.3600,5.0900,5.2600,1180000
20130704,5.2500,5.2900,5.0800,5.1600,1051800
20130705,5.2600,5.3400,5.2400,5.2400,967200
20130708,5.0000,5.2300,4.9900,5.2000,1370600
20130709,5.1400,5.1600,5.0600,5.1200,819500
20130710,5.3100,5.3400,5.0900,5.1100,1457100
20130711,5.4300,5.4900,5.2500,5.3100,1773600
20130712,5.4400,5.5300,5.4100,5.4300,1590100
20130715,5.4900,5.5800,5.4000,5.4000,1459900
20130716,5.5100,5.5500,5.4400,5.4600,1346800
20130717,5.4300,5.5500,5.3900,5.5100,1206100
20130718,5.3100,5.4300,5.2800,5.4300,1093700
20130719,5.1300,5.3700,5.1300,5.3200,911500
20130722,5.2400,5.2600,5.0600,5.1300,943300
20130723,5.4600,5.4700,5.2400,5.3300,1775200
20130724,5.7800,5.8500,5.4600,5.4600,4023200
20130725,6.0500,6.0800,5.7000,5.7200,5144800
20130726,6.1600,6.3300,5.9500,5.9700,4414600
20130729,5.9500,6.1700,5.9400,6.1000,2110200
20130730,6.0100,6.0500,5.7400,5.9700,1353300
20130731,6.0000,6.0900,5.9400,6.0000,864900
20130801,6.0700,6.0800,5.9000,6.0500,2308900
20130802,6.3000,6.3000,6.0500,6.1600,2727700
20130805,6.1600,6.3000,6.1000,6.3000,2467200
20130806,6.1100,6.1900,6.0500,6.1400,1716700
20130807,5.9900,6.1800,5.9700,6.1500,1530000
20130808,5.9400,6.0200,5.9400,5.9500,998600
20130809,6.0100,6.0400,5.9300,5.9700,931100
20130812,6.1000,6.1000,6.0100,6.0100,1084400
20130813,6.1700,6.2000,6.1000,6.1500,1554800
20130814,6.0700,6.1900,6.0400,6.1700,1103800
20130815,6.0300,6.1700,6.0200,6.0500,810700
20130816,5.9600,6.1300,5.9500,6.0700,1002500
20130819,6.0600,6.0700,5.9000,5.9200,810500
20130820,6.0300,6.1000,5.9700,6.0600,895000
20130821,6.0200,6.0500,5.9500,6.0200,669400
20130822,6.0300,6.0900,5.9900,6.0300,1019400
20130823,5.9500,6.0500,5.8900,6.0500,879700
20130826,6.1800,6.1800,5.9300,5.9800,1948400
20130827,6.2800,6.5900,6.1500,6.1700,2921300
20130828,6.2400,6.3400,6.1200,6.2500,1650700
20130829,6.1200,6.2800,6.0900,6.2000,1366600
20130830,6.1500,6.2000,6.0700,6.1500,1458200
20130902,6.1300,6.1900,6.0500,6.1500,809700
20130903,6.1800,6.2000,6.0800,6.1300,1024600
20130904,6.1900,6.2500,6.1300,6.2100,1100400
20130905,6.1300,6.2500,6.1300,6.2500,868100
20130906,6.1300,6.1500,6.0800,6.1000,690800
20130909,6.1500,6.1800,6.1100,6.1100,1202800
20130910,6.2300,6.2500,6.1200,6.1500,1688100
20130911,6.3600,6.4500,6.1800,6.2400,2994900
20130912,6.3100,6.3900,6.2500,6.3600,1350900
20130913,6.2700,6.3300,6.2000,6.3300,1071500
20130916,6.2300,6.2900,6.1900,6.2300,789500
20130917,6.1000,6.2600,6.0900,6.2100,1195200
20130918,6.0800,6.1400,6.0200,6.0900,681200
20130920,6.0800,6.0800,6.0800,6.0800,0
20130923,6.2000,6.2100,6.0900,6.1200,913800
20130924,6.1600,6.2200,6.0800,6.2200,782100
20130925,6.0700,6.1900,6.0700,6.1100,872700
20130926,6.0300,6.1500,6.0200,6.0700,1053500
20130927,6.0600,6.0900,6.0300,6.0500,803000
20130930,6.0900,6.1300,6.0300,6.0800,653000
20131001,6.0900,6.0900,6.0900,6.0900,0
20131002,6.0900,6.0900,6.0900,6.0900,0
20131003,6.0900,6.0900,6.0900,6.0900,0
20131004,6.0900,6.0900,6.0900,6.0900,0
20131007,6.0900,6.0900,6.0900,6.0900,0
20131008,6.2800,6.2900,6.0500,6.0900,1688000
20131009,6.4000,6.4700,6.2400,6.2900,2734800
20131010,6.3300,6.4100,6.2600,6.4100,1398300
20131011,6.6500,6.6600,6.2800,6.3200,4294200
20131014,6.6900,6.9000,6.5200,6.6000,4876100
20131015,6.6300,6.7500,6.6100,6.6800,1779500
20131016,6.4000,6.6500,6.3700,6.6000,1838300
20131017,6.4800,6.5300,6.3300,6.4000,1716000
20131018,6.5300,6.5700,6.4500,6.4800,1206600
20131021,6.6600,6.6700,6.4500,6.5400,2256300
20131022,6.7100,6.7600,6.5700,6.6700,1903400
20131023,6.5900,6.7500,6.5300,6.7300,2306500
20131024,6.5400,6.5900,6.5200,6.5800,1140300
20131025,6.9900,7.1500,6.5300,6.5700,7194100
20131028,7.2200,7.2900,6.8500,7.0300,5912400
20131029,7.1200,7.3000,6.7200,7.2100,6334900
20131030,7.4200,7.7800,7.0000,7.0500,11837100
20131031,7.3300,7.5000,7.2000,7.3000,5553800
20131101,7.0000,7.2800,6.9000,7.2800,5400000
20131104,7.1500,7.2200,6.8600,6.9400,3494300
20131105,7.1800,7.2600,6.9000,7.1000,3284800
20131106,6.9600,7.1800,6.9600,7.1700,3007000
20131107,7.5000,7.6000,7.0100,7.0400,11098000
20131108,7.8500,8.0100,7.3500,7.5000,14954300
20131111,7.9300,7.9700,7.5800,7.8100,9245400
20131112,7.8100,7.9400,7.6500,7.9000,5971700
20131113,7.4800,7.8100,7.4400,7.7000,5469500
20131114,7.5000,7.6000,7.3300,7.4800,3984900
20131115,7.5200,7.6800,7.4000,7.5000,5663600
20131118,7.6400,7.6600,7.4600,7.6000,6549600
20131119,7.6900,7.6900,7.4500,7.6500,6076900
20131120,7.6600,7.7300,7.5500,7.6200,3819400
20131121,7.5000,7.6600,7.5000,7.6400,3394400
20131122,7.3100,7.5700,7.2900,7.5300,4058200
20131125,7.3300,7.4300,7.2000,7.3000,2192300
20131126,7.3500,7.4200,7.2300,7.3600,2171000
20131127,7.4000,7.4600,7.2700,7.3500,1934800
20131128,7.5800,7.6700,7.4100,7.4200,4567000
20131129,7.5100,7.6400,7.4300,7.6000,3299400
20131202,7.3800,7.6500,7.2800,7.3200,4248800
20131203,7.4900,7.5000,7.0000,7.3400,4960800
20131204,7.5200,7.6000,7.4200,7.5000,4525900
20131205,7.7300,7.8700,7.4700,7.5000,6496900
20131206,7.7500,7.8600,7.6500,7.7100,3816800
20131209,7.7900,7.8800,7.6700,7.8100,2649300
20131210,7.6200,7.8400,7.6100,7.7200,2508900
20131211,7.4100,7.6700,7.3600,7.6500,3269600
20131212,7.3900,7.4600,7.3700,7.4100,1270300
20131213,7.4400,7.5300,7.3500,7.4200,1566700
20131216,7.3300,7.5000,7.2700,7.4400,1669300
20131217,7.3100,7.3800,7.2600,7.3000,788800
20131218,7.3200,7.4400,7.2900,7.2900,889200
20131219,7.3200,7.4500,7.3000,7.4100,1081600
20131220,7.1100,7.3200,7.1000,7.3000,1720700
20131223,7.0500,7.1100,6.8800,7.1100,1454800
20131224,7.0900,7.1700,7.0600,7.0900,1107100
20131225,7.1400,7.1700,7.0700,7.0800,977800
20131226,6.8300,7.1400,6.8100,7.1400,1878000
20131227,6.8800,6.9800,6.8400,6.8800,2241600
20131230,7.0100,7.0400,6.9000,6.9100,1241300
20131231,7.1700,7.2200,7.0000,7.0200,2256500
20140101,7.1700,7.1700,7.1700,7.1700,0
20140102,7.2000,7.2800,7.1500,7.2400,1131500
20140103,7.1200,7.2100,7.0600,7.1900,1008300
20140106,6.9600,7.1400,6.8200,7.1400,1934400
20140107,6.9600,7.0500,6.9000,6.9400,765600
20140108,6.8800,7.0000,6.8600,6.9600,890600
20140109,6.7200,6.9400,6.7000,6.8900,892900
20140110,6.4900,6.7000,6.4900,6.6300,1614200
20140113,6.3200,6.5500,6.3000,6.4900,1746200
20140114,6.5300,6.5300,6.2800,6.3000,1520600
20140115,6.5100,6.5500,6.4000,6.5300,1144200
20140116,6.6500,6.7100,6.4400,6.5300,1707100
20140117,6.6500,6.6500,6.4300,6.6000,1762800
20140120,6.5600,6.6700,6.5300,6.6500,1073000
20140121,6.6600,6.7000,6.5700,6.5900,999000
20140122,6.7600,6.7800,6.6600,6.6800,1422100
20140123,6.7600,6.7800,6.7000,6.7600,1320000
20140124,6.8100,6.8400,6.6800,6.7400,1375200
20140127,6.7500,6.8400,6.7100,6.7100,1199100
20140128,6.6800,6.7700,6.5700,6.7500,1763100
20140129,6.6300,6.6900,6.6000,6.6000,999400
20140130,6.6300,6.7200,6.6000,6.6100,682200
20140131,6.6300,6.6300,6.6300,6.6300,0
20140203,6.6300,6.6300,6.6300,6.6300,0
20140205,6.6300,6.6300,6.6300,6.6300,0
20140206,6.6300,6.6300,6.6300,6.6300,0
20140207,6.6900,6.7000,6.5300,6.6500,1272200
20140210,6.8900,6.9300,6.6600,6.6900,2956500
20140211,6.8800,6.9800,6.8600,6.9700,1770700
20140212,6.9500,6.9500,6.8000,6.9000,2726200
20140213,6.9500,7.0100,6.8600,6.9400,2262100
20140214,7.0400,7.0500,6.9200,6.9300,2123000
20140217,7.1400,7.1800,7.0400,7.0400,2364300
20140218,7.0900,7.1700,7.0800,7.1500,1693300
20140219,7.0900,7.1600,7.0100,7.0200,2005700
20140220,6.9900,7.1400,6.9800,7.0700,2045800
20140221,6.8600,6.9900,6.7600,6.9900,1822900
20140224,6.8000,6.9000,6.7600,6.9000,1302600
20140225,6.9100,7.0700,6.8000,6.8000,4563400
