20130226,7.5500,7.6700,7.4300,7.5300,13305800
20130227,7.6500,7.6500,7.4100,7.5600,10340800
20130228,7.8100,7.8500,7.6200,7.6800,15806600
20130301,7.8200,7.8600,7.7000,7.8100,11803600
20130304,7.2000,7.8100,7.0400,7.8100,19329400
20130305,7.3600,7.4400,7.1500,7.1800,11961200
20130306,7.6900,7.7000,7.2900,7.3200,17917300
20130307,7.7500,7.7900,7.5100,7.6900,18940200
20130308,7.4500,7.7600,7.4000,7.6500,10677900
20130311,7.3900,7.5100,7.3100,7.4700,7238000
20130312,7.1800,7.4600,7.0000,7.3900,10639600
20130313,6.9800,7.1800,6.9200,7.1800,6995700
20130314,7.0900,7.2500,7.0000,7.0000,8076300
20130315,7.0700,7.2300,6.9000,7.0900,8020200
20130318,7.1000,7.1400,6.9800,7.0100,5216700
20130319,7.5500,7.6400,7.0400,7.1200,14804900
20130320,7.5500,7.5800,7.3900,7.5500,15281100
20130321,7.6900,7.7700,7.5600,7.5600,19175600
20130322,7.6800,7.7600,7.5700,7.7000,12834800
20130325,7.5000,7.7100,7.4300,7.6300,10781700
20130326,7.3000,7.5100,7.3000,7.5000,7437700
20130327,7.3500,7.5300,7.3000,7.3200,6061400
20130328,7.1100,7.3200,7.0500,7.3200,9286800
20130329,7.0600,7.1600,7.0500,7.1000,5556800
20130401,7.1800,7.2500,7.0700,7.0700,5687600
20130402,6.9900,7.2300,6.9300,7.1800,8566200
20130403,6.7300,7.0600,6.5500,6.9900,10084300
20130404,6.7300,6.7300,6.7300,6.7300,0
20130405,6.7300,6.7300,6.7300,6.7300,0
20130408,6.6100,6.6400,6.2000,6.5800,10824700
20130409,6.6900,6.7300,6.5100,6.6200,6126000
20130410,6.5500,6.6700,6.4900,6.6400,4895800
20130411,6.5600,6.6200,6.5100,6.5400,4307600
20130412,6.6500,6.7800,6.5600,6.5600,6270000
20130415,6.1300,6.5300,6.1100,6.5300,9804800
20130416,6.2800,6.2900,5.8900,6.1100,9834700
20130417,6.3200,6.4800,6.3000,6.4300,9202300
20130418,6.1700,6.2400,6.1200,6.2000,7192200
20130419,6.2200,6.3000,6.1200,6.1200,10302400
20130422,6.1200,6.2300,6.0400,6.0900,7902600
20130423,5.8400,6.1600,5.8200,6.1000,6756600
20130424,5.8500,5.9900,5.8000,5.8400,8252500
20130425,5.6700,5.8900,5.6400,5.8800,8414000
20130426,5.4600,5.7400,5.4100,5.6800,8825600
20130429,5.4600,5.4600,5.4600,5.4600,0
20130430,5.4600,5.4600,5.4600,5.4600,0
20130501,5.4600,5.4600,5.4600,5.4600,0
20130502,5.2900,5.4500,5.2600,5.4500,5909300
20130503,5.8200,5.8200,5.3500,5.6000,10794600
20130506,6.0700,6.2100,5.9700,6.2000,28484100
20130507,6.0000,6.0500,5.8800,6.0100,13570100
20130508,5.9800,6.0600,5.9200,5.9200,7923900
20130509,6.0000,6.0400,5.8500,6.0000,9775200
20130510,5.9400,6.0100,5.8800,6.0000,6015500
20130513,5.9000,5.9800,5.8800,5.9100,5445700
20130514,5.6000,5.9100,5.5700,5.9000,11199400
20130515,5.7200,5.7300,5.5300,5.6000,6894300
20130516,5.7200,5.7600,5.6400,5.7100,6463500
20130517,5.8000,5.8400,5.7100,5.7100,7500400
20130520,6.0900,6.1800,5.8000,5.8100,15689100
20130521,6.4700,6.5900,6.1000,6.2100,25120400
20130522,6.4100,6.4600,6.2500,6.3900,15306200
20130523,6.4000,6.7600,6.3800,6.5600,20852800
20130524,6.5500,6.6200,6.3300,6.3500,13343700
20130527,6.4600,6.5700,6.4200,6.5600,10193100
20130528,6.3900,6.5000,6.2900,6.4700,9635600
20130529,6.4200,6.4700,6.3300,6.4000,8838800
20130530,6.3600,6.4300,6.3300,6.4000,7339900
20130531,6.5200,6.6600,6.3500,6.3500,15192200
20130603,6.6100,6.7300,6.4500,6.5100,11815700
20130604,6.3900,6.6300,6.2900,6.6100,7766000
20130605,6.3400,6.4300,6.2900,6.3700,4350100
20130606,6.3200,6.3900,6.2800,6.3000,4535100
20130607,6.1100,6.3600,6.0700,6.3000,6150700
20130610,6.1100,6.1100,6.1100,6.1100,0
20130611,6.1100,6.1100,6.1100,6.1100,0
20130612,6.1100,6.1100,6.1100,6.1100,0
20130613,5.8100,5.9900,5.7000,5.9900,3933600
20130614,5.9200,5.9700,5.8100,5.8200,3858600
20130617,5.9400,6.0800,5.7800,5.9200,3409800
20130618,5.9400,6.0400,5.9200,5.9500,2113700
20130619,5.7700,5.9100,5.6700,5.9000,4075200
20130620,5.5000,5.7600,5.4700,5.7600,4071100
20130621,5.5700,5.6300,5.2000,5.4200,2848200
20130624,5.0800,5.5400,5.0800,5.5400,4077200
20130625,5.1100,5.2400,4.5700,5.0800,5887300
20130626,5.1200,5.1800,5.0000,5.0000,3486700
20130627,4.7300,5.1700,4.6900,5.1500,7542000
20130628,4.6500,4.8300,4.5700,4.6800,5816300
20130701,4.7300,4.7500,4.6100,4.6700,2451400
20130702,4.7900,4.8500,4.7200,4.7400,4426600
20130703,4.6800,4.8000,4.5500,4.8000,4180400
20130704,4.7900,4.9000,4.6000,4.6900,6657300
20130705,5.0600,5.1600,4.7700,4.7900,9574800
20130708,4.7200,4.9300,4.7000,4.9100,5498400
20130709,4.8400,4.8600,4.6400,4.7200,3233500
20130710,5.0000,5.0100,4.7900,4.8000,4589900
20130711,5.0900,5.1900,4.8600,4.9800,10780100
20130712,4.9500,5.1600,4.9400,5.0900,6977600
20130715,4.9400,5.0300,4.8900,4.9600,5954900
20130716,4.9400,4.9800,4.8500,4.9500,6508900
20130717,5.0600,5.3000,5.0000,5.0000,13068800
20130718,5.2700,5.2900,4.9300,5.0600,18094100
20130719,5.0900,5.4700,5.0900,5.3800,19133200
20130722,5.4900,5.6000,5.2000,5.3300,21849300
20130723,5.4900,5.5100,5.3300,5.4200,16002200
20130724,5.3100,5.4400,5.2600,5.4100,14306600
20130725,5.3600,5.4300,5.2200,5.3000,10021800
20130726,4.9800,5.1500,4.9100,5.1500,14101300
20130729,4.6900,4.8700,4.6600,4.8700,11124900
20130730,4.7200,4.7800,4.6800,4.6800,4617400
20130731,4.7800,4.8600,4.7200,4.7200,5189100
20130801,5.2600,5.2600,4.8500,5.0000,15824800
20130802,5.2100,5.2800,5.0200,5.1000,22739700
20130805,5.1800,5.2000,5.0600,5.1300,9247200
20130806,5.1500,5.2600,5.1300,5.1600,10148000
20130807,5.2100,5.2100,5.0700,5.1500,9668200
20130808,5.1500,5.2300,5.1200,5.2000,6288300
20130809,5.1200,5.1800,5.0500,5.1600,5945600
20130812,5.2600,5.2700,5.0900,5.1400,10845800
20130813,5.2300,5.2800,5.1800,5.2600,8046700
20130814,5.2400,5.3300,5.1600,5.2100,10443200
20130815,5.2700,5.3600,5.2100,5.2500,8501800
20130816,5.0600,5.3200,5.0000,5.2400,8111600
20130819,5.1100,5.1200,4.9400,5.0000,4268400
20130820,5.0200,5.1400,4.9900,5.1100,5569600
20130821,5.0800,5.1300,5.0100,5.0200,4318300
20130822,5.0500,5.1100,5.0100,5.0800,4126200
20130823,4.9500,5.0800,4.9100,5.0500,5035300
20130826,5.0500,5.0500,4.9300,4.9500,3818800
20130827,5.1000,5.1000,5.0200,5.0600,4814000
20130828,5.0800,5.1200,5.0400,5.0600,4912600
20130829,5.0500,5.1300,5.0200,5.1000,3987800
20130830,5.0500,5.1100,5.0100,5.0500,5571400
20130902,5.1100,5.1200,4.9500,5.0500,6924100
20130903,5.1900,5.2400,5.0600,5.1100,11448900
20130904,5.1600,5.2400,5.1600,5.2000,5553900
20130905,5.1400,5.2300,5.1300,5.2000,6379300
20130906,5.1900,5.2100,5.0600,5.1200,6789100
20130909,5.2200,5.2500,5.1000,5.1800,8137000
20130910,5.2800,5.3000,5.1900,5.2300,7745500
20130911,5.3100,5.5800,5.2200,5.3000,15992000
20130912,5.2700,5.3700,5.2500,5.3000,8862900
20130913,5.2100,5.3000,5.1800,5.2800,6846200
20130916,5.1900,5.2400,5.1100,5.2300,6053800
20130917,5.1200,5.1900,5.0800,5.1700,5049700
20130918,5.1400,5.1500,5.0800,5.1000,3011000
20130920,5.1400,5.1400,5.1400,5.1400,0
20130923,5.1700,5.1700,5.1000,5.1500,5448500
20130924,5.1700,5.2000,5.1300,5.1700,6903200
20130925,5.6900,5.6900,5.1100,5.1900,27604400
20130926,5.4900,5.7200,5.4200,5.6500,29186300
20130927,5.5300,5.7800,5.4900,5.6600,23083300
20130930,5.5700,5.6800,5.3400,5.5500,17315500
20131001,5.5700,5.5700,5.5700,5.5700,0
20131002,5.5700,5.5700,5.5700,5.5700,0
20131003,5.5700,5.5700,5.5700,5.5700,0
20131004,5.5700,5.5700,5.5700,5.5700,0
20131007,5.5700,5.5700,5.5700,5.5700,0
20131008,5.7100,5.9500,5.6100,5.6800,22538200
20131009,6.1100,6.1200,5.5000,5.5700,30568500
20131010,5.8000,5.9800,5.7900,5.9100,21877500
20131011,5.7900,5.9000,5.7000,5.8300,13571100
20131014,5.7200,5.7900,5.6600,5.7200,12004100
20131015,5.8300,5.8500,5.7100,5.7200,13934000
20131016,5.6300,5.9800,5.5800,5.8100,17667200
20131017,5.5800,5.8000,5.5000,5.6000,14252200
20131018,5.5400,5.6400,5.5100,5.5400,6190400
20131021,5.6500,5.6800,5.5100,5.5500,7250500
20131022,5.6000,5.7200,5.5600,5.6500,7788300
20131023,5.3500,5.6800,5.3300,5.6400,8238100
20131024,5.2500,5.3900,5.2400,5.3600,6221300
20131025,5.0300,5.3000,5.0000,5.2500,8027300
20131028,5.1000,5.1300,5.0100,5.0500,3954200
20131029,4.9100,5.1400,4.7300,5.0900,5942600
20131030,5.0100,5.0400,4.8800,4.8800,3336100
20131031,5.0600,5.1000,4.9600,5.0000,3650000
20131101,5.0800,5.0900,5.0200,5.0600,2667600
20131104,5.0000,5.1100,4.9900,5.0900,3299400
20131105,5.0300,5.0300,4.8900,5.0300,3506800
20131106,4.9500,5.0400,4.9400,5.0100,3621200
20131107,4.8400,5.0000,4.8400,4.9500,2776800
20131108,4.7400,4.8900,4.6700,4.8600,3461900
20131111,4.8400,4.8400,4.7100,4.7400,1774900
20131112,4.8600,4.8700,4.7900,4.8500,2142500
20131113,4.7500,4.8800,4.7500,4.8500,1692400
20131114,4.8400,4.8500,4.7400,4.8300,1941100
20131115,4.9200,4.9700,4.8200,4.8300,3558900
20131118,5.0100,5.0200,4.9100,4.9300,4392400
20131119,5.0400,5.1800,4.9700,5.0300,5367300
20131120,5.0400,5.0700,4.9900,5.0200,3930700
20131121,4.9900,5.0400,4.9400,5.0400,4399400
20131122,5.1300,5.3400,4.9800,5.0000,10430400
20131125,5.0500,5.1000,5.0200,5.0500,5581200
20131126,5.0600,5.1000,5.0100,5.0500,4383800
20131127,5.0900,5.1100,5.0200,5.0200,4654300
20131128,5.1200,5.1700,5.0700,5.1100,5097100
20131129,5.1200,5.1500,5.1000,5.1300,3319900
20131202,4.8400,5.0600,4.7900,5.0600,6580300
20131203,4.9200,4.9400,4.7800,4.7800,2796100
20131204,4.9300,5.0000,4.8400,4.8800,4743500
20131205,4.9300,4.9800,4.9100,4.9100,2746500
20131206,4.9000,5.0000,4.8900,4.9400,3376800
20131209,4.9000,4.9300,4.8700,4.9100,3246500
20131210,5.0100,5.1300,4.8800,4.8900,6117400
20131211,4.9900,5.0200,4.9100,5.0000,4527300
20131212,5.0200,5.1300,4.9000,4.9900,5941800
20131213,5.0100,5.0800,4.9600,5.0400,2986700
20131216,4.8800,5.0400,4.8500,5.0400,4343300
20131217,4.8600,4.9400,4.8200,4.9000,2753800
20131218,4.8500,4.8800,4.8200,4.8600,2388600
20131219,4.8000,4.8800,4.7900,4.8600,2127600
20131220,4.6900,4.8200,4.6700,4.8000,2452800
20131223,4.6500,4.7400,4.6200,4.7400,2091700
20131224,4.6800,4.7500,4.6100,4.7000,2555900
20131225,4.7000,4.7000,4.6400,4.6600,1912200
20131226,4.6000,4.7000,4.6000,4.7000,2483700
20131227,4.6500,4.6600,4.6000,4.6000,2242200
20131230,4.6700,4.7000,4.6400,4.6900,2387600
20131231,4.7800,4.8100,4.6500,4.6700,4296300
20140101,4.7800,4.7800,4.7800,4.7800,0
20140102,4.7600,4.8000,4.7000,4.7500,1684600
20140103,4.7000,4.7700,4.6800,4.7400,1471000
20140106,4.6200,4.7100,4.5200,4.7000,2871100
20140107,4.5200,4.6100,4.4700,4.6100,2195800
20140108,4.4500,4.5500,4.4400,4.5200,1973300
20140109,4.3800,4.5100,4.3800,4.4900,2058600
20140110,4.3100,4.3900,4.2500,4.3700,2998100
20140113,4.2300,4.3400,4.1900,4.3100,2532400
20140114,4.2800,4.2800,4.2100,4.2300,2577300
20140115,4.2700,4.3100,4.2200,4.2700,2528700
20140116,4.2300,4.3100,4.2300,4.2800,3638400
20140117,4.2300,4.3200,4.2000,4.2500,2639100
20140120,4.0400,4.2200,3.9900,4.2100,5414000
20140121,4.0700,4.0900,4.0200,4.0400,2437400
20140122,4.1500,4.1500,4.0600,4.0800,4381200
20140123,4.4500,4.5500,4.1200,4.1500,10439400
20140124,4.3800,4.4100,4.3000,4.3900,4766400
20140127,4.3100,4.4100,4.2800,4.4100,3116300
20140128,4.2700,4.3300,4.2600,4.3100,1702400
20140129,4.3700,4.6800,4.0600,4.2100,8546100
20140130,4.2200,4.3000,4.1600,4.3000,3213000
20140131,4.2200,4.2200,4.2200,4.2200,0
20140203,4.2200,4.2200,4.2200,4.2200,0
20140205,4.2200,4.2200,4.2200,4.2200,0
20140206,4.2200,4.2200,4.2200,4.2200,0
20140207,4.2300,4.2400,4.1400,4.1700,3005100
20140210,4.3500,4.3700,4.2100,4.2200,4711300
20140211,4.3800,4.4000,4.3200,4.3300,5265200
20140212,4.4800,4.5700,4.3500,4.3700,6131900
20140213,4.5000,4.5200,4.4100,4.4800,6233200
20140214,4.5100,4.5200,4.4500,4.4800,3487100
20140217,4.4900,4.5600,4.4500,4.5600,5616800
20140218,4.4000,4.4900,4.3800,4.4900,5702300
20140219,4.4400,4.4700,4.3900,4.4100,4215200
20140220,4.4500,4.5200,4.4000,4.4300,5618100
20140221,4.3600,4.5100,4.3500,4.4600,4180400
20140224,4.2300,4.3600,4.1600,4.3000,4089000
20140225,4.0700,4.2500,4.0000,4.2500,6849900
