20130226,11.1000,11.1000,11.1000,11.1000,0
20130227,11.1000,11.1000,11.1000,11.1000,0
20130228,11.1000,11.1000,11.1000,11.1000,0
20130301,11.1000,11.1000,11.1000,11.1000,0
20130304,11.1000,11.1000,11.1000,11.1000,0
20130305,11.1000,11.1000,11.1000,11.1000,0
20130306,11.1000,11.1000,11.1000,11.1000,0
20130307,11.1000,11.1000,11.1000,11.1000,0
20130308,11.1000,11.1000,11.1000,11.1000,0
20130311,11.1000,11.1000,11.1000,11.1000,0
20130312,11.1000,11.1000,11.1000,11.1000,0
20130313,11.1000,11.1000,11.1000,11.1000,0
20130314,11.1000,11.1000,11.1000,11.1000,0
20130315,11.1000,11.1000,11.1000,11.1000,0
20130318,12.2100,12.2100,12.2100,12.2100,103300
20130319,13.4300,13.4300,13.4300,13.4300,561300
20130320,14.7700,14.7700,13.8100,14.7700,20447300
20130321,15.3500,15.9800,14.6300,14.7700,16045400
20130322,15.2700,15.9000,15.2000,15.3000,11312300
20130325,15.1000,15.7900,15.0900,15.1500,10002400
20130326,14.4700,14.9100,14.3100,14.9100,9433100
20130327,14.5700,14.6300,14.2500,14.5100,7245300
20130328,14.0400,14.3600,13.7000,14.3500,5697200
20130329,13.9200,14.1500,13.8900,14.0200,5229500
20130401,14.1600,14.4800,13.7700,13.7800,6635500
20130402,14.4300,14.7000,14.1100,14.2500,5887500
20130403,14.2000,14.4500,14.0200,14.3800,2751300
20130404,14.2000,14.2000,14.2000,14.2000,0
20130405,14.2000,14.2000,14.2000,14.2000,0
20130408,14.3300,14.3500,13.6000,14.0000,2716700
20130409,14.3800,14.4700,14.1600,14.4700,3163200
20130410,14.6000,15.0000,14.4500,14.4900,4870200
20130411,14.4700,14.8500,14.4500,14.5100,3502400
20130412,14.1000,14.5000,14.0000,14.3900,2589800
20130415,14.0900,14.2400,13.9800,14.0100,1389800
20130416,14.4500,14.5200,13.9100,14.0500,2706300
20130417,14.4000,14.5000,14.1500,14.4000,1891400
20130418,14.6300,14.7200,14.1000,14.3500,3123600
20130419,15.2200,15.3100,14.5300,14.6300,6551300
20130422,15.1500,15.4500,14.9600,15.0300,4105800
20130423,14.5300,15.2200,14.5100,15.0000,3860700
20130424,14.9000,15.0800,14.5300,14.5300,2043100
20130425,14.6600,15.0700,14.6000,14.8700,2226800
20130426,14.8500,15.0000,14.6000,14.7500,3085200
20130429,14.8500,14.8500,14.8500,14.8500,0
20130430,14.8500,14.8500,14.8500,14.8500,0
20130501,14.8500,14.8500,14.8500,14.8500,0
20130502,14.9900,15.2000,14.6400,14.8300,1883800
20130503,15.3100,15.6500,14.9000,14.9700,5322800
20130506,16.1000,16.1500,15.2200,15.2200,8993900
20130507,16.1600,16.4000,15.8900,16.0300,6571500
20130508,15.8400,16.4500,15.7000,16.3700,5937900
20130509,15.0500,15.8300,15.0000,15.7200,8644600
20130510,15.1400,15.2300,14.8300,15.0500,4402600
20130513,15.1500,15.3500,14.8900,15.2000,4048100
20130514,15.5000,15.7100,15.1800,15.2200,5653900
20130515,15.8100,15.8500,15.3300,15.4000,3944100
20130516,16.2600,16.2800,15.6000,15.8100,5771900
20130517,17.2200,17.8200,16.1600,16.3500,10629500
20130520,17.9100,18.3000,17.1800,17.2400,11749000
20130521,18.0000,18.1200,17.7000,17.9100,5372600
20130522,17.9200,18.2900,17.4900,18.0200,7285700
20130523,17.5000,18.0200,17.4000,17.7000,5734100
20130524,17.8800,18.0100,17.5000,17.5000,3906700
20130527,19.3500,19.5300,18.2000,18.2500,10242600
20130528,19.9100,20.2000,18.8000,19.3500,9472300
20130529,19.9100,20.2300,19.5900,20.0000,6649300
20130530,20.8600,21.2200,19.9900,20.0000,10098900
20130531,19.7800,21.1200,19.7800,20.8500,8173900
20130603,20.0400,20.8500,19.0300,19.0400,7697900
20130604,20.2200,20.3000,19.5800,19.9400,4406100
20130605,20.4900,20.8400,20.0300,20.2200,4787500
20130606,20.0100,20.6900,19.8100,20.5600,3279000
20130607,19.2500,20.2200,18.7700,19.9300,4447600
20130610,19.2500,19.2500,19.2500,19.2500,0
20130611,19.2500,19.2500,19.2500,19.2500,0
20130612,19.2500,19.2500,19.2500,19.2500,0
20130613,18.0200,19.0000,17.9600,18.8000,8078100
20130614,18.6100,18.7800,18.1300,18.5000,3314200
20130617,19.5300,19.7100,18.5000,18.7900,4475500
20130618,19.6100,19.6700,19.1500,19.6000,2590900
20130619,18.2000,19.5000,18.0300,19.5000,7661900
20130620,17.8900,18.5700,17.8900,18.2000,2690400
20130621,18.0600,18.3000,17.0700,17.0700,2926500
20130624,16.5200,18.2000,16.4000,18.2000,4826000
20130625,15.9800,16.3000,14.8700,15.9500,6718000
20130626,16.9900,17.0600,15.6300,15.8900,6041900
20130627,16.8500,17.5300,16.8400,16.8900,3727800
20130628,17.5900,18.1900,16.5200,17.0000,4101500
20130701,18.3700,18.3700,17.3700,17.5500,2391100
20130702,18.6000,18.8600,18.2000,18.2000,2070700
20130703,18.3400,18.7900,17.8500,18.6100,2262500
20130704,18.0000,18.4900,17.3000,18.2000,2494000
20130705,18.2000,18.4300,18.0000,18.0000,1920200
20130708,17.5600,18.3000,17.5100,18.0200,1654200
20130709,17.3000,17.8600,17.2200,17.3300,1462800
20130710,18.0100,18.0900,17.0800,17.2300,2822200
20130711,19.0700,19.4400,18.0000,18.1000,8392900
20130712,19.0000,19.8000,18.8800,19.0000,5874000
20130715,19.5300,19.8000,19.0000,19.3000,7720500
20130716,19.5200,19.5600,19.1800,19.5100,3401800
20130717,18.9300,19.5700,18.8500,19.5700,2681400
20130718,18.6500,18.9300,18.4200,18.8000,3961600
20130719,18.6100,18.9300,18.4800,18.6300,2747000
20130722,18.7600,18.8300,18.2000,18.5700,1647400
20130723,19.6000,19.7500,18.7600,18.9700,7641100
20130724,19.3400,19.5600,19.0100,19.3000,2985700
20130725,19.0100,19.4700,18.7000,19.4600,3321800
20130726,19.2800,19.2800,18.3900,19.0100,2093900
20130729,18.9600,19.1900,18.6300,19.1900,3153800
20130730,18.8000,19.1700,18.4200,18.8600,1811200
20130731,19.2000,19.7600,18.9300,18.9300,4219500
20130801,20.0000,20.0600,19.0000,19.0200,7834400
20130802,20.1900,20.3900,19.9000,20.1000,5148600
20130805,20.7900,20.8700,19.9500,20.1900,5603700
20130806,21.9000,22.2200,20.6400,20.7900,10907500
20130807,21.9900,22.4000,21.5600,21.9000,7205400
20130808,21.6000,22.1700,21.4200,21.9900,3613100
20130809,21.4900,22.0000,21.0400,21.7600,3863300
20130812,21.8100,21.8800,21.3000,21.4000,5581400
20130813,21.6000,22.2500,21.3300,21.8100,2766300
20130814,21.7200,21.8000,21.2500,21.5900,1890500
20130815,21.6200,21.8700,21.4200,21.7000,1825300
20130816,21.3900,23.7000,21.1600,21.5500,8307900
20130819,21.2000,21.6600,20.5000,20.5100,4548000
20130820,20.6000,21.5600,20.5700,21.1900,3758900
20130821,20.6800,21.1800,20.1100,20.6000,3932600
20130822,20.7000,21.0000,20.5100,20.6800,1777200
20130823,20.5800,20.8800,20.2200,20.8000,2271900
20130826,21.5200,21.6000,20.5800,20.8000,3397400
20130827,21.4800,21.6900,21.4500,21.5200,2227200
20130828,20.7600,21.4800,20.7500,21.4800,2153200
20130829,20.8200,21.3700,20.5600,20.9200,1218700
20130830,20.7900,21.1800,20.3200,20.8500,1991000
20130902,21.0500,21.1900,20.5900,20.6200,2027800
20130903,21.3000,21.4000,21.0800,21.2800,1517200
20130904,21.5600,21.7600,21.1000,21.3000,2360200
20130905,21.6900,21.8400,21.4300,21.4300,3091500
20130906,21.6200,21.7900,21.5300,21.7900,1333400
20130909,22.2400,22.6000,21.5500,21.7000,7252600
20130910,22.1700,22.5600,21.8800,22.5600,2465900
20130911,21.6800,22.2700,21.6700,22.1800,1742900
20130912,21.5700,21.8400,21.3800,21.6100,3294500
20130913,21.6900,22.2000,21.5500,21.7500,4637600
20130916,22.0700,22.5000,21.4700,21.5500,4771600
20130917,21.3500,23.6800,21.3500,22.6500,6184600
20130918,20.9500,21.6400,20.3200,21.3500,6968100
20130920,20.9500,20.9500,20.9500,20.9500,0
20130923,21.5700,22.0900,20.9000,21.4500,4487100
20130924,21.7700,21.9800,21.4000,21.6100,2912900
20130925,20.9900,22.0900,20.7900,21.7700,7333800
20130926,21.0800,21.7700,20.9500,21.0000,4161800
20130927,21.0000,21.2800,20.7600,21.1100,1469900
20130930,20.8400,21.1800,20.6000,21.0500,1481300
20131001,20.8400,20.8400,20.8400,20.8400,0
20131002,20.8400,20.8400,20.8400,20.8400,0
20131003,20.8400,20.8400,20.8400,20.8400,0
20131004,20.8400,20.8400,20.8400,20.8400,0
20131007,20.8400,20.8400,20.8400,20.8400,0
20131008,20.9900,21.2800,20.3800,20.8300,2856900
20131009,21.3000,21.4300,20.7200,20.7200,2550400
20131010,20.6900,21.4400,20.6500,21.1600,2118500
20131011,20.5200,20.8800,20.5000,20.7500,2177000
20131014,19.8500,20.7800,19.6800,20.5800,5577000
20131015,20.4100,20.5400,19.7600,19.9200,3595600
20131016,20.7000,21.0200,20.1900,20.4100,2581300
20131017,21.4000,21.5600,20.4000,20.9000,4455100
20131018,21.4500,21.5800,20.8800,21.4100,2888100
20131021,21.6100,21.9000,21.1800,21.4500,3859900
20131022,22.0800,22.3500,21.4000,21.7000,4797700
20131023,22.2500,23.0500,21.8500,21.9100,5931600
20131024,21.7000,22.4800,21.5000,22.0000,2280000
20131025,21.3000,21.8000,21.2000,21.7000,2702500
20131028,21.2000,21.7600,20.9500,21.2500,2118500
20131029,21.5000,21.7000,20.4300,20.9100,1756300
20131030,21.4300,21.6400,21.2100,21.5000,1386200
20131031,20.9000,21.4800,20.6000,21.4800,1838700
20131101,21.0100,21.1500,20.6100,21.1300,916000
20131104,21.0000,21.3500,20.8100,20.8100,990500
20131105,21.0500,21.2900,20.7600,21.2900,446800
20131106,21.1100,22.1000,20.6000,21.0000,1656700
20131107,21.0500,21.5500,20.7000,20.9000,1813100
20131108,20.8800,21.1000,20.6100,21.0500,1197500
20131111,20.9500,21.0200,20.5200,20.7200,1224700
20131112,20.8400,21.3800,20.8000,21.0000,598000
20131113,20.6800,20.8800,20.5500,20.8600,400900
20131114,20.6500,20.8500,20.5300,20.8500,390600
20131115,21.2000,21.5700,20.6100,20.6500,2416800
20131118,22.1400,22.5800,21.0200,21.2900,3077600
20131119,21.8400,22.4400,21.5100,22.1000,2071500
20131120,21.8800,22.0000,21.6200,22.0000,872000
20131121,21.6400,22.0000,21.5600,22.0000,1510900
20131122,21.4800,21.8500,21.1700,21.6500,1876300
20131125,21.3800,21.4800,20.8400,21.4800,1659100
20131126,20.9000,21.4000,20.7800,21.3800,1505500
20131127,20.9000,21.2800,20.8000,20.8800,1599400
20131128,21.0600,21.2300,20.5900,20.9100,3026900
20131129,20.7300,21.2500,20.7000,21.2500,1415500
20131202,21.9000,21.9900,20.6600,20.6600,7587400
20131203,22.8800,23.4900,22.3000,22.9700,8469100
20131204,24.0000,24.1700,22.5000,22.6100,11398400
20131205,23.8800,24.8300,23.6200,23.8000,6903800
20131206,23.3700,24.2800,23.2200,23.6800,3302800
20131209,23.4800,23.8600,23.3000,23.3700,2106200
20131210,23.2000,23.6800,21.9500,23.4400,6818500
20131211,22.6300,22.8900,22.3100,22.8900,2304800
20131212,22.7600,22.8400,22.1800,22.5000,2175100
20131213,22.8800,22.9800,22.5100,22.6500,1054600
20131216,22.1000,23.1200,21.9100,23.1000,2810000
20131217,21.9000,22.1400,21.6000,22.1200,2163700
20131218,21.9400,22.1900,21.6600,21.9000,1373000
20131219,22.0800,22.3300,21.8300,21.9600,1108700
20131220,22.1800,22.1900,21.7500,22.0200,913000
20131223,22.1800,22.2800,21.4700,22.0100,1750000
20131224,21.8900,22.2100,21.3000,22.0600,3991400
20131225,22.1600,22.2100,21.4200,21.7200,2320600
20131226,21.8500,22.0700,21.8100,22.0000,698000
20131227,22.0300,22.4100,21.7700,21.7700,2046600
20131230,22.0200,22.2000,21.7000,22.1100,1685700
20131231,22.9500,23.0600,21.9800,21.9800,3951500
20140101,22.9500,22.9500,22.9500,22.9500,0
20140102,22.8000,22.9500,22.5200,22.9500,2063600
20140103,22.0700,22.7900,21.7500,22.7900,1760300
20140106,21.0900,21.9800,21.0000,21.7600,2754600
20140107,21.0800,21.2000,20.0200,21.0000,2997400
20140108,21.1000,21.6500,20.8500,20.9900,1555200
20140109,21.1000,21.3500,20.6100,21.1700,1162000
20140110,20.7500,21.1100,20.3000,21.1100,1593500
20140113,21.2000,21.2000,20.6100,20.7500,1039400
20140114,21.4900,21.6800,20.8100,21.1000,873100
20140115,21.2000,21.6600,21.0200,21.4400,658400
20140116,22.5800,22.8500,21.3000,21.3000,4561500
20140117,22.3300,22.8200,22.2000,22.5000,1895100
20140120,22.2800,23.0000,22.0300,22.3300,1400400
20140121,22.1400,22.6800,22.0900,22.6800,1041400
20140122,22.5200,22.7600,21.8000,22.1000,2441300
20140123,23.7300,24.2000,22.4200,22.5200,5055600
20140124,24.8600,25.3100,23.3300,23.6800,7765500
20140127,24.8600,25.3500,24.5500,24.8500,3806200
20140128,25.3600,26.5000,24.7800,24.7800,3937600
20140129,27.0000,27.3200,25.3000,25.6100,9076200
20140130,26.9000,27.8400,26.7000,26.8900,5424400
20140131,26.9000,26.9000,26.9000,26.9000,0
20140203,26.9000,26.9000,26.9000,26.9000,0
20140205,26.9000,26.9000,26.9000,26.9000,0
20140206,26.9000,26.9000,26.9000,26.9000,0
20140207,28.5000,28.9300,26.7300,27.0000,5587400
20140210,30.1200,31.3500,28.9800,29.0100,10499700
20140211,30.0400,31.2000,28.5100,30.1300,8418000
20140212,29.3600,31.5000,29.2100,29.9000,8172800
20140213,29.5600,30.0300,28.5100,29.0000,8098400
20140214,29.5500,29.5800,27.9500,29.0200,5244100
20140217,31.1800,31.7000,29.3000,29.5300,9468500
20140218,30.2000,31.5000,30.0000,31.1800,4308100
20140219,28.0000,30.0900,27.5900,30.0900,7552300
20140220,27.9900,29.0000,27.1800,27.5900,5538000
20140221,28.0900,28.4700,27.4000,27.9800,3286100
20140224,29.8800,29.9900,27.3000,28.0900,6393000
20140225,28.0100,31.9000,27.9000,30.3000,17104500
