20130226,6.5800,6.7800,6.5700,6.6600,7104900
20130227,6.7300,6.7700,6.6100,6.6100,10254500
20130228,6.8500,6.9700,6.7300,6.7600,19342900
20130301,6.7700,6.8700,6.6700,6.8600,9709400
20130304,6.0900,6.4000,6.0900,6.1500,21053900
20130305,5.9700,6.0100,5.7900,6.0000,23333700
20130306,5.9600,6.0900,5.9400,5.9800,18108000
20130307,6.0200,6.0600,5.9100,5.9800,13482400
20130308,5.9600,6.0400,5.9400,6.0200,6478800
20130311,5.9500,6.0300,5.9100,5.9600,7338300
20130312,5.8400,6.0100,5.7500,5.9800,9851200
20130313,5.7900,5.8500,5.6900,5.8000,7167700
20130314,5.7200,5.8300,5.7200,5.7600,6223100
20130315,5.7200,5.8200,5.6500,5.7400,9961100
20130318,5.7400,5.7900,5.7000,5.7200,5345100
20130319,5.8500,5.8600,5.7100,5.7200,8055900
20130320,6.0000,6.0200,5.8300,5.8600,12064300
20130321,5.9200,6.0200,5.9000,6.0200,12606800
20130322,5.9500,5.9900,5.8800,5.8900,7131400
20130325,5.9900,6.0300,5.9300,5.9300,9085100
20130326,5.9500,6.1200,5.9400,6.0000,11125200
20130327,5.9500,6.0200,5.9300,5.9300,6050800
20130328,5.7200,5.9200,5.6500,5.9000,10052900
20130329,5.7600,5.8300,5.7300,5.7300,2740600
20130401,5.9800,6.0600,5.7700,5.7900,10380500
20130402,6.0000,6.1000,5.9800,6.0000,10538100
20130403,5.9300,6.0600,5.8000,6.0500,7712400
20130404,5.9300,5.9300,5.9300,5.9300,0
20130405,5.9300,5.9300,5.9300,5.9300,0
20130408,5.8700,5.9600,5.8000,5.8500,3550200
20130409,5.9000,5.9800,5.8600,5.9400,5550100
20130410,5.8600,5.9300,5.8300,5.9300,6455800
20130411,5.8200,5.9200,5.8200,5.8800,4059300
20130412,5.8400,5.8900,5.8300,5.8300,4993400
20130415,5.8400,5.8800,5.6900,5.8500,9363700
20130416,6.0400,6.0400,5.7000,5.8000,12095300
20130417,6.0700,6.1300,6.0000,6.0500,12542900
20130418,6.0900,6.1800,6.0200,6.0200,8101300
20130419,6.1400,6.1700,6.0500,6.1000,13632200
20130422,6.2800,6.3300,6.1000,6.1300,17948700
20130423,6.0100,6.2800,6.0000,6.2800,10652400
20130424,6.1800,6.2100,6.0300,6.0700,4548700
20130425,6.0600,6.1600,6.0000,6.1600,12034300
20130426,6.0700,6.1200,6.0200,6.0900,5673200
20130429,6.0700,6.0700,6.0700,6.0700,0
20130430,6.0700,6.0700,6.0700,6.0700,0
20130501,6.0700,6.0700,6.0700,6.0700,0
20130502,6.3000,6.3000,6.0200,6.1000,10939200
20130503,6.4900,6.5800,6.2900,6.3000,15568900
20130506,6.4400,6.5700,6.4000,6.4000,8180200
20130507,6.5800,6.7100,6.4100,6.4100,11705400
20130508,6.5600,6.6800,6.5100,6.6400,4069200
20130509,6.4600,6.5600,6.3800,6.5100,4530500
20130510,6.5100,6.5300,6.3600,6.3900,3960500
20130513,6.4700,6.5700,6.4100,6.5100,4677000
20130514,6.3300,6.5100,6.2900,6.4700,3581200
20130515,6.2500,6.3800,6.2200,6.3500,5591200
20130516,6.4900,6.4900,6.2200,6.2500,6679600
20130517,6.9700,7.0500,6.4900,6.4900,28684700
20130520,7.0400,7.3500,6.9000,7.0000,22882800
20130521,7.0800,7.1900,6.9400,7.0000,8327700
20130522,7.1400,7.2700,7.0100,7.0600,10686900
20130523,7.3900,7.4700,7.0900,7.1000,20872700
20130524,7.3200,7.4200,7.2000,7.3000,9559500
20130527,7.1700,7.3000,7.0200,7.2500,10317000
20130528,7.4300,7.4400,7.0700,7.1700,11315900
20130529,7.3500,7.8300,7.3300,7.3700,16851300
20130530,7.4600,7.6000,7.2700,7.3500,9791700
20130531,7.3000,7.5800,7.0900,7.5500,18291100
20130603,7.1300,7.3300,7.1000,7.2100,10060000
20130604,6.9800,7.1400,6.8500,7.1300,8960600
20130605,7.0200,7.0200,6.9000,6.9200,6126200
20130606,6.8900,7.0500,6.7400,7.0000,7955200
20130607,6.7000,6.9200,6.6700,6.9200,7707600
20130610,6.7000,6.7000,6.7000,6.7000,0
20130611,6.7000,6.7000,6.7000,6.7000,0
20130612,6.7000,6.7000,6.7000,6.7000,0
20130613,6.0900,6.5800,6.0300,6.5600,22554200
20130614,6.2100,6.2600,6.0400,6.1200,10420900
20130617,6.0500,6.2500,6.0000,6.1900,9661400
20130618,6.0500,6.1000,5.9900,6.0700,6904000
20130619,6.0700,6.0900,5.8600,6.0300,7896500
20130620,6.0300,6.1800,5.9800,6.0400,8610200
20130621,6.0100,6.0300,5.7800,5.9500,9499500
20130624,5.5000,6.0200,5.4100,6.0200,14368000
20130625,5.2900,5.5700,4.9700,5.4100,12894400
20130626,5.2900,5.4500,5.2500,5.3800,12414800
20130627,5.4800,5.5600,5.3300,5.3400,11453000
20130628,5.8800,5.9900,5.4100,5.5000,19384500
20130701,5.8600,5.8800,5.6500,5.8300,9491200
20130702,5.6600,5.7800,5.5200,5.7800,7829400
20130703,5.5400,5.6500,5.3800,5.6500,6129000
20130704,5.8000,5.9300,5.4600,5.5100,11108500
20130705,5.8400,6.1600,5.7800,5.7800,10534100
20130708,5.7200,5.9500,5.6600,5.7500,7332700
20130709,5.6400,5.7900,5.6300,5.7900,2892300
20130710,6.0300,6.0800,5.6400,5.6800,10377200
20130711,6.3900,6.6000,6.0100,6.0100,21792000
20130712,6.3000,6.6000,6.2600,6.5600,7424700
20130715,6.2900,6.4400,6.1400,6.3400,10780300
20130716,6.2000,6.2500,6.0300,6.2400,10306100
20130717,6.3200,6.5000,6.0700,6.1500,16233600
20130718,6.1800,6.3800,6.0800,6.3100,7597500
20130719,5.8400,6.2400,5.8400,6.1600,12819100
20130722,5.8500,5.8600,5.7200,5.8100,9466900
20130723,5.9400,6.0200,5.7500,5.8500,13615000
20130724,5.7500,5.9400,5.6100,5.9000,13560100
20130725,5.7000,5.8300,5.6800,5.7900,11350700
20130726,5.6400,5.7200,5.6000,5.6800,6661800
20130729,5.4200,5.6200,5.3800,5.6100,9527600
20130730,5.5000,5.6900,5.4100,5.4500,8766500
20130731,5.6300,5.9100,5.6000,5.7700,10354600
20130801,5.7600,5.8400,5.6500,5.6500,8891100
20130802,5.9900,6.1900,5.9600,6.0000,24115800
20130805,6.0100,6.0400,5.9100,5.9100,5998300
20130806,5.9200,6.0200,5.8800,6.0200,8629100
20130807,6.0800,6.2800,6.0200,6.0600,29636500
20130808,6.0400,6.1800,5.9300,6.0700,9782100
20130809,6.0100,6.0900,5.9200,6.0800,8428600
20130812,6.1300,6.1700,6.0000,6.0500,10670000
20130813,6.1400,6.2500,6.0900,6.1500,11541200
20130814,6.1000,6.3300,6.0800,6.2100,11671900
20130815,5.9800,6.1600,5.9800,6.1100,7198600
20130816,5.8600,6.2000,5.8000,5.9800,15057900
20130819,5.8300,5.9000,5.7300,5.8500,14793900
20130820,5.6000,5.8700,5.5800,5.8300,18813400
20130821,5.6700,5.6800,5.5800,5.6400,11062900
20130822,5.6700,5.7500,5.6100,5.6600,7602300
20130823,5.6200,5.7400,5.5400,5.6600,8899700
20130826,5.7700,5.7800,5.6200,5.6600,9943400
20130827,5.8300,5.8400,5.7200,5.7200,7458500
20130828,5.7300,5.8000,5.6500,5.8000,10414300
20130829,5.7700,5.7800,5.7100,5.7600,8364600
20130830,5.7500,5.8400,5.7200,5.7700,13687000
20130902,5.6700,5.7400,5.4500,5.7300,11965500
20130903,5.8400,5.8400,5.6000,5.6400,15328300
20130904,5.7900,5.8400,5.7400,5.8100,9065100
20130905,5.7400,5.9200,5.7300,5.7800,12142500
20130906,5.6800,5.7600,5.6400,5.7200,9459400
20130909,5.8600,5.9000,5.6800,5.6800,15912400
20130910,5.9500,5.9500,5.8500,5.8700,13287300
20130911,5.9900,6.1100,5.9700,5.9800,17812700
20130912,6.0300,6.0500,5.9100,5.9900,11212200
20130913,6.0000,6.0900,5.9600,6.0200,8513300
20130916,5.8500,6.0600,5.8300,6.0300,10119600
20130917,5.8100,5.9700,5.8100,5.8600,11959200
20130918,5.9100,5.9300,5.7200,5.8600,8798800
20130920,5.9100,5.9100,5.9100,5.9100,0
20130923,5.9800,6.0300,5.8700,5.9200,13368800
20130924,5.9600,6.0500,5.8600,6.0300,18661000
20130925,6.5600,6.5600,5.9000,5.9700,58427300
20130926,6.2700,6.5300,6.1900,6.5000,34193300
20130927,6.0800,6.2600,6.0400,6.2600,21089500
20130930,6.0500,6.1400,5.9700,6.1100,14853000
20131001,6.0500,6.0500,6.0500,6.0500,0
20131002,6.0500,6.0500,6.0500,6.0500,0
20131003,6.0500,6.0500,6.0500,6.0500,0
20131004,6.0500,6.0500,6.0500,6.0500,0
20131007,6.0500,6.0500,6.0500,6.0500,0
20131008,6.2800,6.2800,5.9400,6.0500,24600700
20131009,6.1900,6.2700,6.1300,6.2000,15866300
20131010,6.1200,6.2100,6.0700,6.1200,15887600
20131011,6.1800,6.2400,6.1000,6.1400,13726000
20131014,6.0800,6.1800,6.0400,6.1800,15726400
20131015,6.0000,6.1200,5.9400,6.0900,16459600
20131016,5.7900,5.9900,5.7600,5.9800,12740900
20131017,5.7100,5.8800,5.7000,5.8400,9124900
20131018,5.7800,5.8100,5.7100,5.7300,8287900
20131021,5.8300,5.8400,5.6600,5.7800,9695600
20131022,5.7400,5.8300,5.7100,5.8300,8912700
20131023,5.6400,5.7900,5.6400,5.7600,10967900
20131024,5.5500,5.6500,5.5400,5.6200,10233800
20131025,5.5000,5.6100,5.4500,5.5800,8316800
20131028,5.4200,5.5500,5.3500,5.5400,9058200
20131029,5.3900,5.5200,5.3000,5.4100,10257700
20131030,5.5700,5.5800,5.3800,5.4100,7966300
20131031,5.5200,5.7900,5.4900,5.6000,18062100
20131101,5.5500,5.6300,5.4100,5.5200,8266300
20131104,5.4800,5.6200,5.4500,5.5900,6742200
20131105,5.4600,5.4900,5.3800,5.4600,7770200
20131106,5.3900,5.4600,5.3800,5.4300,6845800
20131107,5.3500,5.4200,5.3100,5.3900,6995200
20131108,5.1800,5.3900,5.1700,5.3600,10050700
20131111,5.0800,5.1700,5.0300,5.1600,8123300
20131112,5.1300,5.1700,5.0800,5.1100,5710600
20131113,5.1100,5.1900,5.0900,5.1000,5984500
20131114,5.1500,5.1800,5.0700,5.1400,5886300
20131115,5.2300,5.2900,5.1100,5.1600,7864200
20131118,5.3400,5.3500,5.1900,5.2500,8956900
20131119,5.3000,5.3500,5.2800,5.3500,5376700
20131120,5.3100,5.3700,5.2800,5.3500,5001000
20131121,5.1800,5.2700,5.0800,5.2700,10652700
20131122,5.1500,5.2000,5.1200,5.1800,4346700
20131125,5.1400,5.2100,5.1000,5.1200,6268700
20131126,5.1500,5.1700,5.1200,5.1400,3208900
20131127,5.1800,5.2300,5.1100,5.1500,8679900
20131128,5.2400,5.2700,5.1600,5.1600,13503100
20131129,5.2300,5.2600,5.2100,5.2300,5799800
20131202,5.0200,5.1900,5.0000,5.1500,13329100
20131203,5.0700,5.0900,4.9800,5.0300,6708600
20131204,5.1800,5.2500,5.0600,5.0700,9048700
20131205,5.1800,5.2500,5.1500,5.1900,7068300
20131206,5.1800,5.1900,5.1600,5.1800,3470100
20131209,5.1600,5.2300,5.1400,5.2100,4926400
20131210,5.1800,5.2000,5.1600,5.2000,5087100
20131211,5.0800,5.1700,5.0700,5.1600,6405900
20131212,5.0700,5.1100,5.0500,5.0700,7238500
20131213,5.0600,5.1000,5.0200,5.0500,5921600
20131216,5.0000,5.1200,4.9900,5.0900,10174500
20131217,4.9300,5.0300,4.9100,5.0200,9930400
20131218,4.9300,4.9600,4.9100,4.9400,4374500
20131219,4.8600,4.9600,4.8500,4.9500,6576000
20131220,4.7400,4.8800,4.7100,4.8500,7312500
20131223,4.6900,4.7700,4.6200,4.7400,4455300
20131224,4.6400,4.7600,4.6300,4.6700,5115800
20131225,4.6600,4.7000,4.6200,4.6500,7208700
20131226,4.5300,4.6800,4.4700,4.6600,10421800
20131227,4.6100,4.6200,4.5000,4.5000,6418100
20131230,4.5200,4.6400,4.5100,4.6200,7565900
20131231,4.5700,4.5800,4.4800,4.5100,9141200
20140101,4.5700,4.5700,4.5700,4.5700,0
20140102,4.5100,4.5700,4.5100,4.5600,9793800
20140103,4.3900,4.5200,4.3200,4.5000,13805500
20140106,4.1600,4.3600,4.1200,4.3600,12585100
20140107,4.1600,4.1900,4.1000,4.1100,10563100
20140108,4.0900,4.1800,4.0200,4.1600,15604200
20140109,4.0500,4.1100,4.0300,4.0600,10681500
20140110,3.9300,4.0600,3.9000,4.0500,13790900
20140113,3.9700,3.9900,3.8600,3.9000,10596000
20140114,4.0400,4.0600,3.9200,3.9300,6371200
20140115,3.9800,4.0500,3.9400,4.0500,8893900
20140116,4.0100,4.0400,3.9600,3.9800,6156900
20140117,3.9800,4.0100,3.9500,4.0100,5012400
20140120,4.0100,4.0800,3.9800,3.9800,6536000
20140121,4.1100,4.1400,4.0200,4.0200,7635000
20140122,4.3100,4.3400,4.1000,4.1000,16220500
20140123,4.3000,4.4200,4.2700,4.3300,15401000
20140124,4.7300,4.7300,4.3000,4.3000,42050300
20140127,4.7300,4.8000,4.5700,4.8000,30568800
20140128,4.5300,4.7500,4.5100,4.7400,23094500
20140129,4.5700,4.6200,4.5200,4.5500,9749100
20140130,4.3200,4.5400,4.2500,4.5400,18014600
20140131,4.3200,4.3200,4.3200,4.3200,0
20140203,4.3200,4.3200,4.3200,4.3200,0
20140205,4.3200,4.3200,4.3200,4.3200,0
20140206,4.3200,4.3200,4.3200,4.3200,0
20140207,4.3500,4.3600,4.2100,4.3000,11993400
20140210,4.6000,4.6400,4.3300,4.3700,21591400
20140211,4.8300,4.8800,4.5200,4.5700,36027900
20140212,4.7600,4.8500,4.6700,4.7900,23804700
20140213,4.7900,5.1000,4.7700,4.7700,37376900
20140214,4.9400,5.0400,4.8600,4.8600,31812000
20140217,5.0200,5.0400,4.9000,4.9800,23142500
20140218,4.8600,5.0200,4.8000,5.0200,20126400
20140219,5.1000,5.1300,4.8400,4.8600,22237200
20140220,4.9300,5.1800,4.9100,5.1200,22813200
20140221,4.9000,5.0400,4.7700,4.9300,13672000
20140224,4.4300,4.7900,4.4100,4.7900,37111900
20140225,4.8700,4.8700,4.3500,4.4500,62935000
