20130226,6.6300,6.6300,6.6300,6.6300,0
20130227,6.6300,6.6300,6.6300,6.6300,0
20130228,7.2900,7.2900,7.2900,7.2900,1244500
20130301,8.0200,8.0200,8.0200,8.0200,4060800
20130304,8.3500,8.5900,8.1200,8.5900,84925696
20130305,8.3100,8.9100,8.1600,8.5000,49519500
20130306,8.5000,8.8000,8.2600,8.3400,51269400
20130307,8.6600,8.7300,8.1800,8.3500,41639400
20130308,8.3800,8.7600,8.2600,8.5200,35142700
20130311,8.3200,8.4600,8.1600,8.3800,20979200
20130312,7.9800,8.3100,7.5100,8.2800,32257000
20130313,7.8800,7.9900,7.6900,7.8300,19412100
20130314,7.8500,7.9700,7.7500,7.8700,9131800
20130315,7.9100,8.0100,7.5800,7.8200,16608000
20130318,7.8800,7.9100,7.7300,7.8200,9695300
20130319,8.0300,8.0700,7.7700,7.8200,13047700
20130320,8.1400,8.1400,7.9300,8.0400,12778500
20130321,8.3000,8.3000,8.0500,8.1400,16182700
20130322,8.2500,8.4900,8.2200,8.3000,17957100
20130325,8.0200,8.3400,8.0000,8.2900,12005500
20130326,7.9400,8.0500,7.7200,8.0000,8803900
20130327,8.0900,8.4700,8.0100,8.0300,15291900
20130328,7.8500,8.2700,7.8400,8.0000,14061000
20130329,8.0800,8.1800,7.8300,7.8500,9175700
20130401,8.1200,8.1900,8.0300,8.0700,5369400
20130402,8.1700,8.2000,8.0200,8.1200,9049600
20130403,8.1100,8.2600,8.0600,8.2500,6197000
20130404,8.1100,8.1100,8.1100,8.1100,0
20130405,8.1100,8.1100,8.1100,8.1100,0
20130408,7.9600,8.0300,7.9000,8.0300,8548400
20130409,7.9300,8.0300,7.7900,7.9800,9714400
20130410,7.8800,7.9600,7.7700,7.8800,6526000
20130411,7.8400,7.9500,7.8400,7.8800,3572500
20130412,7.8800,8.0100,7.7700,7.8300,6785900
20130415,7.9300,7.9800,7.8600,7.8700,7392600
20130416,7.9500,7.9700,7.8000,7.8700,4726000
20130417,8.0000,8.0200,7.8800,7.9400,5297700
20130418,8.3400,8.5700,7.9600,7.9900,18987500
20130419,8.3600,8.3800,8.2700,8.3000,9209600
20130422,8.3000,8.3700,8.2500,8.3000,7389100
20130423,8.1000,8.3800,8.1000,8.3300,8615300
20130424,8.3700,8.4400,8.1000,8.1000,13172800
20130425,8.3200,8.5500,8.2200,8.3800,15809200
20130426,8.3800,8.5000,8.2500,8.2800,11841100
20130429,8.3800,8.3800,8.3800,8.3800,0
20130430,8.3800,8.3800,8.3800,8.3800,0
20130501,8.3800,8.3800,8.3800,8.3800,0
20130502,8.3000,8.4400,8.2200,8.3800,7713400
20130503,8.5000,8.5500,8.2600,8.2900,13203800
20130506,8.7800,8.8700,8.5100,8.5300,31354300
20130507,8.6500,8.7800,8.5700,8.7800,12474000
20130508,8.6200,8.7500,8.4700,8.6100,12952200
20130509,8.5600,8.6200,8.4200,8.6000,10170100
20130510,8.4800,8.6300,8.3900,8.5200,12357200
20130513,8.4300,8.4800,8.3200,8.4800,8059400
20130514,8.5100,8.5800,8.3800,8.4400,9321700
20130515,8.5900,8.6500,8.5200,8.5400,8853700
20130516,8.5000,8.6400,8.4700,8.5900,10480600
20130517,8.6700,8.6700,8.4700,8.4900,12875600
20130520,8.9700,9.0000,8.7100,8.7100,24438900
20130521,9.0300,9.0900,8.7700,9.0000,20958200
20130522,9.4900,9.6500,8.9000,9.0200,43061100
20130523,9.6100,9.8700,9.4100,9.4800,36578200
20130524,9.7000,9.9800,9.6000,9.6000,28837100
20130527,9.5900,9.9500,9.5200,9.8100,24018600
20130528,9.4100,9.4800,9.1900,9.4800,32530300
20130529,9.4200,9.5700,9.3200,9.4000,13524200
20130530,9.9500,10.0300,9.3800,9.4200,25839400
20130531,10.6100,10.9000,9.8500,9.9400,52251500
20130603,10.7000,10.8800,10.4100,10.6100,30124100
20130604,10.3400,10.7900,10.2500,10.6800,26358500
20130605,10.4300,10.5300,10.0900,10.2500,18566800
20130606,10.2800,10.8000,10.2200,10.4600,24733700
20130607,10.1500,10.3500,9.9100,10.2000,22455400
20130610,10.1500,10.1500,10.1500,10.1500,0
20130611,10.1500,10.1500,10.1500,10.1500,0
20130612,10.1500,10.1500,10.1500,10.1500,0
20130613,10.1800,10.4500,9.9000,10.0000,26546500
20130614,10.8600,10.9600,10.0100,10.1000,35969800
20130617,11.0900,11.4000,10.9300,10.9500,37302700
20130618,11.1300,11.3700,11.0500,11.0500,23118800
20130619,11.0000,11.2900,10.9400,11.1200,19941400
20130620,10.7500,11.1700,10.7100,10.9400,23363600
20130621,11.5000,11.5100,10.3000,10.7300,38408600
20130624,10.9900,11.7500,10.7800,11.5100,47691100
20130625,10.2400,10.8500,9.8900,10.7300,48396100
20130626,10.6800,10.7600,9.8800,10.2600,34345800
20130627,10.1200,10.8500,10.0500,10.7800,26007400
20130628,10.0200,10.3600,9.6000,9.9600,23581100
20130701,11.0100,11.0200,10.2000,10.2000,51148800
20130702,11.1200,11.2900,10.8900,11.0600,41202600
20130703,11.4100,11.6500,10.9300,11.0300,52434300
20130704,11.2300,11.5000,11.1000,11.4300,29354100
20130705,10.9600,11.3200,10.8800,11.1900,26275300
20130708,10.5900,10.9500,10.5100,10.5700,14254000
20130709,11.3600,11.3800,10.5600,10.5600,24388400
20130710,11.3800,11.5600,11.2300,11.4000,27094900
20130711,11.6300,11.7900,11.3700,11.7000,34417700
20130712,11.7700,11.9600,11.5200,11.5900,34544400
20130715,11.8800,11.9500,11.7000,11.7900,22214500
20130716,12.1900,12.3700,11.8200,11.9100,41864000
20130717,12.5100,12.8100,12.0100,12.2100,42135100
20130718,13.3900,13.5000,12.5100,12.5900,61522600
20130719,13.6600,14.1600,13.0700,13.2200,62398700
20130722,14.2900,14.4200,13.3200,13.6800,59192000
20130723,14.1800,14.6900,14.0500,14.3100,50710000
20130724,14.6500,14.7000,13.9700,14.2500,44451600
20130725,13.8200,14.6700,13.8000,14.5600,47657100
20130726,14.3800,14.4500,13.7700,13.8100,29263800
20130729,14.4500,15.4500,14.2500,14.4400,40123400
20130730,14.0000,14.5800,13.2000,14.4000,27974800
20130731,14.4500,14.6800,14.1800,14.1900,22118500
20130801,15.4100,15.5600,14.1800,14.4900,46429300
20130802,15.5500,15.7500,15.2100,15.4100,26844700
20130805,15.5700,15.7500,15.3000,15.4600,20149600
20130806,15.5600,16.1500,15.5000,15.5500,30596100
20130807,14.9000,15.5200,14.6900,15.5200,34613100
20130808,15.1500,15.4000,14.7200,15.0000,18920400
20130809,14.8900,15.3800,14.5600,15.1400,27472800
20130812,14.6300,15.1500,14.4200,14.9900,23755000
20130813,14.7700,14.9800,14.6000,14.6100,20800800
20130814,14.6700,14.9000,14.4200,14.7700,12963400
20130815,14.7500,14.9500,14.5100,14.7000,12513700
20130816,13.6000,14.9400,13.6000,14.6200,31983000
20130819,12.2400,12.5200,12.2400,12.2400,65418600
20130820,12.5900,12.7600,12.0200,12.1000,49745100
20130821,12.2800,12.6600,12.1700,12.6000,23774100
20130822,12.5000,12.5800,11.3000,12.2400,61437300
20130823,12.9200,13.0500,12.2200,12.2500,43284400
20130826,13.1500,13.5800,12.8400,12.9900,28267600
20130827,13.5300,13.6700,12.9100,13.0300,25516900
20130828,13.3200,13.6900,13.3000,13.4000,22402200
20130829,13.2800,13.5900,13.1200,13.3000,18968900
20130830,13.2500,13.4900,13.1600,13.2800,18614400
20130902,14.1800,14.1900,13.2000,13.2500,34311000
20130903,14.2800,14.6400,14.0000,14.1900,29925000
20130904,14.2700,14.4900,14.1200,14.2900,16249400
20130905,14.7600,14.8100,14.1600,14.2200,28123800
20130906,14.7600,14.8700,14.5300,14.7700,15953800
20130909,14.9100,15.4300,14.8000,14.8700,24067600
20130910,15.0000,15.2000,14.7000,14.8600,22231100
20130911,13.6500,14.9900,13.6000,14.9200,37033600
20130912,12.5000,14.0800,12.4600,13.4500,40639900
20130913,12.8900,12.9600,12.2600,12.5200,29576700
20130916,12.2300,12.8500,11.7900,12.8500,91349600
20130917,11.7200,12.1700,11.3800,12.0100,62997600
20130918,12.0100,12.1400,11.5000,11.6000,38647800
20130920,12.0100,12.0100,12.0100,12.0100,0
20130923,13.1400,13.1600,12.1500,12.1500,54409100
20130924,12.8900,13.3900,12.7900,13.1400,37779800
20130925,13.0400,13.4800,12.8200,12.8200,38652300
20130926,12.4400,13.2100,12.4100,13.0300,28206400
20130927,12.7000,12.9900,12.4400,12.4400,24590400
20130930,13.1500,13.3400,12.7300,12.7900,27709100
20131001,13.1500,13.1500,13.1500,13.1500,0
20131002,13.1500,13.1500,13.1500,13.1500,0
20131003,13.1500,13.1500,13.1500,13.1500,0
20131004,13.1500,13.1500,13.1500,13.1500,0
20131007,13.1500,13.1500,13.1500,13.1500,0
20131008,13.0800,13.6000,13.0100,13.1600,32208800
20131009,13.1200,13.2200,12.8300,13.1800,21198400
20131010,12.5400,13.1700,12.3700,13.1100,38125100
20131011,12.5500,12.6800,12.0500,12.5400,30904400
20131014,13.8100,13.8100,13.3100,13.8100,66729100
20131015,14.2400,14.5500,13.7300,14.0900,67273800
20131016,13.3900,14.1800,13.3800,14.1800,40561000
20131017,13.4900,14.0000,13.3800,13.4700,29662900
20131018,13.3700,13.8800,13.2000,13.6500,24842700
20131021,13.2900,13.4500,13.0000,13.2900,27231700
20131022,12.7800,13.3500,12.7800,13.2700,26403500
20131023,12.8500,13.1000,12.6900,12.7800,16762900
20131024,12.2000,12.9600,12.1000,12.8700,26387300
20131025,12.2000,12.2000,12.2000,12.2000,0
20131028,12.2000,12.2000,12.2000,12.2000,0
20131029,12.2000,12.2000,12.2000,12.2000,0
20131030,12.2000,12.2000,12.2000,12.2000,0
20131031,12.2000,12.2000,12.2000,12.2000,0
20131101,11.7500,12.4500,11.0600,12.4000,35429800
20131104,11.9800,12.1300,11.4400,11.7000,19205300
20131105,12.0300,12.1000,11.7000,11.8800,13949200
20131106,11.5100,12.0500,11.5000,12.0400,15206100
20131107,11.1000,11.5800,11.1000,11.5000,16596900
20131108,10.5300,11.0000,10.3400,11.0000,26959500
20131111,10.3700,10.7600,10.0800,10.4200,26897300
20131112,10.7900,10.8500,10.1700,10.3900,23741800
20131113,10.5000,11.0100,10.4900,10.8700,21521600
20131114,10.7300,10.9700,10.2500,10.3900,20435200
20131115,10.8600,11.0600,10.6500,10.7300,20948800
20131118,11.2200,11.2400,10.8900,10.9500,22193300
20131119,11.5300,11.7600,11.1000,11.2200,23093900
20131120,11.5600,11.7000,11.2900,11.6900,14586400
20131121,11.6400,11.7100,11.3900,11.5500,16409200
20131122,11.4900,11.6900,11.4800,11.6000,13465700
20131125,11.5200,11.9200,11.4600,11.5900,18485700
20131126,11.2600,11.6400,11.2100,11.4800,12429800
20131127,11.6500,11.6700,11.1300,11.2600,16555600
20131128,11.6800,11.9200,11.6400,11.6900,14398400
20131129,11.7800,11.8400,11.6000,11.6600,16902900
20131202,11.4200,11.7400,11.1600,11.5700,29291900
20131203,11.8600,11.8800,11.2800,11.3600,17014200
20131204,12.2500,12.4400,11.7600,11.8000,24121400
20131205,12.3700,12.5400,12.1500,12.2400,16445100
20131206,12.4600,12.5000,12.2900,12.2900,11326000
20131209,12.8000,12.9300,12.5500,12.5500,27678600
20131210,12.7400,12.8600,12.4300,12.8100,19799200
20131211,12.3600,12.7300,12.3100,12.5800,21004900
20131212,12.2600,12.6500,12.2000,12.3600,16905700
20131213,12.2900,12.3000,12.0200,12.2100,12998800
20131216,12.0700,12.3300,12.0300,12.3300,11461500
20131217,11.6400,12.1600,11.6100,12.1000,10953800
20131218,11.6900,11.7900,11.4100,11.6500,8101800
20131219,11.5800,11.8800,11.5000,11.7500,7277100
20131220,11.1800,11.6900,11.1000,11.6900,10607600
20131223,11.1000,11.2600,10.9300,11.1800,10080900
20131224,11.3700,11.5300,11.1100,11.1900,9857000
20131225,11.8500,11.8500,11.3200,11.4300,14097800
20131226,11.8500,12.1200,11.7100,11.8500,13782900
20131227,11.8900,12.0500,11.6300,11.6500,10304700
20131230,11.7900,12.1000,11.7800,12.0000,8167000
20131231,11.8800,11.9200,11.6200,11.7900,8475200
20140101,11.8800,11.8800,11.8800,11.8800,0
20140102,12.1300,12.3300,11.9000,11.9000,18905000
20140103,12.1900,12.2300,11.9600,11.9600,9253700
20140106,11.6300,12.2100,11.5700,12.1900,14962600
20140107,11.4000,11.6500,11.3500,11.5300,10527000
20140108,11.7300,11.8900,11.4600,11.4600,15176600
20140109,12.0400,12.2800,11.7300,11.7300,16617800
20140110,11.8500,12.1800,11.7800,12.0600,10809700
20140113,12.0000,12.1500,11.7700,11.8000,10981700
20140114,12.2000,12.2600,11.9300,12.0000,15951300
20140115,12.1900,12.4800,12.1600,12.2900,12633700
20140116,12.2700,12.3300,12.0300,12.1900,11432100
20140117,12.3300,12.4500,12.1500,12.1500,18655500
20140120,12.2800,12.3600,12.1500,12.3500,9720200
20140121,12.7000,12.7000,12.2300,12.3800,21175400
20140122,13.4000,13.5600,12.7200,12.8200,51885500
20140123,13.4100,13.8700,13.2200,13.4800,34608800
20140124,13.8000,13.8900,13.3100,13.4300,34665800
20140127,13.8500,14.0900,13.6500,13.6500,32632600
20140128,13.5100,14.0000,13.3800,13.7800,17343800
20140129,13.6500,13.8000,13.3600,13.4900,14496800
20140130,13.9500,14.1100,13.6600,13.6600,20477200
20140131,13.9500,13.9500,13.9500,13.9500,0
20140203,13.9500,13.9500,13.9500,13.9500,0
20140205,13.9500,13.9500,13.9500,13.9500,0
20140206,13.9500,13.9500,13.9500,13.9500,0
20140207,14.1000,14.1500,13.6300,13.8000,24757900
20140210,14.1100,14.3000,13.9900,14.1300,25434900
20140211,13.5700,14.0900,13.5000,14.0700,31010500
20140212,13.2400,13.4600,13.0500,13.4500,30097200
20140213,13.4500,13.7400,13.2100,13.2800,22434200
20140214,13.5300,13.5800,13.3000,13.4400,19262100
20140217,14.3100,14.3500,13.5300,13.5500,53282800
20140218,14.3000,14.8900,14.2600,14.3700,68521000
20140219,14.4000,14.5000,14.1300,14.4000,37005500
20140220,13.9100,14.6000,13.9000,14.4500,40714600
20140221,13.7500,14.0500,13.3000,13.9000,37767200
20140224,14.0300,14.0400,13.3000,13.6900,36636400
20140225,13.7800,14.5200,13.5600,14.0300,48170000
