20130226,12.9200,13.3000,12.9000,13.3000,3957800
20130227,12.8000,13.0000,12.7100,12.9700,3541300
20130228,13.1400,13.1600,12.7600,12.8400,2401300
20130301,13.0000,13.1600,12.8800,13.1600,4072700
20130304,12.0800,12.8500,11.8700,12.8500,7470800
20130305,12.1900,12.1900,11.9900,12.0800,3552100
20130306,12.3300,12.3500,12.1000,12.2500,3411200
20130307,12.3600,12.4900,12.2500,12.3000,3205700
20130308,12.2100,12.4500,12.1700,12.3600,2601100
20130311,12.5400,12.6500,12.1400,12.2500,3819200
20130312,12.4500,12.7700,12.3200,12.4900,3320100
20130313,12.5100,12.6400,12.3400,12.4800,2096700
20130314,12.3100,12.6000,12.2900,12.5200,1624600
20130315,12.3600,12.5300,12.2000,12.3100,1784900
20130318,12.2700,12.3800,12.2000,12.3800,1360700
20130319,12.1300,12.3500,11.8400,12.3500,2722200
20130320,12.4900,12.5100,12.0100,12.0800,3774300
20130321,12.4900,12.5500,12.4000,12.4900,3008500
20130322,12.8500,12.9500,12.5200,12.5200,5472100
20130325,13.2800,13.4500,12.7100,12.8700,6659700
20130326,13.1900,13.3000,12.9200,13.1500,4534200
20130327,13.1300,13.3300,13.0200,13.1500,2843400
20130328,12.6200,13.0300,12.5900,13.0300,3501600
20130329,12.4400,12.8500,12.4000,12.6300,2041700
20130401,12.4700,12.6300,12.3600,12.3900,1445800
20130402,12.1900,12.5900,12.1600,12.4700,2527400
20130403,12.1700,12.2900,12.0200,12.2000,1879600
20130404,12.1700,12.1700,12.1700,12.1700,0
20130405,12.1700,12.1700,12.1700,12.1700,0
20130408,12.3000,12.3400,11.7600,12.0000,1961200
20130409,12.3400,12.4300,12.2000,12.2000,1465400
20130410,12.1300,12.3500,12.0900,12.3500,2325500
20130411,12.0000,12.2900,11.9700,12.1500,1794500
20130412,11.8200,12.0300,11.7500,12.0000,2406300
20130415,11.4600,11.8000,11.3500,11.7600,3449500
20130416,11.6800,11.7000,11.3300,11.3600,1626400
20130417,11.7100,11.7500,11.5800,11.6800,1103200
20130418,11.6900,11.8300,11.5300,11.5300,1194500
20130419,11.9800,12.0400,11.6900,11.6900,2309400
20130422,11.9400,12.0100,11.8200,11.8500,1163200
20130423,11.5100,11.9700,11.4500,11.9500,1682100
20130424,11.6000,11.7000,11.4000,11.5200,2051200
20130425,11.4000,11.6000,11.3600,11.6000,1858500
20130426,10.3400,11.3000,10.3100,11.3000,5642200
20130429,10.3400,10.3400,10.3400,10.3400,0
20130430,10.3400,10.3400,10.3400,10.3400,0
20130501,10.3400,10.3400,10.3400,10.3400,0
20130502,10.0000,10.2700,9.9600,10.2700,3983800
20130503,10.2800,10.4000,10.0600,10.0800,2865500
20130506,10.4700,10.5900,10.2200,10.3000,2707500
20130507,10.7300,10.9900,10.4700,10.4800,4038800
20130508,10.7800,10.8600,10.6200,10.7600,2170300
20130509,10.8600,10.9200,10.6700,10.8000,2447200
20130510,11.0400,11.0400,10.8000,10.8800,2920800
20130513,10.9700,11.0500,10.9000,11.0400,1751400
20130514,10.7300,10.9300,10.7000,10.9300,1514800
20130515,10.6000,10.8000,10.5500,10.7200,2223900
20130516,11.6600,11.6600,10.6000,10.6200,9979900
20130517,11.7300,11.7600,11.4500,11.6800,8771600
20130520,12.3300,12.4900,11.8600,11.8600,9544300
20130521,12.3600,12.4200,12.2000,12.2800,5498400
20130522,12.4200,12.4800,12.1800,12.3400,4716000
20130523,12.0700,12.3800,12.0400,12.3800,3799000
20130524,12.1400,12.1800,11.9200,12.0600,3031600
20130527,12.5800,12.5900,12.0100,12.1500,4891900
20130528,12.4100,12.6700,12.2800,12.4800,4135600
20130529,12.4500,12.8800,12.3500,12.5000,5043600
20130530,12.2400,12.4600,12.0900,12.4600,3461400
20130531,12.1300,12.2800,12.0500,12.2500,2195500
20130603,12.0300,12.3000,11.9000,12.0500,2709800
20130604,12.3100,12.4200,12.0400,12.1600,5031200
20130605,12.2000,12.4200,11.9700,12.3000,2847900
20130606,11.8100,12.1700,11.8100,12.1700,2704600
20130607,11.1800,11.8500,11.1800,11.7900,3697900
20130610,11.1800,11.1800,11.1800,11.1800,0
20130611,11.1800,11.1800,11.1800,11.1800,0
20130612,11.1800,11.1800,11.1800,11.1800,0
20130613,10.7600,11.1300,10.2800,11.1300,2271100
20130614,10.8300,10.9300,10.5800,10.8800,1616200
20130617,10.6300,10.8500,10.4900,10.8500,1629600
20130618,10.7000,10.7700,10.6100,10.6700,1212900
20130619,10.4300,10.7000,10.1800,10.7000,1686300
20130620,10.2400,10.6000,10.2400,10.4000,1754100
20130621,10.4500,10.5200,9.9600,10.2000,1738800
20130624,9.6300,10.3900,9.4100,10.3900,2004300
20130625,9.4900,9.7200,8.7700,9.4200,2385500
20130626,9.4500,9.6300,9.2500,9.4800,1331800
20130627,9.2100,9.6100,9.1800,9.5000,1916100
20130628,9.1900,9.5100,8.7000,9.1700,1480900
20130701,9.2100,9.2700,8.9800,9.1700,1379900
20130702,9.4100,9.4700,9.1200,9.1700,1930200
20130703,9.2000,9.3600,9.0500,9.3600,1582100
20130704,9.2600,9.3900,9.0200,9.1000,1731300
20130705,9.3000,9.4500,9.2300,9.2800,1803200
20130708,8.8300,9.1800,8.8300,9.1800,1761200
20130709,8.8100,8.9600,8.7800,8.8500,1357200
20130710,9.1300,9.1500,8.8300,8.8800,1431900
20130711,9.3300,9.6200,9.1000,9.1000,3772300
20130712,9.3400,9.5500,9.2300,9.3600,2371100
20130715,9.4500,9.5200,9.2700,9.4000,2022300
20130716,9.5500,9.6100,9.4000,9.4100,1983200
20130717,9.3500,9.5500,9.3300,9.5100,2276300
20130718,9.2100,9.3400,9.1300,9.3100,1584500
20130719,9.1700,9.5500,9.1400,9.2000,2291300
20130722,9.1700,9.2000,8.9000,9.0900,1220900
20130723,9.3300,9.3800,9.1000,9.1300,1874100
20130724,9.3400,9.3900,9.1800,9.3300,1364800
20130725,9.4000,9.4700,9.1600,9.3800,2159400
20130726,9.4000,9.4000,9.4000,9.4000,0
20130729,9.4000,9.4000,9.4000,9.4000,0
20130730,9.4000,9.4000,9.4000,9.4000,0
20130731,9.4000,9.4000,9.4000,9.4000,0
20130801,9.4000,9.4000,9.4000,9.4000,0
20130802,9.4000,9.4000,9.4000,9.4000,0
20130805,9.7000,10.3300,9.6000,10.3300,6157600
20130806,9.6300,9.7000,9.4800,9.5600,4276800
20130807,9.7900,9.9000,9.5300,9.5800,5202500
20130808,10.1100,10.2700,9.5800,9.7100,7238700
20130809,10.2800,10.3500,9.8200,10.0000,5593100
20130812,10.3200,10.6100,10.1200,10.3000,8481200
20130813,10.2400,10.3200,10.1600,10.2400,3422700
20130814,10.0200,10.4400,9.9800,10.2800,3439100
20130815,10.0100,10.1900,9.9700,9.9800,2620900
20130816,9.8100,10.1300,9.8100,9.9700,2623900
20130819,9.8600,9.9000,9.7100,9.7800,1339100
20130820,9.8700,9.9500,9.7800,9.8600,1596100
20130821,9.9300,9.9700,9.8000,9.8500,1325900
20130822,9.7900,9.9400,9.7900,9.9300,2007100
20130823,9.6900,9.9200,9.5800,9.7900,1860000
20130826,9.8800,9.9000,9.6200,9.6900,2088500
20130827,9.9000,9.9400,9.8000,9.9100,1682100
20130828,9.7200,9.8800,9.7000,9.8800,1859100
20130829,9.8500,9.9300,9.7100,9.7100,1522700
20130830,9.9900,10.0800,9.8000,9.8600,3269600
20130902,10.4300,10.9900,10.2100,10.4800,7799600
20130903,10.6600,10.8500,10.2200,10.4000,7095600
20130904,10.3600,10.6000,10.3100,10.4900,3899200
20130905,10.2200,10.6400,10.2100,10.3800,3128100
20130906,10.3000,10.3400,10.1100,10.1200,1869500
20130909,10.6000,10.6800,10.2500,10.3200,5552900
20130910,10.5000,10.6000,10.4100,10.5500,3993400
20130911,11.2600,11.4500,10.4000,10.5200,12508600
20130912,11.6400,12.0000,10.9900,11.1000,15267200
20130913,11.3400,11.7000,11.2000,11.5000,5915500
20130916,11.2500,11.4700,11.1500,11.3000,3999900
20130917,10.6000,11.3000,10.5000,11.2500,5990300
20130918,10.7200,10.7800,10.4700,10.5400,2094500
20130920,10.7200,10.7200,10.7200,10.7200,0
20130923,10.8200,10.8500,10.6500,10.7200,2819000
20130924,10.7000,10.8800,10.6000,10.8800,2456700
20130925,11.1100,11.2000,10.6000,10.6800,5540400
20130926,10.7400,11.2000,10.7400,11.1800,3344300
20130927,10.2900,10.8700,10.2500,10.7400,3742700
20130930,10.3100,10.3900,10.1700,10.3300,1555000
20131001,10.3100,10.3100,10.3100,10.3100,0
20131002,10.3100,10.3100,10.3100,10.3100,0
20131003,10.3100,10.3100,10.3100,10.3100,0
20131004,10.3100,10.3100,10.3100,10.3100,0
20131007,10.3100,10.3100,10.3100,10.3100,0
20131008,10.5000,10.6300,10.2200,10.3100,1843200
20131009,10.7300,10.8200,10.4000,10.5800,2702800
20131010,10.8200,11.0400,10.6500,10.7500,3306100
20131011,10.9300,11.0200,10.8100,10.8500,2294400
20131014,11.1300,11.1800,10.8800,10.8800,2613900
20131015,10.9100,11.1300,10.8400,11.0500,2122600
20131016,10.4200,10.9100,10.3600,10.9100,2438800
20131017,10.4600,10.6400,10.4000,10.4300,1680700
20131018,10.5500,10.5500,10.3800,10.4600,1174100
20131021,10.6800,10.6800,10.4300,10.6000,1755900
20131022,10.8000,11.0400,10.7600,10.8100,2811600
20131023,10.5300,10.9200,10.4900,10.8100,2001800
20131024,10.3700,10.5300,10.3700,10.5000,1438500
20131025,10.2700,10.5400,10.2300,10.3800,1083900
20131028,9.8000,10.2700,9.7100,10.2700,3066000
20131029,9.4700,9.8700,9.1900,9.7700,1742500
20131030,9.5100,9.7400,9.0000,9.4700,1800300
20131031,9.4400,9.5500,9.3300,9.5200,1175400
20131101,9.4300,9.4700,9.3500,9.4300,874700
20131104,9.4700,9.5700,9.4200,9.4300,697000
20131105,9.6700,9.7000,9.4100,9.4700,1622300
20131106,9.6000,9.6500,9.5300,9.6300,1283900
20131107,9.7100,9.7800,9.5600,9.6700,1670000
20131108,9.7300,9.7400,9.5600,9.6200,1252100
20131111,9.7700,9.7900,9.0100,9.7000,1125700
20131112,9.8500,9.9700,9.7500,9.7700,1164400
20131113,10.2600,10.3300,9.3500,9.8600,5147400
20131114,10.2400,10.3400,10.0900,10.2000,2112700
20131115,10.3700,10.4100,10.1100,10.1800,3119300
20131118,10.4800,10.9000,10.3800,10.3900,2671700
20131119,10.4300,10.4800,10.2100,10.4600,2410500
20131120,10.5900,10.6800,10.2200,10.4300,4848000
20131121,10.6100,10.6800,10.3100,10.5500,3216000
20131122,10.5500,10.5800,10.4900,10.5700,1352300
20131125,10.5000,10.5900,10.4600,10.5800,975600
20131126,10.4600,10.6100,10.4100,10.4900,1386600
20131127,10.4600,10.5500,10.4300,10.4600,1256300
20131128,10.5000,10.5800,10.4400,10.4400,2282300
20131129,10.5200,10.5600,10.4800,10.5000,1662900
20131202,9.9500,10.4800,9.8200,10.4500,2380400
20131203,10.1000,10.1500,9.8500,9.9900,903800
20131204,10.1500,10.2700,10.0600,10.0600,1297900
20131205,10.0800,10.1800,10.0400,10.1600,962400
20131206,10.0500,10.1200,10.0300,10.0300,724300
20131209,9.9900,10.1000,9.9100,10.0400,1431300
20131210,10.1200,10.1500,9.9000,9.9900,1592700
20131211,10.6100,11.0700,10.3500,10.3500,10458800
20131212,10.5300,10.8200,10.4900,10.5400,5944700
20131213,11.2000,11.2400,10.3900,10.5000,12428200
20131216,10.9600,11.3000,10.8900,11.2000,6955300
20131217,10.6900,11.0700,10.5200,10.9600,4066500
20131218,10.7600,10.8100,10.5500,10.6200,2282100
20131219,10.5500,10.8800,10.5500,10.8300,1888500
20131220,10.4000,10.6800,10.3600,10.6600,1840100
20131223,10.8600,10.9200,10.4000,10.4200,3593200
20131224,10.8100,11.1700,10.6800,11.0100,3644900
20131225,10.7700,10.7900,10.4600,10.7100,3172600
20131226,10.4500,10.8000,10.4500,10.7100,1771400
20131227,10.5700,10.6400,10.4200,10.4500,1410800
20131230,10.7700,10.8300,10.5100,10.5800,2810400
20131231,10.7600,10.8500,10.6500,10.7500,1952500
20140101,10.7600,10.7600,10.7600,10.7600,0
20140102,10.9300,11.0300,10.5800,10.8000,3732500
20140103,10.8600,11.1500,10.7200,10.9300,2411100
20140106,10.5300,10.8400,10.4600,10.8400,2010800
20140107,10.2500,10.6000,10.2000,10.5000,1634800
20140108,9.9600,10.2900,9.8200,10.2000,2963400
20140109,9.9000,10.1000,9.8500,9.9500,1268800
20140110,9.5600,9.9000,9.5300,9.8500,1396800
20140113,9.2900,9.6200,9.1000,9.5400,2444600
20140114,9.7300,9.7500,9.2000,9.2900,1850400
20140115,9.7100,10.1400,9.5700,9.7300,1794100
20140116,9.6800,9.8500,9.6100,9.8500,1001200
20140117,9.5800,9.6700,9.1200,9.6700,1514500
20140120,9.5800,9.7100,9.3100,9.5500,742300
20140121,9.6000,9.6800,9.5100,9.5800,1062700
20140122,9.9100,9.9300,9.5300,9.6700,1916200
20140123,9.8700,9.9300,9.7800,9.9000,1339300
20140124,10.0700,10.0700,9.8300,9.8300,1927000
20140127,10.1800,10.5500,10.0900,10.5500,2164700
20140128,10.0700,10.2400,9.9700,10.2300,1105800
20140129,10.2400,10.2900,9.9700,10.0000,2308800
20140130,10.3300,10.4600,10.0100,10.2500,3252500
20140131,10.3300,10.3300,10.3300,10.3300,0
20140203,10.3300,10.3300,10.3300,10.3300,0
20140205,10.3300,10.3300,10.3300,10.3300,0
20140206,10.3300,10.3300,10.3300,10.3300,0
20140207,10.4900,10.6900,10.3500,10.3800,2825000
20140210,10.6000,10.8400,10.4400,10.4500,4281100
20140211,10.5800,10.7800,10.3900,10.7800,3889600
20140212,11.2200,11.4900,10.6400,10.6400,9227500
20140213,10.9000,11.3300,10.8600,11.3000,7424200
20140214,11.5000,11.5600,11.0100,11.0100,10672500
20140217,11.4700,11.6900,11.2800,11.5000,7713700
20140218,11.4900,11.5900,11.2900,11.4100,7134700
20140219,11.2700,11.8900,11.1900,11.4600,7212300
20140220,11.1000,11.4000,11.0100,11.2300,4703600
20140221,11.1000,11.2400,10.9300,11.0100,3576000
20140224,10.7300,11.2000,10.7100,11.0900,3926000
20140225,9.8000,10.8600,9.6600,10.6900,4510400
