20130226,4.2500,4.4400,4.2500,4.4000,8750100
20130227,4.6800,4.6800,4.2900,4.2900,14547000
20130228,4.8600,5.1000,4.7600,4.8200,58354200
20130301,4.9400,5.0000,4.7100,4.8000,36972700
20130304,4.7700,4.9000,4.6000,4.9000,24863500
20130305,4.8000,4.8800,4.7000,4.7200,15834300
20130306,4.7900,4.8600,4.7400,4.8100,16590900
20130307,4.6800,4.7900,4.6200,4.7500,13457200
20130308,4.6100,4.7300,4.6000,4.6600,7291700
20130311,4.5400,4.6200,4.4800,4.6100,7399400
20130312,4.4500,4.6100,4.3700,4.5300,8841400
20130313,4.4800,4.5100,4.4100,4.4200,5455300
20130314,4.5000,4.5000,4.3900,4.4800,5521400
20130315,4.4600,4.5700,4.4500,4.4800,6460600
20130318,4.3400,4.4400,4.3400,4.4400,5887200
20130319,4.4100,4.4200,4.2800,4.3300,5729400
20130320,4.4700,4.4800,4.3400,4.3900,7653200
20130321,4.6600,4.8800,4.4600,4.4600,16386600
20130322,4.6200,4.6700,4.5800,4.6600,6851500
20130325,4.6300,4.6900,4.6000,4.6300,5610700
20130326,4.5900,4.6700,4.4800,4.6300,7543000
20130327,4.5200,4.6200,4.5000,4.5600,5863800
20130328,4.5300,4.7300,4.4500,4.6000,14594800
20130329,4.3200,4.5400,4.3000,4.4900,10705400
20130401,4.3600,4.4100,4.3200,4.3300,4009700
20130402,4.3300,4.4600,4.3200,4.3700,4542900
20130403,4.2200,4.3800,4.1800,4.3500,6217800
20130404,4.2200,4.2200,4.2200,4.2200,0
20130405,4.2200,4.2200,4.2200,4.2200,0
20130408,4.1800,4.1900,4.0700,4.1800,4703200
20130409,4.2600,4.3100,4.1800,4.1800,4030700
20130410,4.3100,4.4100,4.2500,4.2600,5774200
20130411,4.2100,4.3400,4.2100,4.3100,3840700
20130412,4.1600,4.2500,4.1300,4.2200,2727400
20130415,4.0800,4.1900,4.0800,4.1600,3514200
20130416,3.8600,3.9600,3.6900,3.9500,10817200
20130417,3.8700,3.8900,3.8000,3.8500,4106900
20130418,3.8500,3.8900,3.7900,3.8600,3697500
20130419,4.0000,4.0100,3.8300,3.8500,6364500
20130422,4.0200,4.0200,3.9300,3.9300,4389900
20130423,3.9500,4.1500,3.9000,4.0100,6293800
20130424,4.0200,4.0400,3.9300,3.9700,5891000
20130425,3.9400,4.0800,3.9300,4.0100,6172700
20130426,3.8200,3.9600,3.8100,3.9100,5743400
20130429,3.8200,3.8200,3.8200,3.8200,0
20130430,3.8200,3.8200,3.8200,3.8200,0
20130501,3.8200,3.8200,3.8200,3.8200,0
20130502,3.7700,3.8000,3.6800,3.8000,3478000
20130503,3.9100,3.9900,3.7500,3.7800,6168600
20130506,4.0600,4.1300,3.8400,3.9000,12032600
20130507,3.9900,4.0500,3.9600,4.0200,6642700
20130508,4.0200,4.0500,3.9700,3.9900,4045200
20130509,3.9600,4.0100,3.9300,4.0000,6358200
20130510,4.0200,4.0300,3.9400,3.9600,5946500
20130513,4.0000,4.0300,3.9500,4.0000,3843800
20130514,3.9100,4.0000,3.8800,4.0000,4631000
20130515,3.9500,3.9500,3.8800,3.8900,2906500
20130516,4.0600,4.1200,3.9300,3.9400,11001900
20130517,4.0900,4.1300,4.0200,4.0700,9115600
20130520,4.5000,4.5000,4.4100,4.4100,8949000
20130521,4.5700,4.8400,4.4800,4.8400,41333700
20130522,4.4200,4.5400,4.3800,4.4800,18819200
20130523,4.5900,4.8000,4.2900,4.3600,34817100
20130524,4.6200,4.7400,4.5200,4.5700,20963500
20130527,4.5300,4.6600,4.4900,4.5700,14435400
20130528,4.5300,4.5600,4.4200,4.5500,11061700
20130529,4.5000,4.5500,4.4700,4.5300,8740500
20130530,4.4300,4.4900,4.4000,4.4900,9977500
20130531,4.5000,4.5400,4.4000,4.4400,9425800
20130603,4.6100,4.7800,4.5500,4.6000,23446800
20130604,4.5000,4.5900,4.4200,4.5300,10007900
20130605,4.4900,4.5300,4.4300,4.4800,5480200
20130606,4.6700,4.9400,4.6300,4.9400,41888800
20130607,5.1400,5.1400,4.5000,4.5700,50202000
20130610,5.1400,5.1400,5.1400,5.1400,0
20130611,5.1400,5.1400,5.1400,5.1400,0
20130612,5.1400,5.1400,5.1400,5.1400,0
20130613,5.3900,5.5400,5.0200,5.1900,100525296
20130614,5.3800,5.4700,5.1600,5.3000,64856900
20130617,5.5400,5.9000,5.2500,5.3500,71925800
20130618,5.4500,5.5800,5.2500,5.4300,45128400
20130619,5.2500,5.3400,5.1500,5.3400,33248300
20130620,5.0300,5.3600,4.9700,5.1800,28730300
20130621,4.7300,4.8700,4.5300,4.8000,32530000
20130624,4.5000,4.8600,4.4400,4.6900,31685000
20130625,4.6900,4.8200,4.1000,4.3900,39893500
20130626,5.1600,5.1600,5.1600,5.1600,12876600
20130627,5.5900,5.6800,5.5900,5.6800,25978600
20130628,5.5600,5.8900,5.1600,5.2400,96281504
20130701,5.6900,5.7600,5.2700,5.3200,60536800
20130702,5.6500,5.9600,5.5300,5.5700,68072200
20130703,6.2200,6.2200,5.4000,5.5300,78309904
20130704,6.6400,6.8300,6.1500,6.2500,124162400
20130705,6.8700,7.2500,6.4000,6.5500,103222304
20130708,6.8700,6.8700,6.8700,6.8700,0
20130709,6.8700,6.8700,6.8700,6.8700,0
20130710,6.5400,7.0800,6.4500,6.6800,100393200
20130711,6.4300,6.5000,6.2400,6.4100,79970800
20130712,6.2400,6.6600,6.2300,6.3600,75130000
20130715,6.4000,6.4400,6.1900,6.2000,46089700
20130716,6.7100,6.9000,6.2200,6.3700,76337800
20130717,7.3800,7.3800,6.8100,6.8800,113729696
20130718,7.6900,7.9800,7.2800,7.3800,107490800
20130719,7.2000,7.8500,7.1100,7.6500,90596200
20130722,7.4000,7.5500,7.0600,7.2700,68031200
20130723,7.5900,7.7000,7.2100,7.3200,58045300
20130724,7.6700,7.9700,7.4100,7.5800,72697296
20130725,7.3100,7.7200,7.1900,7.6000,51857800
20130726,7.3700,7.5800,7.1800,7.3100,36560400
20130729,7.0200,7.3000,6.9100,7.3000,33180600
20130730,6.6000,7.0100,6.3300,6.9100,45072400
20130731,6.5200,6.7000,6.4400,6.5800,28379500
20130801,6.7900,6.8000,6.4300,6.4900,36992400
20130802,6.6400,6.8500,6.6300,6.8000,30181500
20130805,6.6400,6.6400,6.6400,6.6400,0
20130806,7.3000,7.3000,7.3000,7.3000,7597900
20130807,8.0300,8.0300,8.0300,8.0300,10545000
20130808,8.1000,8.3000,7.6900,8.1500,108148896
20130809,8.3800,8.8600,7.9500,7.9800,93155800
20130812,8.0900,8.4000,7.7800,8.1600,54032300
20130813,7.9900,8.2800,7.8600,8.0000,39592100
20130814,8.1200,8.2000,7.7600,7.9300,48572700
20130815,8.2500,8.5800,7.9300,8.1700,64874800
20130816,7.5400,8.2500,7.4900,8.0700,54998200
20130819,7.6700,7.7700,7.3500,7.4200,25986600
20130820,8.0700,8.2800,7.6000,7.6500,46764600
20130821,7.9800,8.0500,7.8200,8.0000,24748200
20130822,8.1300,8.3500,7.9200,7.9600,45817100
20130823,8.3200,8.3800,7.9000,8.0400,50343100
20130826,8.2200,8.3700,8.1000,8.2700,36767000
20130827,8.4500,8.5500,7.9700,8.2000,54397400
20130828,8.1200,8.4900,8.0500,8.3100,46103900
20130829,8.9300,8.9300,7.9800,8.0000,69889296
20130830,8.3500,9.0500,8.2500,9.0000,76077000
20130902,8.8100,8.9700,8.1500,8.1500,54264900
20130903,8.8100,9.0700,8.3800,8.6200,50366200
20130904,9.3400,9.6400,8.6000,8.8800,74419400
20130905,10.0500,10.2700,9.1300,9.1800,91987696
20130906,9.9200,10.1900,9.7100,9.9100,59685700
20130909,9.6400,10.0000,9.4600,9.8000,50874600
20130910,9.4800,10.1500,9.3100,9.6400,67167600
20130911,8.8100,9.3600,8.7000,9.3600,48169000
20130912,8.9700,9.2600,8.7800,8.8100,33046200
20130913,9.1500,9.2700,8.5000,8.9800,32126800
20130916,9.4200,9.6200,9.0100,9.0900,33686500
20130917,9.6700,10.1900,9.5800,9.9000,54109000
20130918,9.4300,9.7400,9.3100,9.5000,32288100
20130920,9.4300,9.4300,9.4300,9.4300,0
20130923,9.7800,9.8900,9.2800,9.4000,43507400
20130924,9.7000,9.9800,9.3000,9.8500,47749500
20130925,9.8100,9.9800,9.4300,9.6000,46545000
20130926,9.8100,9.8100,9.8100,9.8100,0
20130927,9.0900,9.5400,9.0200,9.2700,42825400
20130930,9.5500,9.7600,9.1300,9.2300,33345800
20131001,9.5500,9.5500,9.5500,9.5500,0
20131002,9.5500,9.5500,9.5500,9.5500,0
20131003,9.5500,9.5500,9.5500,9.5500,0
20131004,9.5500,9.5500,9.5500,9.5500,0
20131007,9.5500,9.5500,9.5500,9.5500,0
20131008,9.8200,9.8800,9.3800,9.5400,37994900
20131009,10.3800,10.6500,9.6100,9.7000,57188100
20131010,11.0200,11.4200,10.6500,11.0000,88365504
20131011,10.9200,11.2000,10.5100,10.9000,58248200
20131014,11.0400,11.2600,10.6000,10.8000,41206900
20131015,11.4000,11.5900,10.7100,11.0000,59849800
20131016,10.3600,11.3000,10.2600,11.1800,54632200
20131017,10.0900,10.5700,9.8800,10.3300,29604200
20131018,10.5400,10.6300,10.0100,10.0100,24921000
20131021,11.1000,11.2500,10.6800,10.7500,40092200
20131022,10.4800,11.7500,10.4500,11.5000,62267900
20131023,10.4800,10.4800,10.4800,10.4800,0
20131024,10.0300,10.4300,9.4500,9.9800,28967100
20131025,9.0300,10.1400,9.0300,9.9200,43750500
20131028,8.6300,8.8600,8.3200,8.7000,34255200
20131029,8.2000,8.8400,7.7700,8.6700,38996500
20131030,8.1700,8.3700,8.0400,8.1900,21267800
20131031,7.5700,8.1100,7.4500,8.1100,30243800
20131101,7.5500,7.6900,7.1400,7.5400,25416500
20131104,7.6100,7.7300,7.5000,7.5200,13620400
20131105,7.9900,7.9900,7.4700,7.5500,21777700
20131106,7.7100,7.9900,7.7000,7.9300,18992700
20131107,7.4400,7.7500,7.2600,7.6000,16534900
20131108,7.1200,7.4400,7.1000,7.3500,19407300
20131111,7.0100,7.1600,6.8800,7.1000,16139700
20131112,7.1600,7.2400,6.9800,7.0300,15306900
20131113,6.9400,7.2500,6.9400,7.1300,14930800
20131114,7.0700,7.1000,6.7000,6.8800,21099300
20131115,7.3300,7.4800,7.0200,7.0600,26494000
20131118,7.6000,7.6500,7.3200,7.3300,22351500
20131119,7.5900,7.7700,7.5000,7.6000,21737200
20131120,7.7000,7.7500,7.5000,7.5700,19564000
20131121,7.8000,7.8200,7.5600,7.6500,23559800
20131122,7.7000,7.8100,7.5500,7.8000,20367100
20131125,7.4600,7.7500,7.4600,7.6000,17414100
20131126,7.2600,7.5100,7.2300,7.4600,16027000
20131127,7.5000,7.6000,7.2200,7.2400,16930100
20131128,7.7600,7.9200,7.5000,7.5500,33200300
20131129,7.7400,7.8200,7.6100,7.7000,16750700
20131202,6.9700,7.5100,6.9700,7.4000,30651500
20131203,6.9200,7.0500,6.3800,6.8700,21514100
20131204,7.0000,7.1200,6.8100,6.8500,14806200
20131205,6.8300,7.0400,6.8100,7.0300,14462700
20131206,6.7100,6.8400,6.6700,6.8000,11095700
20131209,6.8900,6.9700,6.6900,6.7100,12607000
20131210,6.8200,6.9500,6.8000,6.8900,9135500
20131211,7.0100,7.0300,6.5800,6.8000,14041300
20131212,7.2000,7.3100,6.9400,6.9500,25315600
20131213,7.0800,7.2600,7.0600,7.1300,10890300
20131216,6.8700,7.1200,6.8500,7.0800,9991200
20131217,6.8600,6.9500,6.7300,6.8600,6556300
20131218,6.6500,6.8700,6.6000,6.8100,14627600
20131219,6.5900,6.7600,6.5500,6.6600,9639600
20131220,6.3200,6.5600,6.2400,6.5600,16582900
20131223,6.2000,6.3400,6.0700,6.3200,9952500
20131224,6.2400,6.3900,6.1300,6.2000,9066700
20131225,6.4700,6.4800,6.1800,6.2800,14287700
20131226,6.8500,7.0400,6.4200,6.4700,38820500
20131227,7.2500,7.4000,6.6300,6.8000,55902600
20131230,7.2300,7.2700,6.9400,7.1700,28156100
20131231,7.0600,7.1600,7.0100,7.1500,13667200
20140101,7.0600,7.0600,7.0600,7.0600,0
20140102,7.2100,7.3700,6.8600,7.0300,21864700
20140103,7.0300,7.1800,7.0200,7.1700,16209600
20140106,6.5800,6.9800,6.5800,6.9800,16113000
20140107,6.6000,6.7100,6.3700,6.5200,11634400
20140108,6.8000,6.9100,6.4900,6.5900,15060800
20140109,7.0700,7.3600,6.7300,6.7300,34285200
20140110,6.7700,7.1300,6.7000,7.0000,19228700
20140113,6.6100,6.8400,6.5200,6.7400,11775400
20140114,6.8900,6.9000,6.5500,6.6500,12046000
20140115,7.0600,7.1000,6.8100,6.8500,16424600
20140116,7.0700,7.4900,7.0400,7.1000,31476500
20140117,7.0600,7.2100,6.9700,7.0600,19216000
20140120,7.1900,7.3300,7.0000,7.1000,19152200
20140121,7.7100,7.7900,7.2800,7.4000,46075200
20140122,8.4800,8.4800,7.6000,7.7900,48518700
20140123,9.3300,9.3300,8.8000,8.8800,108278400
20140124,9.3500,9.7700,9.2500,9.5300,91566200
20140127,9.1500,9.5300,9.0600,9.4000,55010900
20140128,9.0000,9.3300,8.8000,9.0600,45512700
20140129,9.5100,9.5100,9.0200,9.1000,44689100
20140130,8.9500,10.1200,8.9400,9.6000,53859400
20140131,8.9500,8.9500,8.9500,8.9500,0
20140203,8.9500,8.9500,8.9500,8.9500,0
20140205,8.9500,8.9500,8.9500,8.9500,0
20140206,8.9500,8.9500,8.9500,8.9500,0
20140207,9.8500,9.8500,8.9100,9.0200,43946500
20140210,10.4300,10.5800,9.8900,10.1500,65386400
20140211,10.1000,10.3700,9.9000,10.2500,43382900
20140212,10.1800,10.4800,10.0000,10.1100,40291100
20140213,9.3300,10.0600,9.3000,10.0300,45040700
20140214,9.4300,9.6500,9.1100,9.2700,26057000
20140217,10.1800,10.3700,9.2700,9.4300,48440400
20140218,10.0900,10.3000,9.9000,10.0700,32740400
20140219,10.0200,10.6000,9.9800,10.2000,37468100
20140220,10.1300,10.3600,9.5100,9.8400,37577300
20140221,9.8800,10.3000,9.8300,10.0900,22737500
20140224,9.7900,10.0400,9.6000,9.6600,18690200
20140225,10.0000,10.6000,9.8000,9.8000,55593900
