20130226,8.4000,8.6400,8.2000,8.3000,12086600
20130227,8.5600,8.6000,8.3600,8.3800,5274800
20130228,8.7900,8.8500,8.5000,8.6700,11628400
20130301,9.0500,9.2000,8.7900,8.7900,16427800
20130304,8.7400,9.2000,8.6800,8.9000,15357300
20130305,8.7800,9.0600,8.6900,8.7500,12088100
20130306,8.6500,8.9300,8.5100,8.8800,18133100
20130307,8.3600,8.6500,8.3400,8.5900,13750000
20130308,8.4600,8.6000,8.3400,8.3400,8137400
20130311,8.2400,8.4500,8.1600,8.4500,10061200
20130312,8.1100,8.3700,8.0200,8.2400,8015300
20130313,7.8000,8.2100,7.6900,8.1100,13163600
20130314,8.0400,8.0900,7.8100,7.8100,12587800
20130315,7.8400,8.1100,7.8200,8.0900,14669400
20130318,7.6800,7.6800,7.2500,7.5000,14048300
20130319,7.5800,7.6600,7.4700,7.6100,6256500
20130320,8.3400,8.3400,7.9100,7.9100,26231000
20130321,8.6100,8.9800,8.5000,8.6800,68246096
20130322,8.4700,8.7400,8.4100,8.5300,26473800
20130325,8.2700,8.6200,8.2100,8.4800,24631200
20130326,8.1200,8.2800,8.0200,8.2700,17397900
20130327,8.3200,8.5900,8.1700,8.1700,27813000
20130328,7.9300,8.1600,7.7400,8.1500,16616300
20130329,7.8400,8.1000,7.8200,7.9700,13094600
20130401,7.7800,7.9000,7.6800,7.8300,11970900
20130402,7.8100,7.9800,7.7200,7.7900,12112800
20130403,7.3000,7.7100,7.2800,7.7100,28442200
20130404,7.3000,7.3000,7.3000,7.3000,0
20130405,7.3000,7.3000,7.3000,7.3000,0
20130408,7.3700,7.4200,7.1000,7.1800,15146000
20130409,7.5100,7.5900,7.3400,7.3900,12888100
20130410,7.2600,7.5900,7.2100,7.5100,16535500
20130411,7.9900,7.9900,7.9900,7.9900,16145200
20130412,8.3500,8.5300,7.9700,8.3900,77128704
20130415,9.0600,9.1700,8.3800,8.4000,82945600
20130416,9.0600,9.0600,9.0600,9.0600,0
20130417,9.0600,9.0600,9.0600,9.0600,0
20130418,9.0600,9.0600,9.0600,9.0600,0
20130419,9.0600,9.0600,9.0600,9.0600,0
20130422,9.8000,9.8800,9.0600,9.4400,61909500
20130423,10.3000,10.5000,9.6000,9.8000,52028100
20130424,11.3300,11.3300,10.0300,10.2500,58464900
20130425,10.9000,11.6600,10.7600,11.3900,54274000
20130426,11.8600,11.9800,10.8800,10.8800,68400496
20130429,11.8600,11.8600,11.8600,11.8600,0
20130430,11.8600,11.8600,11.8600,11.8600,0
20130501,11.8600,11.8600,11.8600,11.8600,0
20130502,11.8600,12.0500,11.5100,11.7100,43503400
20130503,12.5100,12.9200,11.6400,11.8200,52376700
20130506,12.8100,13.0600,12.2700,12.3600,38940300
20130507,14.0900,14.0900,12.5300,12.8100,52982700
20130508,14.1500,14.9700,13.7200,14.2600,84101504
20130509,14.1900,14.5000,13.5000,13.9900,58374400
20130510,13.7300,14.0100,13.2800,14.0100,55511500
20130513,13.2900,13.6500,13.1300,13.5200,48448600
20130514,13.0200,13.4500,12.7100,13.2600,50335900
20130515,13.1000,13.2800,12.8300,13.0500,39956300
20130516,14.1500,14.2400,13.0000,13.1300,68126000
20130517,13.9600,14.1400,13.6300,14.0000,40912400
20130520,13.3000,13.9400,12.9500,13.7200,55168200
20130521,13.5700,13.9400,13.0300,13.1900,44065800
20130522,13.9300,14.2800,13.3500,13.3600,47680400
20130523,13.3900,13.8600,13.3500,13.8000,28534100
20130524,13.7200,13.8000,13.3400,13.4500,25557500
20130527,14.3900,14.8900,13.7900,13.7900,50601800
20130528,14.3600,14.6300,13.9200,14.4000,28527700
20130529,15.4600,15.6900,14.3800,14.3800,60800800
20130530,15.4300,15.6900,15.1100,15.2800,37643700
20130531,14.7200,15.6100,14.6800,15.3900,41379300
20130603,14.9600,15.2800,14.3800,14.5000,36024300
20130604,14.6600,14.9600,14.1600,14.9600,32884600
20130605,14.8200,15.2000,14.4000,14.5900,22944800
20130606,15.4400,15.8800,14.7500,14.8500,49343700
20130607,15.4400,15.7800,14.9400,15.5500,30404700
20130610,15.4400,15.4400,15.4400,15.4400,0
20130611,15.4400,15.4400,15.4400,15.4400,0
20130612,15.4400,15.4400,15.4400,15.4400,0
20130613,13.9000,15.0000,13.9000,15.0000,42543100
20130614,13.8600,14.0000,13.2300,13.8300,45645800
20130617,14.1000,14.4300,13.2700,13.6500,40357300
20130618,13.9500,14.3500,13.8400,14.1000,27069700
20130619,14.2700,14.6000,14.2000,14.2000,34465600
20130620,13.3800,14.1300,13.2500,13.9900,27569000
20130621,12.9200,13.2200,12.5800,12.8400,27112500
20130624,12.0000,12.8400,11.7500,12.8400,33301100
20130625,12.6700,12.8800,11.0700,11.7600,43665600
20130626,12.8700,13.1700,12.2700,12.5900,30830900
20130627,12.2800,12.9600,12.2500,12.8900,25814400
20130628,12.3000,12.9100,12.0400,12.1600,21925200
20130701,12.4200,12.6000,11.7200,12.3000,35355000
20130702,12.7500,12.7700,12.0600,12.3200,33529700
20130703,12.4700,12.6500,12.1500,12.6100,29149800
20130704,12.9000,13.2500,11.9900,12.3000,48021800
20130705,12.8000,13.2600,12.7400,12.8700,30497800
20130708,12.2200,12.5800,12.1400,12.3000,21994900
20130709,12.0700,12.3300,11.9600,12.0600,16894400
20130710,12.8100,12.9300,11.9800,12.1000,33271800
20130711,13.3000,13.6500,12.6900,12.7800,41961400
20130712,13.0900,13.6500,13.0300,13.3000,29689200
20130715,13.6500,14.0900,13.5100,13.9300,38158900
20130716,14.0800,14.3000,13.6500,13.6600,27475100
20130717,13.6500,14.0700,13.6000,14.0700,21885300
20130718,13.6800,13.8700,13.3600,13.6500,14472100
20130719,13.0000,13.8200,12.8500,13.7400,20179900
20130722,13.0700,13.2000,12.6000,12.8600,15029300
20130723,13.5200,13.8000,13.0100,13.0700,25847000
20130724,13.4600,13.7200,13.0000,13.5200,18967700
20130725,13.1700,13.5500,13.1300,13.4600,14067600
20130726,12.5700,13.2000,12.4000,13.0900,32364400
20130729,12.0300,12.4500,11.9400,12.3900,25044500
20130730,12.0200,12.1900,11.5000,12.0100,23433900
20130731,11.9400,12.3900,11.8500,12.0100,21116700
20130801,12.2700,12.2900,11.9100,11.9500,20773500
20130802,12.1000,12.4500,12.0400,12.4000,19327900
20130805,12.8500,12.8500,11.9000,12.1000,48349100
20130806,14.1400,14.1400,12.6100,12.6500,96265296
20130807,14.1800,14.7000,14.0300,14.3300,66393700
20130808,13.9200,14.5600,13.7500,14.1900,45988200
20130809,13.9400,14.2500,13.5500,14.0200,32438300
20130812,14.3500,14.4900,13.8100,13.9500,40830300
20130813,14.1500,14.3700,13.9100,14.3100,24467900
20130814,14.7400,15.5000,14.3200,14.3200,78645104
20130815,14.6500,15.0600,14.4700,14.6800,45638600
20130816,14.2600,15.0500,14.2500,14.4500,25294300
20130819,14.6500,14.8300,14.0500,14.1600,17489500
20130820,15.0100,15.2500,14.5000,14.6200,32295500
20130821,14.9000,15.2000,14.7000,15.0200,16522400
20130822,14.8000,15.1500,14.7100,14.8000,16807400
20130823,14.4500,14.9500,14.1200,14.9000,20628500
20130826,14.7500,14.8600,14.2000,14.4500,15972000
20130827,14.5800,14.9000,14.3000,14.6700,17156500
20130828,14.3800,14.6700,14.1900,14.3300,19655500
20130829,14.4000,14.6000,14.2800,14.4100,13504000
20130830,14.0000,14.5400,13.9900,14.4000,17952100
20130902,14.9200,15.1000,13.6800,13.9300,28189400
20130903,15.0300,15.4400,14.8100,14.9400,23665600
20130904,15.0300,15.2100,14.7800,15.1000,12473800
20130905,14.7100,15.0200,14.6900,14.9800,12189400
20130906,15.1300,15.3000,14.4600,14.6000,21631500
20130909,15.3000,15.7000,15.0200,15.1300,24651000
20130910,14.9800,15.2800,14.8500,15.2800,14646000
20130911,15.2200,15.5300,14.9400,14.9800,20851500
20130912,15.0100,15.4200,14.8500,15.3500,11478400
20130913,14.8700,15.3000,14.7900,15.0300,9828400
20130916,14.6000,15.0600,14.5400,14.9900,12976700
20130917,14.4900,14.9400,14.4500,14.6200,11211600
20130918,14.0800,14.6200,13.9000,14.5200,20843800
20130920,14.0800,14.0800,14.0800,14.0800,0
20130923,14.4100,14.6200,14.0500,14.0800,11861200
20130924,14.2500,14.6000,14.1000,14.3400,10614900
20130925,13.6700,14.4000,13.3000,14.1700,28370700
20130926,13.2100,13.6400,13.0700,13.6300,19795600
20130927,13.2700,13.5500,13.2300,13.2300,10459100
20130930,13.2700,13.5800,13.1500,13.3100,9754000
20131001,13.2700,13.2700,13.2700,13.2700,0
20131002,13.2700,13.2700,13.2700,13.2700,0
20131003,13.2700,13.2700,13.2700,13.2700,0
20131004,13.2700,13.2700,13.2700,13.2700,0
20131007,13.2700,13.2700,13.2700,13.2700,0
20131008,13.2300,13.3700,13.0000,13.3500,21761700
20131009,14.1900,14.1900,13.2500,13.2500,38566200
20131010,13.8500,14.1500,13.7600,14.1300,20884500
20131011,14.4100,14.7900,13.8800,13.9700,33316800
20131014,14.7700,15.1200,13.5900,14.2500,64336500
20131015,14.7000,15.2000,14.4700,14.5000,21692800
20131016,14.5600,15.0300,14.2100,14.5400,18106500
20131017,14.2900,14.7700,14.2800,14.5600,12304900
20131018,14.5500,14.6900,14.1700,14.2200,19898600
20131021,14.9800,15.1500,14.2600,14.7000,31870300
20131022,14.7800,15.1500,14.6500,14.8500,25817900
20131023,14.4800,15.0900,14.3500,14.7700,21741100
20131024,15.1700,15.3500,14.3000,14.3600,35902500
20131025,14.7000,15.4500,14.6200,15.2100,23945400
20131028,13.8000,14.7800,13.7000,14.7000,25498500
20131029,13.3600,13.9700,12.4200,13.8400,35827200
20131030,13.5900,13.7000,13.0300,13.1700,21060900
20131031,13.2600,13.6500,13.1200,13.5700,9074800
20131101,13.2900,13.4500,13.1800,13.4300,10016100
20131104,13.5200,13.7000,13.2600,13.5700,15712200
20131105,13.5700,13.6600,13.1200,13.3800,11552800
20131106,13.3000,13.7000,13.2400,13.5700,9255700
20131107,12.6900,13.3700,12.5800,13.3500,25285000
20131108,12.1600,12.7900,12.0900,12.6200,14138100
20131111,12.5700,12.6300,12.0800,12.1500,11661700
20131112,12.6300,12.6800,12.3400,12.6000,7465900
20131113,12.1400,12.6000,12.1100,12.6000,11987400
20131114,12.8200,12.9600,11.9000,12.3200,19005700
20131115,13.2000,13.5400,12.7200,12.7200,23723500
20131118,13.4600,13.5900,13.1000,13.3600,16015200
20131119,13.2400,13.5200,13.1200,13.4500,11429200
20131120,13.3400,13.4500,13.2100,13.3300,6302700
20131121,13.1500,13.3300,13.0300,13.3300,8231600
20131122,13.0700,13.1500,12.9100,13.1500,8767900
20131125,12.7300,13.1700,12.6900,12.9000,15208600
20131126,12.2900,12.6400,12.1500,12.6400,25808700
20131127,12.4000,12.4700,12.1200,12.2600,17732300
20131128,12.5100,12.8400,12.3500,12.3800,20124100
20131129,12.3900,12.6900,12.2500,12.5300,18441400
20131202,11.6000,12.4200,11.5800,12.1700,26684800
20131203,11.9900,12.1500,11.6100,11.6100,14742100
20131204,12.4000,12.5500,11.9100,11.9100,21497000
20131205,12.7900,13.0000,12.3600,12.4000,29133600
20131206,13.0100,13.0600,12.7000,12.7700,28017900
20131209,13.2000,13.5500,13.0100,13.0100,20421700
20131210,12.9100,13.2900,12.8900,13.2100,9575900
20131211,12.8600,13.1800,12.6900,12.7500,8471800
20131212,12.8700,13.1200,12.7600,12.7600,6463300
20131213,12.8100,12.9800,12.6800,12.7000,5384100
20131216,12.2400,12.7900,12.1300,12.7200,16440300
20131217,12.1400,12.2300,11.9500,12.1000,7693900
20131218,12.0000,12.2500,11.8700,12.1200,9003200
20131219,11.9000,12.1900,11.8200,12.0300,8158200
20131220,11.8700,12.0300,11.7600,12.0300,7843000
20131223,11.7000,11.9300,11.6900,11.8700,8664700
20131224,11.8300,12.1000,11.7500,11.8000,11533200
20131225,11.9500,11.9900,11.8000,11.8300,6653700
20131226,11.6900,11.9800,11.5800,11.9800,9051800
20131227,11.9800,12.0300,11.5000,11.6900,17260300
20131230,11.9800,12.0900,11.9000,12.0000,7725600
20131231,11.9000,12.0100,11.6800,11.9000,6388900
20140101,11.9000,11.9000,11.9000,11.9000,0
20140102,11.7900,11.9000,11.6800,11.8800,9766300
20140103,11.6600,11.8200,11.5900,11.7300,9201700
20140106,10.9500,11.6000,10.8500,11.6000,22893800
20140107,10.6700,10.9700,10.5200,10.9700,18221200
20140108,10.3600,10.7500,10.2500,10.6900,21429200
20140109,10.5200,10.7300,10.2700,10.3000,20246600
20140110,10.3300,10.5100,10.2600,10.5100,8299400
20140113,9.8500,10.4100,9.6800,10.3700,19166800
20140114,10.3500,10.5900,10.1200,10.2500,30233000
20140115,10.2600,10.3600,9.8600,10.1900,50885700
20140116,10.0900,10.1900,9.8600,10.0300,28439100
20140117,9.6600,9.9800,9.6500,9.9700,24790400
20140120,9.6000,9.6400,9.3600,9.6300,16393800
20140121,9.9100,9.9200,9.5600,9.6100,21466600
20140122,10.2400,10.3500,10.0100,10.0300,26364800
20140123,10.2400,10.5000,10.1500,10.3000,19921200
20140124,10.3900,10.4200,10.1600,10.2000,17754800
20140127,10.2300,10.3700,10.1900,10.3700,11769200
20140128,10.0900,10.3100,10.0400,10.3100,12774000
20140129,10.0800,10.1900,10.0500,10.1500,8361500
20140130,9.9300,10.1500,9.9200,10.1000,9337100
20140131,9.9300,9.9300,9.9300,9.9300,0
20140203,9.9300,9.9300,9.9300,9.9300,0
20140205,9.9300,9.9300,9.9300,9.9300,0
20140206,9.9300,9.9300,9.9300,9.9300,0
20140207,9.8800,9.9200,9.7400,9.8500,14784500
20140210,10.8700,10.8700,10.0700,10.0700,39796700
20140211,11.1100,11.5600,11.0200,11.2000,68621104
20140212,11.2800,11.4400,10.9300,11.0000,28086400
20140213,11.6100,11.8500,11.1700,11.2800,40099700
20140214,11.4500,11.7200,11.3000,11.4600,23455600
20140217,11.5200,11.6400,11.3200,11.5000,29242100
20140218,11.2200,11.4300,11.2000,11.4300,26021800
20140219,11.2500,11.3500,11.1500,11.2200,22100700
20140220,11.0700,11.3500,10.9500,11.2700,19656100
20140221,11.4100,11.4300,10.9300,11.0100,29355600
20140224,11.0400,11.3100,11.0000,11.2000,20346800
20140225,10.2300,11.1700,10.1200,11.0600,32310400
