20130226,4.1050,4.1950,4.1000,4.1650,5197900
20130227,4.1450,4.1700,4.0900,4.1100,4740700
20130228,4.2700,4.2700,4.1250,4.1500,5469000
20130301,4.2800,4.3150,4.1800,4.2250,11471000
20130304,4.1200,4.2650,4.1000,4.2300,12373700
20130305,4.2100,4.2200,4.1150,4.1250,6885300
20130306,4.2750,4.2850,4.1900,4.2100,14304600
20130307,4.2850,4.3350,4.2300,4.2550,13068400
20130308,4.2100,4.3100,4.2000,4.2800,8082400
20130311,4.1900,4.2300,4.1650,4.2150,4027300
20130312,4.0950,4.2500,4.0550,4.2150,8388200
20130313,4.0400,4.1000,4.0150,4.1000,3960700
20130314,4.0700,4.1250,4.0450,4.0500,3100400
20130315,4.1850,4.2050,4.0500,4.0800,6250800
20130318,4.1700,4.2250,4.1550,4.2050,4371600
20130319,4.2600,4.2600,4.1650,4.1700,6411200
20130320,4.3500,4.3800,4.2000,4.2500,10506600
20130321,4.3200,4.3700,4.2900,4.3500,8658100
20130322,4.3850,4.4450,4.3350,4.3350,11243100
20130325,4.3100,4.4050,4.2900,4.4000,13277700
20130326,4.5600,4.5800,4.2850,4.3000,20378500
20130327,4.5550,4.6200,4.4650,4.5150,14328300
20130328,4.6500,4.9400,4.5650,4.7150,44720200
20130329,4.4350,4.6200,4.4250,4.5800,32021100
20130401,4.4650,4.5250,4.4050,4.4100,12560000
20130402,4.3650,4.5050,4.3450,4.4500,12801500
20130403,4.4350,4.4500,4.3300,4.3750,13739400
20130404,4.4350,4.4350,4.4350,4.4350,0
20130405,4.4350,4.4350,4.4350,4.4350,0
20130408,4.3950,4.4000,4.2850,4.3500,10124900
20130409,4.6000,4.6750,4.3700,4.3850,18145900
20130410,4.6300,4.6500,4.5500,4.5800,11012500
20130411,4.4750,4.6250,4.4600,4.6000,14988900
20130412,4.6750,4.7250,4.4600,4.4850,19635200
20130415,4.6350,4.7000,4.5600,4.6100,10685800
20130416,4.6500,4.6850,4.5400,4.5700,9325000
20130417,4.6950,4.7350,4.6200,4.6500,14775300
20130418,4.6400,4.7000,4.5950,4.6500,13105300
20130419,4.7700,4.8050,4.6250,4.6250,23533300
20130422,4.8650,4.9300,4.7100,4.7100,20716700
20130423,4.7050,4.9800,4.6850,4.9200,22823000
20130424,4.8400,4.8400,4.6400,4.7400,15492900
20130425,4.7650,5.0750,4.7500,4.8300,28559500
20130426,4.5350,4.8250,4.5200,4.8150,20991000
20130429,4.5350,4.5350,4.5350,4.5350,0
20130430,4.5350,4.5350,4.5350,4.5350,0
20130501,4.5350,4.5350,4.5350,4.5350,0
20130502,4.5450,4.5850,4.4750,4.5400,9252100
20130503,4.6350,4.6500,4.5350,4.5550,9562200
20130506,4.6550,4.6650,4.5850,4.6250,10246300
20130507,4.6250,4.6400,4.5900,4.6150,6888500
20130508,4.4800,4.6150,4.4400,4.6000,20037100
20130509,4.5200,4.5250,4.4300,4.4650,10286800
20130510,4.6600,4.6650,4.4850,4.4950,15972400
20130513,4.6500,4.6700,4.6000,4.6500,10625300
20130514,4.6950,4.7600,4.6250,4.6450,16217100
20130515,4.7150,4.8000,4.6800,4.7650,12634700
20130516,4.8000,4.8150,4.6900,4.7150,13656000
20130517,4.8600,4.9300,4.7650,4.7950,18435900
20130520,4.9600,5.0250,4.8600,4.9050,25230300
20130521,4.9000,5.0100,4.7900,4.9600,21585900
20130522,4.8500,4.9700,4.8200,4.8700,14630500
20130523,4.8300,4.8900,4.7800,4.8500,12177900
20130524,4.8300,4.8500,4.7500,4.8300,10100200
20130527,4.9800,4.9900,4.8000,4.8300,17974600
20130528,5.0100,5.0200,4.8900,4.9700,14436400
20130529,5.0100,5.0800,4.9700,4.9700,14909700
20130530,4.9800,5.0500,4.9400,5.0100,9563800
20130531,4.9200,5.0200,4.9200,5.0000,8778400
20130603,4.9800,5.0900,4.9600,5.0000,9532800
20130604,4.8300,4.9700,4.8000,4.9700,9678900
20130605,4.8300,4.8600,4.8000,4.8400,4739100
20130606,4.7800,4.8200,4.7600,4.8200,4779900
20130607,4.7000,4.8200,4.6600,4.7800,5296400
20130610,4.7000,4.7000,4.7000,4.7000,0
20130611,4.7000,4.7000,4.7000,4.7000,0
20130612,4.7000,4.7000,4.7000,4.7000,0
20130613,4.5700,4.6600,4.4600,4.6600,4955700
20130614,4.6300,4.6800,4.5700,4.6000,5475000
20130617,4.6300,4.6800,4.5000,4.6300,5190800
20130618,4.6400,4.6700,4.5700,4.6500,3586900
20130619,4.5700,4.6300,4.4800,4.6200,4604800
20130620,4.4200,4.5500,4.4200,4.5400,3763600
20130621,4.3600,4.3800,4.2500,4.3600,4439800
20130624,4.0000,4.3800,3.9200,4.3400,6061500
20130625,3.9100,4.0200,3.6300,3.9300,8926200
20130626,4.0000,4.0400,3.8800,3.9000,5778200
20130627,3.8900,4.0200,3.8600,4.0200,5089400
20130628,3.9700,4.0500,3.7800,3.9100,4969600
20130701,4.1100,4.1300,3.9500,3.9700,5524500
20130702,4.3000,4.3400,4.1300,4.1300,7241100
20130703,4.4000,4.4100,4.2700,4.3800,9997700
20130704,4.4600,4.5700,4.3400,4.3600,8228700
20130705,4.6000,4.6800,4.4500,4.4500,7447600
20130708,4.3200,4.5600,4.3100,4.5600,7004500
20130709,4.2000,4.3800,4.1400,4.3100,7496700
20130710,4.3500,4.3800,4.1400,4.2000,4508100
20130711,4.4900,4.5800,4.3200,4.3500,6863400
20130712,4.4200,4.5200,4.4000,4.4900,5797800
20130715,4.5200,4.5500,4.3900,4.4200,3830600
20130716,4.5100,4.5400,4.4200,4.5100,3234700
20130717,4.5000,4.5700,4.4600,4.4900,5368000
20130718,4.4200,4.4900,4.4100,4.4900,2447100
20130719,4.2600,4.4700,4.2500,4.4200,3042400
20130722,4.2900,4.3500,4.1500,4.1500,1779000
20130723,4.4700,4.4900,4.3000,4.3000,4883000
20130724,4.6600,4.7100,4.4600,4.5100,12013600
20130725,4.5600,4.7500,4.5200,4.6300,7721100
20130726,4.5000,4.5600,4.3100,4.5300,5742900
20130729,4.4400,4.5100,4.3800,4.5100,2099700
20130730,4.4300,4.5500,4.4000,4.4500,4473500
20130731,4.4400,4.5100,4.4000,4.4100,2583500
20130801,4.6000,4.6500,4.4300,4.4300,4773100
20130802,4.6600,4.7100,4.5700,4.6500,10464000
20130805,4.8100,4.8600,4.6400,4.6400,12207700
20130806,4.8500,4.9200,4.7500,4.7900,9869000
20130807,4.7400,4.8600,4.7100,4.8600,6272100
20130808,4.7600,4.8100,4.6800,4.7400,4209300
20130809,4.7900,4.8300,4.6800,4.8000,5035800
20130812,4.8100,4.8100,4.7200,4.7900,7158900
20130813,4.8100,4.8100,4.7500,4.8100,5282300
20130814,4.8300,4.8400,4.7600,4.8000,6808400
20130815,4.8400,4.9700,4.8000,4.8100,9588900
20130816,4.7100,4.8700,4.7000,4.8000,6655000
20130819,4.8200,4.8400,4.7000,4.7100,4076700
20130820,4.7500,4.8800,4.7200,4.8000,6456100
20130821,4.8800,4.8800,4.7200,4.7500,6584400
20130822,4.8200,4.9200,4.8000,4.8500,5600500
20130823,4.7800,4.8600,4.7200,4.8400,6497900
20130826,4.8300,4.8500,4.7000,4.8000,8379000
20130827,5.1700,5.2400,4.7900,4.8100,24754600
20130828,5.0200,5.1300,5.0100,5.1200,14665200
20130829,5.2500,5.3400,5.0500,5.0500,17553100
20130830,5.4800,5.5500,5.1600,5.1900,19640600
20130902,6.0300,6.0300,5.4200,5.5000,39018300
20130903,6.2000,6.3200,5.8400,6.0000,34471500
20130904,6.0500,6.3400,6.0000,6.1200,26141300
20130905,6.1100,6.2700,5.9700,6.0500,17048500
20130906,6.1000,6.1900,5.9800,6.1000,16963100
20130909,6.0800,6.1200,5.8800,6.1000,17490100
20130910,6.5300,6.6400,5.9700,6.0700,34628200
20130911,6.4200,6.5400,6.1800,6.4400,18685600
20130912,6.4300,6.4900,6.3400,6.3800,10570700
20130913,6.5500,6.5800,6.2800,6.4500,15267000
20130916,6.8400,6.9700,6.5600,6.5600,20990000
20130917,6.3800,6.8700,6.3700,6.8500,18944900
20130918,6.5000,6.6000,6.1200,6.3100,15724400
20130920,6.5000,6.5000,6.5000,6.5000,0
20130923,6.4600,6.5700,6.2600,6.5000,12448700
20130924,6.3400,6.4800,6.3000,6.4500,9035100
20130925,6.2100,6.3600,6.1500,6.3100,16123400
20130926,6.6000,6.6000,6.1700,6.2200,26243800
20130927,6.2600,6.6200,6.2500,6.6000,17509600
20130930,6.0600,6.2600,5.9300,6.2500,12857000
20131001,6.0600,6.0600,6.0600,6.0600,0
20131002,6.0600,6.0600,6.0600,6.0600,0
20131003,6.0600,6.0600,6.0600,6.0600,0
20131004,6.0600,6.0600,6.0600,6.0600,0
20131007,6.0600,6.0600,6.0600,6.0600,0
20131008,5.9800,6.0800,5.7500,6.0700,11175100
20131009,6.0800,6.1500,5.8600,5.9300,8166800
20131010,5.8200,6.0600,5.7800,6.0600,9767400
20131011,5.8400,5.9100,5.8000,5.8200,5998100
20131014,6.0000,6.1200,5.7800,5.8100,9981600
20131015,6.1300,6.2300,5.9500,6.0100,9098200
20131016,6.1100,6.3700,6.1000,6.1300,10229600
20131017,5.9300,6.2300,5.8800,6.1900,7444800
20131018,5.9500,6.0700,5.8900,5.9300,4318600
20131021,6.0700,6.0700,5.9200,5.9600,6233600
20131022,6.1200,6.1400,5.9900,6.0300,6299800
20131023,5.9400,6.1700,5.9100,6.1200,5739000
20131024,6.0500,6.2300,5.9000,5.9400,7128300
20131025,5.8900,6.2100,5.7600,6.0100,6898800
20131028,5.8300,5.9400,5.6000,5.9400,4855100
20131029,5.7200,5.9000,5.4300,5.8300,4946700
20131030,5.8400,5.8500,5.5200,5.7000,3412100
20131031,6.1600,6.1800,5.6800,5.6800,10666300
20131101,6.1100,6.3200,6.0000,6.1600,6404300
20131104,6.1900,6.2700,6.1200,6.1200,4382100
20131105,6.2000,6.2400,6.0900,6.2000,2543100
20131106,6.2500,6.8100,6.2000,6.8100,11680000
20131107,6.0300,6.1300,5.9800,5.9900,5373200
20131108,5.9600,6.0600,5.8900,6.0000,3040100
20131111,5.8900,5.9800,5.8700,5.9300,2860500
20131112,5.9700,6.0800,5.8400,5.8400,2463700
20131113,5.8800,6.0100,5.8700,5.9500,2008100
20131114,5.8600,5.9500,5.7600,5.8500,2367900
20131115,5.8300,5.9800,5.8100,5.9100,4926800
20131118,5.9600,6.0000,5.7600,5.7600,5069800
20131119,6.1900,6.2000,5.9600,5.9600,8334700
20131120,6.3500,6.3800,6.1000,6.1900,6959800
20131121,6.2000,6.2700,6.1700,6.2500,5242200
20131122,6.1800,6.2800,6.1700,6.2000,3202700
20131125,6.2500,6.3300,6.1000,6.1500,4334500
20131126,6.2400,6.3100,6.2100,6.2100,2641100
20131127,6.2400,6.3500,6.2200,6.2200,4267200
20131128,6.3500,6.4200,6.2500,6.2500,6080300
20131129,6.3000,6.4000,6.2800,6.3600,5623300
20131202,5.8700,6.2800,5.8000,6.2800,8681700
20131203,5.9400,5.9600,5.8200,5.8200,4768200
20131204,6.2200,6.2600,5.8900,5.9800,6819800
20131205,6.2900,6.3400,6.1800,6.2300,8032100
20131206,6.2900,6.2900,6.2900,6.2900,0
20131209,6.2900,6.2900,6.2900,6.2900,0
20131210,6.2900,6.2900,6.2900,6.2900,0
20131211,6.2900,6.2900,6.2900,6.2900,0
20131212,6.2900,6.2900,6.2900,6.2900,0
20131213,6.2900,6.2900,6.2900,6.2900,0
20131216,6.2900,6.2900,6.2900,6.2900,0
20131217,6.2900,6.2900,6.2900,6.2900,0
20131218,6.9200,6.9200,6.9200,6.9200,3628800
20131219,7.6100,7.6100,7.4600,7.6100,37350500
20131220,7.0400,7.5800,6.9300,7.5800,51769400
20131223,6.4700,7.1100,6.4700,6.8600,28025900
20131224,6.4900,6.6200,6.3500,6.4200,22266800
20131225,6.5500,6.6500,6.3500,6.4000,16519400
20131226,6.2600,6.5500,6.2500,6.5500,11777700
20131227,6.3800,6.4800,6.2600,6.2800,12558200
20131230,6.3700,6.5400,6.3500,6.4000,11310100
20131231,6.4100,6.4900,6.2600,6.3200,9588900
20140101,6.4100,6.4100,6.4100,6.4100,0
20140102,6.5700,6.7200,6.4200,6.4500,15676000
20140103,6.8200,6.9400,6.4700,6.5200,19268100
20140106,6.3300,6.6800,6.3000,6.5800,19162400
20140107,6.2700,6.4300,6.1000,6.2000,9679500
20140108,6.3400,6.4200,6.1500,6.2300,10975000
20140109,6.0000,6.4000,6.0000,6.3000,10869400
20140110,5.8700,6.0200,5.8100,5.9800,9453800
20140113,5.9300,6.0000,5.8400,5.8800,5830600
20140114,6.1700,6.2400,5.9000,5.9700,9018600
20140115,6.2200,6.2300,6.0700,6.1700,5847500
20140116,6.3600,6.5300,6.2200,6.2200,10826000
20140117,6.3700,6.4500,6.2700,6.3700,6091300
20140120,6.2800,6.4200,6.2500,6.3300,6058700
20140121,6.5200,6.5700,6.2900,6.3300,9386200
20140122,6.6600,6.7300,6.4800,6.5500,11288000
20140123,7.3300,7.3300,6.6300,6.6600,20599400
20140124,8.0600,8.0600,7.4500,7.6000,35652300
20140127,8.0600,8.0600,8.0600,8.0600,0
20140128,8.0600,8.0600,8.0600,8.0600,0
20140129,8.0600,8.0600,8.0600,8.0600,0
20140130,8.0600,8.0600,8.0600,8.0600,0
20140131,8.0600,8.0600,8.0600,8.0600,0
20140203,8.0600,8.0600,8.0600,8.0600,0
20140205,8.0600,8.0600,8.0600,8.0600,0
20140206,8.0600,8.0600,8.0600,8.0600,0
20140207,8.0600,8.0600,8.0600,8.0600,0
20140210,8.2900,8.5500,7.7200,8.5500,66355500
20140211,8.4300,8.9800,8.1500,8.2100,51758900
20140212,8.7000,8.7900,8.1800,8.4000,38061500
20140213,8.4800,9.2900,8.4500,8.7500,35660700
20140214,9.3300,9.3300,8.4100,8.4100,43016800
20140217,9.4500,9.6500,9.1100,9.2900,36869300
20140218,9.7900,10.3500,9.2500,9.3200,32515500
20140219,9.8500,10.2000,9.5000,9.7800,26770100
20140220,9.3200,9.9000,9.3000,9.7300,22935100
20140221,9.4300,9.6200,9.2300,9.4000,17232300
20140224,9.4300,9.5500,9.1600,9.3700,16740700
20140225,8.8100,9.7500,8.6000,9.3800,26486500
