20130226,8.0600,8.2100,8.0500,8.0700,623900
20130227,8.0500,8.1900,8.0000,8.1200,469300
20130228,8.2000,8.2600,8.0600,8.1100,933900
20130301,8.1300,8.2600,8.1200,8.2100,749700
20130304,7.7200,7.9900,7.7200,7.8500,1963600
20130305,7.6000,7.6700,7.3300,7.6700,1908100
20130306,7.6300,7.7900,7.5000,7.6000,803300
20130307,7.6400,7.7000,7.6000,7.6100,548400
20130308,7.7500,7.7900,7.6600,7.6600,547700
20130311,7.7100,7.8000,7.6100,7.7700,436700
20130312,7.3700,7.7500,7.3200,7.7200,1200900
20130313,7.4100,7.5000,7.3700,7.3700,427400
20130314,7.5800,7.6300,7.3700,7.3800,618100
20130315,7.6100,7.6500,7.4500,7.5800,541000
20130318,7.4400,7.6300,7.3800,7.5200,599900
20130319,7.6300,7.6500,7.4400,7.4400,412800
20130320,7.8400,7.9300,7.6500,7.6900,1042600
20130321,7.8400,7.9400,7.8000,7.9400,401300
20130322,7.9100,7.9700,7.8000,7.8700,446400
20130325,7.9100,8.0200,7.8400,7.9300,1059400
20130326,7.7100,7.9200,7.6500,7.8600,1337700
20130327,8.1000,8.1000,7.6800,7.6800,1858700
20130328,8.1400,8.3000,7.9800,8.1200,2447600
20130329,8.1400,8.1900,8.0100,8.0500,1768800
20130401,8.1800,8.4000,8.1200,8.1200,1630500
20130402,8.1800,8.2800,8.1300,8.2000,1338500
20130403,7.8600,8.2400,7.8300,8.1700,1598100
20130404,7.8600,7.8600,7.8600,7.8600,0
20130405,7.8600,7.8600,7.8600,7.8600,0
20130408,7.6300,7.8000,7.4900,7.8000,1269000
20130409,7.8500,7.9700,7.6100,7.6100,615300
20130410,7.8300,7.9400,7.7600,7.8300,657200
20130411,7.8600,7.8600,7.8000,7.8300,374800
20130412,7.7800,7.8400,7.7200,7.8000,720900
20130415,7.6700,7.8200,7.6000,7.6700,651700
20130416,7.7000,7.7800,7.5200,7.5200,595000
20130417,7.7000,7.7000,7.7000,7.7000,0
20130418,8.0900,8.3800,7.9400,7.9500,5838600
20130419,8.0900,8.1500,7.8500,7.9300,4086800
20130422,7.9300,8.0300,7.7900,7.9900,2130400
20130423,7.5600,7.9300,7.5200,7.9300,1812600
20130424,7.4900,7.5600,7.2600,7.4600,1188700
20130425,7.1400,7.4500,7.1300,7.3800,1754100
20130426,7.3200,7.4500,7.1300,7.1600,853200
20130429,7.3200,7.3200,7.3200,7.3200,0
20130430,7.3200,7.3200,7.3200,7.3200,0
20130501,7.3200,7.3200,7.3200,7.3200,0
20130502,7.3700,7.5000,7.2100,7.2600,666600
20130503,7.3500,7.4500,7.3200,7.3200,740900
20130506,7.3400,7.4200,7.2700,7.3500,955300
20130507,7.3000,7.3800,7.2500,7.3100,630400
20130508,7.2100,7.3900,7.1600,7.2600,837900
20130509,7.1200,7.2300,7.0800,7.2000,893000
20130510,7.2800,7.2900,7.0600,7.0900,891100
20130513,7.2300,7.2700,7.1500,7.2100,523900
20130514,7.2400,7.2600,7.1100,7.2200,635000
20130515,7.2500,7.2800,7.2000,7.2600,431600
20130516,7.3700,7.4300,7.2200,7.2800,1028600
20130517,7.4600,7.5700,7.3300,7.3300,825000
20130520,7.5900,7.7000,7.4600,7.5500,967900
20130521,7.5200,7.6300,7.4600,7.6200,789800
20130522,7.4800,7.6300,7.4700,7.5500,706600
20130523,7.4500,7.4800,7.3000,7.4500,779900
20130524,7.5000,7.5200,7.3800,7.4700,380600
20130527,7.5300,7.6600,7.4600,7.5100,635400
20130528,7.6100,7.6100,7.4600,7.4900,686400
20130529,7.8600,8.2800,7.6000,7.6800,2734800
20130530,7.8800,7.9000,7.7400,7.8400,1109700
20130531,7.8600,7.9900,7.8200,7.8800,928100
20130603,7.8000,7.9900,7.7500,7.8600,548400
20130604,7.7000,7.8500,7.7000,7.8000,958900
20130605,7.8600,7.9100,7.6500,7.6700,613000
20130606,7.6500,7.8800,7.6500,7.8800,471700
20130607,7.5700,7.7100,7.5500,7.6300,407300
20130610,7.5700,7.5700,7.5700,7.5700,0
20130611,7.5700,7.5700,7.5700,7.5700,0
20130612,7.5700,7.5700,7.5700,7.5700,0
20130613,7.2200,7.5500,7.1500,7.4200,816100
20130614,7.3200,7.3700,7.2000,7.2500,373400
20130617,7.3000,7.3200,7.2200,7.3200,243700
20130618,7.4100,7.4400,7.2600,7.2600,274500
20130619,7.3400,7.3600,7.2500,7.3600,229800
20130620,7.2000,7.4400,6.6200,7.3700,404900
20130621,7.2300,7.2500,7.0400,7.0600,330100
20130624,6.6000,7.2300,6.5200,7.2300,1086300
20130625,6.5100,6.6300,6.0100,6.6000,1017800
20130626,6.4200,6.5900,6.3600,6.5900,662600
20130627,6.2000,6.5000,6.1800,6.3500,812100
20130628,6.2300,6.5300,6.1000,6.2000,708000
20130701,6.3200,6.3300,6.1800,6.1800,251800
20130702,6.3900,6.4400,6.2000,6.3600,390900
20130703,6.3000,6.4000,6.2300,6.3600,545100
20130704,6.3600,6.4300,6.1300,6.2600,660300
20130705,6.4100,6.5000,6.3500,6.4500,669900
20130708,6.0200,6.3800,6.0000,6.3700,660100
20130709,6.0800,6.1500,5.9800,6.1500,725900
20130710,6.1900,6.2300,6.0400,6.1000,373100
20130711,6.3800,6.4700,6.1600,6.2700,464800
20130712,6.5400,6.8600,6.3100,6.3100,634000
20130715,6.5800,6.6800,6.4800,6.5400,258100
20130716,6.5800,6.6800,6.5100,6.5100,245000
20130717,6.5900,6.6700,6.4500,6.5300,546000
20130718,6.4300,6.5900,6.3700,6.5900,401100
20130719,6.3500,6.5200,6.3000,6.4800,231200
20130722,6.3400,6.4300,6.2100,6.3500,224600
20130723,6.4800,6.5200,6.3100,6.3100,273700
20130724,6.4800,6.5100,6.4100,6.4300,200700
20130725,6.4300,6.5500,6.4100,6.5100,455400
20130726,6.4500,6.5500,6.4200,6.4400,293000
20130729,6.4600,6.6600,6.3300,6.4400,482600
20130730,6.4700,6.5400,6.0000,6.5200,304000
20130731,6.5400,6.6400,6.4800,6.5000,484900
20130801,6.6700,6.8900,6.4900,6.4900,824200
20130802,6.8100,6.8300,6.6500,6.6600,822000
20130805,6.8400,6.8500,6.7300,6.7700,546200
20130806,7.0900,7.1900,6.7800,6.9500,1899300
20130807,7.1200,7.2900,7.0400,7.1100,704000
20130808,7.3400,7.7900,7.0800,7.1200,1337900
20130809,7.6100,7.7500,7.3000,7.3000,1750000
20130812,7.6100,7.6100,7.6100,7.6100,0
20130813,7.6100,7.6100,7.6100,7.6100,0
20130814,7.6100,7.6100,7.6100,7.6100,0
20130815,7.6100,7.6100,7.6100,7.6100,0
20130816,7.6100,7.6100,7.6100,7.6100,0
20130819,7.6100,7.6100,7.6100,7.6100,0
20130820,7.6100,7.6100,7.6100,7.6100,0
20130821,7.6100,7.6100,7.6100,7.6100,0
20130822,7.6100,7.6100,7.6100,7.6100,0
20130823,7.6100,7.6100,7.6100,7.6100,0
20130826,7.5800,8.2000,7.3000,8.2000,4121200
20130827,7.3400,7.5400,7.2200,7.4800,2371100
20130828,7.3400,7.3400,7.3400,7.3400,0
20130829,7.2900,7.4700,7.1100,7.3800,1249500
20130830,7.3200,7.7800,7.2900,7.4000,2242000
20130902,7.1900,7.2900,7.0700,7.2800,1591400
20130903,7.2400,7.3000,7.1100,7.1800,804100
20130904,7.2200,7.2800,7.1500,7.2300,520300
20130905,7.2500,7.3600,7.2200,7.3200,670000
20130906,7.2300,7.2700,7.1500,7.1600,663300
20130909,7.3400,7.4500,7.1800,7.2800,1450700
20130910,7.4100,7.4500,7.3000,7.3300,675300
20130911,7.3700,7.4500,7.2500,7.4500,1056300
20130912,7.4200,7.5500,7.3300,7.3700,841100
20130913,7.4200,7.4900,7.3200,7.3600,476100
20130916,7.3500,7.4900,7.3200,7.4900,340600
20130917,7.2100,7.4700,7.1900,7.3000,449700
20130918,7.2300,7.3500,7.1500,7.2600,666100
20130920,7.2300,7.2300,7.2300,7.2300,0
20130923,7.2500,7.2900,7.1800,7.2300,699800
20130924,7.1200,7.3300,7.1000,7.3300,625400
20130925,6.9300,7.1600,6.9200,7.1200,983500
20130926,6.7600,6.9200,6.7500,6.8600,1224200
20130927,6.7900,6.8200,6.7500,6.7700,273000
20130930,6.8000,6.8800,6.7100,6.8800,415700
20131001,6.8000,6.8000,6.8000,6.8000,0
20131002,6.8000,6.8000,6.8000,6.8000,0
20131003,6.8000,6.8000,6.8000,6.8000,0
20131004,6.8000,6.8000,6.8000,6.8000,0
20131007,6.8000,6.8000,6.8000,6.8000,0
20131008,6.9300,6.9700,6.8000,6.8700,672100
20131009,6.9100,6.9700,6.8900,6.9500,631700
20131010,6.8300,6.9400,6.8000,6.8900,725100
20131011,7.0200,7.0600,6.8000,6.8000,1098200
20131014,7.1100,7.1100,6.8900,7.0200,1301200
20131015,7.2000,7.2500,7.0700,7.2500,757300
20131016,7.5400,7.8800,7.3200,7.3200,5534200
20131017,7.1000,7.5500,7.0300,7.3300,3113700
20131018,7.1000,7.1100,6.9700,7.0600,725600
20131021,7.1700,7.1900,7.0100,7.1200,1177000
20131022,7.1600,7.1900,7.0900,7.1600,784400
20131023,7.2600,7.4500,7.0500,7.1000,1412100
20131024,7.1300,7.2400,7.1000,7.2000,673200
20131025,6.9800,7.2500,6.9000,7.2000,731500
20131028,6.8900,7.0300,6.8400,6.9800,381100
20131029,6.6000,6.9300,6.4300,6.9200,733900
20131030,6.6800,6.7600,6.5500,6.6000,382800
20131031,6.8300,6.8300,6.6800,6.6800,334900
20131101,6.7000,6.8400,6.6000,6.7700,455800
20131104,6.7700,6.7800,6.6400,6.6400,315400
20131105,6.7500,6.7500,6.6300,6.7000,636100
20131106,6.7000,6.7700,6.6500,6.6700,389100
20131107,6.6300,6.7300,6.5200,6.6700,426600
20131108,6.5200,6.6400,6.4500,6.5700,203000
20131111,6.6400,6.6400,6.4000,6.5200,328300
20131112,6.6300,6.6800,6.5500,6.5500,333300
20131113,6.6400,6.7400,6.5800,6.6200,412000
20131114,6.7900,6.8000,6.6300,6.7800,359400
20131115,6.8100,6.8700,6.7300,6.8000,542200
20131118,6.8700,6.8700,6.7900,6.7900,395000
20131119,6.8800,6.9200,6.7500,6.9200,292600
20131120,6.9200,6.9200,6.7600,6.8800,332800
20131121,6.8700,6.9900,6.7800,6.9000,382900
20131122,6.8300,6.9200,6.6200,6.8100,304400
20131125,6.8100,6.8700,6.7200,6.8700,233700
20131126,6.8700,6.9800,6.7800,6.9800,728900
20131127,6.8800,6.9000,6.7800,6.8700,1574600
20131128,6.9600,7.0700,6.8300,6.8300,1148600
20131129,6.8800,7.0900,6.8600,6.9600,1349700
20131202,6.5000,6.8200,6.4000,6.7700,717800
20131203,6.6400,6.6500,5.8600,6.5000,472700
20131204,6.7100,6.7800,6.5500,6.6400,490600
20131205,6.6900,6.7300,6.6200,6.6800,321000
20131206,6.6100,6.7700,6.5900,6.6900,453400
20131209,6.5900,6.6200,6.5300,6.5900,409400
20131210,6.6600,6.6700,6.5900,6.5900,376200
20131211,6.6600,6.7100,6.6100,6.6100,490800
20131212,6.6700,6.7000,6.5500,6.6600,347900
20131213,6.6500,6.6800,6.6000,6.6300,271300
20131216,6.5200,6.6800,6.4800,6.6500,374800
20131217,6.4700,6.5600,6.4500,6.5600,199700
20131218,6.4800,6.5400,6.3300,6.5400,282900
20131219,6.4600,6.5500,6.4000,6.4500,376000
20131220,6.3900,6.4500,6.3400,6.4400,205600
20131223,6.3400,6.4400,6.2900,6.4400,530400
20131224,6.4000,6.4200,6.2800,6.3300,440300
20131225,6.4100,6.5400,6.2900,6.3500,206700
20131226,6.3000,6.4600,6.2900,6.4400,258000
20131227,6.3900,6.4200,6.3000,6.3300,383300
20131230,6.3900,6.4400,6.3600,6.4400,141300
20131231,6.4200,6.4500,6.3500,6.3600,267200
20140101,6.4200,6.4200,6.4200,6.4200,0
20140102,6.4300,6.4800,6.3800,6.4400,176900
20140103,6.4400,6.4700,6.3900,6.4300,293400
20140106,6.4400,6.5900,6.3600,6.3700,653500
20140107,6.4800,6.5000,6.3800,6.4300,367500
20140108,6.6000,6.6200,6.4900,6.4900,869500
20140109,6.4900,6.6400,6.4600,6.6000,490400
20140110,6.2300,6.4900,6.2100,6.3500,537900
20140113,6.4600,6.7800,6.1000,6.2200,733800
20140114,6.5900,6.6000,6.3700,6.3700,338600
20140115,6.5800,6.7500,6.3500,6.5400,263300
20140116,6.6400,6.7500,6.4200,6.7000,924200
20140117,6.6300,6.9000,5.9800,5.9800,1348300
20140120,6.6000,6.6600,6.4500,6.6300,1079400
20140121,6.6400,6.6500,6.5100,6.6300,466400
20140122,6.7300,6.7600,6.5000,6.6400,729800
20140123,6.7000,6.7800,6.6600,6.7400,811200
20140124,6.8500,7.0000,6.7300,6.7300,1887900
20140127,6.8300,7.0500,6.7600,6.7800,669100
20140128,6.7800,7.0300,6.7100,6.7600,640300
20140129,6.8500,6.8800,6.7400,6.7900,849900
20140130,6.8100,6.9300,6.7300,6.8600,467400
20140131,6.8100,6.8100,6.8100,6.8100,0
20140203,6.8100,6.8100,6.8100,6.8100,0
20140205,6.8100,6.8100,6.8100,6.8100,0
20140206,6.8100,6.8100,6.8100,6.8100,0
20140207,6.8000,6.8300,6.6700,6.7100,610800
20140210,6.9000,6.9300,6.7800,6.8200,1519500
20140211,7.0100,7.0300,6.8300,6.9200,1754600
20140212,7.0300,7.0400,6.9500,7.0100,763200
20140213,6.9000,7.0900,6.9000,7.0000,499800
20140214,7.0400,7.0600,6.8800,6.8800,1226300
20140217,7.1200,7.1700,7.0200,7.0800,1196200
20140218,6.9400,7.1500,6.9200,7.1400,1861600
20140219,7.0100,7.0300,6.9100,7.0000,1199000
20140220,7.0200,7.0700,6.8800,7.0100,1489800
20140221,7.1900,7.2400,6.9300,7.0300,2132900
20140224,7.0000,7.2100,6.8500,7.1800,3722000
20140225,6.7600,6.9800,6.5000,6.9200,1940800
