20130226,4.5500,4.6900,4.5400,4.5800,5724700
20130227,4.6500,4.6600,4.5200,4.5500,4558500
20130228,4.6900,4.7300,4.6100,4.6400,6079000
20130301,4.7300,4.7600,4.6500,4.6900,5138600
20130304,4.5300,4.7100,4.5000,4.7000,5781300
20130305,4.6700,4.6900,4.5000,4.5100,4147700
20130306,4.7300,4.7600,4.6600,4.6900,3967000
20130307,4.7600,4.8000,4.6800,4.7000,6303100
20130308,4.6800,4.7600,4.6500,4.7500,5646400
20130311,4.6600,4.7000,4.6100,4.6600,2918400
20130312,4.5100,4.7100,4.4300,4.6600,6465300
20130313,4.5900,4.6000,4.4600,4.4600,4616900
20130314,4.5400,4.5900,4.5200,4.5500,2841800
20130315,4.5500,4.6400,4.5000,4.5200,2625300
20130318,4.5700,4.6300,4.5200,4.5500,3462600
20130319,4.7100,4.7900,4.5700,4.5700,9495200
20130320,4.7900,4.8000,4.6800,4.6800,8053200
20130321,4.7500,4.8700,4.7300,4.7800,5303100
20130322,4.9000,4.9500,4.7800,4.8100,7881100
20130325,4.9200,4.9700,4.8600,4.9300,5541900
20130326,4.8500,4.9200,4.7600,4.9200,5512700
20130327,4.8200,4.8700,4.7700,4.8400,4856600
20130328,4.8700,5.0500,4.7200,4.8000,11885000
20130329,4.9300,5.0200,4.8400,4.8700,6980400
20130401,4.9300,5.0500,4.9100,4.9400,5655900
20130402,4.8300,4.9900,4.8000,4.9400,6318000
20130403,4.7800,4.8600,4.7300,4.8300,4799000
20130404,4.7800,4.7800,4.7800,4.7800,0
20130405,4.7800,4.7800,4.7800,4.7800,0
20130408,4.7500,4.7900,4.6300,4.7000,3056200
20130409,4.9900,4.9900,4.7500,4.7900,10554600
20130410,4.9800,5.0300,4.9200,5.0200,6880400
20130411,5.1300,5.1900,4.9600,5.0000,8182200
20130412,5.3900,5.3900,5.3900,5.3900,2451500
20130415,5.6600,5.6600,5.4600,5.6600,31953200
20130416,5.6900,5.9400,5.5300,5.5900,26548800
20130417,5.8200,5.8700,5.6100,5.6600,14223700
20130418,5.7600,5.8400,5.6700,5.7800,11253500
20130419,6.0500,6.0500,5.7800,5.7800,14934000
20130422,6.2000,6.3300,5.9900,6.1000,16231300
20130423,6.3600,6.4600,6.1100,6.1800,14391600
20130424,6.6800,6.6800,6.3200,6.3600,20299000
20130425,6.3500,6.7800,6.3500,6.6700,19750600
20130426,6.3500,6.3500,6.3500,6.3500,0
20130429,6.3500,6.3500,6.3500,6.3500,0
20130430,6.3500,6.3500,6.3500,6.3500,0
20130501,6.3500,6.3500,6.3500,6.3500,0
20130502,5.7400,6.2000,5.7200,6.2000,19953000
20130503,6.0300,6.2300,5.7900,5.7900,17694800
20130506,5.9500,6.0300,5.7900,6.0200,14309000
20130507,5.8900,5.9900,5.8200,5.8900,9859000
20130508,6.1000,6.2000,5.9200,5.9400,14790200
20130509,5.9100,6.1300,5.8400,6.1300,11927600
20130510,5.9800,5.9800,5.8500,5.9000,7362900
20130513,6.1300,6.1900,5.9600,6.0200,11303700
20130514,6.0700,6.1600,5.9300,6.1000,7585100
20130515,5.9800,6.1200,5.9400,6.0400,5956900
20130516,6.0200,6.0200,5.7700,5.9200,12861100
20130517,6.0100,6.0700,5.9300,5.9800,8810400
20130520,5.9500,6.0200,5.9000,6.0100,9573500
20130521,5.8700,5.9400,5.8000,5.9400,12309100
20130522,5.8500,5.8800,5.7800,5.8500,8728300
20130523,5.6600,5.8500,5.6200,5.8000,9235400
20130524,5.7000,5.7100,5.6300,5.6500,6594200
20130527,5.6800,5.7200,5.6400,5.7200,5661900
20130528,5.8900,5.9300,5.6300,5.6900,14706800
20130529,5.8500,5.9400,5.8400,5.8900,8526400
20130530,5.7900,5.8500,5.7300,5.8000,6447300
20130531,5.8000,5.8800,5.7600,5.7900,5694100
20130603,5.9000,5.9900,5.8000,5.8000,9795400
20130604,6.3900,6.4000,5.9300,5.9300,25661100
20130605,6.6300,6.8400,6.2000,6.3000,28187300
20130606,6.4500,6.8000,6.4100,6.5600,16958800
20130607,6.3800,6.4900,6.2300,6.4000,13079900
20130610,6.3800,6.3800,6.3800,6.3800,0
20130611,6.3800,6.3800,6.3800,6.3800,0
20130612,6.3800,6.3800,6.3800,6.3800,0
20130613,5.7500,6.2600,5.7400,6.2600,16890600
20130614,5.7600,5.8000,5.6500,5.7400,6603600
20130617,5.5600,5.8100,5.4500,5.7800,8543600
20130618,5.6100,5.6300,5.5000,5.5900,4560500
20130619,5.3900,5.5700,5.2800,5.5700,7651500
20130620,5.2200,5.4800,5.2200,5.3700,5291100
20130621,5.2200,5.3100,4.9500,5.1600,5795400
20130624,4.9100,5.1900,4.7600,5.1800,6569200
20130625,5.0900,5.1100,4.5200,4.8100,9772100
20130626,5.1600,5.2100,5.0100,5.0800,6537400
20130627,5.1100,5.3000,5.1100,5.1600,7592000
20130628,5.1700,5.2700,4.9300,5.0200,4983600
20130701,5.4000,5.4600,5.1200,5.1200,8015000
20130702,5.4000,5.4900,5.3100,5.4000,4714800
20130703,5.2900,5.4000,5.1700,5.3700,4725500
20130704,5.3600,5.4500,5.1800,5.2600,5770600
20130705,5.3200,5.4400,5.3000,5.4000,4480400
20130708,5.0200,5.2900,5.0200,5.2900,5774300
20130709,5.0800,5.1000,4.9900,5.0200,2746700
20130710,5.2500,5.2600,5.0600,5.0800,3653200
20130711,5.4900,5.5800,5.2400,5.3100,8912100
20130712,5.6500,5.6800,5.4800,5.5400,11786800
20130715,5.5100,5.5300,5.2000,5.3200,15755900
20130716,5.4900,5.5300,5.3300,5.5000,9565100
20130717,5.3400,5.4800,5.3200,5.4600,6466300
20130718,5.1500,5.3300,5.1400,5.3300,6884400
20130719,5.0300,5.2200,5.0200,5.1700,4539900
20130722,5.0500,5.0600,4.8600,4.9900,6184900
20130723,5.1500,5.1800,5.0000,5.0400,4763300
20130724,5.0500,5.1200,4.9800,5.1100,4829100
20130725,5.0700,5.1600,5.0300,5.0500,3943000
20130726,4.9800,5.0700,4.9500,5.0500,3058700
20130729,4.8700,4.9900,4.8600,4.9900,2975800
20130730,4.9300,4.9600,4.8500,4.8500,2279400
20130731,4.8900,5.0200,4.8800,4.9500,2554700
20130801,5.0000,5.0100,4.8800,4.8900,4121700
20130802,5.0300,5.0300,4.9800,5.0100,3331500
20130805,5.1000,5.1000,5.0000,5.0000,3908600
20130806,5.1500,5.1700,5.0400,5.1200,4938400
20130807,5.0500,5.1500,5.0400,5.1400,4656700
20130808,5.0500,5.0900,5.0100,5.0500,2954800
20130809,5.0800,5.0800,5.0000,5.0500,3768400
20130812,5.2000,5.2400,5.0500,5.0900,8254000
20130813,5.2200,5.2900,5.1900,5.2100,6238600
20130814,5.1600,5.2400,5.1400,5.2200,5763000
20130815,5.1800,5.2600,5.1300,5.1500,5348800
20130816,5.1900,5.2800,5.1200,5.1400,6429400
20130819,5.1100,5.1700,5.0300,5.1000,7117000
20130820,5.0600,5.1300,5.0300,5.0800,5011000
20130821,5.0200,5.0700,5.0000,5.0400,3884000
20130822,4.9800,5.0500,4.9800,5.0300,3505100
20130823,4.9100,5.0100,4.8700,4.9900,5823800
20130826,4.9700,4.9800,4.9000,4.9000,3962500
20130827,4.9700,5.0000,4.9400,4.9800,4471600
20130828,4.8900,4.9600,4.8700,4.9500,6290700
20130829,4.9000,4.9200,4.8700,4.9000,4639200
20130830,4.9500,5.0100,4.9000,4.9100,6505400
20130902,4.9300,4.9800,4.8600,4.9500,4774500
20130903,5.0100,5.0200,4.9000,4.9200,6345000
20130904,4.9700,5.0300,4.9500,5.0300,4152300
20130905,4.9100,4.9900,4.9000,4.9800,4296700
20130906,4.9200,4.9300,4.9000,4.9300,2758000
20130909,4.9700,4.9900,4.9100,4.9300,5541600
20130910,5.0900,5.1100,4.9900,4.9900,10320400
20130911,5.1000,5.1500,5.0600,5.1100,8264100
20130912,5.1300,5.1400,5.0800,5.1100,7440600
20130913,5.1000,5.1400,5.0400,5.1300,5977500
20130916,5.0300,5.1100,5.0000,5.1000,5878900
20130917,4.8800,5.0400,4.8700,5.0300,5469600
20130918,4.9300,4.9400,4.8800,4.8800,2369600
20130920,4.9300,4.9300,4.9300,4.9300,0
20130923,4.9900,5.0000,4.9100,4.9500,3203400
20130924,4.9200,4.9900,4.9000,4.9900,3797500
20130925,4.9000,4.9400,4.8800,4.9000,3343300
20130926,4.8000,4.9100,4.7700,4.8900,4115000
20130927,4.7400,4.8300,4.7200,4.8000,3161200
20130930,4.7800,4.7800,4.7400,4.7500,1786600
20131001,4.7800,4.7800,4.7800,4.7800,0
20131002,4.7800,4.7800,4.7800,4.7800,0
20131003,4.7800,4.7800,4.7800,4.7800,0
20131004,4.7800,4.7800,4.7800,4.7800,0
20131007,4.7800,4.7800,4.7800,4.7800,0
20131008,4.8600,4.8800,4.7500,4.7800,2372500
20131009,4.8500,4.8600,4.8200,4.8500,2835900
20131010,4.7700,4.8500,4.7600,4.8500,3938100
20131011,4.8500,4.8700,4.7800,4.7800,4248100
20131014,4.8800,4.9200,4.8600,4.8700,5484000
20131015,5.3700,5.3700,4.9700,4.9700,33897900
20131016,5.5300,5.7600,5.2500,5.3900,39389300
20131017,5.3200,5.5000,5.2700,5.4500,18186500
20131018,5.2100,5.4800,5.1900,5.3000,13143300
20131021,5.3700,5.4200,5.1700,5.2500,13292400
20131022,5.2800,5.3700,5.2200,5.3500,9563400
20131023,5.2900,5.3900,5.2000,5.3100,9640100
20131024,5.3000,5.3500,5.2600,5.2800,6822800
20131025,5.3600,5.4600,5.2900,5.2900,12092700
20131028,5.2400,5.4700,5.1500,5.3900,8586600
20131029,5.6500,5.6900,5.1600,5.2500,35797500
20131030,5.7300,6.0600,5.5400,5.6100,37740200
20131031,5.5300,5.7900,5.5100,5.6700,17108600
20131101,5.3900,5.5200,5.3000,5.5000,10200800
20131104,5.5500,5.6200,5.3700,5.3700,10887800
20131105,5.7600,5.8600,5.3700,5.5000,18340000
20131106,5.5500,5.7400,5.5300,5.7400,14575300
20131107,5.8200,5.8800,5.4500,5.5000,22647900
20131108,5.7000,5.9300,5.7000,5.7700,20991400
20131111,5.6500,5.8600,5.6200,5.6500,11787500
20131112,5.6500,5.7300,5.5000,5.6900,11720200
20131113,5.2300,5.6000,5.2000,5.6000,15575800
20131114,5.2600,5.2900,5.1000,5.2400,8213500
20131115,5.3100,5.3900,5.2100,5.2300,9623400
20131118,5.4000,5.4000,5.2800,5.3200,10360200
20131119,5.4000,5.4200,5.3400,5.4000,8322700
20131120,5.3800,5.4300,5.3200,5.4300,8044500
20131121,5.2900,5.3800,5.2400,5.3800,7757900
20131122,5.2500,5.3400,5.2300,5.3000,7328300
20131125,5.2700,5.3300,5.2000,5.2300,5457100
20131126,5.3200,5.3200,5.2200,5.2700,4152900
20131127,5.3000,5.3300,5.2300,5.3200,5403100
20131128,5.3500,5.3800,5.3000,5.3000,7348000
20131129,5.3100,5.3700,5.2900,5.3700,5222900
20131202,5.3000,5.4800,5.1700,5.2000,13284200
20131203,5.5700,5.6600,5.1200,5.2500,19030500
20131204,5.5600,5.6400,5.4900,5.5000,14697700
20131205,5.5400,5.5700,5.4700,5.5600,8700400
20131206,5.6000,5.6800,5.5200,5.5200,13549400
20131209,5.5600,5.6500,5.5100,5.6200,7216900
20131210,5.4800,5.5800,5.4600,5.5800,7649700
20131211,5.3800,5.5000,5.3500,5.4900,6189800
20131212,5.3500,5.4300,5.3400,5.3500,4589800
20131213,5.3800,5.4200,5.3100,5.3500,3949600
20131216,5.2400,5.4100,5.2200,5.3900,5330100
20131217,5.2600,5.2900,5.2100,5.2300,4603900
20131218,5.3100,5.3100,5.2400,5.2500,3342300
20131219,5.2400,5.4000,5.2300,5.3500,3488200
20131220,5.0500,5.2400,5.0500,5.2200,5959800
20131223,5.0900,5.1300,5.0200,5.0600,2983700
20131224,5.1000,5.1700,5.0600,5.0900,3613900
20131225,5.1500,5.1600,5.0800,5.1000,2234300
20131226,4.9900,5.1400,4.9800,5.1400,4528900
20131227,5.0800,5.1200,4.9800,4.9900,3824900
20131230,5.0900,5.1600,5.0700,5.1000,3786100
20131231,5.1300,5.1500,5.0500,5.0700,2806500
20140101,5.1300,5.1300,5.1300,5.1300,0
20140102,5.1800,5.1800,5.1000,5.1000,3279300
20140103,5.1300,5.1600,5.0600,5.1600,3423000
20140106,5.0200,5.1400,5.0000,5.1400,2688600
20140107,5.0200,5.0300,4.9500,4.9500,2765800
20140108,4.9400,5.0500,4.9400,5.0000,2686700
20140109,4.8000,4.9600,4.7900,4.9100,3359400
20140110,4.6900,4.8200,4.6700,4.7600,3112600
20140113,4.6600,4.7300,4.6400,4.6800,2164900
20140114,4.7500,4.7500,4.6400,4.6400,2131600
20140115,4.7500,4.7700,4.7000,4.7600,1892100
20140116,4.8500,4.9700,4.7600,4.7600,4812600
20140117,4.8200,4.8600,4.7600,4.8600,2205500
20140120,4.7300,4.8300,4.7000,4.7800,2279100
20140121,4.8600,4.9100,4.8200,4.8400,4301500
20140122,4.9700,4.9900,4.8600,4.8700,3601500
20140123,4.9600,5.0200,4.9200,4.9700,3063500
20140124,4.9700,5.0200,4.9200,4.9600,3015700
20140127,4.9700,5.0300,4.9300,4.9400,3643000
20140128,5.0500,5.0600,4.9700,4.9800,3618000
20140129,5.0300,5.0700,5.0100,5.0500,2049200
20140130,4.9900,5.0100,4.9700,5.0100,1585400
20140131,4.9900,4.9900,4.9900,4.9900,0
20140203,4.9900,4.9900,4.9900,4.9900,0
20140205,4.9900,4.9900,4.9900,4.9900,0
20140206,4.9900,4.9900,4.9900,4.9900,0
20140207,5.0400,5.0400,4.9300,4.9800,2670800
20140210,5.1400,5.1400,5.0200,5.0400,4117800
20140211,5.2500,5.3200,5.1300,5.1600,8295600
20140212,5.2400,5.2800,5.1900,5.2800,6505500
20140213,5.1100,5.2400,5.1000,5.2300,6470000
20140214,5.2000,5.2100,5.1000,5.1000,4224000
20140217,5.2200,5.2400,5.1700,5.2000,6868200
20140218,5.1500,5.2300,5.1300,5.2300,6039400
20140219,5.2200,5.2500,5.1500,5.1500,6902000
20140220,5.3000,5.4400,5.2000,5.2200,14191100
20140221,5.2400,5.2900,5.1400,5.2600,7762900
20140224,5.1600,5.2200,5.1000,5.2100,4863900
20140225,5.0300,5.2800,5.0100,5.2000,6568300
