20130226,4.0500,4.1100,4.0200,4.0400,1433300
20130227,4.0900,4.1000,4.0100,4.0700,1355300
20130228,4.1500,4.1800,4.0500,4.0900,2035700
20130301,4.1200,4.1800,4.0800,4.1700,1617800
20130304,3.9800,4.1200,3.9700,4.1200,2920300
20130305,4.0200,4.0400,3.9800,4.0100,2847100
20130306,4.0800,4.1000,4.0200,4.0500,3000100
20130307,4.0700,4.1500,4.0100,4.0600,2593100
20130308,4.0400,4.1200,4.0200,4.1100,1393200
20130311,4.0300,4.0700,4.0000,4.0100,1379100
20130312,3.9600,4.0700,3.9000,4.0300,2302700
20130313,3.8600,3.9600,3.7800,3.9600,2472100
20130314,3.8900,3.9100,3.8100,3.8600,1107900
20130315,3.9300,3.9600,3.8500,3.8600,1725700
20130318,3.8800,3.9400,3.8700,3.9300,1032700
20130319,3.8800,3.9200,3.8200,3.8800,1335700
20130320,4.0600,4.0900,3.8800,3.9000,3261000
20130321,4.0500,4.0800,4.0300,4.0500,1246600
20130322,4.0800,4.1000,4.0100,4.0100,1757400
20130325,4.1600,4.2700,4.0600,4.1000,6568300
20130326,4.1500,4.1600,4.0700,4.1500,1870200
20130327,4.2200,4.3700,4.1300,4.1300,6092500
20130328,4.0700,4.1900,4.0600,4.1800,2499100
20130329,4.0800,4.1000,4.0400,4.0600,902500
20130401,4.1500,4.1500,4.0500,4.0900,2133300
20130402,4.0700,4.2000,4.0000,4.1700,2735500
20130403,3.9500,4.0600,3.8800,4.0500,2749200
20130404,3.9500,3.9500,3.9500,3.9500,0
20130405,3.9500,3.9500,3.9500,3.9500,0
20130408,3.9700,4.0000,3.8200,3.9200,1308700
20130409,4.0300,4.1200,3.9300,3.9500,8057000
20130410,4.0700,4.0700,3.9300,4.0000,3771400
20130411,3.9400,4.0800,3.9200,4.0700,2240600
20130412,3.9100,3.9700,3.8900,3.9300,1650200
20130415,3.9100,3.9500,3.8600,3.9000,1437800
20130416,3.9700,4.0100,3.8600,3.8600,1435500
20130417,4.1000,4.1800,3.9500,3.9700,8140800
20130418,4.0700,4.1100,4.0200,4.0600,2640000
20130419,4.0900,4.1700,4.0300,4.0700,6766400
20130422,4.1100,4.1300,4.0700,4.0800,3929700
20130423,4.0000,4.1100,3.9200,4.1100,4289800
20130424,4.2100,4.2300,3.9600,3.9900,8378500
20130425,4.1500,4.2700,4.1400,4.1900,4325300
20130426,4.3300,4.4600,4.1000,4.1500,11663000
20130429,4.3300,4.3300,4.3300,4.3300,0
20130430,4.3300,4.3300,4.3300,4.3300,0
20130501,4.3300,4.3300,4.3300,4.3300,0
20130502,4.3500,4.4800,4.2600,4.2700,9024200
20130503,4.2700,4.3800,4.1800,4.3300,17141100
20130506,4.2100,4.2900,4.1900,4.2300,12658100
20130507,4.1700,4.2100,4.1300,4.2000,7542700
20130508,4.1700,4.2100,4.1200,4.1800,5858000
20130509,4.2400,4.2400,4.1300,4.1700,7040600
20130510,4.1400,4.2800,4.0700,4.2500,7375300
20130513,4.1700,4.1700,4.0700,4.1300,3359100
20130514,4.1700,4.1800,4.1200,4.1700,3709000
20130515,4.2000,4.2100,4.1500,4.2000,3246800
20130516,4.2400,4.2400,4.1500,4.2000,4644900
20130517,4.2800,4.3200,4.2400,4.2600,7862300
20130520,4.2800,4.3300,4.2400,4.2800,5119200
20130521,4.4000,4.4100,4.2300,4.2800,9187400
20130522,4.3300,4.3800,4.2900,4.3800,5808900
20130523,4.4500,4.5400,4.2800,4.3400,10609600
20130524,4.4800,4.5300,4.3700,4.4500,6646900
20130527,4.5700,4.6500,4.4300,4.4600,9899700
20130528,4.4700,4.6100,4.4200,4.5800,7298800
20130529,4.5600,4.6400,4.5000,4.5500,6317300
20130530,4.4600,4.5900,4.4400,4.5600,7433400
20130531,4.3900,4.4900,4.3500,4.4600,5229500
20130603,4.3900,4.4200,4.3500,4.4000,2772100
20130604,4.4500,4.4700,4.3400,4.3800,5831200
20130605,4.3600,4.4300,4.3400,4.4200,3793400
20130606,4.1800,4.3800,4.1800,4.3700,5404700
20130607,4.1300,4.2300,4.0900,4.1900,3757500
20130610,4.1300,4.1300,4.1300,4.1300,0
20130611,4.1300,4.1300,4.1300,4.1300,0
20130612,4.1300,4.1300,4.1300,4.1300,0
20130613,3.9000,4.1300,3.8700,4.1300,5708500
20130614,3.9600,4.0000,3.9100,3.9100,1852100
20130617,3.9600,3.9800,3.9100,3.9600,1549200
20130618,3.9700,4.0200,3.9500,3.9700,1938700
20130619,3.9000,3.9600,3.8100,3.9600,3170000
20130620,3.8400,3.9300,3.8000,3.8800,1852100
20130621,3.7700,3.8300,3.6700,3.8300,1773900
20130624,3.4800,3.7700,3.4600,3.7700,2949600
20130625,3.4100,3.4800,3.2400,3.4800,3637800
20130626,3.5000,3.5000,3.3600,3.4200,2274200
20130627,3.4600,3.5500,3.4300,3.5000,1904300
20130628,3.4500,3.5300,3.4100,3.4600,1627500
20130701,3.5100,3.5100,3.4200,3.4700,1722100
20130702,3.6300,3.6800,3.4900,3.4900,3867800
20130703,3.7900,3.8100,3.6000,3.6100,7084700
20130704,3.7600,3.8200,3.7200,3.8000,2937400
20130705,3.6900,3.7600,3.6500,3.7600,3120000
20130708,3.6800,3.8200,3.6000,3.6400,3344300
20130709,3.6800,3.7000,3.6500,3.6500,1196000
20130710,3.7600,3.7700,3.6800,3.6800,1474400
20130711,3.8000,3.9000,3.7500,3.7600,4145400
20130712,3.7500,3.8300,3.7500,3.7900,1920600
20130715,3.7400,3.7700,3.6900,3.7200,2935700
20130716,3.7400,3.7500,3.6500,3.7400,1913400
20130717,3.6900,3.7900,3.6800,3.7800,1563000
20130718,3.6600,3.7100,3.6300,3.6900,1203700
20130719,3.5400,3.6900,3.5300,3.6200,2145500
20130722,3.5800,3.6200,3.5000,3.5300,1881300
20130723,3.6200,3.6500,3.5500,3.5600,2117200
20130724,3.6000,3.6400,3.5500,3.6200,1305000
20130725,3.5500,3.6300,3.5400,3.6200,1321300
20130726,3.5400,3.5700,3.5000,3.5600,1882600
20130729,3.4300,3.5200,3.4200,3.5200,1693200
20130730,3.4600,3.4900,3.4200,3.4300,960800
20130731,3.4600,3.5000,3.4400,3.4400,1211700
20130801,3.6000,3.6200,3.4800,3.4800,2882300
20130802,3.6100,3.6700,3.5700,3.5900,2105100
20130805,3.6600,3.6800,3.5900,3.6200,2138300
20130806,3.6700,3.6800,3.6200,3.6600,3719700
20130807,3.6400,3.6800,3.6300,3.6400,2731100
20130808,3.6500,3.6700,3.6200,3.6300,1233100
20130809,3.7000,3.7200,3.6300,3.6500,2603100
20130812,3.7600,3.7600,3.6800,3.6900,3686900
20130813,3.7500,3.7700,3.7200,3.7600,2306000
20130814,3.7600,3.8200,3.7400,3.7900,2800000
20130815,3.7100,3.7800,3.7000,3.7400,2005900
20130816,3.6600,3.7500,3.6300,3.6900,1793500
20130819,3.7100,3.7200,3.6300,3.6800,1585300
20130820,3.6900,3.7400,3.6700,3.7200,1691100
20130821,3.7200,3.7500,3.6600,3.6900,2478500
20130822,3.7900,3.8100,3.7100,3.7100,2925900
20130823,3.7700,3.8200,3.7000,3.7900,1858800
20130826,3.8100,3.8300,3.7200,3.7500,5941000
20130827,3.8100,3.8200,3.7300,3.8000,3856600
20130828,3.7500,3.8200,3.7200,3.7900,2947600
20130829,3.7400,3.7800,3.7100,3.7500,2857700
20130830,3.7700,3.7900,3.7200,3.7300,3502000
20130902,3.8300,3.8500,3.7400,3.7700,2931200
20130903,3.8600,3.9000,3.8100,3.8200,5095400
20130904,3.9000,3.9300,3.8400,3.8800,3464100
20130905,3.8400,3.9000,3.8400,3.8800,1973800
20130906,3.8500,3.8800,3.8200,3.8600,1563800
20130909,3.9000,3.9200,3.8700,3.8700,3108200
20130910,3.9500,3.9900,3.8800,3.9100,3206900
20130911,3.9900,4.0500,3.9200,3.9600,4930800
20130912,3.9800,4.0300,3.9400,3.9900,3192800
20130913,4.0100,4.0200,3.9500,4.0000,2426100
20130916,3.9500,4.0500,3.9300,4.0300,1982500
20130917,3.9000,4.0000,3.8700,3.9300,2143800
20130918,3.9400,3.9600,3.8800,3.9000,1037100
20130920,3.9400,3.9400,3.9400,3.9400,0
20130923,3.9800,4.0000,3.9300,3.9400,1823300
20130924,3.9300,3.9800,3.9100,3.9800,2114100
20130925,3.9300,3.9600,3.9000,3.9300,1433600
20130926,3.8200,3.9300,3.8100,3.9300,2141500
20130927,3.8400,3.8900,3.8200,3.8200,1702000
20130930,3.8500,3.8900,3.8000,3.8600,1737100
20131001,3.8500,3.8500,3.8500,3.8500,0
20131002,3.8500,3.8500,3.8500,3.8500,0
20131003,3.8500,3.8500,3.8500,3.8500,0
20131004,3.8500,3.8500,3.8500,3.8500,0
20131007,3.8500,3.8500,3.8500,3.8500,0
20131008,3.9100,3.9300,3.8200,3.8200,1446000
20131009,3.9100,3.9400,3.8900,3.9000,2435700
20131010,3.9300,3.9600,3.9000,3.9200,3108100
20131011,3.9700,3.9800,3.9200,3.9300,3087400
20131014,3.9800,4.0000,3.9400,3.9700,2969200
20131015,3.9600,4.0500,3.9000,3.9800,8196000
20131016,3.8100,3.9400,3.7400,3.9300,9956400
20131017,3.8000,3.8500,3.7800,3.8100,3587100
20131018,3.8900,3.9100,3.7900,3.8200,4041400
20131021,3.9600,4.0500,3.8700,3.9100,8846800
20131022,3.9400,3.9800,3.8600,3.9600,4702200
20131023,3.8600,3.9900,3.8400,3.9600,4072300
20131024,3.8100,3.8700,3.8000,3.8500,2547100
20131025,3.7400,3.8400,3.7200,3.8000,2584400
20131028,3.7600,3.7800,3.7400,3.7700,1246700
20131029,3.8000,3.8700,3.5800,3.7700,7331300
20131030,3.8300,3.9500,3.7600,3.7600,5690100
20131031,3.8100,3.8500,3.7700,3.8100,2456800
20131101,3.8000,3.8500,3.7500,3.8100,1928600
20131104,3.8200,3.8400,3.7800,3.7900,1439500
20131105,3.8700,3.8800,3.7800,3.8200,2755100
20131106,3.8200,3.8900,3.8200,3.8800,2982400
20131107,3.7400,3.8300,3.7200,3.8100,3038500
20131108,3.7400,3.7700,3.6700,3.7200,3290900
20131111,3.7500,3.8100,3.6600,3.7400,1786000
20131112,3.7800,3.7900,3.7300,3.7800,3349900
20131113,3.7500,3.8000,3.7300,3.7600,2782600
20131114,3.8400,3.9100,3.7100,3.7500,3837000
20131115,3.8600,3.9000,3.8100,3.8300,3948800
20131118,3.9100,3.9300,3.8300,3.8700,5832000
20131119,3.8900,3.9100,3.8500,3.9100,3751600
20131120,3.9700,4.0000,3.8600,3.9000,6659600
20131121,3.9300,3.9800,3.9000,3.9400,3991000
20131122,3.9100,3.9400,3.9000,3.9200,1427700
20131125,3.9100,3.9600,3.8900,3.9100,2351400
20131126,3.9200,3.9500,3.8700,3.9000,2026400
20131127,3.9300,3.9500,3.8900,3.9200,2160300
20131128,3.9600,3.9900,3.9100,3.9100,4403200
20131129,4.0000,4.0200,3.9600,3.9600,5514900
20131202,3.7500,3.9400,3.7100,3.9300,5794900
20131203,3.7900,3.8100,3.7000,3.7500,4719500
20131204,3.8200,3.8500,3.7600,3.7600,4503200
20131205,3.8600,3.8700,3.7800,3.8000,4788700
20131206,3.8700,3.8700,3.8300,3.8500,2081200
20131209,3.8800,3.8900,3.8400,3.8500,1991000
20131210,3.8700,3.8900,3.8500,3.8800,1811100
20131211,3.7900,3.8500,3.7600,3.8500,3034800
20131212,3.8200,3.8300,3.7700,3.8000,1869600
20131213,3.8300,3.8500,3.8000,3.8300,1655900
20131216,3.8100,3.8500,3.7500,3.8200,2244300
20131217,3.8100,3.8200,3.7500,3.8000,1140400
20131218,3.7900,3.8400,3.7900,3.8000,1167000
20131219,3.7800,3.8200,3.7500,3.8000,1248800
20131220,3.7300,3.7900,3.7100,3.7700,1290800
20131223,3.7000,3.7200,3.6600,3.7200,1347300
20131224,3.7200,3.7500,3.6800,3.6900,1041100
20131225,3.7300,3.7400,3.7000,3.7400,880000
20131226,3.6800,3.7300,3.6800,3.7300,1289600
20131227,3.7000,3.7300,3.6700,3.6700,1582800
20131230,3.8100,3.8100,3.6600,3.7000,3326000
20131231,3.7800,3.8300,3.7600,3.7900,2975500
20140101,3.7800,3.7800,3.7800,3.7800,0
20140102,3.8000,3.8300,3.7500,3.7800,1785100
20140103,3.7800,3.8100,3.7500,3.8000,1348000
20140106,3.6700,3.7800,3.6600,3.7600,1513400
20140107,3.6600,3.7000,3.6500,3.6700,1035000
20140108,3.6500,3.6900,3.6400,3.6700,887000
20140109,3.6500,3.6700,3.6200,3.6600,1432400
20140110,3.5400,3.6700,3.4900,3.6600,1580800
20140113,3.4800,3.5600,3.4500,3.5500,1496100
20140114,3.5900,3.6000,3.4700,3.5000,1717100
20140115,3.5800,3.6000,3.5500,3.5700,962100
20140116,3.5700,3.6200,3.5600,3.5800,1001800
20140117,3.6000,3.6400,3.5800,3.5800,1660600
20140120,3.5700,3.6200,3.5300,3.5900,710900
20140121,3.6300,3.6500,3.5600,3.5600,976500
20140122,3.7000,3.7500,3.6000,3.6300,2196100
20140123,3.7100,3.7400,3.5800,3.7100,2607600
20140124,3.7200,3.7600,3.6700,3.6800,2244600
20140127,3.7100,3.7300,3.6900,3.7200,988800
20140128,3.7100,3.7400,3.6900,3.7100,1421600
20140129,3.7000,3.7200,3.6700,3.7200,1360600
20140130,3.7100,3.7300,3.6800,3.6900,1101600
20140131,3.7100,3.7100,3.7100,3.7100,0
20140203,3.7100,3.7100,3.7100,3.7100,0
20140205,3.7100,3.7100,3.7100,3.7100,0
20140206,3.7100,3.7100,3.7100,3.7100,0
20140207,3.7500,3.7600,3.6800,3.7000,2102400
20140210,3.8200,3.8400,3.7500,3.7600,2887600
20140211,3.8300,3.8500,3.7900,3.8200,2617200
20140212,3.8500,3.8600,3.8100,3.8300,2074100
20140213,3.8100,3.8900,3.8100,3.8400,2345600
20140214,3.8700,3.8700,3.8000,3.8200,2239100
20140217,3.8900,3.9300,3.8700,3.8700,2867800
20140218,3.8800,3.9000,3.8500,3.9000,2490900
20140219,3.9100,3.9200,3.8700,3.8900,2612700
20140220,3.9000,3.9300,3.8400,3.9000,3996200
20140221,3.8400,3.9400,3.8200,3.9400,2537700
20140224,3.8400,3.8500,3.8000,3.8300,2150200
20140225,3.7300,3.8700,3.7200,3.8400,3431100
