20130226,3.5300,3.5700,3.5300,3.5500,12844700
20130227,3.5700,3.5700,3.5300,3.5300,14015200
20130228,3.5900,3.6200,3.5200,3.5700,18152400
20130301,3.5700,3.6000,3.5300,3.5900,10419700
20130304,3.4600,3.5700,3.3900,3.5500,36903200
20130305,3.5000,3.5100,3.4200,3.4500,16523800
20130306,3.5100,3.5200,3.4800,3.5100,17053200
20130307,3.4900,3.5000,3.4600,3.5000,11288300
20130308,3.4900,3.5000,3.4600,3.4800,7637500
20130311,3.4700,3.4700,3.4500,3.4600,6234700
20130312,3.4400,3.4900,3.4000,3.4600,12770100
20130313,3.4100,3.4400,3.3800,3.4300,8130500
20130314,3.3800,3.4100,3.3700,3.3900,5835500
20130315,3.4200,3.4400,3.3600,3.3800,10628800
20130318,3.3700,3.4100,3.3500,3.4000,6783200
20130319,3.3800,3.3800,3.3400,3.3800,6410600
20130320,3.4400,3.4400,3.3700,3.3700,10520700
20130321,3.4500,3.4500,3.4100,3.4400,6580800
20130322,3.4500,3.4500,3.4200,3.4500,4259800
20130325,3.4900,3.5000,3.4300,3.4400,10381800
20130326,3.4300,3.4900,3.4000,3.4900,8910800
20130327,3.4200,3.4500,3.3900,3.4300,6028700
20130328,3.3400,3.4200,3.2900,3.3900,15338200
20130329,3.3300,3.3500,3.3200,3.3400,5570100
20130401,3.3400,3.3400,3.2900,3.3000,9765400
20130402,3.3400,3.3600,3.3100,3.3400,8678800
20130403,3.3500,3.3600,3.3300,3.3400,7807400
20130404,3.3500,3.3500,3.3500,3.3500,0
20130405,3.3500,3.3500,3.3500,3.3500,0
20130408,3.3400,3.3400,3.2800,3.3200,9062700
20130409,3.3500,3.3500,3.3200,3.3300,7768500
20130410,3.3400,3.3500,3.3000,3.3400,7965100
20130411,3.3300,3.3500,3.3100,3.3500,5152900
20130412,3.3100,3.3300,3.2900,3.3300,4887300
20130415,3.2800,3.3200,3.2600,3.3100,5670400
20130416,3.2900,3.2900,3.2600,3.2800,5976100
20130417,3.2800,3.2900,3.2500,3.2800,4814200
20130418,3.2700,3.2900,3.2500,3.2600,5797400
20130419,3.3100,3.3200,3.2600,3.2800,14223500
20130422,3.3100,3.3100,3.2900,3.3000,8663100
20130423,3.2500,3.3100,3.2300,3.3000,9795200
20130424,3.2800,3.2900,3.2300,3.2500,13633600
20130425,3.2700,3.2700,3.2400,3.2600,7213300
20130426,3.2500,3.2700,3.2200,3.2600,6416700
20130429,3.2500,3.2500,3.2500,3.2500,0
20130430,3.2500,3.2500,3.2500,3.2500,0
20130501,3.2500,3.2500,3.2500,3.2500,0
20130502,3.2200,3.2400,3.1800,3.2300,9641300
20130503,3.2300,3.2500,3.2000,3.2100,16450200
20130506,3.2400,3.2600,3.2200,3.2300,14391700
20130507,3.2500,3.2600,3.2300,3.2400,9927300
20130508,3.2600,3.2700,3.2400,3.2500,12185600
20130509,3.2400,3.2600,3.2100,3.2600,8597100
20130510,3.2400,3.2400,3.2100,3.2200,7564200
20130513,3.2300,3.2400,3.2000,3.2300,8341700
20130514,3.2100,3.2300,3.1900,3.2200,9156900
20130515,3.2100,3.2100,3.1900,3.2000,7441400
20130516,3.2300,3.2300,3.1800,3.2000,11779900
20130517,3.2800,3.2800,3.2100,3.2200,15265000
20130520,3.2700,3.2900,3.2600,3.2700,12084700
20130521,3.2600,3.2800,3.2500,3.2800,10294900
20130522,3.2800,3.3000,3.2500,3.2600,12881800
20130523,3.2700,3.3000,3.2500,3.2700,13467900
20130524,3.2800,3.2800,3.2600,3.2700,8862600
20130527,3.2600,3.2800,3.2600,3.2800,7632600
20130528,3.2900,3.2900,3.2400,3.2600,11355400
20130529,3.3000,3.3300,3.2800,3.2900,13920200
20130530,3.2900,3.3100,3.2800,3.3000,8975300
20130531,3.2800,3.3000,3.2700,3.2900,7075900
20130603,3.2800,3.2900,3.2700,3.2800,7436300
20130604,3.2400,3.2800,3.2300,3.2800,8114700
20130605,3.2300,3.2400,3.2100,3.2400,5507600
20130606,3.2200,3.2300,3.2000,3.2200,5355500
20130607,3.1900,3.2200,3.1700,3.2200,8787600
20130610,3.1900,3.1900,3.1900,3.1900,0
20130611,3.1900,3.1900,3.1900,3.1900,0
20130612,3.1900,3.1900,3.1900,3.1900,0
20130613,3.1100,3.1800,3.0700,3.1700,10624400
20130614,3.0800,3.1100,3.0500,3.1000,13411900
20130617,3.0200,3.0800,3.0000,3.0700,16367100
20130618,2.9800,3.0300,2.9500,3.0300,25009500
20130619,3.0000,3.0900,2.8800,2.9700,29698700
20130620,2.8900,2.9600,2.8700,2.9500,15002500
20130621,2.8500,2.8800,2.8300,2.8700,13181800
20130624,2.7000,2.8500,2.6800,2.8400,18768500
20130625,2.6200,2.6900,2.4300,2.6800,21189300
20130626,2.5600,2.6100,2.5100,2.6100,20199000
20130627,2.6000,2.6300,2.5600,2.5700,25590900
20130628,2.5700,2.5800,2.4200,2.5800,26357300
20130701,2.5400,2.5500,2.5000,2.5500,20202600
20130702,2.5700,2.5800,2.5100,2.5400,15164400
20130703,2.5300,2.6500,2.5000,2.5200,19997200
20130704,2.5400,2.5600,2.4900,2.5300,18045500
20130705,2.5400,2.5700,2.5100,2.5500,17053300
20130708,2.4500,2.5300,2.4400,2.5200,15638000
20130709,2.4600,2.4600,2.4300,2.4400,8425000
20130710,2.5200,2.5200,2.4400,2.4500,10790300
20130711,2.6000,2.6200,2.5000,2.5100,26890200
20130712,2.5600,2.6100,2.5500,2.6000,17205800
20130715,2.5800,2.5900,2.5400,2.5500,13101400
20130716,2.5700,2.5800,2.5200,2.5700,12220100
20130717,2.5400,2.5800,2.5300,2.5700,12734300
20130718,2.5000,2.5400,2.4800,2.5300,12116000
20130719,2.4600,2.5000,2.4500,2.4900,10608400
20130722,2.4600,2.4600,2.4000,2.4400,9504700
20130723,2.5100,2.5200,2.4400,2.4600,13432400
20130724,2.4800,2.5100,2.4600,2.5000,9336400
20130725,2.4900,2.5200,2.4600,2.4900,13761500
20130726,2.4700,2.4900,2.4600,2.4800,8283400
20130729,2.4200,2.4700,2.4200,2.4700,8499400
20130730,2.4500,2.4700,2.4200,2.4200,8789500
20130731,2.4500,2.4800,2.4400,2.4500,7289200
20130801,2.4900,2.4900,2.4400,2.4600,8186600
20130802,2.5000,2.5100,2.4700,2.4900,11809200
20130805,2.5300,2.5400,2.4800,2.4900,11389700
20130806,2.5400,2.5500,2.4900,2.5200,14151900
20130807,2.5300,2.5700,2.5200,2.5400,14817200
20130808,2.5300,2.5500,2.5100,2.5300,9059800
20130809,2.5300,2.5600,2.5200,2.5300,11136000
20130812,2.6400,2.6400,2.5200,2.5300,28616200
20130813,2.6900,2.7400,2.6100,2.6100,29920400
20130814,2.6500,2.6900,2.6300,2.6800,15678300
20130815,2.6100,2.6700,2.5900,2.6500,14424700
20130816,2.5900,2.6900,2.5600,2.5900,19836100
20130819,2.6100,2.6100,2.5500,2.5700,11451500
20130820,2.5700,2.6100,2.5500,2.6000,8962800
20130821,2.5800,2.5800,2.5500,2.5600,5096100
20130822,2.5800,2.5900,2.5600,2.5700,7458300
20130823,2.5600,2.5900,2.5300,2.5800,8856000
20130826,2.6000,2.6000,2.5500,2.5500,9534700
20130827,2.6100,2.6100,2.5800,2.5900,10615500
20130828,2.6200,2.6300,2.5600,2.6000,15556900
20130829,2.6500,2.6600,2.6100,2.6200,20868600
20130830,2.6500,2.6500,2.6000,2.6400,20218600
20130902,2.6600,2.6700,2.6100,2.6400,17654600
20130903,2.6500,2.6700,2.6300,2.6600,19772500
20130904,2.7100,2.7500,2.6400,2.6600,57206700
20130905,2.6400,2.6900,2.6300,2.6900,23830300
20130906,2.6500,2.6500,2.6100,2.6400,13726800
20130909,2.7000,2.7100,2.6300,2.6600,31762600
20130910,2.7700,2.7800,2.6800,2.6900,45884400
20130911,2.9000,2.9800,2.7900,2.7900,75665000
20130912,2.8600,2.8900,2.8300,2.8800,31089800
20130913,2.8100,2.8600,2.7800,2.8400,21073800
20130916,2.7900,2.8300,2.7700,2.8100,14213000
20130917,2.7200,2.8000,2.7200,2.7800,14729900
20130918,2.7500,2.7500,2.7100,2.7200,10463800
20130920,2.7500,2.7500,2.7500,2.7500,0
20130923,2.7700,2.7800,2.7400,2.7500,14201800
20130924,2.7100,2.7600,2.7000,2.7600,12867200
20130925,2.6700,2.7100,2.6500,2.7100,17291600
20130926,2.6400,2.6700,2.6200,2.6600,12032200
20130927,2.6600,2.6600,2.6100,2.6300,10134800
20130930,2.6700,2.6900,2.6500,2.6600,12981400
20131001,2.6700,2.6700,2.6700,2.6700,0
20131002,2.6700,2.6700,2.6700,2.6700,0
20131003,2.6700,2.6700,2.6700,2.6700,0
20131004,2.6700,2.6700,2.6700,2.6700,0
20131007,2.6700,2.6700,2.6700,2.6700,0
20131008,2.6900,2.6900,2.6200,2.6600,12344600
20131009,2.7000,2.7000,2.6700,2.6700,11853400
20131010,2.6900,2.7000,2.6600,2.7000,14635800
20131011,2.7400,2.7400,2.6800,2.6900,15059000
20131014,2.7700,2.7800,2.7200,2.7300,16803100
20131015,2.7400,2.7700,2.7300,2.7700,12035000
20131016,2.7000,2.7800,2.6800,2.7600,14525800
20131017,2.6900,2.7200,2.6800,2.7000,12933500
20131018,2.6900,2.7000,2.6800,2.7000,10784500
20131021,2.7000,2.7000,2.6500,2.6900,13529600
20131022,2.6800,2.7000,2.6700,2.7000,10006900
20131023,2.6600,2.7100,2.6400,2.6800,13443300
20131024,2.6400,2.6600,2.6200,2.6500,9346100
20131025,2.6000,2.6400,2.5800,2.6300,11806900
20131028,2.6000,2.6100,2.5800,2.5900,8759900
20131029,2.5500,2.6200,2.5100,2.5900,13751000
20131030,2.6100,2.6100,2.5200,2.5400,11675800
20131031,2.5900,2.6000,2.5700,2.5900,6791400
20131101,2.6000,2.6000,2.5700,2.5900,5712200
20131104,2.5800,2.6100,2.5700,2.6100,7365600
20131105,2.5900,2.5900,2.5400,2.5700,7257100
20131106,2.5800,2.6200,2.5700,2.5700,9859000
20131107,2.5600,2.5900,2.5500,2.5800,6172200
20131108,2.5300,2.5600,2.5200,2.5600,8271000
20131111,2.5400,2.5400,2.5100,2.5200,5144600
20131112,2.5600,2.5600,2.5300,2.5400,5743900
20131113,2.5200,2.5500,2.5200,2.5400,6006000
20131114,2.5300,2.5400,2.5000,2.5300,6121300
20131115,2.5700,2.5800,2.5200,2.5300,9965500
20131118,2.6100,2.6200,2.5600,2.5700,12568600
20131119,2.6000,2.6200,2.5900,2.6200,9694000
20131120,2.6200,2.6200,2.5900,2.6100,7120700
20131121,2.6000,2.6200,2.5800,2.6200,10061900
20131122,2.6000,2.6000,2.5800,2.6000,8683500
20131125,2.6000,2.6200,2.5800,2.5900,9713300
20131126,2.6100,2.6200,2.5900,2.6000,9497700
20131127,2.6300,2.6300,2.5900,2.6000,11710900
20131128,2.7100,2.7700,2.6100,2.6300,42650600
20131129,2.7500,2.7800,2.6700,2.6800,45130300
20131202,2.6900,2.7800,2.6400,2.7600,41608600
20131203,2.7900,2.7900,2.6700,2.6800,34520100
20131204,2.8100,2.8400,2.7600,2.7900,35524000
20131205,2.8000,2.8200,2.7700,2.8100,23393300
20131206,2.7600,2.8000,2.7400,2.8000,12887600
20131209,2.7500,2.7700,2.7200,2.7600,11106200
20131210,2.7500,2.7800,2.7300,2.7500,14477300
20131211,2.6900,2.7400,2.6800,2.7400,12502700
20131212,2.7100,2.7200,2.6800,2.6900,7444200
20131213,2.6900,2.7100,2.6800,2.6900,7730500
20131216,2.6500,2.7000,2.6500,2.7000,9123000
20131217,2.6300,2.6600,2.6200,2.6500,7568900
20131218,2.6300,2.6500,2.6200,2.6300,4495500
20131219,2.6200,2.6500,2.6100,2.6500,8057000
20131220,2.5800,2.6300,2.5700,2.6300,9082400
20131223,2.5700,2.5900,2.5300,2.5800,6871900
20131224,2.5700,2.6000,2.5500,2.5700,6390200
20131225,2.5800,2.5900,2.5700,2.5700,4291000
20131226,2.5400,2.5800,2.5400,2.5800,5915200
20131227,2.5800,2.6000,2.5400,2.5500,6334900
20131230,2.5600,2.6100,2.5600,2.5900,6434000
20131231,2.5900,2.6000,2.5600,2.5700,6774300
20140101,2.5900,2.5900,2.5900,2.5900,0
20140102,2.6100,2.6200,2.5800,2.5900,7721000
20140103,2.5800,2.6100,2.5600,2.6100,7659600
20140106,2.5300,2.5800,2.5100,2.5700,10209200
20140107,2.5300,2.5400,2.5000,2.5200,4286400
20140108,2.5100,2.5500,2.5000,2.5300,5666300
20140109,2.4800,2.5100,2.4800,2.5000,7614800
20140110,2.4500,2.4700,2.4500,2.4700,6317100
20140113,2.4300,2.4700,2.4100,2.4600,8277600
20140114,2.4300,2.4400,2.4000,2.4300,23509900
20140115,2.4000,2.4300,2.3900,2.4200,9211800
20140116,2.4100,2.4400,2.3900,2.4100,9390000
20140117,2.4000,2.4200,2.3800,2.4100,8930500
20140120,2.3800,2.4000,2.3800,2.4000,5554500
20140121,2.4100,2.4200,2.3800,2.3900,5896700
20140122,2.4600,2.4600,2.4000,2.4100,11114000
20140123,2.4500,2.4700,2.4400,2.4600,6513600
20140124,2.4500,2.4700,2.4300,2.4400,6733800
20140127,2.4300,2.4500,2.4200,2.4400,5556600
20140128,2.4500,2.4600,2.4300,2.4400,6331300
20140129,2.4600,2.4600,2.4400,2.4500,5643300
20140130,2.4500,2.4700,2.4400,2.4600,6055900
20140131,2.4500,2.4500,2.4500,2.4500,0
20140203,2.4500,2.4500,2.4500,2.4500,0
20140205,2.4500,2.4500,2.4500,2.4500,0
20140206,2.4500,2.4500,2.4500,2.4500,0
20140207,2.4600,2.4600,2.4300,2.4400,5369100
20140210,2.5000,2.5100,2.4500,2.4500,13713600
20140211,2.5000,2.5200,2.4800,2.5000,9055100
20140212,2.5000,2.5100,2.4900,2.4900,9564200
20140213,2.4900,2.5100,2.4800,2.5000,9770400
20140214,2.5000,2.5100,2.4800,2.4800,10490200
20140217,2.5100,2.5200,2.5000,2.5100,11927600
20140218,2.4900,2.5300,2.4800,2.5200,13402600
20140219,2.5100,2.5200,2.4700,2.4900,11771300
20140220,2.5200,2.5600,2.5000,2.5100,18497500
20140221,2.4800,2.5200,2.4700,2.5200,9412900
20140224,2.4300,2.4800,2.4200,2.4700,15454200
20140225,2.3900,2.4400,2.3900,2.4300,11764500
