20130226,7.6000,7.7600,7.5900,7.6700,1970400
20130227,7.6300,7.6900,7.5900,7.6300,1514100
20130228,7.7900,7.8000,7.6200,7.6600,2455400
20130301,7.8000,7.8300,7.7000,7.7600,2431600
20130304,7.3500,7.7500,7.3500,7.7500,3740200
20130305,7.4900,7.5100,7.3600,7.4000,1894400
20130306,7.6500,7.6500,7.4900,7.5200,2252400
20130307,7.7500,7.7600,7.5800,7.6300,3317500
20130308,7.7100,7.7600,7.6500,7.7100,2114000
20130311,7.7300,7.8000,7.6800,7.7500,2513800
20130312,7.4800,7.7500,7.4200,7.7300,2866500
20130313,7.4800,7.5100,7.4000,7.4600,1305100
20130314,7.4400,7.5200,7.4300,7.4900,1520400
20130315,7.4100,7.5200,7.3500,7.4800,1682700
20130318,7.3300,7.4000,7.3000,7.3800,1700900
20130319,7.5900,7.6100,7.2600,7.3200,3317000
20130320,7.6800,7.6800,7.5500,7.6000,3038600
20130321,7.8700,7.8900,7.6200,7.6700,5692900
20130322,7.9200,7.9900,7.7800,7.8700,4162400
20130325,7.8900,7.9600,7.8500,7.9400,1911600
20130326,7.7500,7.8900,7.6800,7.8500,2496700
20130327,7.8000,7.8900,7.7200,7.7800,2598800
20130328,7.5400,7.7600,7.4800,7.7600,2427500
20130329,7.5700,7.6000,7.4600,7.5700,1014800
20130401,7.8300,7.8800,7.5500,7.5500,4053900
20130402,7.7800,8.1500,7.7400,8.0200,4046400
20130403,7.9500,7.9800,7.7100,7.7200,5187300
20130404,7.9500,7.9500,7.9500,7.9500,0
20130405,7.9500,7.9500,7.9500,7.9500,0
20130408,7.8000,7.8600,7.6000,7.8600,3004400
20130409,7.9400,7.9500,7.7400,7.8000,3340800
20130410,7.8500,8.0000,7.7300,7.9000,2719800
20130411,7.7500,7.9200,7.7200,7.8900,2096000
20130412,7.5200,7.7400,7.5100,7.7000,3345400
20130415,7.4000,7.5200,7.3800,7.4600,1673900
20130416,7.5200,7.5200,7.3500,7.3700,1251800
20130417,7.4900,7.5300,7.4300,7.4800,985700
20130418,7.4900,7.5200,7.4300,7.4500,1385900
20130419,7.6100,7.6500,7.4700,7.4900,2102400
20130422,7.6200,7.6200,7.5200,7.6200,1272300
20130423,7.3800,7.6200,7.3500,7.6200,1913000
20130424,7.4700,7.4900,7.3300,7.3800,1606500
20130425,7.0200,7.2700,7.0200,7.2500,4925100
20130426,6.9000,7.1000,6.8700,7.0200,1635100
20130429,6.9000,6.9000,6.9000,6.9000,0
20130430,6.9000,6.9000,6.9000,6.9000,0
20130501,6.9000,6.9000,6.9000,6.9000,0
20130502,6.9000,6.9600,6.8100,6.8400,1145000
20130503,6.9800,7.0400,6.9000,6.9000,1134100
20130506,7.0400,7.0400,6.9000,6.9800,1361400
20130507,7.0000,7.0600,6.9600,7.0100,1150800
20130508,7.0400,7.0700,6.9900,7.0700,2693000
20130509,6.9500,7.0400,6.9000,7.0400,1522300
20130510,6.9900,6.9900,6.8800,6.9400,1766600
20130513,6.9800,7.0100,6.9200,7.0100,1422800
20130514,6.8700,6.9800,6.8500,6.9800,1567400
20130515,6.9000,6.9200,6.8500,6.8600,1336700
20130516,6.9700,6.9800,6.8600,6.9100,2578400
20130517,7.0600,7.0700,6.9300,6.9700,3359500
20130520,7.1200,7.2300,7.0600,7.0700,5096800
20130521,7.1500,7.1600,7.0900,7.1100,2397600
20130522,7.1200,7.1800,7.0900,7.1400,2501600
20130523,7.0300,7.1300,7.0300,7.1200,2472900
20130524,7.1000,7.1100,7.0000,7.0300,1842100
20130527,7.1400,7.1400,7.0700,7.1000,2289200
20130528,7.2000,7.2200,7.0900,7.1400,3173100
20130529,7.2100,7.3000,7.1900,7.2000,3951700
20130530,7.2000,7.2300,7.1400,7.1900,3378900
20130531,7.1800,7.2400,7.1500,7.2000,2001400
20130603,7.1700,7.2100,7.1500,7.1700,1758100
20130604,7.0200,7.1900,6.9800,7.1500,2061700
20130605,7.0100,7.0600,6.9700,7.0300,1097300
20130606,6.9100,7.0100,6.9000,7.0100,1590300
20130607,6.7700,6.9500,6.7500,6.9200,1724000
20130610,6.7700,6.7700,6.7700,6.7700,0
20130611,6.7700,6.7700,6.7700,6.7700,0
20130612,6.7700,6.7700,6.7700,6.7700,0
20130613,6.5800,6.7600,6.5200,6.7600,1285000
20130614,6.6200,6.6400,6.5700,6.5700,1022500
20130617,6.6000,6.6700,6.6000,6.6200,1033500
20130618,6.7500,6.7700,6.6000,6.6200,2843400
20130619,6.6500,6.7000,6.5100,6.7000,1619500
20130620,6.5900,6.7100,6.5300,6.6300,1820000
20130621,6.4700,6.5000,6.3600,6.4900,1153300
20130624,6.7300,7.1100,6.5800,7.1100,11164400
20130625,6.5800,6.6900,6.0600,6.5000,7291000
20130626,6.4300,6.5000,6.2500,6.5000,3728700
20130627,6.3400,6.5900,6.3200,6.5100,3787400
20130628,6.1700,6.3700,6.1300,6.3300,2915700
20130701,6.3100,6.3100,6.1100,6.1500,2065900
20130702,6.3000,6.3300,6.2100,6.3200,1616700
20130703,6.1900,6.2800,6.1200,6.2800,1625900
20130704,6.3000,6.3400,6.1100,6.1600,2205600
20130705,6.4000,6.4100,6.2800,6.3200,2075000
20130708,6.2000,6.5900,6.1900,6.5900,1740500
20130709,6.2400,6.2700,6.1500,6.2000,758700
20130710,6.4100,6.4400,6.1700,6.1800,2059400
20130711,6.9400,7.0500,6.4200,6.4900,9753800
20130712,6.8200,6.9000,6.7000,6.9000,3670000
20130715,6.7800,7.2200,6.7400,6.7800,12350000
20130716,6.6700,6.7900,6.5700,6.7900,3409300
20130717,6.5900,6.7300,6.5800,6.6200,1981500
20130718,6.5900,6.6500,6.5300,6.5900,1590400
20130719,6.2900,6.6200,6.2600,6.5900,2829600
20130722,6.3400,6.3500,6.2200,6.2300,1577600
20130723,6.4900,6.4900,6.2900,6.3100,3366900
20130724,6.7400,6.7600,6.4200,6.4600,5406800
20130725,6.5600,6.8800,6.5400,6.8800,5607400
20130726,6.9000,6.9100,6.5100,6.5800,7382300
20130729,6.8600,7.1600,6.6000,6.8800,5960100
20130730,6.7000,6.8500,6.6100,6.7800,2567100
20130731,6.6700,6.8000,6.6000,6.6000,2496200
20130801,6.7300,6.7600,6.5900,6.6800,4715100
20130802,6.6600,6.7800,6.6500,6.7300,2557500
20130805,6.7000,6.7400,6.6100,6.6300,2312300
20130806,6.7800,6.8000,6.6700,6.7000,3531200
20130807,6.7000,6.8000,6.6800,6.7600,2391800
20130808,6.6000,6.7100,6.6000,6.7100,2465900
20130809,6.6800,6.7200,6.6000,6.6200,1910600
20130812,6.9000,6.9500,6.6600,6.6800,5462900
20130813,6.8300,6.8700,6.8100,6.8600,2849400
20130814,6.8100,6.8500,6.8000,6.8200,3167400
20130815,6.7200,6.8400,6.7100,6.8100,1982900
20130816,6.5900,6.8700,6.5900,6.6900,2485400
20130819,6.6600,6.6900,6.5700,6.6000,1167200
20130820,6.6400,6.6800,6.6000,6.6400,1087400
20130821,6.6800,6.6800,6.6000,6.6000,1201600
20130822,6.6600,6.6800,6.6100,6.6500,1322500
20130823,6.7600,6.7700,6.5600,6.6400,2862500
20130826,6.8100,6.8300,6.6900,6.7500,7682600
20130827,6.8800,6.9100,6.7400,6.8000,6275900
20130828,7.0000,7.1400,6.7300,6.8300,11734700
20130829,7.2500,7.3300,6.9300,7.0300,14347700
20130830,7.3500,7.7000,7.1600,7.1800,21655500
20130902,7.0100,7.4900,6.9000,7.4000,11489900
20130903,7.0400,7.0700,6.9400,6.9900,5108900
20130904,7.0000,7.1300,6.9700,7.0400,5534600
20130905,6.9000,7.0000,6.8800,7.0000,4043500
20130906,7.0000,7.0300,6.8800,6.9100,4146900
20130909,7.0800,7.1500,6.9800,7.0000,6343700
20130910,7.1700,7.2300,7.0500,7.0900,7111100
20130911,7.0600,7.2500,7.0300,7.1900,6691300
20130912,7.1000,7.1900,7.0600,7.0600,5147000
20130913,7.0200,7.1600,6.9700,7.0900,4337400
20130916,6.9600,7.0600,6.9400,7.0200,3323700
20130917,7.0900,7.2400,6.9000,6.9600,7331900
20130918,7.3600,7.4300,7.1500,7.1500,13133100
20130920,7.3600,7.3600,7.3600,7.3600,0
20130923,7.2900,7.3200,7.1500,7.2400,7394800
20130924,7.1900,7.2700,7.1000,7.2600,5247900
20130925,7.1600,7.2500,7.1100,7.1600,4085400
20130926,6.9600,7.1500,6.9400,7.1500,3898100
20130927,6.9400,7.0400,6.9300,6.9600,1523000
20130930,6.9700,6.9900,6.9300,6.9600,1292300
20131001,6.9700,6.9700,6.9700,6.9700,0
20131002,6.9700,6.9700,6.9700,6.9700,0
20131003,6.9700,6.9700,6.9700,6.9700,0
20131004,6.9700,6.9700,6.9700,6.9700,0
20131007,6.9700,6.9700,6.9700,6.9700,0
20131008,7.0300,7.0500,6.8900,6.9700,2463800
20131009,7.2300,7.2600,7.0300,7.0400,6402700
20131010,7.1000,7.2300,7.0600,7.2300,5299000
20131011,7.2300,7.3000,7.1200,7.1200,6018700
20131014,7.2200,7.2400,7.1300,7.2300,4347900
20131015,7.1800,7.2200,7.1400,7.2000,3275400
20131016,7.0700,7.1800,7.0000,7.1600,3801900
20131017,7.0300,7.1100,7.0000,7.1000,2256700
20131018,7.1200,7.1500,7.0000,7.0100,2733600
20131021,7.1500,7.1600,7.0500,7.1200,3565700
20131022,7.1800,7.2500,7.1100,7.1400,4351000
20131023,6.8400,7.1600,6.8400,7.1200,5441300
20131024,6.7300,6.8800,6.7000,6.8400,2806700
20131025,6.5400,6.7800,6.4800,6.7300,2806500
20131028,6.6000,6.6300,6.5400,6.5800,1265400
20131029,6.3300,6.6500,6.2200,6.6000,2561200
20131030,6.4400,6.4500,6.3300,6.3600,1937400
20131031,6.4200,6.4500,6.3600,6.4400,1477100
20131101,6.4100,6.4500,6.3000,6.4100,1431100
20131104,6.4400,6.4600,6.3900,6.4100,1419900
20131105,6.5100,6.5100,6.3800,6.4400,1579400
20131106,6.4700,6.5500,6.4600,6.4700,1620400
20131107,6.3500,6.4800,6.3400,6.4600,1336100
20131108,6.2400,6.3500,6.2200,6.3000,1661400
20131111,6.2800,6.3100,6.2000,6.2500,996100
20131112,6.3200,6.3400,6.2600,6.2600,992600
20131113,6.2100,6.3200,6.1900,6.3100,1094900
20131114,6.2600,6.2900,6.1700,6.2600,1033400
20131115,6.3700,6.4000,6.2600,6.2600,2170000
20131118,6.4800,6.4900,6.3400,6.3900,2998900
20131119,6.4500,6.5000,6.4000,6.5000,2579900
20131120,6.5000,6.5000,6.4200,6.4500,1775500
20131121,6.4900,6.5500,6.4300,6.5000,2490900
20131122,6.5300,6.6000,6.4300,6.5000,3145700
20131125,6.5700,6.7000,6.4600,6.5200,4699900
20131126,6.5600,6.6700,6.5000,6.5500,2804800
20131127,6.5700,6.5900,6.4900,6.5600,2228100
20131128,6.6000,6.6400,6.5400,6.5700,2686800
20131129,6.6200,6.6400,6.5500,6.6000,2856500
20131202,6.3100,6.5500,6.2700,6.5300,3584400
20131203,6.4300,6.4500,6.2400,6.2900,2473200
20131204,6.6000,6.6000,6.3600,6.3900,4542200
20131205,6.6000,6.6200,6.5600,6.6000,2211800
20131206,6.5800,6.6500,6.5600,6.5800,1633300
20131209,6.6000,6.6100,6.5700,6.6000,1654700
20131210,6.6100,6.6500,6.5800,6.6400,1951600
20131211,6.5000,6.6100,6.4500,6.6000,1940900
20131212,6.5100,6.5400,6.4600,6.4600,1674600
20131213,6.5300,6.5800,6.4500,6.4800,1516800
20131216,6.4700,6.5600,6.4300,6.5400,1572800
20131217,6.5400,6.5700,6.4400,6.4500,2004900
20131218,6.5200,6.5700,6.4800,6.5400,948900
20131219,6.3900,6.5500,6.3800,6.5200,1282400
20131220,6.3100,6.4100,6.2600,6.3900,1531600
20131223,6.2500,6.3000,6.1800,6.2800,1463000
20131224,6.2900,6.3300,6.2300,6.2500,1228500
20131225,6.3000,6.3200,6.2500,6.2900,1147900
20131226,6.1800,6.3000,6.1800,6.2700,1187100
20131227,6.2500,6.2900,6.1800,6.2300,1602400
20131230,6.2800,6.3000,6.2500,6.2800,1304100
20131231,6.4200,6.4300,6.2600,6.2600,2829600
20140101,6.4200,6.4200,6.4200,6.4200,0
20140102,6.3700,6.4400,6.3000,6.4100,3248900
20140103,6.2600,6.3700,6.2500,6.3700,1968300
20140106,6.0900,6.2600,6.0900,6.2500,2228200
20140107,6.0800,6.1300,6.0500,6.1000,1717300
20140108,5.9400,6.1200,5.9200,6.0800,2594300
20140109,5.8200,5.9500,5.8200,5.9300,1492500
20140110,5.6600,5.8300,5.6100,5.8200,2182900
20140113,5.6300,5.7000,5.6100,5.6600,1417600
20140114,5.7200,5.7300,5.6200,5.6300,1650400
20140115,5.7000,5.7300,5.6600,5.7000,1198500
20140116,5.7400,5.7700,5.6700,5.6800,1435500
20140117,5.6200,5.7200,5.6100,5.7200,1479500
20140120,5.5300,5.6200,5.5200,5.6200,1505500
20140121,5.6100,5.6200,5.5300,5.5400,1167700
20140122,5.8000,5.8100,5.6100,5.6200,2363700
20140123,5.7900,5.8200,5.7500,5.8000,1554400
20140124,5.8100,5.9000,5.7600,5.7900,1967200
20140127,5.7900,5.8200,5.7500,5.7800,1685000
20140128,5.7600,5.8100,5.7300,5.7500,1051900
20140129,5.7700,5.7800,5.7300,5.7500,992900
20140130,5.7600,5.7900,5.7300,5.7800,912800
20140131,5.7600,5.7600,5.7600,5.7600,0
20140203,5.7600,5.7600,5.7600,5.7600,0
20140205,5.7600,5.7600,5.7600,5.7600,0
20140206,5.7600,5.7600,5.7600,5.7600,0
20140207,5.8200,5.8300,5.7300,5.7500,1340800
20140210,5.9600,5.9700,5.8100,5.8200,3387400
20140211,6.0000,6.0200,5.9500,5.9600,2676400
20140212,6.0600,6.1600,5.9700,6.0000,3704100
20140213,5.9800,6.0700,5.9700,6.0700,2501000
20140214,6.1100,6.1300,5.9600,5.9600,3917600
20140217,6.1100,6.1400,6.0500,6.1300,3696200
20140218,6.2000,6.2700,6.0700,6.1100,6164000
20140219,6.1600,6.1900,6.1100,6.1700,4021900
20140220,6.0600,6.2000,6.0500,6.2000,3202100
20140221,5.9900,6.1100,5.9600,6.0700,2212000
20140224,5.9500,6.0000,5.9100,6.0000,2207700
20140225,5.7300,5.9800,5.7000,5.9600,2260200
