20130226,5.2200,5.3000,5.2000,5.2500,2277600
20130227,5.2300,5.2900,5.1800,5.2500,2000800
20130228,5.3600,5.4900,5.1900,5.2600,4470400
20130301,5.3600,5.3900,5.2700,5.3200,2735400
20130304,5.1800,5.3500,5.1200,5.3500,3675700
20130305,5.2200,5.2300,5.1200,5.1900,3704700
20130306,5.3500,5.3500,5.1800,5.2200,4170700
20130307,5.2600,5.3800,5.2100,5.3800,3019600
20130308,5.2200,5.3000,5.2100,5.2700,1907000
20130311,5.1500,5.2400,5.1400,5.2400,1895700
20130312,5.0200,5.2000,4.9800,5.1600,2925000
20130313,4.9500,5.0400,4.9100,5.0200,2114800
20130314,4.9800,5.0400,4.9500,4.9500,1356200
20130315,5.0000,5.0800,4.9300,4.9600,1610700
20130318,4.9500,5.0300,4.9400,5.0000,917600
20130319,4.9500,4.9900,4.9100,4.9800,1230300
20130320,5.0700,5.0700,4.9500,4.9700,1536500
20130321,5.1200,5.1500,5.0500,5.0800,1910100
20130322,5.1500,5.1900,5.1000,5.1200,1776300
20130325,5.1800,5.1900,5.1100,5.1100,1919200
20130326,5.2500,5.2900,5.0800,5.1800,4437500
20130327,5.1600,5.2700,5.1400,5.2500,2927400
20130328,4.9500,5.1200,4.9400,5.1200,2565700
20130329,4.9100,5.0000,4.9100,4.9900,1267600
20130401,4.9400,4.9900,4.9100,4.9100,977800
20130402,4.9000,4.9900,4.8900,4.9500,1768400
20130403,4.8200,4.9400,4.7500,4.9200,1702900
20130404,4.8200,4.8200,4.8200,4.8200,0
20130405,4.8200,4.8200,4.8200,4.8200,0
20130408,4.8100,4.8200,4.6600,4.7800,1144400
20130409,4.8600,4.8700,4.7900,4.8100,964300
20130410,4.8000,4.8700,4.7600,4.8600,850600
20130411,4.7900,4.8400,4.7400,4.7900,822000
20130412,4.7300,4.8000,4.7000,4.7700,1071000
20130415,4.6400,4.7300,4.6400,4.7300,834600
20130416,4.7000,4.7200,4.5600,4.5900,636400
20130417,4.7200,4.7300,4.6500,4.7000,740900
20130418,4.7900,4.8000,4.6700,4.7200,949600
20130419,4.7700,4.7900,4.6300,4.6800,5459000
20130422,4.6800,4.7200,4.6300,4.7100,3584600
20130423,4.5000,4.6700,4.4900,4.6400,2419900
20130424,4.5700,4.5900,4.4800,4.5100,1430500
20130425,4.4200,4.5800,4.4100,4.5700,2013200
20130426,4.3900,4.4700,4.3800,4.4400,1335100
20130429,4.3900,4.3900,4.3900,4.3900,0
20130430,4.3900,4.3900,4.3900,4.3900,0
20130501,4.3900,4.3900,4.3900,4.3900,0
20130502,4.4200,4.4500,4.3900,4.4300,823100
20130503,4.5000,4.5200,4.3800,4.4200,1654700
20130506,4.5400,4.5600,4.5000,4.5100,1157600
20130507,4.5500,4.5900,4.5000,4.5400,1150700
20130508,4.5700,4.6100,4.5400,4.5900,1560700
20130509,4.5100,4.5700,4.4600,4.5500,1561300
20130510,4.5500,4.5700,4.4800,4.5100,1848800
20130513,4.5400,4.5900,4.5000,4.5700,1467800
20130514,4.4900,4.5400,4.4600,4.5300,1304900
20130515,4.4900,4.5100,4.4800,4.4900,1151900
20130516,4.5400,4.5500,4.4700,4.4900,1633500
20130517,4.6200,4.6300,4.5400,4.5600,3094400
20130520,4.6500,4.6700,4.5800,4.6100,2759900
20130521,4.6700,4.6800,4.6100,4.6500,2620700
20130522,4.6100,4.6900,4.6000,4.6700,2759100
20130523,4.5500,4.6200,4.5000,4.6000,2884900
20130524,4.5900,4.6000,4.5000,4.5300,2415800
20130527,4.6300,4.6500,4.5600,4.5800,2991600
20130528,4.6900,4.7000,4.6000,4.6300,2889400
20130529,4.7200,4.7300,4.6600,4.7000,2407100
20130530,4.7500,4.7600,4.6700,4.7000,4125200
20130531,4.7700,4.8000,4.7200,4.7500,5054500
20130603,4.7800,4.8500,4.7200,4.7400,3718800
20130604,4.7800,4.8000,4.6500,4.7900,4449500
20130605,4.7300,4.7600,4.7000,4.7500,1992300
20130606,4.6500,4.7700,4.6400,4.7100,2261300
20130607,4.6800,4.7800,4.6200,4.6600,3485400
20130610,4.6800,4.6800,4.6800,4.6800,0
20130611,4.6800,4.6800,4.6800,4.6800,0
20130612,4.6800,4.6800,4.6800,4.6800,0
20130613,4.4200,4.6600,4.3800,4.6300,3942600
20130614,4.4300,4.4600,4.3800,4.4400,2874800
20130617,4.3600,4.4400,4.3200,4.4300,4443700
20130618,4.3400,4.3700,4.2600,4.3600,2776800
20130619,4.3000,4.3200,4.2500,4.3200,1410700
20130620,4.2500,4.3000,4.2300,4.2900,2047600
20130621,4.2300,4.2400,4.1000,4.2400,1378500
20130624,4.0600,4.3100,4.0000,4.2800,1792400
20130625,3.9300,4.0600,3.7000,4.0100,2648800
20130626,3.9000,4.0100,3.8400,3.9300,1325200
20130627,3.8900,4.0000,3.8600,4.0000,1445600
20130628,3.8800,3.9800,3.8500,3.9800,1338000
20130701,3.8800,3.9300,3.8400,3.8900,1065100
20130702,3.9600,3.9700,3.8500,3.9500,1684500
20130703,3.9400,3.9900,3.9100,3.9600,1683100
20130704,3.9900,4.0500,3.8700,3.9600,1629500
20130705,4.0700,4.0900,3.9700,3.9700,2860500
20130708,3.8900,4.0600,3.8700,4.0600,1857200
20130709,3.8800,3.9100,3.8300,3.8900,1529600
20130710,3.9100,3.9100,3.8000,3.9000,3069800
20130711,4.0000,4.0200,3.8700,3.8900,3405400
20130712,3.8900,4.0000,3.8800,3.9900,2818400
20130715,3.9200,3.9400,3.8700,3.9000,1955300
20130716,3.9500,3.9600,3.8700,3.9100,3579700
20130717,3.8800,3.9500,3.8600,3.9400,2317300
20130718,3.8200,3.8900,3.8200,3.8800,1603500
20130719,3.8200,3.8600,3.8100,3.8200,3781600
20130722,3.8800,3.8900,3.7600,3.8100,1690300
20130723,3.9500,3.9600,3.8600,3.9000,2872000
20130724,3.9600,4.0100,3.9300,3.9500,3990400
20130725,3.9300,3.9800,3.9000,3.9700,2115300
20130726,3.9200,3.9500,3.9000,3.9500,1184000
20130729,3.8600,3.9200,3.8400,3.8900,1655700
20130730,3.8200,3.8900,3.8100,3.8500,1777600
20130731,3.8300,3.8600,3.8000,3.8200,1531200
20130801,3.9100,3.9200,3.8200,3.8500,2558500
20130802,3.9100,3.9500,3.8900,3.8900,2246400
20130805,3.9500,3.9800,3.8800,3.8800,1899000
20130806,4.0200,4.0500,3.9300,3.9400,3903700
20130807,4.0000,4.0300,3.9800,3.9900,2048800
20130808,4.0000,4.0300,3.9800,3.9800,1901300
20130809,3.9800,4.0300,3.9400,4.0300,1894200
20130812,4.0400,4.0800,3.9800,3.9800,4272300
20130813,4.1200,4.1500,4.0400,4.0500,4088900
20130814,4.0400,4.0900,4.0200,4.0800,4297300
20130815,4.1000,4.1400,4.0200,4.0400,3609900
20130816,4.0000,4.1500,4.0000,4.1000,5248900
20130819,3.9800,3.9800,3.8800,3.9400,2980900
20130820,3.9900,3.9900,3.9000,3.9600,2183300
20130821,4.0600,4.0600,3.9600,3.9600,3238600
20130822,4.0000,4.0500,3.9900,4.0200,2298800
20130823,3.9200,4.0300,3.9100,4.0000,1874800
20130826,3.9900,3.9900,3.9200,3.9200,1397700
20130827,4.0800,4.1100,3.9800,4.0000,3900300
20130828,4.0400,4.1400,3.9900,4.0700,3022100
20130829,4.1600,4.2500,4.0900,4.1000,7800500
20130830,4.0600,4.1500,4.0400,4.1100,4572000
20130902,4.0900,4.1000,4.0000,4.0700,2841000
20130903,4.1300,4.1300,4.0500,4.0900,3117600
20130904,4.0900,4.1300,4.0700,4.1300,2720000
20130905,4.0800,4.1200,4.0700,4.1000,1863600
20130906,4.0800,4.0900,4.0500,4.0600,2379700
20130909,4.1200,4.1300,4.0700,4.0800,3641300
20130910,4.1500,4.1700,4.1000,4.1200,4121000
20130911,4.2000,4.2400,4.1400,4.1500,7190200
20130912,4.2200,4.2800,4.1900,4.2000,5630000
20130913,4.1800,4.2200,4.1400,4.2000,3428600
20130916,4.1600,4.1900,4.1500,4.1900,1818000
20130917,4.0900,4.2600,4.0800,4.2600,4131000
20130918,4.1400,4.1600,4.0800,4.1300,2328300
20130920,4.1400,4.1400,4.1400,4.1400,0
20130923,4.1800,4.1800,4.1100,4.1400,2930400
20130924,4.1800,4.1800,4.1100,4.1600,2314800
20130925,4.2000,4.2300,4.1400,4.1600,4424000
20130926,4.1000,4.2200,4.1000,4.2100,2370300
20130927,4.0800,4.1100,4.0500,4.1000,1850400
20130930,4.1400,4.1400,4.1000,4.1000,1805600
20131001,4.1400,4.1400,4.1400,4.1400,0
20131002,4.1400,4.1400,4.1400,4.1400,0
20131003,4.1400,4.1400,4.1400,4.1400,0
20131004,4.1400,4.1400,4.1400,4.1400,0
20131007,4.1400,4.1400,4.1400,4.1400,0
20131008,4.1900,4.2300,4.0900,4.1500,3622000
20131009,4.2400,4.2500,4.1700,4.1700,5198400
20131010,4.2000,4.2400,4.1700,4.2400,2655600
20131011,4.2500,4.3200,4.2000,4.2000,6001600
20131014,4.2700,4.3400,4.2200,4.2500,6403100
20131015,4.3800,4.4000,4.2300,4.2700,9324500
20131016,4.2500,4.3400,4.2300,4.3400,5454300
20131017,4.2800,4.3300,4.2400,4.2700,3764800
20131018,4.2500,4.2800,4.2200,4.2800,2700600
20131021,4.3000,4.3000,4.2200,4.2500,3695800
20131022,4.2400,4.3000,4.2200,4.2700,3826800
20131023,4.1000,4.2600,4.0900,4.2400,3987600
20131024,4.1100,4.1400,4.0700,4.1000,2207800
20131025,4.0000,4.1400,3.9700,4.1400,3134200
20131028,3.9400,4.0000,3.9000,3.9900,2418700
20131029,3.8200,3.9700,3.7600,3.9200,2920300
20131030,3.8800,3.8800,3.8100,3.8100,1775800
20131031,3.8700,3.8900,3.8400,3.8700,1512400
20131101,3.9100,4.0200,3.8100,3.8700,3702100
20131104,3.9200,3.9400,3.8900,3.9300,2439000
20131105,3.9200,3.9200,3.8300,3.8900,2215100
20131106,3.9200,3.9900,3.8800,3.8900,2577800
20131107,3.8600,3.9200,3.8600,3.9200,1196100
20131108,3.8200,3.8800,3.7900,3.8400,1664900
20131111,3.8300,3.8400,3.7700,3.8200,1149100
20131112,3.8400,3.8500,3.8100,3.8500,1127800
20131113,3.7700,3.8500,3.7700,3.8500,1178300
20131114,3.8000,3.8200,3.7600,3.7700,1050100
20131115,3.8700,3.8900,3.8000,3.8200,2193300
20131118,3.9300,3.9300,3.8500,3.8700,1930300
20131119,3.9300,3.9500,3.9000,3.9200,1918800
20131120,4.0500,4.1300,3.9000,3.9300,3701300
20131121,4.0100,4.0500,3.9600,4.0300,4009700
20131122,4.0700,4.1800,4.0200,4.0400,7529700
20131125,3.9400,4.0400,3.9200,3.9800,4405800
20131126,3.9500,3.9800,3.9200,3.9400,1772200
20131127,3.9600,3.9800,3.9300,3.9400,1812000
20131128,3.9900,4.0200,3.9500,3.9600,2570400
20131129,4.0500,4.1500,3.9700,3.9800,4196000
20131202,3.8700,3.9900,3.8400,3.9500,4112200
20131203,3.9500,3.9500,3.8400,3.8600,1733100
20131204,3.9800,4.0200,3.9300,3.9300,2463700
20131205,4.0000,4.0100,3.9700,3.9800,1798000
20131206,4.0000,4.0200,3.9800,3.9900,1532000
20131209,4.0200,4.0400,4.0000,4.0100,1703300
20131210,4.0200,4.0400,3.9900,4.0400,2547900
20131211,3.9700,4.0200,3.9400,3.9900,1657300
20131212,3.9900,4.0000,3.9600,3.9700,1746800
20131213,4.0900,4.1100,3.9900,4.0000,6923600
20131216,4.0400,4.1100,4.0000,4.1100,3750200
20131217,3.9300,4.0600,3.9300,4.0300,2760700
20131218,3.9600,3.9900,3.9300,3.9500,1331900
20131219,3.9100,3.9900,3.8900,3.9600,1870400
20131220,3.8700,3.9400,3.8500,3.9100,1478500
20131223,3.8700,3.9000,3.8400,3.8800,1197700
20131224,3.9000,3.9200,3.8500,3.8700,991700
20131225,3.9100,3.9200,3.8700,3.9000,730500
20131226,3.8300,3.9100,3.8000,3.9100,1427600
20131227,3.8800,3.9100,3.8300,3.8600,1734600
20131230,3.8900,3.9300,3.8600,3.8900,1267900
20131231,3.8800,3.9000,3.8300,3.8800,1570200
20140101,3.8800,3.8800,3.8800,3.8800,0
20140102,3.8900,3.9000,3.8500,3.8800,1429200
20140103,3.8500,3.8900,3.8300,3.8800,1116600
20140106,3.7800,3.8500,3.7600,3.8500,1593400
20140107,3.7300,3.7900,3.7000,3.7600,1466700
20140108,3.7500,3.7700,3.7200,3.7300,1507600
20140109,3.6800,3.7700,3.6700,3.7400,1216200
20140110,3.5700,3.6900,3.5600,3.6900,1425600
20140113,3.5800,3.6000,3.5400,3.5800,727000
20140114,3.6400,3.6400,3.5600,3.5700,860300
20140115,3.6200,3.6900,3.6000,3.6900,649900
20140116,3.6300,3.6400,3.6100,3.6100,575800
20140117,3.5700,3.6300,3.5600,3.6000,877900
20140120,3.5700,3.5900,3.5500,3.5800,569700
20140121,3.6000,3.6100,3.5700,3.5800,738900
20140122,3.6800,3.6900,3.5900,3.5900,1147300
20140123,3.6700,3.6800,3.6500,3.6800,967300
20140124,3.6900,3.7000,3.6500,3.6700,1312700
20140127,3.6500,3.6800,3.6400,3.6800,1067900
20140128,3.6500,3.6700,3.6300,3.6400,817200
20140129,3.6600,3.6800,3.6400,3.6600,671400
20140130,3.6800,3.7000,3.6600,3.6600,782400
20140131,3.6800,3.6800,3.6800,3.6800,0
20140203,3.6800,3.6800,3.6800,3.6800,0
20140205,3.6800,3.6800,3.6800,3.6800,0
20140206,3.6800,3.6800,3.6800,3.6800,0
20140207,3.7100,3.7100,3.6200,3.6700,913900
20140210,3.7700,3.7800,3.7000,3.7100,1931900
20140211,3.7900,3.8000,3.7500,3.7600,1995300
20140212,3.8200,3.8200,3.7700,3.7900,1798700
20140213,3.7700,3.8300,3.7500,3.8100,1861700
20140214,3.9700,4.0200,3.7800,3.7800,6630500
20140217,4.2100,4.2700,4.0900,4.1500,17487000
20140218,4.3100,4.3800,4.1500,4.1700,14569900
20140219,4.2000,4.4200,4.1600,4.2900,10941600
20140220,4.2400,4.3300,4.1400,4.1900,11753900
20140221,3.9900,4.2500,3.9000,4.2500,10384000
20140224,3.9500,3.9800,3.8500,3.9800,3763700
20140225,3.8700,3.9900,3.8400,3.9500,3694900
