20130226,7.3300,7.5800,7.1800,7.1900,5867800
20130227,7.4100,7.4500,7.3000,7.3300,3714100
20130228,7.4800,7.4900,7.2900,7.4200,3608900
20130301,7.4700,7.5500,7.3900,7.4700,3748600
20130304,7.1000,7.4500,7.1000,7.4500,4594100
20130305,7.1900,7.1900,7.0300,7.1000,2725700
20130306,7.3200,7.3700,7.1200,7.1900,4071900
20130307,7.4000,7.5400,7.2900,7.3000,4069400
20130308,7.7700,7.7700,7.4000,7.5000,9316200
20130311,7.7300,7.9900,7.5800,7.8500,7117100
20130312,7.4500,7.7300,7.3400,7.7300,5988400
20130313,7.3600,7.4800,7.2700,7.4000,1708400
20130314,7.2400,7.5400,7.2200,7.3600,4710300
20130315,7.3200,7.5500,7.1800,7.2000,4842100
20130318,7.3500,7.4700,7.2700,7.3200,2291600
20130319,7.4500,7.6300,7.3200,7.3200,4564000
20130320,7.6300,7.6300,7.4000,7.4700,6375800
20130321,7.6300,7.7700,7.5400,7.6300,6165700
20130322,8.0100,8.0100,7.5900,7.6000,12643100
20130325,8.0800,8.1700,7.9600,8.1000,9669800
20130326,7.9700,8.1300,7.8500,8.0800,7879400
20130327,8.3700,8.3700,7.9800,7.9800,11075900
20130328,8.2600,8.4700,8.0300,8.4700,13038000
20130329,8.2600,8.2600,8.2600,8.2600,0
20130401,7.8500,8.3000,7.8500,8.3000,10805300
20130402,7.4600,7.8700,7.4600,7.8500,8913000
20130403,7.6900,7.8200,7.3800,7.4600,6081600
20130404,7.6900,7.6900,7.6900,7.6900,0
20130405,7.6900,7.6900,7.6900,7.6900,0
20130408,7.4500,7.5300,7.3100,7.5000,4824000
20130409,7.6200,7.7200,7.4500,7.5200,3776900
20130410,7.6700,7.8500,7.5600,7.6000,3696900
20130411,7.6800,7.7900,7.6400,7.7500,2414400
20130412,7.7400,7.7700,7.6600,7.6800,3051900
20130415,7.4100,7.7900,7.3500,7.7900,5361800
20130416,7.5500,7.5900,7.1100,7.3400,4831300
20130417,7.5900,7.6900,7.4500,7.4900,3149700
20130418,7.7300,7.7700,7.4100,7.5900,4546800
20130419,8.1200,8.1200,7.7300,7.7600,8783300
20130422,8.1200,8.1200,8.1200,8.1200,0
20130423,8.0100,8.5000,7.9600,8.5000,18921300
20130424,8.1600,8.3200,7.8200,7.8200,8472300
20130425,8.8600,8.9800,8.0500,8.1600,20323600
20130426,8.4500,9.0000,8.4100,8.7000,14827100
20130429,8.4500,8.4500,8.4500,8.4500,0
20130430,8.4500,8.4500,8.4500,8.4500,0
20130501,8.4500,8.4500,8.4500,8.4500,0
20130502,8.2900,8.8500,8.1900,8.5400,11548600
20130503,8.3200,8.5000,8.1000,8.2300,10742200
20130506,8.2800,8.4200,8.0800,8.3000,9710100
20130507,8.1100,8.2700,8.0800,8.2700,7454900
20130508,8.0700,8.1400,7.7600,8.1100,9421800
20130509,7.8000,8.0800,7.7600,8.0700,8432600
20130510,8.0200,8.0400,7.7300,7.7800,6512200
20130513,7.8300,8.0500,7.7900,8.0400,5117600
20130514,7.8100,7.9500,7.7300,7.7700,5323500
20130515,7.7600,7.8400,7.6900,7.8300,4418900
20130516,7.8200,7.8900,7.7100,7.7400,4637000
20130517,8.1100,8.1200,7.8300,7.8300,8075900
20130520,8.1700,8.2100,8.0100,8.1300,6086000
20130521,8.2300,8.3800,8.0900,8.1600,8146000
20130522,8.0300,8.2900,7.9600,8.2600,6774800
20130523,7.9100,8.1300,7.9100,7.9800,4133700
20130524,7.9600,7.9600,7.7900,7.8900,4228100
20130527,8.1400,8.1600,7.8500,7.9000,5547700
20130528,8.1200,8.2600,8.0500,8.1200,4211000
20130529,8.0300,8.1600,7.9600,8.1300,4906300
20130530,7.9100,8.0000,7.8800,8.0000,3809100
20130531,7.9300,8.0200,7.8800,7.9100,2727500
20130603,8.0400,8.0400,7.8800,7.9100,3583600
20130604,8.0800,8.1000,7.9800,8.0400,5312600
20130605,8.3600,8.3800,8.0400,8.0800,11733500
20130606,8.2000,8.4400,8.1500,8.2900,6224100
20130607,8.0600,8.2700,7.8000,8.1900,7877100
20130610,8.0600,8.0600,8.0600,8.0600,0
20130611,8.0600,8.0600,8.0600,8.0600,0
20130612,8.0600,8.0600,8.0600,8.0600,0
20130613,7.7100,7.9900,7.2500,7.9100,4384800
20130614,7.7500,8.0300,7.7100,7.8000,3517200
20130617,7.5600,7.7700,7.1500,7.7500,7047100
20130618,7.5700,7.6000,7.3900,7.4700,2196000
20130619,7.6300,7.6400,7.3900,7.5100,2181800
20130620,7.3800,7.6900,7.3600,7.5800,1815100
20130621,7.4200,7.4700,7.0000,7.0000,2862500
20130624,7.1400,7.4400,6.9500,7.3200,3962700
20130625,7.1700,7.2200,6.8000,7.1000,6282700
20130626,7.1500,7.2400,7.0400,7.1800,1835500
20130627,7.1300,7.3400,7.0700,7.0800,2802000
20130628,7.2600,7.3600,7.0900,7.0900,1812500
20130701,7.3400,7.4000,7.2500,7.3000,1528200
20130702,7.2900,7.3800,7.2400,7.3300,1783900
20130703,7.4000,7.4600,7.2400,7.2600,2106300
20130704,7.6500,7.7300,7.3300,7.3500,4359200
20130705,7.6800,7.9500,7.5700,7.5700,3541500
20130708,7.4600,7.6500,7.3900,7.5800,2768000
20130709,7.4400,7.5600,7.3000,7.4600,1964800
20130710,7.6600,7.7200,7.3800,7.4500,2255200
20130711,7.7700,7.8400,7.6500,7.6700,4267900
20130712,7.9000,8.0000,7.7400,7.8000,4757500
20130715,7.9200,8.0900,7.9000,8.0900,4771200
20130716,8.0800,8.0900,7.8200,7.9500,4472200
20130717,7.7600,8.0800,7.7400,8.0800,4762700
20130718,7.7100,7.8700,7.6400,7.8600,2018000
20130719,7.4800,7.7900,7.4200,7.7700,3374500
20130722,7.4700,7.4800,7.3200,7.4400,1992500
20130723,7.6300,7.7100,7.4600,7.5000,2853200
20130724,7.6800,7.7300,7.5700,7.6300,1938300
20130725,7.4200,7.6600,7.4000,7.6500,3238200
20130726,7.3600,7.4700,7.2400,7.3800,2953500
20130729,7.2300,7.3600,7.2300,7.3400,1677500
20130730,7.2700,7.3000,7.1600,7.2900,3095700
20130731,7.3500,7.4700,7.2500,7.3000,3437100
20130801,7.4800,7.5000,7.3400,7.3600,2402900
20130802,7.4400,7.6000,7.4400,7.4800,2219600
20130805,7.5600,7.6100,7.4400,7.4400,1662900
20130806,7.6300,7.6400,7.5400,7.6300,2636300
20130807,7.6500,7.7900,7.5800,7.7200,3684600
20130808,7.6000,7.7000,7.5600,7.7000,2128700
20130809,7.7600,7.8000,7.5800,7.5800,3668200
20130812,8.3000,8.5000,7.8000,7.8600,12567500
20130813,8.2700,8.4500,8.1800,8.2900,5573200
20130814,8.4900,8.5500,8.2800,8.2800,9032600
20130815,8.4200,8.5600,8.3300,8.4500,4594800
20130816,8.0500,8.5100,8.0400,8.5100,4218200
20130819,8.5600,8.5600,7.9500,8.0000,6857000
20130820,8.6900,8.8300,8.5500,8.6000,8509400
20130821,8.5400,8.7500,8.4100,8.6900,3513400
20130822,8.4200,8.5500,8.2500,8.5100,7097700
20130823,8.2800,8.4800,8.0800,8.4400,5257700
20130826,8.5000,8.5600,8.2300,8.3500,3387800
20130827,8.4300,8.5500,8.3300,8.5000,1879300
20130828,8.4300,8.4300,8.4300,8.4300,0
20130829,8.4300,8.4300,8.4300,8.4300,0
20130830,8.4300,8.4300,8.4300,8.4300,0
20130902,8.4300,8.4300,8.4300,8.4300,0
20130903,8.4300,8.4300,8.4300,8.4300,0
20130904,8.4300,8.4300,8.4300,8.4300,0
20130905,8.4300,8.4300,8.4300,8.4300,0
20130906,8.4300,8.4300,8.4300,8.4300,0
20130909,8.5000,9.2000,8.4500,8.8000,11360100
20130910,8.7300,8.7800,8.3500,8.4000,4882900
20130911,8.7300,8.8400,8.6000,8.7300,5357100
20130912,8.6800,8.7900,8.6100,8.6600,2578200
20130913,8.9900,9.1500,8.6300,8.6700,8437600
20130916,8.9000,9.1000,8.8000,8.8000,4190600
20130917,8.6600,8.9700,8.6400,8.8800,3835100
20130918,8.7500,8.7500,8.5400,8.6700,2655200
20130920,8.7500,8.7500,8.7500,8.7500,0
20130923,8.9900,9.0500,8.7000,8.7300,3797100
20130924,8.9000,9.1900,8.8100,9.1900,3153000
20130925,8.8800,8.9700,8.7900,8.8400,2570500
20130926,8.5600,8.9300,8.5600,8.8400,3344200
20130927,8.3200,8.6100,8.3000,8.5600,3077400
20130930,8.5200,8.5600,8.3300,8.4200,1639700
20131001,8.5200,8.5200,8.5200,8.5200,0
20131002,8.5200,8.5200,8.5200,8.5200,0
20131003,8.5200,8.5200,8.5200,8.5200,0
20131004,8.5200,8.5200,8.5200,8.5200,0
20131007,8.5200,8.5200,8.5200,8.5200,0
20131008,8.6300,8.7600,8.5600,8.6100,2555900
20131009,8.5900,8.7000,8.5400,8.6300,3108300
20131010,8.8700,9.0200,8.5500,8.5500,5366900
20131011,8.8400,8.9200,8.7500,8.8700,2896000
20131014,9.3100,9.4900,8.9300,8.9300,10901200
20131015,9.6900,9.8900,9.1500,9.2500,11165200
20131016,9.5800,9.7700,9.2800,9.5800,6407400
20131017,9.4100,9.6800,9.3400,9.6600,5388600
20131018,9.3600,9.6100,9.3000,9.3100,4389000
20131021,9.9200,9.9500,9.4500,9.4500,7868000
20131022,9.7600,10.0600,9.6800,9.9500,6593700
20131023,9.3300,9.8300,9.3100,9.7500,5418500
20131024,9.4000,9.5400,9.1900,9.3300,2871900
20131025,9.2400,9.4800,9.2000,9.4100,2771800
20131028,9.7600,9.8700,9.2500,9.3000,5742500
20131029,9.8000,9.9500,9.3300,9.7000,7495000
20131030,10.1400,10.3100,9.9000,10.0400,16008100
20131031,9.8600,10.1600,9.7900,10.0500,8117100
20131101,10.1900,10.2500,9.8300,9.9000,8092500
20131104,10.1300,10.3400,10.0700,10.2500,6824100
20131105,10.2900,10.3800,9.8000,10.0000,7155700
20131106,10.0100,10.2900,9.9600,10.2500,6753100
20131107,9.9000,10.0700,9.8500,9.8600,4287900
20131108,9.6400,9.9500,9.4400,9.8800,4532400
20131111,9.4800,9.6800,9.2000,9.5500,4419600
20131112,9.5700,9.6300,9.4300,9.4600,3254600
20131113,9.3500,9.6000,9.2700,9.6000,3012500
20131114,9.3500,9.4200,9.0300,9.3500,3088600
20131115,9.7300,9.9000,9.2600,9.3200,5449700
20131118,9.7900,10.0800,9.7800,9.8300,5690400
20131119,9.5700,9.8000,9.4900,9.7000,5864600
20131120,9.7600,9.7800,9.4300,9.5700,4545500
20131121,9.5300,9.7400,9.4500,9.7400,3523100
20131122,9.5500,9.7700,9.4600,9.5900,4306400
20131125,9.9900,9.9900,9.4100,9.4100,7259500
20131126,10.1200,10.4500,9.9800,10.0200,10939000
20131127,10.1300,10.2800,9.9800,10.1200,4544700
20131128,10.1300,10.3600,10.1300,10.2100,4161500
20131129,10.2800,10.4100,10.0800,10.1300,5524400
20131202,9.9700,10.3600,9.8100,10.0900,6046200
20131203,10.9000,10.9300,10.0000,10.0500,14325800
20131204,11.2100,11.5100,10.8000,10.8800,17500400
20131205,11.2100,11.5200,11.0600,11.2500,12181700
20131206,11.2900,11.5000,11.1500,11.2800,9782300
20131209,12.4200,12.4200,11.3200,11.4000,16808500
20131210,13.0800,13.3000,12.2500,12.5500,22128000
20131211,12.8200,13.0800,12.5000,12.9000,16364900
20131212,12.4300,12.8600,12.4300,12.8200,10865200
20131213,12.2500,12.5500,12.0100,12.2300,8812700
20131216,12.3600,12.6900,12.1000,12.3000,10881700
20131217,11.3800,12.3300,11.3100,12.3300,13330400
20131218,11.3600,11.5200,11.2600,11.3800,6531300
20131219,11.5000,11.8100,11.4000,11.5000,8834100
20131220,11.3400,11.6500,11.0200,11.5400,6519100
20131223,11.7100,11.7700,11.1500,11.4400,6661900
20131224,11.6000,11.8900,11.4500,11.6300,6789400
20131225,11.7800,11.9200,11.3600,11.5400,9212300
20131226,11.3200,11.8800,11.1900,11.8300,6959800
20131227,11.4400,11.7400,11.1300,11.3200,5938600
20131230,11.5800,11.6700,11.2900,11.5200,7277800
20131231,11.6600,11.8100,11.4500,11.5200,4926300
20140101,11.6600,11.6600,11.6600,11.6600,0
20140102,11.4800,11.7800,11.3100,11.5500,7043700
20140103,10.9600,11.5800,10.7100,11.4600,10846000
20140106,10.5700,10.9400,10.4800,10.8300,7013600
20140107,10.7300,10.8000,10.4700,10.5500,4097600
20140108,10.7400,10.8800,10.6100,10.7800,4484800
20140109,10.7600,11.1000,10.6800,10.7700,5817600
20140110,10.7300,10.8700,10.6200,10.7500,2441400
20140113,9.8200,10.8200,9.7200,10.7400,9810500
20140114,10.5800,10.6100,9.8300,9.8700,7689600
20140115,10.6200,10.8100,10.4400,10.6100,4324100
20140116,10.3800,10.6600,10.3400,10.6200,3847100
20140117,10.5000,10.5700,9.9900,10.3300,4416800
20140120,10.3300,10.5200,10.1800,10.3900,2642300
20140121,10.5300,10.6200,10.3100,10.3500,3058900
20140122,10.7800,10.9300,10.5100,10.5100,4838300
20140123,10.8400,11.0800,10.7900,10.9000,5933200
20140124,11.2700,11.4300,10.7400,10.7400,11368000
20140127,11.3500,11.5200,11.0000,11.1000,7151600
20140128,11.2600,11.5000,11.1900,11.4900,4693500
20140129,11.4500,11.5300,11.1200,11.2500,7269600
20140130,11.2100,11.4400,11.1900,11.4400,3257500
20140131,11.2100,11.2100,11.2100,11.2100,0
20140203,11.2100,11.2100,11.2100,11.2100,0
20140205,11.2100,11.2100,11.2100,11.2100,0
20140206,11.2100,11.2100,11.2100,11.2100,0
20140207,11.8900,12.0500,11.0000,11.0800,7470000
20140210,11.9700,12.1000,11.6900,11.9900,6712600
20140211,12.0000,12.1600,11.8300,11.9300,5227400
20140212,11.8800,12.2400,11.8200,12.0100,4435500
20140213,11.2800,11.8700,11.1900,11.7200,8794800
20140214,11.3900,11.5900,11.2500,11.2500,5502500
20140217,11.8800,11.8900,11.3300,11.4000,10688100
20140218,11.8500,11.9100,11.6900,11.7000,6869400
20140219,11.8700,11.9600,11.6600,11.8000,5646300
20140220,11.8700,12.2600,11.8700,11.9500,6756900
20140221,11.4700,11.9300,11.4400,11.8900,4559800
20140224,10.8100,11.5300,10.6200,11.5300,6933400
20140225,10.2800,10.8800,10.1200,10.7800,6903000
