20130226,6.2800,6.4600,6.2600,6.4500,4907700
20130227,6.2500,6.3600,6.2400,6.3100,3879800
20130228,6.3400,6.3600,6.2200,6.2600,3809300
20130301,6.3700,6.3800,6.2700,6.3200,4147100
20130304,6.1700,6.3400,6.1500,6.3200,4499100
20130305,6.2200,6.2800,6.1400,6.1400,2803300
20130306,6.2900,6.3200,6.2300,6.2500,3426400
20130307,6.2100,6.3200,6.1700,6.3200,3189200
20130308,6.2300,6.2600,6.1900,6.2500,1763500
20130311,6.3900,6.4000,6.2300,6.2500,4970900
20130312,6.1800,6.3900,6.1200,6.3500,4648400
20130313,6.0700,6.2200,6.0100,6.2200,2456600
20130314,6.0600,6.1700,6.0000,6.0700,3136000
20130315,6.1600,6.1900,6.0200,6.0600,3077600
20130318,5.9600,6.1300,5.9500,6.1200,2981600
20130319,5.9300,6.0300,5.8500,5.9900,1909800
20130320,6.0700,6.0700,5.9100,5.9300,2663300
20130321,6.0900,6.1200,6.0500,6.0700,2685600
20130322,6.0900,6.1200,6.0600,6.0800,1485600
20130325,6.1000,6.1400,6.0600,6.1000,1764600
20130326,5.9900,6.1000,5.9600,6.1000,2739200
20130327,6.0000,6.0500,5.9500,6.0200,1775500
20130328,5.8200,5.9600,5.8000,5.9500,2376800
20130329,5.7800,5.8600,5.7800,5.8400,1532200
20130401,5.7900,5.8600,5.7800,5.8000,1160600
20130402,5.7800,5.8500,5.7500,5.8000,1229800
20130403,5.7800,5.8400,5.7000,5.7900,1223500
20130404,5.7800,5.7800,5.7800,5.7800,0
20130405,5.7800,5.7800,5.7800,5.7800,0
20130408,5.7300,5.7600,5.6000,5.7600,1627000
20130409,5.8000,5.8000,5.6600,5.7300,1444200
20130410,5.7700,5.8500,5.7300,5.7800,1142400
20130411,5.7400,5.8100,5.7400,5.8000,1223500
20130412,5.6600,5.8000,5.6400,5.8000,1595000
20130415,5.5400,5.6600,5.5000,5.6600,1960800
20130416,5.6100,5.6100,5.4700,5.5300,1192800
20130417,5.5900,5.6200,5.5500,5.6100,982700
20130418,5.5900,5.6100,5.5500,5.5600,956900
20130419,5.6900,5.7000,5.5700,5.5900,1782200
20130422,5.7000,5.7300,5.6200,5.6600,1034500
20130423,5.5200,5.7000,5.4900,5.7000,1923800
20130424,5.5500,5.5900,5.4700,5.4800,1917400
20130425,5.4700,5.5600,5.4700,5.5500,1571300
20130426,5.4700,5.4900,5.4300,5.4700,1060000
20130429,5.4700,5.4700,5.4700,5.4700,0
20130430,5.4700,5.4700,5.4700,5.4700,0
20130501,5.4700,5.4700,5.4700,5.4700,0
20130502,5.4800,5.4800,5.4200,5.4400,521300
20130503,5.5500,5.5600,5.4900,5.5000,1432700
20130506,5.5900,5.5900,5.5300,5.5500,1271200
20130507,5.5700,5.6000,5.5500,5.5900,1126300
20130508,5.5900,5.6000,5.5500,5.5700,1104500
20130509,5.5200,5.5900,5.4800,5.5900,1347300
20130510,5.5500,5.5500,5.4800,5.4800,1233500
20130513,5.5200,5.5500,5.4800,5.5500,1446300
20130514,5.5200,5.6000,5.5000,5.5200,1873800
20130515,5.5000,5.5500,5.4800,5.5300,1558800
20130516,5.6200,5.6300,5.5000,5.5000,2759800
20130517,5.6200,5.6500,5.5800,5.6400,2129200
20130520,5.6800,5.6900,5.6200,5.6400,2004900
20130521,5.6900,5.7200,5.6500,5.6600,1939300
20130522,5.6700,5.7100,5.6600,5.6900,1902600
20130523,5.6200,5.7500,5.6100,5.6600,2472100
20130524,5.6500,5.6500,5.5900,5.6300,2350100
20130527,5.6400,5.6600,5.6100,5.6400,1924500
20130528,5.7100,5.7100,5.6100,5.6400,2475200
20130529,5.6700,5.7000,5.6600,5.6800,2484400
20130530,5.7600,5.7900,5.6400,5.6700,4475000
20130531,5.6700,5.7600,5.6400,5.7400,3049700
20130603,5.6800,5.7300,5.6400,5.6400,1765600
20130604,5.5900,5.7800,5.5600,5.7000,1881400
20130605,5.5700,5.6000,5.5300,5.6000,1230100
20130606,5.4900,5.6000,5.4900,5.5500,1563700
20130607,5.4000,5.5200,5.3900,5.5200,1856300
20130610,5.4000,5.4000,5.4000,5.4000,0
20130611,5.4000,5.4000,5.4000,5.4000,0
20130612,5.4000,5.4000,5.4000,5.4000,0
20130613,5.4100,5.4900,5.3500,5.4300,2962300
20130614,5.4200,5.4300,5.3200,5.4100,2121800
20130617,5.5500,5.7500,5.5200,5.6200,3987900
20130618,5.4600,5.5300,5.4400,5.4500,2132800
20130619,5.3800,5.4800,5.3000,5.4700,1211600
20130620,5.3800,5.4600,5.3300,5.3600,1903000
20130621,5.3500,5.4200,5.2700,5.3600,2231500
20130624,4.8500,5.3300,4.8200,5.3000,3601300
20130625,4.7400,4.8800,4.4000,4.8400,3029300
20130626,4.6700,4.8400,4.5800,4.7000,1737700
20130627,4.6300,4.7700,4.6100,4.7000,1672100
20130628,4.6400,4.7000,4.5500,4.6300,854000
20130701,4.6900,4.7000,4.5600,4.6400,1185000
20130702,4.7200,4.7800,4.6600,4.6800,1076900
20130703,4.6400,4.7300,4.5800,4.7300,1237600
20130704,4.6800,4.7700,4.5500,4.6100,1532200
20130705,4.6700,4.7300,4.6700,4.6800,945500
20130708,4.4800,4.6000,4.4800,4.6000,1022800
20130709,4.5300,4.5600,4.4700,4.5200,578200
20130710,4.9800,4.9800,4.5000,4.5000,3336200
20130711,5.2000,5.3700,5.1100,5.2600,10523700
20130712,5.0600,5.2000,5.0400,5.1100,4426100
20130715,5.0500,5.1100,5.0000,5.0700,2645900
20130716,5.2100,5.2800,4.9900,5.0600,4562100
20130717,5.0500,5.1900,5.0400,5.1600,2840400
20130718,5.0500,5.0800,5.0000,5.0200,1509500
20130719,4.8400,5.0600,4.8100,5.0500,2421500
20130722,4.8800,4.8800,4.8000,4.8200,1265900
20130723,4.9600,4.9900,4.8400,4.8900,2023100
20130724,5.1800,5.4000,4.9300,4.9500,5946600
20130725,5.0300,5.1800,5.0000,5.1300,3536700
20130726,5.0300,5.1000,5.0000,5.0600,1238400
20130729,4.9800,5.0900,4.9500,5.0800,1437700
20130730,4.9800,5.0300,4.9200,4.9500,846600
20130731,4.9700,5.0500,4.9600,4.9800,758400
20130801,5.0700,5.0800,4.9800,5.0200,1529900
20130802,5.0500,5.0900,5.0000,5.0800,1196600
20130805,5.0900,5.0900,5.0100,5.0600,1376200
20130806,5.1200,5.1800,5.0500,5.0500,2228700
20130807,5.0300,5.1400,5.0300,5.1300,1515100
20130808,5.0800,5.0800,5.0100,5.0400,1048500
20130809,5.0800,5.1100,5.0300,5.1000,1267000
20130812,5.1300,5.1500,5.0500,5.0900,2220900
20130813,5.1400,5.1400,5.1000,5.1400,1739600
20130814,5.1700,5.2300,5.1300,5.1400,3500100
20130815,5.1500,5.2600,5.1300,5.1500,2621100
20130816,5.0500,5.2200,5.0500,5.0900,2541600
20130819,5.0800,5.1100,5.0200,5.0400,990100
20130820,5.0200,5.1000,5.0000,5.0600,1697400
20130821,5.1200,5.1200,5.0200,5.0700,1808100
20130822,5.0700,5.1300,5.0500,5.1200,1338600
20130823,5.0400,5.1500,5.0200,5.0800,2139300
20130826,5.3500,5.4400,5.0400,5.0400,8983600
20130827,5.8900,5.8900,5.3100,5.3500,26511400
20130828,6.1000,6.3500,5.6300,5.7500,27560800
20130829,6.1700,6.4000,5.8000,6.0000,27431100
20130830,6.7900,6.7900,6.0700,6.0700,55093500
20130902,6.1100,6.8600,6.1100,6.8400,33241400
20130903,5.8600,5.9600,5.7000,5.8600,23108400
20130904,5.9000,6.1000,5.8000,5.8500,16683100
20130905,5.7100,5.8200,5.6300,5.8000,13502400
20130906,5.8900,5.9300,5.6800,5.7300,14286300
20130909,6.0600,6.2800,5.7700,5.8300,20555600
20130910,6.4200,6.5700,5.9300,6.0100,24952700
20130911,6.1600,6.5200,6.0500,6.4700,17444400
20130912,6.0500,6.1500,5.9500,6.0400,9330700
20130913,5.9700,6.0600,5.8200,6.0600,7637000
20130916,5.9700,6.1300,5.8800,5.9500,6675600
20130917,6.5700,6.5700,5.8700,5.9600,37390000
20130918,6.4300,6.5100,6.2500,6.4000,27446800
20130920,6.4300,6.4300,6.4300,6.4300,0
20130923,6.4900,6.5700,6.3700,6.4200,20280200
20130924,6.4000,6.5300,6.1800,6.4300,17222400
20130925,6.2700,6.4800,6.2000,6.3600,10218100
20130926,5.9100,6.3400,5.8600,6.2500,12257600
20130927,5.9800,6.0300,5.8800,5.9100,5214400
20130930,6.0300,6.0700,5.9700,5.9800,3984200
20131001,6.0300,6.0300,6.0300,6.0300,0
20131002,6.0300,6.0300,6.0300,6.0300,0
20131003,6.0300,6.0300,6.0300,6.0300,0
20131004,6.0300,6.0300,6.0300,6.0300,0
20131007,6.0300,6.0300,6.0300,6.0300,0
20131008,6.2200,6.2900,5.9300,6.0400,7803500
20131009,6.8400,6.8400,6.1800,6.2600,32564900
20131010,7.1800,7.5200,6.9100,6.9500,51929100
20131011,7.2100,7.2800,6.9400,7.0700,23156900
20131014,7.1800,7.3400,6.9500,7.1100,17545500
20131015,7.2900,7.4700,6.9100,7.1200,22685700
20131016,6.8300,7.1800,6.7300,7.1800,15253900
20131017,6.8400,7.0700,6.7500,6.8900,8720300
20131018,6.8600,6.9600,6.6700,6.8400,6620900
20131021,7.0300,7.0600,6.6800,6.8600,11010600
20131022,7.0500,7.4300,6.9500,7.0000,14903400
20131023,6.6900,7.2200,6.6500,7.0000,12602700
20131024,6.6000,6.8700,6.5800,6.8000,7684500
20131025,6.5000,6.6800,6.4100,6.6300,6343700
20131028,6.5400,6.6100,6.3400,6.5200,4505000
20131029,6.2200,6.6300,6.0900,6.5500,9371100
20131030,6.5000,6.5600,6.1000,6.2200,7270800
20131031,6.3500,6.6800,6.3500,6.4900,7388900
20131101,6.3500,6.4700,6.1800,6.2500,4302300
20131104,6.3900,6.4800,6.2800,6.2900,3493700
20131105,6.6300,6.6400,6.2300,6.4200,5719700
20131106,6.3500,6.7200,6.3500,6.5700,6800600
20131107,6.3200,6.5000,6.3000,6.3200,3903500
20131108,6.4300,6.4800,6.2400,6.2500,5412200
20131111,6.5200,6.6200,6.3500,6.3700,6530000
20131112,6.5100,6.5400,6.4100,6.5300,3800500
20131113,6.9800,7.1600,6.3900,6.5500,33356000
20131114,7.0600,7.1600,6.8000,6.8000,24909400
20131115,7.0700,7.2200,6.8900,6.9400,19413300
20131118,7.1700,7.2500,6.9800,7.1300,18953300
20131119,7.1800,7.4500,7.0800,7.2500,19467900
20131120,7.7500,7.9000,6.9800,7.1900,40837500
20131121,7.9100,8.5000,7.4900,7.5900,53472700
20131122,7.8300,8.1100,7.6500,7.7400,25757400
20131125,8.1900,8.2900,7.6100,7.6300,31812000
20131126,7.9500,8.6800,7.9100,8.4900,31555100
20131127,7.7900,7.9600,7.6400,7.7500,18968100
20131128,8.1100,8.1300,7.6800,7.8400,22086200
20131129,7.9400,8.1200,7.9000,8.1200,17175600
20131202,7.3200,7.7700,7.2100,7.7000,17002100
20131203,7.6000,7.7100,7.3200,7.3200,10091400
20131204,7.9000,8.0200,7.5000,7.6500,16358200
20131205,7.7700,7.9300,7.7200,7.8400,9258500
20131206,7.8200,7.9700,7.6300,7.6600,8307900
20131209,7.9200,7.9500,7.8000,7.8600,7200500
20131210,8.0500,8.0500,7.8600,7.9100,12389800
20131211,7.8400,8.1500,7.7700,7.9900,9549000
20131212,7.6400,7.8700,7.6000,7.7600,8048100
20131213,7.7600,7.7700,7.5800,7.6400,5313400
20131216,7.4800,7.7900,7.4500,7.7600,7866900
20131217,7.2700,7.5300,7.2600,7.4400,5835800
20131218,7.3000,7.3600,7.2500,7.2700,3745100
20131219,7.4300,7.4400,7.2000,7.2900,5592000
20131220,7.4800,7.5200,7.2800,7.4000,6018700
20131223,7.2400,7.5100,7.1500,7.5100,6836800
20131224,7.3200,7.4600,7.2500,7.3000,5870600
20131225,7.3200,7.3400,7.1700,7.3000,4208700
20131226,7.0900,7.3100,7.0700,7.3100,4983800
20131227,7.1700,7.2200,7.0800,7.1100,4518900
20131230,7.8700,7.8900,7.4800,7.5000,26462200
20131231,7.6800,7.7800,7.6000,7.6800,10451600
20140101,7.6800,7.6800,7.6800,7.6800,0
20140102,7.6500,7.7800,7.5800,7.6700,6587000
20140103,7.3400,7.6700,7.3200,7.6300,8669900
20140106,7.0000,7.3000,6.9700,7.2900,7458300
20140107,7.0000,7.1300,6.7100,6.9900,5360300
20140108,6.9500,7.0800,6.9000,6.9700,4628400
20140109,6.7600,6.9900,6.7500,6.8900,4197000
20140110,6.5500,6.7900,6.5000,6.7800,5172200
20140113,6.7900,6.8500,6.5000,6.5500,5557300
20140114,6.8200,6.8500,6.6600,6.7000,4267100
20140115,6.8300,6.8900,6.7700,6.8400,3240100
20140116,6.8900,7.0500,6.7100,6.8400,4910100
20140117,6.7200,6.8600,6.7200,6.8500,2958200
20140120,6.6000,6.7500,6.5900,6.7000,2168700
20140121,6.6900,6.7400,6.6000,6.6400,2274000
20140122,6.8700,6.9300,6.7100,6.7500,4286200
20140123,6.8700,6.9400,6.8400,6.8500,3372200
20140124,6.9400,7.0100,6.8700,6.8800,3620000
20140127,6.8000,6.9300,6.7500,6.9000,3410300
20140128,6.9300,6.9800,6.8000,6.8000,3496900
20140129,6.9400,6.9700,6.8900,6.9000,3179800
20140130,6.8800,6.9400,6.8600,6.9000,2063400
20140131,6.8800,6.8800,6.8800,6.8800,0
20140203,6.8800,6.8800,6.8800,6.8800,0
20140205,6.8800,6.8800,6.8800,6.8800,0
20140206,6.8800,6.8800,6.8800,6.8800,0
20140207,6.9000,6.9000,6.7100,6.7500,3128700
20140210,7.1600,7.2000,6.8800,6.9000,7242200
20140211,7.4200,7.4500,7.0800,7.1600,11407900
20140212,7.4500,7.5300,7.3200,7.3600,10304100
20140213,7.6100,7.9900,7.3600,7.4500,18664300
20140214,7.7600,7.9300,7.5000,7.6000,12219600
20140217,7.8900,7.9400,7.6800,7.8200,10308000
20140218,7.9800,8.0200,7.7100,7.8800,13522700
20140219,7.8800,8.2500,7.8400,7.9000,15927500
20140220,7.5100,7.8800,7.5100,7.8200,11822700
20140221,7.3800,7.5900,7.3400,7.5000,6589200
20140224,7.4600,7.5100,7.3000,7.3600,5734500
20140225,7.1300,7.5300,7.0100,7.5000,8888400
