20130226,8.2900,8.4600,8.2700,8.4600,1922000
20130227,8.1500,8.3800,8.1400,8.2900,2181800
20130228,8.4300,8.4500,8.1400,8.1500,2764700
20130301,8.3800,8.4600,8.2800,8.3900,2071700
20130304,8.3000,8.5700,8.2600,8.3300,3816900
20130305,8.4300,8.4900,8.2600,8.2700,3364900
20130306,9.2700,9.2700,9.2700,9.2700,3210300
20130307,8.8100,9.6000,8.7500,9.6000,13041200
20130308,8.7200,8.7500,8.6100,8.7400,3661800
20130311,8.5300,8.7000,8.4800,8.7000,3120200
20130312,8.3100,8.6100,8.2000,8.5600,2841400
20130313,8.0900,8.3500,8.0500,8.3100,2460400
20130314,8.1900,8.2000,8.0500,8.1300,1530200
20130315,8.0600,8.2500,8.0300,8.1300,2068300
20130318,7.8900,8.1000,7.7800,8.0300,2176000
20130319,8.0700,8.1400,7.8300,7.8500,1727700
20130320,8.2300,8.2500,8.0300,8.0300,2652600
20130321,8.2100,8.3500,8.1600,8.2400,2436800
20130322,8.2600,8.3000,8.1000,8.2200,1964700
20130325,8.2300,8.2900,8.1100,8.2700,1763300
20130326,8.4000,8.5000,8.0500,8.2100,3276500
20130327,8.5000,8.7800,8.4100,8.4500,4955300
20130328,8.0700,8.3500,7.8000,8.3300,3249400
20130329,8.1500,8.1900,7.8500,7.9500,3262600
20130401,8.3300,8.6000,8.0600,8.0600,3781400
20130402,8.0000,8.3400,7.9100,8.2500,2633900
20130403,7.6200,8.0000,7.5000,8.0000,2919800
20130404,7.6200,7.6200,7.6200,7.6200,0
20130405,7.6200,7.6200,7.6200,7.6200,0
20130408,7.4200,7.5000,7.1800,7.4000,2378800
20130409,7.4600,7.5400,7.4000,7.4200,1490500
20130410,7.3800,7.5100,7.3000,7.4700,1541800
20130411,7.5800,7.6400,7.3700,7.4100,2045400
20130412,7.4500,7.5800,7.4400,7.5300,1081300
20130415,7.2700,7.5200,7.2700,7.5200,1096500
20130416,7.4100,7.4300,7.1600,7.2300,2491800
20130417,7.4500,7.5600,7.3000,7.3900,2100900
20130418,7.4800,7.5600,7.3400,7.4100,1729500
20130419,7.6300,7.6500,7.4200,7.5500,3051400
20130422,7.7900,7.8500,7.4900,7.5700,3380000
20130423,7.7300,7.7900,7.6000,7.7000,3525600
20130424,7.8600,7.9800,7.6400,7.6400,6539800
20130425,7.3800,7.7300,7.3300,7.7300,3561900
20130426,7.1200,7.4600,7.1000,7.3800,2065500
20130429,7.1200,7.1200,7.1200,7.1200,0
20130430,7.1200,7.1200,7.1200,7.1200,0
20130501,7.1200,7.1200,7.1200,7.1200,0
20130502,7.0400,7.1100,6.9500,7.0000,1429700
20130503,7.1200,7.1800,7.0400,7.0900,1282800
20130506,7.3600,7.3700,7.1000,7.1200,2134300
20130507,7.5200,7.5500,7.3000,7.3600,1945200
20130508,7.4700,7.8000,7.4400,7.4700,3940600
20130509,7.3100,7.5000,7.2300,7.4300,2416800
20130510,7.3900,7.3900,7.2000,7.3100,1420600
20130513,7.6300,7.6400,7.3100,7.3500,3849200
20130514,7.3800,7.5600,7.3000,7.4800,2432100
20130515,7.3300,7.4200,7.2700,7.3800,1176800
20130516,7.3000,7.4000,7.2500,7.3600,2494400
20130517,7.3500,7.3700,7.2600,7.3300,3628900
20130520,7.4900,7.5200,7.3400,7.3400,3659500
20130521,7.5900,7.6200,7.4100,7.4900,4425200
20130522,7.4900,7.6500,7.4500,7.6100,3409900
20130523,7.4500,7.5600,7.4000,7.5200,2410900
20130524,7.5800,7.5900,7.4300,7.4900,2571700
20130527,7.6400,7.6400,7.5100,7.5800,3191500
20130528,7.6800,7.6800,7.5600,7.6000,3257200
20130529,7.7300,7.8500,7.6400,7.6600,5360900
20130530,7.7600,7.7900,7.6300,7.6500,2989600
20130531,7.8000,7.9200,7.6800,7.7500,3217800
20130603,7.7900,7.9100,7.7400,7.8200,2239500
20130604,7.5700,7.8100,7.5100,7.7800,2813000
20130605,7.5500,7.6100,7.4900,7.6000,1220800
20130606,7.3900,7.5800,7.3500,7.5600,1838800
20130607,7.4000,7.4700,7.2200,7.4000,2111600
20130610,7.4000,7.4000,7.4000,7.4000,0
20130611,7.4000,7.4000,7.4000,7.4000,0
20130612,7.4000,7.4000,7.4000,7.4000,0
20130613,7.2000,7.3300,7.0000,7.3000,3447400
20130614,7.3000,7.3200,7.1600,7.2100,1763900
20130617,7.3000,7.3100,7.1100,7.2900,1536500
20130618,7.3800,7.4300,7.2700,7.3000,1173100
20130619,7.2500,7.3900,7.1500,7.3900,989300
20130620,7.0700,7.2700,7.0200,7.2200,1971900
20130621,7.4600,7.7800,6.9000,7.0000,7606700
20130624,7.4600,7.6900,7.3400,7.4300,11534900
20130625,7.6800,7.6800,7.0400,7.1600,13546700
20130626,7.7900,7.8200,7.5100,7.6800,12596300
20130627,7.5500,7.8000,7.2700,7.8000,9138400
20130628,7.0800,7.5000,7.0400,7.3900,7295700
20130701,6.6300,7.0700,6.5300,7.0000,6052600
20130702,6.6500,6.6800,6.3700,6.5600,6050400
20130703,6.5000,6.5800,6.3800,6.5500,2693300
20130704,6.4700,6.6000,6.4000,6.4400,2981500
20130705,6.4300,6.5500,6.4200,6.4500,2073700
20130708,6.0500,6.4300,6.0000,6.4300,3079100
20130709,6.0600,6.1300,6.0000,6.0500,1321100
20130710,6.2000,6.2100,6.0500,6.0600,1743000
20130711,6.3500,6.4100,6.1600,6.2000,2769200
20130712,6.2300,6.4000,6.2200,6.3400,2164600
20130715,6.3000,6.3200,6.2200,6.2600,1518600
20130716,6.4400,6.4600,6.2900,6.3600,2215000
20130717,6.3100,6.4500,6.3000,6.3800,1752900
20130718,6.1600,6.3200,6.1100,6.3000,1931200
20130719,6.0200,6.2000,6.0000,6.1900,1680600
20130722,5.9700,6.0100,5.8600,6.0000,1323500
20130723,6.1600,6.2000,5.9900,6.0000,1741300
20130724,6.1200,6.1700,6.0500,6.1200,1568400
20130725,6.1500,6.1600,6.0000,6.1000,2173800
20130726,6.4500,6.5000,6.0800,6.0800,6089400
20130729,7.0800,7.1000,6.2200,6.4000,14610400
20130730,6.7700,6.9800,6.6500,6.9000,6887000
20130731,6.8000,6.8000,6.4000,6.7100,6744400
20130801,6.8000,6.8100,6.6600,6.7600,5723000
20130802,6.6600,6.8000,6.5800,6.8000,3928500
20130805,6.6300,6.6700,6.5300,6.6500,2560500
20130806,6.6500,6.7100,6.5500,6.6300,3354600
20130807,6.5300,6.7000,6.4900,6.6700,2812800
20130808,6.6100,6.6300,6.4600,6.5000,2641100
20130809,6.8700,6.9300,6.5700,6.5900,7018000
20130812,6.8700,6.9600,6.7400,6.8800,5568200
20130813,6.8000,6.8900,6.7300,6.8500,3432700
20130814,6.7600,6.8400,6.7400,6.8000,2520100
20130815,6.8300,6.8400,6.7100,6.7100,2396500
20130816,6.5200,6.8400,6.5100,6.8200,2706100
20130819,6.5400,6.5700,6.4200,6.5000,1534900
20130820,6.3900,6.5700,6.3500,6.5700,2518900
20130821,6.4500,6.4700,6.3000,6.4000,1965000
20130822,6.4300,6.4700,6.4000,6.4600,1647000
20130823,6.3300,6.4700,6.2300,6.4600,1859000
20130826,6.4300,6.4500,6.2700,6.3200,1392700
20130827,6.5200,6.5700,6.4000,6.4500,2041800
20130828,6.4300,6.5000,6.4100,6.4700,1662400
20130829,6.3500,6.4600,6.3200,6.4400,1608500
20130830,6.2600,6.3900,6.2600,6.3700,1993000
20130902,6.3300,6.3300,6.1500,6.2600,1682800
20130903,6.4400,6.4600,6.3100,6.3300,2094300
20130904,6.5200,6.5500,6.4100,6.4500,2133800
20130905,6.9100,6.9500,6.4000,6.5200,9136400
20130906,7.0000,7.0900,6.7600,6.8500,12849100
20130909,6.8300,6.9300,6.8000,6.8900,4787000
20130910,6.7700,6.8500,6.7100,6.8500,3419400
20130911,7.3300,7.4000,6.6600,6.7900,14090200
20130912,7.0700,7.2300,6.9600,7.1000,7478400
20130913,6.9700,7.0400,6.8600,7.0100,3102700
20130916,6.9300,7.1200,6.8900,6.9700,2560800
20130917,6.7600,7.0300,6.7600,6.9200,2502700
20130918,6.8300,6.9200,6.7000,6.7600,1382100
20130920,6.8300,6.8300,6.8300,6.8300,0
20130923,6.8800,6.9400,6.7900,6.7900,2185200
20130924,6.8700,6.8800,6.7300,6.8300,2061700
20130925,6.7600,6.9000,6.7500,6.8900,1841700
20130926,6.5800,6.7800,6.5500,6.7800,2369300
20130927,6.5400,6.6600,6.4800,6.6300,2047200
20130930,6.5900,6.6100,6.5200,6.5600,1273200
20131001,6.5900,6.5900,6.5900,6.5900,0
20131002,6.5900,6.5900,6.5900,6.5900,0
20131003,6.5900,6.5900,6.5900,6.5900,0
20131004,6.5900,6.5900,6.5900,6.5900,0
20131007,6.5900,6.5900,6.5900,6.5900,0
20131008,6.6700,6.7100,6.5500,6.5800,1534700
20131009,6.8100,6.8300,6.6300,6.6300,2112700
20131010,6.6900,6.8200,6.6800,6.8200,1674800
20131011,7.2000,7.2700,6.6900,6.6900,9607100
20131014,7.2600,7.3400,7.1300,7.1300,6059400
20131015,7.2700,7.4400,7.2000,7.2000,14716900
20131016,7.1800,7.2600,7.0200,7.2600,5705200
20131017,7.3900,7.4200,7.0900,7.1600,12532100
20131018,7.1300,7.3000,7.1100,7.2500,7189700
20131021,7.1600,7.1600,6.9800,7.0500,4120700
20131022,7.0200,7.2000,7.0000,7.1900,3780300
20131023,6.7900,7.0700,6.7900,7.0200,2951900
20131024,6.8200,6.8900,6.7500,6.7500,1594900
20131025,6.8000,6.9000,6.7600,6.9000,2023400
20131028,6.9500,6.9600,6.8000,6.8000,2370000
20131029,6.6600,7.0100,6.4600,7.0000,3014400
20131030,6.7300,6.7500,6.5200,6.6400,1622700
20131031,6.3800,6.7300,6.2000,6.6500,2396100
20131101,6.3800,6.4100,6.2700,6.3700,1192400
20131104,6.4000,6.4500,6.3200,6.3200,1492700
20131105,6.5200,6.5500,6.3200,6.4000,1306200
20131106,6.4800,6.5800,6.4600,6.5300,1108800
20131107,6.3200,6.4900,6.3000,6.4700,991000
20131108,6.3000,6.3500,6.2200,6.3100,1056000
20131111,6.4000,6.4300,6.2900,6.3000,799700
20131112,6.4700,6.5000,6.3200,6.4000,991600
20131113,6.2200,6.4600,6.2000,6.4300,1175800
20131114,6.2800,6.3000,6.1000,6.2100,898300
20131115,6.3600,6.4400,6.2700,6.3100,1096000
20131118,6.4700,6.4900,6.3700,6.3700,1491100
20131119,6.5500,6.5700,6.4100,6.4600,1839400
20131120,6.5800,6.6500,6.5000,6.5500,1214400
20131121,6.5200,6.5400,6.4100,6.5300,1846700
20131122,6.6600,6.6600,6.4800,6.5100,2512500
20131125,6.6900,6.7600,6.6100,6.7200,2196500
20131126,6.5300,6.9600,6.4900,6.8100,4194000
20131127,6.5100,6.5400,6.4000,6.5100,2138000
20131128,6.5500,6.6300,6.4700,6.5200,2810000
20131129,6.5900,6.5900,6.5000,6.5500,1614900
20131202,6.1900,6.5000,6.1600,6.4700,2897900
20131203,6.3400,6.3600,6.1800,6.2400,1302300
20131204,6.3800,6.4800,6.2800,6.3400,1565000
20131205,6.4400,6.5000,6.3900,6.4100,1287300
20131206,6.4300,6.4800,6.3300,6.4800,1366700
20131209,6.4400,6.4600,6.4000,6.4100,1120500
20131210,6.4500,6.4700,6.4000,6.4100,1306500
20131211,6.3100,6.4500,6.2500,6.4500,1444400
20131212,6.2800,6.3500,6.2500,6.2500,1124900
20131213,6.3400,6.3800,6.2400,6.2400,971200
20131216,6.2300,6.3400,6.2100,6.3400,1101900
20131217,6.2300,6.2800,6.1900,6.2000,1270600
20131218,6.2200,6.2600,6.2000,6.2200,717600
20131219,6.2500,6.2900,6.2000,6.2300,1209200
20131220,6.1400,6.2500,6.1200,6.2500,985200
20131223,6.1200,6.1600,6.0300,6.1000,952500
20131224,6.1600,6.1900,6.0300,6.1200,672900
20131225,6.1800,6.2500,6.1500,6.1600,575100
20131226,6.1100,6.2200,6.0600,6.2200,928400
20131227,6.1500,6.1800,6.0600,6.1000,656100
20131230,6.1700,6.2300,6.1500,6.1600,597400
20131231,6.2000,6.2100,6.1100,6.1800,652000
20140101,6.2000,6.2000,6.2000,6.2000,0
20140102,6.2600,6.2600,6.1500,6.1800,951600
20140103,6.2500,6.2600,6.1900,6.2600,832000
20140106,6.1000,6.3100,6.0700,6.2600,822300
20140107,6.1200,6.1600,6.0400,6.1000,865900
20140108,6.0900,6.1700,6.0800,6.1500,607500
20140109,5.8800,6.1100,5.8800,6.0600,1626300
20140110,5.7400,5.8500,5.6800,5.8500,927500
20140113,5.7700,5.8000,5.7100,5.7800,419200
20140114,5.8000,5.8200,5.7300,5.7900,881200
20140115,5.7900,5.8600,5.7500,5.8300,670400
20140116,5.9100,5.9700,5.7800,5.8300,2086300
20140117,5.8700,5.9300,5.8300,5.8500,1507600
20140120,5.8500,5.9800,5.7200,5.9800,1392900
20140121,5.8700,5.9200,5.7600,5.8500,1477700
20140122,5.9900,6.0300,5.7800,5.8700,2584500
20140123,6.0400,6.0800,5.8500,5.9500,2407300
20140124,6.1900,6.2000,6.0000,6.0500,3187800
20140127,6.2600,6.2700,6.1300,6.1500,2841900
20140128,6.5800,6.5800,6.2500,6.2700,5938500
20140129,6.7000,6.8500,6.5600,6.5800,11531800
20140130,6.7300,6.8800,6.6200,6.7000,10682500
20140131,6.7300,6.7300,6.7300,6.7300,0
20140203,6.7300,6.7300,6.7300,6.7300,0
20140205,6.7300,6.7300,6.7300,6.7300,0
20140206,6.7300,6.7300,6.7300,6.7300,0
20140207,6.7600,6.8200,6.6000,6.7000,10403300
20140210,6.8400,6.9700,6.6500,6.6800,13067800
20140211,6.8700,6.9500,6.7300,6.8300,12647900
20140212,6.9700,7.2400,6.8000,6.8000,14567100
20140213,6.8900,7.0700,6.7800,6.8800,13187800
20140214,6.9000,6.9400,6.7800,6.7800,9797900
20140217,6.9500,7.0300,6.7900,6.8800,10552900
20140218,7.1800,7.2800,6.8800,6.8900,13302700
20140219,7.0200,7.1600,6.8800,7.1600,8815000
20140220,6.7200,7.0200,6.7100,6.9500,5591200
20140221,6.8200,6.8900,6.6900,6.7600,3299800
20140224,6.8000,6.8200,6.6200,6.7500,2558400
20140225,6.4200,6.8200,6.4100,6.7900,3825300
