20130226,6.5900,6.8100,6.5800,6.7300,3294400
20130227,6.5500,6.6700,6.5300,6.6000,1790900
20130228,6.6600,6.6700,6.5600,6.5600,2023800
20130301,6.7300,6.7400,6.6200,6.6500,2134200
20130304,6.4000,6.7300,6.3000,6.7000,2700400
20130305,6.6300,6.7500,6.5200,6.6200,2819700
20130306,6.7900,6.7900,6.5800,6.6000,3645200
20130307,6.8100,7.0500,6.6800,6.7900,4659100
20130308,6.6800,6.8200,6.6600,6.7600,2220200
20130311,6.6600,6.7500,6.6200,6.6500,1016400
20130312,6.4400,6.7100,6.3100,6.6600,2221400
20130313,6.4300,6.4800,6.3600,6.4100,987600
20130314,6.4100,6.4600,6.3200,6.4200,788800
20130315,6.4200,6.5000,6.3500,6.4000,1242200
20130318,6.2800,6.4600,6.2700,6.4000,950600
20130319,6.3000,6.3300,6.1600,6.3000,976000
20130320,6.4500,6.4600,6.2300,6.2300,1402300
20130321,6.4700,6.5500,6.4300,6.4400,1767100
20130322,6.5100,6.5400,6.4400,6.4600,1379500
20130325,6.5400,6.6200,6.4800,6.4900,1754800
20130326,6.4500,6.5400,6.4000,6.5200,1274500
20130327,6.4600,6.5200,6.4400,6.4600,1153400
20130328,6.2500,6.4400,6.2500,6.4400,1497200
20130329,6.2900,6.3200,6.2200,6.2800,860500
20130401,6.3500,6.4000,6.2800,6.3300,965100
20130402,6.3700,6.4500,6.3300,6.3400,1336800
20130403,6.3900,6.4300,6.3100,6.3600,1178300
20130404,6.3900,6.3900,6.3900,6.3900,0
20130405,6.3900,6.3900,6.3900,6.3900,0
20130408,6.5100,6.5200,6.1700,6.3300,1347100
20130409,6.5800,6.5800,6.4700,6.5300,2246700
20130410,6.5800,6.7500,6.5600,6.6800,3354600
20130411,6.6400,6.7100,6.5600,6.6200,2601700
20130412,6.4600,6.6700,6.4100,6.6400,2167500
20130415,6.3500,6.4800,6.3300,6.4500,1528400
20130416,6.3900,6.4000,6.2400,6.2900,1137800
20130417,6.4000,6.4300,6.3200,6.3600,1335900
20130418,6.4200,6.4500,6.3200,6.3500,1333500
20130419,6.5900,6.6400,6.4000,6.4300,2688700
20130422,6.6800,6.7300,6.5200,6.5500,3282000
20130423,6.5600,6.6900,6.4700,6.6800,2570300
20130424,6.7400,6.7600,6.5500,6.5800,3571200
20130425,6.6500,6.8000,6.6300,6.7000,2898700
20130426,6.6500,6.7000,6.5500,6.6500,1695800
20130429,6.6500,6.6500,6.6500,6.6500,0
20130430,6.6500,6.6500,6.6500,6.6500,0
20130501,6.6500,6.6500,6.6500,6.6500,0
20130502,6.8000,6.8400,6.6300,6.6400,2966000
20130503,6.8300,6.8900,6.7500,6.8000,3773400
20130506,6.8700,6.9200,6.7600,6.8600,3986300
20130507,6.8600,6.8800,6.7800,6.8300,2353700
20130508,6.8900,6.9900,6.8400,6.8800,3507700
20130509,6.8400,6.9300,6.7500,6.9000,3170500
20130510,6.8800,6.8800,6.7500,6.8500,2286400
20130513,6.9000,6.9300,6.8200,6.8800,2079800
20130514,6.7600,6.9000,6.7300,6.8600,1692700
20130515,6.7900,6.8200,6.7300,6.7600,1569900
20130516,6.9000,6.9100,6.7300,6.7900,2765600
20130517,6.9900,7.0400,6.8500,6.9000,4179100
20130520,7.2300,7.2800,7.0000,7.0000,6443600
20130521,7.2800,7.3300,7.1500,7.2200,4086900
20130522,7.2700,7.4800,7.2000,7.2800,4363300
20130523,7.1600,7.3400,7.1600,7.2800,2716100
20130524,7.4600,7.4600,7.1200,7.1600,3737400
20130527,7.4000,7.5200,7.2500,7.4000,2713000
20130528,7.4200,7.5500,7.3300,7.4100,2404800
20130529,7.4400,7.5700,7.3600,7.4000,2527700
20130530,7.3800,7.4800,7.3200,7.4600,1978800
20130531,7.2600,7.4800,7.2600,7.4000,2174600
20130603,7.2600,7.3500,7.2300,7.2800,1476200
20130604,7.0800,7.2900,7.0000,7.2600,1937100
20130605,7.1000,7.1800,7.0100,7.0900,1728600
20130606,7.0400,7.1600,6.9800,7.0700,2127700
20130607,6.8600,7.0500,6.8600,6.9800,1575100
20130610,6.8600,6.8600,6.8600,6.8600,0
20130611,6.8600,6.8600,6.8600,6.8600,0
20130612,6.8600,6.8600,6.8600,6.8600,0
20130613,6.6900,6.8000,6.6100,6.8000,1232400
20130614,6.7800,6.7800,6.6700,6.7200,1201100
20130617,6.9200,6.9800,6.7200,6.7900,1520500
20130618,6.9000,6.9900,6.8500,6.8900,1334400
20130619,6.8400,6.8700,6.6600,6.8700,1300700
20130620,6.6500,6.8300,6.6400,6.8200,1026600
20130621,6.5600,6.6500,6.4600,6.6000,1085600
20130624,6.1600,6.5700,6.0100,6.5600,1114500
20130625,6.1000,6.1700,5.7000,6.1500,1594700
20130626,6.1300,6.1500,6.0000,6.1000,1153700
20130627,5.9100,6.1900,5.9000,6.1300,1949100
20130628,6.0100,6.0600,5.8200,5.9000,1185500
20130701,6.1200,6.1200,6.0000,6.0000,842000
20130702,6.2700,6.2700,6.0800,6.1200,1433600
20130703,6.2200,6.2600,6.1200,6.2600,942500
20130704,6.2900,6.3700,6.1300,6.1500,972900
20130705,6.3300,6.3600,6.2600,6.3000,967300
20130708,6.2000,6.5000,6.1000,6.2000,1305100
20130709,6.1200,6.2400,6.0700,6.1600,1014700
20130710,6.3500,6.3600,6.1300,6.1300,988100
20130711,6.4700,6.5300,6.3100,6.3500,1487900
20130712,6.3800,6.5800,6.3600,6.4500,1142600
20130715,6.4600,6.5100,6.3800,6.3800,718400
20130716,6.6900,6.7500,6.4300,6.4300,3039400
20130717,6.6300,6.7200,6.5000,6.7200,1118500
20130718,6.5700,6.6500,6.5200,6.6000,814300
20130719,6.5700,6.7000,6.5500,6.5600,1209600
20130722,6.5800,6.6000,6.4600,6.4600,1015000
20130723,6.8700,7.1000,6.5500,6.5900,3159400
20130724,7.0800,7.2000,6.7300,6.8000,3857600
20130725,7.0900,7.2000,6.9400,7.0000,3378000
20130726,6.9400,7.0500,6.8000,7.0000,1654000
20130729,6.8500,7.0600,6.7300,7.0000,1560100
20130730,7.1000,7.4300,6.8800,6.8800,7499100
20130731,7.5900,7.6600,7.0600,7.1500,14848800
20130801,8.0600,8.2700,7.3800,7.3900,16918100
20130802,8.2600,8.6000,7.9100,7.9600,15651700
20130805,8.2100,8.2900,8.0400,8.1800,8683000
20130806,9.0200,9.0300,8.0300,8.1800,14985400
20130807,9.1000,9.4500,8.5800,8.8200,16983400
20130808,9.0100,9.3000,8.8400,9.1300,8507000
20130809,8.8200,9.1100,8.6400,8.9800,8060700
20130812,8.8800,8.9300,8.6100,8.8200,7871100
20130813,8.8000,8.8800,8.6600,8.7700,5177800
20130814,9.1900,9.4700,8.7000,8.7600,14238600
20130815,8.9300,9.1500,8.8000,9.0700,6046400
20130816,8.3200,9.1000,8.2500,8.9200,8585000
20130819,8.5900,8.6600,8.1200,8.2000,4950100
20130820,8.6200,8.6800,8.5100,8.6400,4378700
20130821,8.7400,8.8900,8.5200,8.5900,3772600
20130822,8.7600,8.9800,8.6500,8.7400,4492600
20130823,9.0000,9.2600,8.7600,8.7700,8132100
20130826,9.1500,9.2100,8.8800,9.1000,4853800
20130827,9.0400,9.2500,8.9800,9.1100,4379400
20130828,8.7000,9.0400,8.6600,9.0400,6677400
20130829,8.4800,8.7600,8.4300,8.7000,4552200
20130830,8.5000,8.5900,8.3200,8.5400,4089300
20130902,8.6200,8.6700,8.3700,8.3700,2959800
20130903,8.5900,8.7000,8.5400,8.6800,2693100
20130904,8.4000,8.6400,8.3600,8.5800,3473800
20130905,8.3000,8.3800,8.2300,8.3800,2678100
20130906,8.3700,8.4500,8.2800,8.2800,1893100
20130909,8.3700,8.5100,8.3500,8.3500,3257400
20130910,8.3000,8.4300,8.1800,8.4100,4385400
20130911,7.9500,8.2600,7.9400,8.2600,5117200
20130912,8.0300,8.0800,7.8400,7.9300,2376200
20130913,8.1800,8.2100,7.9900,8.0600,3064500
20130916,8.0400,8.1600,7.9700,8.1300,2306200
20130917,7.7900,8.0800,7.7700,8.0400,2112100
20130918,8.0800,8.1200,7.8000,7.8000,2096500
20130920,8.0800,8.0800,8.0800,8.0800,0
20130923,8.1500,8.1700,7.9900,8.0800,2764600
20130924,8.0700,8.2000,8.0000,8.1500,2270800
20130925,7.9800,8.1000,7.9500,8.0800,2080300
20130926,7.7300,8.0400,7.7100,7.9800,1932900
20130927,7.6100,7.8000,7.5500,7.7400,1561600
20130930,7.7300,7.7800,7.5900,7.6400,1281500
20131001,7.7300,7.7300,7.7300,7.7300,0
20131002,7.7300,7.7300,7.7300,7.7300,0
20131003,7.7300,7.7300,7.7300,7.7300,0
20131004,7.7300,7.7300,7.7300,7.7300,0
20131007,7.7300,7.7300,7.7300,7.7300,0
20131008,7.8800,7.8800,7.5500,7.7500,2501800
20131009,8.2000,8.2000,7.7700,7.8000,4405700
20131010,8.1000,8.2700,8.0200,8.1800,3372900
20131011,8.1400,8.2400,8.0600,8.1200,2263500
20131014,8.3600,8.4500,8.1100,8.1800,4982800
20131015,8.4400,8.5700,8.1600,8.3700,5975300
20131016,8.2200,8.6400,8.1100,8.5400,5577700
20131017,8.1300,8.3400,8.1200,8.2400,2726400
20131018,8.4400,8.4400,8.0500,8.1400,4160100
20131021,8.5400,8.5600,8.3600,8.4000,5212400
20131022,8.4800,8.5500,8.3700,8.5000,3970800
20131023,7.6300,8.4000,7.6300,8.3900,9947300
20131024,7.3200,7.5800,7.1800,7.5100,4908600
20131025,7.3000,7.3900,7.2300,7.3200,2451100
20131028,7.2000,7.3400,7.1300,7.3300,2102100
20131029,6.8500,7.2500,6.7200,7.2300,2649200
20131030,7.0800,7.1400,6.8100,6.8500,2543400
20131031,7.1700,7.3300,7.0200,7.0200,2270800
20131101,7.1800,7.2400,7.1400,7.2400,1366100
20131104,7.1800,7.2800,7.1100,7.1800,1089400
20131105,7.2100,7.2500,7.1000,7.1800,1107300
20131106,7.1600,7.2600,7.1500,7.2000,1304100
20131107,7.0600,7.2600,7.0300,7.1500,1403700
20131108,6.9800,7.1200,6.9600,7.0300,1192000
20131111,7.0600,7.0600,6.9500,6.9700,677400
20131112,7.3100,7.3200,7.0300,7.0900,2013700
20131113,7.0600,7.2900,7.0600,7.2500,1418200
20131114,7.1000,7.1600,6.9700,7.0500,886000
20131115,7.4000,7.5300,7.1100,7.1100,4588800
20131118,7.9100,7.9700,7.3200,7.3900,5695200
20131119,8.0000,8.0400,7.8000,7.8200,10750500
20131120,7.9000,8.0400,7.7000,7.9400,6580700
20131121,7.7200,7.8500,7.6200,7.8500,3130900
20131122,7.8500,7.9600,7.6200,7.6200,5616100
20131125,7.9000,7.9200,7.7200,7.8600,4189000
20131126,7.7700,7.8500,7.6800,7.8400,1904500
20131127,7.7500,7.8000,7.7000,7.7100,1633700
20131128,7.8000,7.8900,7.7100,7.7500,2858500
20131129,7.9000,7.9000,7.7100,7.8000,3476600
20131202,7.9600,8.1800,7.6800,7.7500,8249100
20131203,8.2100,8.3000,7.7100,7.8700,8748500
20131204,8.1400,8.2900,7.9400,7.9600,6888300
20131205,8.1300,8.2900,8.0300,8.0700,3520400
20131206,8.1900,8.2400,8.1300,8.1300,3225600
20131209,8.4200,8.4800,8.1200,8.2000,6833500
20131210,8.5500,8.5900,8.3100,8.4000,5478800
20131211,8.1700,8.5300,8.1400,8.5100,4301800
20131212,8.1800,8.3400,8.1000,8.1000,2147400
20131213,8.3800,8.5600,8.0600,8.1100,5339500
20131216,8.1900,8.5600,8.0000,8.3800,3687200
20131217,7.9300,8.2100,7.9100,8.1800,2872600
20131218,8.5100,8.5600,7.8300,7.9000,5635600
20131219,8.3900,8.5500,8.3300,8.4700,2243700
20131220,8.1500,8.4400,8.1400,8.3900,2162400
20131223,8.1700,8.2600,8.0300,8.1400,1356200
20131224,8.0600,8.3600,8.0000,8.1600,1773700
20131225,8.1000,8.1100,7.9900,8.0600,1666500
20131226,7.9200,8.0700,7.9000,8.0700,1077500
20131227,8.1800,8.2600,7.8800,7.8900,1655600
20131230,8.3600,8.4900,8.1300,8.1300,2715300
20131231,8.3500,8.5400,8.1700,8.3600,3173200
20140101,8.3500,8.3500,8.3500,8.3500,0
20140102,8.2600,8.3700,8.1200,8.2800,2064600
20140103,8.0800,8.2700,8.0700,8.2200,1545000
20140106,8.0000,8.0800,7.7200,8.0700,1849400
20140107,7.8800,8.0100,7.6600,8.0100,1645400
20140108,7.6100,7.8800,7.6100,7.7600,1317300
20140109,7.3800,7.6800,7.3500,7.6000,1630000
20140110,7.1300,7.3700,7.1200,7.3400,974000
20140113,7.2100,7.3000,7.1300,7.1300,578500
20140114,7.4300,7.4500,7.1700,7.1700,888600
20140115,7.3800,7.5000,7.3700,7.4400,875700
20140116,7.4500,7.5900,7.3500,7.3800,1295900
20140117,7.4200,7.5000,7.3500,7.5000,679000
20140120,7.2300,7.4400,7.2200,7.3800,701200
20140121,7.3600,7.4000,7.2500,7.2500,727600
20140122,7.4800,7.5200,7.3500,7.4000,1597400
20140123,7.4800,7.5300,7.4400,7.4500,1446300
20140124,7.5600,7.6500,7.4300,7.4300,1104800
20140127,7.5300,7.6800,7.5000,7.5100,793300
20140128,7.5000,7.6100,7.4800,7.6000,726800
20140129,7.5600,7.6300,7.5000,7.5000,627200
20140130,7.4900,7.6100,7.4600,7.6100,646900
20140131,7.4900,7.4900,7.4900,7.4900,0
20140203,7.4900,7.4900,7.4900,7.4900,0
20140205,7.4900,7.4900,7.4900,7.4900,0
20140206,7.4900,7.4900,7.4900,7.4900,0
20140207,7.5400,7.5800,7.4500,7.4500,803800
20140210,7.7600,7.7600,7.5400,7.5400,1697600
20140211,8.0000,8.0400,7.7000,7.7800,3299000
20140212,8.0400,8.1300,7.9300,7.9900,3577100
20140213,7.8800,8.0400,7.8700,8.0000,1598600
20140214,8.0700,8.1000,7.8800,7.8800,1601200
20140217,8.2600,8.3100,8.0200,8.0800,4110900
20140218,8.1800,8.2500,8.1200,8.1700,3240900
20140219,8.1300,8.2600,8.1000,8.2600,1976200
20140220,7.9500,8.1700,7.9100,8.1000,1443900
20140221,7.9400,8.0100,7.8200,7.9100,1215100
20140224,8.0000,8.0100,7.8000,7.9100,1100700
20140225,7.6500,8.0400,7.6000,8.0000,1920300
