20130226,13.3300,13.6300,13.2500,13.4000,4711100
20130227,13.5400,13.6300,13.4100,13.5100,3900200
20130228,13.9500,14.0000,13.5300,13.6200,7173300
20130301,13.8400,13.9600,13.6900,13.9600,5785000
20130304,13.0100,13.6200,12.9400,13.6000,7602000
20130305,13.2700,13.3800,12.9500,13.0100,4694100
20130306,13.5500,13.6700,13.2700,13.3300,6334500
20130307,13.6000,13.9500,13.2800,13.4800,9606800
20130308,13.4000,13.6900,13.3600,13.6400,3704500
20130311,13.5800,13.7900,13.3000,13.3800,5719400
20130312,13.2000,13.7900,12.9800,13.5800,7285200
20130313,13.1400,13.3600,13.0400,13.1000,4208500
20130314,12.8700,13.2100,12.8400,13.1000,4477200
20130315,12.8900,13.2200,12.8100,12.9600,4218000
20130318,12.2800,12.8600,12.2600,12.8600,4816700
20130319,12.2100,12.3800,11.9300,12.2600,3630400
20130320,12.5700,12.7400,12.2100,12.2100,4916800
20130321,12.6300,12.7200,12.5100,12.5700,4020800
20130322,12.7300,12.8500,12.3800,12.5200,5738100
20130325,12.8000,12.9400,12.6000,12.7000,4933700
20130326,12.3800,12.7500,12.3300,12.7500,3930300
20130327,12.3600,12.5600,12.3000,12.4100,2778400
20130328,11.8300,12.2500,11.8200,12.2500,4364300
20130329,11.7000,11.9400,11.7000,11.8500,2600100
20130401,11.8400,11.9000,11.6900,11.7200,2143100
20130402,11.9700,12.0900,11.8000,11.8000,2550900
20130403,11.9000,12.0500,11.8200,12.0000,1988100
20130404,11.9000,11.9000,11.9000,11.9000,0
20130405,11.9000,11.9000,11.9000,11.9000,0
20130408,12.1400,12.2000,11.5000,11.5100,3451000
20130409,12.2900,12.5000,12.0800,12.1300,4100500
20130410,12.3100,12.4800,12.2100,12.3000,3174200
20130411,12.1100,12.4500,12.1100,12.3300,2409500
20130412,11.9600,12.3000,11.9600,12.1500,2077300
20130415,11.4700,11.7500,11.4200,11.6500,2831500
20130416,11.6700,11.9300,11.1100,11.1200,3067100
20130417,11.6900,11.9400,11.6100,11.6700,1977700
20130418,11.6800,11.7600,11.5000,11.6300,2164800
20130419,12.3800,12.5500,11.7500,11.7500,8248100
20130422,12.4700,12.5200,12.1600,12.2000,5151900
20130423,12.1500,12.6800,12.1000,12.5500,6142700
20130424,12.5800,12.6000,12.1500,12.1500,5344500
20130425,12.8800,13.3500,12.7700,12.7700,14388300
20130426,12.9700,13.1100,12.6700,12.8700,8328000
20130429,12.9700,12.9700,12.9700,12.9700,0
20130430,12.9700,12.9700,12.9700,12.9700,0
20130501,12.9700,12.9700,12.9700,12.9700,0
20130502,13.1400,13.3000,12.6200,12.8400,6961500
20130503,13.5400,13.9600,13.3000,13.3000,11992200
20130506,13.7400,13.8000,13.4000,13.4700,8046600
20130507,13.6100,13.9400,13.5100,13.6700,6746300
20130508,13.8000,13.9000,13.5300,13.6300,7127500
20130509,13.9500,14.2300,13.7100,13.9900,11949700
20130510,14.3100,14.4800,13.7500,13.9000,11719400
20130513,14.1300,14.5600,14.0400,14.3300,7490900
20130514,13.5600,14.0600,13.5000,14.0600,8683300
20130515,13.6100,13.6800,13.1300,13.5100,8925100
20130516,13.5000,13.6700,13.2000,13.4400,6383800
20130517,13.9100,13.9800,13.3800,13.5100,9590400
20130520,13.9400,14.1800,13.8100,13.9100,7550900
20130521,14.0600,14.2500,13.8100,13.9000,7517700
20130522,13.7800,14.1200,13.7300,14.0000,7827700
20130523,13.1600,13.6900,13.1000,13.6400,9320700
20130524,13.4000,13.4400,13.1500,13.1600,5707200
20130527,13.2400,13.4000,13.1400,13.4000,5614300
20130528,13.9300,13.9500,13.1600,13.3000,11987300
20130529,14.1000,14.3700,13.9800,14.0800,15022000
20130530,14.4400,14.4900,13.9600,14.0100,14492800
20130531,14.3800,14.7600,14.2700,14.6000,14918900
20130603,14.3500,14.9800,14.2400,14.4300,17753400
20130604,13.7300,14.1800,13.5700,14.1800,11572100
20130605,13.7600,13.9700,13.6000,13.7300,5656200
20130606,13.3200,13.8300,13.3000,13.7100,6228300
20130607,13.0900,13.5500,13.0000,13.4000,6281500
20130610,13.0900,13.0900,13.0900,13.0900,0
20130611,13.0900,13.0900,13.0900,13.0900,0
20130612,13.0900,13.0900,13.0900,13.0900,0
20130613,12.1900,12.9500,11.9000,12.9500,5701800
20130614,12.3800,12.6000,12.1200,12.3300,4970800
20130617,12.5600,12.8500,12.2600,12.4500,5202400
20130618,12.3700,12.6300,12.2500,12.5700,3404300
20130619,12.4200,12.4900,12.1700,12.2000,4045400
20130620,11.6100,12.3500,11.6100,12.2300,5261900
20130621,11.3600,11.4800,11.0800,11.3800,3626300
20130624,10.3300,11.4800,10.2200,11.3600,6221700
20130625,10.2900,10.4200,9.3600,10.2800,5505200
20130626,10.4900,10.5500,10.0300,10.3500,3803700
20130627,10.0800,10.6500,10.0800,10.5000,4951400
20130628,10.1000,10.3700,9.8900,9.9800,3195400
20130701,10.4300,10.4900,10.0100,10.0900,3637500
20130702,10.4900,10.5300,10.3300,10.4800,3869600
20130703,10.2500,10.4400,10.0900,10.4400,3464700
20130704,10.6700,10.9800,10.1000,10.1800,8717300
20130705,10.7200,11.0500,10.5200,10.6200,7679800
20130708,10.1900,10.8500,10.0700,10.5400,5963300
20130709,10.2700,10.5700,10.1800,10.1900,2748200
20130710,10.8900,10.9400,10.2500,10.2600,8537900
20130711,11.1900,11.4300,10.8200,10.8600,10892600
20130712,10.8900,11.3000,10.8400,11.1900,7133400
20130715,11.0100,11.1400,10.8600,10.9700,4302100
20130716,11.0800,11.1100,10.9500,11.0000,3722300
20130717,10.7500,11.1700,10.7300,11.0900,4401600
20130718,10.4900,10.8400,10.4700,10.7400,4098200
20130719,10.1000,10.6400,10.1000,10.4900,4549500
20130722,10.2700,10.3000,10.0500,10.1000,3135600
20130723,10.6900,10.7500,10.3300,10.3300,5712500
20130724,10.5000,10.6600,10.3600,10.6000,4205600
20130725,10.4400,10.6600,10.4100,10.5100,3777800
20130726,10.5200,10.9600,10.4100,10.4700,4269500
20130729,10.5900,10.8800,10.4600,10.5800,5342700
20130730,10.6800,10.8700,10.5100,10.5100,5177100
20130731,10.5900,10.8300,10.5400,10.7200,4194300
20130801,10.8100,10.8800,10.5800,10.6200,5969900
20130802,10.8400,11.0000,10.7100,10.8700,6666700
20130805,10.9700,11.0800,10.7500,10.7800,4988000
20130806,11.0900,11.1800,10.8300,10.9500,6920200
20130807,11.0200,11.3300,10.9200,11.0100,7339800
20130808,11.0700,11.3200,11.0000,11.1000,5532500
20130809,11.4000,11.5300,11.0800,11.1600,10979000
20130812,11.9700,12.1900,11.3300,11.5100,14363300
20130813,11.7800,12.0000,11.7000,12.0000,7183000
20130814,11.4900,11.8700,11.4000,11.8000,6554400
20130815,11.3900,11.6800,11.3700,11.4400,5709400
20130816,11.1200,11.8000,11.1000,11.2700,6192000
20130819,11.3600,11.4300,11.0100,11.0200,3660400
20130820,11.7600,11.7900,11.3000,11.3500,10167100
20130821,12.0200,12.3500,11.8500,12.0300,16959900
20130822,11.6300,11.9700,11.6000,11.9300,5966200
20130823,11.5600,11.8800,11.3600,11.6300,4595000
20130826,11.6300,11.7600,11.5500,11.6000,5767200
20130827,11.6000,11.8300,11.5700,11.6600,5850300
20130828,11.5500,11.7900,11.4200,11.4800,7309000
20130829,11.2900,11.7100,11.2500,11.5700,6251600
20130830,11.0400,11.4100,11.0000,11.3400,5116900
20130902,11.2400,11.2700,11.0600,11.0800,3049900
20130903,11.3400,11.3500,11.1800,11.2700,2986800
20130904,11.3700,11.4800,11.3000,11.3500,3484700
20130905,11.1400,11.4300,11.1200,11.3100,3411400
20130906,11.1900,11.3900,11.0800,11.1300,2912300
20130909,11.5300,11.6500,11.2400,11.2400,7763200
20130910,11.6900,11.8600,11.4700,11.5700,7480800
20130911,11.7900,11.9500,11.6300,11.6300,10309100
20130912,11.6300,11.9800,11.6100,11.9800,6286000
20130913,11.4400,11.6500,11.4100,11.5300,5006800
20130916,11.2400,11.5700,11.1800,11.5000,4738100
20130917,11.1300,11.3600,11.1000,11.2000,4729000
20130918,11.1900,11.2400,11.0900,11.0900,2185200
20130920,11.1900,11.1900,11.1900,11.1900,0
20130923,11.3200,11.3400,11.2200,11.2300,2889300
20130924,11.1400,11.3200,11.1000,11.3200,4016900
20130925,11.1400,11.2800,11.1000,11.1100,3670100
20130926,10.7500,11.2500,10.7200,11.1400,4247700
20130927,10.7500,10.9000,10.7100,10.7500,2710800
20130930,10.8600,10.9400,10.7700,10.7700,2300800
20131001,10.8600,10.8600,10.8600,10.8600,0
20131002,10.8600,10.8600,10.8600,10.8600,0
20131003,10.8600,10.8600,10.8600,10.8600,0
20131004,10.8600,10.8600,10.8600,10.8600,0
20131007,10.8600,10.8600,10.8600,10.8600,0
20131008,10.9600,10.9800,10.8000,10.8600,2628400
20131009,10.9200,10.9800,10.8600,10.9600,2376500
20131010,10.9800,11.1500,10.7400,10.9000,5915600
20131011,10.8600,10.9500,10.7800,10.9500,5678300
20131014,10.6500,10.8400,10.5900,10.8200,6055200
20131015,10.7300,10.8000,10.6400,10.6800,3211400
20131016,10.3500,10.7400,10.2900,10.6800,4196000
20131017,10.3700,10.5400,10.3200,10.3700,2908700
20131018,10.3700,10.4600,10.3600,10.3900,1939800
20131021,10.4400,10.4500,10.2000,10.3700,3813700
20131022,10.5500,10.5700,10.3600,10.4500,3601000
20131023,10.4700,10.6600,10.4300,10.5500,4117700
20131024,10.2600,10.5200,10.2400,10.4700,2562200
20131025,10.0700,10.3500,10.0500,10.2600,2569400
20131028,10.1200,10.1500,10.0100,10.0700,1572600
20131029,9.7000,10.1800,9.5600,10.1000,3425900
20131030,9.8200,9.8500,9.6800,9.7100,1979600
20131031,9.6500,9.8200,9.5700,9.8200,2213600
20131101,9.7000,9.7900,9.5600,9.5700,1483600
20131104,9.8100,9.8700,9.6900,9.6900,1811800
20131105,9.9100,9.9200,9.6800,9.8200,1941400
20131106,9.9000,10.2200,9.9000,10.1800,2871900
20131107,9.6800,9.8900,9.6600,9.8500,1582800
20131108,9.6000,9.7600,9.5800,9.6200,1380300
20131111,9.5700,9.6700,9.4700,9.5600,1773500
20131112,9.7000,9.7200,9.5400,9.5400,1723500
20131113,9.4700,9.6700,9.4400,9.6700,1607300
20131114,9.5500,9.5700,9.4500,9.4500,1390200
20131115,9.7700,9.8700,9.6500,9.6500,2662800
20131118,9.9500,10.0000,9.7500,9.7800,2882100
20131119,9.9600,10.0200,9.8500,9.9800,3434900
20131120,10.0200,10.0800,9.9100,9.9400,2546000
20131121,9.9100,9.9800,9.8600,9.9800,2103800
20131122,10.1600,10.3500,9.8700,9.9100,5935100
20131125,10.2000,10.3500,10.0700,10.1000,3824700
20131126,10.2100,10.3700,10.1700,10.2500,2888400
20131127,10.5100,10.5500,10.1800,10.2100,6768400
20131128,10.7200,10.8600,10.5000,10.6500,11509400
20131129,11.0300,11.1500,10.5200,10.6000,13849500
20131202,10.6100,10.9800,10.4000,10.5000,13907300
20131203,10.8100,10.9100,10.4500,10.5000,9873900
20131204,10.8100,10.9500,10.6600,10.7700,8679700
20131205,10.8500,10.8700,10.6100,10.7800,7232800
20131206,10.6500,10.8700,10.6300,10.8500,3876300
20131209,10.6000,10.7500,10.5800,10.7100,3018500
20131210,10.6300,10.8000,10.5400,10.6000,3884200
20131211,10.2100,10.5700,10.1800,10.5300,5513400
20131212,10.1900,10.3300,10.1600,10.2000,2959200
20131213,10.2400,10.2600,10.1200,10.1900,1830800
20131216,9.9700,10.2700,9.9400,10.2500,2974200
20131217,9.9600,10.0800,9.7900,9.9800,2458700
20131218,10.0300,10.1000,9.9200,9.9900,1823400
20131219,10.0400,10.1400,9.9900,10.0400,1551400
20131220,9.8100,10.1600,9.8000,10.0500,1782100
20131223,9.7500,9.8800,9.7000,9.8800,1154900
20131224,9.7400,9.8800,9.6900,9.8100,1234700
20131225,9.8600,9.8900,9.7400,9.7400,1048200
20131226,9.7400,9.9800,9.5900,9.8900,2528700
20131227,9.9800,10.1400,9.6800,9.6800,2852700
20131230,9.9600,10.1700,9.9400,10.0900,1390900
20131231,9.9600,10.1100,9.8700,9.9400,1514400
20140101,9.9600,9.9600,9.9600,9.9600,0
20140102,9.9500,10.0500,9.9100,9.9600,1424500
20140103,9.7500,10.0000,9.7400,9.9600,2050700
20140106,9.4900,9.8000,9.4500,9.7600,2137100
20140107,9.5900,9.6100,9.4200,9.4500,1440600
20140108,9.4900,9.6000,9.4500,9.5000,1611100
20140109,9.3100,9.5800,9.3100,9.4900,1356100
20140110,9.4800,9.5100,9.0700,9.2300,3348100
20140113,9.4400,9.6500,9.2500,9.4500,2853900
20140114,9.4300,9.5000,9.2200,9.4900,1809000
20140115,9.3200,9.4500,9.1600,9.4100,2441000
20140116,9.4700,9.6200,9.2400,9.3000,3284500
20140117,9.1900,9.4400,9.1900,9.4000,1872100
20140120,9.1200,9.2900,9.1000,9.2900,1206500
20140121,9.2100,9.2500,9.1100,9.1100,1280600
20140122,9.4000,9.4400,9.2000,9.2000,1941300
20140123,9.3800,9.4700,9.3600,9.4500,1483600
20140124,10.0800,10.2200,9.3400,9.3400,9133600
20140127,9.8800,10.0400,9.7200,10.0000,4158500
20140128,9.8000,9.9700,9.7500,9.8500,1708300
20140129,9.6700,9.8500,9.5000,9.8500,5323600
20140130,9.5400,9.6300,9.4300,9.5500,2708100
20140131,9.5400,9.5400,9.5400,9.5400,0
20140203,9.5400,9.5400,9.5400,9.5400,0
20140205,9.5400,9.5400,9.5400,9.5400,0
20140206,9.5400,9.5400,9.5400,9.5400,0
20140207,9.7300,9.7800,9.5000,9.5100,2194300
20140210,10.0900,10.2000,9.7300,9.7900,5276300
20140211,10.1700,10.5900,10.0000,10.0100,8396500
20140212,10.2000,10.2500,10.0500,10.1800,3550500
20140213,10.1100,10.4300,10.1100,10.2100,4230300
20140214,10.1300,10.1700,9.9900,10.0600,3380600
20140217,10.3000,10.3300,10.1900,10.1900,4405500
20140218,10.1500,10.3000,10.0800,10.3000,3362000
20140219,10.2000,10.2300,10.0800,10.1500,3406800
20140220,10.0600,10.2800,10.0600,10.2300,3963500
20140221,9.9700,10.2600,9.9100,10.0700,3228400
20140224,9.6600,9.9400,9.6100,9.9000,3029200
20140225,9.3700,9.7500,9.3100,9.6800,3167000
