20130226,5.7200,5.9200,5.7200,5.8000,2443100
20130227,5.8300,5.8300,5.7000,5.7300,1211000
20130228,5.9000,5.9000,5.7700,5.8400,2140700
20130301,5.9700,5.9800,5.8500,5.8800,2731600
20130304,5.7700,6.0200,5.7000,5.9000,3850700
20130305,5.8500,5.8700,5.7000,5.7200,1982000
20130306,5.9100,5.9400,5.8300,5.8500,2025900
20130307,5.9100,5.9900,5.8200,5.9100,2021000
20130308,5.8900,5.9600,5.8500,5.9400,1292200
20130311,5.8800,5.9400,5.7800,5.8900,1320300
20130312,5.6600,5.9000,5.6100,5.8500,1862500
20130313,5.5500,5.6700,5.5000,5.6600,1236900
20130314,5.5800,5.6600,5.5500,5.5700,786900
20130315,5.5900,5.6900,5.5400,5.5900,897400
20130318,5.5100,5.6400,5.5100,5.5800,579300
20130319,5.5400,5.6000,5.4500,5.5300,960000
20130320,5.7500,5.7600,5.5400,5.5500,1646000
20130321,5.8300,5.8500,5.7500,5.7500,1592700
20130322,5.8200,5.8800,5.7900,5.8500,1086800
20130325,5.8000,5.8700,5.7700,5.8700,1372700
20130326,5.7500,5.7900,5.6600,5.7900,1073100
20130327,5.7100,5.7900,5.7000,5.7400,739800
20130328,5.5200,5.7000,5.5000,5.7000,1030300
20130329,5.5200,5.5700,5.5000,5.5200,546000
20130401,5.5500,5.5700,5.5000,5.5700,566400
20130402,5.5300,5.6200,5.4500,5.5900,666900
20130403,5.4500,5.5900,5.4000,5.5500,873500
20130404,5.4500,5.4500,5.4500,5.4500,0
20130405,5.4500,5.4500,5.4500,5.4500,0
20130408,5.4300,5.4400,5.3000,5.4100,785700
20130409,5.4700,5.5000,5.4100,5.4300,668200
20130410,5.4400,5.4900,5.3900,5.4800,627000
20130411,5.4400,5.4800,5.4100,5.4400,586800
20130412,5.4000,5.5100,5.3800,5.4500,748200
20130415,5.2700,5.3800,5.2700,5.3700,541500
20130416,5.3200,5.3300,5.1500,5.2700,652000
20130417,5.3300,5.3300,5.2700,5.3000,457300
20130418,5.3300,5.3600,5.2600,5.2700,312100
20130419,5.4000,5.4300,5.3000,5.3000,621800
20130422,5.4900,5.5300,5.4100,5.4100,904700
20130423,5.3700,5.5000,5.3300,5.4900,801400
20130424,5.4500,5.4600,5.3600,5.4000,919200
20130425,5.2300,5.4600,5.2100,5.4100,1204900
20130426,5.3000,5.3900,5.2000,5.3100,1268600
20130429,5.3000,5.3000,5.3000,5.3000,0
20130430,5.3000,5.3000,5.3000,5.3000,0
20130501,5.3000,5.3000,5.3000,5.3000,0
20130502,5.3600,5.4100,5.2800,5.3000,618300
20130503,5.3900,5.4400,5.3500,5.3700,681000
20130506,5.4600,5.4800,5.4000,5.4200,822600
20130507,5.4600,5.5000,5.4300,5.4800,501100
20130508,5.4800,5.4900,5.4500,5.4600,578600
20130509,5.4700,5.4900,5.4000,5.4900,969300
20130510,5.5300,5.5500,5.4700,5.5000,939300
20130513,5.5100,5.5400,5.4800,5.5400,748800
20130514,5.4100,5.5200,5.3900,5.5200,869500
20130515,5.4500,5.4600,5.4000,5.4100,948100
20130516,5.5500,5.6100,5.4500,5.5000,1715700
20130517,5.5900,5.6400,5.5600,5.5600,1342600
20130520,5.7100,5.7200,5.5700,5.6400,1485800
20130521,5.7700,5.7800,5.6600,5.6600,1278200
20130522,5.7000,5.7900,5.6900,5.7700,1055200
20130523,5.6700,5.7500,5.6500,5.6900,1042400
20130524,5.7300,5.7300,5.6600,5.6600,796700
20130527,5.7700,5.7900,5.7000,5.7400,1160600
20130528,5.8300,5.8300,5.7500,5.7500,1344400
20130529,5.8100,5.8500,5.8000,5.8200,905600
20130530,5.8300,5.8300,5.7700,5.7900,868000
20130531,5.8000,5.8600,5.7900,5.8300,1071700
20130603,5.7300,5.8300,5.7000,5.7900,1263900
20130604,5.6000,5.7300,5.5700,5.7100,1070000
20130605,5.6000,5.6400,5.5700,5.5800,597300
20130606,5.5200,5.6300,5.5200,5.6000,676100
20130607,5.4000,5.5800,5.3400,5.5500,687600
20130610,5.4000,5.4000,5.4000,5.4000,0
20130611,5.4000,5.4000,5.4000,5.4000,0
20130612,5.4000,5.4000,5.4000,5.4000,0
20130613,5.2800,5.3700,5.2300,5.3600,964700
20130614,5.3000,5.3300,5.2800,5.2900,683700
20130617,5.3100,5.3300,5.2700,5.3000,500200
20130618,5.3400,5.3500,5.2900,5.3400,495300
20130619,5.2800,5.3200,5.2100,5.3100,993700
20130620,5.1600,5.2800,5.1000,5.2800,723600
20130621,5.1100,5.1500,5.0300,5.1100,548400
20130624,4.8100,5.1400,4.7500,5.1400,823400
20130625,4.7200,4.8300,4.4000,4.7800,1063900
20130626,4.7200,4.7700,4.6600,4.7400,1021300
20130627,4.7500,4.9000,4.7100,4.7300,1019200
20130628,4.9500,4.9500,4.6600,4.7100,1524100
20130701,4.9500,4.9700,4.8200,4.9400,1658200
20130702,4.9600,4.9700,4.8600,4.9000,558900
20130703,4.9700,4.9900,4.9100,4.9700,618200
20130704,4.9800,5.0400,4.8800,4.9700,465600
20130705,4.9700,5.0300,4.9600,5.0000,387100
20130708,4.7800,4.9500,4.7600,4.9500,559300
20130709,4.7500,4.8100,4.7200,4.7600,388300
20130710,4.9000,4.9000,4.7500,4.7600,543200
20130711,5.1000,5.1200,4.8600,4.9000,1171300
20130712,5.0100,5.1000,4.9800,5.0400,637700
20130715,5.1100,5.1100,5.0100,5.0500,614900
20130716,5.1000,5.1300,5.0400,5.1000,623100
20130717,5.0300,5.1200,5.0200,5.1000,526600
20130718,4.9700,5.0600,4.9600,5.0600,545700
20130719,4.8900,5.0500,4.8900,5.0300,465300
20130722,4.9100,4.9300,4.8600,4.8800,530100
20130723,5.0600,5.0800,4.9200,4.9300,672600
20130724,5.0600,5.0800,4.9800,5.0300,869500
20130725,5.0300,5.0700,5.0000,5.0700,438100
20130726,5.0200,5.0400,4.9400,5.0200,467600
20130729,4.8900,5.0000,4.8900,5.0000,665000
20130730,4.9000,4.9400,4.8000,4.9000,720200
20130731,4.9400,4.9700,4.9000,4.9000,567200
20130801,5.0700,5.0700,4.9400,4.9400,808300
20130802,5.0600,5.1200,5.0400,5.1200,858700
20130805,5.1100,5.1400,5.0500,5.1100,970100
20130806,5.1800,5.2000,5.0900,5.1100,1048800
20130807,5.2700,5.2700,5.1400,5.1800,1623300
20130808,5.2400,5.3100,5.2200,5.2600,1597200
20130809,5.2200,5.2700,5.1500,5.2400,736700
20130812,5.3300,5.3300,5.1900,5.2400,985400
20130813,5.3300,5.4100,5.2800,5.3300,1028600
20130814,5.2700,5.3400,5.2300,5.3200,900300
20130815,5.2200,5.2900,5.1900,5.2800,795200
20130816,5.2200,5.3000,5.1600,5.2000,1037200
20130819,5.2800,5.2900,5.1800,5.2100,607300
20130820,5.2800,5.3200,5.2300,5.2700,855500
20130821,5.3100,5.3300,5.2700,5.3100,479400
20130822,5.3400,5.3800,5.2900,5.2900,912700
20130823,5.2800,5.4000,5.2200,5.3400,940600
20130826,5.4300,5.4600,5.2700,5.2900,1001500
20130827,5.4500,5.4700,5.4000,5.4300,915500
20130828,5.4800,5.5100,5.3900,5.4500,1280800
20130829,5.4800,5.5000,5.4400,5.4600,724000
20130830,5.4900,5.5600,5.3100,5.5100,1701300
20130902,5.5900,5.7200,5.3800,5.4200,2684300
20130903,5.6100,5.6100,5.5000,5.5500,1714700
20130904,5.5700,5.5900,5.5200,5.5700,880100
20130905,5.5800,5.5800,5.4800,5.5300,1183900
20130906,5.5400,5.5700,5.4200,5.5300,1111300
20130909,5.5900,5.6000,5.4900,5.5400,1175300
20130910,5.6100,5.6100,5.5500,5.6000,1044400
20130911,5.9200,5.9900,5.6000,5.6200,6381900
20130912,5.7700,5.9500,5.7000,5.8500,3482400
20130913,5.6200,5.7900,5.5500,5.7900,2784800
20130916,5.6100,5.6700,5.5500,5.6500,1305900
20130917,5.5300,5.6400,5.5200,5.5800,1326600
20130918,5.5800,5.6000,5.5200,5.5200,578300
20130920,5.5800,5.5800,5.5800,5.5800,0
20130923,5.6600,5.6700,5.5800,5.5800,960900
20130924,5.6100,5.6600,5.5700,5.6400,848900
20130925,5.6000,5.6400,5.5700,5.6000,865900
20130926,5.4500,5.6100,5.4400,5.5800,873800
20130927,5.4700,5.5100,5.4300,5.5000,1127100
20130930,5.5400,5.5600,5.4700,5.4900,659500
20131001,5.5400,5.5400,5.5400,5.5400,0
20131002,5.5400,5.5400,5.5400,5.5400,0
20131003,5.5400,5.5400,5.5400,5.5400,0
20131004,5.5400,5.5400,5.5400,5.5400,0
20131007,5.5400,5.5400,5.5400,5.5400,0
20131008,5.5900,5.6200,5.4500,5.5400,946800
20131009,5.6200,5.6300,5.5500,5.5700,831800
20131010,5.6800,5.7000,5.5900,5.6300,1245400
20131011,5.8000,5.8300,5.6700,5.6800,1811800
20131014,5.8900,5.9200,5.7000,5.7100,3172200
20131015,5.8000,5.8800,5.7000,5.8100,2399000
20131016,5.6400,5.7800,5.6100,5.7400,1279600
20131017,5.6600,5.7300,5.6400,5.6500,930900
20131018,5.7300,5.7300,5.6400,5.6400,836000
20131021,5.8100,5.8100,5.6900,5.7400,1198300
20131022,5.8300,5.8400,5.7400,5.8200,1150900
20131023,5.6600,5.8400,5.6300,5.8400,1479700
20131024,5.6100,5.6600,5.5500,5.6100,1028900
20131025,5.5600,5.6900,5.5500,5.6200,1456000
20131028,5.5600,5.6100,5.5100,5.6100,417300
20131029,5.4300,5.6000,5.2800,5.5400,1541200
20131030,5.5000,5.5000,5.3200,5.4300,890000
20131031,5.5000,5.5000,5.3900,5.4900,582300
20131101,5.5000,5.5300,5.4300,5.5000,421200
20131104,5.5000,5.5000,5.4500,5.4700,440500
20131105,5.5400,5.5400,5.4400,5.5200,788400
20131106,6.0900,6.0900,6.0900,6.0900,2869900
20131107,5.8900,6.1000,5.7400,6.1000,9261800
20131108,5.6400,5.9400,5.6300,5.8300,5226100
20131111,5.8200,5.8800,5.4800,5.5800,5002700
20131112,5.6600,5.8000,5.6000,5.7500,3249500
20131113,5.4400,5.6700,5.3800,5.6700,2849700
20131114,5.4400,5.4600,5.3400,5.4100,2356500
20131115,5.5200,5.5700,5.4100,5.4400,2767600
20131118,5.5800,5.5900,5.4600,5.5100,2926300
20131119,5.6400,5.6700,5.5400,5.5800,2676800
20131120,5.7100,5.7700,5.6400,5.6700,2601600
20131121,5.6400,5.6800,5.5800,5.6800,1950300
20131122,5.6800,5.7500,5.6100,5.6200,2299600
20131125,5.6500,5.7400,5.6000,5.6800,1866400
20131126,5.6400,5.6800,5.5500,5.6200,1327700
20131127,5.7100,5.7200,5.6000,5.6300,1935100
20131128,5.7300,5.7500,5.6800,5.7000,1977700
20131129,5.7400,5.7600,5.7000,5.7300,2033400
20131202,5.4300,5.6600,5.4000,5.6500,3317400
20131203,5.5600,5.5900,5.4300,5.4500,1401700
20131204,5.6500,5.6900,5.5300,5.5600,1950600
20131205,5.7000,5.7400,5.6300,5.6700,1924700
20131206,5.7100,5.7300,5.6600,5.6600,1041700
20131209,5.7100,5.7500,5.6800,5.6800,1038100
20131210,5.9200,5.9200,5.6800,5.7000,6291800
20131211,5.9800,6.0700,5.8000,5.8700,7961800
20131212,5.8800,5.9900,5.8300,5.8600,3990600
20131213,5.8500,5.9000,5.7900,5.9000,2031300
20131216,5.8500,5.8800,5.7700,5.8300,3109200
20131217,6.1200,6.2500,5.8100,5.8500,9436800
20131218,5.9600,6.0600,5.8600,6.0000,5093700
20131219,5.7700,6.0100,5.7500,5.9500,3275100
20131220,5.5500,5.8000,5.5100,5.8000,3075800
20131223,5.4800,5.5500,5.3900,5.5500,1296000
20131224,5.5500,5.5800,5.4800,5.5000,1192200
20131225,5.5900,5.6000,5.5300,5.5600,1316600
20131226,5.4800,5.6100,5.4700,5.6100,1469400
20131227,5.5600,5.5900,5.4200,5.4600,1372600
20131230,5.6300,5.6500,5.5200,5.5200,2114400
20131231,5.6800,5.7100,5.5400,5.6300,1461500
20140101,5.6800,5.6800,5.6800,5.6800,0
20140102,5.7000,5.7200,5.6000,5.6800,1436300
20140103,5.6900,5.6900,5.6100,5.6700,1025600
20140106,5.5600,5.7000,5.5300,5.6400,998300
20140107,5.5600,5.6100,5.5100,5.5100,752000
20140108,5.5200,5.5900,5.4500,5.5400,1480800
20140109,5.4300,5.5500,5.4100,5.5200,896100
20140110,5.2000,5.4300,5.1600,5.4300,1411800
20140113,5.1800,5.2500,5.1300,5.2000,640300
20140114,5.2900,5.2900,5.1800,5.1800,541400
20140115,5.2800,5.3000,5.2300,5.3000,589300
20140116,5.3300,5.3400,5.2500,5.2700,595400
20140117,5.2400,5.3000,5.2100,5.3000,599600
20140120,5.2200,5.2700,5.1800,5.2100,427000
20140121,5.3100,5.3100,5.2300,5.2800,568400
20140122,5.4200,5.4200,5.3000,5.3300,1695900
20140123,5.4000,5.4500,5.3700,5.4200,1292500
20140124,5.4900,5.5000,5.3800,5.3800,1146600
20140127,5.7500,5.8000,5.4100,5.4500,3773600
20140128,5.6700,5.8400,5.6000,5.6800,4191700
20140129,5.7500,5.7800,5.6300,5.6700,2229800
20140130,5.9100,5.9400,5.7200,5.7900,3056700
20140131,5.9100,5.9100,5.9100,5.9100,0
20140203,5.9100,5.9100,5.9100,5.9100,0
20140205,5.9100,5.9100,5.9100,5.9100,0
20140206,5.9100,5.9100,5.9100,5.9100,0
20140207,5.8300,5.8600,5.6900,5.8000,3752800
20140210,5.8700,5.9000,5.7600,5.8400,4661700
20140211,5.8200,5.9700,5.8000,5.8500,2710200
20140212,6.0000,6.3500,5.7600,5.8100,6427300
20140213,5.8700,5.9900,5.8300,5.9000,4107000
20140214,6.0100,6.0500,5.8300,5.8700,2636400
20140217,6.0500,6.0900,5.9700,5.9700,2638800
20140218,6.1500,6.2200,6.0000,6.0100,4050300
20140219,6.0900,6.1500,6.0400,6.1400,2957900
20140220,5.8800,6.1200,5.8200,6.0800,3074900
20140221,5.9400,5.9400,5.8200,5.8800,1841300
20140224,5.9300,5.9500,5.8300,5.8900,1854100
20140225,5.8100,6.1400,5.6900,5.9500,3736200
