20130226,21.4100,22.1600,21.3500,21.8200,13994200
20130227,21.3000,21.6900,21.1100,21.3900,6801400
20130228,21.6400,21.6400,21.0900,21.3900,8533700
20130301,22.0700,22.1600,21.5400,21.6200,16797300
20130304,21.8800,22.2200,21.7000,22.0700,17427100
20130305,21.8900,22.1100,21.2300,21.8700,24759900
20130306,21.9100,21.9200,21.5600,21.9000,13955700
20130307,21.3800,21.9200,21.2500,21.9100,13798000
20130308,20.9300,21.3700,20.9000,21.3700,10417600
20130311,20.5200,20.8700,20.3700,20.8700,9332600
20130312,20.1300,20.6700,19.8100,20.5200,9593200
20130313,20.1300,20.3000,19.7400,20.0000,5936200
20130314,20.1400,20.3400,20.0700,20.1700,4818500
20130315,20.2700,20.6400,19.9500,20.1700,6846100
20130318,20.0000,20.3400,19.8800,20.2700,6849500
20130319,19.5800,20.1500,19.5000,19.9800,6226200
20130320,20.0000,20.0900,19.6200,19.6200,6249600
20130321,20.1600,20.4500,20.0300,20.2400,8550200
20130322,20.0000,20.3000,19.9800,20.1600,5162800
20130325,19.9400,20.0500,19.6700,20.0100,5894100
20130326,20.2800,20.5400,19.6600,19.9400,9754000
20130327,20.2800,20.4900,20.2000,20.3000,8572200
20130328,19.9400,20.4400,19.8000,20.2800,6410600
20130329,20.2600,20.3900,19.9200,19.9200,6815700
20130401,20.1600,20.3500,20.0400,20.3200,4011600
20130402,20.0100,20.4300,19.8300,20.1500,6352700
20130403,19.5100,20.0600,19.5000,20.0200,6779900
20130404,19.5100,19.5100,19.5100,19.5100,0
20130405,19.5100,19.5100,19.5100,19.5100,0
20130408,19.3900,19.4700,18.8000,19.2500,4497900
20130409,19.6800,19.8000,19.3900,19.3900,4568200
20130410,19.7700,20.0600,19.7600,19.9400,4436900
20130411,19.7100,19.9900,19.6500,19.9800,3871900
20130412,19.6300,19.9400,19.6000,19.7300,3108200
20130415,19.1600,19.6200,19.1000,19.6100,3341000
20130416,19.3500,19.4300,18.7900,19.0000,3654600
20130417,19.3000,19.4000,19.1100,19.3500,2841800
20130418,19.5900,19.7300,19.1900,19.2800,3371000
20130419,19.8400,19.8700,19.5200,19.6000,5827300
20130422,20.4100,20.4200,19.5800,19.6600,9737000
20130423,20.0000,20.4000,19.8800,20.3800,5795500
20130424,20.4000,20.5400,19.7900,19.8000,6725100
20130425,20.8900,21.3500,20.4400,20.4400,16408300
20130426,20.3500,21.2000,20.1000,21.1200,10542200
20130429,20.3500,20.3500,20.3500,20.3500,0
20130430,20.3500,20.3500,20.3500,20.3500,0
20130501,20.3500,20.3500,20.3500,20.3500,0
20130502,20.8800,21.0000,20.4000,20.4900,8558800
20130503,20.8800,20.8800,20.8800,20.8800,0
20130506,20.8800,20.8800,20.8800,20.8800,0
20130507,20.8800,20.8800,20.8800,20.8800,0
20130508,20.8800,20.8800,20.8800,20.8800,0
20130509,20.8800,20.8800,20.8800,20.8800,0
20130510,20.8800,20.8800,20.8800,20.8800,0
20130513,20.8800,20.8800,20.8800,20.8800,0
20130514,20.8800,20.8800,20.8800,20.8800,0
20130515,20.8800,20.8800,20.8800,20.8800,0
20130516,20.8800,20.8800,20.8800,20.8800,0
20130517,20.8800,20.8800,20.8800,20.8800,0
20130520,20.8800,20.8800,20.8800,20.8800,0
20130521,20.8800,20.8800,20.8800,20.8800,0
20130522,20.8800,20.8800,20.8800,20.8800,0
20130523,20.8800,20.8800,20.8800,20.8800,0
20130524,20.8800,20.8800,20.8800,20.8800,0
20130527,20.8800,20.8800,20.8800,20.8800,0
20130528,20.8800,20.8800,20.8800,20.8800,0
20130529,20.8800,20.8800,20.8800,20.8800,0
20130530,20.8800,20.8800,20.8800,20.8800,0
20130531,20.8800,20.8800,20.8800,20.8800,0
20130603,20.8800,20.8800,20.8800,20.8800,0
20130604,20.8800,20.8800,20.8800,20.8800,0
20130605,20.8800,20.8800,20.8800,20.8800,0
20130606,20.8800,20.8800,20.8800,20.8800,0
20130607,20.8800,20.8800,20.8800,20.8800,0
20130610,20.8800,20.8800,20.8800,20.8800,0
20130611,20.8800,20.8800,20.8800,20.8800,0
20130612,20.8800,20.8800,20.8800,20.8800,0
20130613,20.8800,20.8800,20.8800,20.8800,0
20130614,20.8800,20.8800,20.8800,20.8800,0
20130617,20.8800,20.8800,20.8800,20.8800,0
20130618,20.8800,20.8800,20.8800,20.8800,0
20130619,20.8800,20.8800,20.8800,20.8800,0
20130620,20.8800,20.8800,20.8800,20.8800,0
20130621,20.8800,20.8800,20.8800,20.8800,0
20130624,20.8800,20.8800,20.8800,20.8800,0
20130625,20.8800,20.8800,20.8800,20.8800,0
20130626,20.8800,20.8800,20.8800,20.8800,0
20130627,20.8800,20.8800,20.8800,20.8800,0
20130628,20.8800,20.8800,20.8800,20.8800,0
20130701,20.8800,20.8800,20.8800,20.8800,0
20130702,20.8800,20.8800,20.8800,20.8800,0
20130703,20.8800,20.8800,20.8800,20.8800,0
20130704,20.8800,20.8800,20.8800,20.8800,0
20130705,20.8800,20.8800,20.8800,20.8800,0
20130708,20.4000,21.7700,18.8100,20.5000,31051400
20130709,20.1400,20.8000,19.7200,20.6000,14354000
20130710,19.7200,20.0500,19.0700,20.0500,13411700
20130711,20.2700,20.6000,19.4800,19.5000,13591200
20130712,20.9000,21.4000,20.0600,20.1600,13426800
20130715,21.5700,21.6900,20.7000,20.8000,15523400
20130716,21.2500,21.7500,21.0300,21.4300,10602500
20130717,20.7800,21.6700,20.7000,21.3000,7816300
20130718,21.3700,21.6500,20.6100,20.7300,9286600
20130719,21.0500,21.9000,21.0300,21.3000,9125900
20130722,20.9400,21.3400,20.7000,21.0000,4443300
20130723,21.0400,21.2500,20.7200,21.0000,9743100
20130724,21.6000,21.6000,20.9000,21.0400,12287300
20130725,21.7100,21.9300,21.2000,21.5500,12088800
20130726,22.1000,22.3800,21.4300,21.6700,14634000
20130729,21.9500,22.6700,21.8000,22.0000,12816200
20130730,21.6400,22.0700,21.4400,21.8500,5245700
20130731,21.8700,22.2600,21.5400,21.7100,6204900
20130801,21.9800,22.0700,21.6500,21.8000,6065200
20130802,22.0000,22.1100,21.8700,21.8800,7577200
20130805,22.5300,22.7800,21.6500,21.8500,12059300
20130806,23.0000,23.1000,22.4200,22.5000,10637200
20130807,22.7000,23.1400,22.6500,23.0000,4066600
20130808,22.5900,23.1000,22.1500,22.6500,9823800
20130809,22.8800,22.9200,22.2000,22.5000,6581500
20130812,24.5300,25.1000,22.8900,22.8900,14535700
20130813,24.0800,24.5500,23.8800,24.5400,7027300
20130814,23.9400,24.4100,23.7500,23.8600,6583400
20130815,23.3300,24.2000,23.3000,23.9700,5578500
20130816,22.3500,23.5900,22.2200,23.2900,7862200
20130819,22.9200,23.0300,22.1600,22.1900,4840700
20130820,22.2900,22.9900,22.0000,22.9500,7550200
20130821,22.4700,22.5200,22.1100,22.3000,4574300
20130822,21.8600,22.8000,21.8000,22.3500,7293700
20130823,22.0900,22.3200,21.9000,21.9200,5190600
20130826,22.7500,22.8500,22.2000,22.2000,6040000
20130827,23.1200,23.2200,22.6400,22.6400,5921700
20130828,22.5000,22.9000,22.4200,22.9000,4904400
20130829,22.7400,22.9500,22.4800,22.5000,3857000
20130830,21.9100,22.7200,21.8500,22.7200,7025400
20130902,23.3000,24.0900,21.8500,21.8500,14064200
20130903,23.8000,24.3000,23.3000,23.3200,12999900
20130904,23.5100,23.9100,23.0100,23.8200,4983700
20130905,23.4000,23.5000,23.0800,23.5000,3097700
20130906,23.0700,23.6100,22.9000,23.0000,3526100
20130909,23.1200,23.3400,22.8400,23.1300,6182100
20130910,23.6000,23.8900,23.3300,23.3400,7267500
20130911,23.5800,24.0900,22.8800,23.6000,7686600
20130912,23.6000,24.0700,23.1500,23.4900,6178500
20130913,23.9000,24.0600,23.4100,23.5900,5486500
20130916,24.1000,24.2700,23.5600,23.8700,5759500
20130917,23.3700,24.1900,23.3500,24.1800,3812600
20130918,23.3800,23.8500,23.2900,23.3500,1736100
20130920,23.3800,23.3800,23.3800,23.3800,0
20130923,23.4200,23.5600,23.0500,23.3800,4197100
20130924,22.9900,23.4000,22.7000,23.4000,5105900
20130925,22.6900,22.9200,22.4700,22.9200,7034700
20130926,22.6000,23.0600,22.3500,22.5500,4718900
20130927,21.8800,22.5100,21.6500,22.5100,7901400
20130930,23.0000,23.0000,22.0700,22.4100,7470700
20131001,23.0000,23.0000,23.0000,23.0000,0
20131002,23.0000,23.0000,23.0000,23.0000,0
20131003,23.0000,23.0000,23.0000,23.0000,0
20131004,23.0000,23.0000,23.0000,23.0000,0
20131007,23.0000,23.0000,23.0000,23.0000,0
20131008,23.5800,23.7400,22.6000,22.7600,10651500
20131009,23.2800,23.5000,22.9500,23.3900,6090500
20131010,23.6000,23.6400,23.0100,23.3500,7057100
20131011,23.4900,23.9400,23.3200,23.5500,5581500
20131014,24.8500,25.3900,23.3000,23.4200,19180900
20131015,24.8000,25.4900,24.4000,24.8400,11018600
20131016,24.9800,25.5800,24.2800,24.7000,9583000
20131017,25.4500,25.9000,25.0500,25.0500,9009200
20131018,25.0200,25.3300,24.7800,25.3200,4661100
20131021,25.9300,26.2000,24.7000,24.7000,7993600
20131022,25.9200,26.8500,24.7000,25.4800,12356400
20131023,24.9200,26.1600,24.7000,25.7700,6755700
20131024,25.4500,25.5000,24.3500,24.9100,5549900
20131025,24.7200,25.7500,24.4800,25.3100,4207600
20131028,25.8400,25.8500,24.5900,24.5900,7077000
20131029,25.7600,26.3600,24.8900,26.0500,7603900
20131030,26.1200,26.8500,25.6700,25.8600,8668500
20131031,24.8800,25.9800,24.8600,25.7500,4885500
20131101,24.2900,24.7900,23.9600,24.7900,3878400
20131104,24.3100,25.2000,24.2800,24.4500,3817200
20131105,25.3000,25.3300,24.0300,24.3100,4247200
20131106,24.8600,25.6000,24.8200,25.3000,2889700
20131107,25.0100,25.3300,24.4500,24.8900,4294800
20131108,24.0100,24.6900,23.3800,24.5800,7397900
20131111,24.0000,24.2300,23.5200,24.0100,2122800
20131112,23.8500,24.0300,23.5000,24.0000,2329000
20131113,23.9800,24.2000,23.5500,23.8500,3436400
20131114,24.5000,24.6800,23.9300,23.9300,3119700
20131115,25.0300,25.1200,24.2000,24.3500,3865500
20131118,25.2100,25.7500,25.1000,25.2000,4294400
20131119,24.7700,25.3100,24.5800,25.2200,4112600
20131120,24.6500,25.0300,24.5400,24.7700,2745400
20131121,24.7300,24.9800,24.4800,24.6000,2846500
20131122,25.3400,26.0700,24.8600,24.9000,8788500
20131125,25.3500,25.5800,25.1000,25.3500,3691500
20131126,25.4400,25.6500,25.1000,25.2900,3714000
20131127,25.7800,25.8500,25.3700,25.4900,3110500
20131128,25.7800,25.7800,25.7800,25.7800,0
20131129,25.7800,25.7800,25.7800,25.7800,0
20131202,25.7800,25.7800,25.7800,25.7800,0
20131203,25.7800,25.7800,25.7800,25.7800,0
20131204,25.7800,25.7800,25.7800,25.7800,0
20131205,25.7800,25.7800,25.7800,25.7800,0
20131206,26.5500,27.5700,26.0000,26.3500,9256200
20131209,26.9700,27.3600,25.9100,26.5500,6920900
20131210,26.1100,26.8800,25.9900,26.8600,4964700
20131211,27.2000,27.7500,25.7100,26.1000,9102000
20131212,26.9300,27.6300,26.8000,27.0500,5743100
20131213,26.7600,27.2400,26.3700,26.5500,3175000
20131216,27.6100,28.9600,27.3800,27.3800,14169800
20131217,27.3700,28.7300,27.3200,27.6000,10454400
20131218,27.1300,27.8100,26.4000,27.4800,6585100
20131219,26.5000,27.1000,26.3300,26.8000,4087700
20131220,27.4900,27.5500,26.3800,26.6000,6140100
20131223,26.3000,27.8800,26.0000,27.7500,7871700
20131224,26.6000,26.7500,25.8800,26.5300,5604000
20131225,27.0000,27.1600,26.3000,26.6100,7394800
20131226,26.7100,27.7500,26.4600,27.6800,7290400
20131227,26.5900,27.0500,26.2000,26.5200,4743100
20131230,27.3700,27.3700,26.5900,26.5900,5385200
20131231,27.2800,27.4000,26.6400,27.4000,3823500
20140101,27.2800,27.2800,27.2800,27.2800,0
20140102,27.3300,27.5200,26.8500,27.2700,2868100
20140103,28.2000,28.2800,27.4000,27.4000,6970100
20140106,25.9000,27.9500,25.8000,27.9500,7497700
20140107,25.6100,25.7900,25.0900,25.7900,6508400
20140108,26.5100,26.5800,25.4400,25.5800,6326000
20140109,25.4500,26.5000,24.4500,26.4200,9644100
20140110,24.7000,25.9900,24.4800,25.0000,6300300
20140113,24.9500,25.2000,24.5400,24.7000,4593500
20140114,25.7900,25.9800,24.6100,24.6100,5171500
20140115,25.7400,25.9000,25.4000,25.7500,2745700
20140116,25.6700,25.9600,25.4000,25.8500,2893400
20140117,25.0000,25.8500,24.9000,25.6500,2644900
20140120,25.1100,25.8500,24.4300,25.5500,6735700
20140121,24.6600,25.0700,24.4800,25.0000,4024900
20140122,24.9500,24.9800,24.2300,24.7000,6375300
20140123,24.5700,24.8600,24.4900,24.8600,5302900
20140124,24.6500,24.7500,24.1800,24.4500,7736100
20140127,24.2600,24.5600,24.1600,24.5000,3774300
20140128,23.5000,24.3500,23.1300,24.2600,8313400
20140129,23.4100,23.8200,23.2300,23.7200,5113500
20140130,23.3000,23.5700,23.1000,23.4200,3604300
20140131,23.3000,23.3000,23.3000,23.3000,0
20140203,23.3000,23.3000,23.3000,23.3000,0
20140205,23.3000,23.3000,23.3000,23.3000,0
20140206,23.3000,23.3000,23.3000,23.3000,0
20140207,24.8800,24.9800,23.7100,23.7200,9914100
20140210,25.0600,25.3200,24.9500,24.9500,9806700
20140211,25.3000,25.3000,24.8200,25.0600,7579700
20140212,25.7900,25.8900,24.9200,25.3200,8609000
20140213,25.1800,25.7400,25.1000,25.7400,5849600
20140214,25.2800,25.3900,24.9100,25.1900,4894600
20140217,25.4000,25.5000,25.0600,25.3300,7039800
20140218,25.2500,25.9000,25.0800,25.4000,8515900
20140219,24.9600,25.2800,24.5900,25.2300,5898800
20140220,25.0000,25.5000,24.6100,25.0000,6829500
20140221,24.5300,24.9500,24.4000,24.9500,4996100
20140224,23.8000,24.4500,23.5500,24.4500,7352500
20140225,23.1000,24.1000,23.0000,23.8800,7290600
