20130226,5.1917,5.3250,5.1750,5.2750,1842000
20130227,5.3667,5.4083,5.1417,5.1833,3241500
20130228,5.5500,5.5833,5.3333,5.3667,4077300
20130301,5.5583,5.5833,5.4583,5.5333,2853100
20130304,5.4583,5.6167,5.3417,5.5333,3617200
20130305,5.6917,5.7250,5.4000,5.4583,2863300
20130306,5.8667,5.8917,5.6167,5.6667,3593900
20130307,5.9583,6.0167,5.7667,5.8833,3667200
20130308,5.8750,6.2083,5.8750,5.9167,4455000
20130311,5.5583,5.8333,5.5417,5.8333,4266500
20130312,5.4667,5.6417,5.4083,5.5750,1799200
20130313,5.6833,5.7417,5.4333,5.4333,2168400
20130314,5.6250,5.7083,5.5250,5.6917,2068000
20130315,5.6583,5.6833,5.5000,5.5583,1260600
20130318,5.5667,5.6500,5.5583,5.6083,614300
20130319,5.3333,5.6000,5.2667,5.5250,1394000
20130320,5.4833,5.5583,5.3417,5.3417,897000
20130321,5.6167,5.6250,5.3333,5.4583,1574500
20130322,5.6250,5.7167,5.5333,5.5667,954800
20130325,5.6250,5.6917,5.5667,5.6917,497200
20130326,5.4833,5.6500,5.4333,5.5833,1022900
20130327,5.6250,5.6250,5.4250,5.4583,787200
20130328,5.5083,5.5667,5.3750,5.5667,1057800
20130329,5.5833,5.6417,5.4250,5.4500,1064200
20130401,5.7083,5.7417,5.5417,5.5417,964200
20130402,5.5833,5.7417,5.5583,5.6667,824700
20130403,5.3667,5.6333,5.3000,5.6333,1189600
20130404,5.3667,5.3667,5.3667,5.3667,0
20130405,5.3667,5.3667,5.3667,5.3667,0
20130408,5.4750,5.4917,5.0833,5.2500,1375200
20130409,5.4083,5.4917,5.3333,5.4000,590900
20130410,5.3333,5.4500,5.3167,5.3583,692300
20130411,5.4833,5.5000,5.2917,5.3500,1050100
20130412,5.4417,5.4833,5.3583,5.4000,331500
20130415,5.3417,5.3750,5.3167,5.3333,453200
20130416,5.4667,5.4667,5.2000,5.2000,448500
20130417,5.3833,5.4667,5.2667,5.4083,602900
20130418,5.5333,5.5833,5.3167,5.3250,1183300
20130419,5.6250,5.7333,5.4583,5.4583,1008600
20130422,5.6750,5.6917,5.4750,5.5833,1016200
20130423,5.5750,5.7333,5.5583,5.5917,1820100
20130424,5.6667,5.6750,5.5083,5.5083,1297200
20130425,5.7667,5.8083,5.5500,5.6667,2703100
20130426,5.5917,5.9167,5.5667,5.7417,1402400
20130429,5.5917,5.5917,5.5917,5.5917,0
20130430,5.5917,5.5917,5.5917,5.5917,0
20130501,5.5917,5.5917,5.5917,5.5917,0
20130502,5.5333,5.6250,5.4833,5.5667,1240000
20130503,5.8000,5.8333,5.5833,5.5833,1893500
20130506,5.7917,5.8583,5.7250,5.8333,1807400
20130507,5.9083,5.9333,5.6917,5.7833,2162000
20130508,5.9167,5.9833,5.8833,5.9083,1375100
20130509,6.1167,6.1667,5.8583,5.9250,2943000
20130510,6.3333,6.3750,6.0750,6.0833,5388200
20130513,6.3000,6.3750,6.1750,6.3417,3188800
20130514,6.2000,6.3083,6.1750,6.3000,2054100
20130515,6.2500,6.2833,6.0667,6.1667,2091500
20130516,6.2000,6.2750,6.1333,6.2250,1570400
20130517,6.2000,6.2667,6.1667,6.1667,1518700
20130520,6.2000,6.2000,6.2000,6.2000,0
20130521,6.2000,6.2000,6.2000,6.2000,0
20130522,6.2000,6.2000,6.2000,6.2000,0
20130523,6.2000,6.2000,6.2000,6.2000,0
20130524,6.2000,6.2000,6.2000,6.2000,0
20130527,6.0083,6.6667,5.9750,6.6667,6368200
20130528,5.9250,6.0583,5.8583,6.0000,3229800
20130529,5.9667,5.9833,5.8833,5.8833,1664400
20130530,5.9167,5.9583,5.9000,5.9583,1035000
20130531,5.9917,6.2167,5.9000,5.9500,3173100
20130603,6.1833,6.2250,5.9750,6.0417,2804100
20130604,6.2250,6.2417,6.0833,6.2167,2034200
20130605,6.4583,6.4750,6.1333,6.2167,5185000
20130606,6.3500,6.4583,6.2500,6.4583,2269300
20130607,6.2083,6.3667,6.0833,6.3500,1865300
20130610,6.2083,6.2083,6.2083,6.2083,0
20130611,6.2083,6.2083,6.2083,6.2083,0
20130612,6.2083,6.2083,6.2083,6.2083,0
20130613,6.0500,6.1500,5.6250,6.0833,1565800
20130614,6.1833,6.1917,6.0083,6.0500,1043600
20130617,6.4417,6.5333,6.1833,6.1833,2884900
20130618,6.4583,6.5417,6.3583,6.4250,1531600
20130619,6.4333,6.4333,6.0917,6.4000,2302500
20130620,6.3667,6.3833,6.2500,6.3833,1285900
20130621,6.4333,6.4583,5.9583,6.2500,1488900
20130624,6.3167,6.5167,6.0167,6.4500,2370000
20130625,6.1667,6.2750,5.7083,6.0417,2446300
20130626,6.2917,6.3167,6.0000,6.1583,1332900
20130627,6.0583,6.3167,6.0167,6.2333,1072900
20130628,6.0400,6.2000,5.5000,6.2000,806600
20130701,6.0900,6.1200,5.6000,5.9500,589000
20130702,6.0800,6.1100,5.9500,6.1000,1029800
20130703,5.9700,6.0100,5.8700,5.9800,563600
20130704,6.0300,6.0700,5.9000,5.9000,727400
20130705,5.9400,6.1300,5.9100,6.1300,424000
20130708,5.6600,5.9900,5.6000,5.9200,1083200
20130709,5.7000,5.7700,5.6300,5.7000,433500
20130710,5.9000,5.9000,5.6300,5.7600,1102300
20130711,6.0400,6.0900,5.8100,5.9300,945400
20130712,6.0400,6.1100,5.9900,6.0500,612700
20130715,6.0600,6.1400,5.9600,5.9600,659000
20130716,6.0800,6.1200,6.0200,6.0200,1057800
20130717,5.9700,6.1000,5.9700,6.0500,756400
20130718,5.9800,6.0300,5.8800,5.8800,519900
20130719,5.9200,6.0200,5.8600,5.9600,898200
20130722,5.9200,5.9200,5.8200,5.9100,662900
20130723,6.0700,6.0900,5.8700,5.9000,878900
20130724,6.0500,6.0700,5.9600,6.0700,740400
20130725,6.0500,6.1400,5.9600,6.0500,1266700
20130726,6.0600,6.1000,6.0000,6.0500,1073000
20130729,6.0000,6.0800,5.9500,6.0800,949100
20130730,5.9700,6.0100,5.9100,5.9600,931500
20130731,6.2100,6.2100,5.9400,5.9700,1818100
20130801,6.2200,6.2600,6.1600,6.1900,1485400
20130802,6.2700,6.3400,6.2100,6.2100,1238300
20130805,6.4000,6.4100,6.2000,6.3400,1540600
20130806,6.4900,6.5100,6.3100,6.3600,1209100
20130807,6.4800,6.5500,6.3700,6.4200,1350200
20130808,6.5000,6.5800,6.4100,6.4100,1464000
20130809,6.4500,6.5800,6.3500,6.4800,1457800
20130812,6.5000,6.6000,6.2800,6.4500,2143000
20130813,6.6900,6.8200,6.4200,6.4800,3381100
20130814,6.8500,6.9500,6.6800,6.7200,2465400
20130815,6.7000,6.8500,6.6700,6.8500,1299400
20130816,6.6200,6.8000,6.5600,6.7000,1638600
20130819,6.6800,6.7100,6.5400,6.5500,875100
20130820,6.8300,6.8800,6.5600,6.7000,2118200
20130821,6.8500,6.8800,6.7400,6.8000,1260500
20130822,6.8600,6.9300,6.7400,6.8000,1266400
20130823,6.9500,6.9900,6.7200,6.8700,2145100
20130826,7.2800,7.3200,6.9600,6.9800,4816300
20130827,7.2000,7.3300,7.1400,7.2700,2121300
20130828,7.2200,7.4200,7.1400,7.1600,1680100
20130829,7.2300,7.3300,7.1500,7.1800,1736400
20130830,7.2500,7.3500,7.1500,7.2000,2041700
20130902,7.2100,7.2800,7.0800,7.2800,1284100
20130903,7.2400,7.2500,7.1200,7.1600,1089700
20130904,7.4100,7.4100,7.1700,7.1700,2002700
20130905,7.3500,7.4900,7.2600,7.4100,1386800
20130906,7.3800,7.5000,7.2100,7.2800,1153700
20130909,7.3000,7.4900,7.2600,7.3800,1414400
20130910,7.1800,7.4200,7.1200,7.3100,1576000
20130911,6.9900,7.1800,6.9300,7.1800,2184000
20130912,6.9900,7.0600,6.9500,7.0000,1298400
20130913,7.1300,7.1500,6.8000,6.9700,1649800
20130916,7.1000,7.2000,7.0700,7.1300,1251300
20130917,7.0300,7.1200,6.9600,6.9900,1305000
20130918,7.0800,7.1200,6.9300,7.0900,811600
20130920,7.0800,7.0800,7.0800,7.0800,0
20130923,7.2200,7.2200,7.0500,7.1400,1963600
20130924,7.1000,7.2300,7.0600,7.2200,1030400
20130925,7.1200,7.1600,7.0300,7.0600,675900
20130926,6.8900,7.1400,6.8700,7.0800,715200
20130927,6.9500,7.0400,6.8600,6.9000,453900
20130930,7.0500,7.0500,6.9000,6.9500,560400
20131001,7.0500,7.0500,7.0500,7.0500,0
20131002,7.0500,7.0500,7.0500,7.0500,0
20131003,7.0500,7.0500,7.0500,7.0500,0
20131004,7.0500,7.0500,7.0500,7.0500,0
20131007,7.0500,7.0500,7.0500,7.0500,0
20131008,7.1000,7.1300,7.0200,7.0500,891600
20131009,7.2300,7.2900,7.1000,7.1000,1834700
20131010,7.2800,7.5900,7.2100,7.5900,1413800
20131011,7.3000,7.3400,7.2400,7.2800,1301000
20131014,7.5500,7.5700,7.2500,7.3000,2366100
20131015,7.6900,7.8200,7.5000,7.5000,2307200
20131016,7.4000,7.7100,7.3500,7.6900,1571200
20131017,7.4400,7.6900,7.4100,7.4100,719600
20131018,7.5000,7.5900,7.4000,7.4200,735600
20131021,7.6200,7.7500,7.5100,7.7500,1073900
20131022,7.5700,7.7700,7.5000,7.6500,1065400
20131023,7.4600,7.6000,7.3000,7.4500,765700
20131024,7.3700,7.4900,7.3000,7.4200,647700
20131025,7.2500,7.4200,7.2200,7.2300,493300
20131028,7.0700,7.3800,6.8700,7.1500,1127600
20131029,6.8700,7.1800,6.5100,7.0700,1636900
20131030,6.7800,6.8600,6.7000,6.8000,916900
20131031,6.6500,6.7800,6.5500,6.7800,932900
20131101,6.6800,6.7000,6.5500,6.6400,736700
20131104,6.7500,6.7600,6.6000,6.6800,436600
20131105,6.8600,6.8800,6.7200,6.7400,490000
20131106,6.8700,6.9400,6.7100,6.8600,475500
20131107,6.7800,6.8900,6.6800,6.8100,355500
20131108,6.7300,6.8400,6.6300,6.7600,301600
20131111,6.8300,6.8500,6.6600,6.6700,322100
20131112,6.8100,6.8500,6.7100,6.8500,337600
20131113,6.6900,6.8100,6.6000,6.7100,826300
20131114,6.6600,6.6800,6.4000,6.6800,1450900
20131115,6.6500,6.7300,6.4800,6.5600,1278200
20131118,6.6900,6.7500,6.6100,6.6900,1419500
20131119,6.6700,6.7500,6.6000,6.6900,1544800
20131120,6.6300,6.7300,6.5900,6.6600,2142400
20131121,6.5000,6.6100,6.4100,6.6100,1695500
20131122,6.4300,6.5200,6.3800,6.4600,1988800
20131125,6.4700,6.4900,6.3700,6.4400,1204700
20131126,6.5500,6.5700,6.4800,6.4900,1595500
20131127,6.7600,6.7600,6.5400,6.5500,2252400
20131128,6.7800,7.0300,6.7500,6.7700,4712000
20131129,6.8200,6.9300,6.7900,6.8000,1436800
20131202,6.4200,6.7400,6.4100,6.7000,1372800
20131203,6.6800,6.8200,6.5800,6.8200,2339100
20131204,6.8400,6.9200,6.5100,6.5100,2920100
20131205,6.7700,6.9000,6.7400,6.8100,1343200
20131206,6.7500,6.8100,6.6800,6.7200,804800
20131209,6.7500,6.7800,6.6700,6.7600,811800
20131210,6.8100,6.9200,6.7000,6.7400,2120900
20131211,6.7300,6.8100,6.6900,6.7900,665600
20131212,6.7100,6.7700,6.6800,6.7200,486600
20131213,6.6200,6.6500,6.5500,6.6200,1071700
20131216,6.5300,6.6200,6.5200,6.5700,807600
20131217,6.7300,6.7800,6.4900,6.5300,1395100
20131218,6.7500,6.8300,6.6500,6.8300,1115200
20131219,6.7500,7.0600,6.7100,6.8700,4334700
20131220,6.4400,6.6100,6.4000,6.5000,1849400
20131223,6.6500,6.7800,5.9200,6.4100,3366300
20131224,6.7300,6.7400,6.5100,6.5100,1649400
20131225,6.8500,6.8500,6.6100,6.7200,948100
20131226,6.7900,6.8500,6.6800,6.8500,871100
20131227,6.8100,6.8300,6.6500,6.7700,990800
20131230,6.6800,6.8100,6.6100,6.8100,882500
20131231,6.7300,6.7500,6.5500,6.6500,855000
20140101,6.7300,6.7300,6.7300,6.7300,0
20140102,6.7500,6.8000,6.6400,6.6900,614900
20140103,6.6500,6.7500,6.5500,6.6600,1126700
20140106,6.5000,6.6300,6.4500,6.5800,488400
20140107,6.4900,6.5400,6.3000,6.3900,374000
20140108,6.3800,6.4900,6.3100,6.4800,653800
20140109,6.1900,6.3600,6.1700,6.3600,601400
20140110,6.1800,6.2700,6.1000,6.1900,384500
20140113,6.2000,6.2200,6.1400,6.2200,204000
20140114,6.3500,6.4200,6.1300,6.1600,815300
20140115,6.3100,6.3500,6.2500,6.2500,180200
20140116,6.3400,6.3700,6.2800,6.3500,466400
20140117,6.3200,6.3600,6.1800,6.2900,294100
20140120,6.3600,6.4000,6.1000,6.3100,488800
20140121,6.4000,6.4500,6.3000,6.3000,358000
20140122,6.4600,6.4800,6.3300,6.4100,691700
20140123,6.6000,6.6200,6.3700,6.4400,1200800
20140124,6.6000,6.6500,6.5000,6.5700,466800
20140127,6.5600,6.6000,6.5200,6.6000,348500
20140128,6.5900,6.6400,6.5000,6.5100,709300
20140129,6.6500,6.6700,6.5500,6.6100,913200
20140130,6.5700,6.6700,6.5300,6.6300,376800
20140131,6.5700,6.5700,6.5700,6.5700,0
20140203,6.5700,6.5700,6.5700,6.5700,0
20140205,6.5700,6.5700,6.5700,6.5700,0
20140206,6.5700,6.5700,6.5700,6.5700,0
20140207,6.7700,7.0800,6.5100,6.5100,923700
20140210,6.9300,6.9500,6.7000,6.7800,1534000
20140211,7.1000,7.1200,6.8800,6.9200,2793100
20140212,7.3800,7.4000,7.0200,7.1000,3451200
20140213,8.1200,8.1200,7.3700,7.4300,11380200
20140214,8.0100,8.2000,7.8600,8.1200,14862500
20140217,8.0300,8.1500,7.7800,7.9900,11078400
20140218,7.9000,8.1500,7.8200,7.9400,7227600
20140219,7.8000,7.9100,7.7000,7.8200,4776700
20140220,7.7100,7.9200,7.6300,7.8000,4369100
20140221,7.7100,7.8900,7.6200,7.7200,2463000
20140224,7.7000,7.8100,7.5600,7.7700,2184100
20140225,7.1800,7.9000,7.0000,7.7000,4719700
