20130226,15.7500,16.1000,15.5800,15.8500,19759400
20130227,15.8250,16.0550,15.7200,15.8150,13025600
20130228,16.3050,16.3350,15.8300,15.9550,23711500
20130301,16.1050,16.4000,15.9800,16.3150,22938700
20130304,15.4500,16.0000,15.3000,16.0000,26581900
20130305,15.5900,15.7150,15.4200,15.4250,16145800
20130306,15.9050,15.9550,15.6250,15.6250,18747400
20130307,15.6450,15.9700,15.5000,15.9000,23091200
20130308,15.7150,15.9100,15.5500,15.7400,17486000
20130311,15.1850,15.6500,15.1000,15.6500,21088800
20130312,15.4150,15.6500,15.1750,15.1950,25080000
20130313,15.6550,15.9850,15.3050,15.3950,26446600
20130314,15.5050,15.8000,15.4550,15.5100,13379700
20130315,15.4900,15.7400,15.1000,15.4900,22559200
20130318,14.3900,15.3500,14.3000,15.2000,32529700
20130319,14.2650,14.5600,13.9550,14.4800,16913600
20130320,14.9650,15.3800,14.2550,14.3500,23808300
20130321,14.8650,15.1100,14.7750,15.0000,16780700
20130322,14.6400,14.9450,14.5900,14.8650,13407800
20130325,15.1650,15.2800,14.6500,14.7450,27519200
20130326,14.7050,15.1400,14.6500,15.1400,16594900
20130327,14.7500,14.9250,14.6550,14.7250,11723000
20130328,13.9000,14.5350,13.9000,14.5350,22427400
20130329,13.8350,14.1400,13.8000,14.0500,10746000
20130401,13.8550,13.9700,13.5300,13.7750,12061500
20130402,13.8100,14.0800,13.7600,13.8150,8835200
20130403,13.6000,13.9350,13.5500,13.8800,8153400
20130404,13.6000,13.6000,13.6000,13.6000,0
20130405,13.6000,13.6000,13.6000,13.6000,0
20130408,13.4450,13.4850,13.1050,13.3500,10731300
20130409,13.9000,14.2800,13.5250,13.5500,22926700
20130410,13.8450,13.9900,13.7650,13.9250,11437500
20130411,13.6650,14.0650,13.6600,13.9900,8547100
20130412,13.7350,13.8350,13.6450,13.6500,6773000
20130415,13.3950,13.6400,13.2550,13.6400,10266700
20130416,13.4900,13.5500,13.1150,13.2000,8375000
20130417,13.4150,13.6000,13.3100,13.5450,7041900
20130418,13.5250,13.7400,13.2100,13.2500,10690100
20130419,14.0500,14.2250,13.5300,13.5300,21647500
20130422,14.2050,14.3150,13.8850,13.9500,18546800
20130423,13.4000,14.3100,13.4000,14.3000,18364500
20130424,13.8150,13.8800,13.4550,13.4550,12310700
20130425,13.6700,13.8800,13.5950,13.7900,11958800
20130426,14.3500,14.6300,13.8500,13.8500,46605500
20130429,14.3500,14.3500,14.3500,14.3500,0
20130430,14.3500,14.3500,14.3500,14.3500,0
20130501,14.3500,14.3500,14.3500,14.3500,0
20130502,14.5150,14.5900,14.1800,14.2550,21127400
20130503,14.5250,14.9750,14.5100,14.5850,22110000
20130506,15.4850,15.5500,14.8250,14.8250,40619300
20130507,15.8700,16.3400,15.3550,15.5000,43200000
20130508,15.9800,16.0900,15.6050,15.8950,23355500
20130509,15.7350,16.0100,15.5800,15.9800,22274600
20130510,15.2200,15.6900,15.0250,15.6350,28217000
20130513,15.4250,15.6500,15.1350,15.1500,19421000
20130514,15.5150,15.9600,15.4000,15.6850,20725200
20130515,16.1300,16.1800,15.5200,15.7050,34620800
20130516,16.1350,16.1800,15.8000,16.0000,32847000
20130517,16.1500,16.4650,16.1350,16.2500,31561400
20130520,16.8750,17.1150,16.0900,16.1250,52459600
20130521,16.9650,17.3250,16.7600,17.0400,50280200
20130522,16.5750,17.3750,16.5150,16.9450,39436400
20130523,16.4000,16.8450,16.1900,16.4900,28172900
20130524,17.1450,17.3650,16.3800,16.4050,43964300
20130527,17.3150,17.7500,17.1500,17.5000,43124900
20130528,17.2800,17.4500,16.9250,17.3600,26090300
20130529,17.1500,17.6650,17.1350,17.4050,27935200
20130530,16.7100,17.0450,16.5300,16.9500,32904100
20130531,16.4400,16.8400,16.3850,16.7150,23860600
20130603,15.8000,16.6700,15.7000,16.3400,27204900
20130604,16.0800,16.2300,15.6000,15.8100,25060500
20130605,15.9600,16.2100,15.7900,16.1100,14995700
20130606,15.4100,15.9800,15.3100,15.8400,18608500
20130607,14.6600,15.6100,14.4800,15.4300,26015800
20130610,14.6600,14.6600,14.6600,14.6600,0
20130611,14.6600,14.6600,14.6600,14.6600,0
20130612,14.6600,14.6600,14.6600,14.6600,0
20130613,14.4000,14.5900,13.8500,14.0000,17063400
20130614,14.5600,14.7300,14.3200,14.4200,15402700
20130617,14.5800,14.9500,14.4300,14.6700,17215100
20130618,14.6000,14.7100,14.4200,14.5900,11253400
20130619,14.9500,15.0600,14.1000,14.5400,21579700
20130620,14.2600,14.9800,14.2300,14.8000,16192000
20130621,14.4000,14.5700,13.8800,14.1000,14910100
20130624,13.4000,14.4500,13.2600,14.4300,18762000
20130625,13.0000,13.4900,12.0600,13.2600,28675700
20130626,13.4700,13.5800,12.8000,13.1100,21802500
20130627,13.0400,13.6500,13.0200,13.4500,20737500
20130628,13.0400,13.4400,12.6500,12.8500,14685200
20130701,13.2500,13.4000,12.8200,13.0000,14250700
20130702,13.3300,13.4200,13.0700,13.2500,16115300
20130703,12.8900,13.3400,12.7700,13.3400,17873400
20130704,13.7700,14.1200,12.5200,12.5800,40372500
20130705,13.9000,14.3900,13.4800,13.7000,44050000
20130708,13.2000,13.7900,13.1500,13.7000,21572000
20130709,13.2900,13.6500,13.2000,13.2500,13783000
20130710,14.6200,14.6200,13.2200,13.3200,46751200
20130711,15.9100,16.0800,15.0200,15.2200,102804800
20130712,15.1800,15.5800,15.1500,15.3300,66965300
20130715,15.2000,15.4600,14.9000,15.2600,46440500
20130716,15.4000,15.6700,15.2400,15.3500,41445700
20130717,14.6800,15.4000,14.6700,15.3600,41123000
20130718,14.5100,14.9400,14.4500,14.7100,22153200
20130719,13.4600,14.6400,13.4600,14.3900,36253400
20130722,13.8600,13.9500,13.0800,13.2800,27651800
20130723,14.6300,14.9400,13.8600,13.9400,41109100
20130724,14.7800,14.9400,14.3500,14.6000,32990800
20130725,14.4200,14.9800,14.4000,14.8500,22719600
20130726,14.3000,14.5800,13.9000,14.3500,19531900
20130729,14.0500,14.2600,13.8300,14.1000,11907200
20130730,14.4100,14.8500,14.1400,14.1400,23727400
20130731,14.0800,14.6100,14.0400,14.4800,18000700
20130801,14.3900,14.5000,14.1500,14.1500,16558100
20130802,14.4900,14.7400,14.3200,14.4800,23216600
20130805,14.7800,14.9400,14.4500,14.5000,27204000
20130806,15.0200,15.2900,14.5200,14.7500,34266300
20130807,14.7600,15.2000,14.7100,14.8800,22083900
20130808,14.9200,15.4900,14.8300,15.1000,29132500
20130809,15.9800,16.3600,14.9400,14.9900,74536704
20130812,16.3200,16.8900,15.7700,16.0700,74816600
20130813,16.2500,16.6000,16.1100,16.3200,35077300
20130814,16.0000,16.5200,15.8700,16.2300,36811900
20130815,15.7000,16.1200,15.5300,16.0000,32729100
20130816,15.2000,15.9500,15.1500,15.6800,32590700
20130819,15.6300,15.8900,14.9000,15.0000,31612000
20130820,15.3700,15.8300,15.3000,15.4800,24415300
20130821,15.5300,15.7400,15.3700,15.3800,16171600
20130822,15.3700,15.7000,15.3100,15.5000,17775900
20130823,15.1300,15.6100,14.6100,15.4600,21232300
20130826,15.5300,15.6500,15.1900,15.2000,18181800
20130827,15.8500,16.1700,15.4200,15.5000,28099900
20130828,15.8100,16.0500,15.5300,15.6500,28086700
20130829,15.3200,15.8900,15.2500,15.8800,23312500
20130830,14.7400,15.5300,14.6600,15.4000,29345700
20130902,14.9100,15.0000,14.5300,14.7800,12945300
20130903,14.9000,15.1000,14.7700,15.0000,12293300
20130904,15.0500,15.2600,14.6700,14.9200,21825500
20130905,14.6700,15.0400,14.5800,15.0000,20749600
20130906,14.6500,14.8700,14.5100,14.5900,13200100
20130909,14.9800,15.0900,14.7100,14.7100,20416800
20130910,15.2500,15.2800,14.9100,14.9800,23126100
20130911,15.1800,15.8000,15.1000,15.3500,33924100
20130912,14.8700,15.1000,14.8200,15.1000,16744500
20130913,14.7900,15.2800,14.7100,14.9300,21526100
20130916,14.6300,14.8800,14.5800,14.7200,19478800
20130917,14.5000,14.8400,14.5000,14.6700,13829800
20130918,14.5000,14.6500,14.3800,14.5600,9905100
20130920,14.5000,14.5000,14.5000,14.5000,0
20130923,14.7700,14.8200,14.6000,14.6000,13067100
20130924,14.5100,14.8700,14.4500,14.6800,15088300
20130925,14.0700,14.5900,14.0300,14.5200,18757800
20130926,14.0300,14.3900,13.8200,14.0800,16295300
20130927,13.9500,14.1600,13.8800,14.0000,9108500
20130930,13.8000,14.0900,13.7100,13.9700,12429200
20131001,13.8000,13.8000,13.8000,13.8000,0
20131002,13.8000,13.8000,13.8000,13.8000,0
20131003,13.8000,13.8000,13.8000,13.8000,0
20131004,13.8000,13.8000,13.8000,13.8000,0
20131007,13.8000,13.8000,13.8000,13.8000,0
20131008,13.6700,13.9000,13.2400,13.9000,30635300
20131009,13.7300,13.7600,13.4100,13.5000,18032600
20131010,13.5700,13.8900,13.4400,13.6600,17641000
20131011,13.4900,13.7200,13.4600,13.6000,17128000
20131014,13.1800,13.5400,13.1300,13.5000,26119300
20131015,13.3000,13.4800,13.1500,13.1600,16906500
20131016,12.7500,13.2600,12.6100,13.2000,21599100
20131017,12.7700,13.0000,12.6800,12.8400,12772500
20131018,12.8200,12.9500,12.7600,12.7700,8422000
20131021,12.9600,12.9900,12.6400,12.8300,14401300
20131022,12.8700,12.9600,12.8000,12.9600,12103200
20131023,13.5500,13.5900,12.8800,12.8800,44761800
20131024,13.3900,13.8300,13.3200,13.7000,27224700
20131025,12.9500,13.4000,12.8100,13.3800,18557400
20131028,12.7100,13.1000,12.6800,12.9500,11245600
20131029,12.3600,12.8600,11.9100,12.7000,16966100
20131030,12.3200,12.4600,12.1400,12.2900,14753900
20131031,12.4500,12.5500,12.2700,12.3900,11809300
20131101,12.9800,13.0500,12.5100,12.5600,20121500
20131104,13.5100,14.2800,13.3000,13.7000,46145700
20131105,14.2000,14.2300,13.3700,13.4000,52724700
20131106,14.5400,14.8400,13.9500,14.1500,58098700
20131107,14.1700,14.7600,13.9600,14.4100,28213700
20131108,13.6600,14.1000,13.5200,13.9900,20993900
20131111,13.8400,14.1000,13.5300,13.5300,18824700
20131112,13.8000,14.1000,13.6400,14.1000,13057300
20131113,13.9800,14.4000,13.6000,13.7200,26957800
20131114,14.2900,14.3700,13.9000,13.9000,27914300
20131115,14.1600,14.4800,14.0700,14.2600,28412700
20131118,14.3800,14.4800,13.8500,14.1600,31063000
20131119,13.8300,14.3000,13.8000,14.3000,26289300
20131120,13.9500,14.2500,13.8400,13.8400,17429300
20131121,13.6900,13.9000,13.5000,13.9000,21360900
20131122,13.3700,13.7800,13.2800,13.7000,18285600
20131125,13.2000,13.4900,13.1500,13.3300,16222200
20131126,13.3200,13.4500,13.2100,13.2300,10542400
20131127,13.6000,13.7000,13.2700,13.3500,16209600
20131128,14.5000,14.6500,13.5500,13.6500,55804000
20131129,14.2000,14.5200,14.1700,14.5000,27294100
20131202,13.5500,14.1500,13.4900,13.8800,28142300
20131203,13.9300,13.9700,13.4100,13.5000,15736800
20131204,14.0900,14.2700,13.7800,13.8100,19791600
20131205,13.9400,14.2900,13.8900,14.2900,12066400
20131206,13.9600,14.1500,13.9000,13.9100,8944800
20131209,14.0500,14.1500,13.9100,13.9600,8768800
20131210,13.8900,14.1700,13.8000,14.1200,12689800
20131211,13.6200,14.0100,13.5500,13.8900,15857300
20131212,13.4900,13.6700,13.3800,13.5600,11270100
20131213,13.4500,13.6500,13.3100,13.3100,7251800
20131216,13.3000,13.5500,13.2200,13.4500,9082800
20131217,13.1000,13.3700,13.0900,13.3100,9708100
20131218,13.2300,13.2800,13.0400,13.1100,6795700
20131219,13.1100,13.4500,13.1100,13.2500,8049800
20131220,12.7900,13.2200,12.7700,13.1300,10093800
20131223,12.7200,12.9100,12.6300,12.6900,6349500
20131224,12.6900,12.9000,12.6500,12.8500,6497100
20131225,12.8400,12.8800,12.6500,12.7100,6208800
20131226,12.3800,12.8800,12.3300,12.8400,9780000
20131227,12.5900,12.6500,12.3600,12.4500,6643600
20131230,12.6400,12.8300,12.6300,12.6900,5898900
20131231,12.8400,13.0000,12.5300,12.6000,8843500
20140101,12.8400,12.8400,12.8400,12.8400,0
20140102,13.0100,13.1000,12.7500,12.7800,9153100
20140103,12.9600,13.4200,12.9200,13.2100,11585100
20140106,12.5800,13.0500,12.5500,13.0500,10325000
20140107,12.6100,12.8700,12.4200,12.4200,6388100
20140108,12.5400,12.7600,12.4600,12.5600,6641000
20140109,12.4100,12.7000,12.3600,12.5000,7236200
20140110,12.1600,12.4900,12.1600,12.3800,6378200
20140113,12.1500,12.4200,12.0800,12.0800,5015000
20140114,12.3500,12.3700,12.1000,12.2100,5458000
20140115,12.4200,12.4800,12.3000,12.3500,5870500
20140116,12.5800,12.7300,12.3000,12.4300,9165400
20140117,12.1800,12.4900,12.1600,12.4800,7214200
20140120,12.2200,12.2900,12.0600,12.1700,4785900
20140121,12.4100,12.4900,12.2200,12.2200,6144800
20140122,12.7300,12.8500,12.4100,12.4100,12034500
20140123,12.5800,12.7700,12.5500,12.7000,8309600
20140124,13.1500,13.4700,12.5300,12.5800,24227500
20140127,13.2400,13.3800,12.9800,13.1500,13914000
20140128,13.1300,13.5200,13.1100,13.3000,10097900
20140129,13.2400,13.4000,13.0500,13.2500,10096300
20140130,13.1800,13.3000,13.0600,13.1600,6213500
20140131,13.1800,13.1800,13.1800,13.1800,0
20140203,13.1800,13.1800,13.1800,13.1800,0
20140205,13.1800,13.1800,13.1800,13.1800,0
20140206,13.1800,13.1800,13.1800,13.1800,0
20140207,13.3900,13.4300,12.8700,13.1000,8857600
20140210,14.7300,14.7300,13.4300,13.4300,44369600
20140211,14.7600,15.5100,14.7000,15.4000,74733600
20140212,15.0000,15.2100,14.5500,14.8900,38702000
20140213,14.8000,15.4000,14.7800,14.9100,29857200
20140214,14.8200,15.1100,14.6700,14.8000,20445500
20140217,15.1000,15.3500,14.8000,14.8800,35585400
20140218,14.7000,15.1000,14.6300,15.0100,27163300
20140219,14.8500,14.9200,14.5800,14.8500,18113900
20140220,14.6600,15.0400,14.6100,14.8000,20390400
20140221,14.1600,14.7800,14.1300,14.7200,19776600
20140224,13.9200,14.1000,13.7000,13.8600,16428400
20140225,13.1100,14.1500,12.9000,13.9100,23184100
