20130226,5.0400,5.2300,5.0300,5.1000,4054700
20130227,5.1400,5.1500,5.0200,5.0200,3222600
20130228,5.2000,5.2200,5.0900,5.1400,2120600
20130301,5.2200,5.2300,5.1200,5.1800,2050400
20130304,4.9000,5.1300,4.7800,5.1300,4951700
20130305,5.0000,5.1800,4.8300,4.8700,5096300
20130306,5.0400,5.1400,5.0000,5.0000,3219100
20130307,5.0100,5.0300,4.9500,5.0100,1724000
20130308,5.0200,5.1200,4.9800,5.0200,2923600
20130311,5.0000,5.0500,4.9800,5.0000,600000
20130312,5.0900,5.1400,4.9900,5.0200,5478500
20130313,5.0600,5.0900,5.0100,5.0900,1204700
20130314,5.0200,5.0800,5.0200,5.0500,833000
20130315,4.9400,5.0600,4.9100,5.0100,1464400
20130318,4.8700,4.9500,4.8700,4.9200,862200
20130319,4.9200,4.9500,4.8300,4.8700,937900
20130320,4.9600,4.9900,4.9100,4.9100,1643600
20130321,4.9500,4.9900,4.9200,4.9400,1454600
20130322,4.9600,4.9600,4.9100,4.9400,1154200
20130325,5.1100,5.3600,4.9500,4.9500,7476800
20130326,5.0700,5.1400,5.0100,5.0800,2142500
20130327,5.0800,5.2200,5.0300,5.0300,3329400
20130328,5.0100,5.0800,4.9200,5.0800,1901300
20130329,5.0200,5.0400,4.9600,5.0200,1073800
20130401,5.0300,5.1600,4.9700,5.0100,2116900
20130402,5.1000,5.1000,5.0100,5.0300,2089600
20130403,5.0600,5.1200,5.0100,5.1100,1423900
20130404,5.0600,5.0600,5.0600,5.0600,0
20130405,5.0600,5.0600,5.0600,5.0600,0
20130408,5.0400,5.0400,4.9000,5.0000,1617400
20130409,5.1200,5.2600,5.0100,5.0100,5812500
20130410,5.1200,5.1300,5.0200,5.1100,2283800
20130411,5.1300,5.3000,5.1100,5.1800,5192700
20130412,5.0900,5.1400,5.0500,5.0900,3232700
20130415,5.1000,5.1400,5.0200,5.0900,2030600
20130416,5.1700,5.1800,5.0200,5.0700,2809400
20130417,5.1600,5.2100,5.1000,5.1700,1791700
20130418,5.1400,5.1600,5.0800,5.1600,1527500
20130419,5.2000,5.2100,5.1100,5.1300,4034200
20130422,5.1500,5.1900,5.0900,5.1700,2307400
20130423,5.1100,5.1500,5.0400,5.1400,2326800
20130424,5.1200,5.1400,5.0600,5.1000,1792800
20130425,5.0900,5.1300,5.0400,5.1200,2704900
20130426,5.0800,5.1100,5.0400,5.0700,1491700
20130429,5.0800,5.0800,5.0800,5.0800,0
20130430,5.0800,5.0800,5.0800,5.0800,0
20130501,5.0800,5.0800,5.0800,5.0800,0
20130502,5.1400,5.2800,5.0100,5.0800,3378200
20130503,5.2000,5.2100,5.1300,5.1600,3117000
20130506,5.2100,5.2200,5.1700,5.2200,1714100
20130507,5.4000,5.6000,5.1900,5.2100,14189500
20130508,5.4000,5.5500,5.3000,5.4000,6168000
20130509,5.4100,5.4400,5.3100,5.3600,2801900
20130510,5.4900,5.5300,5.3700,5.4200,3576300
20130513,5.6500,5.7800,5.5100,5.5100,6053800
20130514,5.5900,5.7000,5.5500,5.6600,2828900
20130515,5.5200,5.7400,5.4800,5.5600,3958700
20130516,5.5400,5.6000,5.4600,5.5000,2895900
20130517,5.5400,5.5600,5.4600,5.5500,4347000
20130520,5.5600,5.5700,5.4400,5.5400,5151900
20130521,5.7200,5.8300,5.5100,5.5400,8288400
20130522,5.8100,5.9500,5.6600,5.6600,9543500
20130523,5.6300,5.8400,5.4800,5.8200,8442500
20130524,5.6300,5.6400,5.5600,5.5700,2558500
20130527,5.6300,5.6800,5.5500,5.5900,2015200
20130528,5.8100,5.8300,5.5400,5.6200,5618800
20130529,5.6900,6.0500,5.6900,5.8200,5005000
20130530,5.7400,5.7400,5.6200,5.6700,2055300
20130531,5.7300,5.7800,5.6600,5.7400,1478700
20130603,5.7200,5.7600,5.6800,5.7200,2000900
20130604,5.5900,5.6900,5.5400,5.6900,2695700
20130605,5.6300,5.6300,5.5700,5.5700,1426300
20130606,5.6100,5.8400,5.5300,5.6200,3197100
20130607,5.5400,5.6400,5.3600,5.5700,2867500
20130610,5.5400,5.5400,5.5400,5.5400,0
20130611,5.5400,5.5400,5.5400,5.5400,0
20130612,5.5400,5.5400,5.5400,5.5400,0
20130613,5.4100,5.5800,5.3100,5.4700,1268400
20130614,5.4600,5.5500,5.3700,5.4100,1077600
20130617,5.4000,5.5000,5.3500,5.4400,1425700
20130618,5.4000,5.4500,5.3400,5.4100,1531500
20130619,5.3900,5.4500,5.3100,5.4000,2266000
20130620,5.3100,5.4200,5.2300,5.3600,1284200
20130621,5.3600,5.6000,5.1800,5.2800,8061500
20130624,5.1500,5.3300,5.1000,5.2600,1690100
20130625,4.8100,5.2600,4.6400,5.1500,5833700
20130626,4.8500,4.9000,4.7200,4.8100,1762700
20130627,4.8500,4.9300,4.8100,4.8900,1438300
20130628,4.9200,5.0900,4.7800,4.8100,2734800
20130701,4.9200,4.9700,4.8300,4.8800,2947200
20130702,4.8900,4.9500,4.8400,4.8700,2196600
20130703,4.7800,4.8700,4.7200,4.8700,1587900
20130704,4.8200,4.8300,4.7400,4.7600,1243700
20130705,4.8900,5.2000,4.8300,4.8300,8070900
20130708,4.7600,4.9000,4.7200,4.8600,1988300
20130709,4.7600,4.8200,4.7000,4.7200,4897300
20130710,4.8800,4.9300,4.7900,4.8000,5663900
20130711,4.9700,5.0700,4.8800,4.9000,8637100
20130712,4.8400,5.0100,4.8200,4.9700,3365000
20130715,4.8600,4.8900,4.8100,4.8500,2270400
20130716,4.8500,4.8700,4.7900,4.8500,2427700
20130717,4.8300,4.9200,4.8100,4.8100,5332800
20130718,4.7900,4.8500,4.7300,4.8000,2511700
20130719,4.6800,4.8700,4.6400,4.8000,3303500
20130722,4.6900,4.7000,4.6000,4.6500,1251400
20130723,4.7400,4.8000,4.6900,4.7000,4377800
20130724,4.6700,4.7500,4.6300,4.7500,2217400
20130725,4.6500,4.6800,4.5800,4.6500,2315200
20130726,4.6200,4.6300,4.5700,4.6200,1351300
20130729,4.5100,4.6300,4.4500,4.6300,1541600
20130730,4.5200,4.6500,4.4400,4.5100,3740600
20130731,4.5300,4.6300,4.5100,4.5500,2327500
20130801,4.5800,4.6200,4.5200,4.5600,2573800
20130802,4.6300,4.6700,4.6000,4.6000,2852300
20130805,4.6700,4.6700,4.5700,4.6300,2069200
20130806,4.7200,4.7300,4.6200,4.6500,2174500
20130807,4.7400,4.7600,4.7000,4.7500,2670700
20130808,4.7300,4.7300,4.6600,4.7000,1410800
20130809,4.7700,4.8200,4.7000,4.7200,2222900
20130812,4.8200,4.9300,4.7700,4.7900,5620300
20130813,4.8000,4.8500,4.7800,4.8300,2291100
20130814,4.8100,4.8600,4.7800,4.8100,2103500
20130815,4.6900,4.8500,4.6900,4.7900,2016800
20130816,4.6700,4.7500,4.6200,4.6600,2590600
20130819,4.6900,4.6900,4.6000,4.6300,1320400
20130820,4.6700,4.7000,4.6300,4.6600,1307500
20130821,4.6600,4.6700,4.6200,4.6600,812300
20130822,4.6500,4.6800,4.6100,4.6600,1001800
20130823,4.6600,4.6900,4.6100,4.6300,1270900
20130826,4.8000,4.8200,4.6400,4.6600,4328900
20130827,4.8700,4.8700,4.7400,4.8000,4698800
20130828,5.0300,5.0700,4.8300,4.8800,11032700
20130829,5.5300,5.5300,5.1200,5.1400,20438500
20130830,5.5300,5.5300,5.5300,5.5300,0
20130902,5.5300,5.5300,5.5300,5.5300,0
20130903,5.5300,5.5300,5.5300,5.5300,0
20130904,5.5300,5.5300,5.5300,5.5300,0
20130905,5.5300,5.5300,5.5300,5.5300,0
20130906,5.2900,5.4700,5.0100,5.2000,18700400
20130909,5.2400,5.3600,5.1300,5.2200,11500900
20130910,5.3000,5.3400,5.1500,5.2400,10817000
20130911,5.1500,5.3000,5.0800,5.2900,9690400
20130912,5.1700,5.2300,5.1000,5.1400,5356400
20130913,5.1600,5.2100,5.1000,5.1800,4463300
20130916,5.1100,5.2000,5.0900,5.1800,4708300
20130917,4.9400,5.1500,4.9400,5.1000,4548300
20130918,4.9800,4.9900,4.8800,4.9200,3432500
20130920,4.9800,4.9800,4.9800,4.9800,0
20130923,5.0200,5.0300,4.9500,5.0000,3520900
20130924,5.0500,5.0700,4.9100,5.0100,4558300
20130925,5.0100,5.0700,4.9600,5.0000,3297500
20130926,4.9000,5.0000,4.8800,5.0000,3366800
20130927,4.8900,4.9500,4.8600,4.9100,2732300
20130930,4.9400,4.9600,4.8700,4.8700,2432100
20131001,4.9400,4.9400,4.9400,4.9400,0
20131002,4.9400,4.9400,4.9400,4.9400,0
20131003,4.9400,4.9400,4.9400,4.9400,0
20131004,4.9400,4.9400,4.9400,4.9400,0
20131007,4.9400,4.9400,4.9400,4.9400,0
20131008,5.4300,5.4300,4.9500,4.9900,18864700
20131009,5.9700,5.9700,5.4300,5.4700,28778500
20131010,5.6800,6.3000,5.5500,6.3000,28857900
20131011,5.6500,5.7100,5.5300,5.5900,16273400
20131014,5.5100,5.6600,5.4600,5.6500,12275800
20131015,5.6700,5.7200,5.4000,5.5200,13932000
20131016,5.3200,5.5800,5.3000,5.5800,8697400
20131017,5.2900,5.4100,5.2700,5.3700,4684000
20131018,5.3700,5.4700,5.3000,5.3500,4169600
20131021,5.5000,5.5300,5.2900,5.3700,8425200
20131022,6.0500,6.0500,5.6200,5.6200,28996800
20131023,5.7000,6.0000,5.5200,6.0000,20400700
20131024,5.4700,5.5800,5.4100,5.5500,6608800
20131025,5.4300,5.5600,5.3500,5.4900,5361800
20131028,5.3100,5.4400,5.2200,5.4100,5287200
20131029,5.2200,5.3500,5.0200,5.3100,6792400
20131030,5.5400,5.6800,5.1200,5.2100,8774700
20131031,5.2600,5.6500,5.2000,5.4800,9200900
20131101,5.2400,5.3600,5.0300,5.2300,6048200
20131104,5.3300,5.3900,5.1300,5.2500,5610300
20131105,5.5800,5.6400,5.2000,5.3000,13960500
20131106,5.4200,5.5500,5.3800,5.5100,7089300
20131107,5.3200,5.4500,5.2600,5.3900,6291800
20131108,5.4500,5.4900,5.2200,5.2500,5586600
20131111,5.4000,5.5400,5.3200,5.4100,3335800
20131112,5.4700,5.7200,5.3500,5.3900,7768400
20131113,5.2500,5.4300,5.2200,5.4200,4689900
20131114,5.3100,5.3200,5.1800,5.2600,2871400
20131115,5.5800,5.6800,5.2500,5.2800,7871400
20131118,5.6500,5.8900,5.4800,5.6100,10635900
20131119,5.7000,5.8500,5.5300,5.6100,11212300
20131120,5.9500,6.1800,5.6500,5.6500,22582200
20131121,6.0600,6.5000,5.7900,5.9500,28888700
20131122,5.7800,6.1900,5.7800,6.1500,13865900
20131125,5.8500,6.1000,5.7800,5.7800,11702700
20131126,5.8500,5.9900,5.7300,5.8700,8943200
20131127,5.9000,5.9800,5.7600,5.8100,6823100
20131128,5.9100,6.0200,5.8600,5.9000,7349700
20131129,5.8300,5.9800,5.7800,5.9400,4781100
20131202,5.5000,5.7000,5.3800,5.7000,7435500
20131203,5.6200,5.6300,5.3300,5.4700,5628000
20131204,5.8500,5.9000,5.5200,5.5600,7378800
20131205,5.8100,6.0500,5.7600,5.8200,4321000
20131206,5.8300,6.0400,5.7800,5.8100,7493100
20131209,5.7200,5.9200,5.6900,5.8600,5445500
20131210,5.6800,5.7400,5.6000,5.7100,4075600
20131211,5.6100,5.8500,5.5800,5.7000,6449600
20131212,5.6200,5.6600,5.5200,5.5800,3444400
20131213,5.6800,5.7200,5.5500,5.5900,4753600
20131216,5.6100,5.7500,5.5800,5.7000,2806400
20131217,5.5200,5.6700,5.5100,5.6100,3858600
20131218,5.4200,5.5500,5.4100,5.5500,3230600
20131219,5.4300,5.5000,5.4000,5.4500,2079200
20131220,5.4000,5.4700,5.3800,5.4700,1835300
20131223,5.2900,5.4400,5.2200,5.4000,2447800
20131224,5.3800,5.4000,5.2800,5.2900,1536300
20131225,5.4400,5.5200,5.3700,5.3800,1342700
20131226,5.2900,5.4700,5.2700,5.4400,1533300
20131227,5.4000,5.4400,5.2900,5.3800,2164100
20131230,5.4900,5.6700,5.4200,5.4500,3875600
20131231,5.5100,5.6000,5.4600,5.5200,2438400
20140101,5.5100,5.5100,5.5100,5.5100,0
20140102,5.4400,5.4900,5.3800,5.4800,1529800
20140103,5.3200,5.4200,5.3000,5.4000,2031300
20140106,5.1600,5.3200,5.1000,5.2900,2336400
20140107,5.1600,5.2700,5.1000,5.1200,3621800
20140108,5.0600,5.1800,5.0000,5.1800,3144900
20140109,4.9500,5.1200,4.9200,5.0600,2779600
20140110,4.8800,4.9700,4.7600,4.9500,2003500
20140113,4.8400,4.9200,4.8000,4.8400,802500
20140114,4.8700,4.8900,4.7500,4.8300,1334700
20140115,4.8200,4.8700,4.7600,4.8400,1080700
20140116,4.9400,5.0800,4.8100,4.8200,2201500
20140117,4.8200,4.9400,4.7900,4.9400,1217300
20140120,4.6800,4.8500,4.6800,4.8100,1800700
20140121,4.7000,4.7500,4.6700,4.6800,1759900
20140122,4.8300,4.8400,4.6800,4.7000,3323200
20140123,4.8400,4.9000,4.8100,4.8200,2653000
20140124,4.9300,4.9800,4.8200,4.8600,3413500
20140127,4.8900,4.9400,4.8500,4.9000,1344600
20140128,4.9100,4.9600,4.8600,4.8900,2211800
20140129,4.9400,4.9600,4.9100,4.9100,907700
20140130,4.9500,4.9500,4.8700,4.9500,1075900
20140131,4.9500,4.9500,4.9500,4.9500,0
20140203,4.9500,4.9500,4.9500,4.9500,0
20140205,4.9500,4.9500,4.9500,4.9500,0
20140206,4.9500,4.9500,4.9500,4.9500,0
20140207,5.0500,5.0600,4.8000,4.9100,1428300
20140210,5.1200,5.1400,5.0300,5.0700,3064100
20140211,5.2200,5.3000,5.0500,5.1000,4841900
20140212,5.4900,5.7100,5.2800,5.3300,10437100
20140213,5.2400,5.5100,5.2200,5.5100,6934300
20140214,5.2700,5.3200,5.1900,5.2200,3553400
20140217,5.3200,5.3400,5.2300,5.2400,6654600
20140218,5.6200,5.6300,5.1900,5.2900,12568200
20140219,5.4400,5.6400,5.4000,5.4800,9267300
20140220,5.2900,5.4600,5.2600,5.3800,3928200
20140221,5.2900,5.4200,5.2500,5.3200,2765400
20140224,5.0600,5.2500,5.0600,5.2500,4350100
20140225,4.9800,5.2100,4.9500,5.0800,4255600
