20130226,4.0500,4.1600,4.0400,4.1300,4430300
20130227,4.0500,4.1100,4.0400,4.0500,3056900
20130228,4.1400,4.1600,4.0500,4.0700,4092900
20130301,4.1800,4.1800,4.1100,4.1500,4051600
20130304,4.0500,4.1400,4.0200,4.1400,4611400
20130305,4.1000,4.1100,4.0200,4.0300,3825300
20130306,4.1400,4.1700,4.0700,4.1000,4314200
20130307,4.1600,4.2000,4.1000,4.1400,4737000
20130308,4.1300,4.1700,4.0900,4.1700,3816000
20130311,4.1100,4.1500,4.0900,4.1000,3585500
20130312,4.0000,4.1600,3.9500,4.1000,6839800
20130313,3.9300,4.0000,3.9000,4.0000,3206300
20130314,3.8900,3.9500,3.8600,3.9400,4705800
20130315,3.8600,3.9400,3.8000,3.8900,7648700
20130318,3.8300,3.8800,3.8200,3.8300,4535200
20130319,3.8400,3.8600,3.7600,3.8100,3782300
20130320,3.9200,3.9300,3.8200,3.8200,4796800
20130321,3.9400,3.9500,3.8900,3.9300,5208600
20130322,3.9300,3.9400,3.8800,3.9400,4264100
20130325,3.9400,3.9600,3.9000,3.9200,3446800
20130326,3.9000,3.9400,3.8600,3.9400,3296400
20130327,3.9200,3.9600,3.8900,3.8900,3403000
20130328,3.8100,3.9200,3.8100,3.9200,3251800
20130329,3.7900,3.8200,3.7700,3.8000,2346200
20130401,3.7800,3.8100,3.7600,3.8100,4265700
20130402,3.7700,3.8100,3.7600,3.7700,2402100
20130403,3.6100,3.7100,3.5800,3.7000,6947600
20130404,3.6100,3.6100,3.6100,3.6100,0
20130405,3.6100,3.6100,3.6100,3.6100,0
20130408,3.6000,3.6000,3.5400,3.5900,2986000
20130409,3.6200,3.6300,3.5800,3.6000,3360000
20130410,3.6200,3.6300,3.5900,3.6200,2840400
20130411,3.6800,3.7100,3.6200,3.6300,5221400
20130412,3.6100,3.6700,3.6000,3.6600,2031600
20130415,3.5600,3.6100,3.5400,3.6000,2870300
20130416,3.6000,3.6000,3.5200,3.5500,1601700
20130417,3.6100,3.6300,3.5700,3.6100,2034900
20130418,3.5700,3.5800,3.5300,3.5600,2332900
20130419,3.6400,3.6600,3.5500,3.5700,3581100
20130422,3.6100,3.6300,3.5900,3.6000,3122700
20130423,3.5100,3.6300,3.5000,3.6000,3637100
20130424,3.5900,3.6000,3.5100,3.5400,2303200
20130425,3.5800,3.6200,3.5600,3.5900,2329800
20130426,3.5500,3.6100,3.5200,3.5700,1895100
20130429,3.5500,3.5500,3.5500,3.5500,0
20130430,3.5500,3.5500,3.5500,3.5500,0
20130501,3.5500,3.5500,3.5500,3.5500,0
20130502,3.5800,3.5900,3.5400,3.5500,2548300
20130503,3.6100,3.6500,3.5700,3.5700,3418800
20130506,3.6900,3.7100,3.6100,3.6100,5225800
20130507,3.6900,3.7000,3.6500,3.7000,2413400
20130508,3.6900,3.7400,3.6700,3.6700,2880300
20130509,3.6400,3.7000,3.6200,3.7000,3237200
20130510,3.6600,3.6700,3.6200,3.6400,2836000
20130513,3.6800,3.7000,3.6100,3.6700,3538000
20130514,3.6300,3.6800,3.6100,3.6700,1941700
20130515,3.6400,3.6500,3.6200,3.6400,1569100
20130516,3.6700,3.6800,3.5900,3.6300,3917400
20130517,3.7100,3.7100,3.6500,3.6700,3702100
20130520,3.7500,3.8000,3.6900,3.7200,7266700
20130521,3.7600,3.7700,3.7300,3.7500,4441100
20130522,3.7400,3.7800,3.7300,3.7700,4340900
20130523,3.7000,3.7600,3.6800,3.7400,3616500
20130524,3.7900,3.8000,3.6800,3.7100,4516200
20130527,3.7800,3.8500,3.7700,3.8500,4631700
20130528,3.8000,3.8200,3.7400,3.7700,3708500
20130529,3.7800,3.8400,3.7700,3.8000,4022700
20130530,3.7800,3.7900,3.7500,3.7800,2609600
20130531,3.7900,3.8500,3.7500,3.7700,7383400
20130603,3.8200,3.8600,3.7900,3.8000,4847700
20130604,3.9000,3.9700,3.7800,3.8100,14227200
20130605,3.8900,3.9100,3.8400,3.8700,5879300
20130606,3.8900,4.0400,3.8700,3.8800,12407100
20130607,3.8300,3.8800,3.7700,3.8800,6657200
20130610,3.8300,3.8300,3.8300,3.8300,0
20130611,3.8300,3.8300,3.8300,3.8300,0
20130612,3.8300,3.8300,3.8300,3.8300,0
20130613,3.9900,4.1500,3.6500,3.8000,20793200
20130614,3.9600,3.9700,3.8900,3.9600,10015900
20130617,4.0000,4.0500,3.9300,3.9700,8492000
20130618,4.0200,4.0300,3.9000,4.0000,7589000
20130619,3.9700,4.0100,3.9200,4.0000,4499200
20130620,3.7500,3.9600,3.7500,3.9500,7628800
20130621,3.6400,3.7000,3.6000,3.7000,4692800
20130624,3.3600,3.6700,3.2800,3.6700,5104600
20130625,3.4800,3.5200,3.1800,3.3700,7404800
20130626,3.4600,3.5300,3.3900,3.4800,2866500
20130627,3.3800,3.5000,3.3500,3.4500,3795700
20130628,3.3700,3.4500,3.3300,3.3700,3512000
20130701,3.3600,3.3700,3.2800,3.3700,2964100
20130702,3.3600,3.3600,3.2800,3.3600,2832700
20130703,3.3300,3.3500,3.2800,3.3500,2489600
20130704,3.3800,3.4000,3.2900,3.3200,3981600
20130705,3.4300,3.5700,3.3600,3.3700,7029700
20130708,3.2500,3.3500,3.2000,3.3300,4956900
20130709,3.2500,3.2800,3.2100,3.2500,1697600
20130710,3.3300,3.3300,3.2300,3.2500,2699600
20130711,3.4000,3.4400,3.3200,3.3500,5024200
20130712,3.3700,3.4400,3.3500,3.3900,3579700
20130715,3.4000,3.4400,3.3500,3.3700,3531000
20130716,3.4200,3.4400,3.3700,3.4100,3336200
20130717,3.3900,3.4600,3.3900,3.4000,3939400
20130718,3.3400,3.4000,3.3400,3.3800,2579000
20130719,3.2600,3.3700,3.2600,3.3400,3164300
20130722,3.2600,3.3100,3.2300,3.2600,2391300
20130723,3.3500,3.3500,3.2600,3.2600,3821600
20130724,3.4500,3.4600,3.2600,3.3400,8519500
20130725,3.3700,3.4600,3.3700,3.4100,3687900
20130726,3.3800,3.4000,3.3500,3.3700,1821800
20130729,3.3200,3.4500,3.3100,3.4000,3225300
20130730,3.3300,3.3600,3.2900,3.3300,1897700
20130731,3.3300,3.3700,3.3200,3.3300,1212700
20130801,3.3900,3.4000,3.3100,3.3500,2223000
20130802,3.3800,3.4100,3.3700,3.3900,2162700
20130805,3.4300,3.4500,3.3600,3.3800,2608600
20130806,3.4500,3.5100,3.4000,3.4400,4678000
20130807,3.4200,3.4800,3.4200,3.4500,2984700
20130808,3.4200,3.4500,3.4000,3.4200,2716800
20130809,3.4400,3.4600,3.4000,3.4300,2771600
20130812,3.4800,3.4900,3.4300,3.4300,5178100
20130813,3.5100,3.5300,3.4600,3.4800,4075300
20130814,3.4700,3.5300,3.4500,3.5100,4278900
20130815,3.4200,3.4800,3.4100,3.4600,3631400
20130816,3.3900,3.5100,3.3800,3.4000,5142400
20130819,3.4200,3.4300,3.3400,3.3700,2859200
20130820,3.4300,3.4600,3.3900,3.4300,3199000
20130821,3.4400,3.4400,3.4100,3.4100,2067500
20130822,3.4800,3.5200,3.4200,3.4300,6714700
20130823,3.4400,3.5100,3.3800,3.4800,4089400
20130826,3.4900,3.5000,3.4400,3.4500,4400700
20130827,3.5300,3.5400,3.4700,3.4700,4492100
20130828,3.4800,3.5300,3.4700,3.5200,5454800
20130829,3.5000,3.5100,3.4700,3.5000,3189300
20130830,3.5300,3.6200,3.4800,3.5100,11344900
20130902,3.5500,3.5500,3.4800,3.5100,4450400
20130903,3.5600,3.5800,3.5300,3.5500,5173300
20130904,3.5800,3.5900,3.5300,3.5700,6462700
20130905,3.5400,3.5800,3.5300,3.5800,3840600
20130906,3.5500,3.5600,3.5200,3.5400,5067300
20130909,3.8300,3.9000,3.5300,3.5500,30273400
20130910,3.9200,4.1000,3.7600,3.7900,20364600
20130911,3.9500,4.0700,3.8800,3.9000,13719600
20130912,4.1400,4.1400,3.9400,3.9500,29387500
20130913,4.0600,4.3300,4.0600,4.1800,35518300
20130916,4.4700,4.4700,4.0100,4.1200,61494600
20130917,4.1200,4.4500,4.0800,4.4500,51863600
20130918,4.1800,4.2400,3.9800,4.0600,23816200
20130920,4.1800,4.1800,4.1800,4.1800,0
20130923,4.1800,4.2400,4.0600,4.1400,20881400
20130924,4.2700,4.2700,4.0700,4.1800,25123400
20130925,4.1100,4.3000,4.1000,4.2300,18421400
20130926,3.9200,4.1100,3.9200,4.1100,14054800
20130927,3.8600,4.0400,3.8100,3.9200,11877900
20130930,3.9300,3.9500,3.8700,3.8700,6855500
20131001,3.9300,3.9300,3.9300,3.9300,0
20131002,3.9300,3.9300,3.9300,3.9300,0
20131003,3.9300,3.9300,3.9300,3.9300,0
20131004,3.9300,3.9300,3.9300,3.9300,0
20131007,3.9300,3.9300,3.9300,3.9300,0
20131008,4.0500,4.0600,3.8500,3.9100,9576400
20131009,3.9700,3.9900,3.8800,3.9900,13036200
20131010,4.0400,4.1400,3.9800,3.9900,14719900
20131011,4.0300,4.0600,3.9500,4.0000,9375400
20131014,4.0000,4.0500,3.9900,4.0300,8206300
20131015,3.9300,4.0000,3.8900,3.9900,9641900
20131016,3.8500,3.9500,3.8200,3.9400,7573700
20131017,3.7900,3.8900,3.7600,3.8500,5793400
20131018,3.8900,3.9200,3.7700,3.7900,5712000
20131021,3.9200,3.9700,3.8500,3.9000,7347900
20131022,3.8500,3.9100,3.8200,3.9000,4985800
20131023,3.8100,3.8800,3.8000,3.8500,5093300
20131024,3.7600,3.8200,3.7500,3.8000,4840100
20131025,3.7400,3.8000,3.7100,3.7800,4050800
20131028,3.7600,3.7900,3.7100,3.7200,2530500
20131029,3.6000,3.7700,3.5300,3.7700,4958700
20131030,3.6300,3.6600,3.6000,3.6300,4112800
20131031,3.6100,3.6400,3.5700,3.6300,3507000
20131101,3.6000,3.6200,3.5700,3.6200,2605500
20131104,3.6400,3.6400,3.5900,3.6000,2834700
20131105,3.6300,3.6500,3.5600,3.6300,3224900
20131106,3.6400,3.7000,3.6100,3.6300,3590300
20131107,3.5800,3.6400,3.5800,3.6400,2996100
20131108,3.5400,3.6200,3.5300,3.5800,2077600
20131111,3.5700,3.5700,3.5000,3.5400,1642800
20131112,3.6300,3.6500,3.5400,3.5600,3593900
20131113,3.5500,3.6200,3.5500,3.6200,2015500
20131114,3.5800,3.6000,3.5300,3.5400,2431400
20131115,3.6600,3.7000,3.5900,3.6000,7223600
20131118,3.7200,3.7400,3.6400,3.6700,5207100
20131119,4.0900,4.0900,4.0100,4.0100,35297300
20131120,4.1900,4.2600,4.0900,4.1000,52455300
20131121,4.0400,4.1500,4.0000,4.0600,26782100
20131122,3.9100,4.0900,3.9000,3.9900,17548400
20131125,3.9300,4.0300,3.8600,3.8900,12974000
20131126,3.9200,3.9700,3.8900,3.9200,6830000
20131127,3.9400,3.9900,3.9100,3.9200,7491400
20131128,3.9300,4.0200,3.9200,3.9400,8138200
20131129,3.8900,3.9400,3.8700,3.9300,8839400
20131202,3.8800,4.0100,3.8200,3.8600,14672400
20131203,3.9400,3.9400,3.8400,3.8600,6993600
20131204,3.9600,4.0000,3.9200,3.9300,8453100
20131205,3.9900,4.0000,3.9400,3.9800,7516000
20131206,3.9700,4.0000,3.9300,3.9900,4743100
20131209,3.9300,3.9800,3.9000,3.9800,6837200
20131210,3.9100,3.9400,3.8900,3.9300,4903500
20131211,3.8500,3.8900,3.8100,3.8900,5771800
20131212,3.8300,3.8700,3.8200,3.8400,2844600
20131213,3.8500,3.8800,3.8000,3.8200,3500900
20131216,3.7700,3.8800,3.7700,3.8500,4107800
20131217,3.7700,3.8000,3.7500,3.7700,2670500
20131218,3.8200,3.8600,3.7600,3.7700,3476700
20131219,3.7600,3.8300,3.7600,3.8200,2753300
20131220,3.7200,3.8000,3.7000,3.7500,3363100
20131223,3.6700,3.7400,3.6500,3.7100,2169100
20131224,3.6800,3.7200,3.6600,3.6800,2398300
20131225,3.7400,3.7600,3.6700,3.6800,3054900
20131226,3.6300,3.7400,3.6100,3.7400,2515200
20131227,3.7000,3.7100,3.6200,3.6300,2811600
20131230,3.7000,3.7300,3.6900,3.7100,2535100
20131231,3.7200,3.7300,3.6800,3.6900,2298700
20140101,3.7200,3.7200,3.7200,3.7200,0
20140102,3.7100,3.7300,3.6900,3.7200,1824600
20140103,3.6700,3.7100,3.6600,3.7100,2003600
20140106,3.5400,3.6500,3.5300,3.6500,3166300
20140107,3.5600,3.5800,3.5100,3.5500,1900400
20140108,3.5400,3.5900,3.5300,3.5700,1937900
20140109,3.5100,3.5800,3.5000,3.5200,2519500
20140110,3.4100,3.5100,3.4100,3.5000,2450000
20140113,3.4700,3.4800,3.4100,3.4200,1878000
20140114,3.5300,3.5500,3.3700,3.4700,3478500
20140115,3.4800,3.5200,3.4300,3.5100,2445600
20140116,3.4600,3.5000,3.4400,3.4700,1820600
20140117,3.3900,3.4600,3.3900,3.4600,2107100
20140120,3.4200,3.4200,3.3700,3.3700,3394900
20140121,3.4500,3.4600,3.4000,3.4000,1872600
20140122,3.5100,3.5300,3.4400,3.4500,2707100
20140123,3.5000,3.5300,3.4900,3.5100,1975200
20140124,3.5600,3.5600,3.4800,3.5100,3099700
20140127,3.5300,3.5400,3.4900,3.5400,2085100
20140128,3.5500,3.5500,3.5000,3.5000,1881700
20140129,3.5400,3.5700,3.5300,3.5500,1561300
20140130,3.5300,3.5500,3.5100,3.5400,1357900
20140131,3.5300,3.5300,3.5300,3.5300,0
20140203,3.5300,3.5300,3.5300,3.5300,0
20140205,3.5300,3.5300,3.5300,3.5300,0
20140206,3.5300,3.5300,3.5300,3.5300,0
20140207,3.5500,3.5500,3.4900,3.5200,2315800
20140210,3.6800,3.7000,3.5400,3.5500,5830700
20140211,3.6800,3.7000,3.6300,3.6800,3582000
20140212,3.7600,3.7600,3.6400,3.6800,4733400
20140213,3.6900,3.7800,3.6700,3.7800,4103800
20140214,3.7800,3.7800,3.6900,3.7200,4488000
20140217,3.7900,3.8300,3.7500,3.7900,4723200
20140218,3.7400,3.7800,3.7200,3.7800,2860700
20140219,3.7500,3.7800,3.7100,3.7400,4806600
20140220,3.6800,3.7900,3.6500,3.7500,5721100
20140221,3.6300,3.7000,3.6200,3.6800,3762900
20140224,3.6200,3.6400,3.5500,3.6400,3395000
20140225,3.7000,3.8700,3.6000,3.6100,14460200
