20130226,4.5200,4.6200,4.5200,4.5800,1993900
20130227,4.6333,4.6467,4.5200,4.5200,2766000
20130228,4.7533,4.8667,4.6133,4.6400,5092800
20130301,4.7800,4.7933,4.7000,4.7533,3114200
20130304,4.5667,4.7267,4.5200,4.7267,3444000
20130305,4.7200,4.7200,4.5333,4.5667,3247400
20130306,4.8000,4.8800,4.6867,4.7200,5921100
20130307,4.7200,4.8667,4.7067,4.8000,2965700
20130308,4.7333,4.7800,4.7067,4.7067,1553600
20130311,4.8333,4.8400,4.7067,4.7333,2379900
20130312,4.6400,4.8600,4.6200,4.8600,2639400
20130313,4.5867,4.6667,4.5333,4.6000,1973300
20130314,4.5933,4.6133,4.5333,4.5867,1222500
20130315,4.5867,4.6733,4.5067,4.5800,1469500
20130318,4.5467,4.6333,4.5333,4.5733,1147800
20130319,4.5333,4.5800,4.4333,4.5333,1120400
20130320,4.6800,4.6867,4.5333,4.5533,1411400
20130321,4.7200,4.7933,4.6667,4.6867,2151100
20130322,4.7267,4.7867,4.7200,4.7200,2213700
20130325,4.7333,4.7933,4.7267,4.7267,1695600
20130326,4.7600,4.7733,4.6467,4.7600,1901700
20130327,4.7800,4.9000,4.7333,4.7400,4695000
20130328,4.6000,4.7600,4.5667,4.7600,3518400
20130329,4.6000,4.6533,4.5400,4.5733,1447200
20130401,4.6600,4.7067,4.5667,4.6133,1578600
20130402,4.6200,4.7133,4.6133,4.6533,1295600
20130403,4.6200,4.6533,4.5333,4.6533,1383700
20130404,4.6200,4.6200,4.6200,4.6200,0
20130405,4.6200,4.6200,4.6200,4.6200,0
20130408,4.5800,4.5867,4.4667,4.5067,1496000
20130409,4.5933,4.6133,4.5400,4.5667,1078000
20130410,4.5667,4.6267,4.5200,4.5933,1106400
20130411,4.7600,4.8000,4.5533,4.5867,4859300
20130412,4.7467,4.7800,4.6867,4.7467,3069800
20130415,4.8067,4.8267,4.6467,4.7200,3442200
20130416,4.8067,4.8667,4.7267,4.7533,3551100
20130417,4.8733,4.8733,4.7000,4.8200,4061100
20130418,4.7600,4.8667,4.7467,4.8333,2818800
20130419,4.9933,5.1200,4.7533,4.7533,10177400
20130422,5.1267,5.1400,4.9200,4.9533,9137700
20130423,5.0067,5.1000,4.9733,5.0600,6375200
20130424,5.2867,5.3067,4.9400,4.9933,11597200
20130425,5.1667,5.3733,5.1200,5.2267,9860500
20130426,5.0333,5.2067,4.9800,5.1333,5004300
20130429,5.0333,5.0333,5.0333,5.0333,0
20130430,5.0333,5.0333,5.0333,5.0333,0
20130501,5.0333,5.0333,5.0333,5.0333,0
20130502,5.0667,5.0667,4.9000,5.0067,3464500
20130503,5.0600,5.2000,5.0267,5.0533,5737100
20130506,5.1600,5.1867,5.0400,5.0400,4757000
20130507,5.1000,5.1867,5.0867,5.1467,3023300
20130508,5.2600,5.2667,5.0067,5.1000,6411600
20130509,5.2400,5.2733,5.1467,5.2200,4620700
20130510,5.4133,5.4667,5.1867,5.2000,8926900
20130513,5.4133,5.4467,5.3467,5.3800,4253400
20130514,5.2067,5.4333,5.1667,5.4133,4713600
20130515,5.2667,5.3200,5.1467,5.2267,3589600
20130516,5.3267,5.3733,5.1867,5.2333,4062600
20130517,5.3867,5.4000,5.2333,5.3267,5878000
20130520,5.5667,5.6533,5.3533,5.4000,9885600
20130521,5.6933,5.8467,5.5000,5.5667,7937600
20130522,5.5667,5.7600,5.5400,5.7067,6319400
20130523,5.5800,5.7800,5.5333,5.5400,6316400
20130524,5.8200,5.8667,5.5867,5.5867,7701900
20130527,5.8267,5.9067,5.7467,5.8000,4657400
20130528,5.6800,5.8267,5.5867,5.8000,4819000
20130529,5.7800,5.7867,5.6333,5.6733,4044100
20130530,5.7533,5.8067,5.6733,5.7333,3160400
20130531,5.6800,5.8133,5.6467,5.7067,3666200
20130603,5.5133,5.6933,5.5133,5.6933,4485100
20130604,5.3533,5.5600,5.3067,5.5267,4215400
20130605,5.4067,5.4533,5.3067,5.3667,2425700
20130606,5.4067,5.5000,5.4000,5.4400,3463100
20130607,5.3400,5.5267,5.2800,5.4333,2964500
20130610,5.3400,5.3400,5.3400,5.3400,0
20130611,5.3400,5.3400,5.3400,5.3400,0
20130612,5.3400,5.3400,5.3400,5.3400,0
20130613,5.1133,5.3200,5.0400,5.3200,2752000
20130614,5.2067,5.2533,5.0867,5.1867,2377800
20130617,5.2200,5.2800,5.1733,5.2000,3533200
20130618,5.1200,5.2500,5.0600,5.2200,1315400
20130619,5.2400,5.5500,5.0200,5.1000,4612700
20130620,5.0500,5.2000,4.9700,5.1600,2824100
20130621,4.9300,5.0200,4.8100,4.9000,2054100
20130624,4.8000,4.9700,4.4400,4.9000,3617900
20130625,4.5000,4.7600,4.3200,4.7000,5310700
20130626,4.5300,4.5900,4.4200,4.5100,3485000
20130627,4.2900,4.5700,4.2800,4.5300,3223800
20130628,4.2100,4.3900,4.0800,4.2800,2477400
20130701,4.3300,4.3500,4.2100,4.2500,1582000
20130702,4.3800,4.4100,4.2700,4.3000,1828800
20130703,4.5000,4.5800,4.2200,4.3700,3638200
20130704,4.6100,4.7200,4.4200,4.4500,5284600
20130705,4.5600,4.6700,4.5000,4.6100,2124000
20130708,4.2700,4.5000,4.2000,4.5000,2089700
20130709,4.2800,4.3500,4.2200,4.2700,1285800
20130710,4.4500,4.4600,4.2400,4.2800,2125600
20130711,4.5300,4.6000,4.4500,4.4500,2521400
20130712,4.4200,4.5700,4.4000,4.5200,2358100
20130715,4.8600,4.8600,4.4500,4.4500,10047000
20130716,5.2800,5.3300,4.8000,4.8600,14772200
20130717,5.3500,5.5000,5.1000,5.1700,14413500
20130718,5.2200,5.3700,5.1700,5.3100,6590800
20130719,5.3100,5.5900,5.2400,5.3500,11097200
20130722,5.3600,5.3900,5.0300,5.2500,6352500
20130723,5.4400,5.6000,5.2500,5.3900,8697000
20130724,5.5500,5.6500,5.3600,5.3800,8694400
20130725,5.3000,5.6800,5.2900,5.6200,5640000
20130726,5.2500,5.3400,5.1000,5.2300,4106800
20130729,5.1700,5.2700,5.1000,5.2300,2084000
20130730,5.1700,5.3100,5.1200,5.1300,2956700
20130731,5.3300,5.3300,5.1700,5.1700,2943700
20130801,5.8600,5.8600,5.3300,5.3300,12149700
20130802,6.2500,6.4500,6.0500,6.0600,23609400
20130805,6.8800,6.8800,6.1300,6.2000,15272100
20130806,7.5700,7.5700,7.4100,7.5700,14018800
20130807,7.8500,8.0400,7.4300,7.5800,43654300
20130808,7.7000,7.8000,7.4700,7.6700,23763900
20130809,7.1600,7.7000,6.9300,7.7000,30359000
20130812,7.0900,7.1400,6.9200,7.0500,18934300
20130813,7.0900,7.1700,6.9400,7.0800,14645500
20130814,7.1000,7.1400,6.8500,7.0900,13946800
20130815,7.3500,7.4500,7.0000,7.0900,24950800
20130816,6.9500,7.3300,6.8800,7.1200,14341200
20130819,7.1900,7.1900,6.7200,6.9500,10477400
20130820,7.5500,7.7700,7.1000,7.1500,23377300
20130821,7.3900,7.4400,7.1900,7.3500,13531600
20130822,7.1100,7.3800,7.0800,7.2800,12277600
20130823,7.3900,7.4000,6.9400,7.0500,14591200
20130826,7.4700,7.5200,7.2600,7.4000,13767000
20130827,7.5000,7.7400,7.2100,7.4400,17233800
20130828,7.6200,7.9600,7.2200,7.3900,24666600
20130829,7.4500,7.6600,7.3100,7.5000,10357200
20130830,6.7100,7.5600,6.7100,7.3600,19861500
20130902,6.4300,6.5700,6.3100,6.4000,9440300
20130903,6.5300,6.5700,6.4100,6.4800,5548600
20130904,6.3600,6.5900,6.3000,6.5300,9111800
20130905,6.4200,6.4500,6.2100,6.3600,6024400
20130906,6.5500,6.6000,6.3500,6.4300,8000900
20130909,6.5300,6.5900,6.4600,6.5000,6485100
20130910,6.4800,6.5300,6.3500,6.5300,7560500
20130911,6.2200,6.4700,6.2100,6.4600,7141700
20130912,6.2400,6.3300,6.1500,6.1800,4149200
20130913,6.3100,6.3300,6.2000,6.2000,3267900
20130916,6.7000,6.7000,6.2700,6.3200,13744800
20130917,6.7000,6.7900,6.5700,6.5900,8699700
20130918,7.0400,7.0700,6.6200,6.6300,21825900
20130920,7.0400,7.0400,7.0400,7.0400,0
20130923,6.9300,6.9600,6.5400,6.8300,15802400
20130924,6.8100,6.9900,6.6900,6.8400,10007300
20130925,6.7700,6.9200,6.6300,6.7200,8079300
20130926,6.3600,6.7500,6.3600,6.7400,6688900
20130927,6.3100,6.4300,6.3000,6.3600,3610200
20130930,6.4900,6.5100,6.3300,6.3300,3537800
20131001,6.4900,6.4900,6.4900,6.4900,0
20131002,6.4900,6.4900,6.4900,6.4900,0
20131003,6.4900,6.4900,6.4900,6.4900,0
20131004,6.4900,6.4900,6.4900,6.4900,0
20131007,6.4900,6.4900,6.4900,6.4900,0
20131008,6.6800,6.6900,6.4800,6.4900,5426200
20131009,6.6800,6.7500,6.6000,6.6800,4451900
20131010,6.9400,7.0900,6.6600,6.7400,13050700
20131011,6.9800,7.0200,6.8200,6.9500,9485800
20131014,6.9800,7.2400,6.9800,7.0000,12977800
20131015,7.1400,7.2000,6.9200,7.1500,14068500
20131016,6.8200,7.1000,6.8000,7.0900,6983900
20131017,6.9100,7.0800,6.8600,6.8900,5251100
20131018,7.2300,7.2700,6.8400,6.9900,11675500
20131021,7.2500,7.3400,7.1100,7.2800,11193200
20131022,6.9200,7.2700,6.9000,7.2600,9108700
20131023,6.5800,7.0600,6.5100,6.9000,6430600
20131024,6.4100,6.5300,6.3600,6.5200,4556000
20131025,6.3000,6.4800,6.2800,6.4300,3219400
20131028,6.3800,6.3900,6.0200,6.2600,4270300
20131029,6.0500,6.4600,5.9500,6.3500,5253900
20131030,6.1100,6.1800,6.0100,6.0400,2845200
20131031,6.1200,6.1700,6.0400,6.1000,2151500
20131101,6.0200,6.1600,5.9200,6.1000,2075200
20131104,5.9900,6.0400,5.9000,6.0200,2510100
20131105,6.2600,6.2900,5.8800,5.9900,4621600
20131106,6.1100,6.2500,6.1100,6.1700,3051900
20131107,6.1400,6.1600,6.0000,6.0600,2777400
20131108,6.2000,6.3800,6.0800,6.1200,5404300
20131111,6.2600,6.3500,6.0300,6.1000,4644200
20131112,6.1900,6.2800,6.1500,6.1900,3671300
20131113,6.0200,6.2800,6.0000,6.2100,2676700
20131114,6.0600,6.1000,5.9700,5.9800,1922200
20131115,6.1700,6.2500,6.0500,6.0500,2670100
20131118,6.3600,6.3800,6.1300,6.1700,4736900
20131119,6.3200,6.3600,6.2500,6.3600,2800700
20131120,6.3700,6.4000,6.2800,6.3900,2811600
20131121,6.3000,6.3700,6.2700,6.3500,2934800
20131122,6.2000,6.3400,6.2000,6.2800,2707400
20131125,6.1200,6.2600,6.1000,6.1900,2024200
20131126,6.3500,6.3900,6.1200,6.1200,4416400
20131127,6.3000,6.3500,6.2200,6.3500,3238700
20131128,6.2800,6.4100,6.2500,6.3000,3455000
20131129,6.3100,6.3700,6.2700,6.2700,2640500
20131202,5.7000,6.2000,5.6800,5.9500,4645700
20131203,5.8800,5.9000,5.7000,5.7100,1693000
20131204,5.9700,6.0300,5.8600,5.9000,1933000
20131205,5.9500,6.0300,5.9000,5.9400,1567300
20131206,5.9200,5.9800,5.9100,5.9600,1105800
20131209,6.3100,6.3300,5.9100,5.9100,6332900
20131210,6.5500,6.8500,6.2700,6.2700,13060000
20131211,6.3100,6.4000,6.2100,6.4000,5789600
20131212,6.2200,6.3200,6.2100,6.3200,2815700
20131213,6.2000,6.2500,6.1400,6.1600,1882900
20131216,6.0500,6.2000,5.9500,6.1800,2748700
20131217,6.0500,6.0600,5.9800,6.0600,1242000
20131218,6.0400,6.0800,6.0000,6.0600,811500
20131219,5.9600,6.1100,5.9500,6.0700,1201000
20131220,5.7800,6.0500,5.7700,6.0300,1319000
20131223,5.8000,5.8900,5.6800,5.8900,1236600
20131224,5.8200,5.9000,5.7600,5.8700,935800
20131225,5.8900,5.9000,5.7800,5.8000,1263700
20131226,5.6800,5.8800,5.6600,5.8800,1559800
20131227,5.8300,5.8300,5.6300,5.6500,1774000
20131230,5.8400,5.9000,5.8200,5.8400,1428700
20131231,5.8400,5.8800,5.8000,5.8300,1181100
20140101,5.8400,5.8400,5.8400,5.8400,0
20140102,5.8800,5.8900,5.8000,5.8900,1351400
20140103,5.7900,5.9000,5.7800,5.8700,1485000
20140106,5.6200,5.7800,5.6000,5.7800,1357500
20140107,5.6300,5.7000,5.5800,5.5800,947000
20140108,5.5100,5.6700,5.5100,5.6600,1543000
20140109,5.3000,5.5900,5.2900,5.5000,1777300
20140110,5.2400,5.3900,5.2000,5.2900,1303600
20140113,5.1500,5.3300,5.1300,5.2600,1154500
20140114,5.3200,5.3300,5.1300,5.2000,1574400
20140115,5.8500,5.8500,5.3300,5.3900,3284900
20140116,6.2700,6.4400,6.0400,6.0700,15838300
20140117,6.1100,6.3600,5.9100,5.9900,10526300
20140120,5.9200,6.1600,5.9000,6.1600,5134200
20140121,6.0800,6.1500,5.8400,5.8800,5223700
20140122,6.1900,6.3400,6.0100,6.0300,6448400
20140123,6.0900,6.2600,6.0700,6.1700,4400100
20140124,6.2300,6.2400,6.0400,6.0600,5224800
20140127,6.3500,6.4800,6.2300,6.3300,8514500
20140128,6.1600,6.3500,6.0400,6.3400,4480500
20140129,6.2800,6.2800,6.1000,6.2200,3582000
20140130,6.1300,6.2800,6.0700,6.2800,2572000
20140131,6.1300,6.1300,6.1300,6.1300,0
20140203,6.1300,6.1300,6.1300,6.1300,0
20140205,6.1300,6.1300,6.1300,6.1300,0
20140206,6.1300,6.1300,6.1300,6.1300,0
20140207,6.4500,6.5000,6.0500,6.0500,6272400
20140210,6.6400,6.7000,6.4200,6.4200,8761500
20140211,6.7000,6.7600,6.4700,6.6300,7085100
20140212,6.7100,6.7800,6.5800,6.6700,5052100
20140213,6.5300,6.7200,6.5300,6.7200,4986200
20140214,6.7200,6.7200,6.4600,6.5000,5015300
20140217,7.0100,7.0700,6.6900,6.7800,9412800
20140218,7.2000,7.2800,7.0100,7.0100,9657900
20140219,7.0500,7.2000,7.0000,7.1900,5250900
20140220,6.9000,7.1800,6.9000,7.0500,4813900
20140221,6.9100,6.9600,6.7600,6.9000,3344600
20140224,7.1400,7.1500,6.7800,6.8800,4780500
20140225,6.6800,7.1800,6.4500,7.1100,5070600
