20130226,4.3600,4.4400,4.3100,4.4000,1443200
20130227,4.3400,4.4000,4.3300,4.3700,1495800
20130228,4.4200,4.4200,4.3200,4.3500,1443300
20130301,4.4800,4.4800,4.3900,4.4200,1947400
20130304,4.3700,4.4600,4.3600,4.4500,2071800
20130305,4.4100,4.4300,4.3500,4.3600,1457600
20130306,4.5300,4.6200,4.4000,4.4100,4076700
20130307,4.5600,4.6800,4.4900,4.5300,4994000
20130308,4.5500,4.6400,4.5300,4.5700,1758900
20130311,4.6400,4.6500,4.5300,4.5600,3025400
20130312,4.5700,4.7200,4.4900,4.6400,4134900
20130313,4.4300,4.5800,4.4200,4.5800,2284200
20130314,4.5100,4.5200,4.4000,4.4300,1859300
20130315,4.4900,4.5400,4.4400,4.5100,1424700
20130318,4.4200,4.5100,4.4100,4.4500,1665000
20130319,4.4600,4.4800,4.4000,4.4000,970600
20130320,4.5800,4.5800,4.4500,4.4500,2819200
20130321,4.5300,4.6800,4.5100,4.6600,3487700
20130322,4.6700,4.6700,4.4900,4.5000,4217600
20130325,4.7400,4.7400,4.6300,4.6900,4558100
20130326,4.6900,4.7300,4.5800,4.7300,2908700
20130327,4.6400,4.7100,4.6000,4.7000,2844700
20130328,4.4200,4.6400,4.4000,4.6400,2482700
20130329,4.4400,4.4900,4.4100,4.4500,1327800
20130401,4.4000,4.4700,4.3900,4.4500,1422100
20130402,4.3000,4.4600,4.2700,4.4000,1908500
20130403,4.3000,4.3400,4.2300,4.3000,1103100
20130404,4.3000,4.3000,4.3000,4.3000,0
20130405,4.3000,4.3000,4.3000,4.3000,0
20130408,4.2000,4.2800,4.1500,4.2500,1388800
20130409,4.2400,4.3000,4.2000,4.2100,1378500
20130410,4.2100,4.2600,4.1800,4.2500,1368100
20130411,4.1800,4.2600,4.1600,4.2200,1486200
20130412,4.2600,4.4300,4.2500,4.3000,4473400
20130415,4.0800,4.2500,4.0700,4.2100,2234700
20130416,4.1300,4.1400,4.0400,4.0600,1302400
20130417,4.1400,4.1500,4.1000,4.1300,957700
20130418,4.1400,4.1700,4.1100,4.1300,834100
20130419,4.2500,4.2500,4.1200,4.1400,1772900
20130422,4.2800,4.3400,4.2300,4.2500,1610200
20130423,4.1500,4.3100,4.0800,4.3100,1521200
20130424,4.2600,4.2700,4.0800,4.1500,1457600
20130425,4.1800,4.2700,4.1600,4.2500,1450700
20130426,4.1200,4.2500,4.1200,4.1900,824900
20130429,4.1200,4.1200,4.1200,4.1200,0
20130430,4.1200,4.1200,4.1200,4.1200,0
20130501,4.1200,4.1200,4.1200,4.1200,0
20130502,4.1700,4.2500,4.1000,4.1300,1645300
20130503,4.2700,4.2800,4.2000,4.2000,1705000
20130506,4.2900,4.3000,4.2500,4.2700,2027400
20130507,4.3100,4.3200,4.2500,4.2800,1641000
20130508,4.2900,4.3500,4.2700,4.3100,2098800
20130509,4.2800,4.3200,4.2600,4.2800,1694300
20130510,4.3200,4.3400,4.2400,4.2600,1554400
20130513,4.4400,4.6800,4.3100,4.3300,4985800
20130514,4.4000,4.4400,4.3500,4.4400,2013500
20130515,4.4200,4.4400,4.3500,4.4100,1644400
20130516,4.4500,4.4600,4.3700,4.4000,1817100
20130517,4.4700,4.5400,4.4300,4.4500,2770700
20130520,4.4800,4.5000,4.4500,4.4500,2181800
20130521,4.5100,4.5900,4.4600,4.4800,2371000
20130522,4.4800,4.5500,4.4400,4.4900,2227200
20130523,4.4200,4.5000,4.4000,4.5000,1900000
20130524,4.5200,4.5500,4.3900,4.4400,2729600
20130527,4.5500,4.5700,4.5000,4.5100,2371800
20130528,4.6000,4.6000,4.5300,4.5400,2179500
20130529,4.5700,4.6300,4.5700,4.6100,2204200
20130530,4.5800,4.6000,4.5400,4.5700,2060200
20130531,4.5700,4.6300,4.5600,4.5900,2041100
20130603,4.5000,4.5800,4.4900,4.5300,1924900
20130604,4.4900,4.5400,4.4500,4.4900,2188900
20130605,4.4800,4.5300,4.4600,4.5200,1423300
20130606,4.7000,4.9100,4.4700,4.4700,15001400
20130607,4.7500,4.8700,4.6000,4.7000,9969500
20130610,4.7500,4.7500,4.7500,4.7500,0
20130611,4.7500,4.7500,4.7500,4.7500,0
20130612,4.7500,4.7500,4.7500,4.7500,0
20130613,4.6300,4.8000,4.5400,4.7300,9004600
20130614,5.0600,5.0600,4.6200,4.6200,13318500
20130617,5.1200,5.2900,4.8600,4.9700,13400400
20130618,5.0200,5.0800,4.9300,5.0400,7046700
20130619,4.9400,4.9800,4.7900,4.9700,4868900
20130620,5.1000,5.1900,4.8400,4.8900,9696600
20130621,5.3800,5.5500,4.9100,5.0000,13559900
20130624,5.2600,5.4700,5.0300,5.3700,10156000
20130625,5.7900,5.7900,5.0700,5.1500,19317100
20130626,5.9700,6.1500,5.7200,5.9300,22069400
20130627,6.3900,6.5700,5.7500,5.8200,21470100
20130628,6.1700,6.3900,6.0200,6.1500,13602200
20130701,6.3500,6.6800,6.1000,6.1700,15240300
20130702,6.3000,6.4500,6.1000,6.3600,11551600
20130703,6.2600,6.2800,5.9200,6.2200,12875500
20130704,6.1300,6.2700,6.0200,6.1700,9713900
20130705,5.7000,6.4400,5.6600,6.3000,16071300
20130708,5.2000,5.5100,5.1900,5.4900,10867400
20130709,5.3500,5.3800,5.1200,5.1500,6715700
20130710,5.4400,5.4800,5.2600,5.3000,7125200
20130711,5.5100,5.5600,5.3300,5.4300,7215400
20130712,5.2900,5.5500,5.2700,5.5200,7843500
20130715,5.3900,5.3900,5.2100,5.3200,7217600
20130716,5.5500,5.5500,5.2600,5.3800,7878600
20130717,5.4500,5.6200,5.4000,5.5000,6321500
20130718,5.3500,5.4800,5.2500,5.4000,3969900
20130719,4.9600,5.3900,4.9600,5.3200,6844300
20130722,5.1200,5.1400,4.7600,4.9300,4369500
20130723,5.1600,5.2300,5.0100,5.0800,4513200
20130724,5.0600,5.1800,5.0000,5.1600,3577000
20130725,5.1000,5.1800,5.0500,5.1000,3495800
20130726,5.0700,5.1500,5.0100,5.0900,2688600
20130729,5.2600,5.3600,5.0000,5.0800,6482300
20130730,5.2700,5.3600,5.0500,5.2600,4811000
20130731,5.2200,5.3300,5.1500,5.2700,3828300
20130801,5.2900,5.3000,5.2100,5.2200,3361500
20130802,5.3700,5.5000,5.3300,5.3300,5575100
20130805,5.4100,5.4500,5.3000,5.4200,3228200
20130806,5.4000,5.4400,5.3100,5.4200,2970400
20130807,5.2700,5.4000,5.2500,5.4000,3482900
20130808,5.1800,5.3800,5.1700,5.2600,3405800
20130809,5.2400,5.2700,5.1500,5.2000,2828500
20130812,5.4100,5.4200,5.2100,5.2500,4551500
20130813,5.4300,5.4700,5.3700,5.4500,3784200
20130814,5.2800,5.4600,5.2800,5.4600,4221900
20130815,5.1500,5.3100,5.1500,5.2700,3246400
20130816,5.0600,5.2700,5.0300,5.1200,3016100
20130819,5.0600,5.1100,4.9600,5.0000,2454100
20130820,4.9100,5.0900,4.8900,5.0600,3227700
20130821,5.0400,5.0500,4.9100,4.9100,2049500
20130822,5.0100,5.0700,4.9700,5.0700,1745300
20130823,4.9300,5.0400,4.8900,5.0000,2416300
20130826,5.0800,5.0800,4.9200,4.9400,2846700
20130827,5.1200,5.1500,5.0600,5.1000,2330800
20130828,5.0100,5.1100,4.9800,5.0900,2662400
20130829,4.9900,5.0600,4.9100,5.0400,2226100
20130830,4.8400,5.0300,4.8000,4.9900,2335000
20130902,5.0000,5.0000,4.8000,4.8400,2629300
20130903,5.0500,5.0500,4.9300,4.9800,2358000
20130904,5.0600,5.0600,4.9800,5.0300,1876400
20130905,4.9700,5.0600,4.9500,5.0600,2207500
20130906,4.9700,5.0100,4.9400,4.9800,1584000
20130909,4.9700,5.0200,4.9000,4.9800,3774100
20130910,5.1400,5.1500,4.9800,4.9900,6229400
20130911,5.1100,5.1500,5.0500,5.1400,4683000
20130912,5.1800,5.1800,5.0700,5.1100,4976100
20130913,5.1200,5.1900,5.1000,5.1700,3114800
20130916,5.1000,5.1600,5.0600,5.1200,2637200
20130917,4.9000,5.1000,4.8500,5.0800,3243200
20130918,4.8900,4.9300,4.8400,4.9100,2164600
20130920,4.8900,4.8900,4.8900,4.8900,0
20130923,4.9600,4.9800,4.8800,4.9100,2015400
20130924,4.9100,4.9700,4.8600,4.9500,2520600
20130925,4.9100,4.9200,4.8700,4.9200,1918300
20130926,4.8900,5.0300,4.8700,4.8900,2685100
20130927,4.8700,4.9400,4.8500,4.9000,1451400
20130930,4.8800,4.9000,4.8600,4.8600,1151600
20131001,4.8800,4.8800,4.8800,4.8800,0
20131002,4.8800,4.8800,4.8800,4.8800,0
20131003,4.8800,4.8800,4.8800,4.8800,0
20131004,4.8800,4.8800,4.8800,4.8800,0
20131007,4.8800,4.8800,4.8800,4.8800,0
20131008,4.9600,4.9800,4.8700,4.9100,1894300
20131009,5.0500,5.0700,4.9400,4.9600,2593800
20131010,4.9800,5.1100,4.9800,5.0200,2277900
20131011,5.0400,5.0400,4.9900,5.0000,2105300
20131014,5.1500,5.1800,5.0200,5.0900,6561100
20131015,5.6700,5.6700,5.0500,5.1600,20603900
20131016,5.7300,5.8900,5.4700,5.4900,18807100
20131017,5.5000,5.6800,5.4400,5.5700,9196800
20131018,5.4400,5.7500,5.3500,5.7500,6434800
20131021,5.5700,5.5800,5.3000,5.4500,6660900
20131022,5.5500,5.7400,5.4200,5.5200,7376900
20131023,5.3000,5.6300,5.1600,5.5100,4728700
20131024,5.3400,5.4700,5.2500,5.3000,3502900
20131025,5.4700,5.6000,5.3300,5.3400,6567800
20131028,5.4300,5.6900,5.3600,5.4600,6376000
20131029,5.9700,5.9700,5.3300,5.3300,26958400
20131030,6.5700,6.5700,6.0000,6.1000,18472800
20131031,6.4200,7.0000,6.2600,7.0000,31153100
20131101,6.0200,6.2800,5.9800,6.2800,17540800
20131104,6.1400,6.1800,5.9300,6.0400,15113300
20131105,6.7500,6.7500,5.8800,6.0200,19384300
20131106,6.4300,6.9400,6.4100,6.7400,25301000
20131107,7.0700,7.0700,6.1700,6.2300,19996500
20131108,7.1200,7.3500,6.8100,7.0800,29164000
20131111,7.0700,7.3400,6.9000,7.0000,16608400
20131112,6.8900,6.9900,6.6700,6.9000,15057900
20131113,6.2100,6.6700,6.2000,6.6600,16544500
20131114,6.3500,6.3900,6.0200,6.1900,12404400
20131115,6.3400,6.5500,6.2700,6.3000,12486100
20131118,6.6100,6.6300,6.2600,6.3400,14460000
20131119,6.7200,6.7900,6.4700,6.5600,14628300
20131120,6.6000,6.7000,6.4900,6.7000,9438500
20131121,6.5100,6.6700,6.4200,6.5300,8752700
20131122,6.2900,6.4800,6.2500,6.4500,8727700
20131125,6.2600,6.3200,6.1400,6.2200,6797700
20131126,6.4000,6.5000,6.2300,6.2800,8225100
20131127,6.3200,6.3900,6.2000,6.3500,5747100
20131128,6.3700,6.4800,6.3300,6.3400,7780700
20131129,6.3100,6.4000,6.2700,6.3200,6039400
20131202,6.4400,6.9000,6.2200,6.2900,17369100
20131203,6.5500,6.7300,5.8000,6.0600,16124300
20131204,6.6200,6.7200,6.4200,6.4500,12420100
20131205,6.5500,6.6600,6.4900,6.6000,6111700
20131206,6.6800,6.8700,6.5500,6.5600,10384000
20131209,6.7500,6.8500,6.6100,6.7400,6606000
20131210,6.5400,6.7700,6.4800,6.7500,6257000
20131211,6.2600,6.5000,6.1500,6.4600,6375200
20131212,6.1800,6.3000,6.1500,6.2400,3573200
20131213,6.2400,6.3000,6.1400,6.1700,2186800
20131216,6.0700,6.2600,6.0100,6.2400,3211800
20131217,6.0800,6.1500,6.0400,6.1100,2129300
20131218,6.1400,6.2600,6.0700,6.0800,2310400
20131219,6.0800,6.2400,6.0500,6.1900,2248100
20131220,5.8000,6.0900,5.7900,6.0600,3191300
20131223,5.6700,5.8900,5.6200,5.8100,2245400
20131224,5.6600,5.7600,5.6100,5.7100,2027100
20131225,5.8600,5.9300,5.6500,5.6800,3469100
20131226,5.5900,5.8300,5.5900,5.8200,3034100
20131227,6.1500,6.1500,5.5300,5.5300,8663100
20131230,6.0500,6.2300,5.9500,6.1500,7100400
20131231,6.0000,6.1100,5.8900,5.9300,3416900
20140101,6.0000,6.0000,6.0000,6.0000,0
20140102,6.0200,6.0500,5.9200,5.9900,2718000
20140103,5.8000,6.0200,5.8000,5.9600,2737600
20140106,5.6200,5.7600,5.5700,5.7600,1926200
20140107,5.7000,5.7500,5.5800,5.5800,1848800
20140108,5.7000,5.7800,5.6200,5.7200,1984800
20140109,5.6300,5.7700,5.6200,5.6300,2084400
20140110,5.6200,5.7900,5.5500,5.5500,2564800
20140113,5.6700,5.7300,5.5400,5.5400,1495000
20140114,5.8200,5.8600,5.6500,5.7300,2743700
20140115,5.8900,6.0800,5.8100,6.0000,5398600
20140116,6.0400,6.1600,5.8000,5.8500,5120100
20140117,5.8700,6.0200,5.8600,5.9500,3123200
20140120,5.7300,5.9400,5.6700,5.8500,2328200
20140121,5.8300,5.8500,5.7000,5.7500,2170800
20140122,5.9900,5.9900,5.8200,5.8500,3276100
20140123,5.9500,6.0500,5.9400,5.9900,2467200
20140124,6.0300,6.0500,5.9000,5.9100,3355200
20140127,6.1000,6.1400,5.9200,6.0000,3570000
20140128,6.0100,6.1400,5.9900,6.1000,2345100
20140129,5.9900,6.0600,5.9800,6.0000,1772900
20140130,6.0300,6.1000,6.0000,6.0500,1786900
20140131,6.0300,6.0300,6.0300,6.0300,0
20140203,6.0300,6.0300,6.0300,6.0300,0
20140205,6.0300,6.0300,6.0300,6.0300,0
20140206,6.0300,6.0300,6.0300,6.0300,0
20140207,6.0300,6.1200,5.9400,5.9500,2182000
20140210,6.1700,6.1900,6.0100,6.0100,5143000
20140211,6.4900,6.7500,6.1500,6.2300,9914700
20140212,6.5000,6.6000,6.3200,6.4600,6328900
20140213,6.4100,6.5800,6.3800,6.5000,5083600
20140214,6.4500,6.4900,6.3400,6.4000,2988500
20140217,6.5600,6.5800,6.4100,6.4800,4323500
20140218,6.4300,6.5700,6.4100,6.5600,3264000
20140219,6.6000,6.7500,6.4000,6.4300,6847900
20140220,7.1000,7.2600,6.7300,6.7400,20945200
20140221,6.6000,7.1200,6.4000,7.1000,15142300
20140224,6.7200,6.7300,6.3500,6.4600,6661600
20140225,6.4000,7.0300,6.3500,6.8400,7689900
