20130226,5.1000,5.2000,5.0900,5.1500,1898500
20130227,5.1200,5.1500,5.0800,5.1500,1797600
20130228,5.2600,5.2600,5.1200,5.1200,2326300
20130301,5.2300,5.2900,5.1900,5.2800,3368700
20130304,4.9700,5.1900,4.9100,5.1900,4075500
20130305,5.0200,5.0300,4.9600,4.9700,2328000
20130306,5.1000,5.1100,5.0100,5.0500,1973400
20130307,5.1700,5.3100,5.0500,5.0800,3500900
20130308,5.1300,5.2500,5.1300,5.2200,1433200
20130311,5.1600,5.1900,5.1100,5.1200,1135000
20130312,5.0400,5.1800,4.9900,5.1600,1705100
20130313,4.9100,5.0900,4.8800,5.0200,2412400
20130314,4.9300,4.9400,4.8800,4.9200,1194700
20130315,4.9000,5.0000,4.8500,4.9100,1317800
20130318,4.8000,4.9500,4.7800,4.9000,1541800
20130319,4.8600,4.8900,4.8000,4.8000,722600
20130320,4.9600,4.9600,4.8600,4.8600,1211600
20130321,4.9000,4.9800,4.8800,4.9600,1766000
20130322,4.9200,4.9300,4.8600,4.9200,952500
20130325,4.9800,5.0500,4.9200,4.9400,2020300
20130326,4.9200,4.9800,4.8900,4.9500,1146500
20130327,4.9700,4.9900,4.9200,4.9400,955700
20130328,4.8400,4.9600,4.8100,4.9400,1132900
20130329,5.0600,5.1300,4.8100,4.8200,3685500
20130401,5.0100,5.0600,4.9600,5.0000,1922000
20130402,4.9100,5.0800,4.9000,5.0300,1997900
20130403,4.8600,4.9500,4.8400,4.9500,1095800
20130404,4.8600,4.8600,4.8600,4.8600,0
20130405,4.8600,4.8600,4.8600,4.8600,0
20130408,4.8300,4.8300,4.7300,4.7900,1277200
20130409,4.8600,4.8900,4.8300,4.8400,917900
20130410,4.8500,4.8900,4.8100,4.8900,744100
20130411,4.8200,4.9000,4.7800,4.8800,765200
20130412,4.7800,4.8500,4.7800,4.8100,474000
20130415,4.7300,4.8200,4.7000,4.7600,1396700
20130416,4.7800,4.7800,4.6600,4.6900,852500
20130417,4.7900,4.8100,4.7100,4.8100,870300
20130418,4.7400,4.7900,4.7400,4.7900,583200
20130419,4.8200,4.8600,4.7200,4.7200,853400
20130422,4.9100,4.9800,4.8300,4.8300,1526600
20130423,4.8400,4.9300,4.8400,4.9200,2063000
20130424,4.8700,4.9100,4.8400,4.8800,803400
20130425,4.8100,4.9100,4.8000,4.8500,1075500
20130426,4.7500,4.8500,4.7400,4.8200,712300
20130429,4.7500,4.7500,4.7500,4.7500,0
20130430,4.7500,4.7500,4.7500,4.7500,0
20130501,4.7500,4.7500,4.7500,4.7500,0
20130502,4.7700,4.7900,4.7100,4.7500,477500
20130503,4.8300,4.8500,4.7400,4.7400,1025500
20130506,4.8800,4.9000,4.8100,4.8400,1024800
20130507,4.8800,4.8800,4.8300,4.8800,800000
20130508,4.9100,4.9200,4.8600,4.8800,1156900
20130509,4.9500,4.9500,4.8600,4.9100,1888100
20130510,4.9300,4.9600,4.9100,4.9600,1007200
20130513,4.9200,4.9600,4.8600,4.9200,1373100
20130514,4.8500,4.9200,4.8300,4.8800,991600
20130515,4.8800,4.9000,4.8400,4.8900,1510900
20130516,4.8400,4.8600,4.7600,4.8100,1918700
20130517,5.1100,5.1600,4.8400,4.8500,6939100
20130520,5.2000,5.2800,5.1200,5.1800,7747200
20130521,5.1900,5.2100,5.1200,5.1800,3270300
20130522,5.2300,5.3200,5.1700,5.1700,4320300
20130523,5.1600,5.2500,5.1400,5.1800,2938500
20130524,5.1400,5.1800,5.0600,5.1400,3254900
20130527,5.1500,5.2300,5.1200,5.1200,2017300
20130528,5.1900,5.2000,5.0600,5.1400,3905300
20130529,5.1900,5.2400,5.1600,5.2000,2372700
20130530,5.1400,5.2200,5.0900,5.1700,1897100
20130531,5.1400,5.1700,5.0900,5.1300,1764700
20130603,5.2000,5.2400,5.1200,5.1500,3582300
20130604,5.2300,5.3600,5.1900,5.2000,7162000
20130605,5.0700,5.3300,5.0000,5.2600,5130500
20130606,4.8900,5.0600,4.8800,5.0200,3677500
20130607,4.8400,4.9500,4.8100,4.9200,1537400
20130610,4.8400,4.8400,4.8400,4.8400,0
20130611,4.8400,4.8400,4.8400,4.8400,0
20130612,4.8400,4.8400,4.8400,4.8400,0
20130613,4.7100,4.8400,4.5900,4.8000,2014900
20130614,4.7400,4.7800,4.7100,4.7600,1237200
20130617,4.7400,4.7900,4.6200,4.7600,901000
20130618,4.7300,4.7700,4.6600,4.7400,661800
20130619,4.6800,4.7100,4.6100,4.7100,844100
20130620,4.5400,4.6800,4.5000,4.6500,1309000
20130621,4.4600,4.5200,4.4300,4.5200,1650300
20130624,4.2200,4.4600,4.1500,4.4300,1918000
20130625,4.0900,4.2300,3.8800,4.1800,3431200
20130626,4.1300,4.1800,4.0100,4.0900,1339700
20130627,4.1500,4.2200,4.1100,4.1500,1474300
20130628,4.1900,4.2800,4.1100,4.1700,1683800
20130701,4.1400,4.1900,4.0900,4.1200,1604600
20130702,4.1800,4.2000,4.1200,4.1600,1301200
20130703,4.1100,4.1800,4.0200,4.1800,1170000
20130704,4.1700,4.2000,4.0200,4.0700,1931800
20130705,4.1800,4.2100,4.1300,4.1600,1388700
20130708,4.0300,4.1600,4.0200,4.1600,1553400
20130709,4.0400,4.0700,3.9900,4.0300,934900
20130710,4.1300,4.1500,4.0200,4.0500,1106400
20130711,4.2700,4.3000,4.1200,4.1400,2588800
20130712,4.2000,4.3300,4.1800,4.2900,1652800
20130715,4.2600,4.2900,4.1800,4.1800,986100
20130716,4.2900,4.3000,4.1800,4.2700,1683400
20130717,4.2800,4.3300,4.2500,4.2700,1686600
20130718,4.2200,4.2700,4.1900,4.2400,1075300
20130719,4.1100,4.2500,4.1100,4.2500,1554900
20130722,4.1300,4.1500,4.0600,4.1000,1230700
20130723,4.3300,4.3500,4.1300,4.1500,2720900
20130724,4.3100,4.3400,4.2400,4.3000,1931500
20130725,4.2700,4.4200,4.2600,4.3200,2313000
20130726,4.2500,4.3000,4.2100,4.2800,1156100
20130729,4.1100,4.2500,4.1100,4.2500,1194400
20130730,4.2100,4.2100,4.0900,4.1400,1070400
20130731,4.2200,4.2800,4.2000,4.2200,1231800
20130801,4.3100,4.3300,4.2500,4.2800,1858000
20130802,4.3200,4.3400,4.3000,4.3200,1785600
20130805,4.3700,4.3800,4.2900,4.3100,1805800
20130806,4.3800,4.3900,4.3100,4.3700,1881700
20130807,4.3300,4.4100,4.3300,4.3700,1529200
20130808,4.3900,4.4100,4.3100,4.3100,1946300
20130809,4.4000,4.5800,4.3800,4.5000,3532300
20130812,4.4600,4.4800,4.3900,4.4400,2149100
20130813,4.5400,4.6000,4.4800,4.5200,3723300
20130814,4.4900,4.5800,4.4700,4.5600,2420400
20130815,4.4000,4.5200,4.4000,4.4900,1994400
20130816,4.3200,4.5300,4.3200,4.3800,2241000
20130819,4.4200,4.4400,4.2900,4.2900,1209500
20130820,4.4100,4.4800,4.3700,4.4200,1504600
20130821,4.4000,4.4300,4.3500,4.4300,1141100
20130822,4.4100,4.4200,4.3600,4.3700,1309100
20130823,4.4900,4.5000,4.3300,4.4100,2696600
20130826,4.5500,4.5600,4.4600,4.4900,2855000
20130827,4.5500,4.5600,4.4800,4.5600,1868400
20130828,4.4900,4.5400,4.4600,4.5400,2345100
20130829,4.5300,4.5500,4.4800,4.4800,2128000
20130830,4.5400,4.6200,4.5000,4.5300,3374900
20130902,4.4900,4.5600,4.4200,4.5300,2118100
20130903,4.5600,4.5600,4.4000,4.4800,2532100
20130904,4.5200,4.5800,4.4900,4.5600,1630800
20130905,4.4800,4.5400,4.4700,4.5200,1508100
20130906,4.5100,4.5200,4.4600,4.4600,1412200
20130909,4.5700,4.5800,4.5000,4.5100,2697200
20130910,5.0300,5.0300,4.7500,5.0200,13821100
20130911,4.8900,5.2900,4.8800,5.0800,12674400
20130912,4.8600,4.9300,4.7800,4.8500,4778100
20130913,4.7700,4.8600,4.7100,4.8100,4593900
20130916,4.7700,4.8500,4.7300,4.7500,2599200
20130917,4.6300,4.8200,4.6300,4.7600,2579700
20130918,4.7000,4.7100,4.6300,4.6700,1840600
20130920,4.7000,4.7000,4.7000,4.7000,0
20130923,4.7800,4.7900,4.6700,4.7200,1860100
20130924,4.7100,4.7700,4.6600,4.7500,2169300
20130925,4.7200,4.7500,4.6700,4.7100,2011000
20130926,4.5500,4.7200,4.5500,4.7000,2040100
20130927,4.5900,4.6500,4.5500,4.5500,1728100
20130930,4.6000,4.6200,4.5500,4.6000,1297700
20131001,4.6000,4.6000,4.6000,4.6000,0
20131002,4.6000,4.6000,4.6000,4.6000,0
20131003,4.6000,4.6000,4.6000,4.6000,0
20131004,4.6000,4.6000,4.6000,4.6000,0
20131007,4.6000,4.6000,4.6000,4.6000,0
20131008,4.7200,4.7300,4.5800,4.6100,2059100
20131009,4.7600,4.7700,4.6800,4.7100,2016500
20131010,4.7300,4.7800,4.6900,4.7600,1810200
20131011,4.8100,4.8200,4.7200,4.7300,2988200
20131014,4.8500,4.8600,4.8000,4.8400,2922500
20131015,4.8500,4.9400,4.8100,4.8600,2251300
20131016,4.7100,4.8500,4.6600,4.8500,2331000
20131017,4.7500,4.8000,4.7000,4.7300,1457400
20131018,4.7300,4.7700,4.7000,4.7700,882300
20131021,4.7600,4.7900,4.6800,4.6800,1715700
20131022,4.7100,4.7800,4.7000,4.7400,1785300
20131023,4.5600,4.7400,4.5600,4.7100,2997100
20131024,4.5700,4.6300,4.5600,4.6100,1551100
20131025,4.5000,4.6200,4.4700,4.5700,1525500
20131028,4.5900,4.6200,4.5200,4.5200,1725600
20131029,4.4600,4.6200,4.3100,4.6000,2371600
20131030,4.5300,4.5500,4.3800,4.4300,1216400
20131031,4.5400,4.5500,4.4600,4.5200,1064300
20131101,4.4800,4.5700,4.4700,4.5300,1432400
20131104,4.5400,4.5600,4.4800,4.4800,1001500
20131105,4.5400,4.5500,4.4700,4.5300,693200
20131106,4.4900,4.5600,4.4800,4.5400,1253300
20131107,4.4400,4.5000,4.4300,4.4800,832900
20131108,4.3500,4.4900,4.3300,4.4600,1000600
20131111,4.3800,4.4000,4.3300,4.3500,939800
20131112,4.5000,4.5400,4.4100,4.4100,1321700
20131113,4.3700,4.4800,4.3600,4.4800,1042500
20131114,4.4400,4.4500,4.3400,4.3500,860700
20131115,4.4900,4.5400,4.4000,4.4000,1407500
20131118,4.5700,4.5800,4.4900,4.5200,1647500
20131119,4.5700,4.5900,4.5200,4.5700,1573000
20131120,4.5700,4.5800,4.5100,4.5700,899700
20131121,4.5700,4.5800,4.5100,4.5700,1126600
20131122,4.5500,4.5900,4.5400,4.5500,1304500
20131125,4.6800,4.8400,4.5300,4.5700,4777100
20131126,4.6700,4.7700,4.6300,4.6300,2503900
20131127,4.6900,4.7100,4.6300,4.6700,1593000
20131128,4.7000,4.7400,4.6400,4.6900,2117400
20131129,4.7300,4.7600,4.6500,4.6900,2263700
20131202,4.5200,4.7400,4.5000,4.6700,2616700
20131203,4.7300,4.7700,4.5000,4.5200,2207500
20131204,4.9200,5.0000,4.7000,4.7400,6676700
20131205,4.8500,4.9800,4.7900,4.9000,5412900
20131206,4.8400,4.9900,4.8100,4.8900,4283600
20131209,4.8900,4.9600,4.8100,4.8600,2826300
20131210,4.8500,4.9400,4.8300,4.8800,2217200
20131211,4.7400,4.8300,4.7000,4.8200,2146200
20131212,4.7400,4.7900,4.7300,4.7400,1244800
20131213,4.8400,4.8900,4.7200,4.7300,2342000
20131216,4.7400,4.9100,4.7400,4.8500,1780500
20131217,4.7400,4.7700,4.7200,4.7200,1147900
20131218,4.8200,4.9800,4.8100,4.8100,3979300
20131219,4.7400,4.8500,4.7100,4.8000,1977900
20131220,4.6200,4.7900,4.6000,4.7900,1531300
20131223,4.5500,4.6600,4.5300,4.6200,1398600
20131224,4.5900,4.6300,4.5600,4.5600,943000
20131225,4.6400,4.6500,4.5800,4.6300,1206400
20131226,4.5900,4.6500,4.5500,4.6200,911300
20131227,4.6700,4.6700,4.5800,4.5900,1306800
20131230,4.6800,4.7100,4.6600,4.6600,965100
20131231,4.7000,4.7200,4.6500,4.6800,1213500
20140101,4.7000,4.7000,4.7000,4.7000,0
20140102,4.6800,4.7400,4.6600,4.7300,1481000
20140103,4.6500,4.6900,4.5800,4.6800,1953500
20140106,4.5200,4.6400,4.5100,4.6400,1169600
20140107,4.5500,4.5600,4.5000,4.5200,550200
20140108,4.5800,4.6400,4.5600,4.5700,1230500
20140109,4.4300,4.6100,4.3900,4.6000,1157500
20140110,4.3300,4.4800,4.3300,4.4500,802500
20140113,4.3500,4.4000,4.3000,4.3300,666100
20140114,4.4500,4.4800,4.3400,4.3800,790800
20140115,4.4400,4.4800,4.4000,4.4600,553700
20140116,4.4200,4.4700,4.4100,4.4200,569000
20140117,4.3500,4.4100,4.3400,4.4000,696000
20140120,4.3700,4.4100,4.3300,4.3300,602100
20140121,4.4300,4.4700,4.3900,4.3900,601100
20140122,4.5500,4.5600,4.4300,4.4300,982100
20140123,4.5200,4.5800,4.4800,4.5600,822800
20140124,4.5700,4.5900,4.5100,4.5200,1345000
20140127,4.5900,4.6400,4.5400,4.5600,1049700
20140128,4.5500,4.6200,4.5200,4.5900,846500
20140129,4.6100,4.6100,4.5400,4.5400,883100
20140130,4.5900,4.6300,4.5700,4.6100,725800
20140131,4.5900,4.5900,4.5900,4.5900,0
20140203,4.5900,4.5900,4.5900,4.5900,0
20140205,4.5900,4.5900,4.5900,4.5900,0
20140206,4.5900,4.5900,4.5900,4.5900,0
20140207,4.6500,4.6700,4.5300,4.5300,1052700
20140210,4.7500,4.7600,4.6200,4.6400,2914400
20140211,4.7400,4.7600,4.7000,4.7600,2213700
20140212,4.7400,4.7400,4.6900,4.7400,1760600
20140213,4.6900,4.8100,4.6900,4.7300,1882200
20140214,4.7600,4.7800,4.6800,4.7000,1870700
20140217,4.8400,4.8700,4.7700,4.7800,2445000
20140218,4.8500,4.8900,4.7700,4.8200,2966500
20140219,4.8400,4.8700,4.7900,4.8700,1548000
20140220,4.7500,4.8700,4.7500,4.8400,1835200
20140221,4.7200,4.7700,4.6600,4.7600,1633700
20140224,4.7300,4.7400,4.6600,4.7000,1227700
20140225,4.5000,4.7500,4.4800,4.7300,2322800
