20130226,10.8200,11.0800,10.8000,10.9100,4756100
20130227,10.7400,10.9400,10.6600,10.8500,3700500
20130228,10.9700,10.9700,10.6900,10.7700,4002900
20130301,11.0300,11.0300,10.8800,10.9300,4578900
20130304,10.6100,11.0100,10.5700,10.9500,5335200
20130305,10.8300,10.8500,10.5400,10.6500,3217300
20130306,11.0000,11.0100,10.8200,10.8200,5312600
20130307,11.1800,11.3000,10.9500,11.0000,11270100
20130308,11.1800,11.2900,11.1300,11.2300,6620200
20130311,11.2800,11.3600,11.2000,11.3100,7637900
20130312,11.0500,11.3300,10.8600,11.3000,9324900
20130313,10.7400,10.9600,10.6000,10.9000,7419500
20130314,10.6500,10.7800,10.6300,10.7000,3232200
20130315,10.5300,10.7900,10.5200,10.6500,5103900
20130318,10.3400,10.5900,10.3100,10.5500,3759700
20130319,10.3900,10.4300,10.1700,10.3300,2843700
20130320,10.6000,10.6000,10.3200,10.3900,3816900
20130321,10.5700,10.6800,10.5200,10.6000,4102500
20130322,10.5100,10.6000,10.4500,10.5700,3383000
20130325,10.4900,10.5500,10.3600,10.5400,4270100
20130326,10.6000,10.6700,10.4100,10.5100,5789800
20130327,10.5000,10.6700,10.4500,10.5500,3799600
20130328,10.0900,10.4200,10.0900,10.4200,4262200
20130329,10.2500,10.3500,10.0900,10.1500,2968100
20130401,10.6400,10.6600,10.1300,10.1900,7134400
20130402,10.5900,10.7500,10.4700,10.7500,7708700
20130403,10.4700,10.6800,10.4100,10.6200,4392300
20130404,10.4700,10.4700,10.4700,10.4700,0
20130405,10.4700,10.4700,10.4700,10.4700,0
20130408,11.0600,11.0700,10.3000,10.3500,14228400
20130409,10.8900,11.0800,10.8100,11.0800,10146700
20130410,10.7900,10.8700,10.7100,10.8300,6357100
20130411,10.6600,10.9100,10.6300,10.7700,6178300
20130412,10.1800,10.5700,10.1800,10.5700,6998400
20130415,10.2300,10.5300,10.1800,10.2600,4977900
20130416,10.1900,10.2500,9.9900,10.0600,3662500
20130417,10.3600,10.4100,10.1200,10.2000,3213000
20130418,10.1700,10.3000,10.0800,10.2800,3963000
20130419,10.3200,10.3600,10.1400,10.1400,3893600
20130422,10.2500,10.2900,10.1500,10.1900,3790100
20130423,9.9300,10.2300,9.9200,10.2300,4923300
20130424,10.0800,10.0800,9.9000,9.9600,3248500
20130425,9.9200,10.1200,9.9200,10.0400,2721200
20130426,9.5900,9.9800,9.5800,9.9000,3474500
20130429,9.5900,9.5900,9.5900,9.5900,0
20130430,9.5900,9.5900,9.5900,9.5900,0
20130501,9.5900,9.5900,9.5900,9.5900,0
20130502,9.5000,9.5800,9.4500,9.5700,2005500
20130503,9.6600,9.7200,9.5400,9.5800,1842700
20130506,9.8000,9.8400,9.6600,9.7000,1884300
20130507,9.7200,9.8200,9.6900,9.7600,2019700
20130508,9.7500,9.8000,9.7100,9.7500,2109700
20130509,9.6800,9.8300,9.6500,9.7700,2584600
20130510,9.8600,9.8700,9.5800,9.7000,2937000
20130513,9.8600,9.8800,9.7700,9.8100,2255400
20130514,9.7500,9.8800,9.6100,9.8600,2313200
20130515,9.7500,9.8200,9.7100,9.7400,1579700
20130516,9.8500,9.8800,9.7100,9.7600,2880800
20130517,10.0700,10.1500,9.7800,9.8000,5158800
20130520,10.3400,10.3500,10.0600,10.1600,8030000
20130521,10.2800,10.3500,10.1600,10.3400,6133300
20130522,10.1900,10.3300,10.1600,10.2500,4319400
20130523,9.9800,10.2400,9.9700,10.1100,5934800
20130524,10.0900,10.1300,10.0000,10.0000,3198900
20130527,10.1900,10.2600,10.0000,10.0500,3925200
20130528,10.2400,10.2500,10.1000,10.1900,3585300
20130529,10.2000,10.2700,10.1800,10.2100,3347500
20130530,10.1700,10.2000,10.0600,10.1900,3878300
20130531,10.1800,10.2800,10.1400,10.1600,4014500
20130603,10.3900,10.4300,10.1400,10.2000,7217500
20130604,10.0400,10.4500,9.9600,10.4500,6636500
20130605,9.9100,10.0500,9.8500,9.9600,3584700
20130606,9.6600,9.8800,9.6100,9.8600,4086600
20130607,9.5600,9.7500,9.5300,9.6700,1809300
20130610,9.5600,9.5600,9.5600,9.5600,0
20130611,9.5600,9.5600,9.5600,9.5600,0
20130612,9.5600,9.5600,9.5600,9.5600,0
20130613,9.1500,9.4600,9.1400,9.4600,3193000
20130614,9.2100,9.2400,9.1300,9.1900,1712700
20130617,9.2400,9.2600,9.1300,9.2100,2766800
20130618,9.1800,9.2600,9.1100,9.2100,1352100
20130619,8.9400,9.1800,8.7500,9.1800,2850600
20130620,8.6400,8.8900,8.6000,8.8900,2057400
20130621,8.5300,8.5800,8.3700,8.5500,1886300
20130624,7.8900,8.5100,7.7200,8.5100,2810100
20130625,7.8900,7.9700,7.1900,7.8000,3350600
20130626,7.9300,7.9900,7.7400,7.8900,2114800
20130627,8.0600,8.1600,7.7700,7.8800,5464300
20130628,8.0000,8.1300,7.8100,7.9600,4093500
20130701,8.1400,8.2000,7.8500,7.9200,2814400
20130702,8.4600,8.6300,8.0800,8.1400,6433700
20130703,8.5500,8.8300,8.2100,8.4000,5755300
20130704,8.4300,8.6600,8.3900,8.5400,4644000
20130705,8.1800,8.4500,8.1600,8.3900,3588500
20130708,7.6100,8.0500,7.5600,8.0300,2821100
20130709,7.6500,7.7200,7.5100,7.5800,1307900
20130710,7.8200,7.8500,7.6500,7.7200,1965900
20130711,8.0800,8.1600,7.8000,7.8100,3208200
20130712,8.0000,8.1700,7.9700,8.1100,2507700
20130715,8.0800,8.1400,7.9600,7.9800,1724100
20130716,8.2500,8.3000,8.0700,8.0900,2604600
20130717,7.9900,8.2300,7.9500,8.2300,2586100
20130718,7.9400,8.0300,7.8800,7.9900,1316100
20130719,7.8600,8.0700,7.8300,7.9000,1981700
20130722,7.9700,8.0000,7.8000,7.8500,1192800
20130723,8.1500,8.1600,7.9600,8.0000,2746100
20130724,8.1600,8.2300,8.1000,8.1500,2261000
20130725,8.0500,8.1800,8.0300,8.1600,1776500
20130726,7.9100,8.0400,7.8700,8.0200,1453800
20130729,7.6300,7.8400,7.6100,7.8400,1973400
20130730,7.6100,7.6900,7.4800,7.6700,1971700
20130731,8.3300,8.3600,7.6200,7.6400,7362200
20130801,8.2900,8.5800,8.2300,8.5800,11017700
20130802,8.3000,8.4200,8.2300,8.2400,5930100
20130805,8.6400,8.6700,8.2400,8.2900,7431800
20130806,8.6000,8.7000,8.4400,8.6000,6636500
20130807,8.3800,8.6000,8.3200,8.5200,4852600
20130808,8.3800,8.4700,8.3100,8.3300,2651300
20130809,8.4500,8.5100,8.2500,8.3600,3941100
20130812,8.5800,8.6100,8.3700,8.4900,4983100
20130813,8.6800,8.7400,8.5100,8.5400,5512900
20130814,8.4800,8.6900,8.4400,8.6500,4592700
20130815,8.3300,8.5300,8.3200,8.4800,2815600
20130816,8.2100,8.5100,8.2100,8.3200,3277400
20130819,8.4500,8.4700,8.1700,8.1900,2942100
20130820,8.5800,8.6800,8.4000,8.4000,6663500
20130821,8.8300,8.8800,8.5100,8.5100,8593900
20130822,8.7700,9.2000,8.7200,8.7500,11779500
20130823,9.3300,9.3900,8.7800,8.9000,18269700
20130826,9.2800,9.3700,9.0800,9.2000,12096800
20130827,9.0900,9.2400,9.0400,9.2300,8225500
20130828,8.9200,9.1700,8.9200,9.0100,6083300
20130829,9.1600,9.1700,8.8900,8.9200,5580000
20130830,8.7500,9.1500,8.7000,9.1500,5746200
20130902,8.9600,9.0800,8.7100,8.7200,4019600
20130903,9.1300,9.1800,8.8900,8.9400,5456900
20130904,8.9600,9.1500,8.9400,9.0800,3654300
20130905,8.8300,8.9600,8.8000,8.9600,2941200
20130906,9.2600,9.3200,8.8000,8.8300,7403900
20130909,9.2100,9.2900,9.1000,9.2000,7082200
20130910,9.2400,9.5200,9.1800,9.3400,9868200
20130911,9.1200,9.2700,8.9800,9.2300,6473300
20130912,9.1200,9.2100,9.0800,9.1000,3995800
20130913,9.0800,9.2200,9.0200,9.1400,3981600
20130916,9.2300,9.2300,9.0500,9.0900,4451300
20130917,8.8700,9.2700,8.8600,9.2300,4670800
20130918,8.8700,8.9700,8.8600,8.8600,1858300
20130920,8.8700,8.8700,8.8700,8.8700,0
20130923,9.1100,9.1400,8.8800,8.8800,3956300
20130924,8.9100,9.1000,8.8800,9.1000,3865800
20130925,8.8100,8.9700,8.8000,8.9700,2776000
20130926,8.6100,8.8400,8.5900,8.8100,3815200
20130927,8.5100,8.7000,8.4800,8.6100,3442900
20130930,8.6000,8.6200,8.5100,8.5500,2062900
20131001,8.6000,8.6000,8.6000,8.6000,0
20131002,8.6000,8.6000,8.6000,8.6000,0
20131003,8.6000,8.6000,8.6000,8.6000,0
20131004,8.6000,8.6000,8.6000,8.6000,0
20131007,8.6000,8.6000,8.6000,8.6000,0
20131008,8.7600,8.7700,8.5800,8.6000,2295600
20131009,8.7600,8.7800,8.6600,8.7500,2515100
20131010,8.7600,8.8300,8.7000,8.7600,2727100
20131011,8.8700,8.8800,8.7700,8.7800,3568300
20131014,9.0800,9.0900,8.8500,8.8600,6310200
20131015,9.9900,9.9900,9.7000,9.9900,23482200
20131016,10.6200,10.9800,9.8300,10.0000,46878500
20131017,10.2700,10.6300,9.9100,10.0700,24261500
20131018,9.8100,10.1200,9.6800,10.0600,14929700
20131021,10.0000,10.0600,9.6200,9.7800,13386200
20131022,10.2000,10.4000,9.8200,9.9100,17050100
20131023,9.5500,10.0800,9.5000,10.0800,11319600
20131024,9.6400,9.7300,9.4100,9.4800,5008800
20131025,9.4000,9.6000,9.2900,9.4900,6634100
20131028,9.6600,9.7800,9.4000,9.4700,7774500
20131029,9.1800,9.7000,8.9000,9.6000,8608200
20131030,9.2700,9.2800,9.0300,9.1000,4975300
20131031,8.9600,9.2000,8.9600,9.2000,4223300
20131101,8.7100,8.9600,8.6200,8.9600,5103600
20131104,8.7900,8.8900,8.7100,8.7500,2603100
20131105,9.0300,9.0400,8.6800,8.8000,4368200
20131106,9.4500,9.6200,8.9000,9.0000,11755800
20131107,9.1400,9.4800,9.0500,9.2900,8686400
20131108,8.9300,9.0600,8.7700,8.9900,5399800
20131111,9.1200,9.1900,8.9300,8.9300,4073200
20131112,9.1000,9.1500,8.8600,9.0100,4175100
20131113,8.9500,9.3200,8.8700,9.0200,6095500
20131114,9.0400,9.1000,8.8700,8.9000,3736400
20131115,9.2400,9.3200,8.9200,9.0100,7561500
20131118,9.5200,9.5900,9.3100,9.3600,10176000
20131119,9.9600,10.2900,9.3900,9.5200,17861300
20131120,9.8800,9.9600,9.7000,9.9600,12252800
20131121,9.8700,10.0300,9.6800,9.8100,10082900
20131122,9.5700,9.9800,9.5600,9.8700,7302600
20131125,9.5400,9.7000,9.4200,9.4800,5223600
20131126,9.5200,9.6400,9.4200,9.5600,3292800
20131127,9.5600,9.6300,9.4200,9.5200,4498100
20131128,9.6200,9.8000,9.5400,9.6200,5461100
20131129,9.6700,9.7700,9.6100,9.6100,4494000
20131202,9.0100,9.5400,8.9200,9.4100,7390900
20131203,9.2000,9.2200,8.9200,8.9300,3900100
20131204,9.5200,9.6000,9.2400,9.3000,7828400
20131205,9.6700,9.9000,9.4400,9.5600,9104200
20131206,9.6100,9.7800,9.5700,9.5700,4727600
20131209,9.7800,9.8500,9.5900,9.5900,5825600
20131210,9.6700,9.8400,9.6100,9.8300,4625300
20131211,9.5800,9.6500,9.4700,9.6300,3714500
20131212,9.6100,9.6900,9.5300,9.5600,3181300
20131213,9.5500,9.5900,9.4100,9.4100,3992900
20131216,9.2500,9.6300,9.2500,9.5400,3403700
20131217,9.1500,9.3100,9.1000,9.2900,2487400
20131218,9.3200,9.3400,9.1300,9.1800,2346400
20131219,9.1600,9.5000,9.1600,9.4000,2377900
20131220,9.1800,9.2700,9.0500,9.1800,2071100
20131223,9.2000,9.3000,9.0500,9.1600,2491200
20131224,9.3000,9.3500,9.1500,9.2200,2134700
20131225,9.4000,9.4000,9.2400,9.3300,2685700
20131226,9.0900,9.4600,9.0700,9.4200,2773400
20131227,9.1700,9.2300,9.0500,9.0600,2896700
20131230,9.0500,9.2400,9.0300,9.2300,4061000
20131231,9.0900,9.1800,8.9800,9.0000,3130200
20140101,9.0900,9.0900,9.0900,9.0900,0
20140102,9.2800,9.3200,9.0900,9.1800,3483300
20140103,9.5500,9.5600,9.0500,9.2600,9158000
20140106,9.2500,9.5000,9.0800,9.4900,6690000
20140107,9.1900,9.3400,9.1000,9.1500,3173700
20140108,9.1500,9.2800,9.0900,9.1700,4518700
20140109,8.6400,9.1600,8.6200,9.0900,6231400
20140110,8.3200,8.7000,8.2600,8.6400,5986400
20140113,8.2500,8.4000,8.1600,8.3900,2739100
20140114,8.3900,8.4000,8.1700,8.2900,1955500
20140115,8.3700,8.4000,8.2700,8.3900,2351000
20140116,8.4200,8.5100,8.3600,8.3800,2649800
20140117,8.4400,8.5500,8.4100,8.4700,2545800
20140120,8.3300,8.5000,8.3200,8.4000,1657700
20140121,8.4000,8.4700,8.3300,8.3400,1299100
20140122,8.5700,8.5900,8.3700,8.4200,3131200
20140123,8.6400,8.7200,8.5500,8.6300,2909600
20140124,8.6800,8.7200,8.5600,8.6400,3111700
20140127,8.5100,8.6400,8.4900,8.6000,2901000
20140128,8.7300,9.0000,8.4900,8.5000,5281400
20140129,8.7200,8.7800,8.6200,8.7300,2817800
20140130,8.6000,8.7200,8.5300,8.7200,2361900
20140131,8.6000,8.6000,8.6000,8.6000,0
20140203,8.6000,8.6000,8.6000,8.6000,0
20140205,8.6000,8.6000,8.6000,8.6000,0
20140206,8.6000,8.6000,8.6000,8.6000,0
20140207,8.6300,8.6800,8.3900,8.5500,2610000
20140210,8.8300,8.8800,8.6100,8.6200,3789000
20140211,8.8900,8.9400,8.7100,8.8200,4555900
20140212,9.0100,9.0400,8.8500,8.8900,4666900
20140213,8.8500,9.0100,8.8500,8.9800,4003100
20140214,9.0000,9.0300,8.8500,8.8700,3169800
20140217,9.1600,9.1600,8.9800,9.0400,4797900
20140218,9.2100,9.2300,9.0900,9.1400,4944000
20140219,9.1900,9.3200,9.1500,9.2100,4951100
20140220,8.9900,9.2800,8.9700,9.2800,5549600
20140221,9.1000,9.1100,8.9300,8.9700,3481500
20140224,9.1000,9.1000,9.1000,9.1000,0
20140225,9.1000,9.1000,9.1000,9.1000,0
