20130226,12.3400,12.7800,12.3200,12.7000,1497500
20130227,12.0900,12.4900,12.0600,12.3000,646000
20130228,12.4600,12.5600,12.1700,12.1700,679800
20130301,12.3500,12.5500,12.2000,12.2000,852600
20130304,11.9500,12.2900,11.8900,12.2000,810600
20130305,12.0700,12.1000,11.7900,11.9800,835600
20130306,12.2200,12.2500,11.8700,12.0700,1098600
20130307,11.9100,12.2600,11.8500,12.2600,768900
20130308,12.0400,12.2200,11.9200,11.9200,832500
20130311,12.3800,12.4900,11.9300,12.1000,1070900
20130312,12.0900,12.5000,11.8000,12.3800,903700
20130313,11.8100,12.0900,11.5200,12.0900,872500
20130314,11.7200,12.0300,11.6200,11.7100,655700
20130315,11.9100,11.9400,11.5300,11.8200,783000
20130318,11.4200,11.9800,11.2500,11.9100,500900
20130319,11.1000,11.4500,11.0200,11.4400,729900
20130320,11.3000,11.3700,10.8500,11.0700,1229000
20130321,11.1900,11.3800,11.0600,11.2000,2149400
20130322,11.1100,11.2100,11.0500,11.1400,1201800
20130325,11.2000,11.2000,11.0700,11.1100,884700
20130326,11.4900,11.6200,11.1500,11.1800,1996600
20130327,11.6600,11.6900,11.3500,11.4000,1946700
20130328,11.2000,11.6500,11.1800,11.5000,1322000
20130329,11.1600,11.2600,11.0000,11.2000,778400
20130401,11.5100,11.6400,11.1200,11.1200,824700
20130402,11.4000,11.7500,11.3000,11.5100,1803900
20130403,11.2800,11.6000,11.2300,11.4000,362300
20130404,11.2800,11.2800,11.2800,11.2800,0
20130405,11.2800,11.2800,11.2800,11.2800,0
20130408,10.9200,11.2800,10.7600,11.2800,1615500
20130409,11.0800,11.1000,10.9000,10.9100,484000
20130410,10.9000,11.1800,10.8100,10.9800,432900
20130411,10.9000,11.0600,10.8800,10.9100,570200
20130412,11.4000,11.8000,10.8000,11.8000,2754400
20130415,11.1400,11.4600,11.1200,11.4000,431400
20130416,10.9500,11.1400,10.8800,11.1000,1945200
20130417,11.0300,11.0800,10.8100,10.9500,456200
20130418,10.9600,11.0300,10.8200,10.9100,779400
20130419,11.1000,11.1500,10.8200,10.8400,556700
20130422,11.2600,11.2900,11.0000,11.1000,718800
20130423,11.2000,11.2700,11.0300,11.2000,491700
20130424,11.2500,11.2500,10.9200,11.1800,814800
20130425,11.3500,11.4500,11.1600,11.2400,937600
20130426,12.4900,12.4900,11.5500,11.5900,6304300
20130429,12.4900,12.4900,12.4900,12.4900,0
20130430,12.4900,12.4900,12.4900,12.4900,0
20130501,12.4900,12.4900,12.4900,12.4900,0
20130502,13.2000,13.2000,12.5600,12.8000,7307900
20130503,13.1600,13.4900,12.8300,13.1000,6378100
20130506,13.6400,13.7800,12.9300,13.1800,7826600
20130507,13.2600,13.5400,13.1500,13.4000,3705100
20130508,13.2700,13.4900,13.0400,13.2000,2973900
20130509,13.2300,13.3700,12.9700,13.2300,2643200
20130510,13.3200,13.3800,12.9900,13.2300,4517300
20130513,13.1200,13.4800,12.9900,13.4000,2220000
20130514,12.9900,13.1100,12.8100,13.1100,2658700
20130515,13.2400,13.3500,12.8900,12.9900,2220100
20130516,13.2100,13.4800,13.0600,13.2200,3074800
20130517,13.1000,13.2600,12.9000,13.0500,2484400
20130520,13.6500,13.7800,13.0100,13.1500,3882100
20130521,13.6000,13.6500,13.3600,13.6000,2665200
20130522,13.1100,13.3900,13.0900,13.3900,3201900
20130523,13.1000,13.3200,13.0300,13.1000,2337500
20130524,13.1900,13.3400,13.0700,13.3000,1881500
20130527,13.0700,13.2800,12.9000,13.2100,3150800
20130528,13.3600,13.4600,12.9000,13.0000,2896900
20130529,13.5500,13.6900,13.2100,13.4000,2655300
20130530,13.4700,13.6700,13.3600,13.4600,1890900
20130531,14.1900,14.4600,13.5200,13.5200,3809100
20130603,14.0000,14.8500,13.7700,14.2800,4073900
20130604,13.3300,13.8500,13.0800,13.7000,2388300
20130605,13.5600,13.7900,13.0300,13.2000,1559100
20130606,13.2000,13.5700,13.1200,13.4800,815200
20130607,13.2000,13.4000,12.9600,13.3000,1280300
20130610,13.2000,13.2000,13.2000,13.2000,0
20130611,13.2000,13.2000,13.2000,13.2000,0
20130612,13.2000,13.2000,13.2000,13.2000,0
20130613,12.4600,13.0200,12.1500,13.0200,1014400
20130614,12.6000,12.7200,12.4500,12.4500,1446800
20130617,12.7000,12.8300,12.4200,12.5600,997800
20130618,12.8800,13.1000,12.7000,12.7700,926500
20130619,12.8000,13.0000,12.5100,12.6000,779900
20130620,12.4000,12.7900,12.4000,12.7200,443600
20130621,12.1400,12.4400,11.9200,12.0100,1158100
20130624,11.7100,12.3900,11.0100,12.1400,1311300
20130625,11.9900,11.9900,10.6000,11.5000,3631000
20130626,11.8700,11.9900,11.3200,11.8000,3919300
20130627,11.8500,12.0100,11.6000,11.7400,1961100
20130628,12.0300,12.1000,11.6100,11.8000,1574600
20130701,12.5100,12.6900,11.9500,12.2500,1108000
20130702,12.6100,12.7000,12.2300,12.6200,1353600
20130703,12.2000,12.6000,12.0400,12.5000,982300
20130704,12.2200,12.3500,11.9900,12.2000,771000
20130705,11.9300,12.2600,11.9200,12.2200,777800
20130708,11.1900,11.8500,11.1500,11.7000,911700
20130709,11.4300,11.5100,11.1700,11.1700,462200
20130710,11.5700,11.6000,11.2700,11.5000,609400
20130711,11.8000,11.9700,11.5700,11.6000,1014700
20130712,11.7300,12.1800,11.7200,11.7500,768300
20130715,11.8200,11.9900,11.6800,11.7400,816800
20130716,12.1900,12.2500,11.7400,11.8700,1307200
20130717,12.1000,12.5900,11.9100,12.1100,910100
20130718,11.8100,12.1000,11.7300,12.0000,802700
20130719,11.8000,11.9000,11.7100,11.7100,1373000
20130722,11.6500,11.8200,11.6000,11.6100,550300
20130723,11.8900,11.9900,11.6600,11.6800,897900
20130724,11.7600,12.0200,11.6700,11.8900,1013900
20130725,11.6000,11.9100,11.6000,11.7700,803600
20130726,11.3700,11.6500,11.3000,11.6000,877200
20130729,11.0000,11.3600,10.9500,11.3000,1109100
20130730,11.0600,11.1900,10.8500,11.1900,341200
20130731,10.9000,11.2000,10.8500,11.1600,1290300
20130801,11.1000,11.1200,10.9000,10.9100,1351200
20130802,11.0800,11.2400,11.0200,11.2400,1174600
20130805,11.3700,11.3800,11.0600,11.0900,1242100
20130806,11.5900,11.7000,11.2500,11.3600,1663000
20130807,11.3700,11.6200,11.3000,11.5500,1318600
20130808,11.3500,11.4100,11.2000,11.2000,944300
20130809,11.4600,11.4700,11.2500,11.3500,1391700
20130812,12.0600,12.2000,11.4800,11.5900,3267100
20130813,11.9900,12.1400,11.8400,12.0000,1279200
20130814,11.8400,12.0600,11.7100,11.9100,1374700
20130815,11.9300,12.1200,11.7300,11.8300,1766000
20130816,11.6700,12.0600,11.6500,11.8800,1493800
20130819,11.7800,11.8800,11.5600,11.6600,768800
20130820,11.6300,11.9300,11.5600,11.8500,1010200
20130821,11.6700,11.6900,11.4400,11.6200,618200
20130822,11.6100,11.6400,11.4500,11.4500,492900
20130823,12.0500,12.2000,11.5600,11.5900,2420200
20130826,12.1500,12.3200,11.9500,12.0300,2336700
20130827,12.1300,12.1600,11.9600,12.1500,1430900
20130828,12.2300,12.4900,11.9800,12.0600,2936800
20130829,12.6600,12.6600,12.2400,12.3200,4277000
20130830,12.5000,13.3000,12.4200,12.6500,5790000
20130902,12.8500,13.0200,12.1800,12.5000,2880500
20130903,12.8500,13.0800,12.6200,12.9900,1850300
20130904,12.8500,13.0900,12.7200,12.8400,1192200
20130905,12.5800,12.9100,12.5300,12.8400,1079300
20130906,12.4600,12.6900,12.3100,12.5800,1738100
20130909,12.5400,12.6500,12.3500,12.4600,1434700
20130910,12.5000,12.5500,12.2900,12.5000,1963700
20130911,12.9800,13.0000,12.3000,12.5100,2788500
20130912,12.7200,13.1000,12.7100,12.9800,1550400
20130913,13.0600,13.1600,12.6000,12.7000,2113400
20130916,13.0000,13.1500,12.8000,13.0700,1268800
20130917,12.8100,13.1500,12.7500,13.0000,1119500
20130918,12.5400,12.9400,12.2900,12.7100,2147400
20130920,12.5400,12.5400,12.5400,12.5400,0
20130923,12.7300,12.7500,12.4100,12.5200,1743300
20130924,12.4800,12.7000,12.4100,12.6600,1751300
20130925,12.7200,12.8600,12.3200,12.5700,2816700
20130926,12.5400,12.8900,12.4900,12.7100,1485700
20130927,12.4600,12.8000,12.4600,12.5000,1204800
20130930,12.5000,12.6300,12.3200,12.5000,1066700
20131001,12.5000,12.5000,12.5000,12.5000,0
20131002,12.5000,12.5000,12.5000,12.5000,0
20131003,12.5000,12.5000,12.5000,12.5000,0
20131004,12.5000,12.5000,12.5000,12.5000,0
20131007,12.5000,12.5000,12.5000,12.5000,0
20131008,12.6800,12.7800,12.3800,12.4600,1701900
20131009,13.1000,13.1900,12.6100,12.6100,3048500
20131010,13.0600,13.3000,12.8700,13.2600,1920500
20131011,13.5900,13.6900,12.9500,13.0600,3490200
20131014,14.0000,14.3500,13.3200,13.4200,3030700
20131015,13.8300,14.0000,13.5500,14.0000,1602200
20131016,13.2900,13.6900,13.1800,13.2000,1494100
20131017,13.4200,13.7800,13.3100,13.3100,1441000
20131018,13.3000,13.5600,13.1400,13.5600,1575400
20131021,13.6700,13.6800,12.9100,13.3000,2128600
20131022,13.4500,13.7500,13.4000,13.5900,1285700
20131023,12.9000,13.4200,12.7500,13.4000,2117200
20131024,13.0900,13.1200,12.7300,12.7300,1121000
20131025,13.5900,13.6500,13.0500,13.0500,3110200
20131028,13.6300,13.9400,13.6000,13.8800,2661300
20131029,14.3200,14.3500,13.2000,13.5000,3964800
20131030,14.5000,14.7000,14.0000,14.0000,3415400
20131031,14.4100,14.8800,14.2800,14.3700,3013900
20131101,14.0500,14.4000,13.7900,14.2900,1484300
20131104,14.1800,14.1900,13.8300,14.0500,959000
20131105,14.6500,14.6800,13.8300,14.0600,1490600
20131106,14.2200,14.6800,14.2200,14.6300,1018600
20131107,13.9800,14.3000,13.8500,14.0000,692700
20131108,13.8000,13.9700,13.2700,13.9700,1651900
20131111,14.1300,14.2800,13.5100,13.7900,653900
20131112,14.1200,14.3500,14.0200,14.1300,551900
20131113,13.9200,14.3400,13.8600,14.1400,673200
20131114,13.9300,14.0000,13.5100,13.8100,822600
20131115,14.1500,14.3300,13.7600,13.9300,1028800
20131118,14.8600,14.9500,14.1800,14.2500,2731400
20131119,14.8600,14.8700,14.6300,14.8600,1132200
20131120,14.8200,14.9400,14.6200,14.8900,824000
20131121,14.4200,14.7600,14.2900,14.7100,2558900
20131122,14.5100,14.8000,14.4000,14.4000,986100
20131125,14.5200,14.6500,14.3200,14.4000,2422400
20131126,14.6400,14.8900,14.4000,14.5200,1011500
20131127,14.6400,14.8200,14.4200,14.5300,1111300
20131128,14.8500,15.0900,14.5100,14.6000,2169700
20131129,15.3300,15.4500,14.7000,14.8000,2412500
20131202,15.8600,15.9900,14.9100,15.0500,4472600
20131203,16.2900,16.3900,15.3000,15.6400,3982800
20131204,16.2100,16.6800,16.0500,16.3500,4204000
20131205,16.1500,16.2000,15.7000,16.0800,4349700
20131206,15.9400,16.1900,15.5300,16.0800,3538300
20131209,15.9900,16.1500,15.7000,15.8900,3207800
20131210,15.9800,16.3500,15.7300,15.9600,3128300
20131211,15.3100,15.9000,15.1700,15.7000,2137900
20131212,15.5400,15.6800,15.2300,15.3100,1995500
20131213,15.5500,15.5700,15.2300,15.5400,1865800
20131216,15.0100,15.8000,14.9000,15.5700,2300600
20131217,14.6800,15.1400,14.4700,14.9700,2206900
20131218,14.6600,14.8800,14.4300,14.5800,1244100
20131219,14.6200,14.8900,14.5600,14.6500,1197500
20131220,14.4600,14.8000,14.3200,14.6600,1255400
20131223,14.8400,14.8800,14.3600,14.5600,974700
20131224,14.5000,14.9600,14.2200,14.8500,2123100
20131225,14.7200,14.7300,14.3000,14.4600,1811700
20131226,14.3300,14.8000,14.3300,14.7300,1311400
20131227,14.5000,14.5500,14.2500,14.2800,1398600
20131230,14.6500,14.8300,14.5500,14.6100,1339900
20131231,14.5600,14.6800,14.3900,14.6800,1446700
20140101,14.5600,14.5600,14.5600,14.5600,0
20140102,14.3800,14.5600,14.2600,14.5600,1313100
20140103,13.7000,14.3800,13.6600,14.3800,3037300
20140106,13.6000,13.7000,13.2700,13.6800,2036300
20140107,13.7400,13.7500,13.3600,13.6000,888100
20140108,13.8200,14.0800,13.6500,13.6500,1229000
20140109,14.1000,14.3500,13.7000,13.7500,2221900
20140110,13.8000,14.2000,13.7100,14.0200,1118300
20140113,13.3600,13.8200,13.3600,13.7500,1011700
20140114,13.9900,13.9900,13.0800,13.3600,1988600
20140115,13.7500,13.9100,13.5700,13.9000,1196200
20140116,13.6700,13.8800,13.5300,13.8800,1196100
20140117,13.4000,13.6600,13.4000,13.6500,1154800
20140120,13.0400,13.4100,12.9200,13.2800,1720400
20140121,13.1600,13.2400,13.0200,13.0400,1388400
20140122,13.6800,13.6800,13.0600,13.1600,2527100
20140123,13.7100,13.7700,13.4600,13.6700,1948700
20140124,13.7900,13.8500,13.5000,13.7000,2719600
20140127,13.7700,13.8500,13.5000,13.7000,1357700
20140128,14.2000,14.2900,13.8000,13.8000,2761800
20140129,14.0000,14.2800,13.9200,14.2000,1385400
20140130,13.8100,14.0800,13.6800,14.0600,1199000
20140131,13.8100,13.8100,13.8100,13.8100,0
20140203,13.8100,13.8100,13.8100,13.8100,0
20140205,13.8100,13.8100,13.8100,13.8100,0
20140206,13.8100,13.8100,13.8100,13.8100,0
20140207,14.3800,14.4800,13.5000,13.7000,1593500
20140210,14.9500,15.0600,14.4800,14.5000,2629100
20140211,14.7500,14.9500,14.7000,14.9400,1418800
20140212,14.9200,14.9400,14.5500,14.7700,1173400
20140213,14.4600,14.9700,14.4400,14.9700,1319800
20140214,14.5200,14.5800,14.1500,14.4000,1852800
20140217,14.8800,14.9400,14.4100,14.5400,2026700
20140218,14.7500,15.0600,14.7300,14.8800,1583000
20140219,15.3200,15.3400,14.6500,14.7000,3329000
20140220,15.0100,15.4200,14.9600,15.4000,2089300
20140221,14.6600,15.2400,14.5100,14.7800,1421100
20140224,14.4500,14.6600,14.3000,14.6600,1230300
20140225,14.3200,14.7000,14.2100,14.5800,2058300
