20130226,3.4600,3.5400,3.4400,3.5200,3314700
20130227,3.4400,3.4900,3.4200,3.4600,3346700
20130228,3.5100,3.5100,3.4300,3.4600,3265400
20130301,3.5400,3.5500,3.4900,3.5000,4640100
20130304,3.4700,3.5400,3.4200,3.5300,4762900
20130305,3.5300,3.5400,3.4600,3.4700,3591800
20130306,3.5700,3.5800,3.5100,3.5300,7044000
20130307,3.5700,3.6000,3.5200,3.5500,5585500
20130308,3.6000,3.6600,3.5600,3.5700,13099800
20130311,3.6300,3.6600,3.5600,3.5900,7025600
20130312,3.5300,3.6400,3.4900,3.6400,7615500
20130313,3.5300,3.5700,3.4800,3.5300,4674700
20130314,3.5700,3.6100,3.5100,3.5300,7184400
20130315,3.5600,3.6300,3.5500,3.5700,8070700
20130318,3.4700,3.5600,3.4600,3.5500,5543700
20130319,3.4300,3.4900,3.3600,3.4800,6812600
20130320,3.4800,3.4900,3.3900,3.4200,3883100
20130321,3.5000,3.5100,3.4600,3.4800,4327800
20130322,3.5500,3.5500,3.4800,3.4900,5604900
20130325,3.5900,3.6100,3.5100,3.5600,7555900
20130326,3.5800,3.6000,3.5200,3.6000,6291200
20130327,3.5700,3.6100,3.5500,3.5600,5089500
20130328,3.5600,3.6400,3.5000,3.5500,12176400
20130329,3.6700,3.7100,3.5200,3.5500,15098000
20130401,3.6500,3.7700,3.6300,3.6600,13659500
20130402,3.8000,3.8700,3.6200,3.6200,20087900
20130403,3.7400,3.8500,3.7000,3.7200,14837400
20130404,3.7400,3.7400,3.7400,3.7400,0
20130405,3.7400,3.7400,3.7400,3.7400,0
20130408,3.6300,3.7000,3.5300,3.7000,9318700
20130409,3.7300,3.7900,3.6200,3.6300,10302500
20130410,3.6400,3.7300,3.6100,3.7200,8387500
20130411,3.6100,3.6900,3.5900,3.6600,6932500
20130412,3.6100,3.6300,3.5600,3.6100,5047300
20130415,3.5700,3.6100,3.5500,3.6100,3615700
20130416,3.5500,3.5700,3.4700,3.5300,4974700
20130417,3.5600,3.5800,3.5300,3.5400,2845900
20130418,3.5800,3.5800,3.5200,3.5400,3084700
20130419,3.6500,3.6500,3.5700,3.5700,6159200
20130422,3.6400,3.6500,3.5400,3.6300,4830700
20130423,3.6400,3.7400,3.6100,3.6300,8515700
20130424,3.6900,3.7100,3.6300,3.6300,10117400
20130425,3.6400,3.7400,3.6400,3.6800,7778100
20130426,3.4900,3.6400,3.4800,3.6200,9543100
20130429,3.4900,3.4900,3.4900,3.4900,0
20130430,3.4900,3.4900,3.4900,3.4900,0
20130501,3.4900,3.4900,3.4900,3.4900,0
20130502,3.4800,3.5200,3.4500,3.4700,4419800
20130503,3.5200,3.5500,3.4700,3.4900,6588000
20130506,3.5300,3.5500,3.4800,3.5200,7478000
20130507,3.5300,3.5400,3.4900,3.5200,4817000
20130508,3.5200,3.5600,3.5000,3.5300,5364300
20130509,3.5000,3.5300,3.4600,3.5100,5656400
20130510,3.5300,3.5300,3.4700,3.4900,4039200
20130513,3.5600,3.5600,3.5000,3.5200,5448700
20130514,3.5300,3.5500,3.5100,3.5500,3251700
20130515,3.5700,3.6400,3.5200,3.5300,7105100
20130516,3.5900,3.6100,3.5500,3.5900,6405700
20130517,3.6100,3.6400,3.5700,3.5900,6976600
20130520,3.6300,3.6500,3.6100,3.6200,6170300
20130521,3.6500,3.6600,3.6200,3.6300,6080700
20130522,3.6300,3.6600,3.6100,3.6600,6777500
20130523,3.5900,3.6200,3.5700,3.6200,7265600
20130524,3.6100,3.6200,3.5700,3.5800,4740000
20130527,3.6500,3.6500,3.5900,3.6200,7398100
20130528,3.6600,3.6700,3.6100,3.6400,7279600
20130529,3.6800,3.7200,3.6500,3.6600,7695900
20130530,3.6600,3.6800,3.6300,3.6600,6001200
20130531,3.7600,3.8500,3.6500,3.6600,21283200
20130603,3.7700,3.8500,3.7300,3.7600,14479700
20130604,3.7600,3.8100,3.7100,3.7600,10137300
20130605,3.9000,3.9000,3.7300,3.7500,19455900
20130606,3.8000,3.9700,3.8000,3.8800,15031700
20130607,3.6700,3.8200,3.6500,3.8000,10952700
20130610,3.6700,3.6700,3.6700,3.6700,0
20130611,3.6700,3.6700,3.6700,3.6700,0
20130612,3.6700,3.6700,3.6700,3.6700,0
20130613,3.5300,3.6400,3.4500,3.6200,8268100
20130614,3.5800,3.5900,3.5300,3.5300,4518700
20130617,3.5500,3.6000,3.5100,3.5800,4801800
20130618,3.6000,3.6500,3.5400,3.5600,5772000
20130619,3.5800,3.6000,3.5200,3.5600,4700800
20130620,3.4900,3.5900,3.4700,3.5700,4243300
20130621,3.4000,3.4600,3.3700,3.4500,6256100
20130624,3.1700,3.4000,3.1200,3.4000,6428500
20130625,3.1300,3.1900,2.9100,3.1300,6888600
20130626,3.1700,3.1800,3.1000,3.1300,4372100
20130627,3.1100,3.2300,3.1000,3.1700,4133700
20130628,3.1300,3.1700,3.0300,3.0800,3427800
20130701,3.1900,3.2200,3.0700,3.1200,4114000
20130702,3.2000,3.2100,3.1500,3.1800,3501900
20130703,3.1600,3.2000,3.1000,3.1900,3107500
20130704,3.1900,3.2200,3.1300,3.1600,4120700
20130705,3.2000,3.2200,3.1700,3.2100,4730300
20130708,3.0700,3.1700,3.0700,3.1700,3040900
20130709,3.0900,3.1000,3.0500,3.0900,1965000
20130710,3.1800,3.1900,3.0600,3.0800,2977700
20130711,3.2500,3.2800,3.1700,3.1700,5555100
20130712,3.2000,3.2800,3.1900,3.2400,3983300
20130715,3.2800,3.3000,3.1900,3.1900,4846900
20130716,3.2900,3.2900,3.2400,3.2600,4121700
20130717,3.2100,3.2800,3.2000,3.2700,4393300
20130718,3.1700,3.2200,3.1500,3.2100,2863000
20130719,3.1300,3.2200,3.1200,3.1900,3640800
20130722,3.1300,3.1600,3.0800,3.1200,3470000
20130723,3.2200,3.2400,3.1200,3.1500,4531900
20130724,3.2400,3.2700,3.1600,3.2000,4855400
20130725,3.1800,3.2500,3.1700,3.2300,3224000
20130726,3.1800,3.2000,3.1400,3.1800,2271400
20130729,3.1200,3.1800,3.1000,3.1600,2323800
20130730,3.1400,3.1600,3.0900,3.1400,2542100
20130731,3.1700,3.1900,3.1400,3.1500,1837200
20130801,3.2300,3.2300,3.1700,3.1800,3927800
20130802,3.2200,3.2600,3.2100,3.2400,3454400
20130805,3.2700,3.2800,3.2000,3.2300,3654400
20130806,3.3000,3.3300,3.2500,3.2700,5648500
20130807,3.3300,3.4300,3.2700,3.3000,8574000
20130808,3.3100,3.3500,3.2800,3.3300,4152100
20130809,3.3200,3.3500,3.2700,3.3100,3707100
20130812,3.3700,3.3800,3.3100,3.3400,4536500
20130813,3.3900,3.4000,3.3600,3.3800,5058400
20130814,3.3600,3.4200,3.3400,3.3900,5029100
20130815,3.3300,3.3700,3.3200,3.3500,2898700
20130816,3.2800,3.3800,3.2600,3.3100,3908800
20130819,3.3200,3.3300,3.2500,3.2500,2363000
20130820,3.3300,3.3500,3.3000,3.3100,2499300
20130821,3.3600,3.3600,3.3000,3.3200,2600500
20130822,3.3800,3.4000,3.3500,3.3600,3099500
20130823,3.3900,3.4100,3.3200,3.3800,5494900
20130826,3.4200,3.4200,3.3800,3.3800,5701300
20130827,3.4100,3.4300,3.3700,3.4300,5367700
20130828,3.3800,3.4100,3.3600,3.3900,4602900
20130829,3.4200,3.4200,3.3600,3.3800,4272500
20130830,3.4200,3.4500,3.3900,3.4100,5807200
20130902,3.4500,3.4500,3.3600,3.4100,4813100
20130903,3.6000,3.6500,3.4400,3.4400,18246300
20130904,3.7100,3.9600,3.6700,3.7800,36534500
20130905,3.6500,3.6900,3.5800,3.6200,15337600
20130906,3.6000,3.6600,3.5900,3.6200,8763900
20130909,3.6600,3.7300,3.5600,3.5700,11574600
20130910,3.6800,3.6800,3.6000,3.6600,8386200
20130911,3.7200,3.8100,3.6200,3.6800,14946300
20130912,3.7200,3.7600,3.6800,3.7000,8392600
20130913,3.7000,3.7600,3.6700,3.7400,6172400
20130916,3.6200,3.7500,3.6200,3.7400,4988900
20130917,3.5500,3.6400,3.5400,3.6300,4523800
20130918,3.6100,3.6100,3.5500,3.5600,2832300
20130920,3.6100,3.6100,3.6100,3.6100,0
20130923,3.6500,3.6600,3.5900,3.6100,4044600
20130924,3.6300,3.6600,3.5900,3.6600,3757600
20130925,3.6500,3.7100,3.6200,3.6400,6248500
20130926,3.5200,3.6600,3.5200,3.6500,5385500
20130927,3.5200,3.5500,3.5000,3.5200,3370300
20130930,3.5800,3.5900,3.5200,3.5400,2715800
20131001,3.5800,3.5800,3.5800,3.5800,0
20131002,3.5800,3.5800,3.5800,3.5800,0
20131003,3.5800,3.5800,3.5800,3.5800,0
20131004,3.5800,3.5800,3.5800,3.5800,0
20131007,3.5800,3.5800,3.5800,3.5800,0
20131008,3.6600,3.7000,3.5600,3.5700,6300400
20131009,3.7000,3.7200,3.6300,3.6600,5803300
20131010,3.6800,3.7200,3.6500,3.7000,5420200
20131011,3.7200,3.7400,3.6800,3.6800,6783800
20131014,3.7900,3.8200,3.7000,3.7300,9260200
20131015,3.7300,3.8100,3.6900,3.7700,7194100
20131016,3.6200,3.7200,3.6000,3.7200,5222100
20131017,3.6500,3.7400,3.6200,3.6500,4709800
20131018,3.6700,3.6800,3.6300,3.6400,2507600
20131021,3.7200,3.7300,3.6500,3.6900,4542100
20131022,3.7100,3.7500,3.6800,3.7300,4669000
20131023,3.5700,3.7300,3.5700,3.7100,5906700
20131024,3.5800,3.6100,3.5400,3.5700,2792300
20131025,3.5300,3.6100,3.5000,3.6000,3498000
20131028,3.5100,3.5700,3.5000,3.5500,2771200
20131029,3.4200,3.5600,3.3400,3.5300,4919600
20131030,3.4800,3.4900,3.3900,3.4200,2920700
20131031,3.5100,3.5200,3.4500,3.4900,2643800
20131101,3.4900,3.5300,3.4300,3.4900,2509200
20131104,3.5800,3.5800,3.4900,3.4900,3659600
20131105,3.6400,3.6400,3.5300,3.5800,4895900
20131106,3.5600,3.6500,3.5500,3.6400,3903300
20131107,3.5900,3.6300,3.5500,3.5600,3930200
20131108,3.6600,3.7100,3.5900,3.5900,7441500
20131111,3.7400,3.7800,3.6800,3.6900,12217400
20131112,3.7000,3.7600,3.6600,3.7600,7190600
20131113,3.6600,3.7500,3.6600,3.7000,7170700
20131114,3.6300,3.6800,3.5500,3.6500,7384500
20131115,3.6800,3.7200,3.5900,3.6200,6936000
20131118,3.7400,3.7500,3.6800,3.6900,8703000
20131119,3.7500,3.7900,3.7100,3.7100,7497000
20131120,3.8000,3.8400,3.7400,3.7400,12493100
20131121,3.8300,3.9000,3.7500,3.8100,10538400
20131122,3.7600,3.8500,3.7500,3.8300,6514100
20131125,3.8300,3.8700,3.7300,3.7600,7146300
20131126,3.7900,3.8800,3.7800,3.8300,6531100
20131127,3.8000,3.8200,3.7600,3.8100,4876600
20131128,3.8300,3.8700,3.7900,3.8000,6580300
20131129,3.8000,3.8400,3.7800,3.8400,5269700
20131202,3.5800,3.7500,3.5600,3.7200,9023500
20131203,3.6700,3.6900,3.5500,3.5500,3986600
20131204,3.7300,3.7700,3.6500,3.6700,5056600
20131205,3.7900,3.8300,3.7400,3.7600,5835100
20131206,3.8100,3.8100,3.7300,3.7800,4136500
20131209,3.8500,3.8700,3.8100,3.8100,6402300
20131210,3.8300,3.9000,3.8200,3.8600,5757600
20131211,3.7600,3.8500,3.7300,3.8500,5752900
20131212,3.7800,3.7900,3.7200,3.7400,4199500
20131213,3.7700,3.8000,3.7300,3.7700,3276300
20131216,3.7200,3.7700,3.7100,3.7600,3447300
20131217,3.7400,3.7600,3.6900,3.7200,2298100
20131218,3.7500,3.7900,3.7000,3.7300,3261800
20131219,3.7000,3.7800,3.7000,3.7700,2538000
20131220,3.6600,3.7400,3.6200,3.7000,3119600
20131223,3.6400,3.6700,3.5800,3.6600,2141200
20131224,3.6600,3.7000,3.6200,3.6600,2419800
20131225,3.8000,3.8100,3.6400,3.6700,6744600
20131226,3.7700,3.8500,3.7400,3.8100,8322800
20131227,3.8400,3.8600,3.7600,3.7900,6166200
20131230,3.8600,3.8700,3.8100,3.8500,6102900
20131231,3.8400,3.8700,3.8100,3.8600,3967300
20140101,3.8400,3.8400,3.8400,3.8400,0
20140102,3.9500,4.0100,3.7900,3.8200,14810100
20140103,3.8900,3.9700,3.8500,3.9200,8490100
20140106,3.8400,3.9200,3.8000,3.9000,8172100
20140107,3.8400,3.9000,3.8000,3.8400,4811800
20140108,3.7600,3.8800,3.7500,3.8600,6057700
20140109,3.7200,3.7900,3.7100,3.7500,4554300
20140110,3.6100,3.7300,3.5800,3.7000,6054100
20140113,3.6400,3.6400,3.5800,3.6000,2823200
20140114,3.6900,3.7000,3.6200,3.6400,2343300
20140115,3.7300,3.7400,3.6700,3.7000,3123200
20140116,3.7500,3.8000,3.7100,3.7100,3942800
20140117,3.6500,3.7600,3.6500,3.7300,2187100
20140120,3.6700,3.7000,3.6200,3.6300,2118400
20140121,3.7100,3.7200,3.6600,3.6900,1816700
20140122,3.7900,3.7900,3.7000,3.7200,4007200
20140123,3.7800,3.8100,3.7500,3.8000,4355200
20140124,3.8500,3.8500,3.7500,3.7700,6734100
20140127,3.8300,3.8600,3.8000,3.8200,3546300
20140128,3.8400,3.8700,3.8200,3.8200,3580700
20140129,3.8200,3.8600,3.8000,3.8600,3252300
20140130,3.8000,3.8300,3.7600,3.8100,2423300
20140131,3.8000,3.8000,3.8000,3.8000,0
20140203,3.8000,3.8000,3.8000,3.8000,0
20140205,3.8000,3.8000,3.8000,3.8000,0
20140206,3.8000,3.8000,3.8000,3.8000,0
20140207,3.8800,3.8800,3.7600,3.7600,4231300
20140210,3.9600,3.9700,3.8700,3.9000,9120900
20140211,3.9300,3.9700,3.9000,3.9600,7017400
20140212,4.0800,4.1300,3.9300,3.9300,16119900
20140213,4.0400,4.2200,4.0200,4.0600,15799700
20140214,4.1000,4.1500,4.0300,4.0400,9098300
20140217,4.1500,4.1600,4.0600,4.1000,10203600
20140218,4.1400,4.1600,4.1000,4.1300,7294000
20140219,4.0800,4.1300,4.0500,4.1200,8746300
20140220,4.0900,4.1900,3.9800,4.0800,11093200
20140221,4.2100,4.2200,4.0600,4.0800,12406000
20140224,4.1200,4.3000,4.0600,4.2800,11989600
20140225,3.9100,4.1400,3.9000,4.0900,10747100
