20130226,4.5600,4.7400,4.5400,4.7400,14350000
20130227,4.5600,4.6400,4.5000,4.5600,9518500
20130228,4.6500,4.6600,4.5300,4.5800,11990400
20130301,4.7000,4.7400,4.6200,4.6200,13083600
20130304,4.5900,4.7600,4.4200,4.6300,20593600
20130305,4.6200,4.6200,4.5000,4.5500,11052100
20130306,4.7100,4.7200,4.5400,4.6100,17381200
20130307,4.6600,4.7700,4.6100,4.7000,14053400
20130308,4.6000,4.6900,4.6000,4.6800,6672200
20130311,4.6200,4.6800,4.5200,4.6000,6200800
20130312,4.4600,4.6300,4.3800,4.6200,11281000
20130313,4.3100,4.4700,4.2700,4.4700,6667900
20130314,4.3100,4.3700,4.2900,4.3100,3969200
20130315,4.2800,4.3600,4.2300,4.3000,5627700
20130318,4.1900,4.3200,4.1600,4.2700,4570300
20130319,4.2500,4.2600,4.1500,4.2100,4206400
20130320,4.3800,4.4000,4.2300,4.2500,7870600
20130321,4.4000,4.4600,4.3500,4.3800,7403200
20130322,4.4200,4.4700,4.3800,4.3900,5170200
20130325,4.3500,4.4500,4.3100,4.4300,4962300
20130326,4.2900,4.3400,4.2300,4.3200,5912900
20130327,4.3000,4.3500,4.2600,4.2900,4507000
20130328,4.1800,4.2600,4.1600,4.2600,5671500
20130329,4.2100,4.2500,4.1600,4.2000,3635000
20130401,4.2700,4.3300,4.2100,4.2500,4176100
20130402,4.2000,4.3300,4.1900,4.2700,3721000
20130403,4.1900,4.2600,4.1900,4.2100,3530000
20130404,4.1900,4.1900,4.1900,4.1900,0
20130405,4.1900,4.1900,4.1900,4.1900,0
20130408,4.1700,4.1800,4.0100,4.1400,5103200
20130409,4.2600,4.2700,4.1200,4.1700,4275600
20130410,4.2000,4.2700,4.1500,4.2200,3360600
20130411,4.2400,4.3100,4.2100,4.2100,6285600
20130412,4.1500,4.2600,4.1400,4.2500,3577500
20130415,4.1200,4.2100,4.1200,4.1700,2470600
20130416,4.1600,4.1600,4.0400,4.0700,3419700
20130417,4.2000,4.2200,4.1300,4.1500,3467300
20130418,4.1900,4.2400,4.1300,4.1800,2984100
20130419,4.2700,4.3000,4.1800,4.1800,8236300
20130422,4.2700,4.3700,4.2000,4.2800,9472100
20130423,4.1600,4.2700,4.1000,4.2700,7847400
20130424,4.1800,4.1900,4.1200,4.1700,5215100
20130425,4.0900,4.1800,4.0900,4.1600,5062600
20130426,4.0300,4.1300,4.0100,4.0900,3686300
20130429,4.0300,4.0300,4.0300,4.0300,0
20130430,4.0300,4.0300,4.0300,4.0300,0
20130501,4.0300,4.0300,4.0300,4.0300,0
20130502,4.0100,4.0400,3.9400,4.0100,3417300
20130503,4.0400,4.0800,3.9800,3.9800,6030700
20130506,4.0600,4.0800,4.0300,4.0500,4482000
20130507,4.0900,4.1000,4.0400,4.0500,4568300
20130508,4.0900,4.1000,4.0500,4.0700,4558400
20130509,4.0500,4.0800,4.0300,4.0600,4734900
20130510,4.0400,4.0500,4.0000,4.0300,4829500
20130513,4.0500,4.0500,4.0100,4.0400,4220000
20130514,3.9900,4.0500,3.9800,4.0500,4207600
20130515,4.0000,4.0300,3.9700,3.9700,3673000
20130516,4.0700,4.0800,3.9900,4.0300,7960900
20130517,4.1200,4.1200,4.0500,4.0500,10963000
20130520,4.1700,4.1800,4.1300,4.1400,10099900
20130521,4.1700,4.2100,4.1300,4.2000,11502300
20130522,4.2000,4.2500,4.1300,4.1700,11867100
20130523,4.1300,4.2100,4.1100,4.1700,6873700
20130524,4.1800,4.2000,4.1200,4.1300,5941200
20130527,4.1600,4.1800,4.1300,4.1800,5358700
20130528,4.1900,4.1900,4.1200,4.1400,7352900
20130529,4.2000,4.2200,4.1700,4.2100,7170200
20130530,4.1700,4.1900,4.1500,4.1900,5030800
20130531,4.3400,4.5400,4.1700,4.1800,33484500
20130603,4.4200,4.4900,4.2700,4.2900,21464300
20130604,4.3600,4.4200,4.2600,4.4100,11754800
20130605,4.3500,4.3900,4.2900,4.3300,5861400
20130606,4.1900,4.3500,4.1500,4.3200,7815200
20130607,3.9900,4.2100,3.9700,4.1900,8996400
20130610,3.9900,3.9900,3.9900,3.9900,0
20130611,3.9900,3.9900,3.9900,3.9900,0
20130612,3.9900,3.9900,3.9900,3.9900,0
20130613,3.7700,3.9600,3.6700,3.9600,7868000
20130614,3.8200,3.8400,3.7700,3.7700,4161300
20130617,3.8000,3.8300,3.7500,3.8200,3560800
20130618,3.8900,3.9300,3.7700,3.7900,5144700
20130619,3.8800,3.9000,3.8000,3.8600,3245000
20130620,3.7000,3.8700,3.6900,3.8700,3646700
20130621,3.6800,3.7000,3.5600,3.6500,4854400
20130624,3.3300,3.6700,3.3300,3.6700,6106600
20130625,3.3900,3.4100,3.0400,3.3100,8247700
20130626,3.3700,3.4200,3.3100,3.3900,4016100
20130627,3.2600,3.4200,3.2300,3.3900,4760400
20130628,3.2700,3.3500,3.1700,3.2600,3156100
20130701,3.3400,3.3400,3.2700,3.2800,2827800
20130702,3.3800,3.3800,3.3100,3.3400,3427400
20130703,3.3100,3.3700,3.2500,3.3700,4080300
20130704,3.3200,3.3600,3.2500,3.3000,4883100
20130705,3.4400,3.4900,3.3200,3.3300,10664000
20130708,3.2400,3.3800,3.2400,3.3800,5386000
20130709,3.2500,3.2900,3.2000,3.2000,2647800
20130710,3.3700,3.4000,3.2300,3.2700,4855200
20130711,3.4500,3.4800,3.3500,3.3500,8969600
20130712,3.3700,3.4900,3.3700,3.4300,7208400
20130715,3.4300,3.4400,3.3700,3.3700,4935500
20130716,3.4800,3.4800,3.3900,3.4300,5793500
20130717,3.4500,3.5400,3.4400,3.4700,5823700
20130718,3.4000,3.4500,3.3700,3.4100,4272800
20130719,3.3000,3.4800,3.3000,3.4000,4571200
20130722,3.3100,3.3300,3.2000,3.2600,4041600
20130723,3.3900,3.4000,3.3000,3.3000,4365800
20130724,3.3900,3.4200,3.3300,3.3600,4327100
20130725,3.3200,3.4100,3.3200,3.3800,3892500
20130726,3.3000,3.3300,3.2600,3.3300,3203100
20130729,3.2600,3.3000,3.2400,3.3000,2824600
20130730,3.2600,3.3100,3.1800,3.2700,3544300
20130731,3.2600,3.3100,3.2500,3.2800,2282800
20130801,3.3600,3.3900,3.2700,3.2700,5356400
20130802,3.3500,3.4000,3.3400,3.3800,4225700
20130805,3.5100,3.6700,3.3300,3.3300,12357600
20130806,3.5000,3.5200,3.4600,3.4900,6541600
20130807,3.4800,3.5300,3.4500,3.5100,4951100
20130808,3.5500,3.6400,3.4300,3.4300,9242500
20130809,3.5400,3.5700,3.4600,3.5200,6358600
20130812,3.5800,3.5900,3.5100,3.5400,6898500
20130813,3.6500,3.6800,3.5600,3.5800,9527100
20130814,3.5900,3.7600,3.5700,3.6600,10196800
20130815,3.5000,3.6100,3.5000,3.5600,7723300
20130816,3.4700,3.6000,3.4700,3.4900,7364800
20130819,3.5300,3.5300,3.4300,3.4500,3759400
20130820,3.4900,3.5500,3.4700,3.5200,3668900
20130821,3.5200,3.5300,3.4700,3.4900,2982200
20130822,3.5200,3.5600,3.4900,3.5200,4211000
20130823,3.4800,3.5400,3.4300,3.5200,4765700
20130826,3.5600,3.5700,3.4600,3.4800,5868200
20130827,3.6300,3.6400,3.5400,3.5600,6268100
20130828,3.5800,3.6200,3.5600,3.6100,5440700
20130829,3.6200,3.6200,3.5600,3.5800,5008400
20130830,3.5800,3.6800,3.5800,3.6200,6796300
20130902,3.6600,3.7400,3.5100,3.5800,7614200
20130903,3.8100,3.8500,3.6000,3.6300,18912800
20130904,3.7400,3.8500,3.7200,3.8300,10341600
20130905,3.7700,3.8200,3.6600,3.7500,8703400
20130906,3.8800,3.9600,3.8400,3.8600,23408400
20130909,3.8800,3.9300,3.8200,3.8700,14406900
20130910,3.8700,3.9000,3.8300,3.8800,9918800
20130911,3.9000,3.9200,3.7800,3.8600,13755100
20130912,3.8800,3.9200,3.8500,3.8700,6502200
20130913,3.8000,3.8800,3.7600,3.8800,7927100
20130916,3.7600,3.8200,3.7300,3.8100,4473100
20130917,3.6600,3.7600,3.6600,3.7600,3920500
20130918,3.6900,3.7100,3.6500,3.6500,3137800
20130920,3.6900,3.6900,3.6900,3.6900,0
20130923,3.7200,3.7400,3.6300,3.6800,6463400
20130924,3.7000,3.7500,3.6700,3.7200,4906500
20130925,3.7100,3.7400,3.6800,3.7000,4654900
20130926,3.5800,3.7000,3.5700,3.7000,5945000
20130927,3.5800,3.6100,3.5600,3.5800,2793500
20130930,3.6000,3.6000,3.5600,3.6000,2920400
20131001,3.6000,3.6000,3.6000,3.6000,0
20131002,3.6000,3.6000,3.6000,3.6000,0
20131003,3.6000,3.6000,3.6000,3.6000,0
20131004,3.6000,3.6000,3.6000,3.6000,0
20131007,3.6000,3.6000,3.6000,3.6000,0
20131008,3.6600,3.6800,3.5700,3.6000,4050300
20131009,3.6900,3.7000,3.6400,3.6500,3817100
20131010,3.6900,3.7700,3.6600,3.6900,7119500
20131011,3.7300,3.7700,3.7000,3.7100,5379300
20131014,3.8400,3.8800,3.7300,3.7300,13458000
20131015,4.0300,4.1800,3.7800,3.8600,28016300
20131016,4.0800,4.1300,3.8300,3.9700,28175000
20131017,4.4800,4.4900,4.2600,4.4900,74453904
20131018,4.0900,4.2600,4.0300,4.2000,53042800
20131021,4.1200,4.1700,4.0200,4.0400,25228500
20131022,4.1300,4.2700,4.0400,4.1000,23975700
20131023,3.8900,4.1300,3.8900,4.0800,18078900
20131024,3.9300,4.0000,3.8400,3.8700,9230100
20131025,3.8400,3.9900,3.8100,3.9500,9063900
20131028,3.8700,3.9600,3.8400,3.8600,6728200
20131029,3.7100,3.9100,3.5800,3.9100,11901300
20131030,3.8300,3.8800,3.7000,3.7300,8115100
20131031,3.8600,3.8700,3.7500,3.7800,6421800
20131101,3.8200,3.8700,3.7700,3.8200,4929100
20131104,3.8800,3.9000,3.8300,3.8400,4954000
20131105,3.9100,3.9200,3.8100,3.8800,6522000
20131106,3.8600,3.9900,3.8400,3.8900,8886100
20131107,4.0200,4.1800,3.9800,3.9900,25826900
20131108,3.9300,4.0400,3.8900,3.9500,10597800
20131111,3.9000,3.9200,3.7800,3.8800,6853200
20131112,3.8400,3.8800,3.8100,3.8800,5672900
20131113,3.8800,3.9500,3.8400,3.8400,7399200
20131114,3.8600,3.8700,3.7800,3.8500,5415800
20131115,3.9300,3.9600,3.8300,3.8600,8862500
20131118,4.0100,4.0400,3.9200,3.9300,10384900
20131119,4.0000,4.0600,3.9700,4.0400,8465900
20131120,4.0000,4.0300,3.9400,4.0200,6193600
20131121,3.9800,4.0200,3.9500,3.9900,7299300
20131122,4.0000,4.0600,3.9800,4.0000,10115100
20131125,3.9400,3.9900,3.9100,3.9800,6980500
20131126,3.8900,3.9500,3.8800,3.9400,7530800
20131127,3.9200,3.9300,3.8700,3.8900,4540400
20131128,3.9600,3.9700,3.9100,3.9300,7684700
20131129,3.9500,3.9700,3.9200,3.9600,4532800
20131202,3.7400,3.9000,3.6200,3.9000,10545900
20131203,3.8200,3.8300,3.7000,3.7500,4525700
20131204,3.8600,3.8900,3.7900,3.8000,5508300
20131205,3.8600,3.8800,3.8200,3.8500,3521500
20131206,3.8900,3.9300,3.8200,3.8600,4905600
20131209,3.9800,4.1300,3.8700,3.9000,11394700
20131210,4.0400,4.2500,4.0300,4.1600,17955500
20131211,3.9400,4.0300,3.9000,3.9700,10322500
20131212,3.9300,3.9700,3.8800,3.9000,8274200
20131213,3.9300,3.9300,3.8600,3.9000,5157800
20131216,3.8400,3.9300,3.8000,3.9300,6189300
20131217,3.8300,3.8600,3.7900,3.8400,3357700
20131218,3.8400,3.8600,3.8100,3.8300,2772700
20131219,3.7900,3.8900,3.7800,3.8500,4880400
20131220,3.7100,3.8000,3.7000,3.7800,4240800
20131223,3.6700,3.7400,3.6500,3.7200,3633800
20131224,3.7100,3.7400,3.6700,3.6800,2406500
20131225,3.7600,3.7800,3.7000,3.7200,2834700
20131226,3.6700,3.8000,3.6700,3.7600,3338500
20131227,3.7400,3.7600,3.6600,3.6600,2577600
20131230,3.7600,3.7900,3.7400,3.7600,2381200
20131231,3.8000,3.8200,3.7100,3.7600,3020300
20140101,3.8000,3.8000,3.8000,3.8000,0
20140102,3.8000,3.8100,3.7600,3.8000,3077800
20140103,3.7900,3.8500,3.7700,3.8300,3341000
20140106,3.6900,3.8200,3.6800,3.8100,3405100
20140107,3.6900,3.7200,3.6500,3.6900,2163800
20140108,3.6500,3.7200,3.6400,3.6900,3091500
20140109,3.5800,3.7000,3.5700,3.6400,3789900
20140110,3.4700,3.5900,3.4700,3.5600,3690500
20140113,3.4800,3.5100,3.4500,3.4700,2474200
20140114,3.5200,3.5300,3.4700,3.4800,2286900
20140115,3.5400,3.5500,3.5100,3.5300,2067600
20140116,3.5500,3.5800,3.5200,3.5500,2293400
20140117,3.5000,3.5400,3.4900,3.5300,2921700
20140120,3.4500,3.5100,3.4300,3.4900,1990900
20140121,3.4900,3.5100,3.4300,3.4600,2287600
20140122,3.5800,3.5900,3.4900,3.4900,2910900
20140123,3.5800,3.6100,3.5700,3.5800,2435200
20140124,3.6200,3.6400,3.5500,3.5600,3179000
20140127,3.6100,3.6400,3.6000,3.6300,2931400
20140128,3.6000,3.6300,3.5700,3.6000,2287200
20140129,3.6200,3.6300,3.5900,3.6000,1733600
20140130,3.6000,3.6200,3.5800,3.6200,1614500
20140131,3.6000,3.6000,3.6000,3.6000,0
20140203,3.6000,3.6000,3.6000,3.6000,0
20140205,3.6000,3.6000,3.6000,3.6000,0
20140206,3.6000,3.6000,3.6000,3.6000,0
20140207,3.6200,3.6300,3.5400,3.5800,2264300
20140210,3.7100,3.7100,3.6100,3.6100,5693500
20140211,3.7200,3.7200,3.6800,3.7100,5116800
20140212,3.7900,3.8100,3.7100,3.7200,7737500
20140213,3.7500,3.8200,3.7400,3.7900,4881900
20140214,3.8000,3.8100,3.7400,3.7500,5051300
20140217,3.8300,3.8500,3.7900,3.8000,5811700
20140218,3.7900,3.8400,3.7800,3.8300,4995700
20140219,3.8200,3.8200,3.7800,3.7900,6429900
20140220,3.7700,3.8600,3.7700,3.8200,6791400
20140221,3.7200,3.7800,3.7000,3.7700,4147700
20140224,3.8500,3.8600,3.6800,3.6900,10579300
20140225,3.7900,4.0700,3.7800,3.8300,18591900
