20130226,3.0300,3.1100,3.0200,3.0900,5312500
20130227,3.0100,3.0600,3.0000,3.0300,3390000
20130228,3.0600,3.0600,3.0100,3.0200,3017700
20130301,3.0700,3.0800,3.0400,3.0600,4059200
20130304,2.9800,3.0600,2.9600,3.0500,5950900
20130305,3.0100,3.0200,2.9600,2.9800,3040800
20130306,3.0800,3.0900,3.0000,3.0100,7770300
20130307,3.0700,3.1100,3.0400,3.0700,5935700
20130308,3.0800,3.1000,3.0600,3.0700,5018200
20130311,3.1300,3.1400,3.0700,3.0800,8737800
20130312,3.0600,3.1400,3.0200,3.1200,5961400
20130313,3.0200,3.0600,2.9700,3.0600,4422900
20130314,3.0300,3.0500,2.9900,3.0200,2312300
20130315,3.0300,3.0700,2.9900,3.0300,3065000
20130318,2.9700,3.0300,2.9600,3.0300,2786600
20130319,2.9700,2.9900,2.9300,2.9700,2077600
20130320,3.0300,3.0400,2.9600,2.9700,3051600
20130321,3.0700,3.0800,3.0200,3.0300,5617900
20130322,3.3800,3.3800,3.2900,3.3100,44522500
20130325,3.5900,3.6800,3.3600,3.4000,71408000
20130326,3.4700,3.5400,3.4100,3.4500,30029600
20130327,3.3900,3.5000,3.3400,3.4500,22486900
20130328,3.2600,3.3400,3.2000,3.3100,19455500
20130329,3.2400,3.2800,3.1700,3.2100,15061600
20130401,3.2600,3.2700,3.1800,3.2200,11976100
20130402,3.1300,3.2700,3.1000,3.2500,14145100
20130403,3.1100,3.1300,3.0500,3.1300,10389200
20130404,3.1100,3.1100,3.1100,3.1100,0
20130405,3.1100,3.1100,3.1100,3.1100,0
20130408,3.1200,3.1200,3.0300,3.1000,8867900
20130409,3.1100,3.1500,3.0800,3.1400,9818200
20130410,3.0700,3.1100,3.0200,3.0900,8855700
20130411,3.0400,3.1100,3.0400,3.0600,8199800
20130412,3.0400,3.0400,3.0400,3.0400,0
20130415,2.8900,2.8900,2.8900,2.8900,2258300
20130416,2.7900,2.8600,2.7500,2.7500,22686100
20130417,2.8200,2.8700,2.7600,2.7700,11689200
20130418,2.8400,2.8700,2.8000,2.8100,7919000
20130419,2.8800,2.8800,2.8200,2.8400,12607400
20130422,2.8700,2.8800,2.8400,2.8600,6324900
20130423,2.7400,2.8600,2.7300,2.8600,9230400
20130424,2.7800,2.8000,2.7400,2.7500,6361000
20130425,2.7800,2.8400,2.7500,2.7800,6980600
20130426,2.7800,2.8200,2.7700,2.7800,4306100
20130429,2.7800,2.7800,2.7800,2.7800,0
20130430,2.7800,2.7800,2.7800,2.7800,0
20130501,2.7800,2.7800,2.7800,2.7800,0
20130502,2.7800,2.7800,2.7800,2.7800,0
20130503,2.7800,2.7800,2.7800,2.7800,0
20130506,2.7800,2.7800,2.7800,2.7800,0
20130507,2.7800,2.7800,2.7800,2.7800,0
20130508,2.7800,2.7800,2.7800,2.7800,0
20130509,2.7800,2.7800,2.7800,2.7800,0
20130510,2.7800,2.7800,2.7800,2.7800,0
20130513,2.7800,2.7800,2.7800,2.7800,0
20130514,2.7800,2.7800,2.7800,2.7800,0
20130515,2.7800,2.7800,2.7800,2.7800,0
20130516,2.7800,2.7800,2.7800,2.7800,0
20130517,2.7800,2.7800,2.7800,2.7800,0
20130520,2.7800,2.7800,2.7800,2.7800,0
20130521,2.7800,2.7800,2.7800,2.7800,0
20130522,2.7800,2.7800,2.7800,2.7800,0
20130523,2.7800,2.7800,2.7800,2.7800,0
20130524,2.7800,2.7800,2.7800,2.7800,0
20130527,2.7800,2.7800,2.7800,2.7800,0
20130528,2.7800,2.7800,2.7800,2.7800,0
20130529,2.7800,2.7800,2.7800,2.7800,0
20130530,2.7800,2.7800,2.7800,2.7800,0
20130531,2.7800,2.7800,2.7800,2.7800,0
20130603,2.9200,2.9200,2.9200,2.9200,226600
20130604,3.0700,3.0700,3.0700,3.0700,237500
20130605,3.2200,3.2200,3.2200,3.2200,519600
20130606,3.3800,3.3800,3.3800,3.3800,1019000
20130607,3.5500,3.5500,3.5500,3.5500,1541500
20130610,3.5500,3.5500,3.5500,3.5500,0
20130611,3.5500,3.5500,3.5500,3.5500,0
20130612,3.5500,3.5500,3.5500,3.5500,0
20130613,3.7300,3.7300,3.7300,3.7300,2528300
20130614,3.9200,3.9200,3.9200,3.9200,6560800
20130617,3.9200,3.9200,3.9200,3.9200,0
20130618,4.1200,4.1200,4.0800,4.1200,25757700
20130619,4.3300,4.3300,4.3300,4.3300,3496400
20130620,4.5500,4.5500,4.5500,4.5500,900000
20130621,4.7800,4.7800,4.7800,4.7800,6564300
20130624,4.5400,4.7800,4.5400,4.7800,8173400
20130625,4.3100,4.3100,4.3100,4.3100,491900
20130626,4.0900,4.2600,4.0900,4.0900,49694400
20130627,3.8900,4.0300,3.8900,3.9800,12557800
20130628,3.7800,3.8400,3.7000,3.7100,34500500
20130701,3.9700,3.9700,3.7100,3.8000,21315900
20130702,4.0400,4.1600,3.9800,4.0900,20359700
20130703,4.0700,4.1400,4.0100,4.0600,10454900
20130704,3.8700,4.0500,3.8700,4.0500,16973000
20130705,3.9100,3.9700,3.8300,3.8300,9404900
20130708,4.1100,4.1100,4.0000,4.1000,23544500
20130709,3.9800,4.1400,3.9000,4.0900,14888400
20130710,4.0400,4.0900,3.9100,3.9800,8274300
20130711,4.1000,4.1500,3.9900,4.0000,9783500
20130712,3.9700,4.1100,3.9700,4.1000,10714100
20130715,4.0000,4.0100,3.9300,4.0000,6386200
20130716,4.1900,4.2000,3.9600,3.9800,14613000
20130717,4.0600,4.1400,4.0300,4.1200,9068500
20130718,4.1400,4.2200,4.0300,4.0300,6148900
20130719,4.0400,4.2000,4.0400,4.1100,6465200
20130722,4.1000,4.1400,4.0000,4.0100,3654300
20130723,4.1200,4.1500,4.0700,4.1000,3990200
20130724,4.1000,4.1400,4.0700,4.1000,3229500
20130725,3.9600,4.1100,3.9400,4.0800,5591900
20130726,3.9900,4.0200,3.9300,3.9600,2700900
20130729,3.9800,4.0200,3.9600,3.9800,3598500
20130730,3.9700,4.0100,3.9100,3.9700,2256700
20130731,4.0500,4.1000,3.9300,3.9900,3332400
20130801,4.1100,4.1500,4.0300,4.0600,5118600
20130802,4.1200,4.2100,4.1000,4.1600,4652200
20130805,4.1600,4.2000,4.1100,4.1200,2955500
20130806,4.3700,4.3700,4.1300,4.1600,6052000
20130807,4.4700,4.5900,4.3400,4.5200,14067300
20130808,4.6400,4.6800,4.3600,4.4700,8162800
20130809,4.8700,4.8700,4.6000,4.6000,10715700
20130812,5.1100,5.1100,4.8700,4.8700,15732700
20130813,5.0700,5.2800,5.0000,5.2000,11588900
20130814,5.1000,5.1700,4.9300,5.0000,7800200
20130815,5.3600,5.3600,5.0600,5.0800,12548100
20130816,5.0900,5.5100,5.0900,5.3000,20679400
20130819,5.0900,5.2200,4.9500,5.0000,10084400
20130820,5.1600,5.2200,5.0800,5.0900,7136900
20130821,5.2300,5.3800,5.1700,5.1700,6849400
20130822,5.2300,5.2800,5.1200,5.2100,6793400
20130823,5.1700,5.2400,5.0200,5.2300,5238300
20130826,5.1500,5.2200,5.1000,5.1700,4594700
20130827,5.1800,5.2000,5.1200,5.1500,3745400
20130828,5.4300,5.4400,5.1600,5.1900,10954800
20130829,5.7000,5.7000,5.3100,5.4200,12358100
20130830,5.7700,5.9700,5.5600,5.7300,14535200
20130902,6.0600,6.0600,5.6900,5.6900,10275400
20130903,6.3600,6.3600,6.1400,6.1400,9237900
20130904,6.6800,6.6800,6.5100,6.6600,4971600
20130905,6.4500,7.0100,6.3500,7.0100,19542300
20130906,6.1700,6.7600,6.1300,6.4700,24074200
20130909,6.1000,6.2600,5.9600,6.0400,11198600
20130910,6.4100,6.4100,6.0900,6.0900,10561300
20130911,6.7300,6.7300,6.4200,6.4900,12958500
20130912,6.6400,7.0400,6.4100,6.9500,17282100
20130913,6.7500,6.8600,6.5400,6.7500,10413400
20130916,6.9000,7.0100,6.8100,6.8100,9748600
20130917,6.7900,6.9700,6.6500,6.9200,8943900
20130918,6.7700,6.9000,6.6700,6.8200,4086000
20130920,6.7700,6.7700,6.7700,6.7700,0
20130923,6.8100,6.9500,6.7300,6.7800,5243900
20130924,6.7400,6.8500,6.4700,6.8500,6552800
20130925,6.4400,6.7300,6.4300,6.7200,6018200
20130926,6.5900,6.7600,6.2200,6.4000,7003100
20130927,6.6000,6.7000,6.5000,6.5900,4409500
20130930,6.6500,6.7400,6.5300,6.6000,3879100
20131001,6.6500,6.6500,6.6500,6.6500,0
20131002,6.6500,6.6500,6.6500,6.6500,0
20131003,6.6500,6.6500,6.6500,6.6500,0
20131004,6.6500,6.6500,6.6500,6.6500,0
20131007,6.6500,6.6500,6.6500,6.6500,0
20131008,6.6700,6.7500,6.5500,6.6400,4169000
20131009,6.6500,6.9000,6.5800,6.6300,8608800
20131010,6.5700,6.7800,6.4800,6.6600,6415000
20131011,6.5800,6.6200,6.5000,6.5000,3434400
20131014,6.6300,6.6900,6.5100,6.6400,3039000
20131015,6.6400,6.6900,6.5500,6.6300,3374800
20131016,6.4900,6.6700,6.3200,6.6400,4667100
20131017,6.6000,6.6500,6.4900,6.5000,3112000
20131018,6.9300,6.9300,6.5200,6.6000,9092600
20131021,7.2800,7.2800,7.0600,7.0600,8945400
20131022,7.4200,7.6400,7.3100,7.5500,15077100
20131023,7.1600,7.5800,7.0800,7.3500,8540100
20131024,7.4100,7.4800,7.1000,7.1500,6700400
20131025,7.4100,7.4100,7.4100,7.4100,0
20131028,7.4100,7.4100,7.4100,7.4100,0
20131029,7.4100,7.4100,7.4100,7.4100,0
20131030,7.4100,7.4100,7.4100,7.4100,0
20131031,7.4100,7.4100,7.4100,7.4100,0
20131101,7.0400,7.7700,7.0400,7.7600,13468700
20131104,6.6900,6.9000,6.6900,6.8000,3031300
20131105,6.3600,6.3600,6.3600,6.3600,2428500
20131106,6.6800,6.6800,6.0400,6.0400,12276000
20131107,6.6700,6.8600,6.5000,6.5000,6403900
20131108,6.4200,6.7500,6.4000,6.6800,4671200
20131111,6.4400,6.5800,6.3500,6.3900,3013400
20131112,6.3800,6.5100,6.3500,6.4500,3399300
20131113,6.0600,6.4200,6.0600,6.3700,5692200
20131114,5.7600,6.0500,5.7600,6.0100,7641300
20131115,5.7500,5.8300,5.6200,5.6800,5593000
20131118,6.0400,6.0400,5.5500,5.7000,6939000
20131119,6.1800,6.3400,5.9200,6.0400,6887500
20131120,6.4300,6.4800,6.1200,6.1800,5069500
20131121,6.4700,6.5500,6.3300,6.4000,4557700
20131122,6.3300,6.5100,6.2300,6.4600,3913100
20131125,6.0100,6.3300,6.0100,6.3100,5529500
20131126,6.0200,6.1300,5.9500,6.0100,3255600
20131127,6.0000,6.1300,5.7400,6.0100,5787700
20131128,6.1300,6.1700,5.9200,5.9500,3433000
20131129,6.4400,6.4400,6.1000,6.1000,5345200
20131202,6.5500,6.7600,6.2400,6.4400,12159300
20131203,6.4500,6.5800,6.2200,6.5000,5594400
20131204,6.5300,6.6500,6.4000,6.5000,4673700
20131205,6.3900,6.6200,6.3600,6.5200,3925000
20131206,6.2900,6.4500,6.2200,6.4000,3011400
20131209,6.3700,6.5800,6.3300,6.4200,3387800
20131210,6.3800,6.4400,6.3000,6.3500,2167100
20131211,6.4700,6.5400,6.3200,6.4300,3046300
20131212,6.4000,6.5200,6.3900,6.4800,2186300
20131213,6.5200,6.6000,6.3300,6.4000,2881100
20131216,6.5400,6.6500,6.4600,6.5300,3774600
20131217,6.3700,6.6100,6.3100,6.5500,2149300
20131218,6.3000,6.4000,6.2800,6.3800,1901300
20131219,6.2900,6.3600,6.2700,6.3200,1422900
20131220,6.2700,6.3700,6.2000,6.3600,1456900
20131223,6.2700,6.3500,6.1000,6.3000,1875700
20131224,6.2800,6.4500,6.2500,6.2900,2287900
20131225,6.2600,6.4200,6.2000,6.3200,2702400
20131226,6.2300,6.3700,6.2300,6.3500,2215700
20131227,6.2400,6.3300,6.1700,6.2200,2581400
20131230,6.5500,6.5500,6.3000,6.3300,6465900
20131231,6.4100,6.8800,6.4000,6.6700,9060500
20140101,6.4100,6.4100,6.4100,6.4100,0
20140102,6.3900,6.4800,6.3000,6.3000,2994500
20140103,6.6000,6.7000,6.4600,6.7000,7042300
20140106,6.5600,6.7000,6.5300,6.7000,4878900
20140107,6.4300,6.5300,6.3000,6.5300,3769800
20140108,6.7300,6.7500,6.4000,6.5200,7312900
20140109,6.6000,6.7800,6.5200,6.6800,4725200
20140110,6.6000,6.6000,6.6000,6.6000,0
20140113,6.1500,6.7800,5.9800,6.6000,16682800
20140114,5.7800,5.9600,5.6000,5.9500,10284500
20140115,5.7500,5.8300,5.7000,5.7900,4319100
20140116,6.1700,6.2800,5.7500,5.7500,7203600
20140117,5.9800,6.1900,5.9500,6.1900,2708600
20140120,5.8000,6.1000,5.7700,5.9200,3601700
20140121,5.8300,5.9000,5.7700,5.8000,2545600
20140122,5.9600,5.9700,5.7500,5.8500,3732900
20140123,5.8500,5.9700,5.8300,5.9100,3299500
20140124,5.9600,6.1300,5.8100,5.8700,4953000
20140127,5.9700,6.1000,5.9500,6.0000,3209900
20140128,5.9700,6.0500,5.9300,6.0000,2494700
20140129,5.9500,5.9900,5.9500,5.9500,2518000
20140130,5.9500,5.9700,5.8100,5.9500,1782200
20140131,5.9500,5.9500,5.9500,5.9500,0
20140203,5.9500,5.9500,5.9500,5.9500,0
20140205,5.9500,5.9500,5.9500,5.9500,0
20140206,5.9500,5.9500,5.9500,5.9500,0
20140207,5.9100,5.9500,5.8000,5.8800,2087000
20140210,5.9800,6.0000,5.8300,5.9200,3831000
20140211,5.8900,6.0300,5.8700,5.9600,4156800
20140212,5.9400,5.9800,5.8900,5.8900,2663400
20140213,5.8300,5.9400,5.8000,5.9400,4305900
20140214,5.8600,5.9000,5.8000,5.8900,3126500
20140217,5.8800,5.9100,5.8000,5.9000,4404500
20140218,6.4700,6.4700,5.8700,5.8700,19134700
20140219,6.6700,6.9800,6.5200,6.5800,23338500
20140220,6.3100,6.7000,6.3000,6.6700,13273900
20140221,6.1400,6.3300,6.0600,6.3300,9752600
20140224,6.1000,6.1900,6.0200,6.1500,4865900
20140225,5.9200,6.1400,5.8700,6.1100,6813200
