20130226,17.0000,17.6800,16.8500,17.0100,12663400
20130227,16.7900,17.2800,16.7300,17.0000,7103400
20130228,17.1900,17.2800,16.6800,16.8500,5641500
20130301,17.4400,17.4800,17.0100,17.0800,5505100
20130304,16.9100,17.2600,16.5000,17.2600,9163300
20130305,18.0000,18.0600,16.6500,16.8400,9039300
20130306,18.1800,18.3700,17.8300,17.8800,7588600
20130307,18.0200,18.9400,17.7400,18.1800,7384500
20130308,17.3000,18.6100,16.9500,17.9700,8433800
20130311,17.6800,18.0400,16.8600,17.3500,6032200
20130312,16.8800,17.8000,16.5000,17.6800,5646400
20130313,16.6000,17.0400,16.2300,16.8500,4499000
20130314,17.1800,17.2000,16.4800,16.5000,3761200
20130315,17.7000,18.2200,17.0000,17.1900,6900400
20130318,17.7200,18.0800,17.4000,17.7000,5775600
20130319,17.3000,17.9000,16.9100,17.7500,4995300
20130320,18.0000,18.1600,17.1500,17.2600,6122400
20130321,18.4500,18.5200,17.7500,18.0200,8497100
20130322,18.4000,18.7100,18.1500,18.2800,4447600
20130325,18.0000,18.8900,17.7900,18.5000,7273600
20130326,18.3700,18.4200,17.8000,17.9600,4314800
20130327,18.2700,18.5000,18.0500,18.2100,4123800
20130328,17.7100,18.3800,17.5200,18.2200,5096400
20130329,17.3600,17.8800,17.3400,17.7800,3716400
20130401,17.5700,17.6900,17.2500,17.2800,2245900
20130402,16.7400,17.5900,16.7000,17.5100,4750500
20130403,16.2400,16.8100,16.1500,16.7900,7130900
20130404,16.2400,16.2400,16.2400,16.2400,0
20130405,16.2400,16.2400,16.2400,16.2400,0
20130408,16.4500,16.6000,15.8300,16.0000,5894200
20130409,16.5400,16.7900,16.3500,16.4900,4216700
20130410,16.9000,17.0500,16.4500,16.5000,5151700
20130411,17.1100,17.3500,16.9000,16.9000,5630700
20130412,16.7500,17.2000,16.7000,17.0800,3647600
20130415,16.5800,16.8500,16.2000,16.7900,3082900
20130416,16.9400,16.9400,16.3300,16.4700,1812600
20130417,17.2000,17.2700,16.7800,16.9400,2808000
20130418,17.0900,17.2700,16.9400,17.2000,2663500
20130419,17.6000,17.7700,17.0900,17.1400,3749500
20130422,17.4900,17.6800,17.3000,17.4900,3416700
20130423,16.9900,17.5800,16.7800,17.5800,2952100
20130424,17.8000,17.8200,16.8900,16.9500,5836000
20130425,18.3200,18.8000,18.1700,18.2000,8567700
20130426,18.4100,18.5000,18.0000,18.2000,3580000
20130429,18.4100,18.4100,18.4100,18.4100,0
20130430,18.4100,18.4100,18.4100,18.4100,0
20130501,18.4100,18.4100,18.4100,18.4100,0
20130502,18.6500,18.8900,18.1700,18.4000,4227800
20130503,18.8400,19.1400,18.6000,18.6500,5439800
20130506,19.8600,20.0700,18.8700,18.8800,10310900
20130507,19.8500,20.4000,19.6000,19.8800,7918300
20130508,19.8100,20.0300,19.5200,19.7700,4159600
20130509,20.1600,20.3700,19.7000,19.9500,5823100
20130510,19.6500,20.3000,19.1000,20.2300,5241900
20130513,20.7000,20.7500,19.6600,19.6600,7250700
20130514,20.4200,21.2500,20.0200,20.5800,6830000
20130515,20.7000,20.7000,19.9100,20.4900,4003700
20130516,21.0300,21.6500,20.7100,20.7100,8418000
20130517,21.6000,21.9800,20.7300,20.9800,8648400
20130520,22.6300,23.1900,21.8600,21.8600,8989200
20130521,23.2500,23.6000,22.5600,22.6000,6076100
20130522,22.4700,23.4500,22.0000,23.1600,6440600
20130523,22.3100,23.0000,22.1000,22.3900,5534500
20130524,22.8800,22.8800,22.2000,22.3800,3613800
20130527,22.8800,23.7400,22.8500,22.9900,4507700
20130528,21.6000,22.8700,21.3100,22.8700,7972300
20130529,21.8100,21.9000,21.4100,21.6000,4407900
20130530,22.3100,22.3100,21.6700,21.8100,3674000
20130531,21.9800,23.0500,21.8000,22.4000,4247300
20130603,21.8900,22.3500,21.4100,22.1300,3609000
20130604,20.7400,21.8100,20.3200,21.7900,6887400
20130605,20.3600,20.7200,20.0900,20.7200,5508400
20130606,20.2000,20.6500,20.0400,20.2000,4513400
20130607,20.3700,20.5600,20.0800,20.2500,3325300
20130610,20.3700,20.3700,20.3700,20.3700,0
20130611,20.3700,20.3700,20.3700,20.3700,0
20130612,20.3700,20.3700,20.3700,20.3700,0
20130613,20.7500,21.0200,19.6000,19.9900,5154700
20130614,21.2000,21.4700,20.7000,20.8300,5900200
20130617,21.6500,22.0800,21.1200,21.2000,4698700
20130618,21.0000,21.5900,20.5800,21.5500,4398700
20130619,20.6400,20.9500,20.1800,20.9500,3491100
20130620,19.6900,20.5000,19.3100,20.4900,5710100
20130621,19.5200,19.8900,19.0100,19.2000,4197700
20130624,18.3000,19.5700,17.9200,19.5500,5360700
20130625,18.5100,18.6200,16.8100,18.0300,4679000
20130626,20.2300,20.3000,18.4800,18.6500,9125500
20130627,20.0800,20.4400,19.4300,20.2400,5987100
20130628,19.8000,20.5000,19.5700,20.0000,3983500
20130701,20.4000,20.4500,19.5200,19.8000,5461400
20130702,21.0600,21.3900,20.4600,20.5500,5880800
20130703,21.3300,21.4500,20.7100,21.0600,4092400
20130704,20.9400,21.2500,20.8000,21.2500,3110300
20130705,20.1800,20.9900,20.1400,20.9900,5755900
20130708,19.2100,19.8900,19.2000,19.7200,5688100
20130709,19.5900,19.8000,19.1000,19.2000,3234300
20130710,20.1200,20.1800,19.4600,19.6600,3809700
20130711,20.9100,20.9900,20.0000,20.0000,4665800
20130712,21.5000,21.7800,20.8000,20.8000,6878600
20130715,22.8700,22.8800,21.6300,21.6300,7085000
20130716,22.5800,23.3000,22.5100,22.8700,4523500
20130717,21.9700,22.9200,21.7200,22.5700,5027600
20130718,22.3100,22.7000,21.4500,21.8900,5466700
20130719,23.0100,24.2600,22.1500,22.3100,10986400
20130722,23.7700,24.2300,22.4200,22.9400,7805300
20130723,23.9200,24.1400,23.1000,23.8900,5892800
20130724,26.3100,26.3100,24.5000,24.5000,14033300
20130725,26.9200,27.9800,26.3000,27.0900,19412100
20130726,27.2500,27.6900,26.1100,26.6100,9961000
20130729,25.8500,26.9400,25.1800,26.8500,8253900
20130730,25.8400,26.3900,24.9000,25.7700,3713100
20130731,26.6500,27.8000,26.1800,26.2000,6536800
20130801,28.7400,29.2200,26.3100,26.4100,8011900
20130802,28.4400,29.5800,28.2100,28.9000,6552300
20130805,29.1500,29.4400,27.9600,28.4700,3998000
20130806,29.4900,29.6900,28.8000,29.3800,4307900
20130807,27.8000,29.3000,27.5200,29.3000,6472300
20130808,27.6000,28.1800,26.9300,27.1100,5129500
20130809,27.0200,28.3800,26.7100,27.6000,5290200
20130812,27.1500,28.1400,26.8500,27.0000,6654100
20130813,27.8900,28.0000,27.1000,27.2200,3747400
20130814,28.7000,28.9700,27.8000,27.8000,5685400
20130815,27.9700,29.2700,27.9500,29.0000,5140600
20130816,28.2800,29.9300,27.2700,27.8900,10187100
20130819,30.3500,30.9800,27.8000,28.0000,7557200
20130820,30.1500,30.8500,29.8000,30.3200,5352200
20130821,29.3700,30.3100,28.9500,30.0500,5767300
20130822,29.8800,30.3400,28.8800,29.0100,5287600
20130823,29.8800,29.8800,29.8800,29.8800,0
20130826,29.8800,29.8800,29.8800,29.8800,0
20130827,29.8800,29.8800,29.8800,29.8800,0
20130828,29.8800,29.8800,29.8800,29.8800,0
20130829,29.8800,29.8800,29.8800,29.8800,0
20130830,29.8800,29.8800,29.8800,29.8800,0
20130902,29.8800,29.8800,29.8800,29.8800,0
20130903,29.8800,29.8800,29.8800,29.8800,0
20130904,29.8800,29.8800,29.8800,29.8800,0
20130905,29.8800,29.8800,29.8800,29.8800,0
20130906,29.8800,29.8800,29.8800,29.8800,0
20130909,29.8800,29.8800,29.8800,29.8800,0
20130910,29.8800,29.8800,29.8800,29.8800,0
20130911,29.8800,29.8800,29.8800,29.8800,0
20130912,29.8800,29.8800,29.8800,29.8800,0
20130913,29.8800,29.8800,29.8800,29.8800,0
20130916,29.8800,29.8800,29.8800,29.8800,0
20130917,29.8800,29.8800,29.8800,29.8800,0
20130918,29.8800,29.8800,29.8800,29.8800,0
20130920,29.8800,29.8800,29.8800,29.8800,0
20130923,29.8800,29.8800,29.8800,29.8800,0
20130924,29.8800,29.8800,29.8800,29.8800,0
20130925,29.8800,29.8800,29.8800,29.8800,0
20130926,29.8800,29.8800,29.8800,29.8800,0
20130927,29.8800,29.8800,29.8800,29.8800,0
20130930,29.8800,29.8800,29.8800,29.8800,0
20131001,29.8800,29.8800,29.8800,29.8800,0
20131002,29.8800,29.8800,29.8800,29.8800,0
20131003,29.8800,29.8800,29.8800,29.8800,0
20131004,29.8800,29.8800,29.8800,29.8800,0
20131007,29.8800,29.8800,29.8800,29.8800,0
20131008,29.8800,29.8800,29.8800,29.8800,0
20131009,29.8800,29.8800,29.8800,29.8800,0
20131010,29.8800,29.8800,29.8800,29.8800,0
20131011,29.8800,29.8800,29.8800,29.8800,0
20131014,29.8800,29.8800,29.8800,29.8800,0
20131015,29.8800,29.8800,29.8800,29.8800,0
20131016,29.8800,29.8800,29.8800,29.8800,0
20131017,29.8800,29.8800,29.8800,29.8800,0
20131018,29.8800,29.8800,29.8800,29.8800,0
20131021,29.8800,29.8800,29.8800,29.8800,0
20131022,29.8800,29.8800,29.8800,29.8800,0
20131023,29.8800,29.8800,29.8800,29.8800,0
20131024,29.8800,29.8800,29.8800,29.8800,0
20131025,29.8800,29.8800,29.8800,29.8800,0
20131028,29.8800,29.8800,29.8800,29.8800,0
20131029,29.8800,29.8800,29.8800,29.8800,0
20131030,29.8800,29.8800,29.8800,29.8800,0
20131031,29.8800,29.8800,29.8800,29.8800,0
20131101,29.8800,29.8800,29.8800,29.8800,0
20131104,29.8800,29.8800,29.8800,29.8800,0
20131105,29.8800,29.8800,29.8800,29.8800,0
20131106,29.8800,29.8800,29.8800,29.8800,0
20131107,29.8800,29.8800,29.8800,29.8800,0
20131108,29.8800,29.8800,29.8800,29.8800,0
20131111,29.8800,29.8800,29.8800,29.8800,0
20131112,29.8800,29.8800,29.8800,29.8800,0
20131113,29.8800,29.8800,29.8800,29.8800,0
20131114,29.8800,29.8800,29.8800,29.8800,0
20131115,29.8800,29.8800,29.8800,29.8800,0
20131118,29.8800,29.8800,29.8800,29.8800,0
20131119,29.8800,29.8800,29.8800,29.8800,0
20131120,29.8800,29.8800,29.8800,29.8800,0
20131121,29.9000,31.4000,26.9100,30.0000,20379000
20131122,32.4700,32.8900,28.7900,29.3000,12154700
20131125,32.1000,33.8500,31.5500,32.2000,7404800
20131126,31.7000,32.5500,30.7000,32.0000,5508100
20131127,31.6500,32.3000,31.3000,31.6200,5443500
20131128,32.4700,33.3000,31.5000,31.8800,4304500
20131129,33.0500,33.9000,31.8000,32.5000,5087000
20131202,31.3000,32.8000,29.7500,31.7000,7744200
20131203,32.9900,33.1000,30.0100,30.9800,5343400
20131204,32.5500,33.7900,32.0700,32.9400,4688600
20131205,31.0000,32.3800,30.7600,31.9000,4664800
20131206,31.2300,31.5000,29.5200,30.6500,6228100
20131209,30.8500,31.6000,30.3700,31.0100,4766700
20131210,30.7000,31.3000,30.6500,30.8800,3010200
20131211,30.6300,31.1200,30.1500,30.7500,2107400
20131212,31.6100,31.7600,30.3300,30.3300,3254400
20131213,32.1500,32.2200,31.1100,31.5500,3909300
20131216,31.5300,32.3800,31.5100,32.1600,3100500
20131217,31.8900,32.0900,30.8600,31.5300,2749900
20131218,32.1500,32.3400,31.6900,31.8900,2229600
20131219,32.1100,32.2900,32.0100,32.2500,1388300
20131220,31.2100,32.1800,30.9100,32.1800,2451900
20131223,30.9500,31.2900,29.0000,31.0600,4261600
20131224,30.1000,31.0000,30.0500,30.9000,2290300
20131225,31.2000,31.2000,29.9200,30.0100,2879600
20131226,30.5800,32.0000,30.4500,31.2300,1921000
20131227,32.0900,32.3100,30.3100,30.7500,4574200
20131230,33.3900,33.5000,32.0100,32.0100,4828300
20131231,33.8000,33.9900,32.8100,33.3900,3305900
20140101,33.8000,33.8000,33.8000,33.8000,0
20140102,33.8000,34.0000,33.2000,33.6500,3097700
20140103,34.5900,35.0000,33.3500,33.5100,3766200
20140106,33.2100,34.7900,32.7700,34.5000,3713200
20140107,33.2200,33.4000,32.6200,32.8000,1877900
20140108,34.3000,34.6500,33.2300,33.4700,2410900
20140109,32.8200,35.4700,32.7100,34.0700,3904600
20140110,32.2300,33.3900,31.6700,32.5100,2708700
20140113,31.5100,32.4000,30.4600,31.9800,4745500
20140114,31.9000,31.9700,30.8000,31.2600,2383400
20140115,32.2900,32.4800,31.6100,31.8900,2586800
20140116,32.0000,32.4800,31.1400,32.4800,3388800
20140117,31.9500,32.3000,31.6200,31.6200,2194000
20140120,31.2700,32.1800,31.0700,31.6500,1160500
20140121,30.4800,31.5700,30.0100,31.1100,3133800
20140122,31.1600,31.3000,29.3500,30.4700,6015000
20140123,34.2800,34.2800,32.3000,32.3200,6231200
20140124,36.8000,37.4100,35.2800,35.9800,9320800
20140127,40.0000,40.4800,35.6700,36.6800,10319200
20140128,39.3800,40.0000,37.8900,39.5500,7508800
20140129,39.1400,39.4900,38.5500,38.8500,5758400
20140130,39.1900,40.3800,38.2800,38.9000,5511500
20140131,39.1900,39.1900,39.1900,39.1900,0
20140203,39.1900,39.1900,39.1900,39.1900,0
20140205,39.1900,39.1900,39.1900,39.1900,0
20140206,39.1900,39.1900,39.1900,39.1900,0
20140207,39.8000,40.3900,37.0300,38.5000,3658600
20140210,38.6900,39.6900,38.4700,39.0000,7295700
20140211,36.3000,38.6500,36.2000,38.6500,7853300
20140212,39.9300,39.9300,35.8100,35.9000,11322900
20140213,39.9300,39.9300,39.9300,39.9300,0
20140214,39.9300,39.9300,39.9300,39.9300,0
20140217,39.9300,39.9300,39.9300,39.9300,0
20140218,39.9300,39.9300,39.9300,39.9300,0
20140219,39.9300,39.9300,39.9300,39.9300,0
20140220,39.9300,39.9300,39.9300,39.9300,0
20140221,42.6300,43.9200,39.5200,39.9000,15028000
20140224,44.7300,45.0900,40.9000,42.4800,13008600
20140225,45.7200,48.2000,43.6000,44.2000,10805400
