20130226,9.0100,9.2500,8.9600,9.1500,2630500
20130227,9.0100,9.1300,8.9400,9.0400,2852800
20130228,9.3700,9.3900,9.0800,9.0900,4289300
20130301,9.5500,9.6100,9.3600,9.4800,4668700
20130304,9.5900,9.9000,9.3100,9.4100,8646600
20130305,10.2900,10.3600,9.6100,9.7500,13861500
20130306,10.3900,10.5300,10.2100,10.3000,9398100
20130307,10.2200,10.6000,10.1300,10.3000,6676000
20130308,9.9300,10.3800,9.6900,10.1800,6495200
20130311,10.6500,10.6500,9.8000,9.8800,10488700
20130312,10.2900,10.7400,10.1800,10.5500,8780300
20130313,10.2300,10.6400,10.1100,10.2800,7004600
20130314,11.0000,11.1600,10.0800,10.1100,12108300
20130315,11.1400,11.2000,10.7200,10.8800,8274800
20130318,10.8100,11.3000,10.7700,11.0000,6618600
20130319,10.8200,10.8900,10.5200,10.6800,3918200
20130320,11.0800,11.1000,10.6900,10.8000,4950500
20130321,10.9900,11.1500,10.8600,11.0700,4010600
20130322,10.8900,10.9900,10.7000,10.9800,4375200
20130325,10.4800,10.9400,10.4600,10.8400,5439900
20130326,10.7800,10.8300,10.4000,10.4800,5410800
20130327,11.0000,11.1900,10.6100,10.7500,6934000
20130328,10.6500,10.9700,10.6000,10.8300,3546800
20130329,10.5000,10.7300,10.4600,10.6500,2597000
20130401,10.4000,10.6200,10.3000,10.5100,2833700
20130402,10.2000,10.6200,10.1500,10.4000,3271700
20130403,10.3800,10.6600,10.1000,10.2200,3339500
20130404,10.3800,10.3800,10.3800,10.3800,0
20130405,10.3800,10.3800,10.3800,10.3800,0
20130408,10.5700,10.5800,10.0200,10.2900,2069700
20130409,10.9400,10.9700,10.5400,10.6500,5256200
20130410,11.4000,11.7700,10.9400,11.0000,10784500
20130411,11.4000,11.6500,11.3000,11.4500,4418500
20130412,11.3100,11.5700,11.2000,11.4000,3026700
20130415,11.0600,11.4000,10.8500,11.3400,3503900
20130416,11.2000,11.2700,10.8000,10.9700,2010200
20130417,11.5400,11.5400,11.0600,11.1700,2883000
20130418,11.2800,11.6900,11.2000,11.5000,3949700
20130419,11.3800,11.5500,11.2800,11.3700,4437700
20130422,12.0400,12.1200,11.2200,11.3200,9642400
20130423,11.9200,12.1400,11.8000,12.1300,7811100
20130424,12.8000,13.0500,11.8100,11.9000,12387000
20130425,11.6000,12.9900,11.5200,12.6800,15855800
20130426,12.3800,12.5000,11.7800,11.8900,14038900
20130429,12.3800,12.3800,12.3800,12.3800,0
20130430,12.3800,12.3800,12.3800,12.3800,0
20130501,12.3800,12.3800,12.3800,12.3800,0
20130502,13.3900,13.6200,12.2100,12.3100,13945500
20130503,14.7300,14.7300,13.7900,13.7900,16534600
20130506,16.2000,16.2000,15.6600,15.9800,29568200
20130507,17.0300,17.1800,16.2200,16.5100,31159900
20130508,17.3000,17.4700,16.7100,16.9700,27784500
20130509,19.0300,19.0300,17.0100,17.5300,39151000
20130510,19.2500,19.7000,18.2600,19.3500,24151800
20130513,18.2500,18.9800,18.1100,18.7800,21538600
20130514,17.9000,18.4800,17.4100,18.2700,26715300
20130515,18.0600,18.1500,17.5000,17.7000,19497900
20130516,17.5000,18.5000,17.2000,17.9100,25733000
20130517,17.9500,18.4000,17.3600,17.4600,17133900
20130520,18.6500,18.7700,17.6200,17.7500,22710100
20130521,17.1900,18.4000,17.0900,18.4000,36084200
20130522,17.1800,17.4600,16.7000,17.3000,30288800
20130523,16.8000,17.1600,16.5800,16.9800,15085000
20130524,16.9600,17.1400,16.7700,16.9400,12340800
20130527,16.8800,17.3300,16.7500,17.0500,18063000
20130528,16.7500,17.0400,16.3000,16.8000,18916600
20130529,17.3600,17.7000,16.6200,16.8500,34592800
20130530,16.6600,17.0000,16.4100,17.0000,21257800
20130531,16.3100,16.7300,16.3000,16.7000,9816200
20130603,16.1400,16.4600,16.0700,16.2100,9741000
20130604,16.0800,16.4300,15.8900,16.2200,10744900
20130605,16.3100,16.3500,15.7300,16.1500,10194400
20130606,15.1800,16.2200,15.0500,16.1500,14933300
20130607,14.7200,15.3300,14.6000,15.2200,17985300
20130610,14.7200,14.7200,14.7200,14.7200,0
20130611,14.7200,14.7200,14.7200,14.7200,0
20130612,14.7200,14.7200,14.7200,14.7200,0
20130613,14.5700,14.6700,13.9100,14.5800,13820200
20130614,14.9000,15.0600,14.4400,14.4700,15064500
20130617,14.9500,15.3700,14.4500,14.8700,16695600
20130618,14.9900,15.7000,14.9600,15.1500,16851800
20130619,15.9400,16.2000,15.0800,15.2000,27632100
20130620,14.5400,15.7300,14.3700,15.5500,16860700
20130621,13.9400,14.2800,13.3300,13.9700,12396100
20130624,12.8000,13.7900,12.5500,13.7900,14231700
20130625,13.1700,13.2800,11.9200,12.7800,15997200
20130626,14.0700,14.2700,13.0400,13.2800,18905900
20130627,13.3200,14.1200,13.2700,14.0000,14423700
20130628,12.9300,13.5800,12.6600,13.0000,10129100
20130701,13.5100,13.5800,12.6800,12.7100,10521700
20130702,14.8600,14.8600,13.8600,14.0000,16313500
20130703,14.9000,15.4000,14.2000,15.4000,31128100
20130704,15.9400,16.3200,14.4100,14.6600,31410600
20130705,15.4300,16.0800,15.3800,15.9000,20118800
20130708,14.0300,15.0100,14.0000,15.0000,20825000
20130709,14.0300,14.2400,13.6000,13.8400,10827100
20130710,14.7300,14.8500,14.0100,14.1500,14898800
20130711,15.0900,15.3000,14.5800,14.7800,16706100
20130712,14.6600,15.4200,14.6600,15.0000,14972100
20130715,15.6900,15.9000,14.8000,14.8600,19387000
20130716,15.8700,15.8800,15.3000,15.7000,16939000
20130717,14.7300,15.5500,14.7000,15.5000,22227000
20130718,14.7400,15.2500,14.6500,14.6500,14046000
20130719,13.6200,14.8400,13.6000,14.6000,14303900
20130722,14.0000,14.0000,13.1100,13.3000,7930200
20130723,14.4600,14.5500,14.0300,14.0400,9605900
20130724,14.2700,14.5800,13.8700,14.4000,10743200
20130725,14.7600,15.3000,14.5500,14.5900,21871100
20130726,14.8700,15.1600,14.4100,15.0900,14860600
20130729,14.1700,14.8000,14.1200,14.6000,7837600
20130730,13.9700,14.4400,13.5000,14.1800,6678200
20130731,13.8400,14.1500,13.7100,13.9000,5542600
20130801,14.4100,14.4800,13.8800,13.8800,7229200
20130802,14.6200,14.9900,14.3100,14.4800,10026700
20130805,14.9200,15.1200,14.5700,14.6500,10865000
20130806,15.1100,15.4100,14.9500,15.2700,16333800
20130807,14.6100,15.2800,14.5100,15.2300,13588600
20130808,15.0200,15.2400,14.5100,14.7700,12408500
20130809,15.1300,15.6600,14.9000,15.2500,16043700
20130812,15.3200,15.3200,14.7600,15.1500,14434000
20130813,15.8000,15.8400,14.9500,15.2200,19429400
20130814,15.2300,15.7500,15.1800,15.7500,14265400
20130815,14.7100,15.2100,14.6800,15.1100,10479700
20130816,14.0500,14.9500,13.9900,14.5800,13167300
20130819,14.3500,14.4100,13.7800,13.8500,5444000
20130820,14.1200,14.5300,14.0500,14.3500,5539000
20130821,14.3200,14.3800,14.0500,14.1300,4324400
20130822,14.9100,14.9500,14.0700,14.3200,12183500
20130823,15.9200,16.3200,15.0000,15.2100,38557700
20130826,16.0000,16.5000,15.5000,15.9200,26971000
20130827,16.2500,16.4300,15.8200,15.9500,18870700
20130828,15.7000,16.1200,15.5800,15.9900,13852000
20130829,15.5200,15.7100,15.1900,15.6000,9795100
20130830,15.4800,15.7800,15.2500,15.5200,9602700
20130902,15.2900,15.5400,14.8500,15.4800,7645600
20130903,16.0000,16.0000,15.3300,15.3500,12861000
20130904,15.7800,16.1300,15.6000,16.0100,8377400
20130905,15.9000,16.0500,15.3600,15.7400,12999000
20130906,16.8000,16.9600,15.8000,15.9200,26190700
20130909,16.7800,17.2600,16.4700,16.8800,16357000
20130910,16.5800,17.1400,16.3800,16.7900,11777200
20130911,16.0800,16.5600,15.5800,16.1200,13826300
20130912,15.6000,16.0900,15.4300,16.0800,11450200
20130913,15.8300,16.1900,15.5200,15.5700,7399200
20130916,16.2200,16.5400,15.7900,15.8200,10464000
20130917,15.4000,16.2000,15.4000,16.2000,8220500
20130918,15.1400,15.6500,15.0200,15.4000,8771300
20130920,15.1400,15.1400,15.1400,15.1400,0
20130923,15.4900,15.6300,15.1800,15.3100,8573500
20130924,15.7300,16.1800,15.3600,15.3900,10898800
20130925,15.2000,15.6300,15.0900,15.5500,10343100
20130926,14.8300,15.2700,14.8100,15.2100,6491500
20130927,14.7800,14.9700,14.6900,14.8000,4437000
20130930,14.8000,15.1300,14.7100,14.8300,5160600
20131001,14.8000,14.8000,14.8000,14.8000,0
20131002,14.8000,14.8000,14.8000,14.8000,0
20131003,14.8000,14.8000,14.8000,14.8000,0
20131004,14.8000,14.8000,14.8000,14.8000,0
20131007,14.8000,14.8000,14.8000,14.8000,0
20131008,15.2500,15.2500,14.7800,14.9000,6433900
20131009,15.2100,15.2600,15.0200,15.1100,6417300
20131010,14.5800,15.2700,14.5800,15.2400,9038200
20131011,14.6400,14.8500,14.4400,14.6100,7169400
20131014,14.8700,15.0000,14.6500,14.6500,5668900
20131015,14.3600,14.9700,14.3000,14.8900,8721500
20131016,13.5600,14.3400,13.4800,14.2800,8523800
20131017,13.6200,13.8900,13.5300,13.7500,3801500
20131018,13.8900,13.9700,13.6200,13.6600,3544200
20131021,14.1300,14.1700,13.6800,13.9700,5444100
20131022,14.3900,14.4200,14.0200,14.1000,7112300
20131023,13.7300,14.5900,13.6400,14.5800,6916300
20131024,13.4900,13.8400,13.4700,13.7200,3437100
20131025,13.6500,13.8000,13.4500,13.6000,3919900
20131028,13.0500,13.6800,12.9600,13.6800,4846900
20131029,12.4300,13.1900,11.9300,13.0700,5660900
20131030,12.7400,12.7700,12.2200,12.4000,3181300
20131031,13.0900,13.2700,12.6000,12.6100,5958500
20131101,12.8900,13.2700,12.8500,12.9500,4025500
20131104,12.8800,13.0800,12.8000,12.9100,2153900
20131105,13.2100,13.2500,12.6400,12.8500,3264800
20131106,13.1900,13.5200,13.1100,13.2000,4589700
20131107,12.8200,13.1900,12.7200,13.1900,2772900
20131108,12.3400,12.8200,12.3000,12.8200,2464800
20131111,12.5300,12.6800,12.3500,12.3500,1912200
20131112,12.5500,12.6500,12.3900,12.5400,2286600
20131113,12.5900,12.9800,12.5700,12.6000,4001500
20131114,12.5800,12.6200,12.1000,12.4600,3222800
20131115,12.8900,12.9700,12.5000,12.5800,4756400
20131118,13.1900,13.2000,12.9000,13.0000,4361700
20131119,13.1400,13.4300,13.0100,13.1900,4846200
20131120,13.2500,13.2800,13.0600,13.2100,4228500
20131121,13.1000,13.1500,12.9600,13.1000,3669600
20131122,13.1300,13.3300,13.0200,13.1000,2985700
20131125,12.3100,12.8000,11.9000,12.8000,12395000
20131126,12.3400,12.3900,12.1400,12.3000,3558300
20131127,12.4300,12.5600,12.2600,12.3100,4139800
20131128,12.5600,12.5600,12.2800,12.4300,5836300
20131129,12.8200,12.8500,12.5100,12.5800,6665700
20131202,12.1800,12.6600,12.1600,12.5000,5486900
20131203,12.4300,12.5400,12.0600,12.1500,2978200
20131204,12.7700,12.9000,12.3600,12.4300,5540700
20131205,13.0000,13.1500,12.8500,12.9100,6658900
20131206,12.8900,13.1200,12.8000,13.0100,4439400
20131209,12.9100,13.0000,12.8500,12.9100,2932000
20131210,13.0300,13.0700,12.9100,12.9800,3575800
20131211,12.7100,12.9900,12.6500,12.9900,2999000
20131212,12.6700,12.7800,12.6500,12.7100,2183500
20131213,12.4800,12.7000,12.4500,12.6100,2836500
20131216,12.2800,12.4800,12.2100,12.4800,2278800
20131217,12.3300,12.4100,12.2400,12.2700,1204900
20131218,12.3700,12.4300,12.2100,12.3400,1200000
20131219,12.2800,12.4400,12.2800,12.3600,1489700
20131220,12.0300,12.3300,11.9500,12.3100,2281000
20131223,12.0000,12.1000,11.8200,12.0800,1569900
20131224,12.0500,12.1900,11.9500,12.0100,1397100
20131225,12.1400,12.1800,12.0200,12.0600,1592300
20131226,11.5600,12.1600,11.5000,12.1600,3486600
20131227,11.6500,11.7400,11.4200,11.5500,3782300
20131230,11.6100,11.8000,11.5800,11.6800,3019200
20131231,11.6200,11.6700,11.5200,11.6100,1987600
20140101,11.6200,11.6200,11.6200,11.6200,0
20140102,11.8000,11.8000,11.5000,11.5200,2395000
20140103,11.9600,12.0400,11.7100,11.7500,3769900
20140106,11.4800,11.9200,11.4000,11.9200,3221800
20140107,11.3400,11.5600,11.2900,11.4700,2327600
20140108,11.6800,11.7500,11.3000,11.3500,3528800
20140109,11.4300,11.7000,11.4000,11.6000,2564100
20140110,10.8600,11.4900,10.6800,11.4400,3132000
20140113,10.5800,10.9800,10.5000,10.7800,2340800
20140114,10.7800,10.7800,10.4500,10.6600,1708200
20140115,11.8600,11.8600,10.8100,10.8100,13654800
20140116,12.6500,12.9500,12.0200,12.2600,25055100
20140117,12.5800,12.6500,12.3700,12.4500,12324500
20140120,12.2000,12.6200,12.0000,12.4800,10109200
20140121,12.4400,12.5300,12.1400,12.1500,8566100
20140122,12.8000,12.9900,12.2000,12.4400,14240900
20140123,12.9500,13.0400,12.6400,12.6900,11770800
20140124,13.7000,14.2200,13.1100,13.1100,21708900
20140127,13.9700,14.1700,13.6300,13.7300,17796800
20140128,13.7300,14.0700,13.4600,13.8800,9088500
20140129,14.3000,14.4000,13.5200,13.7100,12320100
20140130,13.9600,14.2800,13.8600,14.2800,5990200
20140131,13.9600,13.9600,13.9600,13.9600,0
20140203,13.9600,13.9600,13.9600,13.9600,0
20140205,13.9600,13.9600,13.9600,13.9600,0
20140206,13.9600,13.9600,13.9600,13.9600,0
20140207,15.3600,15.3600,13.8300,13.8300,17219800
20140210,16.7300,16.9000,15.8300,15.8300,25421100
20140211,16.2900,16.9800,16.0100,16.8000,15591200
20140212,16.1600,16.3300,15.6600,16.2800,21371300
20140213,15.3700,16.6900,15.3500,15.8900,21766400
20140214,15.6600,15.7600,15.1500,15.3900,14420400
20140217,16.2400,16.3700,15.4100,15.7700,16656000
20140218,15.9700,16.1600,15.6600,16.1600,10868700
20140219,15.3000,15.9000,15.1500,15.9000,16946400
20140220,15.0300,15.4200,14.8500,15.2800,9411000
20140221,15.3200,15.4200,14.8000,15.0700,8923500
20140224,15.5100,15.6000,15.0000,15.1000,9720700
20140225,14.3000,15.8900,13.9600,15.4200,17743200
