20130226,44.0417,45.8333,43.8333,45.0000,3278000
20130227,43.3333,44.6417,43.2500,43.7333,2981700
20130228,45.4917,45.7500,43.5167,43.5167,4593400
20130301,47.6583,47.9167,45.4917,45.5000,3867500
20130304,48.3250,49.6333,46.7583,47.5000,5080700
20130305,49.8333,50.0667,47.3750,48.2500,3981800
20130306,49.1667,51.0000,48.8583,49.9833,3895000
20130307,47.0833,49.3250,46.9667,49.3250,5265700
20130308,47.4167,48.2833,46.8333,47.2583,1790100
20130311,49.1667,49.3250,47.0833,47.8750,2989500
20130312,47.9750,49.3000,46.8417,49.0000,3459700
20130313,48.3333,49.3000,47.3750,47.9167,2446200
20130314,50.0000,50.0000,47.7500,48.0917,3075600
20130315,50.2750,52.6667,49.7500,49.7500,4066800
20130318,48.5833,51.7500,48.3333,50.0000,3807100
20130319,48.8833,49.5750,47.5833,48.8167,3482800
20130320,50.2917,50.4167,48.4250,48.8750,2465800
20130321,51.7500,51.8000,50.0000,50.5000,2756100
20130322,51.6667,52.4000,50.6667,51.8333,1752500
20130325,51.2667,52.2167,50.8000,51.8167,1693300
20130326,51.3333,51.9583,50.1667,50.9583,1785600
20130327,53.0000,53.0000,50.9333,51.3250,2753100
20130328,52.5000,53.1250,51.8417,52.9667,2620800
20130329,52.0833,52.5000,51.5000,52.0917,1354800
20130401,51.3083,52.5000,50.0000,51.7083,3844800
20130402,46.6667,51.1667,46.1750,51.1667,7538700
20130403,47.0833,47.5833,45.8333,45.8333,5047800
20130404,47.0833,47.0833,47.0833,47.0833,0
20130405,47.0833,47.0833,47.0833,47.0833,0
20130408,48.3333,48.5750,46.5000,46.6500,6641100
20130409,45.9167,48.7417,45.8333,48.3083,4928100
20130410,45.4333,45.9167,44.3333,45.8333,5168500
20130411,45.5000,46.2917,44.2333,45.4833,4012700
20130412,46.2750,47.1250,45.0833,45.4000,2526200
20130415,45.0333,47.0000,44.3833,46.6250,2965300
20130416,45.9417,46.2500,43.8333,44.6833,2240700
20130417,47.7917,47.9500,45.1667,45.8917,3041800
20130418,48.8083,49.7333,45.6667,46.6667,5770800
20130419,49.0917,50.5000,48.3417,49.1750,4167500
20130422,49.5750,50.2750,49.1667,49.5833,3368500
20130423,48.3333,50.0000,48.3333,49.9917,3374400
20130424,50.4333,50.4917,47.6417,48.2500,3313500
20130425,51.6750,53.1667,49.6667,50.0167,4041600
20130426,50.2500,52.6667,50.2250,51.6583,1847900
20130429,50.2500,50.2500,50.2500,50.2500,0
20130430,50.2500,50.2500,50.2500,50.2500,0
20130501,50.2500,50.2500,50.2500,50.2500,0
20130502,53.7333,53.7750,49.2500,49.5083,3780500
20130503,54.1667,54.5583,53.4500,53.7917,2029600
20130506,53.3333,54.8333,52.9167,54.5833,1930600
20130507,52.1750,53.4000,52.1250,53.2833,1865200
20130508,54.6667,54.9167,52.1583,52.4167,2939600
20130509,54.1667,54.5750,53.0000,54.5750,1976800
20130510,53.1750,54.3083,52.2583,53.9250,1490500
20130513,52.4583,53.4917,51.9167,52.5833,1154000
20130514,51.6333,52.6500,51.4417,52.6500,1409000
20130515,53.8667,54.1500,51.3000,51.5000,2058500
20130516,56.1500,56.5000,53.1667,53.9083,2966000
20130517,55.6833,56.9667,54.7583,56.0833,3363800
20130520,52.9000,55.0083,50.1167,55.0000,8440200
20130521,54.0750,54.3333,52.3417,52.3417,2751600
20130522,55.4917,56.9167,53.1667,53.7083,2468900
20130523,58.2333,58.8667,55.0000,55.2500,4593100
20130524,59.7250,60.8333,58.1583,58.2417,2150700
20130527,58.6250,60.8333,57.5333,59.7167,3106100
20130528,58.5100,59.6900,58.0800,59.0000,2341300
20130529,60.8500,60.9900,57.3100,58.8900,1729200
20130530,60.9300,61.8000,60.5000,60.5000,1691400
20130531,59.9500,61.0500,59.9300,60.8400,1891800
20130603,58.0000,59.9000,56.7500,59.9000,4437800
20130604,56.2000,57.6500,55.7900,57.6500,3299800
20130605,56.3500,57.2600,55.2600,56.3000,2386100
20130606,54.6500,56.6800,54.1600,56.3000,2529100
20130607,54.9600,55.3800,54.2500,55.0000,1249400
20130610,54.9600,54.9600,54.9600,54.9600,0
20130611,54.9600,54.9600,54.9600,54.9600,0
20130612,54.9600,54.9600,54.9600,54.9600,0
20130613,53.8500,55.3000,52.5100,54.8000,2850300
20130614,55.8800,56.2000,53.8800,54.0000,3175400
20130617,57.9100,58.4500,55.6400,55.8300,2849300
20130618,57.7800,58.5000,57.0100,57.9200,2653800
20130619,56.8000,57.7500,56.2100,57.7500,1976100
20130620,54.8000,57.2000,53.6900,56.7000,2744400
20130621,55.3600,55.9500,53.0100,53.3500,3060600
20130624,53.6000,55.3600,52.4000,55.3600,3501500
20130625,53.6900,54.5900,49.0100,53.0000,5166000
20130626,58.6000,58.7000,53.1000,53.1000,5056300
20130627,58.6400,61.1200,58.0000,58.9000,4627100
20130628,58.6000,59.6000,57.7300,58.0100,2270900
20130701,60.7500,61.2000,57.8500,58.5000,3070900
20130702,61.8500,62.3500,60.1600,60.6900,3952600
20130703,61.4100,62.2000,60.8900,61.7400,2774400
20130704,58.9900,61.2400,58.9000,60.0000,3813000
20130705,58.9600,59.8900,58.7000,58.9900,2141100
20130708,59.2200,60.2000,57.7000,58.2500,2341300
20130709,59.6500,59.9000,58.4200,59.0000,1908500
20130710,61.0300,61.3300,58.8100,58.9600,2137500
20130711,60.4500,61.0500,58.0400,60.9400,3599900
20130712,60.5000,61.8800,59.3100,60.1700,3849400
20130715,63.3200,63.3800,59.7600,60.4800,3629000
20130716,62.1000,63.9000,61.4000,63.2900,2503900
20130717,60.2500,61.9900,58.9300,61.5000,5244600
20130718,57.4900,60.0000,57.3500,59.5500,4428800
20130719,57.5500,58.9000,57.3000,57.3800,3393600
20130722,58.6900,60.0000,56.9000,56.9000,2877300
20130723,61.1000,61.2500,58.2200,59.1000,4057300
20130724,61.5000,62.1000,60.2800,60.8000,3177100
20130725,59.5000,62.6200,59.0000,61.9000,2584600
20130726,59.3000,60.4900,58.7000,58.9900,1288400
20130729,57.8000,59.5000,57.6700,59.0000,1925700
20130730,55.5000,58.5000,55.5000,57.9600,3984300
20130731,54.3900,56.4000,54.0500,56.0100,3591800
20130801,57.7000,57.8000,54.4000,54.4000,4762500
20130802,58.6000,59.4600,57.7000,58.2000,3443700
20130805,59.6800,59.8500,58.2200,58.5900,2141700
20130806,60.3000,60.4200,59.3300,59.7200,2317100
20130807,58.9900,60.2200,58.5000,60.2000,4051600
20130808,60.1200,60.4800,58.5000,58.6500,2328100
20130809,59.7400,60.8200,58.3300,60.3600,3742300
20130812,59.4000,60.9900,58.2200,60.7000,5108800
20130813,58.9200,59.8000,58.4200,59.3000,2161800
20130814,58.9900,60.1700,58.5000,59.0000,1993800
20130815,55.5900,58.8000,54.9800,58.8000,6284900
20130816,52.7500,55.1000,52.6500,54.6500,7213100
20130819,55.2000,55.4000,53.0000,53.2000,4642100
20130820,55.3000,57.0000,54.7300,55.2000,4008500
20130821,54.0000,55.9900,53.6000,55.5900,3652800
20130822,55.2000,55.8000,53.0000,54.1800,3386300
20130823,55.9500,56.3000,54.6200,55.2600,3126400
20130826,56.5900,56.7600,54.8900,55.9400,3480900
20130827,56.9800,57.6900,56.5900,56.6000,3221500
20130828,54.9800,56.6600,54.7000,56.6600,3121300
20130829,55.5500,55.5500,54.5100,55.0000,2295400
20130830,55.1900,55.8000,54.8000,55.5000,1993400
20130902,55.0000,55.1800,53.6700,54.8000,2551000
20130903,55.9100,56.1000,54.6100,55.4500,1756700
20130904,55.1200,56.4300,54.7000,55.8000,1532100
20130905,54.4000,55.3700,53.9700,55.0100,1988900
20130906,54.7700,55.5500,53.7300,54.3900,2962900
20130909,53.1100,55.0000,52.6800,54.9100,3937900
20130910,50.8100,52.0900,49.5000,52.0000,10594600
20130911,50.6600,51.9000,49.5200,50.8100,9974600
20130912,50.0000,51.6000,49.9200,50.0200,4332700
20130913,51.5000,51.5600,49.9000,50.0000,4738800
20130916,52.2100,52.4900,51.0000,51.4500,2941400
20130917,51.8600,52.4000,51.5100,52.2100,2288300
20130918,52.3000,52.8500,51.5000,51.7800,2439700
20130920,52.3000,52.3000,52.3000,52.3000,0
20130923,54.4200,54.9000,51.8500,52.7900,4367500
20130924,55.7300,56.2800,54.0000,54.6800,4633200
20130925,53.7900,55.6900,53.0000,55.6900,3009800
20130926,54.7100,54.9800,53.0500,53.5400,3260700
20130927,55.3200,55.8900,54.0800,54.9000,2906300
20130930,55.8500,56.2000,54.5400,55.8000,2441600
20131001,55.8500,55.8500,55.8500,55.8500,0
20131002,55.8500,55.8500,55.8500,55.8500,0
20131003,55.8500,55.8500,55.8500,55.8500,0
20131004,55.8500,55.8500,55.8500,55.8500,0
20131007,55.8500,55.8500,55.8500,55.8500,0
20131008,55.3600,56.2500,55.0000,55.5000,2693100
20131009,54.0000,55.3800,53.3000,55.3800,3751300
20131010,53.1000,53.9000,52.8100,53.8100,3926500
20131011,53.3000,54.0000,52.9600,53.0800,2833800
20131014,50.7100,53.5200,50.3800,53.5200,8041300
20131015,51.2200,51.7000,50.5800,51.4000,5506800
20131016,50.2000,51.2100,49.7000,51.0000,4417300
20131017,48.7000,50.8000,48.3900,50.5700,5546700
20131018,48.8000,49.1300,47.9400,48.2000,3676800
20131021,50.5100,50.5200,48.4000,48.8900,6216800
20131022,50.2600,50.8100,49.9000,50.5000,3125100
20131023,50.3100,51.4000,49.9000,50.4800,3455600
20131024,49.6200,50.5900,49.4100,50.4000,2135500
20131025,47.3700,49.4800,46.7000,49.4800,5148100
20131028,46.0000,46.5000,44.8800,46.4300,6801700
20131029,46.8500,47.4000,45.9000,46.0500,4008000
20131030,47.6400,47.6500,46.5100,46.8500,2427200
20131031,47.9700,48.2000,47.1400,47.7000,2369600
20131101,49.0200,49.1800,47.8000,48.1800,2848100
20131104,46.9300,49.4000,46.9000,49.0100,3102900
20131105,47.9700,48.0600,45.6000,46.9000,2607300
20131106,47.9200,48.0600,47.0100,47.9000,1616900
20131107,47.9500,48.4200,47.4000,48.0000,1443100
20131108,47.8800,48.1800,47.2100,47.9500,1597300
20131111,48.7800,48.8500,46.6000,47.8000,3022300
20131112,50.6000,51.0000,48.7900,49.0000,4126500
20131113,50.1800,51.0000,49.5500,50.6000,2483400
20131114,50.3200,50.8800,49.8700,50.7900,1385100
20131115,49.7500,50.8300,49.6100,50.4500,2575600
20131118,47.8000,49.9900,47.5300,49.8000,7599700
20131119,47.1800,47.6800,46.5900,47.6800,5596100
20131120,47.3900,47.4900,47.0100,47.2200,2140800
20131121,46.7900,47.3500,46.4000,47.3500,3174700
20131122,46.7900,47.1200,46.6100,46.7800,1715600
20131125,46.3500,47.0000,46.1400,46.7600,2749100
20131126,46.0000,46.5000,45.6600,46.4200,2611800
20131127,46.2000,46.4300,45.8100,45.9600,2529100
20131128,47.0900,47.2500,46.1900,46.3000,2945400
20131129,48.0100,48.3000,46.8700,47.0900,3735900
20131202,46.7400,48.0100,46.5000,47.2200,4007700
20131203,48.1200,48.1500,46.7000,46.8500,2700900
20131204,49.0100,49.2000,48.0000,48.0000,3611600
20131205,47.7400,49.0100,47.7300,48.9500,2224000
20131206,47.2500,47.9500,47.0000,47.5000,1640100
20131209,48.1700,48.3800,47.3500,47.5000,1731900
20131210,48.1000,48.5600,47.7000,48.3600,1906800
20131211,48.0000,49.0100,47.7100,47.7100,1683000
20131212,48.5000,48.8400,47.5700,48.2800,2222300
20131213,49.0800,49.5800,48.0000,48.0000,2721100
20131216,48.9400,49.7000,48.6900,49.5000,2021600
20131217,48.9900,49.2100,47.9600,48.8100,2089300
20131218,50.2000,50.6800,49.0200,49.0200,3899100
20131219,49.8800,50.3900,49.6500,50.0000,1703000
20131220,50.4900,51.1000,49.7200,49.9700,4006900
20131223,52.3700,52.3800,50.2900,50.5000,5989100
20131224,51.8700,52.3700,51.7000,52.3400,2858100
20131225,50.9600,52.5000,50.8500,51.8800,2954800
20131226,51.0700,51.5900,50.8300,50.9600,2965300
20131227,51.2200,51.5900,50.7100,51.2800,2861400
20131230,51.0900,51.5700,49.8000,51.2900,2922700
20131231,50.5500,51.4500,50.5000,50.7200,2556400
20140101,50.5500,50.5500,50.5500,50.5500,0
20140102,53.8900,54.3000,50.5600,50.9700,6937200
20140103,54.2300,55.1700,53.8900,54.0000,4136800
20140106,53.5000,54.2900,52.8100,54.2000,3126700
20140107,54.5000,54.5600,52.7800,52.8400,3069000
20140108,55.0000,55.0800,54.3000,54.7000,2337600
20140109,56.9000,58.8300,54.6200,55.0000,4358200
20140110,55.0000,58.5000,55.0000,56.7900,4194000
20140113,55.9000,56.1700,54.5000,55.0500,2389300
20140114,55.6000,56.6900,55.0000,55.9600,1878800
20140115,57.0000,57.2500,55.2200,55.9000,2173000
20140116,56.2200,57.4900,55.7000,57.0500,2160800
20140117,54.7500,56.5800,54.5400,55.8000,1796000
20140120,55.0400,55.3000,54.0000,54.4000,2105400
20140121,53.8800,55.0900,53.3300,54.9000,3543100
20140122,54.9800,55.1000,54.0000,54.0100,2462800
20140123,54.6000,55.2800,54.2100,54.9800,2314200
20140124,56.2000,56.7700,54.1200,54.7500,3110800
20140127,54.3000,56.1300,54.1000,55.9000,3313300
20140128,53.4700,55.1000,52.5000,54.3300,2731400
20140129,52.8800,53.6000,52.0000,53.6000,2925500
20140130,52.4700,53.6500,52.3000,52.9000,1912700
20140131,52.4700,52.4700,52.4700,52.4700,0
20140203,52.4700,52.4700,52.4700,52.4700,0
20140205,52.4700,52.4700,52.4700,52.4700,0
20140206,52.4700,52.4700,52.4700,52.4700,0
20140207,53.1300,53.1300,51.3100,52.3100,2276900
20140210,54.5000,55.0700,53.0900,53.3000,3633500
20140211,54.0000,55.5600,54.0000,54.5200,3252500
20140212,53.0000,54.4000,52.0000,54.1000,3619300
20140213,50.9000,52.7000,50.8800,52.7000,5061200
20140214,51.6100,51.7900,50.6800,50.8900,2993500
20140217,52.1900,52.3000,51.6800,51.6800,3122100
20140218,51.1000,52.2900,50.9200,52.0100,2509900
20140219,51.7900,52.4000,50.0000,50.8000,4176600
20140220,51.8100,53.1700,51.2100,51.7500,4298900
20140221,52.0800,52.9800,51.6800,51.9900,2019900
20140224,50.9200,51.6900,50.1500,51.6900,2999100
20140225,49.5100,51.8800,49.3800,50.9000,3733300
