20130226,6.5500,6.7800,6.5500,6.7700,80182800
20130227,6.5500,6.6500,6.5000,6.5700,47130700
20130228,6.6300,6.6600,6.4400,6.5100,79642400
20130301,6.5500,6.6200,6.4700,6.6000,63309800
20130304,6.2700,6.5300,6.2300,6.4700,70342896
20130305,6.3200,6.3400,6.2200,6.2800,45493200
20130306,6.6800,6.7200,6.3100,6.3300,108150304
20130307,6.5100,6.6400,6.4200,6.6000,72563400
20130308,6.5400,6.5900,6.4700,6.5400,33335900
20130311,6.5700,6.6100,6.4900,6.5400,29832700
20130312,6.4000,6.5900,6.3400,6.5800,42132400
20130313,6.2300,6.4100,6.1600,6.3800,54017500
20130314,6.2300,6.2900,6.2000,6.2000,24975300
20130315,6.2300,6.4400,6.1600,6.2400,42663300
20130318,6.2600,6.3400,6.2100,6.2300,35076900
20130319,6.4200,6.4300,6.2500,6.2800,38507000
20130320,6.5500,6.5700,6.3700,6.4200,55753100
20130321,6.5500,6.6000,6.5000,6.5600,33185200
20130322,6.7700,6.8800,6.5500,6.5500,90420400
20130325,6.7300,6.8500,6.7100,6.7800,35626800
20130326,6.5500,6.7300,6.5000,6.7000,39935100
20130327,6.5400,6.6400,6.5200,6.5400,23239600
20130328,6.3600,6.5200,6.3500,6.5100,40684200
20130329,6.3700,6.4500,6.3500,6.3600,16529200
20130401,6.2400,6.4500,6.1900,6.3000,50755100
20130402,6.2000,6.3200,6.1700,6.2400,39232800
20130403,6.1900,6.2700,6.1700,6.2100,25218400
20130404,6.1900,6.1900,6.1900,6.1900,0
20130405,6.1900,6.1900,6.1900,6.1900,0
20130408,6.1100,6.1600,6.0000,6.1600,35538600
20130409,6.1800,6.2400,6.1100,6.1100,25747500
20130410,6.2200,6.2500,6.1500,6.2000,24822900
20130411,6.1400,6.2800,6.1200,6.2400,24156900
20130412,6.1200,6.1600,6.1100,6.1200,14839800
20130415,6.0900,6.1700,6.0400,6.1300,21836600
20130416,6.1800,6.1800,6.0500,6.0800,19018700
20130417,6.1500,6.1800,6.0900,6.1800,17457400
20130418,6.1900,6.2600,6.1100,6.1300,15734800
20130419,6.2800,6.3000,6.1900,6.2200,34678800
20130422,6.2300,6.2700,6.1900,6.2500,26359000
20130423,6.0600,6.2600,6.0400,6.2400,43977800
20130424,6.0200,6.1400,5.9900,6.0600,72630704
20130425,5.9400,6.0300,5.8600,6.0000,50352200
20130426,5.8800,5.9900,5.8600,5.9400,32095400
20130429,5.8800,5.8800,5.8800,5.8800,0
20130430,5.8800,5.8800,5.8800,5.8800,0
20130501,5.8800,5.8800,5.8800,5.8800,0
20130502,5.7200,5.7700,5.6500,5.7500,47962800
20130503,5.7900,5.8300,5.7200,5.7200,44046900
20130506,5.9300,5.9800,5.7800,5.8200,41342500
20130507,5.8800,5.9600,5.8600,5.9300,32858900
20130508,5.8700,5.9700,5.8400,5.9400,35137900
20130509,6.1600,6.3200,5.8400,5.8900,115870800
20130510,6.1000,6.1900,6.0300,6.1600,52943200
20130513,6.0900,6.1400,6.0300,6.1200,28778300
20130514,5.8900,6.0700,5.8800,6.0700,46599400
20130515,5.9300,5.9800,5.8800,5.9500,32545500
20130516,6.0000,6.0100,5.8700,5.9200,33849900
20130517,6.0800,6.0900,5.9600,5.9900,45031000
20130520,6.1500,6.2400,6.1300,6.1400,66148200
20130521,6.3800,6.4200,6.1100,6.1500,106257504
20130522,6.2400,6.4000,6.2300,6.3600,55773500
20130523,6.2400,6.3600,6.1800,6.2300,57051500
20130524,6.2000,6.2700,6.1400,6.2300,37904200
20130527,6.1700,6.2200,6.1400,6.1600,35273300
20130528,6.2700,6.2700,6.1600,6.1700,46157500
20130529,6.3100,6.4100,6.2500,6.2700,70878800
20130530,6.2500,6.3100,6.1800,6.2900,55089900
20130531,6.2600,6.4400,6.2500,6.3000,62714100
20130603,6.2200,6.3200,6.2000,6.2500,35023200
20130604,6.1300,6.2200,6.0500,6.2100,43985500
20130605,6.1700,6.2500,6.1000,6.1100,37382400
20130606,6.0700,6.1800,6.0500,6.1600,27337200
20130607,5.7800,6.0800,5.7400,6.0700,87999504
20130610,5.7800,5.7800,5.7800,5.7800,0
20130611,5.7800,5.7800,5.7800,5.7800,0
20130612,5.7800,5.7800,5.7800,5.7800,0
20130613,5.5700,5.7800,5.5400,5.7800,64104400
20130614,5.6200,5.7000,5.5800,5.6100,46515300
20130617,5.5900,5.6600,5.5700,5.6400,29240300
20130618,5.5400,5.6200,5.4500,5.6100,41129500
20130619,5.5000,5.5200,5.3500,5.5200,35114900
20130620,5.3700,5.5200,5.3700,5.4500,26195900
20130621,5.3400,5.3800,5.2600,5.3000,28412100
20130624,4.9600,5.3300,4.8600,5.3300,69541400
20130625,5.0000,5.1000,4.5600,4.9300,79415296
20130626,4.9600,5.0300,4.8300,5.0300,47141200
20130627,4.9600,5.0500,4.8800,4.9700,34706600
20130628,5.0100,5.1000,4.9500,5.0200,40452700
20130701,5.0000,5.0600,4.8600,5.0000,41171900
20130702,4.9900,5.0100,4.9100,5.0000,31902000
20130703,4.9600,4.9800,4.8700,4.9800,32118100
20130704,5.1200,5.2400,4.9500,4.9900,59990700
20130705,5.0400,5.1600,5.0300,5.0900,48369200
20130708,4.9700,4.9900,4.8700,4.9800,40834800
20130709,4.9400,4.9800,4.9000,4.9500,27589800
20130710,5.0000,5.0200,4.8900,4.9400,42079500
20130711,5.2700,5.3900,5.0000,5.0200,95269800
20130712,5.1600,5.2800,5.1300,5.2500,50073200
20130715,5.3400,5.3600,5.1700,5.2000,51145200
20130716,5.4600,5.6200,5.3300,5.4100,72133104
20130717,5.4000,5.6200,5.3800,5.5200,69736800
20130718,5.3600,5.4900,5.3400,5.4000,41116000
20130719,5.9000,5.9000,5.3400,5.4000,304362592
20130722,5.9000,5.9400,5.7600,5.9100,151352000
20130723,5.9600,6.1200,5.8300,5.9100,152668400
20130724,5.9500,6.0400,5.7900,5.8800,105299504
20130725,6.0500,6.2500,5.9000,5.9100,136605504
20130726,5.9300,6.0800,5.8700,6.0600,78242200
20130729,5.5600,5.8500,5.5500,5.8400,92849504
20130730,5.5800,5.7100,5.5000,5.5900,60910500
20130731,5.6600,5.8400,5.5000,5.5100,71710704
20130801,5.7200,5.7700,5.6100,5.6500,57321600
20130802,5.9300,6.0600,5.6600,5.7700,132251800
20130805,6.1700,6.2600,5.9100,5.9200,131945200
20130806,6.7900,6.7900,6.1700,6.2400,237673792
20130807,6.7400,7.0900,6.7100,7.0500,285524192
20130808,7.1900,7.2900,6.5900,6.6600,261109792
20130809,7.0700,7.4300,7.0300,7.1000,231051808
20130812,7.1200,7.2000,6.9200,7.0700,133507904
20130813,6.9200,7.1400,6.9100,7.0700,117874304
20130814,7.0200,7.1900,6.9600,6.9600,147786208
20130815,6.8800,7.0500,6.8500,7.0100,96968800
20130816,6.6000,7.0400,6.5300,6.8900,171234400
20130819,6.8300,6.8900,6.5600,6.5900,107181600
20130820,7.0000,7.1200,6.7600,6.8000,135518400
20130821,7.5900,7.7000,7.0700,7.0800,307321984
20130822,7.5300,7.6300,7.3900,7.5600,146378800
20130823,7.9900,8.0800,7.4700,7.6400,279414208
20130826,8.0500,8.1500,7.8800,7.9900,167730304
20130827,8.0700,8.3200,7.8800,8.0200,179155696
20130828,7.8400,8.2500,7.8200,8.0000,161201296
20130829,7.8100,7.9500,7.6400,7.8000,115102896
20130830,8.0000,8.4400,7.7500,7.7900,189242096
20130902,8.1700,8.1900,7.8100,7.8800,120276800
20130903,8.1600,8.3700,8.0000,8.1100,101650400
20130904,8.0400,8.2700,7.9800,8.1000,94829400
20130905,8.1200,8.1900,7.8800,8.0200,111103104
20130906,7.9400,8.1600,7.9400,8.1500,82566200
20130909,8.0900,8.3400,7.8700,7.9200,146065504
20130910,8.9000,8.9000,8.0300,8.1100,247865104
20130911,8.8000,9.0300,8.6800,8.7900,201510704
20130912,9.2800,9.6700,8.6400,8.7900,231427600
20130913,9.3300,9.7900,9.2600,9.5000,186649104
20130916,10.2600,10.2600,9.5400,9.7000,333331104
20130917,10.6500,11.2000,10.0000,10.2700,393019808
20130918,10.9200,11.0700,10.3700,10.6300,247782592
20130920,10.9200,10.9200,10.9200,10.9200,0
20130923,12.0100,12.0100,10.8000,10.9200,269581600
20130924,13.2100,13.2100,12.2100,12.4500,393999712
20130925,12.5500,13.2300,12.5000,12.8700,351934112
20130926,11.7700,12.8500,11.4000,12.3500,349060800
20130927,11.6800,12.0800,11.1600,11.8800,321822912
20130930,12.8500,12.8500,11.7400,11.7400,316786208
20131001,12.8500,12.8500,12.8500,12.8500,0
20131002,12.8500,12.8500,12.8500,12.8500,0
20131003,12.8500,12.8500,12.8500,12.8500,0
20131004,12.8500,12.8500,12.8500,12.8500,0
20131007,12.8500,12.8500,12.8500,12.8500,0
20131008,12.9300,13.9000,12.8000,13.1300,385037184
20131009,13.0900,13.2300,12.4500,12.7000,222250096
20131010,13.9900,14.3300,13.1800,13.3800,399784512
20131011,13.5100,14.2800,13.2000,14.0800,311792192
20131014,13.7000,14.2000,13.0000,13.2500,247266000
20131015,12.8900,13.5900,12.5600,13.5900,289727392
20131016,12.7000,13.2500,12.1700,12.7800,244143808
20131017,12.2100,13.0500,12.0300,12.8800,190592192
20131018,12.7700,12.8200,12.1500,12.3600,187957408
20131021,13.2100,13.5500,12.9500,13.0800,224462000
20131022,12.4100,13.4400,12.3600,13.2000,243159296
20131023,11.3600,12.6200,11.1700,12.2800,304671008
20131024,11.1300,11.3800,10.9000,11.2100,143621600
20131025,10.4900,11.3600,10.2300,11.2100,237431200
20131028,10.4900,10.4900,10.4900,10.4900,0
20131029,11.5400,11.5400,10.6100,10.9000,364269696
20131030,11.8900,12.3800,11.2500,11.5000,297182304
20131031,10.7000,11.3000,10.7000,10.7500,288154112
20131101,9.7900,10.4100,9.6300,10.4000,284276192
20131104,9.8300,10.0400,9.6300,9.7800,148982592
20131105,10.8100,10.8100,9.5200,9.7700,246415104
20131106,10.3100,10.8700,10.3100,10.6700,204967808
20131107,10.6600,10.9700,10.1500,10.3400,206346000
20131108,10.7100,10.8000,10.2200,10.4500,161614896
20131111,10.5100,10.8600,10.3500,10.7100,130181904
20131112,10.3500,10.5900,9.8000,10.5100,162248304
20131113,10.0300,10.4300,9.9400,10.0800,137236704
20131114,10.3000,10.3500,9.6200,9.9600,181020608
20131115,10.4500,10.9300,10.1900,10.2400,238015008
20131118,10.8500,11.0500,10.4100,10.7000,233089600
20131119,10.9500,11.1500,10.7100,10.8000,198921600
20131120,10.8500,10.9900,10.6700,10.8900,125543600
20131121,11.7400,11.9000,10.8100,10.9000,327194304
20131122,11.4200,11.6700,11.3000,11.6000,190290496
20131125,11.0000,11.5600,10.9900,11.2600,165104704
20131126,10.8200,11.0800,10.7100,10.9000,120686304
20131127,11.1400,11.3300,10.7300,10.8000,150780896
20131128,10.8900,11.1900,10.8500,11.0900,159430208
20131129,10.9500,11.0700,10.8600,10.9000,98448704
20131202,9.8600,10.6400,9.8600,10.5000,257618704
20131203,9.8400,9.9800,9.4200,9.5700,152761504
20131204,9.9100,10.1400,9.7300,9.8500,126309000
20131205,9.7100,9.9600,9.7100,9.8800,96736096
20131206,9.8000,9.9400,9.6900,9.7200,85529904
20131209,9.6600,9.8900,9.5700,9.8500,111942800
20131210,10.1000,10.2900,9.7200,9.7300,215903696
20131211,10.0100,10.0700,9.8300,10.0700,100860200
20131212,10.0900,10.2200,9.9000,10.0300,116674496
20131213,9.9400,10.0500,9.9100,10.0400,70529296
20131216,9.2200,9.8600,9.1500,9.8000,221365408
20131217,9.2200,9.4700,9.2000,9.2400,78091200
20131218,9.4600,9.5500,9.0700,9.2300,95101800
20131219,9.2100,9.5000,9.2100,9.4700,68426200
20131220,9.7200,9.7900,9.1300,9.2500,194846592
20131223,9.4300,9.6600,9.3400,9.6000,76716096
20131224,9.3300,9.6400,9.2500,9.4500,98358496
20131225,9.4300,9.5600,9.2500,9.3300,83501904
20131226,9.1000,9.3900,9.0900,9.3600,85008400
20131227,9.1900,9.3200,8.9200,9.0500,89037104
20131230,9.1100,9.3000,9.0700,9.3000,75989504
20131231,9.0300,9.1400,8.9700,9.0100,60777600
20140101,9.0300,9.0300,9.0300,9.0300,0
20140102,9.1000,9.2400,8.9500,9.0000,62114300
20140103,9.3700,9.5500,9.0500,9.1000,162443808
20140106,9.0100,9.2900,8.9400,9.2900,102461696
20140107,9.1800,9.3900,9.0600,9.1400,100197600
20140108,9.3900,9.5700,9.0000,9.2100,171123696
20140109,9.4000,9.6600,9.2500,9.3000,178075296
20140110,9.2800,9.5300,9.2300,9.3800,90647800
20140113,9.1100,9.2600,8.9900,9.2100,89871200
20140114,9.3200,9.3500,9.0000,9.1100,96008600
20140115,9.5500,9.6400,9.2500,9.3600,131398304
20140116,9.5200,9.8000,9.5200,9.6000,172333696
20140117,9.4000,9.6600,9.3400,9.4800,95222704
20140120,9.5600,9.7500,9.2800,9.4000,113957904
20140121,9.7000,9.8100,9.5300,9.6000,115634800
20140122,10.0500,10.1400,9.5900,9.6900,250837792
20140123,10.0400,10.2000,9.8900,10.0500,190054400
20140124,10.2600,10.3300,9.9400,9.9800,174140704
20140127,10.8300,11.1900,10.1300,10.1600,262347104
20140128,10.5800,10.9300,10.5000,10.7500,136763104
20140129,10.8200,11.0700,10.5400,10.7100,160948496
20140130,10.3800,11.1600,10.2900,11.0000,161472800
20140131,10.3800,10.3800,10.3800,10.3800,0
20140203,10.3800,10.3800,10.3800,10.3800,0
20140205,10.3800,10.3800,10.3800,10.3800,0
20140206,10.3800,10.3800,10.3800,10.3800,0
20140207,10.3800,10.4600,9.9900,10.2000,143376304
20140210,10.5100,10.8200,10.5000,10.6000,170236000
20140211,10.2700,10.6100,10.1400,10.5100,179436608
20140212,10.6400,10.6800,10.1700,10.2600,171686496
20140213,10.2500,10.7400,10.2300,10.5900,147602208
20140214,10.3000,10.3500,10.1000,10.1900,90410496
20140217,10.6200,10.7100,10.2100,10.3700,181086208
20140218,10.6000,10.8700,10.5100,10.8200,162555296
20140219,11.3700,11.4300,10.4100,10.6000,335025792
20140220,11.0200,11.3300,10.8800,11.1800,241818096
20140221,10.7000,11.0900,10.5500,10.9800,156378704
20140224,10.3600,10.6000,10.1700,10.5800,131854200
20140225,9.7700,10.4600,9.6200,10.3700,158995696
