20130226,4.2000,4.3500,4.1700,4.1800,18063200
20130227,4.1900,4.2500,4.1300,4.2000,8905000
20130228,4.3800,4.4400,4.1900,4.2100,27591500
20130301,4.3700,4.4300,4.3100,4.3800,18855700
20130304,4.2100,4.3500,4.1600,4.3500,15553600
20130305,4.2500,4.2600,4.1500,4.1600,8672400
20130306,4.3500,4.3700,4.2200,4.2600,14442500
20130307,4.2600,4.3800,4.1900,4.3300,10457200
20130308,4.2200,4.2800,4.1800,4.2600,6556500
20130311,4.2200,4.2500,4.1900,4.2000,3704700
20130312,4.0000,4.2500,3.9800,4.2200,13410500
20130313,3.9600,4.0400,3.9300,4.0100,4950200
20130314,3.9700,4.0000,3.9500,3.9600,3730000
20130315,3.9600,4.0200,3.9200,3.9700,4882300
20130318,3.8400,3.9700,3.8200,3.9600,4917500
20130319,3.8700,3.8800,3.8100,3.8500,3634300
20130320,3.9700,3.9900,3.8500,3.8600,4553800
20130321,3.9700,4.0000,3.9400,3.9600,6445300
20130322,3.9600,3.9900,3.9200,3.9500,4614300
20130325,3.9600,3.9800,3.9100,3.9600,3971800
20130326,3.9900,4.0100,3.9200,3.9600,5749200
20130327,3.9500,4.0200,3.9300,3.9900,5970800
20130328,3.8000,3.9300,3.7700,3.9200,6654200
20130329,3.7900,3.8300,3.7800,3.8000,2747700
20130401,3.8000,3.8300,3.7700,3.7700,2141100
20130402,3.7800,3.8300,3.7800,3.7900,2965800
20130403,3.7400,3.8100,3.7300,3.7900,2660000
20130404,3.7400,3.7400,3.7400,3.7400,0
20130405,3.7400,3.7400,3.7400,3.7400,0
20130408,3.7800,3.7900,3.6100,3.6900,3577300
20130409,3.8000,3.8300,3.7700,3.7900,2151300
20130410,3.8200,3.8900,3.7900,3.8400,3154100
20130411,3.7900,3.8500,3.7800,3.8400,2126200
20130412,3.7700,3.8200,3.7400,3.8200,1916800
20130415,3.8100,3.8500,3.7600,3.8000,3698600
20130416,3.8200,3.8300,3.7400,3.7800,2235400
20130417,3.8100,3.8400,3.7700,3.8100,2144500
20130418,3.7800,3.8300,3.7600,3.8000,2394600
20130419,3.8400,3.8600,3.7800,3.7900,3470100
20130422,3.8500,3.8500,3.8000,3.8200,3037400
20130423,3.7700,3.8900,3.7500,3.8700,4735700
20130424,3.8200,3.8500,3.7600,3.7700,3705900
20130425,3.8400,3.8600,3.7500,3.8300,6355500
20130426,3.8700,3.9200,3.8300,3.8300,9960600
20130429,3.8700,3.8700,3.8700,3.8700,0
20130430,3.8700,3.8700,3.8700,3.8700,0
20130501,3.8700,3.8700,3.8700,3.8700,0
20130502,3.9100,3.9300,3.8600,3.8800,5955200
20130503,3.9300,3.9700,3.9100,3.9100,7639300
20130506,3.9400,3.9400,3.8900,3.9200,6694100
20130507,3.9100,3.9400,3.8900,3.9400,5012200
20130508,3.9100,3.9400,3.8800,3.9100,5403500
20130509,3.8800,3.9000,3.8500,3.8900,5645700
20130510,3.9200,3.9300,3.8600,3.8600,5764900
20130513,3.9500,3.9600,3.9000,3.9100,6840000
20130514,3.9400,3.9500,3.8700,3.9500,5631200
20130515,3.9400,3.9400,3.8800,3.9400,5066500
20130516,3.9900,4.0000,3.9000,3.9300,9867800
20130517,4.0400,4.0400,3.9600,3.9800,9096000
20130520,4.0900,4.0900,4.0200,4.0500,11482500
20130521,4.1100,4.2400,4.0800,4.1300,15345600
20130522,4.1500,4.1900,4.1100,4.1400,13142400
20130523,4.0500,4.1500,4.0300,4.1500,10298300
20130524,4.1200,4.1400,4.0300,4.0400,7740900
20130527,4.1900,4.2200,4.1100,4.1100,13452800
20130528,4.1900,4.2100,4.1300,4.1800,7738500
20130529,4.1800,4.2400,4.1300,4.1900,10180800
20130530,4.1600,4.2200,4.1300,4.1500,7140300
20130531,4.1000,4.1800,4.1000,4.1600,8504100
20130603,4.0800,4.1200,4.0600,4.1000,5223000
20130604,4.0500,4.1000,3.9800,4.0800,7914100
20130605,3.9900,4.0500,3.9600,4.0500,6058600
20130606,3.8800,3.9800,3.8800,3.9800,6106800
20130607,3.8300,3.9300,3.8000,3.9000,3935300
20130610,3.8300,3.8300,3.8300,3.8300,0
20130611,3.8300,3.8300,3.8300,3.8300,0
20130612,3.8300,3.8300,3.8300,3.8300,0
20130613,3.7100,3.8200,3.6600,3.8200,4777700
20130614,3.7600,3.7700,3.7300,3.7400,2958500
20130617,3.8600,3.9200,3.7700,3.7900,6632700
20130618,3.8600,3.9200,3.8300,3.8800,3402300
20130619,3.8300,3.8500,3.7000,3.8400,4093700
20130620,3.7000,3.8000,3.6800,3.8000,3299800
20130621,3.7000,3.7100,3.5700,3.6900,3663600
20130624,3.5200,3.7000,3.4900,3.7000,5120800
20130625,3.5600,3.5800,3.3000,3.5000,7601900
20130626,3.6100,3.6200,3.5100,3.5500,3565700
20130627,3.6400,3.6900,3.6100,3.6200,5547000
20130628,3.6400,3.6900,3.5900,3.6400,2912100
20130701,3.6100,3.6800,3.5400,3.6400,3559200
20130702,3.6000,3.6100,3.5300,3.6100,3012700
20130703,3.7200,3.8400,3.5300,3.5800,8453200
20130704,3.6900,3.7500,3.6000,3.6600,7113600
20130705,3.6400,3.7100,3.6400,3.6900,4014600
20130708,3.5100,3.6100,3.5000,3.6100,4293900
20130709,3.5200,3.5600,3.5000,3.5500,2696700
20130710,3.6100,3.6200,3.5200,3.5400,2393400
20130711,3.7000,3.7400,3.5800,3.5800,5877800
20130712,3.6500,3.7300,3.6400,3.7000,3711600
20130715,3.7200,3.7200,3.6300,3.6300,4355400
20130716,3.7500,3.7900,3.7100,3.7500,5954600
20130717,3.6500,3.7400,3.6500,3.7400,4559800
20130718,3.5900,3.6600,3.5700,3.6500,3434500
20130719,3.5400,3.6400,3.5400,3.5900,3049900
20130722,3.5400,3.5800,3.5100,3.5400,3838900
20130723,3.6300,3.6400,3.5300,3.5400,4159600
20130724,3.7000,3.7300,3.5900,3.6100,6893800
20130725,3.6200,3.7000,3.6100,3.6800,3623800
20130726,3.6000,3.6300,3.5600,3.6100,2376800
20130729,3.6600,3.7500,3.6400,3.6900,9159700
20130730,3.7000,3.7600,3.5700,3.6400,6590400
20130731,3.6700,3.7200,3.6400,3.7000,4045100
20130801,3.7600,3.7600,3.6700,3.6900,8019000
20130802,3.7400,3.7900,3.7200,3.7600,4113100
20130805,3.7700,3.7800,3.7100,3.7400,4941500
20130806,3.8100,3.8600,3.7600,3.7900,10721500
20130807,3.7800,3.8600,3.7500,3.8000,9876800
20130808,3.7700,3.8100,3.7500,3.7600,4872200
20130809,3.7900,3.8300,3.7400,3.7800,5176800
20130812,3.8400,3.8500,3.7900,3.8000,8045000
20130813,3.8600,3.8800,3.8200,3.8400,6136400
20130814,3.8000,3.8700,3.7900,3.8600,7060700
20130815,3.7800,3.8200,3.7800,3.8000,4045900
20130816,3.7500,3.8700,3.7400,3.7700,7325100
20130819,3.7900,3.8000,3.7100,3.7300,3541700
20130820,3.7700,3.8100,3.7500,3.7800,3664000
20130821,3.7800,3.7900,3.7300,3.7600,2877100
20130822,3.8300,3.8500,3.7600,3.7700,6155300
20130823,3.8000,3.8400,3.7200,3.8300,5482400
20130826,3.8600,3.8700,3.7800,3.8000,7305900
20130827,3.9100,3.9400,3.8600,3.8700,9603900
20130828,3.8600,3.9000,3.8300,3.8900,6805300
20130829,3.9000,3.9200,3.8300,3.8600,6239900
20130830,3.8600,3.9500,3.8500,3.9100,6937600
20130902,3.9100,3.9100,3.8300,3.8600,5835300
20130903,3.9400,3.9800,3.8900,3.9000,8502300
20130904,3.9500,3.9500,3.9000,3.9300,6819500
20130905,4.0100,4.1500,3.9200,3.9500,17934100
20130906,3.9700,3.9900,3.9300,3.9800,9280700
20130909,3.9900,4.0100,3.9500,3.9700,7658200
20130910,4.0000,4.0200,3.9600,3.9900,7477400
20130911,4.0600,4.0800,3.9700,4.0200,10888500
20130912,4.0500,4.0800,4.0000,4.0400,7685000
20130913,4.0000,4.0500,3.9900,4.0500,5946300
20130916,3.9600,4.0100,3.9500,4.0000,5713600
20130917,3.9200,3.9700,3.9100,3.9500,5557100
20130918,3.9300,3.9500,3.9000,3.9100,3406000
20130920,3.9300,3.9300,3.9300,3.9300,0
20130923,4.0300,4.0400,3.9300,3.9400,8418500
20130924,3.9800,4.0400,3.9500,4.0200,5443000
20130925,4.0000,4.0600,3.9700,3.9700,8678200
20130926,3.8800,4.0200,3.8600,4.0000,6665900
20130927,3.9000,3.9300,3.8700,3.8800,4135000
20130930,3.9300,3.9400,3.9000,3.9200,2937600
20131001,3.9300,3.9300,3.9300,3.9300,0
20131002,3.9300,3.9300,3.9300,3.9300,0
20131003,3.9300,3.9300,3.9300,3.9300,0
20131004,3.9300,3.9300,3.9300,3.9300,0
20131007,3.9300,3.9300,3.9300,3.9300,0
20131008,3.9800,3.9800,3.8800,3.9300,4796400
20131009,4.0200,4.0400,3.9500,3.9600,7440100
20131010,3.9900,4.0200,3.9700,4.0000,5289400
20131011,4.0400,4.0600,4.0000,4.0200,7906200
20131014,4.1000,4.1300,4.0300,4.0500,12828700
20131015,4.0900,4.1100,4.0500,4.1000,6708200
20131016,4.0000,4.0700,3.9900,4.0700,6978000
20131017,4.0700,4.1300,4.0100,4.0200,9318600
20131018,4.0900,4.1100,4.0300,4.0600,5722800
20131021,4.1500,4.1800,4.0500,4.0900,11979200
20131022,4.1200,4.2500,4.1200,4.1500,17708000
20131023,4.0200,4.1600,4.0100,4.1300,11230900
20131024,4.0100,4.0600,4.0000,4.0100,5364900
20131025,3.9400,4.0400,3.9300,4.0300,6242400
20131028,3.9600,3.9800,3.9200,3.9400,3897500
20131029,3.8600,3.9800,3.7800,3.9700,9513700
20131030,3.9000,3.9100,3.8400,3.8700,4008500
20131031,3.8800,3.9000,3.8700,3.9000,3128300
20131101,3.9200,3.9500,3.8800,3.8900,3123400
20131104,3.9100,3.9400,3.8900,3.9200,3074200
20131105,3.9300,3.9400,3.8400,3.9200,3928900
20131106,3.8800,3.9400,3.8700,3.9200,4223700
20131107,3.8300,3.8800,3.8200,3.8800,3124900
20131108,3.8000,3.8500,3.7600,3.8300,4228400
20131111,3.8500,3.8800,3.7700,3.7900,2706800
20131112,3.8600,3.8800,3.8300,3.8500,1875400
20131113,3.8000,3.8600,3.7900,3.8500,2545800
20131114,3.7800,3.8100,3.7500,3.8100,3075300
20131115,3.8400,3.8600,3.7800,3.7800,3895000
20131118,3.9200,3.9300,3.8400,3.8400,7288800
20131119,3.9300,3.9700,3.9000,3.9200,5990200
20131120,3.9800,4.0000,3.9200,3.9200,4896600
20131121,4.0000,4.0000,3.9200,3.9700,6118300
20131122,3.9600,4.0100,3.9500,4.0000,4091200
20131125,4.0500,4.0700,3.9500,3.9600,8343100
20131126,4.0300,4.0600,4.0100,4.0500,2820700
20131127,4.0500,4.0600,3.9800,4.0100,6156300
20131128,4.0300,4.0900,4.0200,4.0500,6271600
20131129,4.0100,4.0400,3.9700,4.0200,5043500
20131202,3.8400,3.9600,3.8100,3.9600,8222100
20131203,3.9000,3.9100,3.8200,3.8400,3663600
20131204,3.9700,3.9900,3.8800,3.8900,5563800
20131205,3.9600,4.0000,3.9500,3.9700,5214700
20131206,4.0300,4.0500,3.9600,3.9600,7003700
20131209,4.0400,4.0700,4.0100,4.0300,5481900
20131210,4.0300,4.0500,4.0100,4.0400,4165700
20131211,4.0600,4.0900,4.0100,4.0300,11342900
20131212,4.1200,4.1700,4.0500,4.0600,16593200
20131213,4.0700,4.1300,4.0400,4.1100,7965100
20131216,4.0000,4.1100,3.9900,4.0700,6121700
20131217,4.0500,4.0800,3.9800,4.0000,5437700
20131218,4.1300,4.1400,4.0400,4.0500,8115900
20131219,4.0500,4.1900,4.0400,4.1300,10012900
20131220,4.1800,4.1800,4.0000,4.0300,15839900
20131223,4.2000,4.3500,4.1400,4.1700,26250000
20131224,4.1800,4.2500,4.1400,4.1900,11603400
20131225,4.1800,4.2400,4.1100,4.1700,10311700
20131226,4.2500,4.3500,4.1600,4.1600,25841600
20131227,4.3500,4.3900,4.2100,4.2300,18497700
20131230,4.3100,4.4000,4.2600,4.3800,14540600
20131231,4.2700,4.3300,4.2200,4.3000,9910700
20140101,4.2700,4.2700,4.2700,4.2700,0
20140102,4.3600,4.3800,4.2300,4.2700,13492200
20140103,4.1900,4.3800,4.1800,4.3600,16564900
20140106,4.0600,4.1900,4.0400,4.1800,12929400
20140107,4.0900,4.1100,4.0200,4.0500,6831200
20140108,4.0100,4.1200,3.9900,4.0700,9187700
20140109,4.0000,4.0600,3.9800,3.9900,6485400
20140110,4.0500,4.0800,3.9300,3.9800,8330300
20140113,3.9900,4.0800,3.9900,4.0700,4580500
20140114,4.0700,4.0700,3.9400,4.0000,5834600
20140115,4.0900,4.0900,4.0000,4.0600,7138700
20140116,4.0800,4.1300,4.0600,4.0700,5024100
20140117,4.0200,4.0700,4.0200,4.0500,4048400
20140120,4.1100,4.1100,3.9900,4.0000,4991500
20140121,4.1100,4.1500,4.0700,4.1000,5997200
20140122,4.1500,4.1700,4.0900,4.1200,9201300
20140123,4.1700,4.2100,4.1400,4.1500,8217900
20140124,4.1600,4.2100,4.1500,4.1600,7409300
20140127,4.1000,4.1600,4.0900,4.1600,7310100
20140128,4.1100,4.1400,4.0900,4.1100,4628300
20140129,4.1700,4.1800,4.1000,4.1100,6709400
20140130,4.1600,4.2000,4.1400,4.1700,5626500
20140131,4.1600,4.1600,4.1600,4.1600,0
20140203,4.1600,4.1600,4.1600,4.1600,0
20140205,4.1600,4.1600,4.1600,4.1600,0
20140206,4.1600,4.1600,4.1600,4.1600,0
20140207,4.2000,4.2000,4.1000,4.1500,5841600
20140210,4.2700,4.2700,4.1900,4.2000,12342500
20140211,4.3000,4.3200,4.2200,4.2600,10945300
20140212,4.2900,4.3100,4.2300,4.2900,10975100
20140213,4.2100,4.3100,4.1800,4.2800,11286600
20140214,4.6300,4.6300,4.1900,4.2000,22131400
20140217,4.8500,5.0400,4.7600,4.8800,69399296
20140218,5.1400,5.2400,4.8000,4.8300,56247700
20140219,5.0700,5.1500,5.0100,5.0800,30579500
20140220,4.8500,5.1400,4.8300,5.0600,26129200
20140221,4.8500,4.9000,4.7500,4.8600,16097800
20140224,5.0100,5.0300,4.8100,4.8600,21314700
20140225,4.6400,5.0400,4.5100,4.9800,27946800
