20130226,6.9700,7.1200,6.9000,7.0000,3242300
20130227,7.6700,7.6700,7.0000,7.1000,19306300
20130228,7.8900,8.1400,7.6000,7.9000,33973800
20130301,7.9300,8.0800,7.7200,7.8000,20832400
20130304,7.4400,7.8300,7.2900,7.7500,15811800
20130305,7.5800,7.5900,7.3500,7.3900,8895800
20130306,7.5200,7.6200,7.4400,7.5800,8836500
20130307,7.8300,8.1000,7.4800,7.5500,20374200
20130308,7.6200,7.8500,7.6100,7.7400,7524800
20130311,7.7200,7.9700,7.5200,7.5800,8746500
20130312,7.3700,7.6800,7.2700,7.6500,8301800
20130313,7.1300,7.3800,7.0900,7.3100,4763000
20130314,7.1400,7.2900,7.1100,7.1500,3069700
20130315,7.1500,7.3000,6.9600,7.1700,3997000
20130318,7.1500,7.2500,7.1000,7.1000,2200800
20130319,7.1000,7.2500,6.9400,7.1200,3569800
20130320,7.2500,7.2900,7.0400,7.0700,4365100
20130321,7.3500,7.4900,7.2300,7.2500,5393000
20130322,7.3000,7.3700,7.2200,7.3100,3424000
20130325,7.3200,7.3700,7.2500,7.3000,3045100
20130326,7.1500,7.3100,7.0600,7.3000,3875600
20130327,7.1100,7.1900,7.0700,7.1100,2559600
20130328,6.8300,7.1000,6.8100,7.1000,4455400
20130329,6.7400,6.9000,6.6700,6.8000,2814800
20130401,6.7900,6.8300,6.7100,6.7600,1550000
20130402,6.7700,6.9600,6.7600,6.9400,2370700
20130403,6.7700,6.8400,6.6500,6.7700,1956500
20130404,6.7700,6.7700,6.7700,6.7700,0
20130405,6.7700,6.7700,6.7700,6.7700,0
20130408,6.6500,6.6600,6.4800,6.6300,2214500
20130409,6.7100,6.7600,6.6600,6.6600,1718300
20130410,6.7500,6.7800,6.6600,6.7200,1808800
20130411,6.6300,6.8300,6.6100,6.7700,2034700
20130412,6.6100,6.7200,6.5600,6.6300,1302500
20130415,6.4500,6.6400,6.4400,6.6000,1344300
20130416,6.5000,6.5300,6.1500,6.3500,1703500
20130417,6.5100,6.5600,6.4400,6.4400,1730200
20130418,6.5100,6.5400,6.4500,6.4900,1041200
20130419,6.6200,6.6600,6.5200,6.5500,2226400
20130422,6.7300,6.9600,6.7000,6.8000,3337900
20130423,6.4700,6.6900,6.4300,6.6800,2652100
20130424,6.6000,6.6600,6.4800,6.4800,2316300
20130425,6.5300,6.6500,6.5100,6.5800,2074200
20130426,6.4700,6.6000,6.4200,6.5500,1668400
20130429,6.4700,6.4700,6.4700,6.4700,0
20130430,6.4700,6.4700,6.4700,6.4700,0
20130501,6.4700,6.4700,6.4700,6.4700,0
20130502,6.5400,6.5600,6.3000,6.4600,1952400
20130503,6.6400,6.6800,6.5400,6.5400,2334300
20130506,6.7600,6.7800,6.6200,6.6600,2724900
20130507,6.6900,6.7500,6.6700,6.7500,2100100
20130508,6.9800,7.0900,6.7300,6.7800,7992600
20130509,6.9800,6.9900,6.8500,6.9200,5084400
20130510,7.1200,7.1800,6.8800,6.9500,5541000
20130513,7.0700,7.1800,7.0200,7.1200,3968300
20130514,6.8800,7.0700,6.8500,7.0600,3684500
20130515,6.9300,6.9400,6.8200,6.8200,2744400
20130516,7.0300,7.0900,6.8600,6.9200,4789500
20130517,7.0900,7.1300,6.9900,7.0000,4690400
20130520,7.2100,7.2500,7.0900,7.1600,5836000
20130521,7.3300,7.3400,7.1400,7.2100,6163600
20130522,7.1600,7.3300,7.1400,7.3200,5709700
20130523,7.1500,7.3100,7.1200,7.2100,5625000
20130524,7.2500,7.2700,7.1300,7.1400,3704100
20130527,7.2700,7.3300,7.1800,7.2800,4024600
20130528,7.4300,7.4400,7.1600,7.3100,6357600
20130529,7.5500,7.7600,7.5000,7.6000,12660000
20130530,7.5100,7.6600,7.4500,7.4600,6722700
20130531,7.3500,7.5600,7.3400,7.4700,5658200
20130603,7.2300,7.3600,7.2200,7.3400,3812900
20130604,7.0400,7.2800,7.0000,7.2400,4018900
20130605,7.0800,7.1300,7.0100,7.0400,2762000
20130606,7.0000,7.1600,7.0000,7.1200,3146500
20130607,6.8900,7.1300,6.8500,6.9800,3503100
20130610,6.8900,6.8900,6.8900,6.8900,0
20130611,6.8900,6.8900,6.8900,6.8900,0
20130612,6.8900,6.8900,6.8900,6.8900,0
20130613,6.6000,6.8300,6.4800,6.8300,2821500
20130614,6.6700,6.7300,6.6000,6.6100,1745200
20130617,6.6200,6.7100,6.5500,6.6700,2691600
20130618,6.5400,6.6800,6.5000,6.6000,2709400
20130619,6.4800,6.5800,6.3700,6.5300,2354000
20130620,6.4200,6.6500,6.4100,6.4600,2942800
20130621,6.3300,6.4000,6.1500,6.4000,2047700
20130624,5.9000,6.3200,5.8500,6.3200,2848000
20130625,5.8900,5.9900,5.3600,5.9000,3473400
20130626,5.8800,5.9600,5.7400,5.8900,2969800
20130627,5.7200,5.9800,5.6900,5.9500,3224900
20130628,5.6500,5.8300,5.5900,5.7700,2775200
20130701,5.7600,5.7800,5.5700,5.6000,3335400
20130702,5.8700,5.8700,5.7500,5.7800,3975100
20130703,5.8300,5.8800,5.6600,5.8000,2838100
20130704,5.9500,6.0700,5.7600,5.7700,4459800
20130705,5.8800,6.0000,5.8600,6.0000,2741000
20130708,5.4800,5.8300,5.4500,5.8300,3708300
20130709,5.5200,5.5500,5.4500,5.4800,1535300
20130710,5.7300,5.7300,5.4800,5.5200,2499000
20130711,5.9600,6.1400,5.6900,5.7300,4969200
20130712,5.8800,6.0000,5.8400,5.8800,3783800
20130715,6.1000,6.2600,5.9200,5.9200,5532500
20130716,6.2600,6.3300,6.1000,6.1000,6741000
20130717,6.1100,6.4200,6.1000,6.3500,6374000
20130718,6.4000,6.4700,5.9600,6.0300,8785500
20130719,6.2900,6.6300,6.2900,6.5500,11725600
20130722,6.4200,6.4400,6.1600,6.2100,6450100
20130723,6.4500,6.5100,6.3700,6.4000,6395700
20130724,6.3700,6.4800,6.2600,6.4800,5714100
20130725,6.2100,6.4400,6.1800,6.3800,4566700
20130726,6.1700,6.2700,6.0500,6.2000,2842700
20130729,6.1100,6.1900,6.0400,6.0900,2984600
20130730,6.2000,6.2700,6.0500,6.0600,2842100
20130731,6.1900,6.2600,6.1300,6.2600,2691300
20130801,6.4600,6.4900,6.2100,6.3000,7005500
20130802,6.5300,6.7300,6.3900,6.4000,7846300
20130805,6.6400,6.7000,6.5200,6.5400,5761800
20130806,6.7100,6.7700,6.5300,6.6700,6802300
20130807,6.5200,6.7100,6.4800,6.6700,5515800
20130808,6.5600,6.6200,6.5000,6.5600,3659900
20130809,6.6200,6.6400,6.4800,6.5600,3586300
20130812,6.7300,6.7500,6.6000,6.6400,5746500
20130813,7.0000,7.4000,6.7000,6.7400,15481600
20130814,6.9400,7.1000,6.8400,6.9300,9287000
20130815,6.7800,6.9600,6.7700,6.9600,5979900
20130816,6.6300,7.0500,6.6000,6.7400,7259000
20130819,6.7800,6.8000,6.5400,6.5400,3536000
20130820,6.8400,6.9500,6.7300,6.7300,4903400
20130821,6.9400,6.9400,6.7800,6.8000,3739800
20130822,6.8700,6.9800,6.8400,6.9000,3431100
20130823,6.7700,7.0000,6.6800,6.9000,5054000
20130826,6.9200,6.9300,6.7700,6.7800,4079100
20130827,6.9700,6.9800,6.8900,6.9200,4364400
20130828,6.8800,7.0200,6.8600,6.9200,5843700
20130829,6.8000,6.9300,6.7600,6.8700,3726200
20130830,6.6100,6.8600,6.5600,6.8000,5108300
20130902,6.9400,7.0000,6.5500,6.6100,7241700
20130903,6.9500,6.9700,6.8500,6.9000,5293200
20130904,7.0200,7.0400,6.9000,6.9300,6214000
20130905,6.9100,7.0700,6.8800,7.0300,4140600
20130906,7.0000,7.0300,6.8400,6.9500,4385100
20130909,7.0700,7.1200,6.9600,7.0100,6980700
20130910,7.1500,7.2300,7.0900,7.1900,8610000
20130911,7.2600,7.4900,7.1200,7.2000,12724500
20130912,7.0600,7.2300,7.0300,7.1800,6477600
20130913,6.9800,7.1300,6.9300,7.0400,4874800
20130916,6.9900,7.0400,6.9600,6.9700,2764400
20130917,6.8100,7.0400,6.8000,7.0000,3751900
20130918,6.8200,6.8400,6.7000,6.7500,2851600
20130920,6.8200,6.8200,6.8200,6.8200,0
20130923,6.9500,6.9600,6.7800,6.7800,2614600
20130924,6.8800,6.9400,6.8300,6.9200,3038600
20130925,7.1000,7.3000,6.8900,6.8900,8117700
20130926,6.7500,7.1400,6.7000,7.0900,6323300
20130927,6.8000,6.8600,6.7100,6.7500,3145800
20130930,6.8200,6.8700,6.7300,6.8000,2440600
20131001,6.8200,6.8200,6.8200,6.8200,0
20131002,6.8200,6.8200,6.8200,6.8200,0
20131003,6.8200,6.8200,6.8200,6.8200,0
20131004,6.8200,6.8200,6.8200,6.8200,0
20131007,6.8200,6.8200,6.8200,6.8200,0
20131008,6.9200,6.9300,6.7500,6.8000,3079400
20131009,7.0600,7.0700,6.8600,6.8700,4590400
20131010,6.9700,7.1000,6.9300,7.0500,4545500
20131011,7.1400,7.2000,6.9900,7.0000,5826300
20131014,7.1900,7.2700,7.1200,7.1400,5711400
20131015,7.7100,7.7600,7.0900,7.1300,22631100
20131016,7.3200,7.6400,7.3000,7.5500,12495000
20131017,7.4100,7.5900,7.3100,7.4000,9326600
20131018,7.3600,7.4800,7.2100,7.4100,5040900
20131021,7.5300,7.5300,7.3000,7.3700,6276600
20131022,7.3600,7.6000,7.3400,7.6000,6389200
20131023,7.2500,7.4200,7.1100,7.3400,5694900
20131024,7.2200,7.2700,7.1300,7.2100,2344300
20131025,7.0000,7.3000,6.9400,7.2500,5121800
20131028,7.0300,7.0800,6.9400,7.0000,2621900
20131029,6.7300,7.0500,6.5600,7.0000,5551300
20131030,6.7700,6.7800,6.5900,6.7400,4424400
20131031,6.6500,6.7500,6.6200,6.7500,2292600
20131101,6.5000,6.6200,6.4000,6.6100,3075800
20131104,6.5200,6.5700,6.4500,6.5000,2090300
20131105,6.6000,6.6200,6.4600,6.5100,3037900
20131106,6.5900,6.6900,6.5600,6.5900,3508900
20131107,6.4500,6.6000,6.4300,6.5900,3184300
20131108,6.2500,6.4200,6.2400,6.4200,3049200
20131111,6.2700,6.3400,6.2000,6.2000,1932800
20131112,6.3300,6.3800,6.2600,6.3000,1728000
20131113,6.2300,6.3800,6.2300,6.3400,1875700
20131114,6.3700,6.3800,6.2100,6.2500,2034500
20131115,6.5500,6.6200,6.3300,6.3300,3993100
20131118,6.6600,6.7100,6.5300,6.6200,4711100
20131119,7.1200,7.3300,6.7000,6.7000,15919700
20131120,7.4500,7.5500,7.0600,7.1600,20604000
20131121,7.2500,7.3600,7.1500,7.3300,10706600
20131122,7.2600,7.8900,7.2500,7.6000,15092100
20131125,7.2800,7.4300,7.2200,7.2700,8045200
20131126,7.1500,7.2800,7.0500,7.2400,6217800
20131127,7.2200,7.2800,7.1300,7.1700,4645800
20131128,7.2200,7.3600,7.1900,7.2200,5311800
20131129,7.3300,7.3700,7.2000,7.2500,6231700
20131202,6.9000,7.2000,6.8600,7.2000,6868200
20131203,7.1700,7.1700,6.9100,6.9100,5451100
20131204,7.2200,7.3400,7.1000,7.1000,12665400
20131205,7.4200,7.9400,7.1500,7.1800,22307900
20131206,7.2600,7.3700,7.2200,7.3000,9792800
20131209,7.3300,7.4000,7.2600,7.2700,5599400
20131210,7.2500,7.3900,7.2000,7.3800,5604700
20131211,6.9800,7.2300,6.9000,7.2200,9645100
20131212,6.9800,7.0400,6.9500,6.9500,4117900
20131213,7.0000,7.1200,6.9200,6.9900,5439300
20131216,6.9000,7.0800,6.8700,6.9600,5559900
20131217,6.9200,6.9500,6.8500,6.9100,4373400
20131218,6.8100,6.9400,6.8000,6.9100,4212400
20131219,6.7700,6.8700,6.7600,6.8200,2488800
20131220,6.6300,6.8100,6.5800,6.7400,2984300
20131223,6.6500,6.6800,6.5000,6.6300,2868800
20131224,6.7800,6.8700,6.6500,6.6500,3595400
20131225,6.8900,6.9000,6.7000,6.7800,3838200
20131226,6.9000,6.9600,6.8000,6.8800,5446600
20131227,7.1400,7.2000,6.8600,6.8800,8616000
20131230,7.3000,7.4800,7.0800,7.1500,13179400
20131231,7.2700,7.3600,7.1500,7.2500,7693800
20140101,7.2700,7.2700,7.2700,7.2700,0
20140102,7.4000,7.4900,7.1700,7.2000,12278900
20140103,7.3900,7.4400,7.2200,7.3600,10199700
20140106,7.2800,7.4100,7.2000,7.3900,8582000
20140107,7.5800,7.6900,7.1700,7.2500,18558800
20140108,7.5000,7.6300,7.4400,7.5200,11561100
20140109,7.1400,7.6100,7.1000,7.4900,11804400
20140110,7.2300,7.2300,6.9400,7.0600,8504300
20140113,7.9500,7.9500,7.1800,7.2500,51370700
20140114,8.3500,8.5500,7.8800,7.9400,59730000
20140115,8.2800,8.4200,8.1300,8.2500,38317300
20140116,8.1900,8.8000,8.1400,8.2000,42160000
20140117,8.3300,8.4400,8.0100,8.0700,26976100
20140120,8.4500,8.5800,8.1100,8.2500,23494800
20140121,8.6000,8.7500,8.2200,8.3800,26489000
20140122,8.3800,8.7300,8.2500,8.5200,39783100
20140123,8.6000,8.6600,8.3100,8.3800,28211300
20140124,8.4400,8.6500,8.4000,8.5500,23743500
20140127,8.2300,8.4300,8.1000,8.3600,20908700
20140128,8.3600,8.3700,8.1200,8.2000,16305300
20140129,8.7400,8.7800,8.3000,8.3300,26372200
20140130,8.5100,8.7600,8.4900,8.6900,14656200
20140131,8.5100,8.5100,8.5100,8.5100,0
20140203,8.5100,8.5100,8.5100,8.5100,0
20140205,8.5100,8.5100,8.5100,8.5100,0
20140206,8.5100,8.5100,8.5100,8.5100,0
20140207,9.0700,9.1800,8.3100,8.3800,23063200
20140210,9.1700,9.3700,9.0100,9.0500,27195400
20140211,9.0900,9.5400,9.0100,9.1400,24516500
20140212,9.2300,9.2700,8.8800,9.0800,19864700
20140213,8.8000,9.2700,8.7400,9.1700,19049100
20140214,8.9600,9.0400,8.7200,8.8700,12367000
20140217,9.1900,9.2500,8.9600,9.0100,16469800
20140218,9.2100,9.4000,9.0400,9.1500,17394700
20140219,8.9800,9.2100,8.9000,9.1500,15772600
20140220,8.6000,9.0600,8.5700,9.0200,15692600
20140221,8.6800,8.7300,8.4800,8.6000,9983400
20140224,8.7700,8.7800,8.5700,8.6800,8663000
20140225,8.3400,9.0500,8.2000,8.8300,17472800
