20130226,11.8500,12.1000,11.7300,12.0900,825000
20130227,11.5800,11.9300,11.5300,11.7500,930100
20130228,11.8300,11.8300,11.1700,11.5000,1674400
20130301,11.8300,11.8600,11.6800,11.6900,985400
20130304,11.3800,11.8000,11.2700,11.8000,821800
20130305,11.5500,11.5800,11.3500,11.4200,642200
20130306,11.9100,11.9600,11.4700,11.5500,1185800
20130307,12.1900,12.4900,11.7200,11.8000,2529100
20130308,12.3800,12.9900,12.1000,12.1500,1680300
20130311,12.1300,12.4200,12.1000,12.3000,840600
20130312,11.5200,12.2700,11.4300,12.1500,1106600
20130313,11.4200,11.5900,11.3400,11.5400,681700
20130314,11.2000,11.4700,11.1700,11.3700,519200
20130315,11.1000,11.4400,11.0900,11.2000,586600
20130318,10.7800,11.1900,10.7000,11.1900,569600
20130319,11.1300,11.2400,10.7600,10.7800,673800
20130320,11.4200,11.4300,11.0200,11.1100,783500
20130321,11.4200,11.5500,11.2500,11.4000,731700
20130322,11.3100,11.5200,11.2700,11.3100,566700
20130325,11.7200,11.8000,11.2500,11.4000,1334100
20130326,11.4400,11.7000,11.3500,11.6400,588200
20130327,11.3300,11.5200,11.3000,11.3700,460000
20130328,10.8700,11.2700,10.8600,11.1100,611200
20130329,10.9200,11.0300,10.7900,11.0300,235400
20130401,10.9100,11.0600,10.8300,10.8900,272100
20130402,10.6800,11.0000,10.6500,10.7900,396500
20130403,10.5500,10.7900,10.3700,10.6500,503700
20130404,10.5500,10.5500,10.5500,10.5500,0
20130405,10.5500,10.5500,10.5500,10.5500,0
20130408,10.4500,10.5000,10.3000,10.3000,281100
20130409,10.9900,11.2600,10.4900,10.5500,1260100
20130410,10.8000,11.0500,10.7100,10.7100,488300
20130411,10.6400,10.9200,10.6000,10.7400,405400
20130412,10.4800,10.7700,10.4600,10.7700,234400
20130415,10.3000,10.5000,10.2000,10.3800,293400
20130416,10.6000,10.6200,10.1800,10.2800,443400
20130417,10.6000,10.6200,10.4100,10.6000,306900
20130418,10.5700,10.7500,10.4200,10.5600,279800
20130419,10.9500,10.9600,10.4500,10.4500,825200
20130422,11.3000,11.4500,10.9500,10.9500,1018700
20130423,10.7800,11.3200,10.6000,11.3200,846200
20130424,11.0900,11.1000,10.6800,10.6800,702100
20130425,10.8800,11.2000,10.8600,11.0100,557500
20130426,10.9000,11.1600,10.7600,10.7600,848000
20130429,10.9000,10.9000,10.9000,10.9000,0
20130430,10.9000,10.9000,10.9000,10.9000,0
20130501,10.9000,10.9000,10.9000,10.9000,0
20130502,10.8300,10.9200,10.5800,10.7500,476900
20130503,11.1300,11.2000,10.8000,11.0400,971600
20130506,11.4300,11.4900,11.2000,11.2000,1468700
20130507,11.8500,12.0300,11.3300,11.4300,2589500
20130508,12.0000,12.1000,11.5500,11.9000,1894700
20130509,12.0600,12.2000,11.8200,11.8500,1670500
20130510,12.1300,12.3900,11.9100,11.9100,1281800
20130513,12.4600,12.4600,12.0700,12.1500,1990900
20130514,12.6200,12.7300,12.1300,12.5000,2167400
20130515,12.7300,12.9000,12.4300,12.5700,1537800
20130516,12.7700,12.8000,12.5000,12.7200,1856800
20130517,13.7500,13.8000,12.6600,12.8500,4146200
20130520,13.9800,14.5000,13.5500,13.6400,3504000
20130521,14.1400,14.1600,13.7600,13.8400,2436200
20130522,13.6000,14.2500,13.4000,14.1500,2432000
20130523,13.3500,13.6500,13.2000,13.5000,2067600
20130524,14.0200,14.1800,13.3500,13.3500,3664100
20130527,14.2800,14.3400,13.8700,14.0000,2623900
20130528,13.9300,14.4700,13.7000,14.2500,1517900
20130529,13.9900,14.0900,13.8000,13.8600,1512600
20130530,13.7800,14.2000,13.7500,14.0100,1267400
20130531,13.3900,13.8700,13.3500,13.7500,2452800
20130603,13.4600,13.8500,13.3600,13.3900,1279800
20130604,13.1800,13.5600,12.9600,13.4500,1143600
20130605,13.1600,13.2500,13.0000,13.2500,639400
20130606,12.9000,13.3500,12.9000,13.3500,662400
20130607,13.0000,13.2000,12.8500,12.9000,959200
20130610,13.0000,13.0000,13.0000,13.0000,0
20130611,13.0000,13.0000,13.0000,13.0000,0
20130612,13.0000,13.0000,13.0000,13.0000,0
20130613,12.4900,12.9200,12.0000,12.9200,876500
20130614,12.8100,12.8500,12.4900,12.4900,606500
20130617,13.2800,13.4500,12.9800,12.9900,1979700
20130618,13.2000,13.4100,13.0300,13.1300,683400
20130619,13.5500,13.6000,13.0200,13.1700,1003600
20130620,12.8500,13.8200,12.6000,13.5400,1158600
20130621,12.4900,12.6600,12.0400,12.3000,1335300
20130624,11.2800,12.3600,11.2400,12.3200,1096800
20130625,11.1000,11.3800,10.1800,11.0000,1135600
20130626,11.5100,11.8000,11.1000,11.2200,969500
20130627,11.1000,11.6500,11.0900,11.6400,851200
20130628,11.1200,11.3700,10.8000,10.9200,556100
20130701,11.5000,11.5000,11.0200,11.1000,541800
20130702,11.7000,11.7500,11.3500,11.5000,674700
20130703,11.3800,11.6800,11.2800,11.6800,608000
20130704,11.9900,12.0000,11.1200,11.3800,1340700
20130705,12.1700,12.3500,11.8000,11.9100,1552000
20130708,11.5100,11.9800,11.5100,11.8500,799500
20130709,11.6800,11.8600,11.4200,11.5000,576800
20130710,12.8500,12.8500,11.5700,11.7900,2269500
20130711,12.8300,13.4800,12.8100,13.2500,4373700
20130712,12.7200,12.8200,12.4800,12.6000,2984700
20130715,13.2200,13.4000,12.4100,12.5800,3418600
20130716,13.4300,13.6000,13.0100,13.1700,3617200
20130717,12.8600,13.3900,12.7000,13.3900,2043200
20130718,12.6900,13.0500,12.6900,12.7400,1274400
20130719,12.2800,12.9200,12.2800,12.6000,1746100
20130722,12.7900,13.0000,12.0100,12.0100,1387500
20130723,13.3700,13.6000,12.7900,12.8000,2896500
20130724,13.3900,13.5700,13.0800,13.5700,1976400
20130725,12.8300,13.4500,12.8000,13.3800,1496900
20130726,13.1100,13.5000,12.5800,12.8000,1757800
20130729,12.9600,13.1100,12.8000,13.0500,864600
20130730,13.2600,13.4500,12.9900,12.9900,2606000
20130731,12.8300,13.3100,12.8100,13.1600,1803700
20130801,13.2400,13.2800,12.8300,12.8300,1814400
20130802,13.5400,13.8300,13.1200,13.2500,3828700
20130805,13.6400,13.7400,13.3300,13.5000,2509200
20130806,13.6300,13.7900,13.4600,13.5900,2278900
20130807,13.1000,13.7500,13.0600,13.5500,2468400
20130808,13.1500,13.5800,13.0800,13.2800,2016500
20130809,13.3700,13.7200,12.9400,13.1500,3988200
20130812,13.4200,13.6800,13.1500,13.3600,2904000
20130813,13.8500,14.2500,13.3200,13.4000,4992800
20130814,13.6700,14.0000,13.5600,14.0000,3411100
20130815,13.2200,13.6800,13.2100,13.4200,3090800
20130816,12.6600,13.3700,12.6500,13.0000,2193300
20130819,12.8000,13.0200,12.5300,12.5300,1486400
20130820,12.7900,13.0000,12.7000,12.7400,1060400
20130821,12.9800,13.0900,12.7200,12.8300,1668700
20130822,12.9500,13.0500,12.8000,12.9400,1331900
20130823,12.9600,13.1400,12.8000,12.8700,1920700
20130826,12.8800,13.0500,12.6900,13.0500,3444200
20130827,12.9100,12.9800,12.6800,12.8600,2701500
20130828,12.5000,12.7700,12.4500,12.7700,2669600
20130829,12.3700,12.6400,12.2400,12.4700,1820300
20130830,12.1300,12.4800,12.1000,12.4600,1296400
20130902,12.4300,12.4600,12.0800,12.2600,990900
20130903,12.5700,12.6300,12.4000,12.4000,1163700
20130904,12.6900,12.8900,12.4300,12.6400,1859500
20130905,12.4300,12.7100,12.4000,12.6500,1099900
20130906,12.5800,12.5900,12.3900,12.4500,1114900
20130909,12.7300,12.7700,12.6000,12.6100,1361100
20130910,12.7600,12.8000,12.6500,12.8000,1376800
20130911,12.7600,12.9600,12.7100,12.8000,2047100
20130912,12.5400,12.7900,12.4900,12.7600,1429000
20130913,12.6300,12.7000,12.4700,12.4900,1242300
20130916,12.8100,12.9900,12.7500,12.9000,2117500
20130917,12.7500,12.9900,12.7200,12.8000,1417600
20130918,12.5700,12.9000,12.5000,12.7900,1257600
20130920,12.5700,12.5700,12.5700,12.5700,0
20130923,12.8000,12.8200,12.5900,12.5900,1211800
20130924,12.5800,12.9000,12.5500,12.8000,1277200
20130925,12.5700,12.7800,12.5300,12.6800,1012200
20130926,12.8900,13.1000,12.5700,12.6000,3226400
20130927,13.4300,13.8900,12.6800,12.8700,5074800
20130930,14.3000,14.3400,13.1800,13.2000,6627700
20131001,14.3000,14.3000,14.3000,14.3000,0
20131002,14.3000,14.3000,14.3000,14.3000,0
20131003,14.3000,14.3000,14.3000,14.3000,0
20131004,14.3000,14.3000,14.3000,14.3000,0
20131007,14.3000,14.3000,14.3000,14.3000,0
20131008,14.2000,14.8300,14.0200,14.3500,5902500
20131009,14.4300,14.6400,13.9800,14.1500,4615600
20131010,13.8000,14.3500,13.7500,14.3500,5074800
20131011,14.0100,14.2400,13.8500,13.8500,3013800
20131014,14.1300,14.2700,13.9300,14.1000,2514500
20131015,14.3500,14.5800,14.1100,14.1400,3158600
20131016,13.5500,14.2700,13.4500,14.2700,2711700
20131017,13.3900,13.7700,13.3600,13.5500,1960600
20131018,13.5000,13.6800,13.4000,13.4300,1139100
20131021,13.7900,13.8900,13.6200,13.6900,1671900
20131022,13.6500,13.8700,13.5500,13.8700,1439100
20131023,13.8000,14.1500,13.5300,13.6100,2579300
20131024,13.2800,13.7900,13.2600,13.7500,1912300
20131025,13.1200,13.4500,13.1200,13.2800,1193900
20131028,12.7500,13.2300,12.7000,13.0900,1587500
20131029,11.8700,12.8600,11.5000,12.7900,2019700
20131030,12.1200,12.1400,11.8000,11.9000,917300
20131031,12.0300,12.1600,11.9600,12.1600,901200
20131101,12.0400,12.2000,11.8000,12.1200,890000
20131104,12.0500,12.3000,12.0000,12.1200,1093900
20131105,12.1500,12.1500,11.8200,11.9700,832200
20131106,12.1900,12.3200,12.0600,12.1500,1514200
20131107,11.9800,12.1900,11.9200,12.1000,937300
20131108,11.7700,12.0500,11.7700,11.8600,668100
20131111,12.1900,12.2300,11.7900,11.9900,1045000
20131112,12.1800,12.2900,12.0500,12.2400,1021600
20131113,11.9000,12.1100,11.8600,12.1000,850000
20131114,12.2100,12.2500,11.8000,11.9000,989600
20131115,12.4100,12.6400,12.1300,12.2000,1479100
20131118,12.6200,12.7500,12.3800,12.5000,1432400
20131119,12.6100,12.7000,12.4300,12.6200,1355500
20131120,12.7500,12.7700,12.5400,12.6100,1306400
20131121,12.6500,12.7500,12.5500,12.6400,1077200
20131122,12.5500,12.6900,12.5300,12.6100,652200
20131125,12.4000,12.6800,12.3900,12.5900,1115500
20131126,12.6700,12.6800,12.4100,12.5000,998200
20131127,12.9300,12.9600,12.5900,12.6300,1563900
20131128,13.1200,13.4500,12.8200,12.8200,2635800
20131129,13.2000,13.4200,13.0100,13.0800,1843500
20131202,12.0700,12.9700,12.0000,12.8500,2211900
20131203,12.3900,12.4500,11.8800,11.9000,1173600
20131204,12.8600,12.8900,12.3900,12.3900,1773100
20131205,12.6600,13.1000,12.6600,12.8500,1590200
20131206,12.9400,13.0600,12.6900,12.6900,1193400
20131209,13.2000,13.2500,12.8700,12.8700,1268000
20131210,13.2200,13.2700,13.0500,13.2000,1102800
20131211,12.9200,13.2000,12.8100,13.2000,848200
20131212,12.9500,13.0500,12.8800,12.8800,578500
20131213,13.1700,13.3800,12.8100,12.9400,1451500
20131216,12.9100,13.3300,12.9000,13.1500,996800
20131217,13.4200,13.4300,12.9400,12.9400,2242300
20131218,13.2900,13.4800,13.2200,13.4300,1000900
20131219,13.2100,13.6600,13.2100,13.2900,1683800
20131220,12.6700,13.2300,12.6000,13.1600,1451400
20131223,12.3600,12.6900,12.2500,12.6500,1159000
20131224,12.5500,12.6400,12.3500,12.3500,776200
20131225,12.7200,12.7200,12.5000,12.6600,877000
20131226,12.3700,12.7400,12.3000,12.6900,993100
20131227,12.6200,12.6900,12.3500,12.3600,872100
20131230,12.6900,12.8500,12.6500,12.7700,746400
20131231,12.9400,13.0900,12.5600,12.6200,1461200
20140101,12.9400,12.9400,12.9400,12.9400,0
20140102,13.1100,13.1200,12.8600,12.9000,1074800
20140103,13.0000,13.1600,12.8600,13.1100,1103700
20140106,14.1500,14.3000,13.0000,13.0300,9581100
20140107,14.1800,14.4800,13.7200,14.1000,7318700
20140108,14.1500,14.5900,13.9900,14.2500,4832100
20140109,13.5700,13.9700,13.5600,13.8300,4645100
20140110,13.1600,13.5600,13.1500,13.5000,3126100
20140113,13.3500,13.4200,12.8800,13.2100,2591200
20140114,13.4600,13.4800,13.1300,13.3500,1920900
20140115,13.5500,13.8600,13.3100,13.4000,2544000
20140116,13.5900,13.7900,13.4700,13.6900,1661900
20140117,13.1800,13.6800,13.1700,13.5700,1864200
20140120,13.0000,13.2100,12.8800,13.1800,1378100
20140121,13.2700,13.3000,13.0100,13.0100,1176600
20140122,13.5300,13.5800,13.2100,13.3400,1918200
20140123,13.5200,13.6600,13.4500,13.5000,1946100
20140124,13.7400,13.8800,13.4500,13.5000,2496700
20140127,13.7500,14.0500,13.6500,13.7800,1872100
20140128,13.5500,13.8800,13.4100,13.8800,1395100
20140129,14.0400,14.0900,13.5000,13.5500,2649100
20140130,13.8800,14.2300,13.7800,14.1900,1452800
20140131,13.8800,13.8800,13.8800,13.8800,0
20140203,13.8800,13.8800,13.8800,13.8800,0
20140205,13.8800,13.8800,13.8800,13.8800,0
20140206,13.8800,13.8800,13.8800,13.8800,0
20140207,14.0500,14.0800,13.7000,13.8000,2073200
20140210,15.0900,15.4600,14.0400,14.0500,6260800
20140211,14.8700,15.0900,14.6900,15.0800,3945200
20140212,15.1600,15.2600,14.6600,14.8500,3569200
20140213,14.4700,15.1800,14.4500,15.1300,2979400
20140214,15.4000,15.4600,14.5000,14.5000,4480200
20140217,16.9400,16.9400,16.4100,16.9400,6456000
20140218,17.3400,17.9800,17.0000,17.0400,11068000
20140219,17.0000,17.2000,16.7000,17.2000,5622400
20140220,16.6000,17.0400,16.3800,16.9700,3643200
20140221,17.1000,17.4700,16.5900,16.5900,4704200
20140224,17.4300,17.5500,16.6000,16.9800,3903900
20140225,16.1400,17.5200,16.0000,17.4600,4161200
