20130226,13.7000,14.2500,13.7000,14.1200,2558600
20130227,13.7700,13.9700,13.7100,13.7100,2353000
20130228,14.2000,14.3300,13.7200,13.7200,3754200
20130301,14.2300,14.3300,14.0800,14.1500,1984300
20130304,14.0000,14.2800,13.8500,14.2100,2487600
20130305,13.9600,14.0800,13.8500,14.0000,2087400
20130306,14.6400,14.8100,13.7900,13.9100,6363600
20130307,14.3700,14.5900,14.0500,14.5200,4401600
20130308,14.1400,14.3700,13.9300,14.3500,3958500
20130311,13.6700,14.0800,13.6700,14.0200,3509200
20130312,13.6800,13.9500,13.3700,13.6100,2450200
20130313,13.5600,13.7000,13.3100,13.6600,1666400
20130314,13.4600,13.5500,13.3000,13.3000,964200
20130315,13.4600,13.5400,13.2000,13.4700,1892500
20130318,13.3000,13.4300,13.1200,13.4300,1062800
20130319,13.5000,13.5800,13.2100,13.3000,2253300
20130320,13.5000,13.5000,13.5000,13.5000,0
20130321,13.7700,14.1500,13.5400,13.8600,3751000
20130322,13.5100,13.7000,13.4500,13.5500,1981100
20130325,13.0500,13.5900,12.8000,13.4900,5228000
20130326,13.2800,13.2900,12.6000,12.6000,5074700
20130327,13.1000,13.2000,12.9500,13.1600,3362600
20130328,13.0000,13.2000,12.8000,13.0600,2790600
20130329,12.7800,13.1600,12.7100,12.9500,2384800
20130401,12.5800,12.8000,11.8000,12.7300,2351200
20130402,12.5900,12.6300,12.3000,12.4900,1374600
20130403,12.5100,12.6400,12.4300,12.6400,916200
20130404,12.5100,12.5100,12.5100,12.5100,0
20130405,12.5100,12.5100,12.5100,12.5100,0
20130408,12.1400,12.4700,12.0700,12.3000,1894500
20130409,12.5900,12.6800,12.0000,12.2000,3630000
20130410,12.4200,13.0400,12.2100,12.9900,2344900
20130411,12.1700,12.5600,12.1700,12.4000,1217400
20130412,12.1800,12.3000,12.0700,12.1500,889500
20130415,12.1500,12.3500,12.0100,12.1100,799300
20130416,12.1200,12.1800,11.9300,12.1000,1102600
20130417,12.0200,12.2400,11.9800,12.1200,1314800
20130418,12.0100,12.1000,11.9500,11.9500,929600
20130419,12.2800,12.2800,12.0000,12.0000,1951700
20130422,12.2100,12.2500,12.0300,12.2500,1246600
20130423,11.6500,12.2500,11.2500,12.2500,5103400
20130424,11.7300,11.7600,11.3600,11.5800,1665400
20130425,11.6600,11.7500,11.5000,11.7300,1318000
20130426,11.6200,11.7200,11.4500,11.5100,870000
20130429,11.6200,11.6200,11.6200,11.6200,0
20130430,11.6200,11.6200,11.6200,11.6200,0
20130501,11.6200,11.6200,11.6200,11.6200,0
20130502,11.7000,11.7500,11.5000,11.6000,1102300
20130503,12.2000,12.3200,11.5900,11.7600,4398400
20130506,12.3400,12.4500,12.1100,12.2200,3140900
20130507,12.2700,12.5500,12.1200,12.3400,2735600
20130508,12.4500,12.4600,12.1200,12.2700,4078500
20130509,12.2200,12.4500,12.1400,12.3500,2206600
20130510,12.2400,12.3400,12.0800,12.1900,2450500
20130513,12.7600,12.8200,12.2000,12.2800,5809300
20130514,13.6800,14.0400,12.6500,12.7600,10972500
20130515,13.8400,14.0000,13.4200,13.7000,5251200
20130516,14.1300,14.6000,13.6000,13.8600,9229600
20130517,14.5500,14.8000,13.9000,14.0600,7082400
20130520,16.0100,16.0100,14.5700,14.6500,14036100
20130521,16.8000,17.3000,16.3000,16.8000,22017100
20130522,16.5300,17.1300,16.3100,16.6700,11844700
20130523,17.0100,17.2800,16.3800,16.9500,11357700
20130524,18.1000,18.6400,16.7100,16.7100,11446200
20130527,18.3600,18.4800,17.5000,18.0000,8831800
20130528,17.6200,18.3000,17.5300,18.3000,6476200
20130529,17.9200,18.0700,17.4200,17.5800,5056400
20130530,18.1500,18.6300,17.8100,17.9700,6644900
20130531,18.0500,18.2500,17.5000,18.1800,4598700
20130603,16.8900,18.0400,16.8900,17.8800,7313800
20130604,17.2500,17.6500,16.8000,17.2700,5949100
20130605,17.3600,17.5000,16.8200,17.1700,3346000
20130606,17.0500,17.5800,16.9100,17.1700,2310300
20130607,16.8100,17.5000,16.5600,17.0400,4266400
20130610,16.8100,16.8100,16.8100,16.8100,0
20130611,16.8100,16.8100,16.8100,16.8100,0
20130612,16.8100,16.8100,16.8100,16.8100,0
20130613,17.2800,17.3600,16.0100,16.4000,5687500
20130614,17.7500,17.8800,17.2000,17.2700,5867100
20130617,19.5300,19.5300,18.2500,18.5200,13412600
20130618,19.5500,19.6800,18.9300,19.2100,8368900
20130619,19.3900,20.1000,19.0600,19.8000,8974700
20130620,18.4000,19.3700,18.0500,19.1300,8417700
20130621,19.5800,19.8900,17.5000,18.2000,11590500
20130624,18.4000,19.5600,17.7100,19.5600,12396900
20130625,17.7300,18.4900,16.6000,18.0600,12585800
20130626,18.7900,18.8600,17.7000,17.9300,8078600
20130627,18.0200,19.1200,17.6200,18.9800,7501500
20130628,18.4400,18.9000,17.7000,17.9500,7761900
20130701,19.2500,19.3000,17.9000,18.0500,6879100
20130702,19.6700,20.6800,19.1500,19.1800,12036400
20130703,20.2900,20.6000,19.1000,19.6700,9790000
20130704,19.6600,20.2900,19.5000,20.0100,10168400
20130705,18.9900,19.4600,18.7000,19.4600,7383400
20130708,19.0500,19.4500,18.5000,18.7200,6557600
20130709,17.4900,19.3800,17.4000,19.0800,8809700
20130710,18.6000,18.7000,17.4500,17.4500,9007000
20130711,18.6200,19.0000,18.0100,18.4000,5308900
20130712,18.9000,19.2800,18.6000,18.7900,5131800
20130715,19.0100,19.4900,18.7000,19.0000,6241600
20130716,19.2400,20.1300,19.1300,19.6400,10828300
20130717,18.0500,19.4000,17.9800,19.1000,13085600
20130718,18.0000,18.2800,17.7200,17.9900,6205500
20130719,17.7800,18.3900,17.5000,18.1500,4656500
20130722,17.9800,18.1800,17.5000,18.1800,5461600
20130723,18.2600,18.6400,17.8800,17.9800,6726200
20130724,18.0200,18.5000,17.6500,18.2000,3727600
20130725,17.7700,18.1900,17.3000,17.9900,4287000
20130726,17.7500,18.1600,17.5300,17.8500,3172700
20130729,17.8100,18.2000,17.6600,18.1400,3982900
20130730,17.3900,17.8800,17.0000,17.8100,3946400
20130731,17.4200,17.7800,17.1000,17.3600,3484800
20130801,17.9900,17.9900,17.2700,17.4000,4021000
20130802,18.4700,18.5700,17.9000,18.0500,6050400
20130805,18.2500,18.7000,18.2500,18.4500,4784000
20130806,18.2600,18.4900,18.1000,18.2600,3234700
20130807,19.5500,19.8800,18.6200,18.9800,14227900
20130808,19.3300,19.6200,19.1100,19.2700,6974700
20130809,19.0000,19.5400,18.8500,19.2900,5229900
20130812,19.0500,19.5400,19.0000,19.0100,5020900
20130813,18.6500,19.2500,18.5500,19.0100,5005500
20130814,18.7600,18.8900,18.4800,18.7000,3769500
20130815,19.0300,19.1900,18.7000,18.7000,4165800
20130816,18.7000,19.3000,17.6200,19.0700,7932300
20130819,18.3300,18.8800,17.9800,18.5100,4935800
20130820,18.3700,18.4900,18.0400,18.2700,3379300
20130821,18.3500,18.4600,18.1700,18.3600,3018200
20130822,18.7600,19.1000,18.1800,18.3500,5314800
20130823,18.9600,19.2000,18.4100,18.7900,4611800
20130826,19.2300,19.6500,18.9100,18.9100,6215200
20130827,19.1900,19.3000,18.8000,19.2600,3921700
20130828,18.8000,19.4100,18.6000,18.9900,3569800
20130829,18.6600,18.9400,18.4500,18.9000,3391500
20130830,19.3900,19.5300,18.8300,19.0000,9655600
20130902,19.4000,20.3000,19.2400,20.0000,8754600
20130903,19.5100,19.7200,19.0200,19.0300,4478600
20130904,21.0800,21.3000,19.3000,19.5400,14877100
20130905,21.3100,21.9700,20.7200,21.0000,10833500
20130906,21.3600,21.7500,21.0300,21.0300,7385000
20130909,20.9400,21.3800,20.5800,21.3000,7333100
20130910,21.1500,21.4500,20.7600,20.8500,5451900
20130911,20.8400,21.2000,20.3500,21.0000,5888000
20130912,20.6700,21.0700,20.5000,20.8400,4814400
20130913,21.0000,21.2300,20.5500,20.6900,4059000
20130916,21.0000,21.0000,21.0000,21.0000,0
20130917,21.0000,21.0000,21.0000,21.0000,0
20130918,21.0000,21.0000,21.0000,21.0000,0
20130920,21.0000,21.0000,21.0000,21.0000,0
20130923,21.0000,21.0000,21.0000,21.0000,0
20130924,22.1000,22.6500,21.5000,22.0000,14665600
20130925,21.8600,22.2900,21.6000,22.2900,5871500
20130926,21.5100,22.2900,21.3800,21.6900,5506000
20130927,23.1500,23.6300,21.4500,21.5100,8992200
20130930,24.8500,25.2800,23.3100,23.8500,7952600
20131001,24.8500,24.8500,24.8500,24.8500,0
20131002,24.8500,24.8500,24.8500,24.8500,0
20131003,24.8500,24.8500,24.8500,24.8500,0
20131004,24.8500,24.8500,24.8500,24.8500,0
20131007,24.8500,24.8500,24.8500,24.8500,0
20131008,25.4000,26.2600,25.0800,25.2400,10213600
20131009,25.6200,25.8800,24.8500,25.0000,6974500
20131010,26.8000,28.0000,25.3000,25.6000,11095200
20131011,27.1500,27.7800,26.1600,26.7000,7009400
20131014,27.2700,28.0000,26.8300,27.2000,7693300
20131015,26.0000,27.4400,25.9400,27.2700,8028600
20131016,26.5500,27.1900,25.3000,26.0000,8472800
20131017,28.7900,29.0400,26.2000,26.5500,10759500
20131018,28.1700,28.9900,27.7900,28.7000,6249700
20131021,29.0800,29.4900,27.9600,28.0600,8147500
20131022,27.2500,29.6400,27.1200,29.0200,10203700
20131023,25.8100,27.6500,25.0500,27.4200,12204700
20131024,25.9000,26.1800,25.4100,25.6700,6135800
20131025,23.3100,26.2500,23.3100,26.0000,15037100
20131028,23.2900,23.9800,22.2500,22.4400,9249500
20131029,22.6600,23.4000,21.0500,23.2100,9953300
20131030,23.7800,23.8000,22.7300,22.7300,6516900
20131031,23.2600,23.6800,22.6100,23.5800,5263300
20131101,22.8700,23.4600,21.9300,23.2900,4911500
20131104,22.6900,23.5000,22.6900,22.7600,3409800
20131105,23.7900,23.7900,22.8500,23.0000,5491900
20131106,23.8000,24.7600,23.5000,23.6200,6516000
20131107,23.2600,24.0900,22.3600,23.6900,7325300
20131108,20.9300,22.8200,20.9300,22.8200,12364600
20131111,20.3000,20.7600,19.2600,20.6500,13076000
20131112,21.0200,21.0800,20.1700,20.1700,6842600
20131113,19.8000,21.4500,19.8000,21.4500,7328200
20131114,19.8700,20.0000,19.1200,19.9000,6956100
20131115,20.1800,20.8100,19.5000,19.5000,7905600
20131118,21.3400,21.3400,20.3800,20.3800,7770600
20131119,22.1700,22.1800,21.2200,21.4500,6747000
20131120,22.0300,22.2600,21.1800,22.1100,6469700
20131121,23.2000,23.3800,21.3000,21.8700,10261800
20131122,21.9000,23.6400,21.7000,23.1900,10361000
20131125,21.6300,21.9800,21.4000,21.4500,3884000
20131126,21.8600,21.9000,21.4500,21.4500,2483900
20131127,22.0400,22.3600,21.7000,22.0000,4568000
20131128,22.5000,22.8000,22.0200,22.1000,4854000
20131129,22.5800,23.0000,22.4100,22.4100,4235000
20131202,20.4100,22.2000,20.3200,21.7800,11375600
20131203,20.5300,20.7200,20.0300,20.1800,5844600
20131204,21.1800,21.4500,20.4000,20.5000,5691400
20131205,20.8300,21.5000,20.7000,21.3100,5120700
20131206,20.8700,20.8700,20.2000,20.5000,3392600
20131209,20.9500,21.2800,20.7100,20.8800,3304500
20131210,20.7600,21.0900,20.4600,21.0000,4674300
20131211,20.3700,20.9200,20.2000,20.7100,3898600
20131212,20.1700,20.4600,19.9000,20.4500,4899100
20131213,19.9900,20.2800,19.8000,20.1300,5956900
20131216,19.8000,20.1800,19.1000,19.8500,10006800
20131217,19.1900,19.6800,19.0600,19.5300,3737900
20131218,19.0000,19.3300,18.5100,19.1900,3539800
20131219,18.7800,19.1000,18.4500,19.0000,4278300
20131220,17.3900,18.6200,17.3900,18.6100,9231800
20131223,16.7500,17.3900,15.6500,17.3900,14957400
20131224,17.0000,17.3300,16.3800,16.5000,7494200
20131225,17.2700,17.3200,16.7100,17.0200,7187100
20131226,17.0000,17.5000,16.4500,17.5000,5260000
20131227,17.3500,17.5000,16.8800,16.9500,6897900
20131230,18.1000,18.5800,17.3100,17.3100,10642300
20131231,18.5800,18.5800,17.8000,17.9100,6919300
20140101,18.5800,18.5800,18.5800,18.5800,0
20140102,18.1700,18.5600,17.9800,18.4700,7617900
20140103,17.6900,18.3300,17.5000,18.3300,8481300
20140106,17.0500,17.6700,16.9200,17.6700,4515200
20140107,17.3000,17.6500,16.8100,16.9000,3171700
20140108,17.3400,17.6400,17.2000,17.2000,3229000
20140109,17.3900,17.7500,17.3400,17.4300,3929300
20140110,17.2000,17.3600,16.8000,17.2100,4720100
20140113,16.5100,17.4000,16.5000,17.2700,3038300
20140114,16.6500,16.8400,16.4200,16.5100,2985400
20140115,17.7000,17.7200,16.6600,16.7400,6059900
20140116,17.5300,18.3000,17.5000,17.8000,7197600
20140117,17.0200,17.6800,16.9500,17.6800,3686900
20140120,16.8000,17.1800,16.5800,17.0200,3598400
20140121,16.9100,17.1400,16.7000,16.9200,2665600
20140122,17.4100,17.4300,16.8800,17.0300,6672500
20140123,18.3000,18.4800,17.4100,17.4500,12929500
20140124,18.8000,19.1000,18.0300,18.1800,11610200
20140127,18.4200,18.8200,18.4000,18.6400,7763100
20140128,19.1300,19.1800,18.5100,18.5100,11333800
20140129,19.0800,19.2500,18.8500,19.2500,5505000
20140130,18.3900,19.0800,18.1600,18.9400,5192500
20140131,18.3900,18.3900,18.3900,18.3900,0
20140203,18.3900,18.3900,18.3900,18.3900,0
20140205,18.3900,18.3900,18.3900,18.3900,0
20140206,18.3900,18.3900,18.3900,18.3900,0
20140207,18.4500,18.7400,18.1200,18.1900,4585900
20140210,19.5600,19.7000,18.4800,18.4800,11953900
20140211,19.3100,20.0400,19.0700,19.6200,11363200
20140212,20.1700,20.2600,19.2000,19.2000,10146100
20140213,19.5900,20.2600,19.5400,20.1800,8513300
20140214,19.8200,19.9400,19.4000,19.5400,4882000
20140217,19.6200,19.9900,19.4500,19.8600,9911900
20140218,18.9000,19.6800,18.7300,19.6800,13353600
20140219,19.0600,19.1800,18.8000,18.9200,6229900
20140220,17.8400,19.1000,17.6800,19.1000,14066700
20140221,17.7700,18.0800,17.5800,17.8900,5663900
20140224,17.5700,17.6500,17.0000,17.6500,7237600
20140225,17.0800,17.8500,16.8400,17.5600,8544900
