20130226,4.7800,4.8600,4.7500,4.8100,3414000
20130227,4.7300,4.8100,4.7000,4.7800,3484500
20130228,4.8000,4.8200,4.7000,4.7400,3855200
20130301,4.8400,4.8400,4.7500,4.8000,4745100
20130304,4.7200,4.8900,4.6900,4.8000,7800900
20130305,5.0700,5.0700,4.7100,4.7100,14483300
20130306,5.0600,5.0800,4.9500,5.0100,12452400
20130307,5.0100,5.0600,4.8900,5.0600,9840900
20130308,4.9800,5.0600,4.9700,5.0200,7732200
20130311,5.0300,5.0500,4.9300,4.9700,6186200
20130312,4.8500,5.0400,4.7700,5.0000,7557400
20130313,4.7400,4.8500,4.6800,4.8200,4183200
20130314,4.6600,4.7800,4.6200,4.7500,5043300
20130315,4.6700,4.7800,4.6000,4.6600,4698500
20130318,4.6600,4.6900,4.6300,4.6600,2428300
20130319,4.7300,4.7400,4.6300,4.6600,2973600
20130320,4.8500,4.8500,4.7200,4.7400,3778400
20130321,4.8600,4.9600,4.8200,4.8500,4839300
20130322,4.8500,4.8700,4.7900,4.8600,3499600
20130325,4.8200,4.8800,4.7800,4.8300,3970600
20130326,4.7300,4.8400,4.7000,4.8400,3431300
20130327,5.2000,5.2000,4.7500,4.7500,19569900
20130328,5.1100,5.2700,5.0400,5.2600,25029700
20130329,5.1200,5.2100,5.0300,5.1400,14024800
20130401,5.1500,5.2300,5.0700,5.1100,11541200
20130402,4.9900,5.2300,4.9500,5.1700,9004700
20130403,4.9700,5.0500,4.9100,4.9500,4422200
20130404,4.9700,4.9700,4.9700,4.9700,0
20130405,4.9700,4.9700,4.9700,4.9700,0
20130408,4.9200,4.9200,4.7000,4.8800,4239700
20130409,5.0200,5.0500,4.8800,4.9300,5497600
20130410,5.0300,5.1000,4.9000,4.9900,6042400
20130411,5.1400,5.2300,5.0100,5.0300,10989200
20130412,5.1100,5.2100,5.0700,5.1000,5028000
20130415,5.2000,5.3700,5.1100,5.1100,11073200
20130416,5.5300,5.7000,5.1000,5.1500,20672700
20130417,5.5800,5.6200,5.4000,5.4700,11306300
20130418,5.4800,5.6300,5.4300,5.5000,8267400
20130419,5.5400,5.6200,5.4300,5.4800,10389100
20130422,5.5100,5.5200,5.3400,5.4500,9323100
20130423,5.5500,5.8800,5.4300,5.4800,14587100
20130424,5.6700,5.8000,5.4100,5.4100,15324500
20130425,5.8500,6.0800,5.6100,5.6100,20415000
20130426,5.6100,5.9600,5.5600,5.8200,11712300
20130429,5.6100,5.6100,5.6100,5.6100,0
20130430,5.6100,5.6100,5.6100,5.6100,0
20130501,5.6100,5.6100,5.6100,5.6100,0
20130502,5.7900,5.7900,5.4400,5.5200,7826800
20130503,5.7400,5.9400,5.7200,5.7900,9262000
20130506,5.8500,5.9400,5.7000,5.7100,8610800
20130507,5.8000,5.8900,5.6700,5.8200,7304200
20130508,6.0400,6.1000,5.7400,5.8000,13946700
20130509,5.9700,6.1100,5.8600,6.0000,8500000
20130510,5.9200,5.9800,5.8200,5.9600,7559800
20130513,5.7700,5.9400,5.6500,5.9000,8737800
20130514,6.0300,6.0700,5.7100,5.7500,11687800
20130515,6.1200,6.2000,5.9600,6.0000,11766000
20130516,5.9600,6.0900,5.8900,6.0900,13710500
20130517,6.1000,6.1700,5.9100,5.9400,10036200
20130520,6.1200,6.2500,6.0700,6.0700,9379600
20130521,6.3000,6.3000,6.0200,6.1100,10202000
20130522,6.1800,6.3400,6.1400,6.2600,8915100
20130523,6.4600,6.7100,6.2000,6.2000,19190900
20130524,7.0800,7.1000,6.4900,6.5000,26927100
20130527,7.3000,7.4600,7.0200,7.1600,32532600
20130528,7.1500,7.2600,6.9200,7.2500,20891900
20130529,7.2400,7.6000,7.2000,7.2800,24701400
20130530,7.7900,7.9200,6.9900,7.0800,42699600
20130531,7.4600,7.7400,7.4300,7.6500,27426300
20130603,7.1900,7.4000,7.1100,7.4000,15869000
20130604,6.9700,7.3400,6.8200,7.1600,12499200
20130605,6.8500,7.0700,6.7200,6.9300,10155000
20130606,6.9000,7.1600,6.8100,6.8100,13952800
20130607,6.6000,7.0700,6.5200,6.8900,11134100
20130610,6.6000,6.6000,6.6000,6.6000,0
20130611,6.6000,6.6000,6.6000,6.6000,0
20130612,6.6000,6.6000,6.6000,6.6000,0
20130613,6.2000,6.5300,5.9400,6.4100,9332700
20130614,6.5000,6.5700,6.2100,6.2100,10706800
20130617,6.5600,6.6500,6.4400,6.5500,7931900
20130618,6.5500,6.6500,6.4600,6.5700,7310600
20130619,6.3400,6.5300,6.1800,6.5100,10605000
20130620,6.2400,6.5200,6.2100,6.3000,10242100
20130621,6.4500,6.5100,5.9200,6.0000,11098100
20130624,6.6800,6.7300,6.0500,6.5500,23531200
20130625,6.7500,6.8800,6.0100,6.4600,27545800
20130626,7.1400,7.1600,6.5800,6.8100,32103500
20130627,6.7000,7.1900,6.7000,7.1300,25024200
20130628,6.6200,6.8300,6.2200,6.6500,12264500
20130701,6.9400,6.9600,6.5200,6.6600,13487400
20130702,7.0300,7.1000,6.8700,6.8800,14520900
20130703,6.9800,7.0500,6.7500,7.0000,13158300
20130704,7.1400,7.2500,6.8500,6.9300,20495000
20130705,6.8900,7.2000,6.8900,7.1500,13134800
20130708,6.2100,6.7600,6.2000,6.7500,16739100
20130709,6.2700,6.3900,6.1500,6.2500,9626300
20130710,6.5300,6.5600,6.2400,6.2700,11934700
20130711,6.6100,6.7100,6.4200,6.4800,14540800
20130712,6.4600,6.7300,6.4500,6.6100,10170800
20130715,6.6200,6.6800,6.4000,6.4100,9285000
20130716,6.9500,6.9500,6.6300,6.6600,14896200
20130717,6.7300,6.9500,6.7300,6.8700,11405400
20130718,6.9900,7.0900,6.7000,6.7000,15936900
20130719,6.5600,7.0200,6.5600,6.9600,15683200
20130722,6.7000,6.7200,6.3000,6.4800,8911000
20130723,6.9000,6.9600,6.6800,6.6800,12627100
20130724,7.0900,7.1500,6.8200,6.9700,22272900
20130725,7.0500,7.3500,6.9500,7.0100,19569400
20130726,7.2500,7.3400,7.0300,7.1500,23255700
20130729,6.8100,7.1900,6.8000,7.1800,15542500
20130730,6.9100,7.0000,6.6200,6.7400,12393200
20130731,6.8000,6.9600,6.7600,6.8800,9986700
20130801,7.0400,7.0500,6.7300,6.8000,10691100
20130802,6.9500,7.1200,6.9300,7.0500,11857900
20130805,6.9900,7.0000,6.8800,6.9500,8359600
20130806,7.1600,7.2400,7.0000,7.0000,15244200
20130807,6.9900,7.1900,6.9800,7.1600,13085800
20130808,7.0300,7.1000,6.9200,6.9600,7146700
20130809,7.1000,7.1500,6.9600,7.0200,9980300
20130812,7.1000,7.1000,7.1000,7.1000,0
20130813,7.1000,7.1000,7.1000,7.1000,0
20130814,7.1000,7.1000,7.1000,7.1000,0
20130815,7.1000,7.1000,7.1000,7.1000,0
20130816,6.6700,7.3500,6.6300,7.3300,17953100
20130819,7.0000,7.1300,6.5100,6.5800,10771900
20130820,6.9600,7.1800,6.8900,7.0100,10881300
20130821,6.9800,7.0500,6.8700,6.9000,8164200
20130822,6.8600,7.0000,6.8500,7.0000,7258800
20130823,6.6200,6.9200,6.4100,6.8000,19383300
20130826,6.7500,6.7800,6.5300,6.6300,9007100
20130827,7.0100,7.0500,6.7100,6.7500,13831100
20130828,7.3200,7.6500,6.9400,7.0000,38071000
20130829,7.5000,7.6000,7.2600,7.3600,26658600
20130830,7.3700,7.8700,7.1800,7.5700,27348800
20130902,8.1100,8.1100,7.6200,8.1100,43467000
20130903,8.0000,8.1500,7.7100,8.1500,47337400
20130904,8.0000,8.3500,7.7900,7.8000,41699800
20130905,7.7100,8.0900,7.6900,8.0700,25416600
20130906,8.1400,8.2900,7.6200,7.6300,34685400
20130909,8.0900,8.4800,7.8800,8.1400,35022400
20130910,8.2400,8.5600,7.9100,7.9500,31319800
20130911,7.9100,8.3500,7.9100,8.2300,20954200
20130912,8.1500,8.1600,7.7600,7.9200,22204300
20130913,8.9700,8.9700,8.6000,8.6000,29647100
20130916,9.0900,9.4900,8.8800,9.4900,66600600
20130917,8.6900,9.0800,8.6500,8.9000,32995300
20130918,9.5600,9.5600,8.6100,8.7100,57243100
20130920,9.5600,9.5600,9.5600,9.5600,0
20130923,9.8000,10.1000,9.4200,9.6000,67239600
20130924,9.8600,10.0800,9.5300,9.6400,60801500
20130925,9.4000,10.1700,9.3000,9.7000,51364100
20130926,8.6700,9.3900,8.5800,9.1200,38045100
20130927,8.7800,8.9500,8.3300,8.6600,22768700
20130930,9.0800,9.2300,8.7600,8.8500,18241500
20131001,9.0800,9.0800,9.0800,9.0800,0
20131002,9.0800,9.0800,9.0800,9.0800,0
20131003,9.0800,9.0800,9.0800,9.0800,0
20131004,9.0800,9.0800,9.0800,9.0800,0
20131007,9.0800,9.0800,9.0800,9.0800,0
20131008,9.1200,9.3500,8.8800,9.1300,23721200
20131009,9.3700,9.3700,8.9400,9.0400,22550100
20131010,9.0300,9.5000,9.0300,9.4500,29216600
20131011,8.7300,8.8900,8.4500,8.7900,43438500
20131014,8.7100,8.8700,8.5300,8.7400,23088700
20131015,9.2800,9.3800,8.6500,8.8100,40696500
20131016,8.7600,9.2900,8.6000,9.2900,28308800
20131017,8.2000,8.8900,8.2000,8.8300,22323000
20131018,8.3100,8.4600,8.1000,8.2000,12135300
20131021,8.5900,8.6500,8.1900,8.3100,21423300
20131022,8.2500,8.5800,8.1500,8.5100,19780000
20131023,8.0000,8.3300,7.9000,8.2600,14461100
20131024,8.0900,8.2700,8.0000,8.0000,11795700
20131025,7.7800,8.2000,7.6000,8.1500,15662400
20131028,7.9200,7.9800,7.7100,7.8300,9064400
20131029,7.8500,8.1500,7.4000,7.9700,14422100
20131030,8.0200,8.0900,7.7000,7.8700,11290700
20131031,8.0500,8.1800,7.9600,8.0200,12277500
20131101,8.0800,8.1100,7.7200,8.0900,9872700
20131104,8.3400,8.3700,8.0800,8.1300,19955600
20131105,8.4300,8.4700,8.1900,8.3200,14341500
20131106,8.2300,8.6000,8.2000,8.3600,31527700
20131107,7.8800,8.2600,7.8700,8.1800,16519900
20131108,8.1000,8.1900,7.7500,7.8900,14776600
20131111,7.7100,8.1500,7.6600,8.1500,14817400
20131112,7.7000,7.8200,7.5100,7.7100,9798200
20131113,7.3200,7.7300,7.3200,7.7300,11179000
20131114,7.1800,7.3900,7.0100,7.3000,14953600
20131115,7.3800,7.4700,7.2000,7.2300,12635600
20131118,7.6000,7.6800,7.4500,7.4500,14035700
20131119,7.7400,7.9500,7.6400,7.8000,14583400
20131120,7.6600,7.7700,7.5100,7.7200,13526000
20131121,7.8100,7.8500,7.5500,7.6700,16028600
20131122,7.6900,7.9300,7.6700,7.8500,10315700
20131125,7.5900,7.7500,7.5600,7.6400,9207400
20131126,7.6600,7.7400,7.5200,7.5500,10603100
20131127,7.6800,7.7900,7.6000,7.6500,12028800
20131128,7.7500,7.8300,7.6600,7.7300,13288500
20131129,7.7500,7.8500,7.7200,7.7300,10737900
20131202,7.0700,7.6300,7.0600,7.6100,17551000
20131203,7.2100,7.2300,6.9800,7.1500,9729400
20131204,7.4700,7.5500,7.1100,7.2000,15180600
20131205,7.3600,7.5300,7.3300,7.5200,7846700
20131206,7.3800,7.4500,7.3300,7.3600,5869400
20131209,7.3000,7.4700,7.2500,7.3800,8781000
20131210,7.3800,7.4700,7.3000,7.3100,6934000
20131211,7.4000,7.4700,7.3000,7.3600,9835900
20131212,7.3700,7.4400,7.3300,7.3700,6030900
20131213,7.3700,7.4200,7.3200,7.3800,4590900
20131216,7.1800,7.3900,7.1200,7.3600,6805100
20131217,7.0400,7.2800,7.0200,7.1800,5563000
20131218,6.9800,7.1000,6.9700,7.0400,6037800
20131219,6.9200,7.0700,6.9100,7.0000,4771900
20131220,6.7800,6.9700,6.7000,6.9300,6388300
20131223,6.6500,6.8200,6.5900,6.7800,5383500
20131224,6.8100,6.9200,6.6500,6.6700,6284900
20131225,6.8600,6.8600,6.7400,6.8000,4459200
20131226,6.7000,6.8700,6.6900,6.8500,4772100
20131227,6.7900,6.8100,6.6300,6.6800,4356100
20131230,6.8700,6.9300,6.7500,6.8300,7696300
20131231,6.8700,6.9500,6.8200,6.8300,6046900
20140101,6.8700,6.8700,6.8700,6.8700,0
20140102,6.9600,7.0400,6.8300,6.8700,7923200
20140103,7.2400,7.2800,6.8900,6.9300,19156800
20140106,7.1800,7.4600,7.1100,7.2000,12737300
20140107,7.2300,7.3200,7.1100,7.1700,7302200
20140108,7.3300,7.3700,7.1600,7.2600,9552800
20140109,7.2100,7.3900,7.1700,7.3400,8508700
20140110,6.9000,7.2100,6.8300,7.1800,7262500
20140113,6.7100,7.0000,6.7000,6.8600,6507700
20140114,7.0300,7.0400,6.7100,6.7600,5518100
20140115,7.0000,7.0700,6.9200,7.0500,4214900
20140116,7.0900,7.1600,6.9600,7.0000,6183400
20140117,7.0100,7.1000,6.9600,7.0700,4371000
20140120,6.8000,7.0500,6.7900,7.0100,4914400
20140121,7.0100,7.0100,6.7300,6.7500,4374600
20140122,7.2100,7.2600,7.0600,7.0600,10049100
20140123,7.2000,7.2600,7.1200,7.1900,6778300
20140124,7.6300,7.6700,7.1400,7.1400,23924400
20140127,7.7000,7.8600,7.4700,7.5000,19130300
20140128,7.7800,7.8600,7.5000,7.7500,13502400
20140129,7.9600,7.9700,7.7000,7.8000,15149100
20140130,7.8500,7.9800,7.7800,7.9700,7438400
20140131,7.8500,7.8500,7.8500,7.8500,0
20140203,7.8500,7.8500,7.8500,7.8500,0
20140205,7.8500,7.8500,7.8500,7.8500,0
20140206,7.8500,7.8500,7.8500,7.8500,0
20140207,7.9000,7.9000,7.6000,7.8000,10312000
20140210,8.0300,8.0900,7.9000,7.9000,14685000
20140211,7.9300,8.1300,7.9000,8.0000,12193400
20140212,8.4400,8.4500,7.8500,7.9300,24625000
20140213,8.0700,8.5800,8.0200,8.5800,20624200
20140214,8.5200,8.6000,8.2100,8.2100,27715700
20140217,8.5100,8.7800,8.4500,8.5000,22863900
20140218,8.8600,8.9600,8.3100,8.5100,29386600
20140219,8.7000,8.9300,8.6000,8.8300,21558800
20140220,8.6600,8.8800,8.4200,8.6400,21462200
20140221,8.7000,8.9600,8.5500,8.7200,16731300
20140224,8.6800,8.7000,8.3600,8.6100,15322700
20140225,8.6000,9.2200,8.4300,8.6900,35265300
