20130226,21.7500,22.6300,21.2600,21.3500,9966500
20130227,21.4200,22.1600,20.8500,21.8000,6109000
20130228,21.0200,21.4500,20.6800,21.3600,8981900
20130301,21.2700,21.6200,21.0300,21.0300,8024400
20130304,21.2500,21.8500,20.8800,21.0000,9300600
20130305,22.7900,22.8600,21.2400,21.2400,11283700
20130306,24.0500,24.5000,22.6000,22.9100,13359400
20130307,23.1800,24.1500,22.9000,23.7500,9431000
20130308,22.4900,23.5900,22.2100,23.1800,4590400
20130311,22.5000,22.8300,21.9600,22.1700,6941900
20130312,21.3700,22.4900,21.1800,22.2600,6698200
20130313,22.2000,22.3200,20.2000,21.4000,9766800
20130314,22.9800,23.5700,21.6800,21.8800,9075600
20130315,23.0000,24.3700,22.7500,22.9600,12190300
20130318,22.2200,23.4000,22.2000,23.0500,6275900
20130319,21.7100,22.7000,21.0000,22.2100,7982300
20130320,22.3200,22.3700,21.2200,21.6000,6261600
20130321,23.3200,23.5100,22.3400,22.3400,9118700
20130322,22.9400,23.9500,22.5500,23.0000,10534000
20130325,23.9900,24.1100,22.7500,22.7500,9078700
20130326,24.7900,24.7900,23.4000,23.8500,14432900
20130327,25.0900,25.7800,24.4000,24.7900,13052800
20130328,24.2500,24.9000,23.6700,24.8000,8832200
20130329,24.8600,25.1500,23.7600,23.9900,6712300
20130401,24.4000,24.8700,23.9600,24.8600,6482500
20130402,22.6200,24.7300,22.6100,24.2200,9779700
20130403,21.9800,22.8000,21.7500,22.6000,6748600
20130404,21.9800,21.9800,21.9800,21.9800,0
20130405,21.9800,21.9800,21.9800,21.9800,0
20130408,23.3600,23.7600,21.4900,21.7900,10600800
20130409,23.7800,24.2000,23.1600,23.4500,7238200
20130410,23.6500,24.0700,23.0800,23.7500,4360900
20130411,23.6600,24.1400,23.6000,23.9800,5720400
20130412,23.1900,23.8600,23.1800,23.7400,5060900
20130415,22.1500,22.8800,21.9000,22.8800,6210000
20130416,22.4600,22.5800,21.9000,22.1000,3800800
20130417,23.8500,24.1000,22.2800,22.5800,6908300
20130418,23.4400,24.1000,23.2500,23.5800,5951000
20130419,22.5700,23.8000,22.0000,23.3600,14298100
20130422,22.5300,22.7300,22.1000,22.4200,11789200
20130423,20.4800,22.0600,20.2800,22.0300,20936400
20130424,20.7500,20.7700,19.2100,20.4000,24638700
20130425,19.7800,20.5100,19.5700,20.5100,14484600
20130426,19.7000,20.2900,19.2500,19.5500,8769600
20130429,19.7000,19.7000,19.7000,19.7000,0
20130430,19.7000,19.7000,19.7000,19.7000,0
20130501,19.7000,19.7000,19.7000,19.7000,0
20130502,20.1500,20.4500,19.2500,19.2500,7753700
20130503,21.1800,21.2500,20.1500,20.1500,10898800
20130506,20.6800,21.3900,20.5000,21.1300,10932900
20130507,20.8400,21.1700,20.5300,20.7000,9440000
20130508,21.0900,21.1500,20.6700,20.9800,10100600
20130509,20.3400,21.0700,19.9900,21.0700,12508600
20130510,19.7100,20.5300,19.4400,20.3500,15523800
20130513,20.5500,20.5600,19.6000,19.6600,13102400
20130514,19.9700,20.8800,19.9000,20.5500,9440000
20130515,20.6500,20.7000,19.8100,19.9700,10782300
20130516,21.3000,21.8700,20.4800,20.5000,21181500
20130517,22.0600,22.4000,21.0900,21.3600,15798400
20130520,22.0600,22.3500,21.6400,21.9300,14001500
20130521,22.8700,22.9000,21.7000,22.0600,19873200
20130522,21.8600,22.9800,21.7800,22.9800,16427300
20130523,21.4000,22.1400,21.4000,21.9000,10388600
20130524,22.2000,22.3000,21.0800,21.3800,15947600
20130527,23.2000,23.4500,22.5200,22.7000,24330700
20130528,23.4000,24.0600,22.7700,23.3400,21394300
20130529,23.0800,23.5700,22.6000,23.4100,12412100
20130530,23.2800,23.6000,22.5400,22.9700,14948000
20130531,22.5000,23.3600,22.4700,23.2800,11137700
20130603,22.4800,22.8500,22.0000,22.3800,9435200
20130604,20.9300,22.5700,20.9200,22.5400,14124400
20130605,21.0500,21.1700,20.5600,20.8900,9067000
20130606,20.8300,21.3600,20.5100,20.8700,9596200
20130607,19.8500,20.8600,19.7000,20.8300,13509000
20130610,19.8500,19.8500,19.8500,19.8500,0
20130611,19.8500,19.8500,19.8500,19.8500,0
20130612,19.8500,19.8500,19.8500,19.8500,0
20130613,19.0900,19.7000,18.5600,19.6900,8681800
20130614,19.7000,19.8400,19.1100,19.1100,10320200
20130617,19.7600,20.3000,19.6200,19.9000,10328800
20130618,19.3500,20.0700,19.0900,19.8400,9092200
20130619,19.7200,19.7400,19.1000,19.2800,6988600
20130620,18.5300,19.6300,18.5000,19.5000,7373800
20130621,17.9000,18.1500,17.3300,18.0000,9726800
20130624,16.5200,17.8000,16.2800,17.8000,13552200
20130625,16.5900,16.7400,14.9500,16.1000,18807700
20130626,16.8700,17.0500,16.2100,16.6200,13258100
20130627,15.7500,17.3000,15.5200,16.8000,15315100
20130628,15.3500,15.9800,14.7800,15.7200,16413700
20130701,15.5900,15.5900,14.6800,15.0600,14369100
20130702,16.6000,17.1500,15.5100,15.6500,32141700
20130703,16.5700,16.7800,15.9700,16.4900,22403900
20130704,16.8200,17.2400,16.3300,16.4300,20001000
20130705,16.2900,17.2200,16.2500,17.1500,15684900
20130708,15.0900,15.9000,15.0800,15.8000,13338300
20130709,15.1700,15.3500,14.8000,15.1200,9318400
20130710,15.5800,15.6500,14.9500,15.1500,12245500
20130711,16.2500,16.5200,15.6000,15.6000,18941200
20130712,16.0700,16.4700,16.0200,16.3300,12043100
20130715,16.0500,16.1000,15.2000,15.6000,23541900
20130716,16.5100,16.5100,15.8400,15.9400,20553100
20130717,15.9400,16.6900,15.9000,16.5400,17288000
20130718,15.5800,15.9200,15.3600,15.9200,12162100
20130719,15.1400,15.8400,15.1100,15.4500,11225200
20130722,15.8300,15.8800,14.7300,14.8500,13913300
20130723,16.0700,16.2800,15.8000,15.8800,20980100
20130724,15.8200,15.9900,15.4200,15.9900,12479300
20130725,15.6600,16.1400,15.6100,15.8200,11211700
20130726,15.0800,15.5900,14.9300,15.5000,14324300
20130729,14.9400,15.2900,14.7800,14.9300,8273700
20130730,15.2000,15.5800,14.9500,15.4000,10557100
20130731,15.2500,15.4600,15.0100,15.0300,10821400
20130801,16.0600,16.1500,15.1000,15.3600,20400900
20130802,15.7700,16.1600,15.7400,16.0600,16681400
20130805,16.3600,16.3600,15.7100,15.8300,18522600
20130806,16.3400,16.4800,16.0800,16.3400,16325800
20130807,15.9800,16.6100,15.9000,16.3200,17681500
20130808,16.1500,16.3600,15.7300,15.8700,13441000
20130809,15.8800,16.2000,15.7000,16.1000,13693200
20130812,16.2300,16.2500,15.9400,16.0200,14237200
20130813,16.7700,16.8000,16.2800,16.2900,21782800
20130814,16.5200,16.7000,16.4000,16.7000,15597700
20130815,16.3100,16.8000,16.2900,16.4500,13589200
20130816,15.9100,16.5300,15.9000,16.2400,14689300
20130819,16.1500,16.2100,15.8000,15.9000,9094000
20130820,15.7300,16.2700,15.7000,16.1500,11077600
20130821,16.1200,16.1600,15.5100,15.7300,12786800
20130822,16.1500,16.2700,15.9400,16.0500,11721500
20130823,16.1500,16.4800,15.7500,16.2000,15488100
20130826,16.4100,16.4400,15.9300,16.0700,15060900
20130827,16.4000,16.5300,16.1800,16.4600,9738700
20130828,15.9700,16.2800,15.9200,16.2800,11365300
20130829,15.7500,16.1600,15.7200,16.1500,9028600
20130830,15.0000,15.8100,14.8500,15.7400,18794000
20130902,15.1700,15.2600,14.8000,15.1000,7575300
20130903,15.2800,15.2900,15.0800,15.1900,9564400
20130904,15.7400,15.9000,15.0900,15.2500,18371300
20130905,15.4700,15.6900,15.4200,15.6300,9845500
20130906,15.6200,15.7800,15.4600,15.4800,8461300
20130909,15.7500,15.8500,15.5000,15.8000,10238600
20130910,15.6100,15.8000,15.3900,15.7800,12628500
20130911,15.2800,15.6700,15.2100,15.6100,11683500
20130912,15.2000,15.4100,15.1000,15.2500,8663600
20130913,15.3800,15.4600,15.1300,15.1800,7248600
20130916,15.4500,15.5900,15.3200,15.4000,6916200
20130917,15.0700,15.4900,15.0700,15.4900,6979300
20130918,15.1700,15.2100,14.9200,15.0900,4529400
20130920,15.1700,15.1700,15.1700,15.1700,0
20130923,15.2900,15.3600,15.1000,15.1500,6925200
20130924,15.5700,15.6900,15.3100,15.3900,12913300
20130925,15.2000,15.6000,15.1700,15.5900,9140500
20130926,14.8800,15.1800,14.8100,15.0500,8169200
20130927,14.7400,14.9600,14.7200,14.8900,5608500
20130930,14.5400,14.8900,14.2200,14.7400,10948900
20131001,14.5400,14.5400,14.5400,14.5400,0
20131002,14.5400,14.5400,14.5400,14.5400,0
20131003,14.5400,14.5400,14.5400,14.5400,0
20131004,14.5400,14.5400,14.5400,14.5400,0
20131007,14.5400,14.5400,14.5400,14.5400,0
20131008,14.7200,14.7800,14.3300,14.3600,7631700
20131009,14.5800,14.7400,14.4600,14.6500,7512300
20131010,14.1300,14.5900,14.1100,14.5800,10877800
20131011,14.1000,14.2500,13.8500,14.1500,12593800
20131014,14.2400,14.2500,13.8500,14.1000,12022800
20131015,14.0100,14.2500,13.9500,14.2400,8939200
20131016,14.3300,14.6400,13.8900,14.0000,22241300
20131017,14.4500,14.7300,14.3100,14.4200,14535200
20131018,14.1800,14.5400,14.0800,14.5200,8530500
20131021,14.3500,14.4900,14.0100,14.1800,14325100
20131022,14.1900,14.4700,14.1200,14.4600,13149600
20131023,13.7400,14.2800,13.7300,14.2100,12924900
20131024,13.3100,13.7400,13.3000,13.7400,12354600
20131025,12.9300,13.4600,12.8500,13.3100,8989000
20131028,13.2200,13.2500,12.9000,12.9400,6262400
20131029,12.8000,13.2300,12.5300,13.1600,9295800
20131030,12.9300,13.0100,12.7300,12.7700,4882200
20131031,13.1800,13.2500,12.6800,12.9000,9010700
20131101,13.1600,13.2900,13.0300,13.1200,4451400
20131104,13.2000,13.2800,13.0300,13.1600,4529900
20131105,13.0200,13.2000,12.7300,13.1400,6757300
20131106,12.9600,13.1300,12.9300,13.0500,4642100
20131107,12.7000,12.9500,12.6900,12.8500,5574300
20131108,12.1600,12.7400,12.1600,12.6000,9480700
20131111,12.0200,12.2200,11.6800,12.1300,5866500
20131112,11.9400,12.1500,11.8900,12.0000,6724900
20131113,11.7600,12.0500,11.7600,11.9300,6469600
20131114,12.4300,12.5200,11.5700,11.6500,12397900
20131115,12.3700,12.5900,12.2400,12.2900,11302600
20131118,12.6600,12.7300,12.3200,12.3500,11178000
20131119,12.4000,12.6300,12.3000,12.6000,10080100
20131120,12.5100,12.5500,12.3700,12.3800,6615400
20131121,12.3400,12.4700,12.2600,12.4700,6538400
20131122,12.5700,12.6800,12.3500,12.4000,9976200
20131125,12.5700,12.8000,12.4800,12.5500,9497800
20131126,13.0100,13.1500,12.5100,12.5200,17911500
20131127,13.1000,13.1500,12.9100,13.0000,11648200
20131128,13.1300,13.4100,13.0500,13.1000,13207100
20131129,13.1500,13.3900,13.0700,13.0800,9329100
20131202,12.1300,12.9900,12.1300,12.8900,13539900
20131203,12.5900,12.6600,11.9900,12.0700,7622100
20131204,12.8900,12.9800,12.5000,12.5800,10204400
20131205,12.7000,12.9600,12.6400,12.8600,10419900
20131206,12.7200,12.8600,12.5800,12.6900,5248600
20131209,12.8800,12.9600,12.7200,12.7200,5771200
20131210,12.7400,12.9900,12.6900,12.9700,5229700
20131211,12.4000,12.7000,12.3400,12.7000,7292100
20131212,12.3800,12.5500,12.3100,12.3600,4671300
20131213,12.3300,12.4800,12.2700,12.3000,3749700
20131216,12.3500,12.4500,12.2500,12.3000,4706300
20131217,12.0100,12.3800,11.9600,12.3500,7221500
20131218,12.0300,12.1700,11.9600,12.0400,3061400
20131219,11.9300,12.1400,11.9000,12.1000,4033800
20131220,11.7000,11.9800,11.6500,11.8500,4945500
20131223,11.4600,11.7700,11.4400,11.7000,5234400
20131224,11.4000,11.6500,11.3000,11.5500,5196400
20131225,11.5900,11.5900,11.3600,11.4200,5359400
20131226,11.2200,11.5900,11.1900,11.5900,5706100
20131227,11.9300,11.9800,11.2200,11.2200,14328300
20131230,11.7200,11.9800,11.6500,11.9500,9543800
20131231,11.5500,11.8100,11.5400,11.6700,7491900
20140101,11.5500,11.5500,11.5500,11.5500,0
20140102,12.0400,12.0500,11.5400,11.5500,11699100
20140103,12.4500,12.6400,11.9000,11.9800,20851100
20140106,12.2300,12.7000,12.1600,12.3400,16946200
20140107,12.9000,12.9700,12.2400,12.2500,20591200
20140108,13.0000,13.0600,12.7200,12.9000,19745000
20140109,12.8000,13.2500,12.7400,12.9600,17595100
20140110,12.8000,13.0500,12.3900,12.7500,13932800
20140113,12.9800,13.0900,12.6900,12.7300,13714400
20140114,13.0000,13.0500,12.7200,12.9800,12809800
20140115,13.5700,13.6000,12.8600,13.0200,24132300
20140116,13.2700,13.7000,13.2600,13.4900,17387600
20140117,13.0700,13.3000,13.0400,13.2500,9391700
20140120,13.0900,13.3300,12.9600,13.0700,7737100
20140121,12.8800,13.2400,12.6900,12.9600,14467300
20140122,13.3400,13.3500,12.8500,12.8500,15218900
20140123,13.1500,13.4500,13.1300,13.2900,11394200
20140124,13.1500,13.4100,13.0900,13.1000,13021800
20140127,12.9300,13.1000,12.7700,13.0200,12764800
20140128,12.5800,13.1300,12.5800,12.9000,14241700
20140129,13.0500,13.0500,12.4400,12.5700,14517700
20140130,14.3600,14.3600,13.2800,13.4500,46285300
20140131,14.3600,14.3600,14.3600,14.3600,0
20140203,14.3600,14.3600,14.3600,14.3600,0
20140205,14.3600,14.3600,14.3600,14.3600,0
20140206,14.3600,14.3600,14.3600,14.3600,0
20140207,14.6500,14.9300,14.1200,14.2900,45582400
20140210,14.7500,14.9500,14.5000,14.6500,35672000
20140211,14.9100,15.3500,14.3900,14.7400,32616500
20140212,14.8900,15.1800,14.6000,15.0000,24563700
20140213,14.2500,14.8300,14.2500,14.7500,24931000
20140214,15.4800,15.5700,14.3000,14.3000,40832900
20140217,15.4800,15.6600,15.2200,15.5000,29154300
20140218,15.2200,15.4400,15.0900,15.4400,19965600
20140219,15.0300,15.4200,14.8100,15.2300,20241300
20140220,15.0800,15.6500,14.4000,15.0300,31431700
20140221,14.6100,15.0900,14.4400,14.9600,16304200
20140224,14.6700,14.8800,14.3300,14.5100,14074700
20140225,13.5100,14.8300,13.2600,14.6200,22983000
