20130226,6.2000,6.3900,6.1900,6.2800,3081000
20130227,6.4100,6.4600,6.2100,6.2100,4133900
20130228,6.4200,6.4800,6.2700,6.4400,3577000
20130301,6.5000,6.5300,6.3600,6.4000,4068700
20130304,6.1400,6.4700,6.1200,6.4700,4352800
20130305,6.3000,6.3300,6.1300,6.1900,2751200
20130306,6.5200,6.5600,6.3100,6.3100,5229300
20130307,6.8000,6.9500,6.3300,6.5600,9099400
20130308,6.4500,6.7500,6.4000,6.7200,6809800
20130311,6.5000,6.5400,6.3300,6.4300,2928300
20130312,6.2700,6.5400,6.1700,6.4500,3832600
20130313,6.0800,6.2500,5.9900,6.2500,2908100
20130314,6.1200,6.1700,6.0500,6.0900,1609100
20130315,6.1200,6.2200,6.0100,6.1300,2820100
20130318,5.9900,6.1600,5.9700,6.0900,1688300
20130319,5.9900,6.0400,5.9000,6.0300,1402300
20130320,6.1700,6.1700,6.0000,6.0000,1738600
20130321,6.2300,6.2500,6.1400,6.1700,2417000
20130322,6.2400,6.2500,6.1700,6.2300,1918900
20130325,6.4300,6.7400,6.2300,6.2300,6441900
20130326,6.4900,6.5600,6.3200,6.3500,5209900
20130327,6.3900,6.5300,6.3300,6.4500,3196300
20130328,6.1400,6.4000,6.0400,6.4000,2511500
20130329,6.1800,6.2000,6.1000,6.1100,1331700
20130401,6.2300,6.2500,6.1000,6.1800,1216500
20130402,6.0900,6.3000,6.0700,6.2200,1988600
20130403,6.0700,6.1600,6.0000,6.0900,1123800
20130404,6.0700,6.0700,6.0700,6.0700,0
20130405,6.0700,6.0700,6.0700,6.0700,0
20130408,6.1300,6.1500,5.8400,6.0600,1294300
20130409,6.2000,6.2200,6.0900,6.1300,1323100
20130410,6.0700,6.1900,6.0500,6.1500,1276800
20130411,6.2500,6.4700,6.1200,6.1600,3928800
20130412,6.0200,6.2400,6.0200,6.1500,2227100
20130415,5.8500,6.0200,5.8400,6.0100,1830200
20130416,5.9100,5.9400,5.7500,5.8100,837800
20130417,5.9700,5.9800,5.8300,5.8700,1023400
20130418,5.9300,5.9700,5.8500,5.9400,1067700
20130419,6.0700,6.1500,5.9400,5.9400,1697100
20130422,6.0500,6.0600,5.9800,6.0100,1483100
20130423,5.8200,6.0500,5.7900,6.0000,1936200
20130424,5.9100,5.9400,5.7700,5.8200,1447700
20130425,5.8200,5.9500,5.8100,5.8500,1489800
20130426,5.5300,5.8500,5.5200,5.8300,2511200
20130429,5.5300,5.5300,5.5300,5.5300,0
20130430,5.5300,5.5300,5.5300,5.5300,0
20130501,5.5300,5.5300,5.5300,5.5300,0
20130502,5.5400,5.5800,5.4800,5.5100,631000
20130503,5.6400,5.6900,5.5400,5.5400,800800
20130506,5.7600,5.7600,5.6600,5.7000,1256900
20130507,5.7900,5.8500,5.7000,5.7600,1079700
20130508,5.8900,5.9000,5.7800,5.7900,1861500
20130509,5.8700,5.9200,5.8000,5.9000,1639200
20130510,5.9200,5.9400,5.8400,5.8400,1751300
20130513,5.9700,6.0200,5.8400,5.9600,1809500
20130514,5.8600,5.9800,5.8100,5.9800,1409800
20130515,6.0500,6.1000,5.9100,5.9100,3560300
20130516,6.6600,6.6600,6.6600,6.6600,7114500
20130517,7.2700,7.3200,6.7100,6.8000,34182800
20130520,7.4400,7.7500,6.9000,7.0000,26559300
20130521,7.4400,7.4500,7.1900,7.3000,14984500
20130522,7.1100,7.3900,6.9400,7.3900,12120500
20130523,7.0300,7.2100,7.0100,7.0400,7959000
20130524,7.2400,7.3500,7.0100,7.0100,9528900
20130527,7.2900,7.4300,7.1100,7.2000,9993400
20130528,7.1200,7.2600,7.0200,7.2400,6422200
20130529,7.0600,7.2000,7.0400,7.0600,6873800
20130530,7.2800,7.3800,7.0600,7.0600,10071900
20130531,7.0900,7.2600,7.0700,7.2100,6158400
20130603,6.8100,7.1200,6.7600,7.0300,7065900
20130604,6.6100,6.9000,6.5900,6.8100,4408900
20130605,6.6000,6.7100,6.5900,6.6400,4139700
20130606,6.5500,6.6500,6.5300,6.5900,3011400
20130607,6.4000,6.6300,6.4000,6.5400,3268200
20130610,6.4000,6.4000,6.4000,6.4000,0
20130611,6.4000,6.4000,6.4000,6.4000,0
20130612,6.4000,6.4000,6.4000,6.4000,0
20130613,6.2200,6.3800,6.0800,6.3200,2624500
20130614,6.4000,6.4500,6.2100,6.2100,2773900
20130617,6.4700,6.5800,6.3300,6.4500,3292900
20130618,6.3800,6.5100,6.2900,6.4600,2503200
20130619,6.4200,6.4200,6.1400,6.3200,2731200
20130620,6.2500,6.5600,6.2100,6.3700,3219700
20130621,6.1100,6.1900,5.9200,6.1500,2764400
20130624,5.6200,6.0800,5.5000,6.0800,3026400
20130625,5.5300,5.7000,5.0600,5.6100,3297000
20130626,5.7200,5.7300,5.4000,5.5300,2929600
20130627,5.4700,5.8900,5.4500,5.7200,2872000
20130628,5.6000,5.6000,5.3400,5.4300,2592400
20130701,5.7100,5.7400,5.5000,5.5500,2917500
20130702,5.7700,5.7800,5.6400,5.6800,2951300
20130703,5.6600,5.7400,5.4700,5.7400,2986800
20130704,5.7300,5.7600,5.5500,5.6300,3092500
20130705,6.3000,6.3000,5.9900,6.1000,12504000
20130708,5.8800,6.1700,5.8500,6.1000,8365100
20130709,6.0500,6.0600,5.7400,5.8000,5031900
20130710,6.1300,6.1800,5.8100,5.9300,6139600
20130711,6.1700,6.2700,5.9600,6.0500,7078500
20130712,6.0500,6.2800,6.0000,6.1100,5653100
20130715,6.3500,6.4100,6.0400,6.0800,5996800
20130716,6.4200,6.4500,6.2200,6.3000,4868700
20130717,6.2400,6.5100,6.2000,6.4000,4775300
20130718,6.4700,6.5600,6.1700,6.2000,6471300
20130719,6.1300,6.5100,6.1200,6.4200,5013600
20130722,6.2600,6.2600,6.0100,6.0800,3009900
20130723,6.4300,6.4900,6.2300,6.2600,4967600
20130724,6.6100,6.6500,6.3700,6.4200,7476800
20130725,6.4000,6.6200,6.3700,6.5000,5209600
20130726,6.4000,6.4000,6.4000,6.4000,0
20130729,6.4000,6.4000,6.4000,6.4000,0
20130730,6.5300,7.0100,6.3000,6.4000,10112800
20130731,7.1800,7.1800,6.4000,6.4300,12588900
20130801,7.4100,7.4200,7.0600,7.2000,19239300
20130802,7.1700,7.5500,7.1100,7.2400,14636800
20130805,7.2400,7.4000,7.1300,7.2200,10409600
20130806,7.2000,7.3200,7.1100,7.1500,8142200
20130807,6.9000,7.2200,6.8900,7.1800,8671700
20130808,6.9200,6.9600,6.7500,6.8600,5657000
20130809,7.0300,7.0500,6.8400,6.9200,7218100
20130812,7.1100,7.3500,7.0600,7.0700,8171500
20130813,7.0700,7.2800,7.0100,7.2500,5265700
20130814,6.8900,7.1200,6.7700,7.1100,6965700
20130815,6.7400,6.9400,6.6800,6.9400,5824800
20130816,6.5800,6.9300,6.5400,6.6500,6624000
20130819,6.8000,6.8500,6.5300,6.5600,4664600
20130820,6.8100,6.8800,6.7000,6.7700,4531100
20130821,7.0500,7.0700,6.6500,6.8000,6810400
20130822,6.9800,7.1000,6.9300,7.0200,6399600
20130823,6.8100,7.0800,6.6200,7.0300,6295800
20130826,6.9100,6.9300,6.7700,6.8500,4051500
20130827,6.8700,6.9200,6.7700,6.8900,3915900
20130828,6.6400,6.8300,6.6400,6.8300,5005200
20130829,6.6400,6.7100,6.6100,6.6300,2834000
20130830,6.4000,6.6800,6.2800,6.6400,5057400
20130902,6.6000,6.6400,6.2800,6.3800,4095200
20130903,7.0000,7.0400,6.5500,6.5900,11392600
20130904,6.9600,7.0100,6.8800,7.0000,3287100
20130905,7.1300,7.3000,6.9300,7.0000,11273400
20130906,7.1800,7.3200,7.0500,7.1000,6992700
20130909,7.3500,7.3500,7.0300,7.2000,8036400
20130910,8.0900,8.0900,7.3800,7.3800,18540300
20130911,7.9000,8.3300,7.6200,8.1800,18087300
20130912,7.7000,8.1000,7.6600,7.8100,9286900
20130913,7.5100,7.7100,7.3700,7.7000,7453100
20130916,8.2600,8.2600,7.5300,7.5400,8271100
20130917,8.1800,8.8600,8.1200,8.5300,21706900
20130918,8.3300,8.4400,8.0000,8.0300,12726600
20130920,8.3300,8.3300,8.3300,8.3300,0
20130923,8.5500,8.6500,8.2100,8.3000,10735600
20130924,8.2500,8.6600,8.2200,8.4500,7717800
20130925,8.2600,8.6800,8.1500,8.2300,6202600
20130926,7.8500,8.2200,7.8300,8.2000,5110400
20130927,7.6000,7.8500,7.5800,7.7600,4302800
20130930,7.8800,7.9000,7.6600,7.7400,2785700
20131001,7.8800,7.8800,7.8800,7.8800,0
20131002,7.8800,7.8800,7.8800,7.8800,0
20131003,7.8800,7.8800,7.8800,7.8800,0
20131004,7.8800,7.8800,7.8800,7.8800,0
20131007,7.8800,7.8800,7.8800,7.8800,0
20131008,8.1300,8.1700,7.8100,7.8100,3846500
20131009,8.1600,8.2200,8.0100,8.0800,3414800
20131010,7.9500,8.1900,7.9000,8.1600,4024800
20131011,8.0100,8.0600,7.9100,8.0200,2686500
20131014,8.1600,8.2500,8.0400,8.0700,3829000
20131015,7.8700,8.1600,7.8000,8.1600,3852000
20131016,8.6600,8.6600,7.9200,7.9800,15138900
20131017,8.3600,8.9300,8.3000,8.6800,17157800
20131018,8.0300,8.1000,7.6100,8.1000,9058000
20131021,8.2100,8.2100,7.8600,7.8600,6928600
20131022,8.5900,8.9000,8.1400,8.1400,12459000
20131023,8.3000,8.8800,8.0300,8.5900,7408300
20131024,8.3000,8.5000,8.1100,8.3000,3480100
20131025,9.1300,9.1300,8.4500,8.5500,8604700
20131028,9.2400,9.9100,9.1300,9.3700,24257700
20131029,9.5900,9.9000,9.0300,9.0300,23311000
20131030,9.4600,9.5000,9.1100,9.3000,14258800
20131031,8.5100,9.3500,8.5100,9.3500,15230500
20131101,8.3200,8.5200,7.9100,8.2900,8117100
20131104,8.6500,8.7900,8.2000,8.3000,5942500
20131105,9.5200,9.5200,8.5800,8.6500,18565600
20131106,10.4700,10.4700,9.7800,9.9000,26731700
20131107,10.2000,10.2500,9.7800,10.0000,24244400
20131108,9.6100,10.4400,9.5600,10.0800,19011000
20131111,9.9000,9.9400,9.3100,9.7000,16338900
20131112,9.9600,10.7400,9.7200,9.8200,23625800
20131113,9.5400,9.7500,9.3200,9.6000,10870300
20131114,10.4900,10.4900,9.1900,9.4400,19387700
20131115,11.1000,11.4400,10.2300,10.5000,26174900
20131118,11.0800,11.3700,10.8100,10.8900,18810000
20131119,11.4700,12.1000,10.8200,10.9200,20719600
20131120,12.3400,12.4800,11.2100,11.3000,21703200
20131121,12.3600,12.6300,12.0200,12.0500,18391700
20131122,11.9700,12.5900,11.8500,12.2200,14947300
20131125,11.6000,12.2000,11.5100,11.7100,14123500
20131126,12.0000,12.5000,11.7000,11.7000,14970900
20131127,11.9500,12.3700,11.7400,11.9300,14342300
20131128,12.7400,13.0500,11.8000,11.8800,19701300
20131129,13.1300,13.2000,12.6000,12.6100,16296200
20131202,13.1000,14.4000,12.3600,12.5000,25783200
20131203,14.4100,14.4100,12.6600,12.6600,43046500
20131204,15.8500,15.8500,14.6000,14.7800,31512700
20131205,16.8300,17.4400,16.3800,16.5000,50976800
20131206,15.4200,17.1800,15.1900,16.9700,43320800
20131209,15.8800,16.4700,15.2000,15.2000,34939700
20131210,16.5600,17.4700,15.5800,15.8000,58678500
20131211,14.9000,15.4700,14.9000,15.4600,12244700
20131212,14.5000,14.8600,13.9000,14.1100,39934200
20131213,14.2200,14.7100,14.1300,14.2500,27413300
20131216,14.3000,14.4600,13.8900,13.9800,20764900
20131217,15.2000,15.3000,14.1000,14.2500,41685100
20131218,14.2300,15.8000,14.1000,15.3000,37176500
20131219,14.2600,14.8000,13.8000,14.0200,23855100
20131220,13.1000,14.2600,12.9000,14.2600,28219000
20131223,12.9000,13.1900,12.4700,13.0700,15976900
20131224,13.2100,13.2900,12.8000,12.9400,21489900
20131225,13.3200,13.5800,13.0000,13.1400,20357500
20131226,12.9500,13.7900,12.9000,13.3500,21058000
20131227,13.3300,13.4600,12.6100,12.7000,16489700
20131230,13.2700,13.6800,13.1600,13.6000,14258200
20131231,12.3200,13.2400,12.2400,13.2000,23456100
20140101,12.3200,12.3200,12.3200,12.3200,0
20140102,12.7400,12.8800,12.3000,12.3600,16552300
20140103,13.5600,14.0100,13.1000,13.1000,43519800
20140106,12.6800,13.3000,12.6600,13.3000,22659300
20140107,12.6100,12.9100,12.3200,12.3700,12567600
20140108,13.1200,13.4400,12.4800,12.5900,21375600
20140109,13.2700,13.5500,12.7800,12.9500,24274800
20140110,12.5500,13.3500,12.3200,13.1000,15008000
20140113,12.1700,12.7700,12.0900,12.4600,11510000
20140114,12.9400,12.9900,12.2200,12.2200,14249200
20140115,13.0200,13.2300,12.7200,12.8100,16241800
20140116,13.8000,13.8000,12.8600,13.0200,27571300
20140117,13.3800,13.6500,13.2100,13.5700,16929300
20140120,13.9400,14.0500,13.2000,13.3400,22375400
20140121,14.2600,14.4500,13.6500,13.7000,24894400
20140122,14.1800,14.3700,14.0300,14.1300,16933500
20140123,14.3300,14.5200,13.7200,14.1100,21464700
20140124,14.4900,15.2000,14.4000,14.9000,27807900
20140127,15.1400,15.8900,14.5800,14.6900,30087300
20140128,14.5800,15.2900,14.2000,14.8800,16575600
20140129,14.7000,14.8800,14.3000,14.4400,14379300
20140130,13.9700,14.6600,13.9000,14.6000,11048900
20140131,13.9700,13.9700,13.9700,13.9700,0
20140203,13.9700,13.9700,13.9700,13.9700,0
20140205,13.9700,13.9700,13.9700,13.9700,0
20140206,13.9700,13.9700,13.9700,13.9700,0
20140207,15.1000,15.2000,13.6000,13.6200,17857700
20140210,16.1500,16.4600,15.1800,15.4800,31233900
20140211,15.6900,16.0800,15.1900,15.9000,19521800
20140212,16.1600,16.7000,15.5700,15.5800,20432900
20140213,15.9500,16.5000,15.8000,16.1600,16857600
20140214,15.8200,16.2300,15.3600,15.9500,13296000
20140217,16.3500,16.4000,15.5000,15.8500,17464400
20140218,15.8600,16.3500,15.7000,16.3500,13928700
20140219,15.4300,16.1800,15.2600,15.8800,13214700
20140220,14.8500,15.5800,14.7200,15.5000,11144600
20140221,15.5100,15.5400,14.9000,14.9000,12377600
20140224,15.3400,15.4200,15.0900,15.3900,8573500
20140225,15.0700,16.2900,14.8800,15.3100,21958000
