20130226,4.3000,4.4200,4.2900,4.3500,3626000
20130227,4.2800,4.3500,4.2600,4.3100,2638500
20130228,4.3700,4.3700,4.2600,4.2900,4167300
20130301,4.4000,4.4000,4.3200,4.4000,4836300
20130304,4.2500,4.4000,4.2200,4.3800,6172900
20130305,4.3600,4.3600,4.2400,4.2700,3533900
20130306,4.4400,4.4600,4.3400,4.3500,7198300
20130307,4.4800,4.5100,4.3800,4.4400,7068000
20130308,4.4100,4.4800,4.3900,4.4700,3820900
20130311,4.5100,4.5200,4.4000,4.4000,6870400
20130312,4.3600,4.5200,4.3000,4.5100,6731400
20130313,4.2300,4.3600,4.1500,4.3600,4328900
20130314,4.2400,4.2900,4.1800,4.1800,1936600
20130315,4.2300,4.3000,4.1700,4.2400,2001100
20130318,4.1100,4.2300,4.0900,4.2100,2853400
20130319,4.1300,4.1500,4.0700,4.0900,1682200
20130320,4.2300,4.2300,4.1200,4.1400,3090300
20130321,4.3100,4.3700,4.2000,4.2400,5483700
20130322,4.3700,4.4200,4.2500,4.2900,6908200
20130325,4.3000,4.3700,4.2900,4.3400,3875700
20130326,4.2100,4.2900,4.1900,4.2900,2971200
20130327,4.2100,4.2500,4.1700,4.2100,2251700
20130328,4.0400,4.2100,4.0400,4.2100,3161300
20130329,4.0500,4.0900,4.0300,4.0800,1737300
20130401,4.1100,4.1500,4.0600,4.0700,1604500
20130402,4.0400,4.1400,4.0100,4.1000,2280400
20130403,3.9700,4.0700,3.9600,4.0300,2186100
20130404,3.9700,3.9700,3.9700,3.9700,0
20130405,3.9700,3.9700,3.9700,3.9700,0
20130408,3.9800,3.9900,3.8600,3.9400,2080600
20130409,4.0300,4.0400,3.9400,3.9600,1926800
20130410,4.0000,4.0300,3.9600,4.0200,1374500
20130411,4.0200,4.0400,3.9700,4.0200,1938200
20130412,3.9400,4.0200,3.9300,4.0200,1448300
20130415,3.8800,3.9300,3.8600,3.9000,1415200
20130416,3.9100,3.9100,3.8000,3.8600,1778200
20130417,3.9500,3.9500,3.8800,3.9000,1433600
20130418,3.9400,3.9600,3.9000,3.9200,1192000
20130419,4.0200,4.0400,3.9200,3.9200,2154300
20130422,3.9800,4.0200,3.9700,3.9800,1150000
20130423,3.9000,4.0200,3.8800,3.9800,2114400
20130424,3.9600,3.9700,3.8800,3.9000,2162000
20130425,3.8500,3.9500,3.8400,3.9500,1775200
20130426,3.8100,3.8800,3.8000,3.8800,1517800
20130429,3.8100,3.8100,3.8100,3.8100,0
20130430,3.8100,3.8100,3.8100,3.8100,0
20130501,3.8100,3.8100,3.8100,3.8100,0
20130502,3.8300,3.8700,3.7900,3.7900,847300
20130503,3.9000,3.9100,3.8100,3.8200,1415000
20130506,3.9800,4.0300,3.8800,3.9100,2553800
20130507,3.9500,3.9800,3.9300,3.9800,1576400
20130508,3.9800,3.9900,3.9300,3.9800,1667000
20130509,4.0800,4.0800,3.9400,3.9800,5994100
20130510,4.0800,4.1900,4.0200,4.1400,2765000
20130513,4.0500,4.0900,4.0100,4.0900,1918200
20130514,4.0800,4.1900,4.0100,4.1400,2962800
20130515,4.2400,4.2500,4.0600,4.0600,12148000
20130516,4.1500,4.3700,4.1100,4.2600,16123300
20130517,4.1400,4.1500,4.0300,4.0600,9066800
20130520,4.1500,4.1900,4.0900,4.1100,6474100
20130521,4.2000,4.2100,4.1300,4.1600,5158200
20130522,4.1300,4.2300,4.1200,4.2300,5031100
20130523,4.1000,4.1600,4.0700,4.1400,3471300
20130524,4.1500,4.1500,4.0900,4.1000,3212200
20130527,4.1600,4.2000,4.1400,4.1400,3113900
20130528,4.1800,4.1900,4.1200,4.1700,3522000
20130529,4.1800,4.2000,4.1400,4.1900,3246100
20130530,4.1600,4.1900,4.1500,4.1600,3438200
20130531,4.1900,4.2800,4.1600,4.1700,7908400
20130603,4.1500,4.2100,4.1300,4.1900,3309000
20130604,4.0100,4.1500,3.9900,4.1400,4623800
20130605,4.0300,4.0400,4.0000,4.0100,1800100
20130606,3.9300,4.0400,3.9300,4.0300,2380600
20130607,3.8500,3.9500,3.8500,3.9500,2523800
20130610,3.8500,3.8500,3.8500,3.8500,0
20130611,3.8500,3.8500,3.8500,3.8500,0
20130612,3.8500,3.8500,3.8500,3.8500,0
20130613,3.7700,3.8400,3.7300,3.8400,2235900
20130614,3.8200,3.8200,3.7600,3.7600,1663500
20130617,3.8900,3.9100,3.7600,3.8200,2458400
20130618,3.8700,3.9900,3.8600,3.8900,3513200
20130619,4.1300,4.1700,3.7600,3.8300,7796500
20130620,3.9600,4.1000,3.9400,4.0600,3466500
20130621,3.9800,4.0200,3.8700,3.9100,2584300
20130624,3.6200,3.9800,3.5800,3.9800,3708200
20130625,3.5000,3.6700,3.3100,3.6000,3490600
20130626,3.4700,3.5900,3.4400,3.5000,2377200
20130627,3.5100,3.6500,3.4900,3.5100,6186900
20130628,3.4500,3.5400,3.4000,3.5000,1754800
20130701,3.4900,3.4900,3.3900,3.4700,1826000
20130702,3.4800,3.5100,3.4200,3.4800,2226400
20130703,3.4700,3.4700,3.3800,3.4500,2203200
20130704,3.5000,3.5200,3.4100,3.4500,2191600
20130705,3.4700,3.5200,3.4700,3.5200,2933400
20130708,3.3200,3.4400,3.3200,3.4300,2853200
20130709,3.3200,3.3400,3.2800,3.3100,1207900
20130710,3.4200,3.4300,3.3000,3.3200,1849100
20130711,3.4900,3.5300,3.4100,3.4200,4646700
20130712,3.4200,3.5100,3.4100,3.5000,4065800
20130715,3.4600,3.4700,3.4100,3.4200,3196600
20130716,3.4900,3.4900,3.4200,3.4700,4630700
20130717,3.4600,3.5100,3.4300,3.4900,3413600
20130718,3.4100,3.4900,3.3900,3.4300,3126400
20130719,3.3400,3.4400,3.3300,3.4100,2699300
20130722,3.3900,3.3900,3.3100,3.3100,2157100
20130723,3.4800,3.5300,3.3900,3.3900,3747300
20130724,3.4800,3.5000,3.4200,3.4900,2631000
20130725,3.4300,3.4900,3.4200,3.4800,2043700
20130726,3.4100,3.4600,3.3800,3.4300,1861300
20130729,3.3900,3.4800,3.3500,3.4000,2931200
20130730,3.4000,3.4300,3.3400,3.3900,1707500
20130731,3.4300,3.4500,3.4000,3.4200,2034200
20130801,3.5100,3.5300,3.4200,3.4200,4335000
20130802,3.5000,3.5300,3.4700,3.5100,3510200
20130805,3.5500,3.5500,3.4900,3.5200,3849200
20130806,3.5900,3.6300,3.5000,3.5400,4852800
20130807,3.5800,3.6200,3.5600,3.6000,4114700
20130808,3.5500,3.6000,3.5300,3.5800,2982700
20130809,3.6600,3.8400,3.5900,3.5900,8949800
20130812,3.7000,3.7000,3.6100,3.6300,4235200
20130813,3.7300,3.7800,3.6600,3.6900,4503300
20130814,3.6900,3.7500,3.6800,3.7300,3557200
20130815,3.6500,3.7100,3.6300,3.6800,2774700
20130816,3.5800,3.7100,3.5700,3.6300,3233300
20130819,3.6200,3.6400,3.5000,3.5900,2798400
20130820,3.6200,3.6600,3.5900,3.6200,2265400
20130821,3.6600,3.6700,3.5700,3.6200,2804000
20130822,3.7500,3.7600,3.6500,3.6700,4469500
20130823,3.7700,3.8200,3.6500,3.7300,5086000
20130826,4.1200,4.1400,3.7300,3.7700,20471300
20130827,4.1000,4.1700,3.9800,4.0200,9033000
20130828,4.1000,4.1400,4.0100,4.0300,6085500
20130829,4.0400,4.1100,4.0400,4.1000,3538600
20130830,3.9500,4.0500,3.9000,4.0300,5146300
20130902,4.1200,4.2500,3.9200,3.9200,6722900
20130903,4.1400,4.2900,4.0700,4.1500,5538900
20130904,4.1400,4.3400,4.0700,4.1200,19488200
20130905,4.0400,4.1400,4.0100,4.1300,4594200
20130906,4.0100,4.0700,3.9900,4.0400,3462300
20130909,4.0300,4.0600,4.0000,4.0300,2788400
20130910,4.0600,4.0700,4.0000,4.0300,4465600
20130911,4.0500,4.0800,4.0000,4.0600,3667700
20130912,4.0600,4.0700,4.0000,4.0600,3338300
20130913,4.0500,4.0700,4.0100,4.0400,2558300
20130916,4.1700,4.2000,4.0300,4.0500,6354900
20130917,4.0100,4.1700,4.0100,4.1600,3337200
20130918,4.0600,4.0700,3.9900,4.0300,1825900
20130920,4.0600,4.0600,4.0600,4.0600,0
20130923,4.1000,4.1200,4.0400,4.0600,2134200
20130924,4.1200,4.2200,4.1100,4.1100,4038500
20130925,4.0800,4.1900,4.0600,4.1700,2716600
20130926,3.9300,4.0800,3.9100,4.0700,2904000
20130927,3.9100,3.9800,3.8800,3.9200,1901500
20130930,4.1700,4.2900,3.9100,3.9200,6813900
20131001,4.1700,4.1700,4.1700,4.1700,0
20131002,4.1700,4.1700,4.1700,4.1700,0
20131003,4.1700,4.1700,4.1700,4.1700,0
20131004,4.1700,4.1700,4.1700,4.1700,0
20131007,4.1700,4.1700,4.1700,4.1700,0
20131008,4.2500,4.4800,4.1400,4.2400,19937600
20131009,4.3000,4.3500,4.2100,4.2400,9102000
20131010,4.1900,4.4200,4.1600,4.3100,18906000
20131011,4.2300,4.2500,4.1800,4.2100,7363900
20131014,4.2100,4.2600,4.1800,4.2200,5242500
20131015,4.1800,4.2500,4.1500,4.2000,5019500
20131016,4.2200,4.3000,4.1200,4.1800,7335600
20131017,4.1700,4.3200,4.1600,4.2400,5250300
20131018,4.0300,4.1700,4.0000,4.1700,7476700
20131021,4.0900,4.1000,4.0100,4.0400,4500200
20131022,4.1200,4.1700,4.0800,4.1100,5058800
20131023,4.0100,4.1300,3.9600,4.1000,4657400
20131024,3.9800,4.0200,3.9600,4.0100,2161300
20131025,4.0300,4.0600,3.9200,4.0100,3200100
20131028,3.8500,4.0300,3.8300,4.0300,4441700
20131029,3.6900,3.8900,3.6300,3.8200,5179900
20131030,3.7500,3.7600,3.6900,3.7100,1979600
20131031,3.7700,3.7900,3.7200,3.7200,2160500
20131101,3.7400,3.7900,3.7100,3.7900,1604900
20131104,3.7600,3.7800,3.7400,3.7600,1171700
20131105,3.7800,3.7900,3.6800,3.7600,2725200
20131106,3.7100,3.7800,3.7100,3.7600,2964300
20131107,3.6500,3.7200,3.6300,3.7100,2895300
20131108,3.5900,3.6600,3.5600,3.6500,2334100
20131111,3.6600,3.6900,3.5600,3.6100,2237700
20131112,3.7000,3.7200,3.6500,3.6600,1655000
20131113,3.6400,3.7100,3.6400,3.7100,1467300
20131114,3.6900,3.7100,3.6000,3.6300,1553300
20131115,3.7300,3.8100,3.6900,3.6900,3591500
20131118,3.8000,3.8400,3.7300,3.7600,3513300
20131119,3.8800,3.9000,3.7800,3.8100,3680700
20131120,3.9000,3.9100,3.8200,3.8800,2518700
20131121,3.8700,3.9100,3.8400,3.9000,2064100
20131122,3.8600,3.9000,3.8500,3.8600,1815700
20131125,3.8800,3.9200,3.8300,3.8300,1479300
20131126,3.8800,3.9700,3.8500,3.8900,2119700
20131127,3.9000,3.9200,3.8400,3.8600,1846600
20131128,3.9200,3.9600,3.8800,3.9000,2863500
20131129,3.9600,3.9700,3.9000,3.9100,2220400
20131202,3.7500,3.9300,3.7400,3.9300,3752300
20131203,3.8300,3.8600,3.7400,3.8000,1665500
20131204,3.8900,3.9200,3.7900,3.8100,2191700
20131205,3.9100,3.9200,3.8600,3.9100,1773800
20131206,3.9200,3.9300,3.8800,3.9000,1875100
20131209,3.9600,3.9800,3.9100,3.9200,3016000
20131210,3.9500,3.9800,3.9300,3.9600,2051900
20131211,3.8900,3.9600,3.8700,3.9400,2052900
20131212,3.9300,3.9300,3.8700,3.9000,1432700
20131213,3.9200,3.9500,3.8800,3.9000,2274700
20131216,4.0000,4.0300,3.8600,3.9200,7478800
20131217,4.0300,4.0800,3.9500,4.0100,7527300
20131218,3.9000,4.0400,3.9000,4.0000,4504800
20131219,3.8700,3.9400,3.8700,3.9000,2011500
20131220,3.7500,3.8800,3.7300,3.8600,3098300
20131223,3.7200,3.7800,3.6900,3.7600,1263900
20131224,3.7400,3.7700,3.6700,3.7200,1438200
20131225,3.7900,3.7900,3.7200,3.7700,1381300
20131226,3.7000,3.7900,3.7000,3.7900,1184600
20131227,3.7300,3.7400,3.6800,3.7300,3842900
20131230,3.7100,3.7600,3.7000,3.7300,1982900
20131231,3.7500,3.7700,3.7000,3.7100,1681100
20140101,3.7500,3.7500,3.7500,3.7500,0
20140102,3.7900,3.8100,3.7200,3.7400,2721000
20140103,3.7600,3.8200,3.7500,3.7800,2331700
20140106,3.6500,3.8100,3.6200,3.7500,2840000
20140107,3.6700,3.6900,3.6100,3.6300,1273300
20140108,3.6200,3.6900,3.6000,3.6800,1783300
20140109,3.5600,3.6500,3.5600,3.6100,1598500
20140110,3.4900,3.5800,3.4600,3.5800,1618200
20140113,3.4800,3.5200,3.4500,3.4800,901100
20140114,3.5900,3.5900,3.4800,3.5300,1394500
20140115,3.5600,3.6000,3.5400,3.5900,926400
20140116,3.5400,3.6000,3.5400,3.5500,1329500
20140117,3.5200,3.5800,3.5200,3.5400,1226300
20140120,3.4800,3.5500,3.4600,3.5100,1019800
20140121,3.5500,3.5500,3.4800,3.4800,1156100
20140122,3.6700,3.6900,3.5300,3.5400,2793900
20140123,3.6800,3.7600,3.6700,3.7000,3099200
20140124,3.7100,3.7200,3.6500,3.6800,1896300
20140127,3.6600,3.7300,3.6500,3.7000,1974100
20140128,3.7000,3.7300,3.6600,3.6600,1972800
20140129,3.7200,3.7500,3.6900,3.7500,889500
20140130,3.7300,3.8300,3.6900,3.7300,2164500
20140131,3.7300,3.7300,3.7300,3.7300,0
20140203,3.7300,3.7300,3.7300,3.7300,0
20140205,3.7300,3.7300,3.7300,3.7300,0
20140206,3.7300,3.7300,3.7300,3.7300,0
20140207,3.7600,3.7600,3.6900,3.7300,1816200
20140210,3.8600,3.8700,3.7300,3.7600,3610100
20140211,3.8400,3.8800,3.8300,3.8600,2355500
20140212,4.0400,4.1200,3.8200,3.8400,9299500
20140213,4.0500,4.2700,3.9500,4.0400,8004900
20140214,4.0900,4.1000,4.0200,4.0500,5460500
20140217,4.0900,4.1200,4.0400,4.1000,3812500
20140218,4.0700,4.1000,3.9800,4.1000,6227400
20140219,4.0800,4.1100,4.0000,4.0500,5391500
20140220,4.0500,4.1000,4.0100,4.0900,3859300
20140221,4.0200,4.0600,3.9500,4.0500,3580600
20140224,3.9100,4.0000,3.8700,3.9900,5183300
20140225,3.8000,3.9700,3.7800,3.9100,5078400
