20130226,6.4800,6.5400,5.6500,5.9500,14659800
20130227,6.1400,6.3300,6.1200,6.2200,11140500
20130228,6.0700,6.1900,5.9800,6.1300,5704600
20130301,6.1000,6.1300,6.0100,6.0500,3914500
20130304,5.8200,6.0800,5.8000,6.0800,4015100
20130305,5.9000,5.9200,5.7600,5.8100,2446800
20130306,5.9900,6.0300,5.8800,5.9000,3093100
20130307,5.9000,6.0300,5.8800,6.0000,2715000
20130308,5.9900,6.1100,5.8800,5.9100,3107300
20130311,6.0200,6.0500,5.9200,5.9600,2426600
20130312,5.9000,6.1000,5.8400,6.0300,2880300
20130313,5.8300,5.9200,5.8200,5.8800,1307400
20130314,5.8200,5.8800,5.8000,5.8200,896400
20130315,5.8500,5.8900,5.7900,5.8100,936600
20130318,5.7100,5.9300,5.6600,5.8100,1408500
20130319,5.6100,5.7400,5.5200,5.7100,1669400
20130320,5.6900,5.7000,5.5800,5.6100,1869100
20130321,5.7200,5.7600,5.6700,5.7000,1740400
20130322,5.7500,5.7600,5.6800,5.7000,1359500
20130325,5.7300,5.7800,5.7100,5.7500,1033900
20130326,5.6400,5.7300,5.6200,5.7100,1334300
20130327,5.6500,5.7300,5.6200,5.6600,822100
20130328,5.4400,5.6500,5.4400,5.6500,1594300
20130329,5.4600,5.4900,5.4000,5.4000,932100
20130401,5.4800,5.5600,5.4300,5.4600,991900
20130402,5.4300,5.5400,5.4200,5.5100,745300
20130403,5.3600,5.4900,5.3500,5.4400,1042500
20130404,5.3600,5.3600,5.3600,5.3600,0
20130405,5.3600,5.3600,5.3600,5.3600,0
20130408,5.3000,5.3600,5.1800,5.3600,1073900
20130409,5.4000,5.4200,5.3000,5.3000,896600
20130410,5.4500,5.5200,5.3700,5.4100,1172500
20130411,5.3500,5.4400,5.3100,5.4000,1306400
20130412,5.3600,5.4800,5.3100,5.3100,1617700
20130415,5.3300,5.3900,5.2200,5.3000,1189400
20130416,5.3800,5.3800,5.1800,5.2900,1026900
20130417,5.3800,5.4100,5.3000,5.3400,855200
20130418,5.3700,5.4300,5.3000,5.3000,779100
20130419,5.4700,5.5100,5.3700,5.3700,1670700
20130422,5.5200,5.5500,5.4100,5.4700,1587900
20130423,5.3000,5.4700,5.2600,5.4500,1792400
20130424,5.3500,5.3600,5.2600,5.3000,1121700
20130425,5.1000,5.3500,5.1000,5.3300,1496200
20130426,4.9900,5.1700,4.9800,5.1200,1994600
20130429,4.9900,4.9900,4.9900,4.9900,0
20130430,4.9900,4.9900,4.9900,4.9900,0
20130501,4.9900,4.9900,4.9900,4.9900,0
20130502,5.0100,5.0500,4.9600,4.9900,966000
20130503,5.0900,5.1200,5.0100,5.0100,1059400
20130506,5.1500,5.1700,5.0700,5.0900,981500
20130507,5.1400,5.1900,5.1200,5.1500,1053100
20130508,5.1800,5.2000,5.1400,5.1400,1008600
20130509,5.1700,5.1800,5.1200,5.1800,1109000
20130510,5.2200,5.2200,5.1600,5.1600,1425800
20130513,5.2200,5.2400,5.1800,5.2100,1545300
20130514,5.2300,5.2400,5.1200,5.2300,2048400
20130515,5.2400,5.2400,5.1600,5.2200,1350500
20130516,5.2800,5.3300,5.2000,5.2300,2157100
20130517,5.3500,5.3700,5.2600,5.3100,2112500
20130520,5.4100,5.4400,5.3400,5.3500,2395800
20130521,5.4400,5.4700,5.3800,5.4100,2063800
20130522,5.4100,5.5200,5.3900,5.4500,2881200
20130523,5.4100,5.5000,5.3500,5.3600,1958500
20130524,5.4800,5.4900,5.4000,5.4000,1642600
20130527,5.4900,5.5400,5.4500,5.4800,1770900
20130528,5.5100,5.5400,5.4100,5.4900,2010400
20130529,5.5900,5.6000,5.5000,5.5400,2711400
20130530,5.5500,5.5900,5.5300,5.5500,2029900
20130531,5.5100,5.5900,5.5100,5.5700,1594100
20130603,5.5000,5.5300,5.4500,5.4900,1788900
20130604,5.3400,5.5000,5.3200,5.4900,2136100
20130605,5.3400,5.3800,5.3000,5.3200,1386300
20130606,5.2600,5.3800,5.2600,5.3500,1062600
20130607,5.2000,5.3000,5.1500,5.2600,1006300
20130610,5.2000,5.2000,5.2000,5.2000,0
20130611,5.2000,5.2000,5.2000,5.2000,0
20130612,5.2000,5.2000,5.2000,5.2000,0
20130613,5.0300,5.1600,4.9800,5.1600,1601600
20130614,5.0800,5.1000,5.0300,5.0300,840800
20130617,5.0600,5.1300,5.0500,5.0900,969900
20130618,5.0600,5.1000,5.0300,5.0900,778000
20130619,5.0900,5.0900,4.9900,5.0700,917800
20130620,4.9600,5.0800,4.9500,5.0800,944000
20130621,4.9100,4.9700,4.7600,4.9100,1057100
20130624,4.5800,4.8900,4.5100,4.8900,1687400
20130625,4.4700,4.6300,4.1400,4.5000,1519400
20130626,4.7300,4.7900,4.3800,4.4400,2380000
20130627,4.7700,4.9300,4.7500,4.8000,4677000
20130628,4.5800,4.7800,4.5500,4.7000,1484300
20130701,4.5400,4.5700,4.4300,4.5200,1366000
20130702,4.5600,4.6300,4.4700,4.5600,1177000
20130703,4.4700,4.5600,4.3500,4.5400,1222900
20130704,4.5400,4.5800,4.3800,4.4500,1423700
20130705,4.5400,4.6000,4.5100,4.5400,1104800
20130708,4.3700,4.5100,4.3600,4.4500,1155600
20130709,4.3600,4.4100,4.3300,4.3700,550300
20130710,4.4800,4.5000,4.3400,4.3700,711900
20130711,4.5900,4.6400,4.4800,4.4800,1373600
20130712,4.5200,4.6900,4.5100,4.6000,1080300
20130715,4.5700,4.6100,4.5300,4.5800,1109400
20130716,4.6700,4.7000,4.5600,4.5900,1293700
20130717,4.6800,4.7300,4.6000,4.6800,2033500
20130718,4.8200,4.8700,4.5900,4.6700,4015000
20130719,4.5300,4.7900,4.5100,4.7800,2465300
20130722,4.5000,4.5200,4.4000,4.5000,1545600
20130723,4.6300,4.6500,4.4900,4.4900,1368800
20130724,4.6100,4.6600,4.5300,4.6000,1288200
20130725,4.6100,4.6900,4.5700,4.5800,1162300
20130726,4.6200,4.6800,4.5200,4.5200,1221900
20130729,4.7100,4.7100,4.5300,4.6000,2272000
20130730,5.0400,5.0700,4.6100,4.7100,9078100
20130731,5.0600,5.2800,4.9000,4.9300,13305900
20130801,5.0300,5.0600,4.8800,4.9500,5147600
20130802,5.1000,5.1200,4.9100,5.0300,5338400
20130805,5.3000,5.3700,5.0100,5.0800,8078900
20130806,5.2400,5.3300,5.1700,5.2500,4913800
20130807,5.1800,5.3200,5.1800,5.2300,3764500
20130808,5.0700,5.1800,5.0600,5.1800,3259500
20130809,5.0600,5.1300,4.9900,5.0700,2703000
20130812,5.0900,5.1000,5.0300,5.0600,3367100
20130813,5.1600,5.1800,5.0400,5.0800,4315600
20130814,5.0200,5.2000,4.9700,5.1600,3843600
20130815,4.9300,5.0500,4.9200,5.0300,2391000
20130816,4.7900,5.0200,4.7600,4.9000,2816100
20130819,4.8800,4.8800,4.7600,4.7600,1470800
20130820,4.8600,4.9100,4.8200,4.8500,1758400
20130821,4.9200,4.9300,4.8200,4.8600,1656500
20130822,4.9600,5.0000,4.8800,4.9200,2106500
20130823,4.8700,4.9900,4.8000,4.9600,1667800
20130826,4.9600,4.9600,4.8400,4.8600,1629700
20130827,5.1300,5.2100,4.9500,4.9800,4112900
20130828,5.3000,5.3600,5.0200,5.1000,7745900
20130829,5.7200,5.8300,5.2700,5.3000,23883000
20130830,5.8800,5.8900,5.5600,5.6500,17406300
20130902,5.6000,5.9000,5.5700,5.8400,13347400
20130903,5.5700,5.5800,5.3700,5.5500,6596800
20130904,5.5600,5.7300,5.4800,5.5200,5060800
20130905,5.5000,5.6300,5.4200,5.4700,3525600
20130906,5.6200,5.6400,5.4300,5.4700,4463000
20130909,5.5600,5.6500,5.5100,5.6200,5016400
20130910,5.4600,5.5600,5.4100,5.5400,5285800
20130911,5.3900,5.5100,5.3100,5.4600,6148000
20130912,5.7300,5.7900,5.3700,5.4200,10000000
20130913,5.5300,5.7000,5.5200,5.6600,5485200
20130916,5.4400,5.5300,5.4000,5.4700,3905100
20130917,5.3000,5.4200,5.2900,5.4000,4247800
20130918,5.3100,5.3500,5.2000,5.3000,2137300
20130920,5.3100,5.3100,5.3100,5.3100,0
20130923,5.3600,5.3900,5.2400,5.3100,2295900
20130924,5.4000,5.4500,5.3400,5.3700,2576100
20130925,5.3600,5.4500,5.3500,5.4000,2465900
20130926,5.1900,5.3800,5.1800,5.3800,2964200
20130927,5.1900,5.2400,5.1700,5.1700,1411600
20130930,5.4000,5.4200,5.1500,5.2100,3356800
20131001,5.4000,5.4000,5.4000,5.4000,0
20131002,5.4000,5.4000,5.4000,5.4000,0
20131003,5.4000,5.4000,5.4000,5.4000,0
20131004,5.4000,5.4000,5.4000,5.4000,0
20131007,5.4000,5.4000,5.4000,5.4000,0
20131008,5.4300,5.4800,5.3300,5.3800,2880600
20131009,5.9000,5.9700,5.3700,5.4100,15867800
20131010,6.1200,6.2000,5.8100,5.9100,26329900
20131011,6.1900,6.5700,6.0000,6.0500,18955800
20131014,5.9700,6.1000,5.9500,6.0700,11927400
20131015,5.8700,5.9800,5.8100,5.9800,7439600
20131016,5.9000,5.9800,5.8000,5.8500,6407100
20131017,5.7400,5.9600,5.7100,5.9200,5332600
20131018,5.8200,5.8800,5.6900,5.7300,3323900
20131021,5.9000,5.9000,5.7500,5.8600,4687300
20131022,5.8300,5.9400,5.7700,5.9400,3997100
20131023,5.6800,5.8500,5.6500,5.7900,3613000
20131024,5.7200,5.7700,5.6400,5.7000,1952800
20131025,5.5600,5.7500,5.5500,5.6800,2447000
20131028,5.7100,5.7400,5.4400,5.5800,3423500
20131029,5.9300,5.9700,5.5100,5.7200,11330000
20131030,6.0000,6.0400,5.8100,5.9200,7269400
20131031,5.7100,5.9700,5.7100,5.9700,4932800
20131101,5.6000,5.7100,5.5100,5.6200,3668000
20131104,5.7400,5.7400,5.5300,5.6000,2569600
20131105,5.7600,5.7900,5.5600,5.7300,2894700
20131106,5.8000,5.9500,5.7500,5.7900,6120700
20131107,5.5800,5.7900,5.5700,5.7600,3592800
20131108,5.5500,5.6300,5.4300,5.5000,3091100
20131111,5.6400,5.6400,5.5000,5.5000,1745700
20131112,5.6300,5.6500,5.5300,5.6300,2040400
20131113,5.5700,5.7100,5.5500,5.6500,2655000
20131114,5.5300,5.5800,5.4300,5.5200,2378100
20131115,5.8400,5.8500,5.5000,5.5000,6942100
20131118,5.9000,6.0000,5.8000,5.8100,7064600
20131119,5.9200,5.9800,5.8200,5.8900,4626300
20131120,5.9600,5.9800,5.8600,5.9200,4766000
20131121,5.8300,5.9600,5.8100,5.9500,4665000
20131122,5.8900,6.0300,5.8200,5.8200,5612000
20131125,5.9000,6.1000,5.8800,6.1000,5152900
20131126,5.8600,5.9200,5.8100,5.8600,3283600
20131127,6.1800,6.2600,5.8200,5.8500,11272100
20131128,6.0600,6.2000,6.0600,6.1000,6522200
20131129,6.1200,6.2500,6.0500,6.0600,7605300
20131202,5.5500,5.9600,5.5100,5.9600,8350700
20131203,5.7000,5.7500,5.4600,5.5000,3659100
20131204,5.7600,5.8500,5.6400,5.7000,4270500
20131205,5.7300,5.7900,5.7000,5.7900,2975500
20131206,5.7100,5.7500,5.6700,5.7100,1858300
20131209,5.7900,5.7900,5.7000,5.7100,1827700
20131210,5.8300,5.9200,5.7600,5.8300,2620300
20131211,5.6600,5.8300,5.6200,5.8300,2406500
20131212,5.6800,5.7200,5.6200,5.6200,1629500
20131213,5.7600,5.7700,5.6000,5.6600,2073200
20131216,5.7800,5.8500,5.7200,5.8000,2190200
20131217,5.8700,5.9300,5.6300,5.7800,4369100
20131218,5.9500,6.0000,5.8300,5.8300,4650500
20131219,5.7800,6.0000,5.7600,5.9500,2892100
20131220,5.5600,5.8200,5.4900,5.8000,3726900
20131223,5.5300,5.5800,5.3300,5.5100,1932400
20131224,5.4900,5.6000,5.4200,5.5500,1939400
20131225,5.5400,5.5500,5.4200,5.4700,1415400
20131226,5.2200,5.5600,5.2200,5.5400,2833500
20131227,5.3200,5.3700,5.2200,5.2400,2445500
20131230,5.4300,5.4600,5.3100,5.3900,2290000
20131231,5.4500,5.4500,5.3400,5.4100,1939300
20140101,5.4500,5.4500,5.4500,5.4500,0
20140102,5.4200,5.4500,5.3300,5.4500,2486700
20140103,5.3300,5.4100,5.2800,5.4100,1851600
20140106,5.1000,5.3400,5.0900,5.3400,2375700
20140107,5.1300,5.1900,5.0600,5.1100,1267700
20140108,5.0700,5.2100,5.0500,5.1500,1664600
20140109,5.0000,5.1600,4.9800,5.0500,1816200
20140110,5.0100,5.0700,4.9400,5.0200,1139800
20140113,4.9600,5.1000,4.9000,5.0000,1282100
20140114,5.2200,5.2700,4.9400,4.9700,2899400
20140115,5.1800,5.2600,5.1500,5.2200,1775000
20140116,5.1700,5.2400,5.1700,5.2300,1427600
20140117,5.0600,5.2000,5.0400,5.1300,1238200
20140120,5.0800,5.1100,4.9800,4.9800,745100
20140121,5.1500,5.1700,5.0600,5.0600,953200
20140122,5.3800,5.6700,5.1500,5.1600,2985700
20140123,5.4200,5.4800,5.3200,5.3400,2367900
20140124,5.4000,5.4600,5.3600,5.4200,2365600
20140127,5.3800,5.4500,5.3600,5.3700,1748100
20140128,5.3600,5.4400,5.3200,5.3800,916700
20140129,5.2800,5.3800,5.2400,5.3500,1932600
20140130,5.3300,5.4000,5.2800,5.3200,1056800
20140131,5.3300,5.3300,5.3300,5.3300,0
20140203,5.3300,5.3300,5.3300,5.3300,0
20140205,5.3300,5.3300,5.3300,5.3300,0
20140206,5.3300,5.3300,5.3300,5.3300,0
20140207,5.4400,5.4500,5.2800,5.3000,1741800
20140210,5.5700,5.6400,5.4600,5.4900,3888800
20140211,5.6100,5.6700,5.5400,5.6500,3605200
20140212,5.7200,5.7500,5.5500,5.6000,3788100
20140213,5.5800,5.8100,5.5800,5.8100,3972700
20140214,5.7200,5.7800,5.5800,5.6200,3354800
20140217,5.9200,6.0300,5.7000,5.7200,7067200
20140218,5.8800,5.9700,5.8500,5.8800,4932000
20140219,5.9000,6.0900,5.8700,5.9000,5050900
20140220,5.8800,5.9700,5.7400,5.9200,4650200
20140221,5.8100,5.9500,5.7200,5.8800,3522800
20140224,6.0300,6.0500,5.6900,5.7600,5544400
20140225,5.7800,6.0900,5.7600,6.0100,8147000
