20130226,16.1000,16.6500,16.1000,16.2500,609300
20130227,16.3900,16.7400,16.3100,16.3100,509300
20130228,16.6500,16.7800,16.3000,16.3100,896800
20130301,16.5000,16.8700,16.3400,16.6800,1176800
20130304,15.6000,16.3500,15.6000,16.3000,1196900
20130305,15.7800,15.8900,15.6000,15.6000,1104400
20130306,15.9400,15.9900,15.8100,15.8200,1385200
20130307,16.3700,16.6800,15.9000,15.9400,2083600
20130308,16.4000,18.0000,16.3500,17.3000,2839700
20130311,16.6500,16.7900,15.6900,15.8500,1553000
20130312,16.0200,16.8300,15.7800,16.6200,1166000
20130313,16.2000,16.2300,15.8700,15.9800,494500
20130314,16.4600,16.6600,16.0300,16.3100,987700
20130315,16.7700,16.8800,16.4000,16.4600,1590100
20130318,16.2800,16.8700,16.2600,16.6300,1012200
20130319,16.4600,16.4600,15.5000,16.1300,805600
20130320,16.7600,16.7900,16.3500,16.3700,1543800
20130321,16.7400,16.9300,16.6200,16.8000,1083800
20130322,16.6600,16.7900,16.5000,16.7000,809600
20130325,16.9200,17.2700,16.6200,16.6200,2194300
20130326,17.0600,17.1200,16.4600,16.9400,1125300
20130327,17.0900,17.3600,17.0400,17.2100,1594200
20130328,16.2700,16.8300,16.0800,16.8300,1293700
20130329,16.2700,16.5500,16.2000,16.2600,552000
20130401,16.1500,16.4100,16.0500,16.0700,379200
20130402,16.2000,16.6800,16.1500,16.1500,582900
20130403,16.0900,16.5100,16.0900,16.2000,696400
20130404,16.0900,16.0900,16.0900,16.0900,0
20130405,16.0900,16.0900,16.0900,16.0900,0
20130408,16.2100,16.2500,15.5100,16.0200,556900
20130409,16.4300,16.4500,16.1500,16.1500,452900
20130410,16.1600,16.4500,16.1000,16.4000,319800
20130411,16.1400,16.3700,16.1100,16.3700,410700
20130412,15.8500,16.2800,15.8000,16.1400,345300
20130415,15.1800,15.8200,15.0600,15.8200,654900
20130416,15.2900,15.3300,14.8100,15.0200,376000
20130417,15.2900,15.4400,15.1200,15.2900,276800
20130418,15.2300,15.3500,15.0800,15.3000,149800
20130419,15.7300,15.7600,15.2300,15.2500,462600
20130422,15.7600,15.7600,15.4000,15.4000,405000
20130423,15.1000,15.8000,15.0600,15.8000,658500
20130424,15.3700,15.5400,15.1300,15.1500,358300
20130425,14.7200,15.3500,14.7200,15.1800,693900
20130426,14.3500,14.9800,14.3300,14.8000,598900
20130429,14.3500,14.3500,14.3500,14.3500,0
20130430,14.3500,14.3500,14.3500,14.3500,0
20130501,14.3500,14.3500,14.3500,14.3500,0
20130502,14.7400,14.7400,14.3000,14.3600,290500
20130503,15.2900,15.8000,14.7500,14.7500,755200
20130506,15.7800,15.9000,15.3500,15.3500,956800
20130507,15.7200,15.9300,15.5100,15.7600,650300
20130508,15.7300,15.7500,15.5400,15.7200,617400
20130509,17.3000,17.3000,15.6300,15.6500,7156900
20130510,17.0400,17.5000,16.7000,17.2000,4928100
20130513,17.0300,17.0800,16.6500,17.0600,1971200
20130514,16.8600,17.0300,16.6500,16.6500,1386300
20130515,17.0600,17.1000,16.7500,16.9500,1210900
20130516,16.9100,17.6500,16.7400,17.0000,2622000
20130517,18.1000,18.4500,16.8000,16.9800,4564300
20130520,18.6900,18.7000,17.9200,18.1300,3099200
20130521,18.7000,18.9000,18.1600,18.6800,2673400
20130522,18.5000,19.1700,18.4000,18.7400,2471400
20130523,18.1800,18.6500,17.7900,18.4600,1928300
20130524,18.5400,18.5800,18.0000,18.0000,2115600
20130527,18.7500,18.9900,18.4000,18.6000,1867400
20130528,18.5600,18.8600,18.2700,18.5700,1256700
20130529,19.0500,19.3100,18.4000,18.6700,2663700
20130530,18.4800,19.1500,18.4800,19.1500,2005700
20130531,18.0000,18.7000,17.9400,18.4900,1762100
20130603,17.8200,18.1200,17.7500,18.0800,1093100
20130604,17.9400,18.4000,17.5500,17.9200,2254900
20130605,17.7600,18.7500,17.5800,18.3900,3217000
20130606,17.2300,17.6700,16.6600,17.5000,3170900
20130607,17.6700,18.5000,17.6500,17.7500,4723000
20130610,17.6700,17.6700,17.6700,17.6700,0
20130611,17.6700,17.6700,17.6700,17.6700,0
20130612,17.6700,17.6700,17.6700,17.6700,0
20130613,16.4600,17.0000,15.9000,17.0000,2393700
20130614,16.8800,17.1300,16.2300,16.3800,1967400
20130617,17.2100,17.5400,16.5200,16.8600,2215000
20130618,16.8900,17.3800,16.7400,17.2100,1276500
20130619,17.1300,17.2600,16.7000,16.9800,1471300
20130620,16.1800,17.0500,16.1100,16.8800,1406900
20130621,16.3400,16.8000,15.8300,16.0500,1899800
20130624,14.9100,16.2800,14.8000,16.2800,1829300
20130625,14.4500,14.7900,13.4200,14.7900,2108300
20130626,14.7200,14.7700,14.3000,14.3000,1436700
20130627,14.3300,15.0800,14.0200,14.7500,1396000
20130628,14.0600,14.5000,13.6100,14.0000,880500
20130701,14.4400,14.4700,13.9300,14.1700,845600
20130702,14.5000,14.9600,14.3100,14.5500,2223900
20130703,14.5300,14.5900,13.9700,14.5100,2522800
20130704,15.3000,15.7900,14.1200,14.3200,4332700
20130705,14.9200,15.7500,14.8600,15.5500,2473800
20130708,14.9200,14.9200,14.9200,14.9200,0
20130709,14.9200,14.9200,14.9200,14.9200,0
20130710,16.4100,16.4100,16.2500,16.4100,7279700
20130711,16.6000,16.9500,16.2500,16.8000,10802600
20130712,15.9800,16.5300,15.9300,16.2400,5247000
20130715,15.7700,15.9600,15.3200,15.4100,4156800
20130716,15.9100,16.0800,15.5500,15.7000,3589700
20130717,14.8500,15.8900,14.7600,15.8900,4674200
20130718,15.0300,15.4000,14.7600,14.8800,3041000
20130719,14.3500,15.0700,14.2000,14.8600,3185900
20130722,14.3600,14.4100,13.8800,14.1300,1945400
20130723,14.7900,14.8400,14.3500,14.5000,1804700
20130724,14.7100,14.8400,14.3000,14.6800,1685000
20130725,15.1000,15.2500,14.6600,14.6600,2736200
20130726,14.9200,15.2300,14.7900,15.2000,2016300
20130729,14.3000,14.9200,14.2700,14.9200,1479300
20130730,14.3500,14.4900,13.9500,14.2500,1260400
20130731,14.1500,14.4800,14.1000,14.3400,1184800
20130801,14.4700,14.5500,14.1700,14.2000,1752400
20130802,14.5500,14.8700,14.3400,14.4700,2109100
20130805,14.8300,14.9100,14.4600,14.5500,1743900
20130806,14.8900,14.9700,14.7600,14.8500,1505300
20130807,15.1700,15.2200,14.5700,14.9200,3065700
20130808,15.4100,15.5900,14.9600,14.9900,3326100
20130809,15.3300,15.5300,15.1500,15.3900,2173000
20130812,15.5600,15.6900,15.2200,15.4500,2594300
20130813,15.6900,15.7200,15.4000,15.5700,2393300
20130814,15.2800,15.7600,15.1600,15.6500,2436800
20130815,14.8600,15.3500,14.8600,15.2600,1821200
20130816,14.4700,15.0800,14.4500,14.8100,1642900
20130819,14.7100,14.7600,14.2500,14.2500,1032700
20130820,14.9000,14.9100,14.5100,14.7100,1327100
20130821,14.7200,15.0800,14.4800,15.0800,1314600
20130822,14.6500,14.8000,14.5500,14.7000,960000
20130823,14.5400,14.8000,14.2500,14.7200,1432300
20130826,14.7000,14.7500,14.4000,14.5100,1402400
20130827,14.8000,14.8600,14.6100,14.6200,1272000
20130828,14.5800,14.7500,14.5100,14.7500,1168300
20130829,14.3600,14.6600,14.2900,14.5600,1113000
20130830,14.1700,14.5400,14.1500,14.3400,1247700
20130902,14.5300,14.7700,14.1500,14.1700,1334900
20130903,14.8500,14.8600,14.5000,14.5000,1326000
20130904,14.6000,14.8800,14.5300,14.8800,996900
20130905,14.5400,14.6800,14.4600,14.6000,830200
20130906,14.6800,14.7400,14.3500,14.5200,1262900
20130909,14.6800,14.8500,14.6000,14.7100,1605200
20130910,14.7700,14.8000,14.5100,14.6000,2170600
20130911,14.6700,14.8500,14.5200,14.8200,1976000
20130912,14.4900,14.7600,14.4800,14.7600,1673900
20130913,14.7900,15.0500,14.4100,14.4800,2664900
20130916,14.6600,14.8400,14.5800,14.7500,1214800
20130917,14.6500,14.9800,14.6200,14.8100,2516100
20130918,14.5400,14.7000,14.3700,14.6800,1403100
20130920,14.5400,14.5400,14.5400,14.5400,0
20130923,14.6100,14.6500,14.4500,14.4600,1376800
20130924,14.7500,14.9800,14.5600,14.6100,2245800
20130925,14.4100,14.7800,14.4000,14.7000,1717400
20130926,14.1100,14.4500,14.1100,14.4200,1421900
20130927,13.8500,14.1600,13.8000,14.0800,1590100
20130930,13.8800,13.9400,13.7500,13.8500,1047700
20131001,13.8800,13.8800,13.8800,13.8800,0
20131002,13.8800,13.8800,13.8800,13.8800,0
20131003,13.8800,13.8800,13.8800,13.8800,0
20131004,13.8800,13.8800,13.8800,13.8800,0
20131007,13.8800,13.8800,13.8800,13.8800,0
20131008,14.0900,14.1400,13.8100,13.9500,1064800
20131009,14.1800,14.1900,14.0300,14.0300,1118800
20131010,13.8700,14.2400,13.8500,14.2000,1140600
20131011,13.9400,14.0900,13.8500,13.8800,1241000
20131014,13.9900,14.0500,13.9300,14.0000,1292700
20131015,14.2000,14.2900,14.0200,14.0400,1957100
20131016,13.7400,14.1900,13.7200,14.1900,1231200
20131017,13.7600,13.9600,13.5200,13.5200,1363000
20131018,13.6500,13.8700,13.6000,13.7600,924000
20131021,13.7500,13.8400,13.5500,13.6500,1499800
20131022,13.8000,14.0500,13.7200,13.7500,1721400
20131023,13.6100,13.9200,13.5000,13.9000,1584600
20131024,13.4000,13.6500,13.4000,13.5800,1098200
20131025,12.8700,13.4900,12.7800,13.3800,1662200
20131028,12.9000,13.1000,12.3200,12.7000,1500700
20131029,12.5300,13.0300,12.3000,12.9200,858500
20131030,12.6500,12.6900,12.3900,12.5000,843400
20131031,12.8600,13.0600,12.5200,12.5200,905400
20131101,12.8300,12.9600,12.7200,12.7500,493600
20131104,12.7800,12.8700,12.6800,12.8500,487100
20131105,12.8000,12.8700,12.5800,12.7200,520200
20131106,12.6800,12.8900,12.6500,12.7000,837900
20131107,12.2500,12.7400,12.2400,12.7400,777100
20131108,13.4800,13.4800,12.6000,13.1000,3807300
20131111,13.7900,14.1000,13.5300,13.7400,7118400
20131112,13.7200,13.9400,13.5100,13.7800,3167800
20131113,13.2000,13.7200,13.1800,13.7200,2538900
20131114,13.0400,13.1600,12.7000,13.0000,2042100
20131115,13.4300,13.6500,12.9200,12.9700,2588900
20131118,13.6100,13.7800,13.2300,13.4000,3243500
20131119,13.8200,13.8500,13.4100,13.6200,2279200
20131120,13.7600,13.8200,13.5400,13.7800,1442300
20131121,13.7600,13.9100,13.6200,13.7500,1599000
20131122,13.5200,13.8300,13.4300,13.7500,1268900
20131125,13.2700,13.6000,13.2600,13.3900,909500
20131126,13.4500,13.5600,13.2500,13.2700,764400
20131127,13.4600,13.5400,13.3600,13.4800,808200
20131128,13.6200,13.7400,13.4400,13.4500,1352900
20131129,13.5000,13.6600,13.4900,13.6500,1097400
20131202,12.6800,13.3600,12.4600,13.2500,1810700
20131203,12.9200,12.9500,12.5700,12.6800,805800
20131204,12.9600,13.1500,12.8500,12.9300,1098900
20131205,13.0300,13.1800,12.9300,12.9700,686900
20131206,13.0000,13.1200,12.9200,13.0000,739100
20131209,13.0400,13.1000,12.9400,12.9400,568100
20131210,13.2500,13.4500,13.0700,13.0700,1263600
20131211,13.0200,13.2500,12.9100,13.2000,582200
20131212,13.4100,13.6500,12.8800,12.9400,1662400
20131213,13.2900,13.4800,13.2000,13.3000,898400
20131216,13.0500,13.3200,13.0100,13.2900,774400
20131217,12.8400,13.1700,12.7700,13.0800,656900
20131218,12.9300,13.1300,12.8000,12.8700,354900
20131219,12.7600,13.0600,12.7500,12.9100,450300
20131220,12.6700,12.8600,12.6500,12.7700,531100
20131223,12.9100,13.1800,12.6000,12.6700,940300
20131224,13.3500,13.4900,12.9300,12.9400,2498100
20131225,13.3700,13.4500,13.2600,13.3500,1229800
20131226,13.3000,13.5500,13.2600,13.3300,1424700
20131227,13.5800,13.6200,13.3000,13.3000,1401700
20131230,13.3600,13.6100,13.3400,13.6100,1154800
20131231,13.3300,13.3800,13.1700,13.3800,756100
20140101,13.3300,13.3300,13.3300,13.3300,0
20140102,13.6700,13.8800,13.2200,13.3300,2188300
20140103,13.5200,13.7000,13.4000,13.6700,1392100
20140106,13.0300,13.6000,13.0100,13.5000,1323900
20140107,13.1000,13.1800,12.9600,13.1600,815800
20140108,13.1100,13.2800,13.0600,13.2700,1170900
20140109,12.7000,13.1300,12.6800,13.0000,1490400
20140110,12.7700,12.9400,12.6000,12.8300,881100
20140113,13.2000,13.7000,12.9800,13.1200,2408400
20140114,13.2500,13.2900,13.0100,13.2300,900000
20140115,13.0600,13.2900,13.0100,13.1400,1114700
20140116,13.4200,13.7000,12.9100,13.0700,2984900
20140117,13.1500,13.3800,13.1000,13.2600,1670200
20140120,12.7500,13.2800,12.7500,13.2200,1093100
20140121,12.9000,13.0600,12.8100,12.8300,1044900
20140122,13.1200,13.1300,12.8400,12.8900,1158200
20140123,13.2400,13.2800,13.0300,13.1300,1511800
20140124,13.7000,14.0200,13.2800,13.2900,5083700
20140127,13.7000,13.8900,13.5000,13.5800,2475700
20140128,13.5500,13.7800,13.4000,13.6700,1882400
20140129,13.8600,13.9400,13.5800,13.6400,2893100
20140130,13.3300,13.5500,13.2500,13.5500,2696400
20140131,13.3300,13.3300,13.3300,13.3300,0
20140203,13.3300,13.3300,13.3300,13.3300,0
20140205,13.3300,13.3300,13.3300,13.3300,0
20140206,13.3300,13.3300,13.3300,13.3300,0
20140207,13.9000,14.0600,13.0800,13.2000,3175100
20140210,15.2900,15.2900,14.1400,14.1400,7124600
20140211,15.8400,16.8000,15.2900,16.0000,12037600
20140212,16.0700,16.8900,15.3700,15.7900,8654200
20140213,15.9000,16.5800,15.7200,16.0100,5509200
20140214,16.0000,16.1800,15.7300,15.7300,3691100
20140217,16.2800,16.4800,15.9200,16.2800,4229700
20140218,15.7600,16.2800,15.6500,16.1500,6223100
20140219,15.6800,15.9500,15.5500,15.7400,3387200
20140220,15.4500,16.0100,15.4100,16.0100,3108000
20140221,15.2500,15.5700,15.0000,15.3800,2566900
20140224,15.3400,15.4500,15.1200,15.2800,1975600
20140225,14.2000,15.5800,14.1100,15.3600,3794600
