20130226,5.7000,5.8500,5.6900,5.6900,2256100
20130227,5.6900,5.7700,5.6600,5.6900,1138700
20130228,5.7800,5.8000,5.6300,5.6800,1490900
20130301,5.8900,5.9100,5.7500,5.7800,2608500
20130304,5.6900,5.8800,5.6000,5.8800,1962400
20130305,5.7300,5.7500,5.6300,5.6600,1344300
20130306,5.9000,5.9100,5.7000,5.7500,2579700
20130307,5.8400,5.9000,5.7600,5.9000,1551500
20130308,5.8700,5.9400,5.8200,5.8400,1776400
20130311,6.0600,6.0700,5.8000,5.8000,3115600
20130312,5.7900,6.1200,5.6100,6.0300,3472600
20130313,5.6400,5.7800,5.4900,5.7200,1576000
20130314,5.5800,5.6800,5.5600,5.6400,719700
20130315,5.6300,5.7100,5.5800,5.5800,906500
20130318,5.5200,5.6800,5.4700,5.6000,953800
20130319,5.4400,5.5700,5.3900,5.5300,945900
20130320,5.5800,5.5800,5.3900,5.3900,805200
20130321,5.6200,5.6700,5.5300,5.6100,1174100
20130322,5.6500,5.6600,5.5800,5.6200,1054400
20130325,5.7600,6.0500,5.7200,5.9000,2703900
20130326,5.5900,5.7700,5.5100,5.7600,1800100
20130327,5.5800,5.6700,5.5300,5.5800,852400
20130328,5.4600,5.5600,5.4500,5.5500,1132000
20130329,5.4900,5.5200,5.4100,5.4500,449600
20130401,5.4500,5.5300,5.4400,5.4500,634100
20130402,5.4400,5.5300,5.4300,5.5000,691800
20130403,5.4000,5.5000,5.3800,5.4300,570500
20130404,5.4000,5.4000,5.4000,5.4000,0
20130405,5.4000,5.4000,5.4000,5.4000,0
20130408,5.2400,5.3700,5.1800,5.3700,1069000
20130409,5.2700,5.3200,5.2400,5.2400,590800
20130410,5.2000,5.3200,5.1800,5.3200,580300
20130411,5.2500,5.2600,5.2000,5.2500,650300
20130412,5.2100,5.2500,5.1900,5.2100,478300
20130415,5.1500,5.2300,5.1200,5.2100,410100
20130416,5.2200,5.2400,5.0900,5.1600,524000
20130417,5.2600,5.2600,5.1700,5.2200,479800
20130418,5.4200,5.5500,5.3200,5.3600,2611200
20130419,5.4200,5.4700,5.3200,5.3600,1758500
20130422,5.3800,5.4100,5.3500,5.3700,716000
20130423,5.1800,5.3800,5.1800,5.3800,1047700
20130424,5.2500,5.2800,5.1600,5.2400,596200
20130425,5.1900,5.2900,5.1800,5.2600,632300
20130426,5.0200,5.2200,5.0100,5.2000,883500
20130429,5.0200,5.0200,5.0200,5.0200,0
20130430,5.0200,5.0200,5.0200,5.0200,0
20130501,5.0200,5.0200,5.0200,5.0200,0
20130502,5.0600,5.0800,4.9000,5.0200,616700
20130503,5.1600,5.1900,5.0600,5.0700,377700
20130506,5.2100,5.2300,5.1500,5.1700,599100
20130507,5.2200,5.2600,5.1800,5.1900,559500
20130508,5.2700,5.3000,5.1800,5.1900,979100
20130509,5.2400,5.2900,5.1900,5.2600,777400
20130510,5.2900,5.2900,5.2000,5.2600,843200
20130513,5.3200,5.3400,5.2800,5.3000,801100
20130514,5.2400,5.3000,5.1900,5.3000,715200
20130515,5.3600,5.3600,5.2400,5.2800,795500
20130516,5.4800,5.4800,5.2800,5.3600,1977000
20130517,5.5800,5.7100,5.4100,5.4800,2875800
20130520,5.5600,5.6300,5.5200,5.6300,1892200
20130521,5.5900,5.5900,5.5000,5.5400,1553200
20130522,5.4800,5.6000,5.4700,5.5400,1609400
20130523,5.4400,5.5200,5.4000,5.4500,1251700
20130524,5.5600,5.5900,5.4500,5.4700,1441400
20130527,5.5500,5.6300,5.5300,5.5500,1288600
20130528,5.5800,5.6000,5.4500,5.5400,1621500
20130529,5.6500,5.6500,5.5500,5.5800,1707000
20130530,5.6200,5.8400,5.6200,5.7000,3011500
20130531,5.5400,5.6100,5.5100,5.6100,1932400
20130603,5.5600,5.6200,5.5000,5.5400,1258300
20130604,5.3800,5.5600,5.3600,5.5600,1073900
20130605,5.5000,5.5200,5.1800,5.1800,1005600
20130606,5.4300,5.4800,5.3200,5.4700,913100
20130607,5.3700,5.4600,5.2300,5.4000,827100
20130610,5.3700,5.3700,5.3700,5.3700,0
20130611,5.3700,5.3700,5.3700,5.3700,0
20130612,5.3700,5.3700,5.3700,5.3700,0
20130613,5.1100,5.2800,5.0500,5.2800,899300
20130614,5.1600,5.1800,5.1100,5.1100,513500
20130617,5.1700,5.2000,5.1100,5.1600,524900
20130618,5.2400,5.3200,5.1400,5.1400,617900
20130619,5.2200,5.2400,5.0900,5.2400,578100
20130620,5.1200,5.2600,5.1200,5.1900,572800
20130621,5.0300,5.0800,4.9600,5.0800,635400
20130624,4.7200,5.0100,4.6400,4.9800,711000
20130625,4.6100,4.7300,4.2500,4.6800,927100
20130626,4.6600,4.6700,4.5600,4.6100,557400
20130627,4.5200,4.6200,4.5000,4.6000,783900
20130628,4.5000,4.5600,4.3600,4.4800,662900
20130701,4.5500,4.5600,4.4400,4.5000,604100
20130702,4.6800,4.7000,4.5200,4.5500,1052400
20130703,4.7300,4.8000,4.5400,4.6500,903600
20130704,4.7600,4.9800,4.7300,4.8200,2694900
20130705,4.6700,4.7900,4.6000,4.7300,1127600
20130708,4.4100,4.6000,4.4000,4.5400,801700
20130709,4.4700,4.4700,4.3900,4.3900,378200
20130710,4.6200,4.6300,4.4600,4.4900,637700
20130711,4.7300,4.7900,4.6300,4.6300,944200
20130712,4.6800,4.7600,4.6400,4.7500,536900
20130715,4.7500,4.7700,4.6800,4.6800,556800
20130716,4.8200,4.8200,4.7100,4.7400,729500
20130717,4.7400,4.8300,4.6900,4.8200,894800
20130718,4.6600,4.7400,4.6300,4.7100,672900
20130719,4.5500,4.7100,4.5400,4.6500,591100
20130722,4.6000,4.6200,4.5100,4.5500,663500
20130723,4.7800,4.7800,4.5800,4.6000,1287600
20130724,4.7400,4.8300,4.6300,4.7200,1106700
20130725,4.8100,4.8500,4.6700,4.7100,1441200
20130726,5.0300,5.1600,4.7000,4.7500,3244900
20130729,4.7600,4.9700,4.7000,4.9700,1803300
20130730,4.8100,4.8200,4.6800,4.7700,894400
20130731,4.7700,4.8200,4.7000,4.7500,829800
20130801,4.9000,4.9300,4.7300,4.7500,1277400
20130802,4.8700,4.9600,4.8600,4.9000,1156700
20130805,4.9400,4.9400,4.8500,4.8500,1046300
20130806,5.4300,5.4300,4.9400,4.9400,6432600
20130807,5.2500,5.4000,5.2300,5.4000,6661300
20130808,5.5700,5.7000,5.1700,5.2000,8875100
20130809,5.4600,5.5700,5.3500,5.5000,4634400
20130812,5.4300,5.5000,5.3200,5.5000,3145700
20130813,5.4500,5.4600,5.3300,5.3700,2199700
20130814,5.4200,5.4600,5.3500,5.4300,1667500
20130815,5.2600,5.4200,5.2600,5.3800,1664500
20130816,5.1500,5.3400,5.1500,5.2600,1912300
20130819,5.2500,5.2700,5.1100,5.1100,983600
20130820,5.2300,5.3100,5.1800,5.2200,903800
20130821,5.3300,5.3300,5.1800,5.2200,1384700
20130822,5.2900,5.3800,5.2600,5.3600,1316700
20130823,5.1700,5.3100,5.0300,5.3000,1831100
20130826,5.3500,5.3600,5.1700,5.2000,1688400
20130827,5.3800,5.4000,5.3000,5.3400,1698400
20130828,5.2700,5.3700,5.2000,5.3700,1496400
20130829,5.3000,5.3500,5.2600,5.2700,1683300
20130830,5.2700,5.3800,5.2700,5.3000,1899600
20130902,5.2900,5.3400,5.1900,5.1900,1035800
20130903,5.3800,5.4000,5.2600,5.3000,1556900
20130904,5.3900,5.4100,5.3300,5.3800,1210100
20130905,5.4100,5.5500,5.3500,5.3900,2298300
20130906,5.5700,5.6800,5.4300,5.4600,3374900
20130909,5.5800,5.6100,5.5100,5.6000,1910300
20130910,5.4700,5.5900,5.4500,5.5800,2221100
20130911,5.4800,5.5400,5.4100,5.4900,1812100
20130912,5.5100,5.5500,5.4200,5.4700,1407100
20130913,5.5800,5.6700,5.4700,5.5000,2556100
20130916,5.5600,5.7800,5.5600,5.5800,2432800
20130917,5.4000,5.5600,5.3900,5.5500,1818900
20130918,5.4100,5.4500,5.3600,5.4100,897900
20130920,5.4100,5.4100,5.4100,5.4100,0
20130923,5.5000,5.5200,5.4200,5.4200,1224200
20130924,5.5400,5.5800,5.4600,5.5200,1723400
20130925,5.4900,5.5400,5.4500,5.5400,1367800
20130926,5.5700,5.6000,5.3600,5.4800,1570200
20130927,5.5700,5.8800,5.5000,5.7000,3737900
20130930,5.5200,5.5700,5.4300,5.5600,1743200
20131001,5.5200,5.5200,5.5200,5.5200,0
20131002,5.5200,5.5200,5.5200,5.5200,0
20131003,5.5200,5.5200,5.5200,5.5200,0
20131004,5.5200,5.5200,5.5200,5.5200,0
20131007,5.5200,5.5200,5.5200,5.5200,0
20131008,5.6200,5.6300,5.4800,5.4800,1527600
20131009,5.6700,5.6800,5.6000,5.6100,1571800
20131010,5.6200,5.7000,5.6100,5.6700,1578100
20131011,5.7500,5.7800,5.6300,5.6300,2099100
20131014,5.7600,5.8100,5.7100,5.7500,1687900
20131015,5.7300,5.7700,5.6500,5.7500,1695500
20131016,5.5800,5.7900,5.5600,5.7500,1540100
20131017,5.5500,5.6600,5.5500,5.5800,1048000
20131018,5.5600,5.5800,5.5200,5.5500,900400
20131021,5.6900,5.6900,5.5300,5.5500,1511500
20131022,5.6500,5.7500,5.5800,5.6900,1612900
20131023,5.6000,5.7600,5.5500,5.6600,1741300
20131024,5.5000,5.6100,5.4600,5.5600,1282400
20131025,5.4200,5.5600,5.4000,5.5600,891900
20131028,5.5300,5.5300,5.4200,5.4200,692200
20131029,5.4200,5.5500,5.1900,5.5500,1562200
20131030,5.4600,5.5500,5.3600,5.4000,1011800
20131031,5.6800,5.7700,5.4200,5.4600,4868000
20131101,5.7300,5.7700,5.5500,5.6600,2655200
20131104,6.0500,6.0600,5.6200,5.7100,6308500
20131105,6.2100,6.2200,5.9500,5.9800,5766300
20131106,6.0000,6.8300,6.0000,6.3500,13878900
20131107,5.6600,5.8500,5.6300,5.8200,7919200
20131108,5.5600,5.6800,5.4600,5.6200,3547200
20131111,5.6600,5.6600,5.4800,5.5600,2444900
20131112,5.5800,5.6600,5.5300,5.6600,2111300
20131113,5.3200,5.5700,5.3100,5.5700,2868000
20131114,5.4300,5.4300,5.3200,5.3300,1701300
20131115,5.4700,5.5600,5.3900,5.4300,2587200
20131118,5.6000,5.6400,5.4600,5.4800,2315300
20131119,5.7700,5.7900,5.5600,5.6000,3352100
20131120,5.7800,5.8000,5.7000,5.7600,1955000
20131121,5.8600,5.9500,5.6900,5.7600,4132900
20131122,5.7300,5.8900,5.7300,5.8300,2304700
20131125,5.8800,5.9600,5.7000,5.7500,2654800
20131126,5.8900,5.9200,5.8100,5.8700,1819100
20131127,5.9200,5.9300,5.7900,5.9100,2282000
20131128,5.8800,5.9600,5.8700,5.9300,2504300
20131129,6.0400,6.0900,5.8500,5.8600,3154000
20131202,5.6100,5.9300,5.5600,5.9200,2847400
20131203,5.7800,5.8000,5.5700,5.5800,1229700
20131204,5.9200,5.9400,5.7500,5.7500,1848500
20131205,5.9700,6.0300,5.9000,5.9600,2269500
20131206,6.1600,6.3000,5.9500,5.9500,5340400
20131209,6.1500,6.3000,6.1000,6.1000,3569600
20131210,6.0000,6.2000,5.9700,6.0400,4050000
20131211,6.1100,6.1100,5.8800,5.9800,2649300
20131212,6.5300,6.5400,6.0700,6.0800,8741800
20131213,6.4500,6.5500,6.3500,6.4300,4012300
20131216,6.4500,6.7400,6.3300,6.4300,4792700
20131217,6.2400,6.5300,6.2100,6.4700,2802500
20131218,6.2700,6.3900,6.2000,6.2800,2096700
20131219,6.0800,6.3200,6.0800,6.2800,1873900
20131220,5.9400,6.1200,5.9300,6.0600,1544100
20131223,6.0200,6.0300,5.8200,5.9400,1176900
20131224,6.1100,6.1600,5.8800,6.0100,1777400
20131225,6.1600,6.1600,6.0600,6.1200,1278000
20131226,5.9500,6.1500,5.9500,6.1300,1471300
20131227,6.1000,6.1300,5.8600,5.9300,1335100
20131230,6.3700,6.3700,6.1400,6.1400,2663800
20131231,6.3100,6.4400,6.2500,6.3200,1767800
20140101,6.3100,6.3100,6.3100,6.3100,0
20140102,6.4700,6.5400,6.2000,6.2900,2946700
20140103,6.4400,6.6800,6.3900,6.4300,4881400
20140106,6.2300,6.4800,6.2300,6.4700,2381200
20140107,6.6400,6.8000,6.2200,6.2400,4760900
20140108,6.7100,6.7600,6.5100,6.6700,3802000
20140109,6.4500,6.7000,6.3400,6.6500,2699600
20140110,6.2700,6.4000,6.2100,6.3800,1831200
20140113,6.8200,6.8200,6.2500,6.2500,6730900
20140114,6.9700,7.0500,6.6600,6.8000,7999400
20140115,6.9700,6.9800,6.7600,6.8900,4454200
20140116,7.1000,7.3400,6.8200,6.9000,9025700
20140117,7.1600,7.2100,7.0200,7.1000,5319400
20140120,6.8800,7.2000,6.8000,7.1600,4783700
20140121,7.1300,7.1400,6.7400,6.8400,4355000
20140122,7.1100,7.2100,7.0500,7.1000,4166400
20140123,7.0900,7.1800,6.9500,7.1200,4484100
20140124,7.0600,7.1800,7.0100,7.0500,4627900
20140127,6.8600,7.0100,6.8100,7.0000,3616500
20140128,6.9800,7.0000,6.8200,6.8700,2474500
20140129,6.9500,7.0000,6.8500,7.0000,2110600
20140130,7.0200,7.0800,6.8900,6.8900,2498700
20140131,7.0200,7.0200,7.0200,7.0200,0
20140203,7.0200,7.0200,7.0200,7.0200,0
20140205,7.0200,7.0200,7.0200,7.0200,0
20140206,7.0200,7.0200,7.0200,7.0200,0
20140207,7.2000,7.2400,6.8800,6.9900,4009400
20140210,7.4500,7.5200,7.1200,7.1600,4989500
20140211,7.4000,7.4500,7.2200,7.4400,4128900
20140212,7.3600,7.4900,7.2800,7.3400,4031000
20140213,7.0800,7.3500,7.0600,7.3400,3970200
20140214,7.2200,7.3400,7.0400,7.0800,2867200
20140217,7.4100,7.4100,7.1400,7.2200,3700200
20140218,7.6000,7.6500,7.3100,7.4200,6973700
20140219,7.4300,7.6100,7.3900,7.5100,3622700
20140220,7.2500,7.4900,7.2000,7.3800,2670500
20140221,7.3500,7.3600,7.1600,7.2400,1805300
20140224,7.6100,7.6300,7.2600,7.3400,3751600
20140225,7.0500,7.6500,7.0100,7.5800,4694900
