20130226,7.8600,7.9700,7.6800,7.9700,1319400
20130227,7.9300,7.9400,7.7700,7.8500,1679000
20130228,7.9400,7.9900,7.8200,7.8900,1418900
20130301,8.1600,8.1800,7.8400,7.9100,2369300
20130304,7.9400,8.1500,7.7800,8.1500,2009400
20130305,7.9500,8.0800,7.8000,7.9500,1573200
20130306,7.9900,8.0500,7.9200,7.9500,1818700
20130307,8.1300,8.1600,7.9600,8.0000,3639500
20130308,7.8800,8.1600,7.8700,8.1600,2109500
20130311,7.9000,7.9400,7.7200,7.8000,1093100
20130312,7.9000,7.9900,7.5100,7.8300,2387400
20130313,7.9700,8.0500,7.7500,7.7600,2301500
20130314,7.7900,8.1900,7.7700,7.9000,3394200
20130315,7.5500,7.7500,7.4500,7.7300,2460800
20130318,7.2900,7.6800,7.2200,7.5300,1409900
20130319,7.3200,7.4300,7.2500,7.2500,941800
20130320,7.5700,7.5800,7.3200,7.3500,1808100
20130321,7.5400,7.5900,7.3500,7.5500,2004700
20130322,7.6300,7.7100,7.5300,7.5500,1973000
20130325,8.0500,8.3900,7.9200,8.3900,8824100
20130326,7.5800,7.7700,7.3300,7.7000,5460300
20130327,7.5900,7.7300,7.3800,7.4900,2299100
20130328,7.4500,7.6000,7.3800,7.5000,1999200
20130329,7.5000,7.6500,7.4000,7.4600,1362600
20130401,7.5100,7.5700,7.4100,7.4100,830400
20130402,7.4000,7.5600,7.3700,7.4600,1057800
20130403,7.0900,7.3900,6.9500,7.3400,1686700
20130404,7.0900,7.0900,7.0900,7.0900,0
20130405,7.0900,7.0900,7.0900,7.0900,0
20130408,6.9400,7.0400,6.8000,7.0400,908000
20130409,7.0300,7.1100,6.8500,6.8500,638500
20130410,7.1000,7.1600,7.0000,7.0500,765400
20130411,7.1500,7.1700,7.0800,7.1200,541700
20130412,7.0500,7.1800,7.0500,7.1500,445600
20130415,6.8300,6.9000,6.7500,6.8200,497000
20130416,6.9100,6.9300,6.7000,6.8000,283800
20130417,6.9500,7.0700,6.9000,6.9100,186000
20130418,6.9500,7.0000,6.8800,6.9300,568500
20130419,7.1300,7.1600,6.9800,7.0300,874400
20130422,7.2500,7.3200,7.0400,7.0400,910500
20130423,7.0500,7.2500,7.0100,7.1500,502600
20130424,7.1000,7.1600,6.8700,7.1500,576800
20130425,7.0400,7.2200,6.9700,6.9700,900100
20130426,7.0900,7.1700,7.0000,7.0200,712200
20130429,7.0900,7.0900,7.0900,7.0900,0
20130430,7.0900,7.0900,7.0900,7.0900,0
20130501,7.0900,7.0900,7.0900,7.0900,0
20130502,7.1100,7.1900,7.0300,7.1300,610300
20130503,7.2800,7.3000,7.0300,7.0400,1548100
20130506,7.4300,7.5000,7.1800,7.2800,2111300
20130507,7.5500,7.6500,7.4200,7.4500,2963500
20130508,7.6200,7.7400,7.4800,7.6300,2454500
20130509,7.5800,7.6300,7.4800,7.5600,2250000
20130510,8.0000,8.3400,7.6000,7.6500,5288800
20130513,7.7500,7.9400,7.6800,7.8400,2793900
20130514,7.5500,7.8400,7.5100,7.7800,1550400
20130515,7.6700,7.7000,7.4800,7.4800,865800
20130516,7.6800,7.7400,7.6300,7.6300,1421300
20130517,7.7000,7.7300,7.6000,7.6500,1508100
20130520,7.7800,7.8100,7.6300,7.6900,2007600
20130521,7.9400,8.0900,7.7300,7.7300,3178200
20130522,7.8000,7.9600,7.7600,7.9300,2275400
20130523,7.8600,8.0600,7.7500,7.7600,2796200
20130524,7.8300,7.9300,7.7500,7.8700,1397800
20130527,7.8500,7.9100,7.8300,7.9100,1063900
20130528,7.9600,8.0400,7.8300,7.8500,2849000
20130529,8.0200,8.1000,7.9200,7.9500,2137800
20130530,7.9100,7.9900,7.8400,7.9800,1798100
20130531,7.7500,7.9600,7.7500,7.8800,1485000
20130603,7.7000,7.8000,7.7000,7.7000,1141300
20130604,7.4200,7.7600,7.3900,7.7000,1850500
20130605,7.4000,7.4800,7.3300,7.4000,1076900
20130606,7.2800,7.4400,7.2800,7.3800,850400
20130607,7.1200,7.3600,7.0400,7.3600,889100
20130610,7.1200,7.1200,7.1200,7.1200,0
20130611,7.1200,7.1200,7.1200,7.1200,0
20130612,7.1200,7.1200,7.1200,7.1200,0
20130613,6.8000,7.0900,6.8000,7.0900,1115000
20130614,6.9300,6.9500,6.8100,6.8100,542500
20130617,6.9600,6.9800,6.8000,6.9400,809700
20130618,6.9300,7.0000,6.8800,6.9800,703200
20130619,6.8100,6.9300,6.6800,6.9300,1053600
20130620,6.6800,6.7900,6.5500,6.7400,836500
20130621,6.6100,6.7100,6.4800,6.6200,614400
20130624,5.9500,6.6900,5.9500,6.6000,1153400
20130625,5.7800,5.9500,5.3600,5.6900,1894700
20130626,6.0700,6.0800,5.7100,5.7700,1721100
20130627,5.9000,6.5600,5.9000,6.2100,2138400
20130628,5.9000,6.0900,5.7700,5.7700,885400
20130701,6.0800,6.1100,5.8300,5.9000,752800
20130702,6.1000,6.1800,6.0100,6.0300,777900
20130703,5.9700,6.0500,5.8200,6.0500,1021000
20130704,6.1200,6.2000,5.8500,5.9700,1273700
20130705,6.5600,6.7200,6.1100,6.1700,3407200
20130708,6.2600,6.5600,6.2000,6.3900,1731300
20130709,6.2300,6.3600,6.1000,6.2300,819000
20130710,6.4900,6.5500,6.1700,6.2500,1560600
20130711,6.6900,6.8000,6.4500,6.4600,2630400
20130712,6.6200,6.7000,6.5000,6.6300,1212700
20130715,6.6200,6.6900,6.4500,6.5300,1177600
20130716,6.6800,6.6900,6.4800,6.6200,1086900
20130717,6.6700,6.7000,6.5000,6.6200,794400
20130718,6.5900,6.6400,6.4800,6.5900,709600
20130719,6.4600,6.6200,6.3400,6.5200,1252500
20130722,6.6300,6.6400,6.3500,6.4800,1126400
20130723,6.7100,6.8000,6.6100,6.6300,1066700
20130724,6.7500,6.9000,6.5900,6.6400,1741300
20130725,6.5600,6.7600,6.5400,6.7600,708800
20130726,6.6700,6.6900,6.4300,6.5100,1586100
20130729,6.4500,6.6400,6.4300,6.5700,610600
20130730,6.5700,6.6600,6.3900,6.4000,1291900
20130731,6.6000,6.6800,6.5300,6.5800,747600
20130801,6.7200,6.7300,6.6000,6.6500,869600
20130802,6.7200,6.8000,6.6500,6.7900,1727000
20130805,6.8800,6.9300,6.6900,6.7200,2649200
20130806,6.8400,6.9000,6.7500,6.8200,1114200
20130807,6.8200,6.9800,6.6800,6.7900,2730900
20130808,6.8500,6.9500,6.6900,6.8100,3292400
20130809,6.8400,6.9500,6.7700,6.8400,2397700
20130812,6.9300,6.9500,6.7500,6.9000,4610400
20130813,7.1300,7.2200,6.9000,6.9500,6351900
20130814,7.1900,7.3400,7.0300,7.0800,4348700
20130815,7.0900,7.3200,7.0700,7.1900,3127500
20130816,6.9600,7.1600,6.9200,7.0000,2877700
20130819,7.1200,7.1500,6.9400,7.0000,2005300
20130820,7.0800,7.2000,7.0000,7.1400,1782000
20130821,7.0900,7.1900,7.0200,7.0800,1185700
20130822,7.1100,7.2100,7.0400,7.0400,1547700
20130823,7.2600,7.2900,7.0600,7.1500,3286800
20130826,7.2900,7.3300,7.2200,7.2600,2014400
20130827,7.5000,7.5200,7.2200,7.2700,2332800
20130828,7.5300,7.8700,7.4000,7.4500,3420000
20130829,7.7600,7.8900,7.4700,7.5300,3090100
20130830,7.5500,8.0200,7.4500,7.7700,3717800
20130902,7.8300,7.8900,7.2700,7.5700,2294000
20130903,7.8500,8.0000,7.7300,7.7600,1736000
20130904,7.6900,7.9500,7.6700,7.8900,1999800
20130905,7.7200,7.7900,7.5900,7.6800,1699600
20130906,7.6600,7.7500,7.6000,7.6500,1150600
20130909,7.5800,7.7400,7.4900,7.6100,2182400
20130910,7.6900,7.7000,7.5500,7.5900,1389100
20130911,7.5100,7.7300,7.5100,7.6800,1234100
20130912,7.5800,7.6800,7.5100,7.5100,981400
20130913,7.7600,7.8000,7.6000,7.6000,2101600
20130916,7.7500,7.9200,7.5900,7.7700,2222200
20130917,7.7200,7.9400,7.7000,7.7700,2486100
20130918,7.8700,7.8800,7.6000,7.6500,1946400
20130920,7.8700,7.8700,7.8700,7.8700,0
20130923,7.9500,7.9900,7.8300,7.8600,1483500
20130924,7.7600,7.9900,7.7200,7.9500,1775400
20130925,7.7800,7.8700,7.7000,7.7200,1044700
20130926,8.0200,8.2500,7.7000,7.7700,3452800
20130927,8.1200,8.2800,7.9700,8.0300,2039500
20130930,8.1500,8.2000,8.0000,8.1200,1220400
20131001,8.1500,8.1500,8.1500,8.1500,0
20131002,8.1500,8.1500,8.1500,8.1500,0
20131003,8.1500,8.1500,8.1500,8.1500,0
20131004,8.1500,8.1500,8.1500,8.1500,0
20131007,8.1500,8.1500,8.1500,8.1500,0
20131008,8.1400,8.1500,8.0200,8.0600,1302200
20131009,8.3500,8.3700,7.9600,8.0600,2443300
20131010,8.1600,8.4200,8.1300,8.2900,1934100
20131011,8.3000,8.3400,8.2000,8.2400,1852100
20131014,8.1300,8.3500,8.0500,8.3200,2022700
20131015,8.0600,8.2100,8.0000,8.1300,1944400
20131016,7.8600,8.1000,7.7600,8.0600,2579500
20131017,7.7800,7.9000,7.7300,7.8600,1814600
20131018,7.8300,7.8800,7.7100,7.7500,1046900
20131021,7.9600,7.9900,7.8100,7.8400,1013800
20131022,7.8700,7.9700,7.8000,7.9600,1065400
20131023,7.6200,7.8900,7.5700,7.8600,1520100
20131024,7.6200,7.7000,7.4900,7.5200,603000
20131025,7.9600,8.1200,7.5700,7.5700,2324300
20131028,7.8400,7.9900,7.7000,7.9900,1041800
20131029,7.7600,8.0000,7.4800,7.8000,1011900
20131030,7.8600,7.9500,7.6300,7.6300,671100
20131031,8.0000,8.0700,7.7300,7.8700,1224400
20131101,7.8000,8.0500,7.8000,8.0000,787500
20131104,7.8700,7.8900,7.7100,7.7600,566600
20131105,8.0300,8.2000,7.8100,7.8700,1637900
20131106,8.1200,8.1800,7.9700,8.0400,2214300
20131107,8.5500,8.6000,8.0200,8.0500,4120700
20131108,8.5500,8.5500,8.5500,8.5500,0
20131111,8.5500,8.5500,8.5500,8.5500,0
20131112,8.5500,8.5500,8.5500,8.5500,0
20131113,8.5500,8.5500,8.5500,8.5500,0
20131114,8.5500,8.5500,8.5500,8.5500,0
20131115,8.5500,8.5500,8.5500,8.5500,0
20131118,8.5500,8.5500,8.5500,8.5500,0
20131119,8.5500,8.5500,8.5500,8.5500,0
20131120,8.5500,8.5500,8.5500,8.5500,0
20131121,8.5500,8.5500,8.5500,8.5500,0
20131122,8.5500,8.5500,8.5500,8.5500,0
20131125,8.5500,8.5500,8.5500,8.5500,0
20131126,8.5500,8.5500,8.5500,8.5500,0
20131127,8.5500,8.5500,8.5500,8.5500,0
20131128,8.5500,8.5500,8.5500,8.5500,0
20131129,8.5500,8.5500,8.5500,8.5500,0
20131202,8.5500,8.5500,8.5500,8.5500,0
20131203,8.5500,8.5500,8.5500,8.5500,0
20131204,8.5500,8.5500,8.5500,8.5500,0
20131205,8.5500,8.5500,8.5500,8.5500,0
20131206,8.5500,8.5500,8.5500,8.5500,0
20131209,8.5500,8.5500,8.5500,8.5500,0
20131210,8.5500,8.5500,8.5500,8.5500,0
20131211,8.5500,8.5500,8.5500,8.5500,0
20131212,8.5500,8.5500,8.5500,8.5500,0
20131213,8.5500,8.5500,8.5500,8.5500,0
20131216,8.5500,8.5500,8.5500,8.5500,0
20131217,8.5500,8.5500,8.5500,8.5500,0
20131218,8.5500,8.5500,8.5500,8.5500,0
20131219,8.5500,8.5500,8.5500,8.5500,0
20131220,8.5500,8.5500,8.5500,8.5500,0
20131223,8.5500,8.5500,8.5500,8.5500,0
20131224,8.5500,8.5500,8.5500,8.5500,0
20131225,8.5500,8.5500,8.5500,8.5500,0
20131226,8.5500,8.5500,8.5500,8.5500,0
20131227,8.5500,8.5500,8.5500,8.5500,0
20131230,8.5500,8.5500,8.5500,8.5500,0
20131231,8.5500,8.5500,8.5500,8.5500,0
20140101,8.5500,8.5500,8.5500,8.5500,0
20140102,8.5500,8.5500,8.5500,8.5500,0
20140103,8.5500,8.5500,8.5500,8.5500,0
20140106,8.5500,8.5500,8.5500,8.5500,0
20140107,8.5500,8.5500,8.5500,8.5500,0
20140108,8.5500,8.5500,8.5500,8.5500,0
20140109,8.5500,8.5500,8.5500,8.5500,0
20140110,8.5500,8.5500,8.5500,8.5500,0
20140113,8.5500,8.5500,8.5500,8.5500,0
20140114,8.5500,8.5500,8.5500,8.5500,0
20140115,8.5500,8.5500,8.5500,8.5500,0
20140116,8.5500,8.5500,8.5500,8.5500,0
20140117,8.5500,8.5500,8.5500,8.5500,0
20140120,8.5500,8.5500,8.5500,8.5500,0
20140121,8.5500,8.5500,8.5500,8.5500,0
20140122,8.5500,8.5500,8.5500,8.5500,0
20140123,8.5500,8.5500,8.5500,8.5500,0
20140124,8.5500,8.5500,8.5500,8.5500,0
20140127,8.5500,8.5500,8.5500,8.5500,0
20140128,8.5500,8.5500,8.5500,8.5500,0
20140129,8.5500,8.5500,8.5500,8.5500,0
20140130,8.5500,8.5500,8.5500,8.5500,0
20140131,8.5500,8.5500,8.5500,8.5500,0
20140203,8.5500,8.5500,8.5500,8.5500,0
20140205,8.5500,8.5500,8.5500,8.5500,0
20140206,8.5500,8.5500,8.5500,8.5500,0
20140207,8.5500,8.5500,8.5500,8.5500,0
20140210,8.5500,8.5500,8.5500,8.5500,0
20140211,8.5500,8.5500,8.5500,8.5500,0
20140212,8.5500,8.5500,8.5500,8.5500,0
20140213,8.5500,8.5500,8.5500,8.5500,0
20140214,9.4100,9.4100,9.4100,9.4100,289400
20140217,10.3500,10.3500,10.3500,10.3500,279300
20140218,11.3900,11.3900,11.3900,11.3900,810300
20140219,12.2700,12.5300,11.9000,12.5200,30445600
20140220,11.0800,11.9900,11.0400,11.8000,21411500
20140221,10.6300,11.0600,10.5100,11.0600,11206900
20140224,10.7800,10.8700,10.4200,10.5100,7987800
20140225,10.2000,10.7500,9.9500,10.6700,13493700
