20130226,6.0800,6.1800,6.0300,6.1500,1833600
20130227,6.0500,6.1600,6.0000,6.0800,2157900
20130228,6.1800,6.1900,6.0400,6.0500,2046000
20130301,6.3000,6.3400,6.1800,6.2300,3334400
20130304,6.1400,6.4000,6.1100,6.2700,3645500
20130305,6.3000,6.3200,6.1100,6.1400,2453700
20130306,6.5100,6.6300,6.3000,6.3000,6024600
20130307,6.4300,6.5400,6.3300,6.5200,4638300
20130308,6.6300,7.0000,6.5400,6.5500,8985800
20130311,6.5800,6.7700,6.5200,6.6500,4577700
20130312,6.2900,6.6800,6.2500,6.5500,4206800
20130313,6.2000,6.3300,6.1000,6.3000,2368400
20130314,6.2700,6.2800,6.1200,6.2000,1882200
20130315,6.9000,6.9000,6.2000,6.2700,10109000
20130318,6.9500,7.1500,6.7400,7.0000,16363600
20130319,7.1400,7.4800,6.8600,6.9000,18025300
20130320,7.2200,7.2800,6.9300,7.1000,12723700
20130321,7.2700,7.3700,7.1100,7.1500,11749500
20130322,7.0400,7.2200,7.0100,7.1900,7564100
20130325,7.1000,7.1100,6.9300,7.0300,6095600
20130326,7.1500,7.1600,6.8500,7.0400,8105600
20130327,7.1200,7.2400,6.9800,7.1300,5679900
20130328,6.7100,7.0200,6.7100,7.0200,4606400
20130329,6.6200,6.8800,6.6100,6.7100,3853200
20130401,6.7100,6.8300,6.6000,6.6000,3222400
20130402,6.4800,6.7700,6.4700,6.6800,4308300
20130403,6.3300,6.5500,6.2400,6.4500,3483400
20130404,6.3300,6.3300,6.3300,6.3300,0
20130405,6.3300,6.3300,6.3300,6.3300,0
20130408,6.4000,6.4000,6.0700,6.2500,3799500
20130409,6.5100,6.6000,6.3500,6.4000,4217100
20130410,6.5200,6.6000,6.3400,6.5000,3523900
20130411,6.5300,6.7500,6.4900,6.5000,4585200
20130412,6.3100,6.4900,6.2800,6.4900,3343000
20130415,6.3500,6.3900,6.1900,6.2300,1924700
20130416,6.5300,6.5500,6.2200,6.3200,2168500
20130417,6.5300,6.6200,6.4500,6.5300,2106500
20130418,6.5300,6.6000,6.4700,6.6000,1499200
20130419,6.6500,6.6700,6.5100,6.5100,3107800
20130422,6.7700,6.8300,6.6000,6.6000,4806200
20130423,6.5900,6.8000,6.5300,6.7400,3398000
20130424,6.8700,6.9500,6.5900,6.6600,5494800
20130425,6.7700,7.0400,6.7300,6.8100,6410200
20130426,6.2700,6.7300,6.2300,6.7100,5291500
20130429,6.2700,6.2700,6.2700,6.2700,0
20130430,6.2700,6.2700,6.2700,6.2700,0
20130501,6.2700,6.2700,6.2700,6.2700,0
20130502,6.3500,6.4000,6.1600,6.2000,1634700
20130503,6.4200,6.5000,6.3200,6.3500,2138900
20130506,7.0600,7.0600,6.4300,6.4500,7358100
20130507,6.9600,7.2600,6.9100,7.2100,11259700
20130508,7.0700,7.1600,6.9000,6.9100,8021800
20130509,7.5900,7.7800,6.9400,7.0400,20596500
20130510,7.4700,7.7400,7.4200,7.5000,8424800
20130513,7.5800,7.7600,7.3400,7.3900,8060100
20130514,7.4200,7.5600,7.1600,7.4900,7198200
20130515,7.4900,7.5000,7.2600,7.3800,4661200
20130516,7.5000,7.7500,7.3900,7.5100,8775600
20130517,7.8200,7.9600,7.2800,7.3800,12178700
20130520,7.9200,8.1000,7.7500,7.8000,11598500
20130521,8.0000,8.0700,7.7300,7.7300,7519700
20130522,7.6900,8.0500,7.6500,8.0500,6964200
20130523,7.6000,7.8300,7.5100,7.6600,5097800
20130524,7.9000,7.9100,7.6000,7.6000,5791700
20130527,7.8400,7.9400,7.7000,7.9000,4594800
20130528,7.6200,7.8800,7.4700,7.8400,4535900
20130529,7.6800,7.7100,7.5400,7.6200,3370400
20130530,7.7900,7.8000,7.5800,7.6600,4066100
20130531,7.6600,7.8800,7.6600,7.7800,4372100
20130603,7.3900,7.6900,7.3800,7.6100,4135100
20130604,7.2400,7.4700,7.1600,7.3600,3159600
20130605,7.3400,7.3400,7.2000,7.2300,1584100
20130606,7.2500,7.3200,7.1600,7.3000,1892600
20130607,7.1200,7.3100,7.1000,7.2200,1857400
20130610,7.1200,7.1200,7.1200,7.1200,0
20130611,7.1200,7.1200,7.1200,7.1200,0
20130612,7.1200,7.1200,7.1200,7.1200,0
20130613,6.8300,7.1000,6.6300,7.1000,1951400
20130614,7.0500,7.0800,6.8300,6.8300,1985100
20130617,7.1300,7.2500,6.9500,7.0500,2329100
20130618,7.3000,7.3300,7.0900,7.1300,2647000
20130619,7.1900,7.2400,7.0600,7.2400,1935300
20130620,6.9200,7.3100,6.9100,7.1800,2229300
20130621,6.7700,6.9100,6.6300,6.8300,2055600
20130624,6.3900,6.9800,6.0900,6.9000,2758300
20130625,6.8300,6.8400,5.8300,6.5300,4524000
20130626,7.0500,7.0900,6.6300,6.8000,5238200
20130627,6.8200,7.1100,6.7300,7.0300,3780100
20130628,6.6800,6.9300,6.5000,6.7000,2652700
20130701,6.8400,6.8400,6.5100,6.5600,1862600
20130702,7.0000,7.0000,6.7500,6.8400,2543000
20130703,7.1000,7.1400,6.7800,7.0400,3926100
20130704,7.0800,7.2000,6.9100,7.0000,5550200
20130705,6.8600,7.1200,6.8500,7.0900,2601500
20130708,6.3600,6.7800,6.3500,6.7800,3372000
20130709,6.3500,6.4400,6.2600,6.3000,2260400
20130710,6.4800,6.4800,6.2200,6.3500,4159000
20130711,6.5700,6.6700,6.4200,6.5000,4024300
20130712,6.5800,6.7400,6.5100,6.5600,3175400
20130715,6.7500,6.8700,6.7100,6.7200,5579600
20130716,6.8600,6.8900,6.6400,6.7000,3971700
20130717,7.0200,7.1700,6.7800,6.8600,9107300
20130718,7.3100,7.4900,6.8300,6.9500,9949700
20130719,7.2000,7.3600,7.0000,7.2700,7303000
20130722,7.6600,7.6600,7.1700,7.2500,10242300
20130723,7.7300,7.8000,7.5000,7.6600,10012200
20130724,7.6200,7.6800,7.3900,7.6300,8598200
20130725,7.2700,7.6000,7.2000,7.5800,6975800
20130726,7.4200,7.4600,7.0100,7.2500,5217800
20130729,7.2900,7.5600,7.2200,7.4000,3317400
20130730,7.1600,7.3400,7.0300,7.2900,3944200
20130731,7.3500,7.4900,7.1600,7.2000,4675900
20130801,7.6000,7.6300,7.3100,7.3600,5986000
20130802,7.6500,7.9400,7.5500,7.6600,9926200
20130805,7.5900,7.8000,7.5100,7.6400,5798300
20130806,7.7200,7.8600,7.5500,7.5800,6065700
20130807,7.3000,7.8400,7.3000,7.7100,9008800
20130808,7.4100,7.4800,7.2100,7.2800,4222100
20130809,7.4100,7.4900,7.2500,7.4100,3616300
20130812,7.3600,7.5900,7.2800,7.3500,6505600
20130813,7.3700,7.4200,7.2900,7.3300,3210900
20130814,7.5900,7.5900,7.3600,7.3900,9347600
20130815,8.3500,8.3500,7.8800,7.8800,8255300
20130816,7.9800,8.8700,7.9100,8.7000,34904700
20130819,8.7800,8.7800,7.7000,7.7900,12519300
20130820,9.6600,9.6600,9.4100,9.5800,18446400
20130821,10.3000,10.5900,9.6600,9.7600,54400100
20130822,10.1500,10.2200,9.8300,10.0000,27822400
20130823,9.8800,10.0900,9.5500,10.0000,22418300
20130826,9.8600,9.9800,9.6700,9.7100,17259400
20130827,10.2800,10.4300,9.6300,9.8000,27690600
20130828,9.7300,10.0100,9.6600,10.0000,18709600
20130829,9.5600,9.9100,9.4300,9.5900,12661300
20130830,9.0800,9.8400,8.9200,9.6200,16554600
20130902,9.2900,9.4400,8.8400,9.0000,9696200
20130903,9.3200,9.4300,9.0400,9.2500,8972100
20130904,9.1200,9.2800,9.0600,9.2700,8317400
20130905,9.6900,9.8000,9.0800,9.1800,18043900
20130906,9.6100,9.7900,9.4000,9.5800,11385100
20130909,9.5400,9.7500,9.2800,9.6200,12400400
20130910,9.3300,9.6600,9.3000,9.4500,9435000
20130911,8.7500,9.2800,8.7000,9.2800,13292200
20130912,8.8300,8.9600,8.6600,8.7500,7013100
20130913,9.0400,9.0800,8.5200,8.7900,12448300
20130916,9.1000,9.2200,8.8100,8.9600,9204400
20130917,8.7900,9.2300,8.7800,9.1000,8569700
20130918,8.9100,8.9500,8.6100,8.7200,5374200
20130920,8.9100,8.9100,8.9100,8.9100,0
20130923,9.1700,9.2800,8.8700,8.9400,8310500
20130924,9.1800,9.2700,9.0600,9.1800,7178700
20130925,9.1300,9.4900,9.1200,9.1900,7953000
20130926,8.7200,9.1400,8.7100,9.0700,6110200
20130927,8.7600,8.9300,8.7100,8.7300,3049200
20130930,8.9800,9.0500,8.8300,8.9000,3424600
20131001,8.9800,8.9800,8.9800,8.9800,0
20131002,8.9800,8.9800,8.9800,8.9800,0
20131003,8.9800,8.9800,8.9800,8.9800,0
20131004,8.9800,8.9800,8.9800,8.9800,0
20131007,8.9800,8.9800,8.9800,8.9800,0
20131008,9.6300,9.7800,8.8400,8.9600,13096300
20131009,9.7600,9.9400,9.6000,9.6500,14833200
20131010,9.6600,9.9000,9.5100,9.7300,10676100
20131011,9.7800,10.0500,9.6900,9.6900,9877600
20131014,9.6600,9.7900,9.5100,9.7000,7937600
20131015,9.8900,10.0100,9.4200,9.6600,13584700
20131016,9.3300,9.8100,9.2700,9.8100,8672200
20131017,9.1500,9.5500,9.1300,9.3700,5212600
20131018,9.3600,9.3700,9.0500,9.1900,4133100
20131021,9.6500,9.6700,9.3900,9.4400,6396900
20131022,9.3800,9.6600,9.3200,9.6500,6192800
20131023,8.9900,9.4300,8.8900,9.4000,7152200
20131024,8.9400,9.0600,8.8900,8.9000,2838100
20131025,8.9500,9.2100,8.8000,9.0400,4813300
20131028,8.3100,9.0000,8.2000,8.9500,5573900
20131029,7.8300,8.4000,7.4800,8.3600,5596000
20131030,7.9500,7.9500,7.7000,7.8400,3139700
20131031,7.7900,7.9200,7.7600,7.9200,2178200
20131101,7.8100,7.8500,7.5600,7.8000,2272300
20131104,7.8800,7.9800,7.7400,7.7500,2329100
20131105,8.0800,8.0900,7.7300,7.8500,3241500
20131106,8.0200,8.2200,7.9700,8.0100,3221800
20131107,7.8200,7.9900,7.8100,7.9900,2086100
20131108,7.6800,7.8200,7.5800,7.6600,2283100
20131111,7.7700,7.8500,7.6300,7.6300,1267000
20131112,8.2800,8.5500,7.8600,7.8600,6365500
20131113,8.3200,8.6200,8.1100,8.1800,7549400
20131114,8.4900,8.5200,8.1200,8.2000,4965000
20131115,8.6100,8.7000,8.3800,8.4300,7197400
20131118,8.7900,8.8300,8.5100,8.6500,6785200
20131119,8.7700,8.8600,8.6300,8.6500,5064100
20131120,9.2400,9.5000,8.7900,8.7900,11042000
20131121,9.5600,9.8500,9.0600,9.2000,16070400
20131122,9.3700,9.5000,9.2000,9.4800,9065500
20131125,9.0900,9.3800,9.0600,9.2800,6170500
20131126,9.2000,9.2900,8.9700,9.0000,4325000
20131127,9.7400,9.7500,9.1300,9.2100,10097600
20131128,9.5200,10.2000,9.5100,9.8700,16579800
20131129,9.7000,9.7500,9.3800,9.4000,7955900
20131202,8.8300,9.5400,8.7400,9.2500,8680700
20131203,9.2900,9.2900,8.7300,8.7300,6619500
20131204,9.7200,9.8500,9.3000,9.3000,11197400
20131205,9.4500,10.2500,9.4300,10.1100,17282000
20131206,9.1700,9.3000,9.0600,9.2900,6046800
20131209,9.1900,9.2800,9.1200,9.2500,3605900
20131210,9.0000,9.1900,8.9200,9.1500,6000500
20131211,8.9200,9.0000,8.8400,9.0000,3006700
20131212,9.0300,9.1000,8.8300,8.8300,3411900
20131213,9.0500,9.1400,8.9100,8.9900,2883600
20131216,8.7000,9.0500,8.6800,9.0100,3705000
20131217,8.7100,8.8200,8.6000,8.7000,2348100
20131218,8.6900,8.8100,8.6500,8.7000,1573000
20131219,8.6800,8.8400,8.6200,8.7100,1728300
20131220,8.4400,8.6800,8.4200,8.6700,3095700
20131223,8.2600,8.4400,8.1000,8.3600,1925700
20131224,8.3700,8.4600,8.2100,8.2500,1717400
20131225,8.4600,8.4700,8.3200,8.4300,1828700
20131226,8.1500,8.4900,8.1300,8.4200,2272200
20131227,8.4700,8.5600,8.1600,8.2000,2769000
20131230,8.6900,8.7000,8.5000,8.5000,2685400
20131231,8.6300,8.7500,8.5700,8.6900,1908000
20140101,8.6300,8.6300,8.6300,8.6300,0
20140102,8.8600,8.9300,8.5300,8.5600,3084600
20140103,8.7800,8.8500,8.6300,8.8100,2710700
20140106,8.2700,8.7800,8.2600,8.7800,2676300
20140107,8.3100,8.3700,8.1600,8.2700,1292700
20140108,8.4500,8.4700,8.2900,8.3100,1713500
20140109,8.1500,8.4900,8.1000,8.4300,1617300
20140110,8.0100,8.2400,7.9900,8.0800,1531900
20140113,7.8500,8.0800,7.7600,7.9500,1420700
20140114,8.1400,8.1400,7.8800,7.8800,1743600
20140115,8.1800,8.1900,8.0900,8.1900,1576900
20140116,8.2600,8.3600,8.1200,8.2000,1974100
20140117,8.2800,8.3900,8.2200,8.2500,1858300
20140120,8.1100,8.2900,8.0000,8.2300,1502000
20140121,8.3400,8.3500,8.1200,8.1200,1609700
20140122,8.7000,8.7000,8.3600,8.4500,3910100
20140123,8.7500,8.8500,8.6100,8.6800,3724700
20140124,8.8600,8.9500,8.6700,8.6900,3618600
20140127,8.8400,9.0300,8.7200,8.8000,3784600
20140128,8.7400,9.0100,8.7100,8.8300,2683700
20140129,9.2300,9.2500,8.7000,8.7700,7676000
20140130,9.1300,9.1900,9.0600,9.1800,3393800
20140131,9.1300,9.1300,9.1300,9.1300,0
20140203,9.1300,9.1300,9.1300,9.1300,0
20140205,9.1300,9.1300,9.1300,9.1300,0
20140206,9.1300,9.1300,9.1300,9.1300,0
20140207,9.3600,9.4200,8.8900,8.9800,7004700
20140210,9.5800,9.6500,9.2800,9.3000,7843700
20140211,9.5800,9.7300,9.3100,9.5000,9837500
20140212,9.4800,9.5700,9.3600,9.5400,5802400
20140213,9.2200,9.7700,9.1800,9.6800,8730100
20140214,9.3900,9.4200,9.1600,9.2200,4629000
20140217,10.3300,10.3300,9.3900,9.3900,22551000
20140218,10.7300,10.8300,10.2700,10.4700,32588800
20140219,10.6100,11.0800,10.4600,10.5700,19730600
20140220,10.3500,10.8400,10.1100,10.6200,11247000
20140221,10.4000,10.4800,9.9800,10.4000,8636600
20140224,10.9700,11.0000,10.1200,10.2600,13741300
20140225,10.0500,11.0800,9.8700,10.9000,14510600
