20130226,7.9500,8.2700,7.9300,8.0000,16825700
20130227,8.0600,8.2200,7.9900,8.0500,13804500
20130228,8.2700,8.2800,7.9700,8.1000,19836100
20130301,8.3300,8.3400,8.1600,8.2500,18058600
20130304,8.1300,8.5800,8.0800,8.3500,27271000
20130305,8.3600,8.4700,8.0200,8.0800,19174800
20130306,8.4100,8.6100,8.3700,8.4600,26981000
20130307,8.6500,8.7900,8.2500,8.4000,31998000
20130308,8.4800,8.7500,8.4800,8.5900,23807200
20130311,8.3500,8.5600,8.3300,8.4600,14071900
20130312,7.8600,8.4200,7.7100,8.3500,23780700
20130313,7.9500,8.0800,7.5400,7.8000,15707600
20130314,7.9100,8.0400,7.8500,7.8800,7769700
20130315,7.8000,8.0800,7.7800,7.9900,11451300
20130318,7.5500,7.7800,7.5000,7.7300,10763800
20130319,7.5900,7.6800,7.4300,7.5400,6613000
20130320,7.8400,7.8400,7.5500,7.5600,9974300
20130321,7.9100,8.0500,7.8100,7.8300,11665200
20130322,8.1000,8.2500,8.0500,8.0500,15707700
20130325,8.0200,8.1300,7.9500,8.1300,8281300
20130326,8.0000,8.0300,7.7100,7.9600,9948500
20130327,8.1000,8.1200,7.9100,7.9700,10933700
20130328,7.7300,8.0300,7.7000,8.0300,9290700
20130329,7.6400,7.8800,7.6000,7.7400,5810800
20130401,7.7800,7.8400,7.6100,7.6300,4747200
20130402,7.4000,7.8400,7.3000,7.7600,10665800
20130403,7.2100,7.4900,7.1300,7.4000,8296800
20130404,7.2100,7.2100,7.2100,7.2100,0
20130405,7.2100,7.2100,7.2100,7.2100,0
20130408,7.4200,7.4300,7.0000,7.1000,8200600
20130409,7.6100,7.7800,7.3500,7.4100,12186900
20130410,7.4000,7.6000,7.3700,7.5800,5443300
20130411,7.3100,7.5300,7.2700,7.4500,4809000
20130412,7.3000,7.3800,7.2200,7.2700,3573400
20130415,7.1700,7.3800,7.1400,7.3800,3665400
20130416,7.3200,7.3300,7.0200,7.0200,4014600
20130417,7.3400,7.3900,7.2500,7.3000,4260700
20130418,7.4200,7.4200,7.2500,7.3200,4489300
20130419,7.5400,7.5500,7.4000,7.4200,7389800
20130422,7.7800,7.7800,7.4100,7.4600,10956200
20130423,7.6200,7.9800,7.6000,7.9200,16271500
20130424,7.9200,7.9700,7.5700,7.5700,16033700
20130425,7.7100,7.9700,7.7000,7.8600,11335000
20130426,7.3000,7.8200,7.2600,7.7700,10166400
20130429,7.3000,7.3000,7.3000,7.3000,0
20130430,7.3000,7.3000,7.3000,7.3000,0
20130501,7.3000,7.3000,7.3000,7.3000,0
20130502,7.4500,7.5500,7.2200,7.2900,5368300
20130503,7.5500,7.6900,7.4600,7.4700,6427200
20130506,7.9200,7.9700,7.5300,7.5700,13001800
20130507,7.9300,8.1100,7.8200,7.8900,14831300
20130508,8.0600,8.1000,7.8400,7.9500,17303400
20130509,8.1400,8.2100,7.9400,8.0200,18563800
20130510,7.9800,8.2200,7.8700,8.1000,15093100
20130513,8.0200,8.0500,7.9100,8.0000,8394300
20130514,8.1100,8.1800,7.9800,8.0800,16934200
20130515,8.1500,8.2700,8.0500,8.1000,17303100
20130516,8.0700,8.1900,8.0100,8.1000,17910100
20130517,7.9900,8.0800,7.8800,8.0300,19223100
20130520,8.3600,8.3600,8.0000,8.0000,28378500
20130521,8.4000,8.4500,8.2600,8.3600,21382900
20130522,8.2000,8.5700,8.1600,8.4000,19826000
20130523,8.2800,8.4500,8.0900,8.1500,20965700
20130524,9.1100,9.1100,8.2800,8.2800,62760000
20130527,9.7600,10.0100,9.2400,9.3500,90128000
20130528,9.5600,9.7700,9.2900,9.6900,42705100
20130529,10.1100,10.1400,9.5100,9.5800,60344700
20130530,10.1800,10.6600,9.9200,10.0100,65620100
20130531,10.0100,10.3600,9.9500,10.2300,38227400
20130603,9.7200,10.1600,9.6500,10.0100,37367500
20130604,9.4400,9.7300,9.1200,9.6200,32985100
20130605,9.3400,9.5400,9.2500,9.3500,23305600
20130606,9.2100,9.5000,9.1100,9.4300,23398300
20130607,8.7300,9.2800,8.5700,9.1500,25824100
20130610,8.7300,8.7300,8.7300,8.7300,0
20130611,8.7300,8.7300,8.7300,8.7300,0
20130612,8.7300,8.7300,8.7300,8.7300,0
20130613,8.5800,8.6800,8.1200,8.5000,18746200
20130614,8.7100,8.8600,8.5400,8.5600,19908600
20130617,8.9300,9.1800,8.8600,8.9900,25539000
20130618,8.9000,8.9600,8.6700,8.8800,13613600
20130619,8.8000,8.9500,8.5600,8.9100,14570300
20130620,8.6500,9.0700,8.6000,8.7000,19258000
20130621,8.6100,8.7400,8.2500,8.3500,11389200
20130624,7.8800,8.6400,7.8000,8.5700,17284500
20130625,8.0100,8.1500,7.0900,7.7400,22531800
20130626,8.2700,8.3500,7.8500,8.0200,20076400
20130627,7.7800,8.3600,7.7600,8.2800,21985100
20130628,7.6200,7.9800,7.4500,7.7000,13779500
20130701,7.8000,7.8000,7.5400,7.6200,11228100
20130702,8.0400,8.0900,7.7500,7.7900,16565700
20130703,8.2800,8.3600,7.6600,7.9900,26940100
20130704,8.1800,8.4200,8.0500,8.1300,21718600
20130705,8.0700,8.3600,8.0500,8.2200,15935900
20130708,7.5400,7.8900,7.5300,7.8900,15496600
20130709,7.8600,7.8800,7.5200,7.5200,15043100
20130710,8.3000,8.3300,7.8700,7.8700,23291600
20130711,8.4200,8.4800,8.2100,8.3500,23946500
20130712,8.4100,8.7900,8.3600,8.4200,26544100
20130715,9.0800,9.1800,8.5000,8.5000,34811900
20130716,9.4900,9.6500,9.1600,9.1800,47130400
20130717,9.8300,10.2500,9.3500,9.3500,50471100
20130718,9.9900,10.2000,9.5400,9.9800,48969700
20130719,9.6100,10.2000,9.5500,10.1800,45973000
20130722,10.2900,10.4200,9.4000,9.4900,55101800
20130723,10.7700,10.8800,10.1600,10.4400,67572896
20130724,10.7500,11.2300,10.7100,10.9000,56508800
20130725,10.4200,11.1800,10.3800,10.6300,63659800
20130726,9.8100,10.2700,9.4800,10.2000,55915900
20130729,9.9500,10.2500,9.7200,9.8500,49269600
20130730,9.5000,9.9100,9.2000,9.8500,32911600
20130731,9.8000,10.0900,9.4000,9.4900,24792900
20130801,10.1600,10.2500,9.8100,9.8400,28532800
20130802,10.2800,10.4900,10.0000,10.1700,31226700
20130805,10.2900,10.4500,10.1000,10.3000,23163700
20130806,10.1600,10.3200,9.9800,10.2200,30550200
20130807,9.8400,10.1600,9.7600,10.1000,27128300
20130808,9.7400,9.9600,9.6000,9.7800,18433500
20130809,9.4800,9.8200,9.3800,9.7100,28194900
20130812,9.6000,9.6400,9.4300,9.5200,20904200
20130813,9.7700,9.8500,9.5500,9.5700,18385300
20130814,9.7200,9.8400,9.5600,9.8000,19794300
20130815,9.6900,9.8800,9.6700,9.7800,15709600
20130816,9.2200,9.6400,9.2000,9.5600,27046300
20130819,9.6200,9.6400,9.1500,9.1800,22781100
20130820,9.5600,9.8500,9.4500,9.6500,25178900
20130821,10.1200,10.3000,9.3700,9.5600,46714700
20130822,9.9700,10.1900,9.9100,9.9500,29778100
20130823,10.1000,10.2800,9.6800,10.0200,32551400
20130826,10.5300,10.7500,10.0200,10.1700,48048100
20130827,10.2700,10.5500,10.1000,10.4300,39897400
20130828,9.5600,10.0800,9.5400,10.0800,55576900
20130829,9.5300,9.6500,9.3800,9.4800,24190700
20130830,8.9000,9.5500,8.8800,9.4800,40357900
20130902,8.9300,9.0500,8.7100,8.8900,21291300
20130903,9.0500,9.1300,8.8900,8.8900,18527300
20130904,9.0200,9.1100,9.0100,9.0100,14672000
20130905,9.0900,9.1600,8.7600,8.9900,21276100
20130906,9.2500,9.2800,9.0200,9.0900,27186700
20130909,9.2100,9.2800,9.1300,9.2300,18563500
20130910,9.4100,9.5800,9.3500,9.3800,39575700
20130911,9.0000,9.4400,8.9200,9.3200,29360200
20130912,9.0600,9.2400,8.9700,9.0700,17870600
20130913,8.9900,9.0800,8.8500,9.0000,13326100
20130916,9.0000,9.0700,8.9400,8.9400,9394900
20130917,9.1400,9.2400,8.8800,9.0300,29056400
20130918,9.3600,9.5600,9.1500,9.1900,51824600
20130920,9.3600,9.3600,9.3600,9.3600,0
20130923,9.5900,9.7400,9.3300,9.4200,37600200
20130924,9.3900,9.5900,9.3300,9.5000,29615600
20130925,9.3300,9.5700,9.3000,9.4200,23153300
20130926,9.0500,9.4800,9.0000,9.3700,22371900
20130927,9.4000,9.5000,9.0100,9.0100,24060600
20130930,9.4700,9.5500,9.3500,9.4900,21571000
20131001,9.4700,9.4700,9.4700,9.4700,0
20131002,9.4700,9.4700,9.4700,9.4700,0
20131003,9.4700,9.4700,9.4700,9.4700,0
20131004,9.4700,9.4700,9.4700,9.4700,0
20131007,9.4700,9.4700,9.4700,9.4700,0
20131008,9.7500,9.7500,9.3600,9.4000,35200000
20131009,9.7200,9.7700,9.5600,9.7000,27082900
20131010,9.8100,10.0900,9.6900,9.7700,40666800
20131011,9.6100,9.8700,9.5300,9.8300,29539900
20131014,9.8000,9.9100,9.6000,9.6000,33718500
20131015,10.0700,10.2500,9.5500,9.8100,54798700
20131016,10.1500,10.5700,9.9100,10.1400,88732000
20131017,9.9900,10.5600,9.9400,10.1700,61192500
20131018,10.2000,10.4000,9.7800,10.1000,43366700
20131021,10.7700,11.1500,10.1000,10.2000,70468200
20131022,10.4700,10.8800,10.3800,10.6800,56975600
20131023,9.8300,10.5500,9.8000,10.4600,45276600
20131024,9.7200,9.9300,9.6800,9.7800,21010800
20131025,9.2000,9.8700,9.1100,9.7200,33194200
20131028,9.0200,9.3200,8.9500,9.2800,20055200
20131029,8.3100,8.8000,8.1200,8.8000,43869400
20131030,8.4600,8.4900,8.2000,8.3100,18989100
20131031,8.3200,8.4700,8.2200,8.4100,12874300
20131101,8.4800,8.5400,8.0900,8.3200,17884800
20131104,8.5100,8.5500,8.3400,8.4900,16218900
20131105,8.6000,8.6400,8.3500,8.4300,13924000
20131106,8.3900,8.6800,8.3900,8.5600,14524500
20131107,8.4900,8.6600,8.1700,8.3800,18733100
20131108,8.7000,8.9800,8.6000,8.6200,33966900
20131111,8.6200,8.7200,8.4900,8.6000,12568200
20131112,8.6800,8.8800,8.6100,8.6300,12733500
20131113,8.3100,8.6400,8.2900,8.6400,13458200
20131114,8.4200,8.4500,8.1100,8.3000,11821000
20131115,8.5500,8.6500,8.3600,8.4000,16734700
20131118,8.7700,8.7900,8.6000,8.6300,18120000
20131119,8.7500,8.9400,8.7000,8.7700,16518600
20131120,8.9700,8.9800,8.7300,8.7500,18202700
20131121,8.9100,8.9600,8.8000,8.9600,16430900
20131122,8.7000,8.8900,8.6900,8.8900,13780900
20131125,8.7000,8.8300,8.6200,8.7100,9108900
20131126,8.7800,8.8100,8.6200,8.7600,9625000
20131127,8.9100,8.9400,8.7100,8.7400,14926600
20131128,8.8700,9.0700,8.8600,8.9100,17600300
20131129,8.9500,8.9700,8.8600,8.9400,14031200
20131202,8.2300,8.7200,8.1600,8.7200,23405800
20131203,8.3700,8.4200,8.1800,8.2400,10696600
20131204,8.4400,8.5400,8.3400,8.4000,14660800
20131205,8.3200,8.4800,8.3100,8.4600,11666400
20131206,8.3700,8.4500,8.2700,8.3200,7438200
20131209,8.3600,8.4400,8.3100,8.3700,8803500
20131210,8.4200,8.4800,8.2900,8.3400,12493800
20131211,8.3200,8.3900,8.2600,8.3800,8495400
20131212,8.3600,8.4100,8.2600,8.2800,8740500
20131213,8.3500,8.3700,8.2800,8.3100,6913800
20131216,8.4400,8.4800,8.2800,8.3100,13496800
20131217,8.2600,8.4500,8.2500,8.4000,9879400
20131218,8.3100,8.3500,8.2100,8.2500,6803700
20131219,8.3100,8.4400,8.2900,8.3200,7084000
20131220,7.9600,8.3500,7.9100,8.2800,12862900
20131223,7.9300,8.0000,7.6300,7.9300,10254600
20131224,7.8900,8.0700,7.8100,7.9000,6424400
20131225,8.0100,8.0100,7.8900,7.9100,5479300
20131226,8.0200,8.1200,7.9600,8.0300,12263100
20131227,8.0900,8.1600,7.9300,7.9700,10537600
20131230,8.3100,8.3700,8.0900,8.1100,21648900
20131231,8.3000,8.3900,8.1300,8.2500,18226500
20140101,8.3000,8.3000,8.3000,8.3000,0
20140102,8.4000,8.4400,8.2100,8.2300,18307500
20140103,8.2400,8.4100,8.1900,8.3200,15559000
20140106,7.7700,8.2000,7.7500,8.2000,13550700
20140107,7.8300,7.8900,7.6400,7.6800,6659200
20140108,7.8600,7.9300,7.8200,7.8500,7161600
20140109,7.6500,7.9500,7.6400,7.8600,8569300
20140110,7.3100,7.6200,7.2500,7.6200,11591000
20140113,7.0600,7.3900,7.0200,7.3700,9460800
20140114,7.4200,7.4200,7.0600,7.1200,10502300
20140115,7.3700,7.5500,7.2500,7.5100,12025800
20140116,7.3300,7.4400,7.3100,7.3700,7079900
20140117,7.2500,7.3700,7.2000,7.3000,7005700
20140120,7.2500,7.3600,7.2300,7.2500,5433400
20140121,7.3500,7.3600,7.2300,7.2300,5935500
20140122,7.6100,7.6400,7.3800,7.4000,13961300
20140123,7.6000,7.6600,7.5400,7.6200,9705500
20140124,7.8000,7.8700,7.5300,7.5600,13907100
20140127,7.6900,7.8500,7.6600,7.7300,10441500
20140128,7.5700,7.7700,7.5300,7.6900,7937600
20140129,7.8200,7.9000,7.6300,7.6300,12370100
20140130,7.8800,8.0100,7.7500,7.8100,12084700
20140131,7.8800,7.8800,7.8800,7.8800,0
20140203,7.8800,7.8800,7.8800,7.8800,0
20140205,7.8800,7.8800,7.8800,7.8800,0
20140206,7.8800,7.8800,7.8800,7.8800,0
20140207,8.0600,8.1200,7.7700,7.8200,11510600
20140210,8.2700,8.4000,8.0200,8.0600,23057400
20140211,8.2500,8.4200,8.1100,8.3000,17564000
20140212,8.6300,8.6800,8.2300,8.2500,32868000
20140213,8.2100,8.5800,8.2000,8.5500,26061000
20140214,8.3700,8.4000,8.1700,8.2300,15351200
20140217,8.9400,8.9600,8.2800,8.3700,47585700
20140218,9.0800,9.3400,8.8100,8.8200,59514400
20140219,8.9100,9.1000,8.8400,9.0600,35706700
20140220,8.6600,9.0700,8.5300,8.9800,25979400
20140221,8.7500,8.8500,8.6000,8.6400,16594100
20140224,8.9400,8.9800,8.4400,8.7200,23184800
20140225,8.4600,9.1800,8.3200,8.9900,31026300
