20130226,10.4800,10.6400,10.4700,10.5300,977100
20130227,10.4500,10.5800,10.3500,10.5800,688500
20130228,10.4800,10.6000,10.3100,10.3100,512200
20130301,10.6200,10.6400,10.4200,10.5800,910200
20130304,10.3800,10.5800,10.3000,10.5800,1095300
20130305,10.2600,10.4500,10.1900,10.4000,1579700
20130306,11.0300,11.1700,10.3800,10.3900,4360400
20130307,10.7000,10.8900,10.6300,10.8100,2248100
20130308,10.5700,10.7300,10.4800,10.6800,1008600
20130311,10.5700,10.6000,10.3000,10.5100,754000
20130312,10.0500,10.5700,9.8000,10.5100,1148700
20130313,9.9400,10.1000,9.0900,10.0800,802600
20130314,10.0900,10.2700,9.8400,9.8600,779700
20130315,10.0800,10.2000,9.9600,10.1500,484500
20130318,10.1400,10.2600,10.0800,10.0900,531700
20130319,10.1800,10.3000,10.0400,10.3000,273400
20130320,10.2300,10.3800,10.1600,10.1800,916400
20130321,10.1800,10.2600,10.0700,10.2300,917700
20130322,10.1700,10.2500,10.1000,10.2500,897400
20130325,10.1900,10.2400,10.1300,10.1500,367500
20130326,9.9800,10.2500,9.9300,10.2500,756200
20130327,10.0100,10.2100,9.9300,9.9800,465200
20130328,9.6900,10.0500,9.6400,10.0500,558000
20130329,9.4800,9.7600,9.4800,9.7600,364500
20130401,9.6000,9.6900,9.4600,9.5700,386800
20130402,9.5800,9.6600,9.4800,9.6500,331700
20130403,9.5700,9.8800,9.5300,9.6800,268500
20130404,9.5700,9.5700,9.5700,9.5700,0
20130405,9.5700,9.5700,9.5700,9.5700,0
20130408,9.5700,9.5900,9.3300,9.5100,313400
20130409,9.6100,9.6500,9.5300,9.6500,214900
20130410,9.6000,9.7600,9.5100,9.6100,241900
20130411,9.6300,9.6800,9.5700,9.6500,244700
20130412,9.5700,9.7500,9.5600,9.6800,332100
20130415,9.5300,9.6900,9.4500,9.6900,207700
20130416,9.5700,9.5700,9.4200,9.5400,251800
20130417,9.5700,9.6600,9.4700,9.5800,188100
20130418,9.5600,9.6300,9.5100,9.5500,146600
20130419,9.7300,9.7400,9.5100,9.5100,621800
20130422,9.7600,9.8000,9.6500,9.7500,456900
20130423,9.5500,9.8600,9.5000,9.8200,363700
20130424,9.6100,9.7500,9.5400,9.7500,340600
20130425,9.5000,9.6800,9.4800,9.6800,497600
20130426,9.4400,9.6100,9.3600,9.5200,493500
20130429,9.4400,9.4400,9.4400,9.4400,0
20130430,9.4400,9.4400,9.4400,9.4400,0
20130501,9.4400,9.4400,9.4400,9.4400,0
20130502,10.0000,10.3700,9.4800,9.6500,2242300
20130503,10.0600,10.1400,9.8800,9.9000,1129700
20130506,10.8200,11.0700,10.6000,11.0700,6296100
20130507,10.3400,10.8500,10.3000,10.7900,4836900
20130508,10.5600,10.7400,10.1100,10.2000,4103500
20130509,10.3400,10.5500,10.1700,10.4100,3247200
20130510,10.4500,10.8000,10.2500,10.6500,2686500
20130513,10.2700,10.4200,10.1800,10.4100,1594900
20130514,10.3300,10.3900,10.1500,10.2700,1204600
20130515,10.2300,10.3700,10.1700,10.3600,926000
20130516,10.3300,10.3800,10.1700,10.1800,1485900
20130517,10.3100,10.3500,10.2000,10.3000,1097600
20130520,10.6600,10.7000,10.3400,10.3400,2221600
20130521,10.6700,10.7400,10.4400,10.6600,1704500
20130522,10.5100,10.7500,10.4600,10.7100,1260000
20130523,10.3100,10.6000,10.2400,10.5900,949600
20130524,10.4600,10.4700,10.2600,10.4600,689500
20130527,10.4600,10.6000,10.3500,10.3500,794900
20130528,10.3200,10.5500,10.2000,10.5500,1019600
20130529,10.4500,10.4800,10.3200,10.3200,937400
20130530,10.4800,10.5500,10.3000,10.4800,1018800
20130531,10.4000,10.5500,10.2900,10.5400,952300
20130603,10.3500,10.6000,10.2700,10.3900,723500
20130604,10.5500,10.5500,10.2300,10.4500,1818800
20130605,10.6200,10.6200,10.4100,10.5800,1628000
20130606,10.7600,11.2800,10.7200,10.7500,4725900
20130607,10.3400,10.9300,10.3000,10.6200,3002800
20130610,10.3400,10.3400,10.3400,10.3400,0
20130611,10.3400,10.3400,10.3400,10.3400,0
20130612,10.3400,10.3400,10.3400,10.3400,0
20130613,9.5200,9.9500,9.3100,9.9000,2127300
20130614,9.5500,9.5800,9.4600,9.4600,1116900
20130617,9.4700,9.6200,9.2000,9.5700,1064700
20130618,9.4100,9.6800,9.3200,9.5700,1237500
20130619,9.3000,9.5100,9.1000,9.4500,923100
20130620,9.2900,9.3800,9.1600,9.3000,613600
20130621,9.3900,9.4800,8.9200,9.2900,877700
20130624,8.7500,9.5500,8.4500,9.3800,1624900
20130625,8.2900,8.5500,7.8800,8.4100,1608000
20130626,8.4200,8.4800,8.0300,8.2900,841200
20130627,8.3800,8.5200,8.1800,8.4200,836500
20130628,8.2600,8.3900,8.1200,8.3800,502700
20130701,8.2800,8.3100,8.1400,8.3000,535100
20130702,8.4200,8.4300,8.2300,8.4300,632400
20130703,8.2300,8.4300,8.0000,8.4300,1016400
20130704,8.2900,8.4300,8.0200,8.2000,1060500
20130705,8.5600,8.7600,8.2000,8.3900,1365000
20130708,8.7700,9.2200,8.6100,8.6200,3279500
20130709,8.7000,8.8500,8.4300,8.5400,1354200
20130710,8.7800,8.7900,8.5100,8.6800,1085900
20130711,8.9500,8.9600,8.6500,8.7700,1776900
20130712,8.9100,9.1500,8.7900,9.1500,1230300
20130715,8.9400,9.0300,8.7700,8.9100,919400
20130716,9.0200,9.1900,8.8500,8.9100,954400
20130717,8.8800,9.0400,8.7300,9.0400,738600
20130718,8.7600,8.8800,8.6500,8.8800,664700
20130719,9.0600,9.4800,8.9500,8.9900,3352500
20130722,8.9500,9.0000,8.5000,8.8800,2068200
20130723,9.2000,9.2700,8.7800,8.9200,2437900
20130724,9.1500,9.3600,8.8000,9.1000,1470300
20130725,9.1100,9.1800,8.9200,9.1800,1281700
20130726,9.0700,9.3200,8.9000,9.0700,1057000
20130729,8.9500,9.1800,8.8500,9.0200,569500
20130730,9.0500,9.1100,8.8300,8.9800,707700
20130731,9.0400,9.1900,8.9300,9.1000,824900
20130801,9.1500,9.1700,8.8900,8.9800,835300
20130802,9.1700,9.3400,9.0300,9.1800,1058500
20130805,9.2100,9.2800,9.0900,9.1700,1179100
20130806,9.2500,9.3200,9.0700,9.1600,1336200
20130807,9.2700,9.4400,9.1400,9.2500,1830200
20130808,9.4700,9.4800,9.2500,9.2500,1715200
20130809,9.5500,9.6600,9.2000,9.4900,1895500
20130812,9.7500,9.9800,9.4600,9.4600,1598700
20130813,9.8200,9.9700,9.6800,9.8000,1307900
20130814,9.8600,10.1200,9.7400,9.8200,2428800
20130815,9.6000,9.9300,9.4800,9.8500,2101100
20130816,9.5400,9.6200,9.3500,9.6000,1544800
20130819,9.6600,9.7700,9.4200,9.4500,1156000
20130820,9.4900,9.7500,9.4400,9.7400,1022900
20130821,9.5100,9.5600,9.3500,9.5300,645200
20130822,9.5500,9.7200,9.4700,9.5200,1138200
20130823,9.5200,9.8100,9.2900,9.6400,1237700
20130826,9.6500,9.7700,9.4800,9.5100,1245400
20130827,9.7200,9.7300,9.6400,9.6500,948500
20130828,9.5800,9.7200,9.4700,9.6800,1024500
20130829,9.5800,9.9700,9.5300,9.5800,795000
20130830,9.3400,9.7100,9.1900,9.5400,1167100
20130902,9.3500,9.4900,9.2100,9.3400,531000
20130903,9.4900,9.6500,9.3300,9.3300,758400
20130904,9.4400,9.6000,9.3600,9.5700,535500
20130905,9.4500,9.5900,9.3500,9.4300,798700
20130906,9.4800,9.6100,9.4000,9.4200,942700
20130909,9.4800,9.5800,9.4000,9.5400,1259200
20130910,9.5100,9.5400,9.2800,9.4900,1561600
20130911,9.6800,9.7300,9.4000,9.4700,2147000
20130912,9.5600,9.7900,9.5200,9.6400,1087600
20130913,9.6200,9.7000,9.5300,9.6000,1078100
20130916,9.5200,9.7300,9.5200,9.6300,807500
20130917,9.2900,9.6300,9.2400,9.4500,1014900
20130918,9.2900,9.3800,9.2600,9.2600,453000
20130920,9.2900,9.2900,9.2900,9.2900,0
20130923,9.3700,9.3900,9.2300,9.3000,582200
20130924,9.3700,9.4200,9.3100,9.3400,923200
20130925,9.3700,9.4900,9.3300,9.4700,867300
20130926,9.1300,9.4500,9.0900,9.3200,697600
20130927,9.1900,9.3300,9.0700,9.1000,668900
20130930,9.2400,9.3900,9.1500,9.1600,304600
20131001,9.2400,9.2400,9.2400,9.2400,0
20131002,9.2400,9.2400,9.2400,9.2400,0
20131003,9.2400,9.2400,9.2400,9.2400,0
20131004,9.2400,9.2400,9.2400,9.2400,0
20131007,9.2400,9.2400,9.2400,9.2400,0
20131008,9.3200,9.3400,9.1800,9.2200,834800
20131009,9.2800,9.3300,9.2100,9.3300,705400
20131010,9.1600,9.3400,9.0700,9.3000,1065500
20131011,9.2000,9.2300,9.1100,9.1900,959600
20131014,9.3300,9.3600,9.1200,9.1200,1108000
20131015,9.3700,9.4000,9.2100,9.4000,1223900
20131016,9.2900,9.5100,9.2000,9.3600,1461500
20131017,10.1000,10.1100,9.3700,9.3700,6711000
20131018,9.6700,9.9900,9.5500,9.9900,3587000
20131021,9.6500,9.7100,9.4000,9.6500,2283700
20131022,9.5900,9.6500,9.4800,9.6300,1621100
20131023,9.2800,9.6600,9.2600,9.6500,1393600
20131024,9.2200,9.3000,9.0500,9.2800,984100
20131025,9.2000,9.3400,9.1200,9.2200,875300
20131028,9.1400,9.2900,8.9400,9.1500,578600
20131029,8.6100,9.2500,8.4800,9.2500,1119400
20131030,8.9100,8.9100,8.4100,8.7200,984200
20131031,8.9300,8.9400,8.6200,8.8300,644700
20131101,8.8800,8.8800,8.7400,8.8700,253000
20131104,9.0200,9.0500,8.6200,8.8300,705000
20131105,9.1000,9.1500,8.7700,8.9900,801100
20131106,8.9300,9.0800,8.8800,8.9200,686600
20131107,8.9300,9.0200,8.7700,8.8700,464300
20131108,8.8900,8.9500,8.7500,8.9100,545600
20131111,8.8900,8.8900,8.8900,8.8900,0
20131112,8.8900,8.8900,8.8900,8.8900,0
20131113,8.8900,8.8900,8.8900,8.8900,0
20131114,8.8900,8.8900,8.8900,8.8900,0
20131115,8.8900,8.8900,8.8900,8.8900,0
20131118,8.8900,8.8900,8.8900,8.8900,0
20131119,8.8900,8.8900,8.8900,8.8900,0
20131120,8.8900,8.8900,8.8900,8.8900,0
20131121,8.8900,8.8900,8.8900,8.8900,0
20131122,8.8900,8.8900,8.8900,8.8900,0
20131125,8.8900,8.8900,8.8900,8.8900,0
20131126,8.8900,8.8900,8.8900,8.8900,0
20131127,8.8900,8.8900,8.8900,8.8900,0
20131128,8.8900,8.8900,8.8900,8.8900,0
20131129,8.8900,8.8900,8.8900,8.8900,0
20131202,8.8900,8.8900,8.8900,8.8900,0
20131203,8.8900,8.8900,8.8900,8.8900,0
20131204,8.8900,8.8900,8.8900,8.8900,0
20131205,8.8900,8.8900,8.8900,8.8900,0
20131206,8.8900,8.8900,8.8900,8.8900,0
20131209,8.8900,8.8900,8.8900,8.8900,0
20131210,8.8900,8.8900,8.8900,8.8900,0
20131211,8.8900,8.8900,8.8900,8.8900,0
20131212,8.8900,8.8900,8.8900,8.8900,0
20131213,8.8900,8.8900,8.8900,8.8900,0
20131216,8.8900,8.8900,8.8900,8.8900,0
20131217,8.8900,8.8900,8.8900,8.8900,0
20131218,8.8900,8.8900,8.8900,8.8900,0
20131219,8.8900,8.8900,8.8900,8.8900,0
20131220,8.8900,8.8900,8.8900,8.8900,0
20131223,8.8900,8.8900,8.8900,8.8900,0
20131224,8.8900,8.8900,8.8900,8.8900,0
20131225,8.8900,8.8900,8.8900,8.8900,0
20131226,8.8900,8.8900,8.8900,8.8900,0
20131227,8.8900,8.8900,8.8900,8.8900,0
20131230,8.8900,8.8900,8.8900,8.8900,0
20131231,8.8900,8.8900,8.8900,8.8900,0
20140101,8.8900,8.8900,8.8900,8.8900,0
20140102,8.8900,8.8900,8.8900,8.8900,0
20140103,8.8900,8.8900,8.8900,8.8900,0
20140106,8.8900,8.8900,8.8900,8.8900,0
20140107,8.8900,8.8900,8.8900,8.8900,0
20140108,8.8900,8.8900,8.8900,8.8900,0
20140109,8.8900,8.8900,8.8900,8.8900,0
20140110,8.8900,8.8900,8.8900,8.8900,0
20140113,8.8900,8.8900,8.8900,8.8900,0
20140114,8.8900,8.8900,8.8900,8.8900,0
20140115,8.8900,8.8900,8.8900,8.8900,0
20140116,8.8900,8.8900,8.8900,8.8900,0
20140117,8.8900,8.8900,8.8900,8.8900,0
20140120,8.8900,8.8900,8.8900,8.8900,0
20140121,8.8900,8.8900,8.8900,8.8900,0
20140122,8.8900,8.8900,8.8900,8.8900,0
20140123,8.8900,8.8900,8.8900,8.8900,0
20140124,8.8900,8.8900,8.8900,8.8900,0
20140127,9.7800,9.7800,9.7800,9.7800,118500
20140128,10.7600,10.7600,10.7600,10.7600,660800
20140129,11.8400,11.8400,10.9100,11.0100,12603800
20140130,13.0200,13.0200,11.6400,12.1000,12387700
20140131,13.0200,13.0200,13.0200,13.0200,0
20140203,13.0200,13.0200,13.0200,13.0200,0
20140205,13.0200,13.0200,13.0200,13.0200,0
20140206,13.0200,13.0200,13.0200,13.0200,0
20140207,13.8800,14.2500,13.0200,13.0600,16294500
20140210,14.2000,14.5900,13.6100,13.9800,16295300
20140211,13.9000,14.3400,13.6800,14.1900,12250200
20140212,13.9400,14.0900,13.6100,13.8100,9028400
20140213,13.3000,14.1400,13.3000,13.8300,10160700
20140214,13.5500,13.5600,13.1500,13.2300,6905100
20140217,13.9600,14.2100,13.5800,13.6400,11134900
20140218,15.3600,15.3600,13.8300,14.0000,12552500
20140219,14.4800,16.1000,14.2100,15.8800,15305500
20140220,14.1000,14.3800,13.3800,14.1200,9598300
20140221,14.1000,14.1000,14.1000,14.1000,0
20140224,13.2600,13.5400,12.8800,13.5100,7152500
20140225,12.0700,13.4500,11.9300,13.2000,9363700
