20130226,7.9400,8.0700,7.9300,8.0100,1342900
20130227,7.8900,8.0300,7.8700,8.0100,1021300
20130228,8.0200,8.0300,7.8700,7.9200,1550800
20130301,8.1400,8.1500,7.9900,8.0300,2157000
20130304,7.8100,8.0800,7.8000,8.0800,2311000
20130305,8.0300,8.0300,7.8000,7.8100,1325400
20130306,8.1000,8.1400,8.0100,8.0400,2009500
20130307,8.2200,8.2400,8.0400,8.0900,3865800
20130308,8.2500,8.2800,8.1100,8.2200,2760100
20130311,8.3800,8.5400,8.1600,8.2500,6056300
20130312,8.1100,8.4100,8.0100,8.3000,4273200
20130313,7.8500,8.0700,7.7300,8.0600,2212200
20130314,7.8200,7.9500,7.7900,7.8100,941700
20130315,7.7700,7.9100,7.7100,7.8600,1102100
20130318,7.8200,8.0300,7.7700,7.7700,1256200
20130319,8.2200,8.2800,7.8400,7.8900,3912100
20130320,8.2700,8.2900,8.1000,8.2000,4100100
20130321,8.2400,8.3400,8.2200,8.2900,2809100
20130322,8.3500,8.5000,8.1800,8.2100,4172500
20130325,8.4700,8.5500,8.2900,8.4400,4752100
20130326,8.2400,8.4500,8.1400,8.4500,3495900
20130327,8.5100,9.0000,8.2500,8.2500,9591500
20130328,8.8200,9.1200,8.2500,8.3900,13658700
20130329,9.7000,9.7000,8.7000,8.8300,18630900
20130401,9.3400,9.7600,9.3000,9.5600,13462100
20130402,9.3000,9.8400,9.2000,9.3100,12615700
20130403,8.7200,9.2000,8.5800,9.2000,9826200
20130404,8.7200,8.7200,8.7200,8.7200,0
20130405,8.7200,8.7200,8.7200,8.7200,0
20130408,8.5200,8.7500,8.0800,8.4500,8802400
20130409,8.7500,8.8400,8.3300,8.4400,8677600
20130410,8.4200,8.6400,8.2800,8.6400,5016300
20130411,8.3800,8.5700,8.3400,8.4200,3518300
20130412,8.1000,8.3600,8.0700,8.3400,4128200
20130415,8.1100,8.2900,8.0100,8.1000,2652100
20130416,8.0900,8.1100,7.8000,8.0000,2984600
20130417,8.1100,8.1400,7.9800,8.0500,2393000
20130418,8.0800,8.1100,7.9500,8.0500,2304500
20130419,8.2600,8.3500,8.1200,8.1300,4340000
20130422,8.1300,8.2000,8.0000,8.2000,4123800
20130423,7.8400,8.0800,7.8000,8.0800,3702800
20130424,7.9500,8.0100,7.8000,7.8500,2488300
20130425,7.9600,8.1000,7.8400,7.9500,2930500
20130426,7.5400,8.0400,7.4800,7.9600,3012300
20130429,7.5400,7.5400,7.5400,7.5400,0
20130430,7.5400,7.5400,7.5400,7.5400,0
20130501,7.5400,7.5400,7.5400,7.5400,0
20130502,7.5500,7.6000,7.4600,7.5700,1062800
20130503,7.6300,7.7200,7.5400,7.5500,1654100
20130506,7.7500,7.7800,7.6000,7.6000,1644400
20130507,7.7800,7.8200,7.6800,7.7500,1533200
20130508,7.9500,7.9900,7.7100,7.7600,3089300
20130509,8.0200,8.1000,7.8500,7.9000,3247100
20130510,7.9900,8.0700,7.9300,7.9600,2025000
20130513,8.1000,8.1700,7.8600,7.9800,3200500
20130514,7.9700,8.0800,7.9000,8.0500,1988400
20130515,7.7800,7.9800,7.6600,7.9000,6178700
20130516,7.7800,7.7800,7.7800,7.7800,0
20130517,7.7800,7.7800,7.7800,7.7800,0
20130520,7.7800,7.7800,7.7800,7.7800,0
20130521,8.4000,8.5600,7.6600,7.6600,10741600
20130522,8.3100,8.5300,8.2100,8.2700,6524700
20130523,8.0800,8.2800,7.9800,8.2800,4574200
20130524,8.1900,8.2400,8.0300,8.0300,2556500
20130527,8.3200,8.3600,8.1900,8.2400,3158400
20130528,8.3700,8.3800,8.1800,8.3200,4028300
20130529,8.3100,8.3800,8.2700,8.3600,2733600
20130530,8.2900,8.3400,8.2200,8.2800,2195200
20130531,8.6800,8.9500,8.2600,8.3400,9783900
20130603,8.7400,8.8700,8.5000,8.6500,6780200
20130604,8.4300,8.7100,8.3000,8.7100,3353200
20130605,8.3600,8.4800,8.2500,8.3700,2117600
20130606,8.1300,8.4000,8.1100,8.3600,2578600
20130607,7.8400,8.1900,7.8300,8.1100,2100500
20130610,7.8400,7.8400,7.8400,7.8400,0
20130611,7.8400,7.8400,7.8400,7.8400,0
20130612,7.8400,7.8400,7.8400,7.8400,0
20130613,7.4700,7.7700,7.1100,7.7700,2188400
20130614,7.4900,7.5600,7.4000,7.4100,1650700
20130617,7.2900,7.4900,7.2400,7.4000,1846900
20130618,7.3000,7.3700,7.2400,7.2400,1246900
20130619,7.1600,7.3300,7.0400,7.3300,1729900
20130620,7.0300,7.2300,7.0100,7.1300,1392700
20130621,7.0000,7.0900,6.8700,7.0000,1176800
20130624,6.5800,6.9900,6.5000,6.9400,1477400
20130625,6.5000,6.6200,5.9300,6.4000,2044700
20130626,6.6100,6.6200,6.3600,6.4900,1445100
20130627,6.3900,6.7000,6.3900,6.6100,1443400
20130628,6.3600,6.5000,6.2300,6.4000,1175100
20130701,6.4400,6.4900,6.2700,6.3600,948600
20130702,6.5900,6.6000,6.4200,6.4400,1191600
20130703,6.4800,6.6000,6.3900,6.6000,1124100
20130704,6.5300,6.5900,6.3500,6.4600,1398800
20130705,6.5300,6.6800,6.5100,6.5400,1541400
20130708,6.2300,6.5000,6.2000,6.5000,1400100
20130709,6.3200,6.3300,6.2200,6.2300,817700
20130710,6.5600,6.5600,6.2900,6.3000,1331900
20130711,6.7000,6.8800,6.5000,6.5800,2305300
20130712,6.6600,6.8100,6.6200,6.6500,1716000
20130715,6.7000,6.7800,6.6200,6.7100,1624600
20130716,7.0500,7.2200,6.6200,6.7300,4110400
20130717,6.8600,7.0000,6.8400,6.9400,1958800
20130718,6.8800,6.9800,6.7600,6.8100,1270000
20130719,6.6800,6.9900,6.6600,6.8500,1616000
20130722,6.7200,6.7400,6.5500,6.6400,1180700
20130723,6.9200,6.9300,6.7000,6.7500,1611300
20130724,6.9000,6.9600,6.8100,6.9200,1425600
20130725,7.2500,7.3000,6.8100,6.8700,4621800
20130726,7.4800,7.6300,7.0500,7.1100,7814900
20130729,7.3900,7.7200,7.3000,7.4100,4184000
20130730,7.4000,7.4500,7.1800,7.4000,1981000
20130731,7.3900,7.4800,7.3200,7.3400,1907800
20130801,7.4000,7.4900,7.2000,7.4300,2771700
20130802,7.4200,7.5200,7.3600,7.3900,2668200
20130805,7.3800,7.4700,7.2000,7.4700,2999200
20130806,7.5300,7.6300,7.3400,7.4500,4021800
20130807,7.3400,7.5200,7.3200,7.5200,2374300
20130808,7.2600,7.3800,7.2300,7.3000,1725400
20130809,7.3300,7.3500,7.2200,7.2500,1446700
20130812,7.5800,7.6900,7.3200,7.3200,3507000
20130813,7.5500,7.5800,7.4100,7.5600,2394900
20130814,7.4100,7.5400,7.3800,7.5400,1991500
20130815,7.3600,7.4300,7.3300,7.4000,1244100
20130816,7.1000,7.4400,7.1000,7.3400,1645400
20130819,7.2000,7.2300,7.0200,7.0700,1146400
20130820,7.3500,7.3600,7.1500,7.2000,1763000
20130821,7.4300,7.4800,7.2700,7.3500,1548700
20130822,7.5000,7.6800,7.4000,7.4000,4659400
20130823,7.4000,7.4700,7.2200,7.4200,3035100
20130826,7.4600,7.4600,7.3100,7.4000,1840700
20130827,7.5100,7.5700,7.4100,7.4600,1785100
20130828,7.3500,7.5200,7.3300,7.4700,1780500
20130829,7.2200,7.3800,7.2000,7.3300,1817500
20130830,7.0900,7.2800,7.0800,7.2500,1637300
20130902,7.2700,7.2900,7.0900,7.0900,1286800
20130903,7.4400,7.4800,7.2300,7.2700,1911200
20130904,7.3700,7.4400,7.3000,7.4200,1118500
20130905,7.3800,7.4400,7.3000,7.4100,1039200
20130906,7.3600,7.3800,7.2400,7.3800,1182200
20130909,7.4200,7.4400,7.3000,7.3200,1594100
20130910,7.5000,7.5000,7.3700,7.4200,2689800
20130911,7.4200,7.5700,7.3400,7.5500,2171900
20130912,7.7000,7.7700,7.3400,7.4200,4321900
20130913,7.5600,7.6800,7.5100,7.6400,2732900
20130916,7.5000,7.6500,7.4500,7.5700,1657800
20130917,7.3100,7.5500,7.3000,7.5300,1386500
20130918,7.3800,7.4300,7.2300,7.3100,1278100
20130920,7.3800,7.3800,7.3800,7.3800,0
20130923,7.4600,7.4800,7.3200,7.3800,1063500
20130924,7.4500,7.5200,7.4000,7.4900,1324300
20130925,7.5200,7.6600,7.4600,7.4900,2433700
20130926,7.6400,7.7800,7.5000,7.5300,2914100
20130927,7.5400,7.7900,7.5100,7.5900,2890600
20130930,7.6000,7.7400,7.5000,7.5300,2217200
20131001,7.6000,7.6000,7.6000,7.6000,0
20131002,7.6000,7.6000,7.6000,7.6000,0
20131003,7.6000,7.6000,7.6000,7.6000,0
20131004,7.6000,7.6000,7.6000,7.6000,0
20131007,7.6000,7.6000,7.6000,7.6000,0
20131008,7.8700,7.8800,7.6000,7.6200,3788200
20131009,7.8500,7.9600,7.7800,7.8800,2636600
20131010,7.9900,8.0700,7.6600,7.8500,3634100
20131011,8.3700,8.5300,7.8300,7.8900,7744100
20131014,8.2200,8.3600,8.1800,8.2300,3727500
20131015,8.5200,8.8500,8.3200,8.3200,7639000
20131016,8.3900,8.9000,8.3200,8.4800,7436100
20131017,8.4300,8.6800,8.0800,8.3300,6896200
20131018,8.4700,8.6300,8.1500,8.3500,3839700
20131021,8.5000,8.5700,8.3900,8.5200,3919600
20131022,8.7000,8.7500,8.3300,8.4600,5785300
20131023,8.1800,8.7000,8.1000,8.6500,3563400
20131024,8.1600,8.3600,8.1200,8.1500,2456600
20131025,8.1400,8.3300,8.0900,8.1500,2469400
20131028,8.1800,8.2600,8.0000,8.0800,1851200
20131029,7.4300,8.2000,7.3600,8.1800,4086000
20131030,7.5100,7.5600,7.2600,7.4100,1700600
20131031,7.4500,7.5400,7.3300,7.5000,1284800
20131101,7.4000,7.4700,7.3600,7.3600,875900
20131104,7.4700,7.5600,7.3300,7.5600,1201100
20131105,7.5200,7.5300,7.3400,7.4000,1115300
20131106,7.5700,7.7100,7.4500,7.5000,1916100
20131107,7.3700,7.5800,7.3600,7.5400,1120500
20131108,7.0500,7.3900,6.9400,7.3700,1991900
20131111,7.0900,7.1300,6.9600,7.0200,773000
20131112,7.1200,7.1800,7.0400,7.0900,858700
20131113,7.0200,7.1600,7.0100,7.1200,696000
20131114,7.1600,7.1900,7.0000,7.0700,840700
20131115,7.3200,7.4000,7.1300,7.1600,2252400
20131118,7.6000,7.7300,7.2700,7.2800,3805300
20131119,7.6500,7.7400,7.4800,7.5800,2212200
20131120,7.6400,7.6800,7.5000,7.6000,1253000
20131121,7.6900,7.7300,7.5300,7.6000,1362300
20131122,7.6500,7.7300,7.6000,7.6900,1129400
20131125,7.6600,7.7200,7.5600,7.5600,804400
20131126,7.8100,7.8200,7.6300,7.6500,1491300
20131127,7.8300,7.8600,7.7200,7.8200,1222900
20131128,7.9100,7.9400,7.8000,7.8200,1691000
20131129,7.9100,7.9700,7.8600,7.9100,1393700
20131202,7.6100,7.9700,7.5100,7.6600,2314800
20131203,7.8500,7.9000,7.5600,7.6100,1232400
20131204,7.9900,8.1300,7.8400,7.8400,2029100
20131205,8.0100,8.1300,7.9200,8.0500,1801200
20131206,7.9200,8.0000,7.8700,8.0000,930500
20131209,8.1000,8.1200,7.9300,7.9300,1311800
20131210,8.0300,8.1500,8.0000,8.0600,887900
20131211,8.0700,8.1000,7.8500,7.9700,1360400
20131212,8.0000,8.0600,7.9300,8.0400,897700
20131213,8.0400,8.0600,7.9400,7.9600,940800
20131216,7.8200,8.0600,7.8200,8.0600,802900
20131217,7.7900,7.8600,7.7600,7.8300,628300
20131218,7.8600,7.9600,7.7500,7.8400,523900
20131219,7.8800,7.9300,7.7800,7.8700,812900
20131220,7.9100,7.9100,7.7900,7.8800,844100
20131223,8.3000,8.5000,7.9400,7.9400,5686900
20131224,8.3800,8.4100,8.1900,8.2000,2538800
20131225,8.4000,8.4500,8.2700,8.3800,1826600
20131226,8.2500,8.4200,8.2500,8.3800,1763000
20131227,8.3300,8.4500,8.1900,8.2500,1886200
20131230,8.3500,8.4200,8.2200,8.3500,1620500
20131231,8.3600,8.3600,8.1500,8.2000,2933700
20140101,8.3600,8.3600,8.3600,8.3600,0
20140102,8.4500,8.5300,8.2700,8.3500,2176000
20140103,8.3300,8.6500,8.2600,8.4500,2131200
20140106,7.9000,8.3600,7.8600,8.2400,1671500
20140107,7.9000,8.0000,7.7600,7.7700,1252000
20140108,8.0400,8.0600,7.8000,7.9700,1237200
20140109,8.4800,8.5200,7.9000,8.0400,4290100
20140110,8.3000,8.6500,8.2800,8.4100,5068200
20140113,7.9500,8.3800,7.8600,8.3200,2230500
20140114,8.0700,8.0800,7.8600,7.8600,893800
20140115,8.2000,8.2300,7.9500,8.0000,1297700
20140116,8.2900,8.3500,8.1200,8.1200,1429700
20140117,8.0800,8.2700,8.0000,8.2700,756200
20140120,8.1000,8.1900,8.0200,8.1700,814100
20140121,8.1400,8.2500,7.9100,7.9100,1741300
20140122,8.2700,8.3200,8.0700,8.0900,1924100
20140123,8.2700,8.3400,8.0900,8.2800,1958700
20140124,8.5000,8.5200,8.1800,8.2500,3317600
20140127,8.4800,8.6500,8.3900,8.4200,2331800
20140128,8.3900,8.4800,8.3200,8.4100,1036000
20140129,8.3900,8.4200,8.2800,8.4100,1145100
20140130,8.3600,8.4200,8.2800,8.4200,1095800
20140131,8.3600,8.3600,8.3600,8.3600,0
20140203,8.3600,8.3600,8.3600,8.3600,0
20140205,8.3600,8.3600,8.3600,8.3600,0
20140206,8.3600,8.3600,8.3600,8.3600,0
20140207,8.5500,8.5700,8.2600,8.2900,2059900
20140210,8.5700,8.6500,8.4700,8.5400,7314700
20140211,9.0800,9.3600,8.5000,8.5200,11458300
20140212,9.1100,9.1400,8.8300,8.9700,5864400
20140213,8.7500,9.0500,8.7100,9.0500,4193600
20140214,8.8200,8.9200,8.7200,8.7200,2707900
20140217,8.8200,8.8200,8.8200,8.8200,0
20140218,8.8200,8.8200,8.8200,8.8200,0
20140219,8.8200,8.8200,8.8200,8.8200,0
20140220,8.8200,8.8200,8.8200,8.8200,0
20140221,8.2100,8.5100,8.0800,8.5100,7133800
20140224,8.1300,8.2000,8.0100,8.0500,3033700
20140225,7.9400,8.3300,7.9000,8.1400,3504100
