20130226,8.3200,8.6700,8.3000,8.6700,3337000
20130227,8.3500,8.4100,8.2400,8.3000,1773300
20130228,8.3300,8.4000,8.1800,8.3500,2422700
20130301,8.4000,8.4100,8.2300,8.3000,2131900
20130304,8.1600,8.4100,8.1000,8.3600,2811600
20130305,8.4800,8.6600,8.1000,8.1600,3845100
20130306,8.4600,8.4800,8.3100,8.3500,3216900
20130307,8.5600,8.6000,8.3900,8.4500,3503800
20130308,8.5200,8.6800,8.4800,8.5300,2231000
20130311,8.5500,8.6800,8.4600,8.5000,2793300
20130312,8.2000,8.5400,8.0000,8.5000,2708100
20130313,8.0500,8.2000,8.0100,8.2000,1352700
20130314,8.1200,8.1800,8.0100,8.0400,774600
20130315,7.9400,8.1600,7.9000,8.1200,1662100
20130318,7.5700,7.9200,7.5700,7.9100,1649600
20130319,7.5800,7.6600,7.4500,7.5700,895400
20130320,7.7000,7.7100,7.5500,7.5800,1277400
20130321,7.9800,8.0500,7.7000,7.7500,2871100
20130322,8.7800,8.7800,7.8600,7.9800,9722000
20130325,9.6400,9.6600,8.7200,8.7700,20105100
20130326,9.5800,9.6600,9.2700,9.4000,11709500
20130327,9.9600,10.3200,9.3800,9.5500,17747900
20130328,9.8300,9.9600,9.5800,9.7100,6375200
20130329,10.2900,10.4900,9.7100,9.7500,17569900
20130401,10.1700,10.2500,9.9600,10.1400,6041200
20130402,10.3500,10.7300,10.0600,10.1300,18674400
20130403,10.5200,10.8100,10.1200,10.3600,10755200
20130404,10.5200,10.5200,10.5200,10.5200,0
20130405,10.5200,10.5200,10.5200,10.5200,0
20130408,10.5100,11.1100,9.8800,10.5200,14124900
20130409,10.6400,11.1000,10.0800,10.5500,17787500
20130410,10.3700,10.5400,10.2100,10.4000,6800100
20130411,10.6500,10.8400,9.9200,10.2000,13972100
20130412,11.0600,11.3000,10.3500,10.4400,17152500
20130415,11.6800,11.9700,10.9800,11.0000,15973600
20130416,11.1500,12.1100,10.7000,11.8200,17287000
20130417,10.9400,11.3500,10.5300,11.0500,18581400
20130418,10.9800,11.1200,10.6100,10.7500,11152900
20130419,10.4800,11.2500,10.3400,11.0600,17292100
20130422,9.8700,10.2800,9.7400,10.2800,13627000
20130423,9.7200,9.9300,9.6500,9.8000,6544900
20130424,9.5900,9.7900,9.3600,9.7600,7588200
20130425,9.1600,9.5400,9.1600,9.5400,7327300
20130426,8.6100,9.2200,8.6000,9.1800,7392700
20130429,8.6100,8.6100,8.6100,8.6100,0
20130430,8.6100,8.6100,8.6100,8.6100,0
20130501,8.6100,8.6100,8.6100,8.6100,0
20130502,8.6500,8.7500,8.5900,8.6100,3056400
20130503,8.7400,8.8400,8.6700,8.7300,3495600
20130506,8.8100,8.8500,8.5600,8.7500,4951200
20130507,8.9600,8.9600,8.7100,8.7500,5266800
20130508,8.8300,8.9800,8.7800,8.9600,4125600
20130509,8.5600,8.8500,8.4200,8.8200,5461200
20130510,8.7000,8.7300,8.5000,8.5700,2764700
20130513,9.0400,9.1300,8.7000,8.7200,8728400
20130514,8.7700,9.0600,8.6900,9.0500,4561100
20130515,8.7500,8.7700,8.6000,8.7300,2826900
20130516,8.7900,8.8300,8.6500,8.6600,3189800
20130517,8.8300,8.8500,8.7500,8.7700,3353500
20130520,9.0300,9.0300,8.8000,8.8600,4677400
20130521,9.0000,9.0400,8.9400,9.0200,3915900
20130522,9.3400,9.4000,8.9800,8.9800,8570000
20130523,9.1400,9.3400,9.1400,9.3300,4731700
20130524,9.1800,9.2800,9.1000,9.1300,3004500
20130527,9.1100,9.1800,9.0000,9.1800,3185000
20130528,8.9400,9.1100,8.7000,9.1100,4235000
20130529,9.0100,9.0300,8.8800,8.9500,2939900
20130530,8.8100,8.9900,8.8100,8.9900,3176300
20130531,8.9300,8.9600,8.7900,8.8300,3072400
20130603,9.0500,9.0500,8.8400,8.9300,3077600
20130604,9.9600,9.9600,9.1000,9.1000,14536600
20130605,10.4000,10.8400,9.9900,10.0000,19517800
20130606,9.8500,10.2600,9.8000,10.2600,10157300
20130607,9.2400,9.7400,9.1300,9.6400,9229300
20130610,9.2400,9.2400,9.2400,9.2400,0
20130611,9.2400,9.2400,9.2400,9.2400,0
20130612,9.2400,9.2400,9.2400,9.2400,0
20130613,8.3200,9.0300,8.3200,9.0300,7628900
20130614,8.3500,8.4500,8.2200,8.3200,5315900
20130617,8.6000,8.9000,8.3000,8.3500,5987500
20130618,8.4300,8.5500,8.3000,8.5500,3688200
20130619,8.1000,8.3400,7.9000,8.3400,4513700
20130620,7.8400,8.2300,7.8000,8.0300,2718300
20130621,7.7900,7.8900,7.3000,7.6500,2552100
20130624,7.1900,7.7400,7.0900,7.6800,2403500
20130625,7.0600,7.3500,6.5000,7.1100,2936800
20130626,7.2100,7.2500,6.9900,7.0700,2388000
20130627,6.9300,7.3800,6.8900,7.2400,2707300
20130628,6.8900,7.0700,6.7500,6.9100,1923200
20130701,7.1300,7.1400,6.8100,6.8900,1698300
20130702,7.2000,7.2400,7.0300,7.1000,1799500
20130703,7.0600,7.1800,6.9100,7.1800,2336200
20130704,7.4100,7.5200,6.3500,6.9900,4313800
20130705,7.2700,7.4600,7.2600,7.3100,2621200
20130708,6.8300,7.2300,6.8200,7.0200,2221200
20130709,6.8200,6.9400,6.6600,6.7800,1162600
20130710,7.0000,7.0200,6.7300,6.7300,1462200
20130711,7.2200,7.3400,6.9600,7.0000,2538400
20130712,7.0900,7.3400,7.0600,7.2300,1943700
20130715,7.5500,7.7100,7.0900,7.1000,4503100
20130716,7.5100,7.5500,7.3000,7.4300,2728500
20130717,7.2400,7.5200,7.2400,7.5200,2296600
20130718,7.2800,7.3000,7.1200,7.1800,1686900
20130719,7.0800,7.3500,7.0100,7.2200,2388700
20130722,7.1600,7.1600,6.8000,7.0200,1269800
20130723,7.4200,7.4500,7.1100,7.1600,2953000
20130724,7.5100,7.5500,7.3100,7.4100,2963400
20130725,7.2700,7.5800,7.2200,7.5000,2137000
20130726,7.6500,7.7800,7.1300,7.2600,5207900
20130729,7.6500,7.6500,7.6500,7.6500,0
20130730,7.6500,7.6500,7.6500,7.6500,0
20130731,7.6500,7.6500,7.6500,7.6500,0
20130801,7.6500,7.6500,7.6500,7.6500,0
20130802,7.6500,7.6500,7.6500,7.6500,0
20130805,7.6500,7.6500,7.6500,7.6500,0
20130806,7.6500,7.6500,7.6500,7.6500,0
20130807,7.6500,7.6500,7.6500,7.6500,0
20130808,7.6500,7.6500,7.6500,7.6500,0
20130809,7.6500,7.6500,7.6500,7.6500,0
20130812,7.6500,7.6500,7.6500,7.6500,0
20130813,7.6500,7.6500,7.6500,7.6500,0
20130814,7.6500,7.6500,7.6500,7.6500,0
20130815,7.6500,7.6500,7.6500,7.6500,0
20130816,7.6500,7.6500,7.6500,7.6500,0
20130819,7.6500,7.6500,7.6500,7.6500,0
20130820,7.6500,7.6500,7.6500,7.6500,0
20130821,7.6500,7.6500,7.6500,7.6500,0
20130822,7.6500,7.6500,7.6500,7.6500,0
20130823,7.6500,7.6500,7.6500,7.6500,0
20130826,7.6500,7.6500,7.6500,7.6500,0
20130827,7.6500,7.6500,7.6500,7.6500,0
20130828,7.6500,7.6500,7.6500,7.6500,0
20130829,7.6500,7.6500,7.6500,7.6500,0
20130830,7.6500,7.6500,7.6500,7.6500,0
20130902,7.6500,7.6500,7.6500,7.6500,0
20130903,7.6500,7.6500,7.6500,7.6500,0
20130904,7.6500,7.6500,7.6500,7.6500,0
20130905,7.6500,7.6500,7.6500,7.6500,0
20130906,7.6500,7.6500,7.6500,7.6500,0
20130909,7.6500,7.6500,7.6500,7.6500,0
20130910,7.6500,7.6500,7.6500,7.6500,0
20130911,7.6500,7.6500,7.6500,7.6500,0
20130912,7.6500,7.6500,7.6500,7.6500,0
20130913,7.6500,7.6500,7.6500,7.6500,0
20130916,7.6500,7.6500,7.6500,7.6500,0
20130917,7.6500,7.6500,7.6500,7.6500,0
20130918,7.6500,7.6500,7.6500,7.6500,0
20130920,7.6500,7.6500,7.6500,7.6500,0
20130923,7.6500,7.6500,7.6500,7.6500,0
20130924,7.6500,7.6500,7.6500,7.6500,0
20130925,7.6500,7.6500,7.6500,7.6500,0
20130926,7.6500,7.6500,7.6500,7.6500,0
20130927,7.6500,7.6500,7.6500,7.6500,0
20130930,7.6500,7.6500,7.6500,7.6500,0
20131001,7.6500,7.6500,7.6500,7.6500,0
20131002,7.6500,7.6500,7.6500,7.6500,0
20131003,7.6500,7.6500,7.6500,7.6500,0
20131004,7.6500,7.6500,7.6500,7.6500,0
20131007,7.6500,7.6500,7.6500,7.6500,0
20131008,7.6500,7.6500,7.6500,7.6500,0
20131009,7.6500,7.6500,7.6500,7.6500,0
20131010,7.6500,7.6500,7.6500,7.6500,0
20131011,7.6500,7.6500,7.6500,7.6500,0
20131014,7.6500,7.6500,7.6500,7.6500,0
20131015,7.6500,7.6500,7.6500,7.6500,0
20131016,7.6500,7.6500,7.6500,7.6500,0
20131017,7.6500,7.6500,7.6500,7.6500,0
20131018,7.6500,7.6500,7.6500,7.6500,0
20131021,7.6500,7.6500,7.6500,7.6500,0
20131022,7.6500,7.6500,7.6500,7.6500,0
20131023,7.6500,7.6500,7.6500,7.6500,0
20131024,7.6500,7.6500,7.6500,7.6500,0
20131025,7.6500,7.6500,7.6500,7.6500,0
20131028,7.6500,7.6500,7.6500,7.6500,0
20131029,7.6500,7.6500,7.6500,7.6500,0
20131030,7.6500,7.6500,7.6500,7.6500,0
20131031,7.6500,7.6500,7.6500,7.6500,0
20131101,7.6500,7.6500,7.6500,7.6500,0
20131104,7.6500,7.6500,7.6500,7.6500,0
20131105,7.6500,7.6500,7.6500,7.6500,0
20131106,7.6500,7.6500,7.6500,7.6500,0
20131107,7.6500,7.6500,7.6500,7.6500,0
20131108,7.6500,7.6500,7.6500,7.6500,0
20131111,7.6500,7.6500,7.6500,7.6500,0
20131112,7.6500,7.6500,7.6500,7.6500,0
20131113,7.6500,7.6500,7.6500,7.6500,0
20131114,7.6500,7.6500,7.6500,7.6500,0
20131115,7.6500,7.6500,7.6500,7.6500,0
20131118,7.6500,7.6500,7.6500,7.6500,0
20131119,7.6500,7.6500,7.6500,7.6500,0
20131120,7.6500,7.6500,7.6500,7.6500,0
20131121,7.6500,7.6500,7.6500,7.6500,0
20131122,7.6500,7.6500,7.6500,7.6500,0
20131125,7.6500,7.6500,7.6500,7.6500,0
20131126,7.6500,7.6500,7.6500,7.6500,0
20131127,7.6500,7.6500,7.6500,7.6500,0
20131128,7.6500,7.6500,7.6500,7.6500,0
20131129,7.6500,7.6500,7.6500,7.6500,0
20131202,7.6500,7.6500,7.6500,7.6500,0
20131203,7.6500,7.6500,7.6500,7.6500,0
20131204,7.6500,7.6500,7.6500,7.6500,0
20131205,7.6500,7.6500,7.6500,7.6500,0
20131206,7.6500,7.6500,7.6500,7.6500,0
20131209,7.6500,7.6500,7.6500,7.6500,0
20131210,7.6500,7.6500,7.6500,7.6500,0
20131211,7.6500,7.6500,7.6500,7.6500,0
20131212,7.6500,7.6500,7.6500,7.6500,0
20131213,7.6500,7.6500,7.6500,7.6500,0
20131216,7.6500,7.6500,7.6500,7.6500,0
20131217,7.6500,7.6500,7.6500,7.6500,0
20131218,7.6500,7.6500,7.6500,7.6500,0
20131219,7.6500,7.6500,7.6500,7.6500,0
20131220,7.6500,7.6500,7.6500,7.6500,0
20131223,7.6500,7.6500,7.6500,7.6500,0
20131224,7.6500,7.6500,7.6500,7.6500,0
20131225,7.6500,7.6500,7.6500,7.6500,0
20131226,7.6500,7.6500,7.6500,7.6500,0
20131227,7.6500,7.6500,7.6500,7.6500,0
20131230,7.6500,7.6500,7.6500,7.6500,0
20131231,7.6500,7.6500,7.6500,7.6500,0
20140101,7.6500,7.6500,7.6500,7.6500,0
20140102,7.6500,7.6500,7.6500,7.6500,0
20140103,7.6500,7.6500,7.6500,7.6500,0
20140106,7.6500,7.6500,7.6500,7.6500,0
20140107,7.6500,7.6500,7.6500,7.6500,0
20140108,7.6500,7.6500,7.6500,7.6500,0
20140109,7.6500,7.6500,7.6500,7.6500,0
20140110,7.6500,7.6500,7.6500,7.6500,0
20140113,7.6500,7.6500,7.6500,7.6500,0
20140114,7.6500,7.6500,7.6500,7.6500,0
20140115,7.6500,7.6500,7.6500,7.6500,0
20140116,7.6500,7.6500,7.6500,7.6500,0
20140117,7.6500,7.6500,7.6500,7.6500,0
20140120,7.6500,7.6500,7.6500,7.6500,0
20140121,7.6500,7.6500,7.6500,7.6500,0
20140122,7.6500,7.6500,7.6500,7.6500,0
20140123,7.6500,7.6500,7.6500,7.6500,0
20140124,7.6500,7.6500,7.6500,7.6500,0
20140127,7.6500,7.6500,7.6500,7.6500,0
20140128,7.6500,7.6500,7.6500,7.6500,0
20140129,7.6500,7.6500,7.6500,7.6500,0
20140130,7.6500,7.6500,7.6500,7.6500,0
20140131,7.6500,7.6500,7.6500,7.6500,0
20140203,7.6500,7.6500,7.6500,7.6500,0
20140205,7.6500,7.6500,7.6500,7.6500,0
20140206,7.6500,7.6500,7.6500,7.6500,0
20140207,7.6500,7.6500,7.6500,7.6500,0
20140210,7.6500,7.6500,7.6500,7.6500,0
20140211,7.6500,7.6500,7.6500,7.6500,0
20140212,7.6500,7.6500,7.6500,7.6500,0
20140213,7.6500,7.6500,7.6500,7.6500,0
20140214,7.6500,7.6500,7.6500,7.6500,0
20140217,7.6500,7.6500,7.6500,7.6500,0
20140218,7.6500,7.6500,7.6500,7.6500,0
20140219,7.6500,7.6500,7.6500,7.6500,0
20140220,7.6500,7.6500,7.6500,7.6500,0
20140221,7.6500,7.6500,7.6500,7.6500,0
20140224,7.6500,7.6500,7.6500,7.6500,0
20140225,7.6500,7.6500,7.6500,7.6500,0
