20130226,13.9100,14.3100,13.8100,14.0600,1807900
20130227,14.1400,14.1900,13.8700,13.9300,1110800
20130228,14.2800,14.3500,13.8600,14.2700,1758400
20130301,14.6500,14.6600,14.2200,14.3000,2548000
20130304,13.8700,14.7500,13.7800,14.7400,3446900
20130305,14.2000,14.2200,13.8700,13.9800,1573900
20130306,14.7300,14.8800,14.2400,14.2500,3444700
20130307,14.5400,14.9900,14.2000,14.7700,2931100
20130308,14.6500,14.7200,14.3200,14.4600,1616700
20130311,15.0000,15.0400,14.4700,14.6100,2835100
20130312,14.4300,15.1800,14.1200,15.0400,3316700
20130313,14.0000,14.3500,13.8500,14.3000,1439700
20130314,13.8800,14.1400,13.8800,13.9900,759900
20130315,13.7600,14.2600,13.7200,13.8600,1302100
20130318,13.8600,14.1600,13.7100,13.8000,1085200
20130319,14.0500,14.1000,13.7200,13.8600,825600
20130320,14.5800,14.9000,14.1100,14.1100,3382800
20130321,14.8100,14.9500,14.5100,14.6100,3346500
20130322,14.8200,14.9800,14.6900,14.8500,1955900
20130325,14.4600,14.9400,14.4000,14.9000,2578300
20130326,14.3000,14.4400,14.1200,14.3600,1585400
20130327,15.3500,15.5900,14.2700,14.3000,7247400
20130328,15.0700,15.2000,14.6000,15.2000,4506600
20130329,14.8600,15.2700,14.5300,14.9600,4115500
20130401,15.5400,15.5500,14.7600,14.7900,6984300
20130402,15.0100,15.5900,14.9000,15.5200,6171900
20130403,14.7800,15.0800,14.4600,15.0000,3293800
20130404,14.7800,14.7800,14.7800,14.7800,0
20130405,14.7800,14.7800,14.7800,14.7800,0
20130408,15.3400,15.4600,14.3600,14.4800,3948600
20130409,15.7100,15.9800,15.3000,15.3800,6307000
20130410,15.7600,16.1300,15.4100,15.6000,4148700
20130411,16.1200,16.5600,15.5800,15.8800,7284600
20130412,15.7900,16.3300,15.7800,16.2100,3416300
20130415,15.3300,15.7600,15.1200,15.5900,3403000
20130416,16.4700,16.5500,15.1700,15.1700,6067200
20130417,16.6400,16.9400,16.0800,16.2600,6281700
20130418,16.4500,17.2800,16.3600,16.6500,6719200
20130419,16.7000,17.2500,16.3000,16.4000,6384300
20130422,17.8000,17.8200,16.3600,16.6900,8729900
20130423,17.3000,17.8600,17.1600,17.8600,6180600
20130424,17.9400,18.3500,17.2800,17.3900,7561400
20130425,16.9800,18.1500,16.9000,17.7100,7669600
20130426,16.5100,17.1500,16.2800,16.9100,4757000
20130429,16.5100,16.5100,16.5100,16.5100,0
20130430,16.5100,16.5100,16.5100,16.5100,0
20130501,16.5100,16.5100,16.5100,16.5100,0
20130502,16.8900,16.9700,16.2200,16.3500,2515600
20130503,16.7000,17.3500,16.5100,16.8500,3569000
20130506,17.7000,17.7200,16.6300,16.7100,5701200
20130507,17.5600,17.6900,17.3200,17.5100,3495700
20130508,17.7600,18.1900,17.3000,17.5600,4562600
20130509,17.4000,17.7900,16.9500,17.7000,5196600
20130510,17.2200,17.6700,16.9300,17.4000,3403400
20130513,17.9200,17.9700,17.0200,17.3500,5594400
20130514,17.5800,18.1000,17.5000,17.8000,2904400
20130515,18.1500,18.3900,17.5000,17.5000,4973500
20130516,18.0400,18.7800,17.7800,18.1900,6297900
20130517,18.4300,18.4800,17.7100,18.0500,4807200
20130520,18.9500,19.1700,18.2000,18.5500,5994700
20130521,19.3000,19.4400,18.7000,18.8000,4131300
20130522,18.3500,19.2000,18.1500,19.2000,5474100
20130523,18.0300,18.7100,17.9000,18.3300,4767700
20130524,18.7600,18.7600,17.9000,18.1500,3237400
20130527,18.9500,19.4300,18.7000,18.9600,4601200
20130528,18.1300,18.9000,17.9000,18.9000,4378300
20130529,18.4100,18.4200,17.9500,18.1200,3054300
20130530,18.2300,18.4600,18.0900,18.2500,2064800
20130531,17.5700,18.3900,17.5000,18.3900,4717700
20130603,16.9800,17.4900,16.9100,17.3200,3398100
20130604,17.1500,17.3900,16.8000,16.9800,2316200
20130605,17.0000,17.3600,16.8700,17.1000,1782500
20130606,16.7100,17.1900,16.7100,16.9800,1472400
20130607,16.9600,16.9700,16.5500,16.6300,1876100
20130610,16.9600,16.9600,16.9600,16.9600,0
20130611,16.9600,16.9600,16.9600,16.9600,0
20130612,16.9600,16.9600,16.9600,16.9600,0
20130613,16.2500,16.8800,15.6000,16.8200,1658900
20130614,16.5500,16.7500,16.2500,16.2700,1500500
20130617,16.6800,16.9600,16.3500,16.5900,1708200
20130618,16.9400,17.1100,16.5100,16.7300,1667000
20130619,16.6000,16.8800,16.3500,16.8800,1093800
20130620,15.0600,16.7200,15.0000,16.7200,3123300
20130621,15.2900,15.4200,14.3000,14.8000,1942800
20130624,14.0200,15.1500,13.8000,15.1500,2112400
20130625,14.3200,14.5900,12.9100,13.9000,2877700
20130626,14.8400,14.9700,14.1400,14.3500,2181400
20130627,14.8000,15.5000,14.6900,15.0000,2439000
20130628,14.4100,15.0000,14.1000,14.6000,1723800
20130701,15.0700,15.0900,14.3800,14.5000,1682300
20130702,15.8200,15.8600,14.8500,14.9900,3213500
20130703,16.2500,16.4600,15.1400,15.6000,3841000
20130704,15.9800,16.3100,15.8600,15.9900,2462500
20130705,15.8800,16.2000,15.8600,16.0000,1673600
20130708,14.8800,15.6000,14.8000,15.4600,1537700
20130709,14.9800,15.1400,14.8100,14.9000,889100
20130710,15.4900,15.5100,15.0000,15.0000,1447300
20130711,15.9200,16.1400,15.4400,15.4400,1892600
20130712,15.7600,16.3300,15.6600,15.9500,2216600
20130715,16.3500,16.3600,15.7800,15.7800,2215800
20130716,16.3700,16.6200,16.1300,16.3700,1542400
20130717,15.8000,16.4400,15.7900,16.3600,2187100
20130718,16.2600,16.3300,15.6600,15.7500,2073200
20130719,16.5400,17.0000,16.0300,16.3200,5640600
20130722,17.3300,17.3500,16.3800,16.4200,5346100
20130723,17.8700,17.9400,17.0400,17.2700,6626500
20130724,19.6600,19.6600,17.5100,17.7200,10711200
20130725,20.1900,20.7000,19.2000,19.8500,14100300
20130726,21.1500,21.1900,19.5000,20.0100,8481200
20130729,21.5600,22.1400,20.7000,21.0000,10592500
20130730,20.9100,21.6100,19.6100,21.4800,7148800
20130731,21.4000,21.8700,20.3000,20.6600,9008200
20130801,23.5400,23.5400,21.2100,21.2100,10049500
20130802,24.5900,25.2500,23.6600,24.4300,13111900
20130805,24.2800,24.4800,23.6800,24.1900,5538100
20130806,24.6800,25.2000,23.7800,24.0100,6613500
20130807,23.7600,24.5300,23.3000,24.3500,5573400
20130808,24.3900,24.5300,23.4000,23.7000,4874000
20130809,23.8000,24.6000,22.7000,24.2600,5481800
20130812,22.9900,24.1000,22.2200,23.6900,4144400
20130813,22.9500,23.6600,22.5200,23.1800,2473900
20130814,23.7200,24.0500,22.6200,23.1000,3557600
20130815,24.0400,24.4500,23.5000,23.5900,3433000
20130816,22.7100,24.2600,22.5000,24.0600,3465100
20130819,23.1300,23.4000,22.1800,22.5000,2389800
20130820,23.3500,23.4400,22.9200,23.1300,3520200
20130821,23.1700,23.3800,22.7100,23.3800,2399300
20130822,22.9000,23.1500,22.4600,23.1300,3190000
20130823,22.6000,24.1700,22.2300,23.6100,6149500
20130826,23.0000,23.3000,22.1000,22.5300,6882700
20130827,22.7500,22.9400,22.4000,22.5100,3425100
20130828,23.8000,24.3900,22.4500,22.4500,10579300
20130829,23.9700,24.1800,23.4500,23.7000,4392600
20130830,22.4400,24.7900,22.4100,23.8000,6280000
20130902,22.0900,22.4800,21.0000,21.9000,2948000
20130903,22.1200,22.7800,21.7300,22.1900,3890800
20130904,21.7500,22.1900,21.6000,22.0000,2590300
20130905,22.2400,22.5300,21.5800,21.7100,2412400
20130906,22.2200,22.3900,21.8400,22.1800,2079900
20130909,22.6000,23.3800,22.5600,22.7500,2837800
20130910,23.0500,23.3800,22.7000,22.8500,2721900
20130911,22.0300,23.0000,21.8100,23.0000,2276000
20130912,21.2200,22.2900,21.1500,22.0500,2579700
20130913,21.3900,21.5700,20.5000,21.0700,1880800
20130916,21.0000,21.3000,20.6800,21.3000,4196900
20130917,20.6500,21.0900,20.4200,20.9900,1882000
20130918,20.8000,20.9800,20.4800,20.6100,1004600
20130920,20.8000,20.8000,20.8000,20.8000,0
20130923,21.8000,21.8000,20.8000,20.8100,2693000
20130924,21.9000,22.1500,21.5500,21.8000,2076000
20130925,20.9500,22.1200,20.9000,21.5100,2728000
20130926,20.3800,21.1400,20.3300,21.0000,1918700
20130927,20.4900,20.6800,20.2800,20.4400,1370300
20130930,21.3900,21.5500,20.5200,20.5200,2065900
20131001,21.3900,21.3900,21.3900,21.3900,0
20131002,21.3900,21.3900,21.3900,21.3900,0
20131003,21.3900,21.3900,21.3900,21.3900,0
20131004,21.3900,21.3900,21.3900,21.3900,0
20131007,21.3900,21.3900,21.3900,21.3900,0
20131008,21.8900,22.0900,21.1100,21.1800,2828400
20131009,22.4000,22.6000,21.6900,21.8800,3244200
20131010,21.6400,22.4500,21.6000,22.4200,2811600
20131011,21.8800,22.0700,21.4500,21.6400,1790800
20131014,22.2000,22.6800,21.9000,22.0900,3795400
20131015,21.6000,22.1800,21.4500,22.1300,2585700
20131016,20.0800,21.8300,19.6400,21.6000,5269300
20131017,19.8700,20.4000,19.7000,20.0700,2030500
20131018,20.3000,20.4500,19.8000,19.8000,1512600
20131021,20.9000,21.1200,20.1300,20.3600,2367700
20131022,20.1800,20.9500,19.9900,20.9500,2880200
20131023,20.3800,20.6000,19.8600,20.2900,1999500
20131024,21.2900,21.5000,20.2000,20.3700,3583100
20131025,21.2500,21.6600,20.9000,21.1400,3099800
20131028,21.4600,21.9800,21.2000,21.3200,3458800
20131029,21.1500,21.9600,20.1000,21.6000,3346600
20131030,21.8000,21.8200,20.9100,21.1000,2405500
20131031,21.6600,22.1100,21.5600,21.8000,1210900
20131101,21.3200,21.6800,21.1800,21.6700,983300
20131104,21.2300,21.4900,20.7900,21.4900,1283400
20131105,21.8700,21.9000,20.5500,21.2300,1703100
20131106,21.8800,22.4800,21.7500,21.7500,2211300
20131107,21.8600,22.3600,21.5600,21.6000,1483100
20131108,21.0400,21.7900,20.9000,21.6100,1665000
20131111,21.3000,21.6000,20.5000,21.1000,1265400
20131112,21.4600,21.5800,21.1200,21.3000,584300
20131113,22.0500,23.1800,21.7000,21.7100,3561600
20131114,22.9900,23.0000,21.6200,21.9000,3822800
20131115,23.4800,24.0000,23.1000,23.4000,4787700
20131118,23.8200,24.5000,23.6500,23.6600,3972100
20131119,26.2000,26.2000,26.2000,26.2000,2921700
20131120,28.8200,28.8200,28.8200,28.8200,2179600
20131121,28.0000,30.7800,27.5300,30.7800,16960100
20131122,26.9600,28.2000,26.8600,28.0200,11579700
20131125,27.4300,27.5700,26.2800,27.2400,7780000
20131126,27.7500,28.0500,26.8000,27.0300,5671500
20131127,27.9400,28.0500,27.5100,27.5800,4138500
20131128,27.9500,28.8800,27.7100,27.9400,4594900
20131129,28.8900,28.9700,27.4300,27.6600,4658800
20131202,26.3000,28.4900,26.0000,27.9600,6780700
20131203,25.8900,26.2000,24.1200,26.0100,4335400
20131204,26.2300,26.9000,25.4900,25.7000,2909100
20131205,25.1900,26.3700,25.1900,25.8000,2379900
20131206,24.9000,25.4500,24.5600,25.2700,2242200
20131209,25.5100,25.6100,24.7100,24.8700,1702100
20131210,25.3900,25.5000,24.9100,25.5000,1182000
20131211,25.5600,25.9800,24.9200,25.3800,1658800
20131212,25.6800,25.9600,25.2600,25.5200,1097200
20131213,26.8400,27.1500,25.6000,25.6000,2768500
20131216,26.8900,28.4000,26.8400,28.4000,6179300
20131217,27.8000,27.9600,25.8500,26.0500,3823100
20131218,26.9000,28.6500,26.8000,27.6900,2832600
20131219,25.9000,27.2900,25.8000,26.6500,2147100
20131220,25.0000,26.2000,24.6000,25.8100,2472500
20131223,25.1800,25.6900,24.6300,25.1500,1411200
20131224,25.7000,26.0400,25.0500,25.0500,1504800
20131225,26.6000,26.8600,25.3000,25.8000,2724900
20131226,25.5100,26.8700,25.5100,26.6600,1390800
20131227,26.3400,26.5000,25.6400,25.8100,1407200
20131230,26.7100,27.4900,26.5600,26.5600,2023000
20131231,27.0400,27.0500,26.5000,26.5100,1151900
20140101,27.0400,27.0400,27.0400,27.0400,0
20140102,27.0500,27.5600,26.8200,27.0500,1217400
20140103,26.9600,27.2300,26.2600,27.0500,1408000
20140106,26.5900,27.2900,26.5200,26.8800,1577600
20140107,26.5900,26.6600,26.0000,26.5000,1182100
20140108,27.4600,27.4800,26.3000,26.3700,1935600
20140109,26.9600,27.8500,26.8000,27.4200,1147100
20140110,26.5000,27.5000,26.2100,26.6500,1219800
20140113,25.9200,26.7400,25.3000,26.4300,1384000
20140114,27.1300,27.1800,25.9600,25.9600,1497600
20140115,27.5200,27.6000,26.9100,26.9100,1613900
20140116,27.4000,28.1900,27.0000,27.6000,1526000
20140117,26.8300,27.4000,26.7600,27.1800,688200
20140120,27.8800,27.9700,26.8500,27.0000,2372700
20140121,28.1800,28.1800,27.4500,27.7000,2630500
20140122,28.0000,28.3900,27.9000,28.2000,2213500
20140123,29.1300,29.2800,27.5100,28.0100,3214500
20140124,29.9100,30.6000,28.6600,28.9100,3732200
20140127,29.6500,30.4000,29.1900,29.5900,1917700
20140128,28.6500,30.1000,28.3200,29.6500,1628700
20140129,29.9600,30.0000,28.6500,28.8000,1703900
20140130,29.7200,30.4000,29.5900,29.9800,1186700
20140131,29.7200,29.7200,29.7200,29.7200,0
20140203,29.7200,29.7200,29.7200,29.7200,0
20140205,29.7200,29.7200,29.7200,29.7200,0
20140206,29.7200,29.7200,29.7200,29.7200,0
20140207,29.8700,29.9500,29.1300,29.5600,1620600
20140210,31.4100,31.9700,29.8700,29.8700,2699500
20140211,31.1000,31.9500,30.7000,31.7000,2452200
20140212,32.4800,32.5100,30.6800,31.1000,3086500
20140213,31.6500,33.1800,31.6500,32.5500,2549700
20140214,31.5200,32.2400,30.8100,31.7600,2017200
20140217,32.7700,33.4800,31.5000,31.5000,2637500
20140218,31.7500,32.5900,31.5200,32.5700,2061600
20140219,30.6000,31.9200,30.0500,31.5700,2505300
20140220,29.9200,30.9900,29.7200,30.6200,1343300
20140221,29.6100,30.1500,29.2200,29.9300,1264800
20140224,30.2700,30.4500,28.8000,29.4000,2038600
20140225,27.2400,30.7500,27.2400,30.0200,4384600
