20130226,6.4000,6.6600,6.4000,6.6500,4357700
20130227,6.3100,6.4700,6.2600,6.3700,3636300
20130228,6.4700,6.4800,6.3200,6.3200,3037200
20130301,6.6100,6.6400,6.4800,6.5500,4232600
20130304,6.4000,6.5600,6.3300,6.5600,3490100
20130305,6.5800,6.6600,6.3700,6.3900,3998100
20130306,6.7100,6.7300,6.5900,6.5900,5124900
20130307,6.6400,6.7300,6.5600,6.7100,3673200
20130308,6.8100,6.8100,6.5800,6.6400,5092600
20130311,6.7300,6.9000,6.7300,6.8000,4979800
20130312,6.4300,6.7400,6.3300,6.7300,4896600
20130313,6.3800,6.4500,6.3000,6.4300,2264900
20130314,6.3900,6.4400,6.3000,6.3700,1426600
20130315,6.4600,6.5400,6.3200,6.4400,2583500
20130318,6.5900,6.7000,6.4200,6.4600,4311500
20130319,6.4600,6.5900,6.2700,6.5200,2684400
20130320,6.6100,6.6400,6.3900,6.4700,3948000
20130321,6.7000,6.7600,6.5800,6.6100,5733500
20130322,6.6700,6.7400,6.6000,6.7000,3343900
20130325,6.5800,6.7500,6.5200,6.6800,3708600
20130326,6.4600,6.6400,6.3800,6.5800,2805000
20130327,6.5100,6.5300,6.4100,6.4500,2026100
20130328,6.2100,6.4700,6.1800,6.4700,3466900
20130329,6.1800,6.2800,6.1600,6.2100,2072300
20130401,6.2200,6.2600,6.1700,6.1900,1287400
20130402,6.1900,6.2900,6.1700,6.2100,1547200
20130403,6.0200,6.2500,6.0200,6.1900,1940400
20130404,6.0200,6.0200,6.0200,6.0200,0
20130405,6.0200,6.0200,6.0200,6.0200,0
20130408,5.9300,6.0100,5.8200,6.0100,2029900
20130409,6.0600,6.0600,5.9200,5.9600,1560500
20130410,6.0500,6.0700,5.9700,6.0300,1354600
20130411,5.9700,6.0600,5.9100,6.0500,1462300
20130412,5.8800,6.0100,5.8700,5.9400,934900
20130415,5.6600,5.8200,5.6500,5.8100,1481000
20130416,6.2300,6.2300,5.6000,5.6000,7361700
20130417,6.1800,6.3000,6.0500,6.2300,6268700
20130418,6.0800,6.1800,6.0600,6.1200,3104800
20130419,6.1400,6.1700,6.0500,6.0500,3418600
20130422,6.0800,6.1100,6.0400,6.1000,2680500
20130423,5.8000,6.1000,5.8000,6.1000,2959600
20130424,5.8600,5.9200,5.7300,5.8000,2616900
20130425,5.7000,5.8800,5.7000,5.8500,2040400
20130426,5.6800,5.7500,5.6600,5.7100,1293900
20130429,5.6800,5.6800,5.6800,5.6800,0
20130430,5.6800,5.6800,5.6800,5.6800,0
20130501,5.6800,5.6800,5.6800,5.6800,0
20130502,5.7800,5.8400,5.6500,5.7100,1725300
20130503,5.8400,5.9300,5.8000,5.8000,1830200
20130506,6.0200,6.0800,5.8100,5.8400,2595400
20130507,5.9700,6.0200,5.9400,6.0100,1655000
20130508,6.0100,6.0500,5.9600,5.9900,1793000
20130509,5.9300,6.0200,5.8600,5.9900,2253300
20130510,6.1000,6.1300,5.8700,5.9300,2858300
20130513,6.0800,6.1300,6.0400,6.1000,1964200
20130514,5.9500,6.0800,5.8700,6.0800,1555500
20130515,5.9900,6.0300,5.9000,5.9300,1547600
20130516,6.0600,6.1000,5.9700,5.9800,2117000
20130517,6.1000,6.1400,6.0400,6.0900,2718500
20130520,6.7100,6.7100,6.0900,6.1000,9286900
20130521,6.9400,7.0900,6.7600,6.8000,24126600
20130522,6.7900,6.9000,6.6900,6.8400,9247800
20130523,6.6000,6.7200,6.4600,6.7200,7667900
20130524,6.6700,6.7000,6.5400,6.6100,5627900
20130527,6.8500,6.9400,6.5900,6.6400,10513300
20130528,6.7200,6.8400,6.5500,6.8300,6370200
20130529,6.7300,6.7900,6.6500,6.7100,4100900
20130530,6.9700,7.0000,6.7700,6.7800,11806500
20130531,7.1100,7.3000,6.9000,6.9700,15190600
20130603,6.9800,7.2800,6.9500,7.1200,7382000
20130604,6.7200,7.0300,6.6200,6.9600,5538200
20130605,6.7700,6.8200,6.6600,6.7000,2720500
20130606,6.6800,6.9600,6.5700,6.7100,4073200
20130607,6.7800,6.7800,6.4700,6.6800,3976800
20130610,6.7800,6.7800,6.7800,6.7800,0
20130611,6.7800,6.7800,6.7800,6.7800,0
20130612,6.7800,6.7800,6.7800,6.7800,0
20130613,6.9900,7.1600,6.4100,6.7200,9408800
20130614,7.1600,7.2800,6.8700,6.9300,10159500
20130617,7.1600,7.1600,7.1600,7.1600,0
20130618,7.1600,7.1600,7.1600,7.1600,0
20130619,7.1600,7.1600,7.1600,7.1600,0
20130620,7.1600,7.1600,7.1600,7.1600,0
20130621,7.1600,7.1600,7.1600,7.1600,0
20130624,7.1600,7.1600,7.1600,7.1600,0
20130625,7.1600,7.1600,7.1600,7.1600,0
20130626,7.1600,7.1600,7.1600,7.1600,0
20130627,7.1600,7.1600,7.1600,7.1600,0
20130628,7.1600,7.1600,7.1600,7.1600,0
20130701,7.1600,7.1600,7.1600,7.1600,0
20130702,7.1600,7.1600,7.1600,7.1600,0
20130703,7.1600,7.1600,7.1600,7.1600,0
20130704,7.1600,7.1600,7.1600,7.1600,0
20130705,7.1600,7.1600,7.1600,7.1600,0
20130708,7.1600,7.1600,7.1600,7.1600,0
20130709,6.5500,6.7000,6.4400,6.4400,13915800
20130710,6.9300,7.1300,6.4300,6.7200,13381500
20130711,6.9200,7.1300,6.7600,7.0100,11972100
20130712,7.1000,7.3600,6.8000,6.8600,18831100
20130715,7.5000,7.7000,7.0200,7.1500,21399700
20130716,8.2500,8.2500,7.3800,7.5500,28305400
20130717,8.2500,8.4400,7.9600,8.3000,28534300
20130718,8.1200,8.2800,7.8800,8.0900,13703200
20130719,7.4800,8.1500,7.4800,8.0400,17572000
20130722,7.6000,7.6500,7.1800,7.2000,9794400
20130723,8.3600,8.3600,8.0900,8.1500,18942900
20130724,9.2000,9.2000,8.6400,8.8000,19705100
20130725,10.1200,10.1200,9.5000,9.8000,70153696
20130726,11.1300,11.1300,10.0000,10.1200,47649400
20130729,11.6600,11.9800,10.9100,11.5000,40260100
20130730,12.8300,12.8300,11.7000,12.2100,33343800
20130731,13.2600,13.8200,12.4500,12.8300,56144000
20130801,13.1800,13.3100,12.6300,12.7700,35774700
20130802,13.1800,14.4500,13.0000,13.2000,45573000
20130805,13.3300,13.6200,12.8100,13.0400,24570600
20130806,14.1400,14.6600,13.2800,13.3200,47914900
20130807,13.4000,14.2300,13.0000,14.2000,34886700
20130808,13.2100,14.0000,13.1600,13.8400,26053900
20130809,12.3500,13.0500,12.1400,12.8500,41290600
20130812,12.3400,12.4700,11.8000,12.2900,27713700
20130813,12.4600,12.5300,12.1300,12.2600,20208400
20130814,12.5600,12.9000,12.0900,12.3000,34106600
20130815,12.9900,13.7900,12.3400,12.4400,40769200
20130816,11.9200,12.9700,11.8800,12.7500,30327900
20130819,13.1100,13.1100,11.8500,11.8500,28687800
20130820,14.4200,14.4200,13.6600,13.7800,47338300
20130821,14.8800,15.0000,14.0300,14.3500,50282100
20130822,14.2500,15.4700,14.0900,14.6000,51409600
20130823,13.8600,14.7000,13.2000,14.5800,37686300
20130826,13.7800,13.9400,13.4600,13.4600,21253500
20130827,15.1600,15.1600,13.3400,13.6500,41078700
20130828,14.0400,15.4800,13.8900,14.7500,44191500
20130829,15.4400,15.4400,13.8000,14.2200,37994400
20130830,14.8300,16.9800,14.3100,16.0000,55295400
20130902,15.3000,15.4800,14.1100,14.1400,34570200
20130903,15.1600,15.4500,14.5800,15.3300,24365300
20130904,14.9000,15.5200,14.3000,14.8600,27929900
20130905,15.4500,16.1800,14.6500,14.6500,40945300
20130906,16.2300,16.5000,15.1500,15.2600,36186600
20130909,15.7800,16.0600,15.3700,16.0000,26139000
20130910,15.3500,16.3600,15.1000,15.7100,28137300
20130911,13.9000,14.9800,13.8200,14.9800,28357000
20130912,13.6400,14.1800,13.4000,13.7300,15964400
20130913,14.0900,14.3000,13.3000,13.6600,17066600
20130916,14.1800,14.6100,13.7000,13.8000,16842700
20130917,14.0900,14.5000,13.9100,14.2300,14041900
20130918,14.1900,14.4800,13.6000,13.9200,13980400
20130920,14.1900,14.1900,14.1900,14.1900,0
20130923,14.8000,14.8700,13.8100,14.0900,20963500
20130924,16.2800,16.2800,14.6300,14.7100,31597600
20130925,15.8500,16.9600,15.8500,16.9500,39484000
20130926,15.5900,16.2900,15.5000,15.6000,19393000
20130927,15.2500,15.7500,15.0900,15.5600,12473300
20130930,15.8800,16.1600,15.1500,15.3100,13641000
20131001,15.8800,15.8800,15.8800,15.8800,0
20131002,15.8800,15.8800,15.8800,15.8800,0
20131003,15.8800,15.8800,15.8800,15.8800,0
20131004,15.8800,15.8800,15.8800,15.8800,0
20131007,15.8800,15.8800,15.8800,15.8800,0
20131008,15.6200,16.2000,15.4900,15.6000,15958400
20131009,17.1800,17.1800,15.5200,15.5200,36441100
20131010,16.4500,17.4100,16.2600,17.0100,26125200
20131011,16.1400,16.8000,15.7900,16.4500,20583300
20131014,16.3200,16.6700,15.8100,16.1900,15168500
20131015,15.8200,16.1800,15.5300,16.1800,13198900
20131016,14.2400,15.9000,14.2400,15.8500,17398400
20131017,14.0300,14.4400,13.8900,14.2800,8982500
20131018,14.4400,14.4500,14.0000,14.1100,6197500
20131021,14.7100,14.9100,14.1500,14.4400,8973700
20131022,13.6600,14.8500,13.5900,14.6900,15039800
20131023,12.7000,13.4900,12.3000,13.4900,11308900
20131024,12.7500,13.1800,12.7100,12.9000,6228700
20131025,12.9600,13.5600,12.7800,12.8000,9629100
20131028,12.5400,13.0000,12.3000,12.9700,6904400
20131029,11.5800,12.6200,11.2900,12.5400,12037700
20131030,11.6200,11.8000,11.3400,11.6000,8424900
20131031,11.1900,11.5100,11.1000,11.5100,8114300
20131101,11.1700,11.2900,10.6400,11.0200,13420200
20131104,11.4900,11.5000,11.0100,11.1700,12633800
20131105,11.8700,11.8800,11.3000,11.4000,14406800
20131106,11.7600,12.3700,11.7000,12.0000,15255900
20131107,11.7900,12.0200,11.5700,11.6500,6773100
20131108,11.2200,11.7400,11.1700,11.6200,6502300
20131111,11.9700,12.3400,11.4300,11.4500,13947300
20131112,12.0900,12.2600,11.6200,11.8700,9674200
20131113,10.8800,11.5000,10.8800,11.4300,14181700
20131114,11.2800,11.3400,10.1000,10.7000,15720400
20131115,11.2400,11.5500,10.9000,11.0000,11973400
20131118,11.4900,11.5000,11.1500,11.1800,9173800
20131119,12.2000,12.2000,11.4100,11.5200,13945200
20131120,13.1500,13.4100,12.2300,12.2300,20823000
20131121,13.5500,13.8700,12.8100,13.5000,21337100
20131122,13.2600,13.6500,12.6500,13.6500,16145400
20131125,12.7300,13.3000,12.6300,12.9800,10126400
20131126,12.7800,12.9600,12.5800,12.7000,6250600
20131127,13.2100,13.3300,12.3600,12.7500,12321300
20131128,12.9300,13.2800,12.8400,13.1200,8911100
20131129,12.6900,12.9300,12.5400,12.8000,11072500
20131202,11.4200,12.1600,11.4200,12.1600,11166600
20131203,11.5500,11.5800,11.0600,11.1000,7073600
20131204,11.8100,12.0600,11.4100,11.4900,6193900
20131205,11.6700,12.0800,11.6500,11.8100,3747600
20131206,11.9100,12.0000,11.6000,11.6700,4002900
20131209,12.8700,13.1000,12.0700,12.1500,13213500
20131210,13.1500,13.4200,12.6700,12.9400,16643300
20131211,12.8100,13.0600,12.5100,13.0600,8166600
20131212,13.5800,13.9000,12.6500,12.8100,19791200
20131213,13.7200,14.3900,13.2800,13.6000,17806200
20131216,14.7200,15.0900,14.0500,14.1000,32832400
20131217,13.9000,14.5300,13.6800,14.4200,20173200
20131218,13.8500,14.1000,13.5300,14.0000,8750200
20131219,13.8500,14.2700,13.7000,13.9000,9435800
20131220,13.7700,14.2800,13.7700,13.9800,9358800
20131223,12.7000,13.8500,12.3900,13.8500,11594700
20131224,12.8700,13.1600,12.6600,12.8000,7855700
20131225,13.6200,13.7700,13.0300,13.1600,10395200
20131226,13.1000,13.6900,13.0500,13.6600,7595800
20131227,14.0100,14.1000,13.1700,13.2200,11478500
20131230,14.6900,15.3700,14.1100,14.3000,20455500
20131231,14.6800,15.1500,14.2800,14.6000,16400100
20140101,14.6800,14.6800,14.6800,14.6800,0
20140102,15.0700,15.0800,14.2000,14.5800,15356100
20140103,14.8000,15.5800,14.8000,15.0200,17890100
20140106,15.2300,15.4900,14.3900,14.7000,16676700
20140107,14.7500,15.0500,14.5800,14.9800,13291100
20140108,15.1800,15.2900,14.4500,14.6000,19365000
20140109,14.8400,15.5000,14.8300,15.0000,20362500
20140110,13.9000,14.8900,13.8500,14.7000,15033300
20140113,13.2200,14.0900,13.1000,13.7900,14134700
20140114,13.8000,13.8500,13.2200,13.3200,13994500
20140115,15.1800,15.1800,13.9500,14.0000,24059600
20140116,16.1900,16.4800,15.4600,16.4800,42373300
20140117,16.2900,17.2000,16.1000,16.6800,35618400
20140120,17.9200,17.9200,16.0200,16.0200,19877500
20140121,19.6800,19.7100,18.3900,18.7000,47900800
20140122,21.4500,21.5900,19.2900,19.6000,44965500
20140123,21.1500,21.3400,20.3800,20.9700,30719300
20140124,21.6000,21.7500,20.2800,20.5000,33454800
20140127,19.9900,21.3100,19.9000,21.2000,28782900
20140128,20.0600,20.8700,19.4600,20.0200,33105400
20140129,22.0700,22.0700,20.5100,20.9600,37655700
20140130,20.3200,21.2800,19.8600,21.0000,37145000
20140131,20.3200,20.3200,20.3200,20.3200,0
20140203,20.3200,20.3200,20.3200,20.3200,0
20140205,20.3200,20.3200,20.3200,20.3200,0
20140206,20.3200,20.3200,20.3200,20.3200,0
20140207,20.6900,21.2900,19.6600,20.2500,24417500
20140210,21.5400,22.7600,19.9700,20.4000,36162200
20140211,22.6000,23.0000,20.6500,21.0000,43411200
20140212,22.2900,23.2600,21.5100,22.3000,26741600
20140213,22.7700,24.3800,22.3500,22.5300,38633500
20140214,23.8700,24.4400,22.2500,22.3500,31800800
20140217,25.5300,26.0000,23.5000,23.5900,27243900
20140218,24.7900,25.3800,24.3000,25.1500,21255600
20140219,23.8800,25.8500,23.7100,24.9000,28260100
20140220,21.4900,23.3400,21.4900,23.3400,32733200
20140221,22.0700,22.2200,20.7000,21.0000,24265000
20140224,21.9900,22.7400,21.5300,22.0700,19813900
20140225,19.8000,22.1700,19.7900,21.9000,22307000
