20130226,9.6000,9.8400,9.5300,9.6400,12609500
20130227,10.2200,10.5600,9.6400,9.6500,25361300
20130228,10.0600,10.0700,9.6700,10.0300,18748300
20130301,10.1700,10.1900,9.8200,9.9200,12500900
20130304,9.4400,10.0500,9.4000,10.0500,9494300
20130305,9.6100,9.6800,9.2100,9.4000,7203200
20130306,9.8700,9.9400,9.4800,9.6200,9536700
20130307,9.7700,10.1900,9.7100,9.7900,10159900
20130308,9.7000,10.1100,9.7000,9.7700,5959700
20130311,9.5400,9.7900,9.5200,9.6900,3591000
20130312,9.0800,9.6400,8.9300,9.5300,6371900
20130313,9.1200,9.1500,8.8900,9.0900,3527100
20130314,9.0600,9.1800,9.0300,9.0800,2252900
20130315,9.1000,9.2700,8.9800,9.1300,3729000
20130318,8.4800,9.1200,8.4200,9.1000,6255900
20130319,8.4600,8.6000,8.1500,8.4800,3344300
20130320,8.7700,8.8300,8.4100,8.4700,4249000
20130321,8.8700,8.9200,8.7000,8.7500,4097900
20130322,8.7500,8.8600,8.6300,8.8600,3188300
20130325,8.5800,8.8200,8.5600,8.8000,3023500
20130326,8.8000,8.9600,8.2900,8.5800,5907300
20130327,8.6800,8.8600,8.6000,8.8200,3610600
20130328,8.7000,8.9300,8.3800,8.6500,5890500
20130329,8.7200,8.9000,8.5800,8.5800,4138700
20130401,8.9700,8.9900,8.7200,8.7700,5850400
20130402,8.5700,9.0500,8.5100,9.0000,5386500
20130403,8.2300,8.5000,8.1500,8.4000,3967700
20130404,8.2300,8.2300,8.2300,8.2300,0
20130405,8.2300,8.2300,8.2300,8.2300,0
20130408,8.7500,8.7500,7.9200,8.0300,5291300
20130409,9.6300,9.6300,8.6500,8.8600,16188200
20130410,9.3500,9.5200,9.2200,9.3600,13177500
20130411,9.1500,9.4800,9.1300,9.3500,8617800
20130412,9.0800,9.2500,8.9800,9.0400,5246700
20130415,8.8300,9.0700,8.7100,8.9200,3681500
20130416,9.0000,9.0500,8.5300,8.6500,3761600
20130417,9.3000,9.3800,9.0200,9.1100,8228100
20130418,9.4900,9.6200,9.1500,9.2300,11367200
20130419,9.4900,9.6100,9.3300,9.4000,9368200
20130422,9.6100,9.9300,9.3600,9.4600,11534200
20130423,9.0900,9.5800,9.0600,9.5000,7601400
20130424,9.6900,9.7300,8.9800,9.0100,12090800
20130425,9.4700,9.9000,9.4500,9.6100,13346400
20130426,9.7600,9.8500,9.3200,9.4200,14886300
20130429,9.7600,9.7600,9.7600,9.7600,0
20130430,9.7600,9.7600,9.7600,9.7600,0
20130501,9.7600,9.7600,9.7600,9.7600,0
20130502,10.1500,10.2400,9.6100,9.6800,18513400
20130503,10.4400,10.8600,10.0100,10.0700,29133000
20130506,10.3300,10.8000,10.2800,10.3500,27789900
20130507,10.1500,10.5700,10.0500,10.3000,18597200
20130508,10.8200,11.1500,10.0800,10.2400,34850600
20130509,10.9900,11.0800,10.5100,10.6500,26288700
20130510,10.5900,10.9500,10.4000,10.8000,17373500
20130513,10.8000,10.8800,10.3900,10.5000,14127000
20130514,10.0600,10.7700,10.0500,10.7700,15077600
20130515,10.2700,10.2900,10.0500,10.0700,8293600
20130516,10.3100,10.4700,10.0800,10.2500,11557500
20130517,10.4900,10.6000,10.1800,10.2800,12704400
20130520,10.9200,11.0500,10.4900,10.4900,21971500
20130521,11.3400,11.4000,10.7500,10.8100,21857200
20130522,10.8000,11.4000,10.6800,11.3400,18962100
20130523,10.6700,11.0700,10.6200,10.7900,11836900
20130524,11.7000,11.7400,11.3000,11.3000,44924100
20130527,11.8500,12.0000,11.4600,11.5800,35073900
20130528,11.3000,11.7500,11.1300,11.6900,20572300
20130529,11.6200,11.6200,11.1700,11.2000,15090300
20130530,11.7400,11.9200,11.4400,11.5000,17710000
20130531,11.4500,12.1000,11.4000,11.6800,19676800
20130603,11.3400,11.5500,11.1500,11.3500,10806100
20130604,11.1600,11.6600,10.8000,11.3000,13106600
20130605,11.6900,11.6900,10.8900,11.1600,15332600
20130606,11.7600,11.9700,11.2800,11.5000,19654500
20130607,11.1800,11.9200,11.1800,11.6400,15318700
20130610,11.1800,11.1800,11.1800,11.1800,0
20130611,11.1800,11.1800,11.1800,11.1800,0
20130612,11.1800,11.1800,11.1800,11.1800,0
20130613,10.1700,10.7400,10.0600,10.7400,15094600
20130614,11.1900,11.1900,10.1700,10.2200,17629400
20130617,11.5400,12.1000,11.2500,11.2900,27640900
20130618,12.6900,12.6900,11.3800,11.6500,34414100
20130619,12.9500,13.1800,12.3800,12.8000,40719100
20130620,12.1100,12.8700,11.8800,12.5500,27998700
20130621,13.3200,13.3200,11.4200,11.7100,36961200
20130624,13.2000,13.8700,12.5000,13.2000,45234100
20130625,14.5200,14.5200,12.2600,13.1800,53393600
20130626,15.3200,15.9600,14.2500,14.5300,53975600
20130627,15.0400,15.9900,14.8500,15.2500,50467400
20130628,14.4600,15.6000,14.0500,14.5000,38040400
20130701,15.9100,15.9100,14.1000,14.2000,37360200
20130702,15.7000,16.4700,15.5000,16.4500,44670800
20130703,16.5200,17.0800,15.2500,15.3900,41114800
20130704,15.7700,16.4500,15.5600,16.2500,31057800
20130705,15.2100,16.5100,15.2000,15.3800,29897900
20130708,14.1800,15.1600,13.8000,14.5000,23108000
20130709,14.8000,15.0600,14.2200,14.4000,21324200
20130710,15.1300,15.6000,14.5000,14.7200,25301900
20130711,15.1200,15.2600,14.3100,14.9000,23087800
20130712,15.8700,16.3500,15.0000,15.1000,34552600
20130715,16.5900,16.9500,15.9500,15.9600,30136200
20130716,16.3700,16.6700,15.9000,16.6100,23436300
20130717,16.9400,17.1700,16.3700,16.5000,29251600
20130718,17.9700,18.5300,16.8600,17.1000,36216700
20130719,17.4000,18.8000,17.4000,17.9700,31663500
20130722,17.9000,18.2900,17.1500,17.2000,18609800
20130723,18.4800,18.8800,17.8300,18.2500,20362400
20130724,18.3100,18.7300,17.9300,18.2600,19489300
20130725,16.4800,18.3000,16.4800,18.3000,23080300
20130726,18.1300,18.1300,16.3200,16.3800,44712700
20130729,17.1300,18.1500,17.0000,18.1500,30340500
20130730,15.9600,17.3900,15.4200,16.9000,26226000
20130731,15.8300,16.4900,15.5000,15.8900,16274300
20130801,16.5800,16.8800,15.7000,15.7300,21113900
20130802,16.5900,16.9400,16.2000,16.5000,20131700
20130805,16.3500,16.6900,16.1000,16.4400,13896400
20130806,17.1800,17.3800,16.3800,16.3800,22795800
20130807,16.6000,17.4700,16.4700,17.2900,15501400
20130808,16.0600,16.5800,15.9100,16.3600,14662400
20130809,15.7800,16.3700,15.2400,16.2800,13428900
20130812,15.5600,15.7800,15.0000,15.5600,14947400
20130813,15.9400,16.1600,15.4000,15.5000,14528400
20130814,16.3900,16.6100,15.7300,16.0500,19871300
20130815,16.8300,17.2300,16.1100,16.4000,27961000
20130816,15.6600,16.6000,15.5200,16.5100,18795500
20130819,16.2600,16.4300,15.3000,15.5100,10791500
20130820,16.9800,16.9800,16.2800,16.2800,21845800
20130821,16.9800,17.0900,16.6000,17.0800,15622000
20130822,17.4500,17.9400,17.0200,17.1500,27026500
20130823,17.8900,18.2400,17.2000,17.4000,31742300
20130826,17.9000,18.3700,17.5800,17.8100,20283600
20130827,18.6000,19.3800,17.2000,17.7500,33272600
20130828,20.2400,20.4600,18.1000,18.2300,50127300
20130829,22.2600,22.2600,21.0000,21.3800,22664900
20130830,21.0500,23.7700,20.6000,23.0000,48257700
20130902,23.1600,23.1600,20.8000,20.8000,33512000
20130903,24.6000,25.4800,23.1800,23.8000,46967400
20130904,27.0600,27.0600,23.5000,23.8100,41603100
20130905,29.7700,29.7700,27.0600,27.2000,21206400
20130906,29.7700,29.7700,29.7700,29.7700,0
20130909,29.7700,29.7700,29.7700,29.7700,0
20130910,32.0900,32.7500,29.0000,32.7500,44549200
20130911,31.0000,32.4000,29.4500,31.1000,30806100
20130912,29.9000,33.8600,29.4600,30.7200,37890900
20130913,30.1800,31.1900,27.1100,29.1600,32693700
20130916,30.9300,32.4700,29.0400,29.0900,31448000
20130917,29.2800,32.0900,29.1300,31.0100,22917300
20130918,28.2500,29.6000,27.4900,28.6800,22667000
20130920,28.2500,28.2500,28.2500,28.2500,0
20130923,30.1000,30.2900,28.0300,28.1000,25305800
20130924,30.4500,31.5500,29.5300,30.1300,23970600
20130925,31.2900,31.3700,29.1800,30.0000,24591700
20130926,30.0100,33.0900,30.0000,31.1500,28442500
20130927,30.5500,30.9800,29.0100,29.6100,16469500
20130930,32.8900,33.1800,30.0100,30.0100,24130400
20131001,32.8900,32.8900,32.8900,32.8900,0
20131002,32.8900,32.8900,32.8900,32.8900,0
20131003,32.8900,32.8900,32.8900,32.8900,0
20131004,32.8900,32.8900,32.8900,32.8900,0
20131007,32.8900,32.8900,32.8900,32.8900,0
20131008,33.4400,35.6800,32.8100,33.1500,25384600
20131009,34.7100,35.6800,32.7100,32.7100,25084500
20131010,31.8300,34.6000,31.3900,34.4000,23627700
20131011,30.8000,32.4900,29.2000,31.6600,18889000
20131014,31.6900,32.0700,29.3600,30.5500,13639000
20131015,29.9900,32.0600,29.7500,31.5000,16227600
20131016,26.9900,30.4100,26.9900,30.3000,17216900
20131017,24.7800,26.9000,24.5900,26.3000,22558700
20131018,25.2200,25.7500,24.4800,24.4800,13750500
20131021,25.9400,26.2000,24.7100,25.3000,16216500
20131022,23.7600,26.5900,23.6100,25.9300,20105600
20131023,25.2200,25.8800,22.6800,23.6800,23341600
20131024,24.2800,25.2700,24.0200,24.8000,11781300
20131025,24.6300,24.9600,23.2000,24.2800,13588900
20131028,24.9700,25.2200,24.0900,24.3200,11244600
20131029,25.6000,25.7000,23.7000,24.9800,18511400
20131030,25.8900,26.4500,25.1000,25.2000,17836600
20131031,23.3000,25.7400,23.3000,25.5200,17066000
20131101,21.0500,22.7400,20.9700,22.7400,19690500
20131104,20.6800,21.3200,20.2700,20.5500,12966100
20131105,21.3600,21.5500,20.4300,20.5700,13020300
20131106,20.7200,21.8400,20.7200,21.1600,13154800
20131107,20.7700,21.4000,20.1000,20.5700,10633400
20131108,20.7100,21.2500,20.2000,20.5000,9583800
20131111,19.6000,20.7900,19.4800,20.3700,13616500
20131112,19.8600,20.0500,19.0100,19.6100,13356900
20131113,19.8900,20.4200,19.5300,19.6600,12371400
20131114,20.7100,20.8700,19.3200,19.6100,15630000
20131115,20.9300,21.6400,20.5300,20.5900,18125100
20131118,21.6300,21.7500,20.7100,20.9600,16675000
20131119,22.2000,22.4900,21.7100,21.9000,15906900
20131120,22.2000,22.3600,21.7000,22.0600,10086000
20131121,23.1500,23.2800,22.0500,22.4000,16963000
20131122,24.0600,24.4900,22.7600,23.4800,21301200
20131125,23.4600,24.1800,23.1700,23.7500,11510200
20131126,22.6300,23.6000,22.4500,23.3300,11381000
20131127,23.4100,23.8000,22.7600,22.7600,11038800
20131128,23.0300,23.9800,23.0000,23.5000,9150400
20131129,24.0400,24.1700,23.1500,23.1600,13206200
20131202,21.6400,22.9900,21.6400,22.9900,12578500
20131203,22.0200,22.3000,19.4800,20.5600,14372200
20131204,21.8600,22.4400,21.5200,21.5200,10136000
20131205,21.3000,22.5000,21.2900,22.2000,7641500
20131206,20.5700,21.1400,20.5200,20.9900,6661700
20131209,21.0400,21.1900,20.5200,20.6000,4925200
20131210,20.7000,21.1800,20.6400,21.0400,4680200
20131211,20.7600,21.1500,20.5200,20.5200,4678900
20131212,21.9000,22.2900,20.6700,20.6700,12845000
20131213,21.6200,21.8700,21.4700,21.6200,6061800
20131216,21.9700,22.3200,21.6200,21.7000,8784500
20131217,21.1300,22.2300,20.8000,21.9000,6192600
20131218,21.9700,23.2400,21.9500,22.3500,14976200
20131219,21.6000,22.3100,21.5100,21.8300,8944500
20131220,20.9500,21.8500,20.8400,21.5000,5841400
20131223,19.7000,20.9000,19.0100,20.8800,7368800
20131224,20.0600,20.3000,19.5600,19.7000,4992800
20131225,20.9400,20.9600,19.8100,20.0400,6688900
20131226,19.9800,20.8200,19.9700,20.8200,6502200
20131227,20.2600,20.4600,19.9000,19.9700,4733200
20131230,20.4000,20.6800,20.3100,20.4700,4091700
20131231,19.7400,20.4100,19.5300,20.4100,7433900
20140101,19.7400,19.7400,19.7400,19.7400,0
20140102,20.4300,20.6200,19.2500,19.6600,7815900
20140103,22.4700,22.4700,20.3100,20.4300,25001900
20140106,23.4500,23.8800,22.7000,23.1500,29530000
20140107,24.2400,24.5500,22.8100,23.2900,21839100
20140108,24.3000,25.0000,23.4100,24.0000,21075800
20140109,23.8500,25.9700,23.7900,24.5200,24682700
20140110,24.9000,25.6000,23.9700,24.2500,19689300
20140113,25.7800,25.9600,24.6000,25.2200,18245200
20140114,25.3600,25.8400,24.5800,25.8300,15565800
20140115,25.2300,26.1000,24.8100,25.0900,14882300
20140116,23.9400,25.4000,23.8600,25.4000,16537200
20140117,24.1100,24.7700,23.9800,24.1000,11959100
20140120,25.6000,25.6000,24.5900,24.6000,19673100
20140121,28.1600,28.1600,24.7600,25.3400,35394400
20140122,28.7100,30.1100,27.4700,27.9000,36590000
20140123,28.8000,29.4600,28.2200,28.3700,19964900
20140124,29.3000,30.4000,28.3000,28.6400,23275900
20140127,28.8100,29.8300,28.6100,29.0000,15916200
20140128,27.9000,29.1800,27.3900,28.6500,13400200
20140129,29.6400,29.7500,28.0700,28.0700,16453000
20140130,28.9800,30.2000,28.9000,29.5000,14106700
20140131,28.9800,28.9800,28.9800,28.9800,0
20140203,28.9800,28.9800,28.9800,28.9800,0
20140205,28.9800,28.9800,28.9800,28.9800,0
20140206,28.9800,28.9800,28.9800,28.9800,0
20140207,29.6000,29.6000,27.8800,28.6600,12886400
20140210,29.9200,30.8500,29.1100,29.5000,18107000
20140211,28.7300,29.9500,28.2200,29.5200,15470300
20140212,27.9400,28.7000,27.8900,28.6200,12451300
20140213,27.3600,28.6900,27.1600,28.0000,12041000
20140214,27.3600,27.3600,27.3600,27.3600,0
20140217,27.3600,27.3600,27.3600,27.3600,0
20140218,27.3600,27.3600,27.3600,27.3600,0
20140219,27.3600,27.3600,27.3600,27.3600,0
20140220,27.3600,27.3600,27.3600,27.3600,0
20140221,27.3600,27.3600,27.3600,27.3600,0
20140224,27.3600,27.3600,27.3600,27.3600,0
20140225,27.3600,27.3600,27.3600,27.3600,0
