20130226,8.0500,8.3500,7.8000,7.8800,9455100
20130227,7.9900,8.1800,7.8800,8.0100,3480600
20130228,8.0900,8.1300,7.9300,7.9400,2539200
20130301,8.0000,8.1500,7.9500,8.1300,5066300
20130304,7.5200,8.1100,7.4500,7.9900,3945100
20130305,7.7400,7.7800,7.5000,7.5000,1998400
20130306,7.7600,7.8100,7.6700,7.7900,2889800
20130307,7.6400,7.7800,7.5600,7.7400,2453400
20130308,7.5900,7.6600,7.5200,7.6000,1259600
20130311,7.6500,7.6700,7.5600,7.6300,1138100
20130312,7.2800,7.6900,7.2000,7.6600,2631100
20130313,7.1200,7.3000,7.0200,7.2800,1569400
20130314,7.0500,7.1600,7.0000,7.0800,1040900
20130315,7.0100,7.1600,6.9400,7.0800,1724300
20130318,6.9900,7.0600,6.9500,7.0100,805600
20130319,7.0400,7.0800,6.8300,7.0500,1005100
20130320,7.1900,7.2000,7.0200,7.0900,1508500
20130321,7.1400,7.2500,7.1200,7.1900,2247200
20130322,7.1400,7.1900,7.1000,7.1700,1557400
20130325,7.3400,7.4300,7.1400,7.1900,3966400
20130326,7.1000,7.3300,7.0400,7.3300,2022200
20130327,7.1000,7.2300,7.0600,7.0800,1084200
20130328,6.9500,7.2100,6.9200,7.0600,1762000
20130329,6.9600,7.0800,6.8700,6.9500,1328800
20130401,6.8600,7.0400,6.8600,6.9700,913600
20130402,6.7200,6.9400,6.7100,6.8400,882700
20130403,6.6800,6.7700,6.3000,6.7500,1475200
20130404,6.6800,6.6800,6.6800,6.6800,0
20130405,6.6800,6.6800,6.6800,6.6800,0
20130408,6.9600,6.9900,6.3800,6.5600,2426000
20130409,6.9700,7.0100,6.8500,6.9100,1433000
20130410,6.9200,7.0500,6.8500,6.9700,1326100
20130411,6.8300,7.0100,6.8300,7.0100,638600
20130412,6.6900,6.9000,6.6700,6.8000,810600
20130415,6.6400,6.7800,6.6000,6.6100,570400
20130416,6.7500,6.8000,6.6100,6.6200,808500
20130417,6.8300,6.8500,6.6700,6.7500,779100
20130418,6.9800,7.0200,6.7400,6.7900,1809200
20130419,7.1600,7.1900,6.9500,6.9800,2330300
20130422,7.3000,7.3000,7.0600,7.0800,1870500
20130423,7.2300,7.3600,7.2100,7.2100,3120300
20130424,7.3000,7.3800,7.2000,7.2000,2121000
20130425,7.5700,7.5900,7.2600,7.3000,4189900
20130426,7.4600,7.6600,7.3700,7.5300,2382000
20130429,7.4600,7.4600,7.4600,7.4600,0
20130430,7.4600,7.4600,7.4600,7.4600,0
20130501,7.4600,7.4600,7.4600,7.4600,0
20130502,7.3600,7.3900,7.2500,7.3900,1510100
20130503,7.4500,7.5300,7.3200,7.3900,1711200
20130506,7.5900,7.6200,7.4000,7.4500,1548500
20130507,7.4500,7.6300,7.3800,7.5500,3158100
20130508,7.5600,7.5900,7.3700,7.4500,2095100
20130509,7.7000,7.7200,7.5200,7.5500,2564000
20130510,7.9500,8.1000,7.6400,7.6900,4659500
20130513,7.8800,8.0500,7.8000,7.9500,2380900
20130514,7.7900,7.8900,7.7100,7.8800,2038000
20130515,7.8100,7.9100,7.7300,7.7900,1560400
20130516,7.9500,8.1000,7.8000,7.8000,4423200
20130517,7.9500,8.0000,7.8000,8.0000,2752600
20130520,7.9500,7.9500,7.7800,7.9400,3100900
20130521,7.9000,7.9500,7.8300,7.9500,2437900
20130522,7.9600,8.0100,7.7900,7.8600,3992200
20130523,7.8800,8.0000,7.8300,7.8900,3219600
20130524,7.9100,7.9200,7.8000,7.8700,2182100
20130527,7.9000,7.9500,7.8500,7.8800,2100800
20130528,7.9200,7.9400,7.8400,7.8600,2140000
20130529,7.9500,8.0900,7.8900,7.9200,6595300
20130530,7.8700,7.9600,7.8100,7.9400,2897900
20130531,7.8000,7.8800,7.7200,7.8700,3931900
20130603,7.5100,7.7700,7.4500,7.7700,4199600
20130604,7.3100,7.5800,7.2600,7.5200,2055700
20130605,7.3000,7.3700,7.2500,7.3000,1353900
20130606,7.2800,7.3800,7.2500,7.3200,900700
20130607,7.1900,7.3100,7.0700,7.2900,1520300
20130610,7.1900,7.1900,7.1900,7.1900,0
20130611,7.1900,7.1900,7.1900,7.1900,0
20130612,7.1900,7.1900,7.1900,7.1900,0
20130613,7.0000,7.1800,6.6600,7.1800,2077000
20130614,7.0700,7.1500,6.9600,7.0400,1396700
20130617,7.1300,7.1700,7.0000,7.1700,895600
20130618,7.2400,7.3600,7.1200,7.1300,1447500
20130619,7.2200,7.2600,7.1200,7.2000,539900
20130620,7.0300,7.2300,7.0000,7.1600,650200
20130621,7.0200,7.0900,6.8100,6.8500,869400
20130624,6.9400,6.9800,6.5000,6.9500,1087500
20130625,6.6700,6.9400,6.2500,6.8100,2773200
20130626,6.7400,6.8200,6.4800,6.6200,1222400
20130627,6.6600,6.8800,6.6600,6.7800,1093300
20130628,6.7400,6.8400,6.4900,6.5700,1085900
20130701,6.7500,6.8200,6.6100,6.7000,709800
20130702,6.7700,6.7900,6.6900,6.7800,709100
20130703,6.7600,6.7800,6.5700,6.7700,825400
20130704,6.7900,6.8200,6.6400,6.7000,1087500
20130705,6.7100,6.8000,6.7100,6.7200,725500
20130708,6.4600,6.6600,6.4500,6.5300,580900
20130709,6.4500,6.5200,6.3500,6.4600,526800
20130710,6.5400,6.5400,6.3800,6.4000,1253900
20130711,6.6900,6.7800,6.5300,6.5500,1500600
20130712,6.6600,6.7800,6.6400,6.6900,835200
20130715,6.9800,7.0100,6.6200,6.6500,5008600
20130716,6.9100,7.0400,6.8600,6.9000,1850800
20130717,6.8300,6.9400,6.7500,6.9100,1372100
20130718,6.7000,6.7900,6.6200,6.7900,1264300
20130719,6.5100,6.7000,6.5100,6.6900,1398100
20130722,6.4700,6.5900,6.4000,6.4800,1345200
20130723,6.5900,6.6100,6.4600,6.4600,2013600
20130724,6.5300,6.5900,6.4300,6.5900,1190800
20130725,6.4500,6.5600,6.4400,6.5400,1198800
20130726,6.4000,6.4600,6.3100,6.4500,1158600
20130729,6.2900,6.4300,6.2800,6.4000,659200
20130730,6.3700,6.3800,6.2000,6.3100,1042700
20130731,6.4300,6.5500,6.3600,6.4200,1129100
20130801,6.5800,6.6200,6.4200,6.4500,1770700
20130802,6.5800,6.6300,6.5500,6.5500,964900
20130805,6.7400,6.7500,6.5600,6.5800,1448500
20130806,6.9500,7.0500,6.6600,6.7300,3565900
20130807,6.7900,6.9400,6.7400,6.9200,1308300
20130808,6.8100,6.8100,6.6000,6.7700,3593600
20130809,6.7500,6.7800,6.6400,6.7200,2802600
20130812,6.9100,6.9100,6.6700,6.7700,2734200
20130813,6.9700,6.9800,6.8200,6.8500,2153100
20130814,6.9500,7.3000,6.9200,7.1000,4576100
20130815,6.7900,7.0600,6.7700,7.0600,3149500
20130816,6.6800,6.8200,6.5600,6.6800,2476500
20130819,6.7300,6.7700,6.6100,6.6300,899300
20130820,6.7000,6.7800,6.6200,6.7100,1552100
20130821,6.5000,6.6900,6.4800,6.6700,5098200
20130822,6.5100,6.5600,6.4400,6.5000,4610100
20130823,6.6200,6.6400,6.4500,6.5700,3702500
20130826,6.7400,6.7600,6.6100,6.6200,3146800
20130827,6.7600,6.7800,6.6800,6.7500,2240500
20130828,6.6900,6.7800,6.6800,6.7000,4545200
20130829,6.7500,6.7700,6.6100,6.6800,2223900
20130830,6.7600,6.8400,6.7100,6.7100,3124800
20130902,6.9100,6.9300,6.7100,6.7600,3239200
20130903,6.9000,6.9400,6.8400,6.9200,3035500
20130904,6.8300,6.9500,6.7900,6.9000,9516400
20130905,6.7600,6.8600,6.6800,6.8200,4045100
20130906,6.7700,6.8200,6.6700,6.7600,2934600
20130909,6.8700,6.9200,6.7300,6.8300,3054900
20130910,6.8700,6.8900,6.8100,6.8300,3541800
20130911,6.9600,7.0600,6.7700,6.8600,5674200
20130912,6.9100,7.0000,6.8500,6.9200,3665000
20130913,7.0500,7.2200,6.9800,6.9900,6310300
20130916,7.1600,7.2300,7.0500,7.0800,4275700
20130917,6.9000,7.1600,6.8900,7.1600,2944100
20130918,6.8900,6.9400,6.7600,6.8800,2762900
20130920,6.8900,6.8900,6.8900,6.8900,0
20130923,7.0600,7.0700,6.8900,6.8900,3549500
20130924,7.2200,7.3500,7.0100,7.0300,9621200
20130925,7.1300,7.2800,7.1200,7.2500,3339300
20130926,7.2400,7.4000,7.1100,7.1300,6370200
20130927,7.5200,7.6600,7.2500,7.2500,7584400
20130930,7.5400,7.6800,7.3700,7.5400,3711900
20131001,7.5400,7.5400,7.5400,7.5400,0
20131002,7.5400,7.5400,7.5400,7.5400,0
20131003,7.5400,7.5400,7.5400,7.5400,0
20131004,7.5400,7.5400,7.5400,7.5400,0
20131007,7.5400,7.5400,7.5400,7.5400,0
20131008,7.4300,7.5500,7.3000,7.4900,4852900
20131009,7.5600,7.5600,7.2700,7.4200,5522300
20131010,7.6200,7.8200,7.4800,7.5500,7017200
20131011,7.6500,7.7300,7.5400,7.6300,3999800
20131014,7.8900,7.9400,7.5000,7.6100,8412800
20131015,7.8900,8.0700,7.8100,7.8500,8818600
20131016,7.7000,7.9900,7.6300,7.8600,4293200
20131017,7.6400,7.8300,7.6000,7.8000,3122900
20131018,7.6300,7.7500,7.5000,7.6400,3422700
20131021,7.8300,7.9000,7.5600,7.6200,5988900
20131022,7.7600,7.9200,7.6900,7.7900,4195600
20131023,7.4400,7.7900,7.4300,7.7900,3756500
20131024,7.4900,7.5900,7.3500,7.4000,2203700
20131025,7.3600,7.5000,7.2100,7.4900,2117700
20131028,7.3900,7.4200,7.2400,7.3000,876800
20131029,7.2600,7.4300,6.9100,7.4200,2316700
20131030,7.2700,7.2900,7.0700,7.2400,1683800
20131031,7.1300,7.2600,7.1000,7.2600,1261600
20131101,7.1900,7.3500,7.0900,7.1800,1365500
20131104,7.2400,7.3000,7.1700,7.2200,1431400
20131105,7.3600,7.3600,7.1800,7.2000,2052500
20131106,7.2200,7.3800,7.1800,7.3800,2265200
20131107,7.2300,7.2800,7.1300,7.2600,1970400
20131108,7.3700,7.4000,7.1400,7.1500,2226400
20131111,7.5400,7.5600,7.3200,7.3900,2550700
20131112,7.4300,7.5900,7.3900,7.5400,2836200
20131113,7.1900,7.4300,7.1500,7.4300,2794900
20131114,7.1800,7.2300,7.0100,7.1900,1416300
20131115,7.3100,7.4200,7.1500,7.1600,2885500
20131118,7.3600,7.4000,7.2600,7.3100,3587600
20131119,7.6300,7.6800,7.2900,7.3600,5634800
20131120,7.5600,7.6800,7.4500,7.6800,4045000
20131121,7.4900,7.5400,7.3900,7.5400,2614400
20131122,7.5800,7.6500,7.4200,7.4600,3108600
20131125,7.5900,7.5900,7.4600,7.5800,2006500
20131126,7.5100,7.5700,7.4600,7.5200,1693800
20131127,7.5300,7.5300,7.4000,7.5100,3246100
20131128,7.6000,7.6400,7.4700,7.5200,3612300
20131129,7.7100,7.7600,7.5300,7.5700,4991000
20131202,7.2000,7.6000,7.1000,7.6000,4863900
20131203,7.3200,7.3500,7.1500,7.1500,1852600
20131204,7.4000,7.5000,7.2800,7.2800,2268800
20131205,7.3800,7.4400,7.3100,7.4000,1844300
20131206,7.3200,7.4100,7.2900,7.3200,1674100
20131209,7.3700,7.4400,7.3400,7.3600,1784900
20131210,7.4200,7.4500,7.3300,7.3800,2143100
20131211,7.6000,7.6500,7.3500,7.4000,5661900
20131212,7.6100,7.7400,7.5300,7.6000,4393000
20131213,7.7500,7.8800,7.5300,7.5800,6579100
20131216,7.6100,7.8700,7.5800,7.7400,4488200
20131217,7.6700,7.6900,7.5300,7.6300,2889200
20131218,7.5000,7.8300,7.4200,7.7100,4425500
20131219,7.5000,7.5900,7.4200,7.5300,2713500
20131220,7.4000,7.5800,7.3500,7.4700,2572700
20131223,7.3800,7.4300,7.2000,7.3900,1792000
20131224,7.4500,7.5200,7.3300,7.3700,1699300
20131225,7.5200,7.5500,7.3600,7.4600,2634500
20131226,7.5000,7.5800,7.4800,7.5000,2737400
20131227,7.4800,7.5600,7.3000,7.5000,4608700
20131230,7.4200,7.5100,7.3800,7.5000,2268900
20131231,7.3300,7.4300,7.3200,7.4000,2584400
20140101,7.3300,7.3300,7.3300,7.3300,0
20140102,7.4100,7.4300,7.3100,7.3300,1965500
20140103,7.2800,7.4100,7.2400,7.4100,2322700
20140106,7.0100,7.2700,6.9200,7.2200,3795100
20140107,7.0400,7.0400,6.9000,7.0300,2600500
20140108,7.0900,7.1700,6.9200,7.0200,3476800
20140109,6.8500,7.1900,6.8500,7.0400,2130300
20140110,6.7400,6.8600,6.6500,6.8100,1864400
20140113,6.7400,6.7800,6.6700,6.7300,1133500
20140114,6.8500,6.8600,6.6600,6.7300,1376000
20140115,6.8100,6.8500,6.7200,6.8500,1428000
20140116,6.7500,6.8200,6.6700,6.8100,1985100
20140117,6.5800,6.7500,6.5500,6.7300,2107200
20140120,6.4400,6.6000,6.4300,6.6000,1871100
20140121,6.5600,6.5700,6.4100,6.4400,1440000
20140122,6.6600,6.6900,6.5100,6.5600,3484800
20140123,6.9400,6.9500,6.6300,6.6500,5254200
20140124,6.9300,6.9700,6.8600,6.9000,2246300
20140127,6.7000,6.8500,6.6700,6.8500,4005300
20140128,6.8300,7.0000,6.6800,6.6900,2822600
20140129,6.8200,6.8800,6.7800,6.7800,1444700
20140130,6.8800,6.9500,6.7500,6.8200,1184100
20140131,6.8800,6.8800,6.8800,6.8800,0
20140203,6.8800,6.8800,6.8800,6.8800,0
20140205,6.8800,6.8800,6.8800,6.8800,0
20140206,6.8800,6.8800,6.8800,6.8800,0
20140207,6.8900,6.9300,6.7800,6.8900,1646500
20140210,7.0300,7.0500,6.8500,6.8900,4257200
20140211,7.0000,7.1300,6.9000,7.0100,4981800
20140212,7.1000,7.1200,6.9700,7.0300,4365300
20140213,7.0400,7.1000,6.9300,7.1000,3078100
20140214,7.0800,7.1000,6.9600,7.0200,2729800
20140217,7.1700,7.1900,7.0700,7.0900,4502900
20140218,7.1400,7.1600,7.0500,7.1500,3393600
20140219,7.1300,7.1700,7.0300,7.1100,3933600
20140220,7.1400,7.2700,6.9700,7.1100,6089600
20140221,7.0800,7.1200,6.9600,7.0500,2598600
20140224,7.0700,7.1500,6.9100,7.0400,3793300
20140225,7.1700,7.3400,7.0300,7.1000,9699900
