20130226,14.3400,14.7700,14.2800,14.6100,3912000
20130227,14.1800,14.4400,14.0500,14.3600,3965600
20130228,14.6500,14.6600,14.1200,14.2900,3608800
20130301,14.6600,14.7000,14.4300,14.6600,3684600
20130304,14.1900,14.6900,13.9200,14.6000,4541400
20130305,14.9500,15.0600,14.2300,14.2300,9389100
20130306,15.6900,15.9500,15.0800,15.0900,15315400
20130307,15.8000,15.9800,15.3800,15.7500,9230400
20130308,15.4100,15.9000,15.3100,15.8000,4629900
20130311,15.4500,15.7800,15.0000,15.3900,4591900
20130312,15.4800,15.5900,15.0200,15.5000,5945600
20130313,15.9000,15.9800,15.2500,15.4000,6341700
20130314,16.8600,17.0500,15.7100,15.8000,11373300
20130315,16.8400,17.2000,16.7000,16.8000,8214000
20130318,16.5500,16.9700,16.3800,16.5200,5702100
20130319,15.8600,16.7700,15.5800,16.5700,8052700
20130320,15.5300,15.7300,14.6100,15.5800,18028100
20130321,15.5900,15.7500,15.1400,15.2800,9034200
20130322,15.6700,15.8400,15.4800,15.4800,4634600
20130325,16.0900,16.3400,15.4000,15.6100,5800700
20130326,16.3000,16.3700,15.8500,16.1000,5907200
20130327,16.1500,16.8000,15.9500,16.3300,6826000
20130328,16.0600,16.5500,15.7200,16.0000,4536800
20130329,15.4100,16.2800,15.3800,16.2800,4547200
20130401,15.8600,16.0900,15.5300,15.5300,3908900
20130402,15.4000,16.0800,15.1200,15.8900,3937700
20130403,15.2100,16.0000,14.9900,15.9300,7981100
20130404,15.2100,15.2100,15.2100,15.2100,0
20130405,15.2100,15.2100,15.2100,15.2100,0
20130408,15.2800,15.3800,14.7200,15.1700,3636600
20130409,15.1800,15.3800,15.0300,15.2800,3143200
20130410,15.0400,15.3000,14.8100,15.3000,2036100
20130411,15.2500,15.2500,14.8300,15.0000,2299200
20130412,14.9600,15.2200,14.8500,15.2100,1425400
20130415,14.5500,15.0600,14.3400,14.9300,2540700
20130416,14.5400,14.5700,14.2000,14.4500,1498600
20130417,14.9900,15.0100,14.2100,14.6000,2642400
20130418,15.0500,15.1400,14.7600,15.0000,2744900
20130419,15.2400,15.3600,14.9200,15.0400,3009800
20130422,15.3100,15.7200,15.1500,15.1500,4003800
20130423,15.1400,15.3900,15.0100,15.2700,2607100
20130424,15.2500,15.2800,14.6000,15.0500,5575000
20130425,14.9900,15.2200,14.7000,15.2000,3882600
20130426,14.8000,15.1500,14.6800,14.8900,2021900
20130429,14.8000,14.8000,14.8000,14.8000,0
20130430,14.8000,14.8000,14.8000,14.8000,0
20130501,14.8000,14.8000,14.8000,14.8000,0
20130502,15.9800,16.0000,14.9000,15.0200,9527400
20130503,16.2600,16.3800,15.9700,16.1100,8948700
20130506,16.4700,17.1000,16.3600,16.6000,9726800
20130507,16.4000,16.8900,16.2100,16.4800,5815200
20130508,17.6600,17.8000,16.5000,16.5600,13699900
20130509,18.0000,18.3500,17.5000,17.6900,11915000
20130510,17.8200,18.0900,17.5600,17.9000,6157500
20130513,18.3600,18.6800,17.6400,17.8200,8176900
20130514,18.3400,18.4900,17.9800,18.2900,5187100
20130515,18.0000,18.3300,17.7200,18.2700,6455700
20130516,18.0500,18.6500,17.8500,18.0300,5953200
20130517,18.5800,18.6800,17.8900,18.0000,6138500
20130520,18.1900,18.8900,17.5200,18.6100,8551800
20130521,18.0100,18.3900,17.8000,18.0500,6630900
20130522,17.8300,18.3900,17.7900,18.0100,4586500
20130523,17.5300,17.8100,17.2800,17.8000,5875800
20130524,18.3900,18.4400,17.4000,17.5000,5800400
20130527,18.5200,18.6000,18.2100,18.6000,5450300
20130528,18.2000,18.5900,17.8800,18.5200,4118200
20130529,18.3000,18.3400,17.9000,18.1700,3435200
20130530,19.3300,19.4700,18.0500,18.2500,9124800
20130531,19.1100,19.5900,19.0300,19.4000,5672200
20130603,18.6500,19.5900,18.6300,19.0000,6042500
20130604,18.0000,18.7200,17.5700,18.4500,6440100
20130605,18.0600,18.2900,17.7900,17.8000,3062200
20130606,17.5800,18.2000,17.5600,18.1000,3855000
20130607,17.6900,18.1900,17.4900,17.6800,4006900
20130610,17.6900,17.6900,17.6900,17.6900,0
20130611,17.6900,17.6900,17.6900,17.6900,0
20130612,17.6900,17.6900,17.6900,17.6900,0
20130613,16.8300,17.4500,16.0000,17.4500,3877200
20130614,18.0600,18.2700,17.1700,17.3000,6078700
20130617,18.3100,18.6600,17.6000,18.1000,5507000
20130618,18.6900,18.9500,18.0800,18.2600,5020600
20130619,18.6900,18.8500,18.0800,18.6000,4292100
20130620,18.2800,18.9500,18.1800,18.5900,4284200
20130621,18.4700,18.6700,17.2600,17.8000,4612400
20130624,18.0000,19.3000,17.5900,18.9900,8603700
20130625,17.8600,18.0700,16.2000,17.4500,7259600
20130626,19.2500,19.4800,17.5500,17.8800,9663100
20130627,18.9000,19.8700,18.8300,19.2000,10755900
20130628,19.1500,19.5700,18.6000,18.9000,7550100
20130701,21.0100,21.0600,18.9100,19.0000,15300700
20130702,21.1500,21.2600,20.6500,20.7700,11912600
20130703,22.0500,22.8800,20.6600,21.0900,14201100
20130704,20.4000,21.7000,19.8700,21.7000,28988800
20130705,19.0000,20.2800,18.9700,20.1000,30727800
20130708,18.9600,19.3600,18.2000,18.9900,12247000
20130709,19.6700,19.8800,18.7100,18.9900,10556100
20130710,19.8300,19.9700,19.5000,19.6700,6976700
20130711,20.0500,20.3500,19.6600,19.9600,10136800
20130712,20.2000,20.5800,20.0100,20.0500,7400200
20130715,20.4600,20.4800,19.8800,20.3000,7816200
20130716,21.0800,21.2900,20.3000,20.5200,10458600
20130717,20.3900,21.2600,20.2000,21.0000,9490200
20130718,20.5100,20.7500,20.2700,20.3100,6371300
20130719,20.0500,20.7000,20.0200,20.5700,5799800
20130722,20.4900,20.5200,19.5800,19.7800,5178700
20130723,21.3600,21.5000,20.3400,20.5400,11257200
20130724,21.7800,21.8600,21.3000,21.3200,8641600
20130725,20.9300,21.8500,20.8500,21.6600,6526900
20130726,21.1100,21.2800,20.5100,20.7900,3985600
20130729,20.3800,21.0900,20.3000,20.8300,3881400
20130730,20.7100,20.8200,20.0100,20.3000,3725400
20130731,20.5300,20.9900,20.5100,20.9000,3470400
20130801,21.1700,21.1800,20.3200,20.6100,4860400
20130802,21.2300,21.6500,21.0800,21.1600,5601500
20130805,22.6100,22.6700,21.2000,21.2200,9526700
20130806,22.4500,22.6900,22.1100,22.5800,5164600
20130807,21.9000,22.6000,21.8900,22.4600,5077100
20130808,22.6100,22.9300,21.7200,21.8000,6428400
20130809,22.1300,22.8000,21.6300,22.8000,6757900
20130812,21.9600,22.2800,21.5000,22.0400,4388900
20130813,22.0200,22.2500,21.7100,21.8000,3218700
20130814,21.6800,22.2500,21.6200,22.1900,3851500
20130815,21.3500,21.7900,21.1400,21.6800,4586600
20130816,20.8000,21.6500,20.6200,21.2400,4381900
20130819,21.1300,21.2100,20.6000,20.6300,2985400
20130820,21.3400,21.6400,20.9300,21.2000,3689000
20130821,21.6900,21.8800,21.1500,21.7500,5098600
20130822,21.8500,21.8900,21.3300,21.6500,4086000
20130823,21.5900,21.8800,21.1800,21.8500,4050100
20130826,21.3700,21.5600,21.0600,21.5600,4356700
20130827,21.0000,21.5500,20.9500,21.2300,4584400
20130828,20.2600,20.9100,20.2000,20.9100,7091800
20130829,20.3700,20.6600,20.1600,20.4500,4413300
20130830,19.9000,20.5000,19.8900,20.2900,4056000
20130902,20.2800,20.3200,19.8500,19.9000,2552700
20130903,20.7000,20.7000,20.1800,20.2000,2779100
20130904,20.3800,20.8000,20.3000,20.5900,3451100
20130905,20.2200,20.5400,19.9000,20.4000,3226700
20130906,19.8900,20.1500,19.8500,20.1500,4096400
20130909,19.5000,19.9100,19.3400,19.9000,5620100
20130910,19.3000,19.6700,19.0700,19.6000,5511800
20130911,19.5400,19.5400,19.1000,19.2100,4602800
20130912,19.4000,19.7500,19.3800,19.6900,3612800
20130913,19.3400,19.3900,18.2500,19.2300,10921700
20130916,20.3000,20.3400,19.1700,19.2600,9173900
20130917,20.1300,20.4300,19.9100,20.3000,4646600
20130918,20.1800,20.1800,19.8100,20.1300,2742200
20130920,20.1800,20.1800,20.1800,20.1800,0
20130923,20.1600,20.3600,19.9000,20.0100,4427500
20130924,20.3600,20.5700,20.2000,20.2000,4520500
20130925,20.3000,20.4700,19.9600,20.3600,3934800
20130926,19.6400,20.3800,19.6300,20.3200,4415500
20130927,19.5600,19.9500,19.0000,19.6100,3277100
20130930,19.9200,20.0900,19.6100,19.7500,3240800
20131001,19.9200,19.9200,19.9200,19.9200,0
20131002,19.9200,19.9200,19.9200,19.9200,0
20131003,19.9200,19.9200,19.9200,19.9200,0
20131004,19.9200,19.9200,19.9200,19.9200,0
20131007,19.9200,19.9200,19.9200,19.9200,0
20131008,20.0300,20.2500,19.7500,19.9200,2638200
20131009,20.3300,20.3300,19.8900,20.0200,4099900
20131010,19.8300,20.4000,19.7800,20.3900,3234900
20131011,19.9500,20.2000,19.8700,19.8700,2862800
20131014,20.5400,20.6500,19.9000,19.9100,5796100
20131015,21.1600,21.5500,20.8800,20.8800,9741400
20131016,20.1500,21.1300,19.9600,21.1300,8096800
20131017,19.7000,20.5100,19.6000,20.4400,6999000
20131018,19.8100,19.9300,19.5100,19.6000,3278800
20131021,20.4000,20.5900,19.9700,20.0000,8905900
20131022,20.0100,20.5700,19.9600,20.2500,6875100
20131023,19.8400,20.2300,19.6500,20.0800,4054400
20131024,19.9800,20.2000,19.6500,19.7400,3842100
20131025,18.3900,19.9900,17.9800,19.9900,10065800
20131028,18.7300,18.7900,18.0000,18.3500,4558400
20131029,18.7300,19.0000,17.0000,19.0000,5540900
20131030,18.9000,18.9500,18.4500,18.5000,3179400
20131031,18.7000,18.9900,18.4100,18.9100,2566900
20131101,18.5500,18.7600,18.3100,18.6000,1609200
20131104,18.6000,18.8800,18.4100,18.5500,1991600
20131105,18.9200,18.9500,18.3500,18.6000,2732000
20131106,19.1500,19.3500,18.6900,18.9200,3855200
20131107,18.8000,19.3000,18.8000,19.2900,2657000
20131108,18.4600,18.7900,18.3700,18.4100,2479700
20131111,18.5800,18.6900,18.1800,18.3100,1386700
20131112,19.1500,19.2500,18.4600,18.4600,3500200
20131113,18.9300,19.1400,18.8000,19.0900,1916400
20131114,18.9400,19.2600,18.7900,18.9200,2068900
20131115,19.2300,19.2800,18.8100,18.9000,2862300
20131118,19.6100,19.7000,19.1800,19.3300,5339200
20131119,19.7400,19.9400,19.5100,19.7000,3981600
20131120,19.6400,19.7300,19.5100,19.7300,2296000
20131121,19.2700,19.6000,19.1800,19.6000,2448800
20131122,19.2200,19.5100,19.2000,19.2800,1672400
20131125,19.1200,19.4100,19.1000,19.1900,1619200
20131126,19.3600,19.6000,19.1600,19.1600,2755700
20131127,19.3200,19.5600,19.1100,19.4800,3414500
20131128,19.7600,19.8000,19.3300,19.4300,4357800
20131129,20.1600,20.2400,19.5500,19.7600,6231400
20131202,19.4600,20.0500,19.1300,19.8200,5256400
20131203,19.8100,19.9800,19.1500,19.1900,2934300
20131204,20.2500,20.2500,19.7200,19.8100,5875100
20131205,20.3000,20.6500,19.9500,20.2200,4642300
20131206,20.1900,20.1900,19.8100,20.1000,2556000
20131209,20.5600,20.6100,20.0600,20.1900,5140300
20131210,20.7300,20.9200,20.4000,20.5200,4089600
20131211,20.6600,20.7400,20.2600,20.6000,3410000
20131212,21.2900,21.5300,20.6400,20.6500,9555000
20131213,22.0900,22.3900,21.0100,21.1800,10444700
20131216,22.1600,22.6500,21.7400,22.0800,6757900
20131217,22.2900,22.4400,21.8200,22.0900,4574500
20131218,22.4800,22.7100,21.9800,22.5000,4931600
20131219,22.2400,22.6300,22.1200,22.4900,4262900
20131220,21.1800,22.3000,21.1300,22.2500,6660900
20131223,23.3000,23.3000,21.2300,21.2700,11901500
20131224,24.2000,24.7000,22.8500,23.1000,13556100
20131225,23.9400,24.6500,23.4200,24.3400,10556000
20131226,23.6500,24.3000,23.4000,23.7600,8803400
20131227,23.6800,24.0000,23.3000,23.5600,6576000
20131230,24.9200,24.9700,23.4100,23.7000,8706400
20131231,24.6200,24.9900,23.6800,24.5000,7421600
20140101,24.6200,24.6200,24.6200,24.6200,0
20140102,25.0100,25.5000,24.3200,24.7000,6084400
20140103,24.9300,25.1800,24.2500,25.0900,5287200
20140106,24.9000,25.0800,24.0100,24.7100,3291700
20140107,24.8200,25.0600,24.4900,24.7900,3797200
20140108,26.4400,27.0700,24.5500,24.9400,7871400
20140109,26.1000,27.5000,25.8600,26.4300,6035800
20140110,26.2400,26.9400,25.8000,26.1000,4586300
20140113,26.9800,26.9800,26.0000,26.0800,3760200
20140114,27.1000,27.6800,26.6500,26.9000,5548100
20140115,27.2300,27.2500,26.6600,27.2500,2481500
20140116,26.7100,27.5800,26.6100,27.2000,4053300
20140117,26.9300,27.0900,26.5000,26.5600,2807100
20140120,25.8700,27.3000,25.8000,26.8000,5820500
20140121,25.7700,26.2500,24.8800,25.8600,6818500
20140122,26.7300,26.9500,25.5000,25.8100,4509900
20140123,25.3500,26.7800,25.3000,26.7000,7149200
20140124,26.5500,26.8500,24.7000,25.2400,7874700
20140127,27.4400,28.0600,26.7100,26.7100,7176400
20140128,27.3000,28.0500,26.7500,27.4900,5964000
20140129,27.9000,28.0700,27.2900,27.4400,3870900
20140130,28.6600,28.9500,27.5600,27.9000,3438800
20140131,28.6600,28.6600,28.6600,28.6600,0
20140203,28.6600,28.6600,28.6600,28.6600,0
20140205,28.6600,28.6600,28.6600,28.6600,0
20140206,28.6600,28.6600,28.6600,28.6600,0
20140207,29.2500,29.7100,28.4200,28.7100,6272300
20140210,30.0100,30.8800,29.1100,29.2500,10421700
20140211,30.0500,30.5000,29.5500,30.5000,4618800
20140212,29.8000,30.1800,29.0000,30.1800,4666100
20140213,29.5800,30.2600,29.3500,29.8000,3358100
20140214,31.6700,31.7500,29.6400,29.6400,6226400
20140217,34.1000,34.1500,31.4500,31.6900,8429900
20140218,33.1500,34.2000,32.2000,34.1900,11072500
20140219,34.7000,34.8800,32.5600,32.8800,6964500
20140220,33.7600,35.1800,33.1800,34.5500,6141900
20140221,35.2000,35.2000,33.4800,34.0000,6444000
20140224,37.1600,37.9900,34.4800,35.4000,7036100
20140225,35.5000,37.6600,34.6300,37.2000,6959200
