20130226,14.0000,14.3300,13.8300,14.2000,1633300
20130227,13.7000,14.1200,13.5700,14.0300,1552600
20130228,14.0000,14.0300,13.7100,13.7500,1041800
20130301,14.2900,14.3000,13.8300,13.9000,1178000
20130304,13.8300,14.0700,13.6600,14.0700,1066300
20130305,14.0700,14.3500,13.8300,13.8300,1227200
20130306,14.1500,14.3400,13.9000,14.0000,1514900
20130307,14.0300,14.3500,13.9900,14.1500,967200
20130308,14.0500,14.2000,13.9000,14.0300,441700
20130311,14.0800,14.1500,14.0100,14.1300,388200
20130312,13.5900,14.1800,13.4400,14.0800,926900
20130313,13.4800,13.6400,13.4300,13.5000,315400
20130314,13.4800,13.7100,13.4100,13.4100,301000
20130315,13.5100,13.6600,13.3700,13.4000,470100
20130318,13.2000,13.5100,13.1000,13.5100,457600
20130319,13.2100,13.2700,13.0500,13.1900,295900
20130320,13.6000,13.6200,13.2900,13.2900,353800
20130321,13.6900,13.7800,13.5000,13.6100,433500
20130322,13.7100,13.7700,13.5800,13.6900,380100
20130325,13.6500,13.7700,13.5600,13.7700,350500
20130326,13.6000,13.7000,13.3100,13.7000,343200
20130327,13.4800,13.6700,13.3900,13.6000,272400
20130328,13.0600,13.4000,13.0000,13.4000,465500
20130329,13.3000,13.4000,13.1000,13.1000,283600
20130401,13.5000,13.5300,13.2200,13.3400,251000
20130402,13.3000,13.5800,13.2200,13.5500,339600
20130403,13.1900,13.4900,13.1200,13.2000,200300
20130404,13.1900,13.1900,13.1900,13.1900,0
20130405,13.1900,13.1900,13.1900,13.1900,0
20130408,13.2800,13.3000,12.8000,13.0000,282100
20130409,13.2500,13.4000,13.2100,13.4000,173400
20130410,13.2000,13.2800,13.1300,13.2500,143800
20130411,13.2500,13.3600,13.1200,13.3000,246700
20130412,13.1900,13.3100,13.1500,13.2000,79900
20130415,13.0600,13.1800,13.0000,13.1800,113300
20130416,13.1100,13.1800,12.8100,12.8500,232700
20130417,13.2600,13.2600,13.0900,13.1800,178500
20130418,13.6500,13.7200,13.2600,13.2600,923200
20130419,13.8500,13.8500,13.5500,13.6600,1165200
20130422,13.4000,13.5700,13.1500,13.5700,1094000
20130423,13.0100,13.4000,13.0100,13.4000,530400
20130424,13.2300,13.2500,12.8800,13.0300,276900
20130425,13.0000,13.3300,13.0000,13.2700,218300
20130426,12.8300,13.0300,12.8000,13.0300,351200
20130429,12.8300,12.8300,12.8300,12.8300,0
20130430,12.8300,12.8300,12.8300,12.8300,0
20130501,12.8300,12.8300,12.8300,12.8300,0
20130502,12.8400,12.9800,12.2800,12.9500,193000
20130503,13.1500,13.1600,12.6100,12.7500,399900
20130506,13.2300,13.2800,13.0800,13.2600,313200
20130507,13.3100,13.3300,13.1100,13.2300,302100
20130508,13.3000,13.3600,13.2200,13.3500,373500
20130509,13.0000,13.3000,12.9000,13.3000,475200
20130510,13.0600,13.1300,12.9100,13.0100,286600
20130513,13.3700,13.3900,12.9400,13.1800,760700
20130514,13.4200,13.5200,13.2200,13.3700,724500
20130515,13.5800,13.6800,13.4500,13.4800,999400
20130516,13.6800,13.6900,13.4200,13.6300,812900
20130517,13.9600,14.0800,13.6500,13.7700,1404800
20130520,13.9800,14.0500,13.6600,13.9600,1344800
20130521,14.0300,14.0700,13.9000,13.9800,871600
20130522,14.0100,14.4500,14.0000,14.0500,1469900
20130523,13.7100,14.0000,13.6700,13.9600,1055100
20130524,13.7900,13.8300,13.5600,13.7400,1235900
20130527,14.1000,14.1400,13.7200,13.8000,1185600
20130528,13.9800,14.1800,13.7900,14.1800,812700
20130529,13.8900,14.0900,13.8100,13.8400,747200
20130530,13.7100,13.9900,13.6600,13.8500,633800
20130531,13.6500,13.8400,13.6500,13.7900,446700
20130603,13.4500,13.7600,13.3400,13.6800,865800
20130604,13.1300,13.5000,13.0700,13.3900,563700
20130605,13.2500,13.2800,13.0400,13.1300,325300
20130606,12.9600,13.2500,12.9500,13.2500,335600
20130607,12.8100,13.1400,12.7800,12.9600,349600
20130610,12.8100,12.8100,12.8100,12.8100,0
20130611,12.8100,12.8100,12.8100,12.8100,0
20130612,12.8100,12.8100,12.8100,12.8100,0
20130613,12.5800,12.7700,12.3100,12.7000,297500
20130614,12.7800,12.8800,12.5500,12.5500,383100
20130617,12.7800,12.8800,12.6700,12.7900,262400
20130618,12.6100,12.7800,12.5100,12.7300,261900
20130619,12.5800,12.6300,12.3500,12.6300,319500
20130620,12.2900,12.6900,12.2500,12.5200,159500
20130621,12.0000,12.1600,11.7700,11.9000,343600
20130624,10.8000,12.0800,10.8000,12.0000,523500
20130625,10.7100,10.8500,10.0600,10.8000,691100
20130626,11.1300,11.2900,10.5400,10.8500,546200
20130627,11.0800,11.7500,11.0000,11.1500,536000
20130628,11.0500,11.5000,10.6000,10.6000,287100
20130701,11.2300,11.2500,10.9000,11.2500,258700
20130702,11.3200,11.3800,11.1800,11.2400,295700
20130703,11.2100,11.3500,11.0100,11.3000,272100
20130704,11.5000,11.5000,11.0600,11.0900,467900
20130705,11.8100,12.4900,11.4200,11.4700,716000
20130708,11.3100,11.6700,11.1500,11.6700,409400
20130709,11.4900,11.6000,11.2200,11.2200,252700
20130710,11.8500,12.1900,11.5000,11.6000,297300
20130711,12.0500,12.1800,11.8000,11.8500,510900
20130712,11.8900,12.1000,11.8100,11.9200,511400
20130715,11.8800,12.0600,11.7700,11.8900,511700
20130716,12.2900,12.3000,11.8500,11.9900,667800
20130717,12.2700,12.8700,12.2600,12.5700,1283800
20130718,12.0500,12.2600,12.0300,12.1600,436600
20130719,11.7400,12.2400,11.7100,12.0700,453000
20130722,12.2500,12.2500,11.6100,11.8700,539600
20130723,12.3900,12.4000,12.1300,12.2800,441400
20130724,12.2900,12.4700,12.0500,12.3900,691300
20130725,12.3500,12.4700,11.9300,12.2000,837800
20130726,12.1400,12.3600,12.0100,12.3600,331500
20130729,11.7300,12.1000,11.6000,12.1000,585600
20130730,11.6800,11.8500,11.5700,11.7900,423400
20130731,11.7000,11.9300,11.6600,11.8200,163200
20130801,11.9700,11.9800,11.7100,11.8400,528900
20130802,12.0400,12.3000,11.9500,11.9600,457800
20130805,12.1800,12.2000,11.8000,11.9700,477000
20130806,12.4500,12.4500,12.0600,12.1700,786200
20130807,12.6500,12.7500,12.3000,12.3500,1249600
20130808,12.5600,12.7300,12.5000,12.6800,573100
20130809,12.7600,13.1000,12.5100,12.5400,545000
20130812,12.9000,12.9900,12.6100,12.7500,776700
20130813,12.8000,13.0300,12.7600,12.8100,410600
20130814,12.8200,12.9600,12.6200,12.8800,596300
20130815,13.1500,13.6600,12.8100,12.8200,1557900
20130816,13.5200,13.7900,13.3400,13.4800,2893400
20130819,13.8300,13.8300,13.1300,13.3000,1587300
20130820,14.5200,14.9600,13.5000,13.8000,3944800
20130821,14.6500,14.6700,14.3600,14.4500,1334700
20130822,14.5100,14.9200,14.4100,14.6000,1484700
20130823,14.2000,14.6100,14.0600,14.5000,1445900
20130826,14.4800,14.6000,14.1500,14.2700,821100
20130827,14.5500,14.8000,14.3600,14.3700,1027800
20130828,13.9000,14.5000,13.8100,14.2500,1790800
20130829,14.0800,14.2700,13.7600,13.9000,748700
20130830,13.9300,14.2000,13.9000,14.0500,860500
20130902,14.0500,14.5300,13.8200,14.2000,434800
20130903,14.1500,14.2300,13.9000,13.9700,735300
20130904,14.1000,14.1800,14.0300,14.1800,453700
20130905,13.7900,14.1800,13.6600,14.0100,1182600
20130906,13.9000,14.2000,13.6000,13.7500,948000
20130909,14.1400,14.1500,13.7500,13.7700,744300
20130910,14.0500,14.2300,13.8900,14.0500,666700
20130911,13.7900,14.1300,13.6300,14.0500,726800
20130912,13.4400,13.8400,13.4000,13.6600,708200
20130913,13.6200,13.6300,13.4100,13.4100,374900
20130916,14.4200,14.4800,13.4300,13.6900,1851500
20130917,14.6400,15.3600,14.0800,14.2700,4020200
20130918,14.1600,14.4600,14.0300,14.2600,1793100
20130920,14.1600,14.1600,14.1600,14.1600,0
20130923,14.2300,14.2500,13.9800,14.1100,1086400
20130924,14.3800,14.4800,14.0400,14.1500,1139100
20130925,14.0500,14.6200,14.0300,14.4600,991600
20130926,13.7700,14.1700,13.6500,13.8100,838400
20130927,13.7500,13.9400,13.7300,13.7900,386200
20130930,13.7700,13.9600,13.6500,13.8000,583100
20131001,13.7700,13.7700,13.7700,13.7700,0
20131002,13.7700,13.7700,13.7700,13.7700,0
20131003,13.7700,13.7700,13.7700,13.7700,0
20131004,13.7700,13.7700,13.7700,13.7700,0
20131007,13.7700,13.7700,13.7700,13.7700,0
20131008,14.1700,14.1800,13.7300,13.8200,797000
20131009,14.2600,14.4100,14.1000,14.1600,713000
20131010,14.0400,14.3900,14.0200,14.1600,531900
20131011,14.2900,14.3600,14.0000,14.0000,974600
20131014,14.7000,15.3600,14.2200,14.2200,2340700
20131015,15.0100,15.1500,14.7000,14.7000,1505800
20131016,14.7300,14.9500,14.5800,14.9500,1138300
20131017,15.2400,15.4900,14.7500,14.8900,2230300
20131018,15.6400,15.9500,15.0400,15.2000,2276500
20131021,15.6700,15.8000,15.3900,15.8000,1449900
20131022,15.4500,15.9000,15.3700,15.6700,1571400
20131023,14.7000,15.4900,14.6000,15.4500,1453000
20131024,14.7500,14.9700,14.5500,14.7000,655600
20131025,14.6000,15.0800,14.5000,14.8600,618600
20131028,15.1100,15.7600,14.6200,14.8000,1544500
20131029,14.1900,15.1800,13.9000,15.0300,1937600
20131030,14.5500,14.5500,14.1100,14.1100,822200
20131031,14.5800,14.9700,14.4000,14.5900,1096800
20131101,14.3000,14.7200,14.2600,14.7200,792000
20131104,14.5700,14.6700,14.1700,14.3000,638400
20131105,14.8000,14.8000,14.3800,14.5100,684300
20131106,14.6700,15.1800,14.6700,14.7800,1138900
20131107,14.6000,14.9200,14.4600,14.6800,657800
20131108,14.4400,14.7000,14.3300,14.5900,511700
20131111,15.2600,15.2600,14.4000,14.5000,1608600
20131112,15.3900,15.5700,15.1000,15.2500,1776100
20131113,15.6600,15.9500,15.1000,15.2600,2472600
20131114,16.9000,16.9800,15.4500,15.6600,4419800
20131115,17.6200,17.9400,16.6500,16.8500,5408100
20131118,17.3800,17.6900,17.1300,17.6200,4204500
20131119,18.4500,18.8700,17.2700,17.3000,4588400
20131120,18.1500,18.4000,17.7700,18.2000,3263300
20131121,17.3100,17.9500,17.1900,17.9500,3067600
20131122,17.3000,17.7000,17.2300,17.3700,1450500
20131125,17.7400,17.7400,17.0000,17.3000,1713800
20131126,17.8800,18.3500,17.5200,17.7400,2146100
20131127,17.9500,17.9900,17.6500,17.8700,1341100
20131128,19.0100,19.3500,17.9100,17.9800,3698200
20131129,19.0300,19.7000,18.8800,19.0200,3560600
20131202,17.8000,18.8000,17.2200,18.0000,3128600
20131203,19.3000,19.5800,17.5000,17.6000,2707800
20131204,18.9000,19.8800,18.7500,19.2200,2702700
20131205,18.9500,19.5500,18.5800,18.7600,2102500
20131206,18.4700,19.1100,18.2000,18.8600,1706000
20131209,19.3000,19.3800,18.5500,18.5500,1777900
20131210,18.9900,19.5000,18.8100,19.3100,1543000
20131211,18.8300,19.3000,18.6000,18.8200,840900
20131212,19.0600,19.1800,18.7600,18.8300,923600
20131213,20.9700,20.9700,18.8600,19.1500,7867400
20131216,19.8500,20.9700,19.5000,20.6000,5424300
20131217,19.2600,20.0000,19.0100,20.0000,2079000
20131218,19.0300,19.6700,18.9500,19.3000,1664100
20131219,18.1700,19.2900,18.0800,18.9500,2069300
20131220,17.7200,18.3000,17.7000,18.2000,1438300
20131223,17.5500,17.7000,17.0000,17.5000,1601500
20131224,18.6100,19.1900,17.5200,17.6000,2560000
20131225,19.7800,19.9000,18.6300,18.8700,2872200
20131226,18.7600,19.7800,18.7100,19.7800,2508100
20131227,19.0500,19.4400,18.7000,18.7000,1700400
20131230,19.6000,19.7800,19.1000,19.1900,1834300
20131231,19.9000,20.5000,19.4000,19.4000,2416900
20140101,19.9000,19.9000,19.9000,19.9000,0
20140102,20.3600,20.8900,20.0000,20.3000,1854100
20140103,20.5100,20.7600,20.0300,20.1000,1765200
20140106,18.7900,20.6600,18.4600,20.3000,2800700
20140107,19.2000,19.2700,18.4500,18.5100,1426300
20140108,18.7200,19.5000,18.6300,19.4000,1277000
20140109,18.4000,19.0500,18.3600,18.7300,1052000
20140110,18.1500,18.2900,17.7000,18.2900,1098400
20140113,18.3300,18.8200,18.0100,18.0300,691400
20140114,18.6100,18.6500,18.2200,18.5400,870400
20140115,18.5000,18.5800,18.2600,18.5700,600100
20140116,19.3300,19.4500,18.3600,18.5200,1506000
20140117,19.0200,19.9500,18.8500,19.2600,910300
20140120,18.8300,19.1000,18.2000,18.8800,798000
20140121,18.7000,19.1000,18.3100,18.8000,652800
20140122,19.2500,19.2700,18.5000,18.6900,1331600
20140123,19.0600,19.6900,18.8000,19.6900,1032800
20140124,19.5600,19.6600,18.8600,19.0000,1190700
20140127,19.3800,19.5400,19.0300,19.4100,1016400
20140128,19.0000,19.5000,18.8500,19.4900,799100
20140129,19.0600,19.1300,18.7100,19.0000,850200
20140130,18.8800,19.1200,18.8000,19.0600,490100
20140131,18.8800,18.8800,18.8800,18.8800,0
20140203,18.8800,18.8800,18.8800,18.8800,0
20140205,18.8800,18.8800,18.8800,18.8800,0
20140206,18.8800,18.8800,18.8800,18.8800,0
20140207,19.2300,19.2500,18.5500,18.6400,803600
20140210,21.1400,21.1500,19.4500,19.4500,4669600
20140211,21.6800,22.5000,20.7000,21.0000,4886200
20140212,21.8200,22.2200,21.5000,21.7800,2486500
20140213,21.3600,22.1400,21.2200,21.7300,2637500
20140214,22.3300,22.3900,21.0000,21.4500,2947200
20140217,23.0800,23.4900,22.1100,22.6000,3916400
20140218,22.7100,23.3800,22.5800,23.0800,1837000
20140219,22.9200,23.2900,22.0000,22.6900,1675800
20140220,22.1800,23.1200,22.1100,22.7000,1349200
20140221,21.9500,22.6900,21.5000,22.2000,1518700
20140224,21.8100,21.9400,21.2000,21.9400,1530900
20140225,21.2600,22.8400,20.5500,21.9200,2588100
