20130226,7.1600,7.1600,7.1600,7.1600,0
20130227,7.1600,7.1600,7.1600,7.1600,0
20130228,7.1600,7.1600,7.1600,7.1600,0
20130301,7.8800,7.8800,7.8800,7.8800,721500
20130304,8.6700,8.6700,8.3500,8.6700,23432100
20130305,8.4400,8.5500,8.0200,8.5500,15050400
20130306,8.3900,8.5800,8.1800,8.3600,9052600
20130307,7.9900,8.3100,7.9900,8.3100,7666600
20130308,8.0700,8.1500,7.9000,7.9600,3698000
20130311,8.1000,8.1600,7.9400,8.0100,2507400
20130312,8.2300,8.3000,7.8900,8.1100,7728700
20130313,7.7100,8.2300,7.4300,8.1900,4853300
20130314,7.4900,7.7600,7.4900,7.7100,2884000
20130315,7.4100,7.6400,7.3500,7.5000,3229600
20130318,7.2700,7.4800,7.1700,7.4100,2146800
20130319,7.5100,7.6600,7.1600,7.2400,3869900
20130320,7.6500,7.7000,7.3800,7.4800,3577700
20130321,7.6000,7.7400,7.5400,7.6200,3120900
20130322,7.5500,7.6200,7.5000,7.5800,2081800
20130325,7.3600,7.5700,7.3300,7.5400,2398100
20130326,7.4200,7.4400,7.3000,7.3500,1760300
20130327,7.3100,7.4400,7.2500,7.4300,1741400
20130328,7.1400,7.3000,7.0700,7.3000,2511500
20130329,7.0300,7.1800,7.0300,7.1400,1489100
20130401,7.0100,7.0800,6.9500,7.0300,1452500
20130402,6.9600,7.0900,6.5300,7.0100,2295200
20130403,6.9600,7.1100,6.8200,7.1100,2171700
20130404,6.9600,6.9600,6.9600,6.9600,0
20130405,6.9600,6.9600,6.9600,6.9600,0
20130408,7.3300,7.4400,6.6500,6.9000,4870100
20130409,7.3400,7.4500,7.2000,7.2600,3216300
20130410,7.7400,7.9000,7.2700,7.3400,7656000
20130411,7.7800,8.0500,7.6200,7.6800,7111400
20130412,7.6800,7.9000,7.4500,7.4500,6367400
20130415,7.9400,7.9600,7.4800,7.6400,6847600
20130416,7.8900,8.0400,7.6500,7.8100,6352000
20130417,7.8400,7.9500,7.7000,7.8900,3530900
20130418,7.7500,7.9000,7.7200,7.8300,2325900
20130419,7.8900,7.9600,7.7500,7.7500,3842300
20130422,7.6100,7.8600,7.5000,7.8200,3367200
20130423,7.3400,7.7100,7.3300,7.6000,2667000
20130424,7.4500,7.5600,7.2300,7.2300,2205900
20130425,7.2300,7.4400,7.2100,7.4000,1417200
20130426,7.3400,7.4100,7.1100,7.1900,1215600
20130429,7.3400,7.3400,7.3400,7.3400,0
20130430,7.3400,7.3400,7.3400,7.3400,0
20130501,7.3400,7.3400,7.3400,7.3400,0
20130502,7.4400,7.4700,7.2200,7.3500,1158700
20130503,7.5300,7.6600,7.4200,7.4900,1471100
20130506,7.5900,7.7100,7.5500,7.6000,2315200
20130507,7.5100,7.6700,7.4600,7.5500,1766900
20130508,7.8000,7.8500,7.5000,7.5100,3522600
20130509,7.7400,7.8100,7.5700,7.8100,1815600
20130510,7.8000,7.8100,7.6100,7.7000,1810800
20130513,8.1200,8.1800,7.6800,7.8100,4290200
20130514,8.0000,8.0800,7.9200,8.0800,3020100
20130515,7.9700,8.0800,7.8200,8.0000,2445700
20130516,7.8600,8.0700,7.8100,7.9300,3351500
20130517,8.1100,8.1600,7.8600,7.8800,4245500
20130520,8.1600,8.2000,7.9800,8.0800,4996500
20130521,8.1600,8.2800,8.0800,8.1500,3911300
20130522,8.0700,8.2000,8.0500,8.1200,2780300
20130523,8.2700,8.7000,8.2500,8.2600,9028100
20130524,8.2800,8.3400,8.0500,8.2100,4479100
20130527,8.2900,8.4200,8.1500,8.2200,2862400
20130528,8.0800,8.2700,8.0500,8.2700,3359300
20130529,8.0800,8.1500,8.0000,8.0800,2575100
20130530,7.9600,8.0600,7.9200,8.0600,2770400
20130531,7.9300,8.0200,7.9200,7.9600,2053400
20130603,7.9700,8.0300,7.7700,7.9000,1968600
20130604,7.7800,8.1000,7.7400,8.1000,1990900
20130605,7.7300,7.8500,7.7100,7.8500,1150600
20130606,7.5200,7.7500,7.5200,7.7500,1630700
20130607,7.3300,7.5800,7.3000,7.5200,1336900
20130610,7.3300,7.3300,7.3300,7.3300,0
20130611,7.3300,7.3300,7.3300,7.3300,0
20130612,7.3300,7.3300,7.3300,7.3300,0
20130613,7.0300,7.2600,7.0000,7.2600,1745100
20130614,7.0700,7.0800,6.9900,7.0300,1624600
20130617,7.0700,7.1500,7.0600,7.1500,1060200
20130618,7.1200,7.1300,6.9100,7.1200,1085100
20130619,7.1600,7.1800,7.0100,7.0800,1042400
20130620,6.9000,7.1600,6.9000,7.1600,739300
20130621,6.7400,6.8600,6.6200,6.8600,814000
20130624,6.1200,6.7400,6.0700,6.6800,1444000
20130625,5.9800,6.1200,5.5100,6.0800,2405800
20130626,6.0500,6.0700,5.7900,5.9800,1541500
20130627,6.1700,6.2200,6.0300,6.0700,2265400
20130628,6.0700,6.2800,6.0600,6.1700,2413100
20130701,6.2000,6.2200,5.8600,6.0700,939500
20130702,6.3400,6.3600,6.1000,6.1000,2197700
20130703,6.1800,6.3500,6.0300,6.3500,1743300
20130704,6.1400,6.2500,6.0100,6.1800,1321000
20130705,6.1000,6.2100,6.0800,6.1400,789900
20130708,5.8100,6.0500,5.8000,6.0200,943200
20130709,5.8500,5.8800,5.7800,5.8100,401200
20130710,6.0100,6.0100,5.8100,5.9100,717800
20130711,6.2300,6.2500,6.0200,6.0200,1612900
20130712,6.1900,6.2900,6.1400,6.2500,1430600
20130715,6.2200,6.2700,6.1100,6.1700,819300
20130716,6.3500,6.4400,6.1600,6.2300,1707600
20130717,6.2900,6.4300,6.2800,6.3200,1677100
20130718,6.4200,6.4600,6.1500,6.2800,2907300
20130719,6.4000,6.6600,6.3300,6.4000,4099700
20130722,6.3500,6.3900,6.1700,6.3400,2175900
20130723,6.5600,6.6100,6.2800,6.3500,2724700
20130724,6.4800,6.6000,6.4000,6.6000,1896900
20130725,6.5000,6.6600,6.4700,6.4700,1964300
20130726,6.2900,6.5400,6.2300,6.5000,1463700
20130729,6.0300,6.2300,6.0200,6.2300,1456500
20130730,6.0400,6.1300,5.9500,6.0400,1287400
20130731,6.0200,6.1500,6.0000,6.0400,1140400
20130801,6.1500,6.1500,6.0100,6.0100,1215900
20130802,6.5600,6.6600,6.1300,6.2000,4780100
20130805,6.5700,6.6600,6.4300,6.4500,4061100
20130806,6.5400,6.6000,6.4500,6.5000,2098900
20130807,6.3900,6.5400,6.3900,6.5300,1802300
20130808,6.4100,6.4700,6.3500,6.3500,1108100
20130809,6.4400,6.4700,6.3500,6.4500,1435900
20130812,6.5600,6.6700,6.4700,6.5000,2311100
20130813,6.6700,6.6700,6.5300,6.5600,2245000
20130814,6.6100,6.8400,6.5800,6.6500,3277000
20130815,6.9100,7.1600,6.4900,6.5800,7030200
20130816,7.0300,7.1600,6.7100,6.8300,6592500
20130819,7.0600,7.1200,6.9000,6.9600,5425000
20130820,6.8800,7.1500,6.8300,7.0300,3807600
20130821,7.5100,7.5700,6.7800,6.8800,12039200
20130822,7.3300,7.4600,7.2200,7.4600,7406800
20130823,7.1200,7.3400,6.9900,7.3400,4926300
20130826,7.2600,7.4200,7.1200,7.1300,3645300
20130827,7.2200,7.2600,7.1000,7.2000,3190600
20130828,7.1100,7.2800,7.1000,7.2200,2414700
20130829,6.8300,7.1100,6.8000,7.0500,3846100
20130830,6.7600,6.9600,6.7400,6.8000,2483900
20130902,6.9300,6.9400,6.7000,6.7700,1339200
20130903,6.9700,7.0100,6.8700,7.0000,1903700
20130904,6.8900,7.0300,6.8300,6.9500,1935600
20130905,6.8400,6.9600,6.8200,6.9000,1855900
20130906,6.8800,6.9200,6.7500,6.8100,1992400
20130909,6.9400,6.9900,6.8800,6.9000,1891500
20130910,7.0500,7.0800,6.9100,6.9400,2298900
20130911,7.2400,7.4000,6.9700,7.0500,5055300
20130912,7.1600,7.3500,7.0800,7.2300,2949200
20130913,7.0200,7.1600,6.9900,7.1600,1859000
20130916,6.9600,7.0500,6.9400,7.0100,1205300
20130917,6.8000,7.0500,6.8000,6.9600,1323400
20130918,6.9600,6.9800,6.7300,6.8200,1143200
20130920,6.9600,6.9600,6.9600,6.9600,0
20130923,7.0500,7.1100,7.0000,7.1100,1678000
20130924,7.0300,7.1100,6.9700,7.0600,1678800
20130925,7.0700,7.1000,6.9700,7.0300,1843100
20130926,6.9300,7.0500,6.8700,7.0000,1586400
20130927,6.9200,7.0300,6.8500,6.9300,1148500
20130930,6.9100,6.9400,6.8500,6.8600,603800
20131001,6.9100,6.9100,6.9100,6.9100,0
20131002,6.9100,6.9100,6.9100,6.9100,0
20131003,6.9100,6.9100,6.9100,6.9100,0
20131004,6.9100,6.9100,6.9100,6.9100,0
20131007,6.9100,6.9100,6.9100,6.9100,0
20131008,7.0600,7.0600,6.8600,6.8600,998100
20131009,7.1300,7.1300,7.0000,7.0500,1573800
20131010,7.2200,7.3300,7.0300,7.1200,3277500
20131011,7.1900,7.3400,7.1900,7.2000,2075600
20131014,7.5000,7.5600,7.2700,7.2700,5196600
20131015,7.4100,7.6900,7.3100,7.6000,2466400
20131016,7.1200,7.3900,7.0500,7.3800,2374500
20131017,7.0000,7.2000,6.9800,7.1200,2398900
20131018,7.1200,7.1700,6.9500,7.0000,1181100
20131021,7.1800,7.1800,7.0500,7.1700,1691800
20131022,7.1400,7.2900,7.1200,7.2800,1902900
20131023,7.0200,7.2600,6.9500,7.1400,1955700
20131024,6.9000,7.0600,6.9000,7.0000,1428000
20131025,6.8000,6.9800,6.7200,6.9100,1439600
20131028,6.7000,6.8000,6.6000,6.7900,1075700
20131029,6.4000,6.7500,6.2200,6.6500,1462000
20131030,6.4800,6.5300,6.3600,6.4400,739800
20131031,6.4900,6.5400,6.3600,6.4700,916100
20131101,6.4200,6.4900,6.3400,6.4900,610000
20131104,6.4800,6.5600,6.4000,6.4000,577500
20131105,6.5500,6.5600,6.4000,6.4000,692200
20131106,6.4800,6.6500,6.4700,6.5600,895900
20131107,6.3900,6.5100,6.3600,6.4800,701500
20131108,6.2500,6.4800,6.2200,6.4000,644700
20131111,6.2900,6.3600,6.2000,6.2200,703800
20131112,6.3400,6.3800,6.2900,6.2900,734500
20131113,6.1800,6.3300,6.1600,6.3300,1177600
20131114,6.2300,6.2500,6.1300,6.1600,1220800
20131115,6.3300,6.4000,6.2100,6.2300,1836900
20131118,6.4500,6.4800,6.2900,6.3300,1839100
20131119,6.4500,6.5400,6.3900,6.4500,1323600
20131120,6.5300,6.5500,6.4300,6.4900,1232000
20131121,6.5800,6.6200,6.4500,6.5200,1459000
20131122,6.6200,6.6400,6.5300,6.5500,1366700
20131125,6.5500,6.6200,6.5200,6.6200,798200
20131126,6.5300,6.5700,6.4800,6.5400,865100
20131127,6.6000,6.6200,6.4300,6.5000,1589200
20131128,6.6100,6.6800,6.5900,6.6000,1817700
20131129,6.6900,6.6900,6.5600,6.6100,2013100
20131202,6.3200,6.6000,6.2800,6.6000,2267400
20131203,6.6000,6.6300,6.2400,6.3100,2752100
20131204,6.6500,6.6800,6.5400,6.5800,2034100
20131205,6.7100,6.7700,6.5800,6.6400,2400200
20131206,6.6100,6.7100,6.5000,6.6500,2072900
20131209,6.6900,6.7000,6.5800,6.6100,1325900
20131210,6.6300,6.7500,6.5800,6.6800,957100
20131211,6.6900,6.7700,6.5400,6.6200,2717100
20131212,6.5800,6.7200,6.5600,6.6900,1683700
20131213,6.6100,6.6100,6.4900,6.5600,1423300
20131216,7.2700,7.2700,6.5000,6.6000,7303600
20131217,7.0700,7.3000,7.0100,7.3000,8079300
20131218,6.9000,7.1800,6.8800,6.9800,4387900
20131219,6.7500,6.9500,6.7300,6.9000,2883100
20131220,6.6900,6.7900,6.5900,6.7500,2959100
20131223,6.5800,6.7200,6.3800,6.7100,2232600
20131224,6.5600,6.7100,6.4500,6.5800,2388800
20131225,6.5500,6.6100,6.4700,6.6000,1434100
20131226,6.3000,6.6000,6.2800,6.5400,1943300
20131227,6.5200,6.5200,6.2800,6.3300,1926100
20131230,7.1700,7.1700,6.4800,6.5400,9461500
20131231,6.8800,7.1700,6.8000,7.1000,6378100
20140101,6.8800,6.8800,6.8800,6.8800,0
20140102,7.2600,7.3600,6.8100,6.8100,8943300
20140103,7.1900,7.2500,7.0800,7.1200,4507600
20140106,6.9500,7.2000,6.8800,7.1900,3032900
20140107,7.4300,7.6500,6.8500,6.9000,15235500
20140108,7.7500,7.7600,7.2500,7.3100,14761500
20140109,7.3900,7.8400,7.3600,7.6000,8815000
20140110,7.4000,7.5900,7.2300,7.3800,5363500
20140113,7.5900,7.8000,7.3000,7.3400,7273400
20140114,7.6400,7.7500,7.4300,7.5100,7623400
20140115,7.5400,7.6800,7.3600,7.6000,7081700
20140116,7.8100,7.9800,7.4700,7.4800,10121500
20140117,7.6600,7.7500,7.5800,7.7300,4607900
20140120,7.2400,7.6600,7.1400,7.5900,6379000
20140121,7.3100,7.4500,7.0900,7.2900,5778000
20140122,7.4600,7.5000,7.2500,7.3000,5300500
20140123,7.3500,7.5800,7.3500,7.4500,5060400
20140124,7.6300,7.8000,7.2400,7.2900,7448500
20140127,7.5300,7.7000,7.5000,7.5700,4825900
20140128,7.6000,7.6500,7.3300,7.5100,3408300
20140129,7.0200,7.3900,6.8400,7.3800,9574400
20140130,6.9900,7.1100,6.9100,6.9200,3723800
20140131,6.9900,6.9900,6.9900,6.9900,0
20140203,6.9900,6.9900,6.9900,6.9900,0
20140205,6.9900,6.9900,6.9900,6.9900,0
20140206,6.9900,6.9900,6.9900,6.9900,0
20140207,7.0300,7.0500,6.8500,6.8500,3590200
20140210,7.2000,7.2600,6.9600,7.0300,7714500
20140211,7.2000,7.3500,7.1400,7.1500,5252000
20140212,7.5200,7.5200,7.1500,7.1900,7149600
20140213,7.3700,7.6000,7.3500,7.5200,5441700
20140214,7.6700,7.7900,7.3200,7.3700,8514200
20140217,7.7400,7.8000,7.5600,7.7100,7597900
20140218,7.5900,7.7200,7.5700,7.7200,5719200
20140219,8.1000,8.3000,7.4500,7.5500,12687200
20140220,7.8900,8.0600,7.8000,8.0600,8623900
20140221,7.9800,8.2400,7.7200,7.7800,8435200
20140224,8.3500,8.3900,7.8000,7.9800,11548300
20140225,7.9900,8.6300,7.8400,8.2200,12128500
