20130226,32.7867,33.8667,32.3000,32.7200,2100700
20130227,32.6000,33.3867,32.4000,32.8067,1874100
20130228,33.1000,33.3267,32.3333,32.8667,1844600
20130301,34.4000,34.6000,33.0933,33.1000,3561100
20130304,33.4933,35.0400,33.2200,34.1333,3105900
20130305,34.5867,34.6600,33.2000,33.4600,3567400
20130306,35.8000,35.9867,34.3867,34.8533,4215900
20130307,35.6867,35.9333,34.9867,35.5400,2142600
20130308,35.4333,36.1933,34.8733,35.7333,1961400
20130311,34.8733,35.7933,34.2667,35.2000,1401500
20130312,33.4667,35.4333,33.2000,34.8000,2445300
20130313,32.1667,33.7333,31.5200,33.5067,3468600
20130314,32.6733,32.8533,31.4333,31.4733,3288600
20130315,33.2667,34.2400,31.8467,32.4400,3068300
20130318,30.0667,32.6667,29.9400,32.0000,14673300
20130319,30.8867,31.5600,29.8733,29.9333,4469200
20130320,32.0067,32.6400,30.0533,30.9267,5112100
20130321,33.3467,34.0733,31.7400,32.0000,4243100
20130322,33.6000,33.9000,33.0667,33.2000,2430600
20130325,34.7933,35.1200,33.6000,33.6000,2566400
20130326,34.9867,35.9000,34.2400,35.5933,3268700
20130327,34.9867,35.8667,34.6067,34.9600,2212700
20130328,34.5733,35.4000,33.7067,34.9933,2317800
20130329,35.0667,35.5333,34.3400,34.6000,2672600
20130401,34.6333,35.5733,34.5267,35.1067,2409800
20130402,32.8333,34.9333,31.8667,34.5333,4797900
20130403,32.4000,33.1533,31.8667,32.5333,2289400
20130404,32.4000,32.4000,32.4000,32.4000,0
20130405,32.4000,32.4000,32.4000,32.4000,0
20130408,33.2000,33.8933,31.7333,32.2267,2756400
20130409,32.2667,33.6467,32.1400,33.3333,2664800
20130410,30.8800,32.5133,30.7333,32.3333,4079100
20130411,30.3667,31.2933,30.1467,31.0867,3106300
20130412,31.1733,31.4533,30.1267,30.1267,2291800
20130415,30.8667,31.6000,30.8067,31.1200,1664500
20130416,31.7400,31.7400,30.3467,30.8600,1539300
20130417,33.0000,33.0267,31.6267,31.6267,2331900
20130418,33.8733,34.4000,32.6733,33.0000,3263300
20130419,34.0333,34.6200,33.5400,33.8533,2427500
20130422,36.6667,37.0333,34.0667,34.0667,5924500
20130423,36.3333,36.9200,35.3667,36.3333,4486800
20130424,38.2667,38.6333,36.0467,36.3333,5694300
20130425,38.2667,39.2000,37.4667,38.2600,6411800
20130426,37.0667,38.1800,37.0000,38.1333,3463000
20130429,37.0667,37.0667,37.0667,37.0667,0
20130430,37.0667,37.0667,37.0667,37.0667,0
20130501,37.0667,37.0667,37.0667,37.0667,0
20130502,38.4933,38.5333,36.8000,37.0000,3690300
20130503,39.6600,40.1467,38.6667,39.0733,4863700
20130506,38.6667,40.2600,38.5533,39.9667,5393700
20130507,39.5733,39.9667,38.8333,38.9200,3753700
20130508,39.4067,39.9933,38.9333,39.5333,4595300
20130509,38.5700,39.4700,38.2000,38.9800,3778300
20130510,37.4200,38.6600,35.5500,38.5000,5434400
20130513,37.8000,38.5000,36.6800,37.2600,4927600
20130514,36.8400,37.9900,36.1000,37.4900,3044200
20130515,37.7100,37.8100,36.5200,36.8000,2724700
20130516,38.7000,39.2000,37.5000,37.7000,5158000
20130517,39.1100,39.4500,38.5100,38.7500,3782800
20130520,35.2000,38.3000,35.2000,38.3000,14532000
20130521,33.6500,34.0800,32.9300,33.9000,26667700
20130522,33.2800,34.2900,32.9500,33.6500,20331800
20130523,33.3100,33.7700,33.1500,33.2900,8882700
20130524,33.1600,33.7400,32.8500,33.4500,9718500
20130527,32.1500,32.9800,31.9500,32.9800,16455900
20130528,32.5200,32.6600,31.5700,32.2600,11826700
20130529,32.9400,32.9500,31.9200,32.3900,11029000
20130530,32.9700,33.6600,32.6000,32.7000,14881500
20130531,33.2500,33.6700,32.3800,33.0000,12717300
20130603,33.5300,33.6700,32.5500,33.2800,11308500
20130604,32.1400,33.4800,32.0200,33.4800,7716600
20130605,31.3100,32.2500,31.2500,31.9000,7373600
20130606,30.2600,31.3900,30.1900,31.3900,7331100
20130607,30.6500,30.9500,30.0200,30.0700,5159400
20130610,30.6500,30.6500,30.6500,30.6500,0
20130611,30.6500,30.6500,30.6500,30.6500,0
20130612,30.6500,30.6500,30.6500,30.6500,0
20130613,28.8100,30.2400,28.0800,30.2000,5520700
20130614,29.7300,29.8500,28.7200,28.9200,4431700
20130617,31.3000,31.5500,29.7300,29.7300,7144700
20130618,31.3500,31.9800,30.9000,31.3400,5147300
20130619,30.7000,31.1500,30.1400,31.0500,3994300
20130620,29.2300,30.5000,29.2000,30.4000,3956600
20130621,29.7700,30.0900,27.9600,28.7800,3618200
20130624,28.7500,30.0000,28.3500,29.9800,3692300
20130625,28.1000,28.7400,25.8800,28.4000,6313300
20130626,28.5500,28.5600,27.4000,28.1000,5035300
20130627,28.9200,30.3800,28.6000,28.6000,8151000
20130628,28.9400,29.5000,27.9200,28.8000,5998900
20130701,30.5500,30.5700,28.9400,28.9500,8421400
20130702,33.0900,33.3200,30.5500,30.8000,13081600
20130703,33.0600,33.2600,32.4000,33.0900,9429700
20130704,32.2500,33.6500,32.2100,32.8300,8083600
20130705,31.8300,32.6900,31.3000,32.2300,5649900
20130708,30.9600,32.2300,30.5000,31.1900,4303800
20130709,31.1900,31.6900,30.6800,30.8900,3409800
20130710,32.1800,32.2100,30.9600,31.0400,4748200
20130711,32.6600,33.1000,31.8800,32.2000,7900600
20130712,32.0100,33.2800,32.0100,32.7000,5671800
20130715,33.1400,33.2500,31.8100,31.8800,6359800
20130716,33.2800,33.4500,32.4800,33.2700,5911200
20130717,32.3500,33.4900,32.2500,33.3200,4631300
20130718,31.8000,32.3000,31.4000,32.0700,4281700
20130719,30.4000,32.2600,30.4000,31.9600,4767300
20130722,30.8300,30.9300,29.4000,30.0000,3257200
20130723,31.6600,31.7200,30.6100,30.8200,3728300
20130724,32.7300,33.0200,31.4900,31.6700,5782000
20130725,31.7500,33.3000,31.7000,32.9500,5124700
20130726,31.7000,32.1700,31.3400,31.7600,2493600
20130729,31.7800,32.5000,31.3000,31.5000,3444400
20130730,30.4700,32.0000,30.4500,31.7800,4792400
20130731,30.3900,30.7900,30.0000,30.1500,2708500
20130801,30.9600,31.2000,30.0000,30.4100,4432500
20130802,30.5600,31.1500,30.5400,31.0000,2949600
20130805,32.7700,32.9800,30.5000,30.7700,7534300
20130806,33.7600,33.9700,32.0100,32.8000,10983500
20130807,33.3000,34.4500,33.0000,34.3000,9221800
20130808,36.3300,36.4900,33.1300,33.2900,16361900
20130809,36.2000,37.0800,35.1100,36.3000,11365700
20130812,36.2000,36.8400,35.6000,36.0000,7430700
20130813,35.9000,36.2500,35.7500,36.2000,3660800
20130814,36.0100,37.0300,35.6100,35.8800,5761000
20130815,34.5000,36.0300,34.4500,36.0300,7818700
20130816,33.0200,34.4500,33.0000,34.1900,6304000
20130819,34.0700,34.1800,32.6000,32.8800,3364400
20130820,33.6900,35.0100,33.5000,34.6000,5898100
20130821,34.2500,34.5900,33.5200,33.7200,3440600
20130822,34.0400,34.4900,33.6400,34.2500,3133500
20130823,34.4500,34.9000,33.5200,34.0000,4533000
20130826,35.7000,35.8600,34.1100,34.4500,5549000
20130827,35.5800,35.9600,35.0000,35.8500,3820700
20130828,33.9200,35.2000,33.9100,35.2000,7242000
20130829,33.3500,34.2200,33.0000,33.8800,4453800
20130830,32.6000,33.8900,32.5000,33.2000,4349100
20130902,32.9000,33.5500,32.6000,32.6000,3068400
20130903,33.3000,33.6600,32.9000,33.0000,2399900
20130904,33.2000,33.4700,33.0500,33.3000,2283800
20130905,33.5900,33.7000,33.1300,33.3300,3001100
20130906,34.3400,34.5700,33.5600,33.5800,3714100
20130909,33.3700,34.7700,33.0100,34.3500,5423800
20130910,33.9800,34.1700,32.5500,33.4000,5882500
20130911,33.3700,33.9000,33.1800,33.9000,3776900
20130912,32.8000,33.5800,32.8000,33.2100,3087500
20130913,33.3500,33.5400,32.6000,32.7000,2430400
20130916,33.8000,33.8400,33.0000,33.3400,3471200
20130917,33.3100,33.8800,33.1800,33.5600,2362600
20130918,33.6000,33.9300,33.1100,33.2800,2489900
20130920,33.6000,33.6000,33.6000,33.6000,0
20130923,34.7700,35.1600,33.3800,33.7900,5543600
20130924,34.7100,35.0800,34.4200,34.7200,3440600
20130925,33.8700,35.0400,33.8500,34.8900,3717800
20130926,34.0000,34.6900,33.4800,33.8000,4189300
20130927,34.6000,34.9400,34.0000,34.0100,3556400
20130930,34.6000,35.2800,34.5200,34.9500,2668200
20131001,34.6000,34.6000,34.6000,34.6000,0
20131002,34.6000,34.6000,34.6000,34.6000,0
20131003,34.6000,34.6000,34.6000,34.6000,0
20131004,34.6000,34.6000,34.6000,34.6000,0
20131007,34.6000,34.6000,34.6000,34.6000,0
20131008,35.0000,35.1800,34.6000,34.7300,3319800
20131009,35.7300,36.1000,34.8200,35.1800,6663800
20131010,34.7500,35.9200,34.6300,35.6100,5677300
20131011,35.5200,35.7400,34.7000,34.7000,6126400
20131014,37.6700,38.2300,35.7000,35.9700,12607000
20131015,37.6600,38.6800,36.9300,37.5400,8436700
20131016,36.6100,37.5900,36.2200,37.5300,5281200
20131017,38.7500,38.9700,36.8000,36.8000,9295100
20131018,38.4500,39.5900,38.2300,38.8600,7579000
20131021,38.6400,39.0000,37.6900,38.7100,7196900
20131022,39.9000,40.4700,38.5100,38.7000,9938800
20131023,39.8800,41.1900,38.5200,39.8300,8739700
20131024,40.6500,42.0000,39.6800,40.3000,9539100
20131025,39.0800,41.5800,38.9700,41.1200,7588000
20131028,37.3600,39.4000,37.0200,39.1500,6963500
20131029,37.9900,37.9900,35.2000,37.4200,8350600
20131030,37.6000,38.1800,36.8000,37.5500,4229700
20131031,36.0600,37.6600,36.0100,37.4600,4072200
20131101,36.7100,37.1200,35.5500,36.0600,3063800
20131104,36.0500,37.1000,35.9100,36.8800,2903300
20131105,36.3000,36.4000,35.3500,35.9600,2627100
20131106,36.2100,37.2800,36.1800,36.4000,3382700
20131107,35.2600,36.2800,35.1200,36.2500,2823200
20131108,34.5300,35.2000,33.8800,35.2000,3937200
20131111,35.1800,35.2800,34.1100,34.5300,2649200
20131112,36.3000,36.6800,35.1000,35.2000,4525200
20131113,35.2700,36.2000,35.2000,36.0000,1984200
20131114,35.4700,36.0500,34.8800,35.3000,2314100
20131115,35.5100,36.2000,35.3600,35.4700,4090600
20131118,35.9500,35.9600,35.2100,35.8000,4333000
20131119,36.2900,36.3000,35.6000,36.0000,3700700
20131120,36.0200,36.6600,35.7000,36.3500,3142200
20131121,35.2500,36.0700,35.0300,36.0700,3724300
20131122,34.2800,35.4600,34.2800,35.2400,3916800
20131125,34.9600,35.2000,34.0000,34.0000,2946300
20131126,34.4100,35.1800,34.3000,34.8000,2047800
20131127,34.4400,34.6600,34.0400,34.4000,3221800
20131128,35.0100,35.2100,34.4600,34.5000,3695200
20131129,34.6200,35.0000,34.4400,35.0000,4395200
20131202,32.8000,34.6000,32.7800,34.1600,4814300
20131203,33.7700,33.8500,32.5200,32.6000,2088600
20131204,33.9800,34.5300,33.6700,33.6800,2645400
20131205,33.5500,34.1000,33.3500,34.1000,1998500
20131206,33.9200,34.0500,33.5000,33.6000,1771300
20131209,34.3400,34.5100,33.9200,34.0500,2214400
20131210,33.8500,34.4600,33.7100,34.3400,1877800
20131211,33.1200,33.8800,32.8300,33.7400,2186400
20131212,34.0600,34.2300,33.1200,33.2000,2747400
20131213,33.7100,34.2000,33.6000,33.8000,1695800
20131216,33.8000,34.1300,33.5500,33.9500,1664100
20131217,33.2300,33.9500,33.1200,33.6300,1548400
20131218,33.0500,33.4800,32.9500,33.4800,1584500
20131219,33.1400,33.4400,33.0300,33.1800,1788800
20131220,33.0100,33.1800,32.5100,33.1000,1870700
20131223,34.9300,35.0500,33.0300,33.0300,6293700
20131224,34.9000,35.4500,34.6800,35.0000,3910600
20131225,34.7300,35.0600,34.5200,34.9200,2827500
20131226,33.9200,34.8500,33.7000,34.7300,3372200
20131227,35.0100,35.0700,33.7700,33.9200,4208100
20131230,34.4900,35.2800,34.4100,35.2800,2454200
20131231,34.4000,34.7600,34.0500,34.0500,1840100
20140101,34.4000,34.4000,34.4000,34.4000,0
20140102,35.3400,35.6900,34.4000,34.4100,6203200
20140103,35.1100,35.3300,34.6800,35.3300,3195900
20140106,34.2900,35.2800,34.2100,35.2000,2317200
20140107,34.6800,34.6800,33.7100,34.1400,2119200
20140108,35.1700,35.3000,34.6200,34.7900,3760500
20140109,35.2800,36.2000,35.2000,35.3800,5471000
20140110,35.0000,35.6300,34.7200,35.0500,2629000
20140113,34.1000,35.6200,34.1000,35.4800,2947700
20140114,33.7100,34.5000,32.8000,34.1500,4669100
20140115,33.9000,33.9800,33.3300,33.6900,2238000
20140116,33.4100,34.0200,33.2700,34.0200,2076800
20140117,32.8500,33.5200,32.7900,33.5200,2437600
20140120,32.0000,33.1700,31.6500,32.8600,3508600
20140121,32.1900,32.2000,31.7600,31.9900,2537100
20140122,32.7500,32.8000,31.7800,32.1900,4475900
20140123,32.7300,33.3000,32.6600,32.7500,3808500
20140124,34.4200,34.7700,32.6300,32.8000,6624800
20140127,33.4200,33.8800,33.1800,33.5900,4694200
20140128,32.1400,33.3900,31.9800,33.3900,4400200
20140129,32.0700,32.6800,32.0000,32.4000,3263900
20140130,31.7500,32.2200,31.7200,32.1000,2690200
20140131,31.7500,31.7500,31.7500,31.7500,0
20140203,31.7500,31.7500,31.7500,31.7500,0
20140205,31.7500,31.7500,31.7500,31.7500,0
20140206,31.7500,31.7500,31.7500,31.7500,0
20140207,31.8600,31.8800,30.8100,31.5600,3536000
20140210,32.5900,32.6000,31.8800,31.8900,6722900
20140211,32.5200,32.9300,32.2800,32.9300,4179500
20140212,32.6600,32.8500,32.4600,32.8500,4376200
20140213,32.9000,33.1900,32.5100,32.7700,4576100
20140214,33.2700,33.3000,32.7800,33.1900,3648900
20140217,33.1000,33.8300,33.0500,33.2800,6979700
20140218,32.4700,33.2500,32.3400,33.0500,5275400
20140219,32.3500,32.6300,31.8900,32.4700,4099600
20140220,31.6000,32.6800,31.4800,32.6800,4278300
20140221,31.8400,32.1800,31.4800,31.5500,2501700
20140224,31.7800,31.8000,31.1600,31.6900,3334100
20140225,30.0500,32.1000,29.8000,32.0800,6225000
