20130226,8.5500,8.9000,8.0300,8.9000,1410500
20130227,8.5000,8.6200,8.3200,8.5200,1002600
20130228,8.6000,8.6200,8.3900,8.5400,1007700
20130301,8.6700,8.7200,8.4600,8.4600,924700
20130304,8.4200,8.7000,8.4200,8.6700,1126300
20130305,8.5100,8.5500,8.3500,8.4000,776200
20130306,8.6400,8.7800,8.5200,8.5200,1082100
20130307,8.5200,8.7400,8.5100,8.6400,1195700
20130308,8.6300,8.6500,8.5100,8.5300,471300
20130311,8.6500,8.7000,8.4000,8.5300,786900
20130312,8.3300,8.7100,8.2600,8.5500,954500
20130313,8.1900,8.4000,7.9800,8.4000,693400
20130314,8.1400,8.2600,8.0800,8.1900,680800
20130315,8.1400,8.2600,8.0500,8.1600,344800
20130318,8.4000,8.4900,8.0700,8.0700,1315700
20130319,8.6500,8.6800,8.2000,8.4000,909900
20130320,9.0000,9.0000,8.5100,8.6400,2494300
20130321,8.8000,8.9500,8.7800,8.9500,1447100
20130322,8.9000,9.0300,8.7800,8.7800,1928300
20130325,8.6500,8.8500,8.5900,8.8200,1014500
20130326,8.5300,8.6900,8.3900,8.6300,1081400
20130327,8.6400,8.6600,8.4600,8.5300,1329300
20130328,8.2600,8.6300,8.2600,8.6300,641100
20130329,8.3400,8.4300,8.2600,8.2700,430100
20130401,8.3600,8.4300,8.2600,8.3400,475000
20130402,8.2200,8.4200,8.1400,8.3600,423400
20130403,8.3200,8.5200,8.0900,8.2200,919800
20130404,8.3200,8.3200,8.3200,8.3200,0
20130405,8.3200,8.3200,8.3200,8.3200,0
20130408,8.4900,8.5000,8.1100,8.2000,945900
20130409,8.4300,8.5200,8.3500,8.5200,1004500
20130410,8.3300,8.4900,8.2600,8.4900,477000
20130411,8.3300,8.4500,8.2700,8.3800,430800
20130412,8.1400,8.3600,8.1200,8.3000,491800
20130415,7.9700,8.1500,7.9000,8.1200,465500
20130416,8.0000,8.0100,7.8500,7.8500,415300
20130417,8.0300,8.0300,7.9100,8.0000,335000
20130418,7.9600,8.0000,7.8500,8.0000,606600
20130419,8.1500,8.2200,7.9500,7.9900,782300
20130422,8.1700,8.2400,8.1000,8.1100,560400
20130423,8.6300,8.9900,8.2900,8.2900,4253700
20130424,8.5000,8.6000,8.2100,8.5800,3174300
20130425,8.0900,8.4900,8.0900,8.4900,2008900
20130426,7.7600,8.1500,7.7000,8.0300,1054600
20130429,7.7600,7.7600,7.7600,7.7600,0
20130430,7.7600,7.7600,7.7600,7.7600,0
20130501,7.7600,7.7600,7.7600,7.7600,0
20130502,7.9100,8.1000,7.7700,7.7700,536300
20130503,8.0300,8.0900,7.9100,7.9100,539600
20130506,8.2500,8.2900,8.0000,8.0000,594700
20130507,8.2400,8.3500,8.1400,8.2600,523100
20130508,8.2500,8.3500,8.1900,8.1900,514200
20130509,8.3200,8.4200,8.2300,8.3400,813700
20130510,8.3800,8.4400,8.2600,8.2600,648400
20130513,8.4100,8.4400,8.3200,8.3200,585100
20130514,8.5700,8.5800,8.3100,8.3600,1455600
20130515,8.6100,8.6600,8.5100,8.6000,1278700
20130516,8.5700,8.7200,8.5500,8.5500,1559100
20130517,8.6800,8.9800,8.6300,8.7000,2000100
20130520,8.8500,8.9500,8.6500,8.6500,1106600
20130521,8.9700,8.9900,8.6900,8.8500,1575800
20130522,8.9400,9.1700,8.9000,8.9700,1793700
20130523,8.9300,9.1400,8.8900,8.8900,1377300
20130524,8.9600,9.0400,8.7600,8.9200,1003900
20130527,9.0000,9.0700,8.8700,8.9600,838300
20130528,9.1000,9.1000,8.9200,9.0000,1390300
20130529,9.1900,9.2500,8.9900,9.1000,1476300
20130530,9.2900,9.3500,9.1500,9.1900,2002100
20130531,9.9900,10.1900,9.3500,9.3500,5206900
20130603,9.8500,10.0400,9.7600,9.9000,2517500
20130604,9.3300,9.8900,9.2500,9.8900,2034700
20130605,9.6000,9.6300,9.3000,9.3000,1472600
20130606,9.4000,9.6000,9.3300,9.5200,1092700
20130607,9.1300,9.4600,9.0900,9.4200,879200
20130610,9.1300,9.1300,9.1300,9.1300,0
20130611,9.1300,9.1300,9.1300,9.1300,0
20130612,9.1300,9.1300,9.1300,9.1300,0
20130613,8.9000,9.1300,8.6000,9.1300,1096400
20130614,8.8500,9.0200,8.7400,8.9500,641100
20130617,9.0000,9.1700,8.8700,8.9500,1136500
20130618,8.8600,9.0500,8.8200,9.0500,679000
20130619,9.0600,9.0800,8.7300,8.8000,755600
20130620,8.9000,9.3500,8.8300,8.9900,1208300
20130621,9.0500,9.1400,8.6100,8.7500,988300
20130624,8.2000,9.1000,8.1500,9.0100,992100
20130625,8.4000,8.5400,7.4300,8.2000,1461600
20130626,8.4100,8.5000,8.2300,8.4000,575200
20130627,8.2600,8.5500,8.2500,8.4100,1435100
20130628,8.1300,8.3700,8.0000,8.2000,593600
20130701,8.2000,8.2600,8.0100,8.0800,519100
20130702,8.3000,8.3400,8.2000,8.2000,355600
20130703,8.1700,8.2500,8.0100,8.2200,686700
20130704,8.1700,8.2700,8.0600,8.2400,1072700
20130705,8.1300,8.2300,8.1100,8.2000,497300
20130708,7.6500,7.9100,7.6100,7.9100,972900
20130709,7.6500,7.7700,7.5600,7.6500,270800
20130710,7.9600,7.9800,7.6500,7.6500,558600
20130711,8.1600,8.2400,7.7800,7.9600,559800
20130712,8.1500,8.2300,8.1000,8.1300,367800
20130715,8.2300,8.2500,8.0700,8.1800,615500
20130716,8.3400,8.4000,8.2000,8.2600,703600
20130717,8.1900,8.4000,8.1900,8.4000,459700
20130718,8.0800,8.2500,8.0000,8.1900,640300
20130719,7.9200,8.1900,7.9000,8.0200,400600
20130722,7.8900,7.9900,7.8100,7.9600,318400
20130723,8.1100,8.1500,7.9100,7.9100,500600
20130724,8.2600,8.2900,8.0100,8.0600,609100
20130725,8.0200,8.2300,7.9000,8.2000,482100
20130726,8.1000,8.1400,7.9100,8.0300,277200
20130729,7.8700,8.1300,7.8700,8.1300,303000
20130730,7.8600,8.0300,7.7700,8.0100,295500
20130731,7.9300,7.9600,7.7000,7.8800,846700
20130801,8.1000,8.1100,7.9100,7.9300,466900
20130802,8.1800,8.2000,8.0800,8.2000,552400
20130805,8.2500,8.2500,8.1100,8.2000,521700
20130806,8.2700,8.3200,8.1800,8.1800,550400
20130807,8.0900,8.2900,8.0000,8.2500,796700
20130808,8.1100,8.2000,8.0100,8.1200,436200
20130809,8.3800,8.4300,8.1300,8.1300,1714700
20130812,8.6600,8.6600,8.3500,8.4200,1549100
20130813,8.8700,8.9800,8.5500,8.6000,3376000
20130814,8.6100,8.8300,8.6000,8.7000,2569800
20130815,8.4500,8.7000,8.3400,8.6800,1315400
20130816,8.4100,8.6400,8.3000,8.5300,1219300
20130819,8.4200,8.4800,8.2600,8.3400,1171300
20130820,8.3200,8.4300,8.3000,8.4000,892600
20130821,8.4500,8.4500,8.3100,8.3100,651100
20130822,8.5500,8.6000,8.3800,8.4700,1195900
20130823,8.3600,8.6100,8.2800,8.6100,857400
20130826,8.5400,8.5600,8.3800,8.3800,761600
20130827,8.7100,8.7100,8.4600,8.5500,1261100
20130828,8.6800,8.8800,8.5500,8.6500,2097000
20130829,8.6700,8.7600,8.5900,8.6900,977600
20130830,8.5800,8.7800,8.5200,8.6500,1264500
20130902,8.5600,8.6200,8.3100,8.5000,743300
20130903,8.6700,8.6900,8.5000,8.5600,741700
20130904,8.7400,8.9400,8.7000,8.7400,1711300
20130905,8.6800,8.7900,8.6300,8.7500,794900
20130906,8.7200,8.7700,8.6500,8.6800,934400
20130909,8.8300,8.8400,8.6800,8.7300,1244600
20130910,8.7300,8.8800,8.6800,8.8800,1171200
20130911,8.6800,8.8000,8.6000,8.7500,1039300
20130912,8.8500,8.8500,8.6100,8.6100,1555500
20130913,8.8000,8.8800,8.6800,8.8300,806900
20130916,8.6600,8.7800,8.6300,8.7800,664200
20130917,8.5500,8.7100,8.5500,8.6700,414600
20130918,8.6100,8.6500,8.4800,8.5800,343400
20130920,8.6100,8.6100,8.6100,8.6100,0
20130923,8.7300,8.7500,8.5800,8.6500,464400
20130924,8.7700,8.7800,8.6600,8.7300,663600
20130925,8.7300,8.8500,8.6200,8.7400,808300
20130926,8.5700,8.7300,8.5300,8.7300,607500
20130927,8.5600,8.6500,8.4900,8.5700,385700
20130930,8.5500,8.6200,8.4800,8.6000,360700
20131001,8.5500,8.5500,8.5500,8.5500,0
20131002,8.5500,8.5500,8.5500,8.5500,0
20131003,8.5500,8.5500,8.5500,8.5500,0
20131004,8.5500,8.5500,8.5500,8.5500,0
20131007,8.5500,8.5500,8.5500,8.5500,0
20131008,8.6200,8.6800,8.5300,8.5500,424500
20131009,8.6600,8.6700,8.5700,8.6000,563900
20131010,8.6800,8.7300,8.6300,8.6600,884200
20131011,8.8400,8.8900,8.6400,8.6900,1826000
20131014,9.0400,9.0800,8.7900,8.8400,2117800
20131015,8.8200,8.9900,8.8100,8.9900,1291700
20131016,8.6300,8.8900,8.6100,8.8900,857900
20131017,8.6900,8.7900,8.6200,8.6400,724500
20131018,8.6500,8.7200,8.5600,8.6900,608800
20131021,8.8200,8.8400,8.6000,8.6800,756700
20131022,8.8400,8.8900,8.7600,8.8000,792300
20131023,8.7800,8.9900,8.6100,8.8700,1117500
20131024,8.7000,8.8000,8.5900,8.7300,737900
20131025,8.5100,8.7300,8.5000,8.6400,824000
20131028,8.4300,8.5400,8.4100,8.4300,386100
20131029,8.0300,8.5000,7.8300,8.4300,989500
20131030,8.0800,8.1500,7.9500,8.0500,412000
20131031,8.1400,8.1700,8.0100,8.1000,362600
20131101,8.0400,8.2800,8.0200,8.2800,504500
20131104,8.1300,8.1800,8.0300,8.1300,289100
20131105,8.1300,8.2400,7.9400,8.1100,514300
20131106,8.1000,8.2500,8.0600,8.1500,629500
20131107,8.0800,8.1800,8.0100,8.0900,465500
20131108,7.7800,8.0600,7.6800,7.9200,704200
20131111,7.7800,7.8400,7.7000,7.7800,430600
20131112,7.7800,7.8400,7.6700,7.8300,1065200
20131113,7.7000,7.8300,7.6800,7.8000,549200
20131114,7.8900,7.9000,7.6700,7.6800,657300
20131115,7.9900,8.1000,7.8000,7.8000,750800
20131118,8.1200,8.1700,8.0000,8.0500,786900
20131119,8.0600,8.1800,8.0200,8.1800,737500
20131120,8.4800,8.4800,8.0600,8.0600,2423700
20131121,8.5000,8.5100,8.3400,8.3900,978200
20131122,8.4400,8.5200,8.4000,8.5100,653100
20131125,8.3900,8.5600,8.3800,8.4000,748500
20131126,8.6000,8.6900,8.2800,8.4400,953600
20131127,8.7800,9.3600,8.4400,8.5600,2721400
20131128,8.6900,8.9000,8.6100,8.6600,1356100
20131129,8.7600,8.8800,8.6100,8.6800,1044700
20131202,8.1400,8.6900,8.0800,8.6200,1956400
20131203,8.3200,8.3400,8.0300,8.0700,948800
20131204,8.4000,8.4800,8.2500,8.4300,750200
20131205,8.5200,8.5700,8.3500,8.4000,722200
20131206,8.5900,8.7400,8.4300,8.5100,768000
20131209,8.6100,8.6800,8.5300,8.6800,645300
20131210,8.6400,8.6800,8.5500,8.6100,707300
20131211,8.3900,8.6300,8.3000,8.6300,969600
20131212,8.3900,8.4300,8.2700,8.3600,583700
20131213,8.4000,8.4800,8.3400,8.3400,452000
20131216,8.1800,8.3800,8.1300,8.3500,750900
20131217,8.1800,8.2800,8.0900,8.2400,429900
20131218,8.1800,8.2100,8.1200,8.1800,386200
20131219,8.1400,8.3000,8.1300,8.1800,400900
20131220,8.1200,8.1900,8.0000,8.1100,499700
20131223,8.2000,8.2700,8.0000,8.0800,543500
20131224,8.3200,8.6900,8.2200,8.6900,592200
20131225,8.3200,8.3900,8.1900,8.2700,380200
20131226,8.0900,8.4000,8.0200,8.3000,831000
20131227,8.0700,8.1900,8.0300,8.1700,547400
20131230,8.5100,8.5800,8.1200,8.1200,1578500
20131231,8.5000,8.5800,8.4000,8.5800,731700
20140101,8.5000,8.5000,8.5000,8.5000,0
20140102,8.5800,8.6400,8.4000,8.4400,970300
20140103,8.5700,8.6800,8.5100,8.5100,924900
20140106,8.4600,8.5300,8.3600,8.5200,622400
20140107,8.2900,8.5000,8.2000,8.3600,698000
20140108,8.4700,8.6000,8.3200,8.6000,783700
20140109,8.3000,8.6000,8.3000,8.4000,812100
20140110,8.0600,8.3000,8.0200,8.3000,621400
20140113,8.1900,8.2000,8.0500,8.0500,398700
20140114,8.2600,8.2600,7.6800,7.6800,459100
20140115,8.2300,8.3300,8.1600,8.3300,467100
20140116,8.1100,8.2900,8.0900,8.1800,497200
20140117,8.0500,8.0900,7.9600,8.0700,416500
20140120,8.0400,8.1000,7.9900,8.0600,324600
20140121,8.0900,8.1200,8.0200,8.0900,396300
20140122,8.2500,8.2600,8.0500,8.0500,545700
20140123,8.2000,8.3000,8.1800,8.2300,553700
20140124,8.3200,8.3200,8.1900,8.2600,666500
20140127,8.2700,8.3900,8.2300,8.3400,514900
20140128,8.1600,8.3200,8.1100,8.2600,481800
20140129,8.2400,8.2900,8.1800,8.2900,321400
20140130,8.5600,8.6500,8.2000,8.2000,1547200
20140131,8.5600,8.5600,8.5600,8.5600,0
20140203,8.5600,8.5600,8.5600,8.5600,0
20140205,8.5600,8.5600,8.5600,8.5600,0
20140206,8.5600,8.5600,8.5600,8.5600,0
20140207,8.9200,8.9300,8.4800,8.5800,2646400
20140210,9.8100,9.8100,8.5000,8.8200,5233900
20140211,10.0000,10.7900,9.8600,10.5900,11272600
20140212,10.0800,10.3700,9.8500,9.9300,6601500
20140213,10.1000,10.2600,9.8200,9.9900,3789200
20140214,10.1300,10.2000,9.9800,10.1600,2586200
20140217,10.1500,10.2500,10.0500,10.1800,2935600
20140218,10.3000,10.4400,10.0100,10.1600,4709000
20140219,10.1000,10.5200,10.0600,10.3300,3242800
20140220,9.6800,10.1300,9.6700,10.0300,2814400
20140221,9.5400,9.7300,9.3500,9.6600,1952900
20140224,9.5900,9.6600,9.3500,9.5300,1462000
20140225,9.3100,9.7800,9.2600,9.5900,2116900
