20130226,5.8500,6.0300,5.8500,6.0000,1516000
20130227,5.9800,5.9800,5.8500,5.8600,1301500
20130228,6.0800,6.0800,5.9500,5.9900,1248400
20130301,6.2300,6.2700,6.0800,6.0800,4087900
20130304,6.1200,6.2500,6.0000,6.2300,2795000
20130305,6.1800,6.1900,6.0600,6.1000,1385300
20130306,6.2600,6.2800,6.1500,6.1900,1781100
20130307,6.2600,6.4100,6.1900,6.2600,3544100
20130308,6.1800,6.3000,6.1500,6.2800,1296800
20130311,6.1800,6.2400,6.1100,6.1700,845800
20130312,6.1500,6.3900,6.0000,6.2100,1827400
20130313,5.9700,6.0900,5.9100,6.0800,1426500
20130314,5.9700,5.9900,5.9000,5.9300,751400
20130315,5.9600,6.0400,5.9100,5.9700,1115000
20130318,5.9200,5.9700,5.9000,5.9200,732700
20130319,5.9100,5.9500,5.8400,5.9200,800600
20130320,6.0300,6.0400,5.8800,5.9100,1112600
20130321,6.1200,6.2400,6.0100,6.0200,1690900
20130322,6.1000,6.1300,6.0300,6.0700,1336000
20130325,6.1300,6.1600,6.0900,6.1200,897500
20130326,6.0900,6.1000,6.0200,6.1000,953900
20130327,6.7000,6.7000,6.5000,6.5000,6056700
20130328,7.3700,7.3700,6.7500,6.9500,23638800
20130329,7.3500,7.8000,7.0300,7.0600,17555800
20130401,7.0700,7.3800,7.0500,7.3200,10702200
20130402,7.1900,7.2100,6.8500,7.0200,11682600
20130403,6.9600,7.1300,6.8600,7.0500,6948900
20130404,6.9600,6.9600,6.9600,6.9600,0
20130405,6.9600,6.9600,6.9600,6.9600,0
20130408,6.8800,6.8800,6.6300,6.8700,5988600
20130409,6.9500,7.0300,6.8300,6.8300,5742200
20130410,6.9500,7.1700,6.8900,6.9000,7851300
20130411,6.8900,7.0200,6.7100,7.0000,5106400
20130412,6.8000,6.9500,6.7000,6.8600,3530600
20130415,6.9600,6.9900,6.6700,6.7800,4822300
20130416,6.9000,6.9300,6.7200,6.8800,3706400
20130417,7.0900,7.1200,6.8600,6.8900,5340300
20130418,6.9900,7.1200,6.9500,7.0500,4432600
20130419,7.1300,7.1500,6.9700,6.9700,6537900
20130422,7.1800,7.2200,7.0400,7.0700,5504400
20130423,7.2300,7.6300,7.1400,7.1800,11323400
20130424,7.2900,7.3800,7.0200,7.1100,7285000
20130425,7.6000,7.7000,7.2100,7.2300,9570200
20130426,7.5600,7.6700,7.3500,7.6600,6754300
20130429,7.5600,7.5600,7.5600,7.5600,0
20130430,7.5600,7.5600,7.5600,7.5600,0
20130501,7.5600,7.5600,7.5600,7.5600,0
20130502,7.3000,7.5100,7.1000,7.5100,5054100
20130503,7.4500,7.6400,7.3100,7.3300,5222800
20130506,7.9500,8.0000,7.3800,7.4500,10039600
20130507,7.9300,8.2600,7.8600,7.9100,8921800
20130508,8.2000,8.2900,7.7200,7.9400,8087100
20130509,8.3500,8.4600,8.0600,8.0900,7165800
20130510,8.2500,8.5300,8.0800,8.3500,6686300
20130513,8.2100,8.3000,8.0400,8.2700,4054000
20130514,8.2300,8.2300,8.0300,8.1600,3481300
20130515,8.5000,8.5400,8.1700,8.1700,5139500
20130516,8.5400,8.8000,8.3400,8.4600,5682000
20130517,8.6400,8.6900,8.3900,8.4900,3798800
20130520,8.7200,8.8700,8.5600,8.6500,3499800
20130521,8.9500,8.9500,8.4600,8.7300,5629300
20130522,8.7500,8.8800,8.6400,8.8200,3786300
20130523,8.5100,8.8600,8.5100,8.7400,3078300
20130524,8.6000,8.7700,8.3200,8.5300,3746100
20130527,8.6800,8.6800,8.4600,8.5900,2933300
20130528,8.6300,8.7100,8.4000,8.6800,3063100
20130529,8.6200,8.6500,8.4500,8.5900,2835900
20130530,8.6800,8.6800,8.4800,8.5800,2925700
20130531,8.6900,8.8700,8.5800,8.6600,3291900
20130603,9.4300,9.5000,8.8100,8.8100,8502400
20130604,9.3800,9.5000,9.1000,9.4000,6553800
20130605,9.3000,9.3700,8.8000,9.3300,5450900
20130606,9.0800,9.2300,8.9100,9.2300,3435100
20130607,8.4500,9.1300,8.4400,9.1000,5261100
20130610,8.4500,8.4500,8.4500,8.4500,0
20130611,8.4500,8.4500,8.4500,8.4500,0
20130612,8.4500,8.4500,8.4500,8.4500,0
20130613,8.2700,8.3200,7.7300,8.2700,3917400
20130614,8.3300,8.4500,8.1600,8.2600,2494600
20130617,8.0600,8.3300,8.0100,8.2700,2934600
20130618,8.0700,8.1800,7.9600,8.0600,1939200
20130619,8.1200,8.1500,7.8800,8.0700,2173500
20130620,7.8000,8.1500,7.8000,8.1300,1832200
20130621,7.5200,7.7300,7.3000,7.7300,2044600
20130624,7.3600,7.5900,7.0500,7.5700,2409300
20130625,7.3500,7.3900,6.8600,7.2800,2162100
20130626,7.5800,7.5800,7.2900,7.3300,2217800
20130627,7.2200,7.7500,7.2200,7.5700,2321400
20130628,7.4900,7.5800,7.1500,7.2500,2103500
20130701,7.7000,7.7000,7.4300,7.4300,2275900
20130702,7.9000,7.9300,7.7000,7.7200,2523400
20130703,7.8400,7.8800,7.6300,7.8800,1775200
20130704,8.0800,8.1500,7.7500,7.7900,2398600
20130705,7.9800,8.1200,7.9300,8.0100,1904900
20130708,7.4900,7.8400,7.4600,7.8300,2532800
20130709,7.4600,7.5300,7.3000,7.4100,1262000
20130710,7.6500,7.6500,7.3500,7.3500,1477900
20130711,7.8400,7.9300,7.5500,7.6300,2470500
20130712,7.8200,7.9700,7.6700,7.7700,2168500
20130715,7.9100,7.9100,7.7600,7.8000,2463600
20130716,8.0000,8.0400,7.7900,7.8900,2259600
20130717,7.8200,8.0500,7.7000,8.0000,1875200
20130718,7.6800,7.8000,7.5200,7.6600,2121300
20130719,7.8800,8.1900,7.7900,7.8100,5410000
20130722,8.2500,8.2500,7.7100,7.8800,4513000
20130723,8.3800,8.4000,8.2000,8.2000,4434600
20130724,8.3000,8.4300,8.2000,8.3400,2985700
20130725,8.1000,8.3800,8.0100,8.3000,2349000
20130726,8.0700,8.1600,7.9100,8.1000,1906600
20130729,7.7600,8.0700,7.7200,8.0700,1811400
20130730,7.5800,7.8200,7.4800,7.7300,1865100
20130731,7.6000,7.7100,7.5200,7.5600,1280400
20130801,7.8100,7.8300,7.5700,7.6000,1874300
20130802,7.7200,7.8500,7.7100,7.8200,2123100
20130805,7.9200,7.9200,7.7000,7.7000,2142100
20130806,8.0800,8.1100,7.8700,7.9500,2950800
20130807,8.2400,8.4200,8.1800,8.2000,4571000
20130808,8.0800,8.2400,8.0300,8.1800,2712000
20130809,8.1200,8.1600,7.9700,8.0800,2077200
20130812,8.2000,8.2200,8.0900,8.1200,3161300
20130813,8.1600,8.1900,8.0600,8.1800,2638600
20130814,8.0500,8.3200,8.0200,8.1600,3153900
20130815,7.9100,8.1500,7.9000,8.0200,2439000
20130816,7.6400,7.9800,7.6200,7.8900,2906200
20130819,7.7900,7.8100,7.5300,7.6300,1317700
20130820,7.7900,7.8700,7.6700,7.7900,1496500
20130821,7.8000,7.8600,7.3100,7.7600,1700500
20130822,7.8400,7.9400,7.7500,7.7900,1838800
20130823,7.9400,8.0200,7.7600,7.9200,2763000
20130826,8.2600,8.2700,7.9200,7.9600,4189100
20130827,8.2200,8.3800,8.2100,8.2600,4289700
20130828,8.0600,8.2200,8.0500,8.1900,2920400
20130829,8.3500,8.3500,8.0300,8.0300,3968800
20130830,8.1000,8.4200,8.0700,8.3300,3276500
20130902,8.2900,8.2900,8.0400,8.1300,2528000
20130903,8.2800,8.3800,8.2300,8.3000,2759000
20130904,8.1200,8.3300,8.0600,8.3300,3006000
20130905,8.1200,8.1700,8.0700,8.1700,1811100
20130906,8.2000,8.2300,8.0900,8.1200,2230400
20130909,8.1800,8.2700,8.1200,8.2700,2359100
20130910,8.2800,8.2900,8.1300,8.1900,3465000
20130911,8.6500,9.0500,8.2500,8.2700,7833900
20130912,8.6100,8.6800,8.4200,8.6300,4060500
20130913,8.4800,8.6000,8.3600,8.5800,2497900
20130916,8.4400,8.6400,8.4000,8.4800,2105900
20130917,8.1000,8.5000,8.1000,8.4000,2668300
20130918,8.1800,8.2200,8.0600,8.0600,1256400
20130920,8.1800,8.1800,8.1800,8.1800,0
20130923,8.2900,8.3000,8.1600,8.2100,2299900
20130924,8.2100,8.3800,8.1700,8.3000,1972600
20130925,8.2700,8.2700,8.1400,8.1800,1676300
20130926,8.1600,8.3900,8.1400,8.2700,2145000
20130927,8.1300,8.2200,8.0900,8.1300,1177600
20130930,8.2000,8.2800,8.1500,8.2800,864600
20131001,8.2000,8.2000,8.2000,8.2000,0
20131002,8.2000,8.2000,8.2000,8.2000,0
20131003,8.2000,8.2000,8.2000,8.2000,0
20131004,8.2000,8.2000,8.2000,8.2000,0
20131007,8.2000,8.2000,8.2000,8.2000,0
20131008,8.3700,8.3700,8.1500,8.2000,1935000
20131009,8.3700,8.3900,8.3000,8.3900,1804200
20131010,8.2500,8.4000,8.2400,8.3900,2008200
20131011,8.6000,8.6300,8.2500,8.2700,5617000
20131014,8.7500,8.7900,8.4800,8.6400,4384200
20131015,8.6600,8.7400,8.5400,8.7300,2433300
20131016,8.3000,8.6400,8.2600,8.6400,2701200
20131017,8.4500,8.5800,8.3600,8.3600,2355000
20131018,8.5700,8.6500,8.4000,8.4300,1709600
20131021,8.7600,8.8700,8.5600,8.5700,3240200
20131022,8.7400,8.9700,8.6800,8.7800,3338500
20131023,8.5800,9.0200,8.5300,8.7900,3466000
20131024,8.7400,8.7800,8.4500,8.4700,2217800
20131025,8.3000,8.7400,8.2100,8.6600,3987600
20131028,8.2200,8.3600,8.1100,8.3500,1624800
20131029,7.8700,8.3000,7.6100,8.2700,2513400
20131030,7.9300,7.9400,7.7000,7.8700,1589800
20131031,7.9700,7.9900,7.8400,7.9500,1441800
20131101,8.0900,8.1700,7.9600,7.9700,1248100
20131104,8.0500,8.1600,8.0000,8.0700,774800
20131105,8.0100,8.0600,7.8600,8.0600,1288700
20131106,7.9000,8.0700,7.9000,8.0100,1603200
20131107,7.7100,7.9400,7.7000,7.8800,905100
20131108,7.7700,7.8100,7.6300,7.6300,735200
20131111,7.9200,7.9400,7.6800,7.7600,927300
20131112,7.9600,7.9900,7.8600,7.9200,616600
20131113,7.8400,7.9600,7.8300,7.9600,741200
20131114,8.0400,8.1400,7.8400,7.8400,985600
20131115,8.1600,8.2100,8.0000,8.1100,1269900
20131118,8.3000,8.3400,8.1500,8.2700,2398900
20131119,8.3200,8.4700,8.2800,8.3200,1499000
20131120,8.3000,8.3400,8.2000,8.2500,1238800
20131121,8.3400,8.3800,8.2000,8.3000,1804300
20131122,8.2300,8.3800,8.2300,8.3000,949500
20131125,8.2800,8.3200,8.2200,8.2800,1041900
20131126,8.4000,8.4000,8.2600,8.2800,1109500
20131127,8.3900,8.5500,8.3900,8.4300,1260200
20131128,8.4500,8.5500,8.3600,8.3900,1974200
20131129,8.5400,8.6200,8.4100,8.4100,1533000
20131202,7.9500,8.3600,7.8800,8.3200,2883000
20131203,8.0900,8.1300,7.9100,7.9100,1226900
20131204,8.3800,8.4100,8.0900,8.1000,1882400
20131205,8.4700,8.5500,8.3500,8.4900,1815700
20131206,8.5900,8.7700,8.5000,8.5000,3196900
20131209,8.6900,9.0000,8.2600,8.4100,12571000
20131210,8.7100,8.7500,8.4200,8.6000,5997800
20131211,8.5900,8.7600,8.5500,8.6500,3078000
20131212,8.9400,8.9900,8.4600,8.5500,6413600
20131213,9.1500,9.3000,8.8400,8.9400,6307600
20131216,8.8400,9.1500,8.8400,9.1500,3911500
20131217,8.6100,8.8900,8.5800,8.8300,3088600
20131218,8.6700,8.7500,8.6000,8.6100,1382000
20131219,8.4600,8.7800,8.4500,8.7000,1729200
20131220,8.3700,8.5200,8.3600,8.4300,1106200
20131223,8.3300,8.4500,8.1200,8.3400,1591800
20131224,8.5100,8.5200,8.2900,8.3200,1496500
20131225,8.6700,8.6800,8.4500,8.5700,1221500
20131226,8.4600,8.7500,8.4500,8.6100,1276100
20131227,8.6100,8.6500,8.4000,8.4100,1896500
20131230,8.8200,8.8900,8.6200,8.6300,2562000
20131231,8.8000,8.8500,8.6800,8.7100,1605300
20140101,8.8000,8.8000,8.8000,8.8000,0
20140102,9.0600,9.0800,8.7100,8.8000,3228800
20140103,8.9700,9.0600,8.9200,9.0000,2070300
20140106,8.9600,9.2500,8.7400,8.9200,5284000
20140107,9.3400,9.3500,8.7600,8.8500,5379200
20140108,9.3200,9.4500,9.1800,9.3700,4589400
20140109,8.7000,9.3000,8.6000,9.3000,3981400
20140110,8.3900,8.8000,8.3400,8.7300,2930100
20140113,8.4300,8.5900,8.2300,8.3900,3328500
20140114,8.5600,8.5600,8.3600,8.4300,2440700
20140115,8.6100,8.6800,8.4100,8.5600,2170600
20140116,8.6000,8.7400,8.5100,8.6300,1625700
20140117,8.4500,8.6200,8.4100,8.5700,1548900
20140120,8.4900,8.5500,8.4000,8.4500,988800
20140121,8.7300,8.7400,8.5000,8.5600,1485600
20140122,8.8400,8.9400,8.7400,8.7600,2061600
20140123,8.9900,9.0700,8.8400,8.8500,2152800
20140124,9.0600,9.2600,8.9800,8.9800,3147400
20140127,9.1300,9.3800,8.9300,9.0100,3339200
20140128,9.0200,9.2200,8.8800,9.1300,2557500
20140129,9.3300,9.3400,9.0200,9.0200,2547700
20140130,9.1600,9.3400,9.1300,9.3200,1685200
20140131,9.1600,9.1600,9.1600,9.1600,0
20140203,9.1600,9.1600,9.1600,9.1600,0
20140205,9.1600,9.1600,9.1600,9.1600,0
20140206,9.1600,9.1600,9.1600,9.1600,0
20140207,9.8500,9.9300,9.0200,9.1900,7180300
20140210,10.2500,10.5500,9.9100,9.9200,8943700
20140211,10.2500,10.3600,10.0700,10.3200,5004700
20140212,10.5600,10.9800,10.1800,10.3000,6793100
20140213,10.4900,10.7700,10.4000,10.5300,4313300
20140214,10.4700,10.5800,10.0100,10.4900,4901100
20140217,10.8500,10.9200,10.3000,10.4700,4966600
20140218,11.3500,11.8800,10.6700,10.8600,8748300
20140219,11.2700,11.5900,11.0700,11.3500,4124000
20140220,10.7000,11.4300,10.6400,11.2500,5179100
20140221,10.3000,10.8700,10.2500,10.6700,4220200
20140224,11.3300,11.3300,10.2200,10.2700,7464400
20140225,10.7200,11.8500,10.5800,11.6600,8997500
