20130226,8.3133,8.4933,8.2733,8.4467,4196200
20130227,8.4267,8.4467,8.2867,8.3400,2798700
20130228,9.2667,9.2667,8.3333,8.5467,17087000
20130301,9.4533,9.8333,8.9733,9.0667,34756100
20130304,8.9933,9.2133,8.8333,9.1667,17484200
20130305,9.0800,9.1600,8.7600,8.9333,10979500
20130306,9.2200,9.5333,9.1400,9.2400,15147100
20130307,9.0800,9.2000,8.9000,9.0800,8735800
20130308,8.8667,9.1533,8.8600,9.0733,5195200
20130311,8.9600,9.0000,8.7867,8.8667,3501500
20130312,8.5333,9.0267,8.4733,8.8533,6257800
20130313,8.3533,8.5200,8.2600,8.5200,3784300
20130314,8.3467,8.4267,8.2867,8.3000,2495500
20130315,8.3133,8.5000,8.2600,8.3533,3464100
20130318,8.0533,8.3733,8.0000,8.3533,4687300
20130319,8.4467,8.4867,8.0000,8.0533,5434600
20130320,8.6067,8.6400,8.3400,8.4933,6314600
20130321,8.6600,8.7467,8.4667,8.5933,5779700
20130322,8.7067,8.8800,8.6267,8.6800,5643600
20130325,8.5467,8.7133,8.4800,8.6867,3658700
20130326,8.2933,8.5200,8.2067,8.5200,2848200
20130327,8.3267,8.4267,8.2733,8.2933,1975100
20130328,8.1267,8.3333,8.0933,8.3333,2692900
20130329,8.1267,8.2133,8.1000,8.1400,1496900
20130401,8.1933,8.2533,8.0533,8.1267,1686300
20130402,8.0733,8.2667,8.0600,8.2067,2327000
20130403,7.9000,8.1400,7.7933,8.0867,2881300
20130404,7.9000,7.9000,7.9000,7.9000,0
20130405,7.9000,7.9000,7.9000,7.9000,0
20130408,7.6533,7.7133,7.4667,7.7133,3529900
20130409,7.7067,7.7667,7.6000,7.6133,2170400
20130410,7.6667,7.7400,7.5733,7.7067,1688900
20130411,7.7400,7.7533,7.6533,7.7267,1640500
20130412,7.6800,7.7867,7.6733,7.7667,1688300
20130415,7.4800,7.6600,7.4733,7.5800,1137600
20130416,7.5333,7.5467,7.3600,7.4467,1191300
20130417,7.5467,7.5933,7.4667,7.5800,1123400
20130418,7.4867,7.5867,7.4667,7.5200,1060900
20130419,7.6933,7.7400,7.4933,7.4933,2699400
20130422,7.7467,7.7467,7.6200,7.6200,1934300
20130423,7.4333,7.8067,7.4067,7.7600,2287200
20130424,7.6933,7.7267,7.4667,7.5200,1693000
20130425,7.7067,7.8867,7.6533,7.6933,3752800
20130426,7.6000,7.7667,7.6000,7.7067,1700500
20130429,7.6000,7.6000,7.6000,7.6000,0
20130430,7.6000,7.6000,7.6000,7.6000,0
20130501,7.6000,7.6000,7.6000,7.6000,0
20130502,7.7333,7.8667,7.6000,7.8667,2129700
20130503,8.1133,8.1133,7.7467,7.8200,4644800
20130506,8.1200,8.2200,8.0400,8.1200,4309200
20130507,8.1133,8.2067,8.0467,8.0667,2689900
20130508,8.1067,8.1933,8.0000,8.1200,3556800
20130509,8.3000,8.4000,8.0867,8.1067,6365600
20130510,8.4667,8.5267,8.2000,8.2600,5733000
20130513,8.5067,8.5467,8.3600,8.4800,4341500
20130514,8.5533,8.7000,8.4600,8.4867,5994200
20130515,8.5467,8.6133,8.3733,8.5333,3649400
20130516,8.6333,8.7733,8.4000,8.5333,6832900
20130517,8.7533,8.9333,8.5400,8.5800,8608100
20130520,8.8600,8.9000,8.6867,8.7867,7154400
20130521,9.3200,9.4600,8.8000,8.8333,12955600
20130522,9.1200,9.3000,9.1133,9.2533,6331500
20130523,9.0533,9.3867,9.0067,9.0400,6965900
20130524,9.2533,9.3400,8.9467,9.0467,6141500
20130527,9.3933,9.5533,9.1867,9.2000,6133900
20130528,9.1600,9.3933,9.0600,9.3933,4864700
20130529,9.1467,9.3067,9.1000,9.1000,3595700
20130530,8.9733,9.2400,8.9667,9.1333,4951200
20130531,8.9133,9.0600,8.8333,8.9733,4093100
20130603,8.9600,9.1400,8.9067,8.9067,4051900
20130604,9.2800,9.3000,8.8733,8.9867,6707000
20130605,9.2933,9.3667,9.1400,9.2400,5113800
20130606,9.0600,9.5600,9.0200,9.2867,7199900
20130607,8.5667,9.1000,8.5333,9.0733,5746300
20130610,8.5667,8.5667,8.5667,8.5667,0
20130611,8.5667,8.5667,8.5667,8.5667,0
20130612,8.5667,8.5667,8.5667,8.5667,0
20130613,7.8867,8.5000,7.8000,8.5000,5101300
20130614,8.1133,8.1600,7.9400,7.9667,2982600
20130617,8.1867,8.4000,7.9733,8.1267,4265900
20130618,8.1800,8.2400,8.0400,8.1200,2498400
20130619,8.1400,8.1600,7.9133,8.1333,2998000
20130620,8.1333,8.2933,8.0067,8.1000,3838700
20130621,8.4067,8.5600,7.8000,8.0000,5437800
20130624,8.1000,8.5867,7.7667,8.4067,5214800
20130625,7.8200,8.0933,7.3333,8.0000,6388300
20130626,8.0267,8.0600,7.6733,7.8667,4597000
20130627,7.8467,8.2600,7.7600,8.1200,5244200
20130628,7.6333,7.9333,7.4067,7.9333,8755100
20130701,7.7667,7.7667,7.4667,7.6267,3369100
20130702,7.8933,7.9067,7.6800,7.7600,4927900
20130703,7.8867,7.9133,7.6067,7.8200,4353800
20130704,8.1933,8.2267,7.8333,7.8867,6909300
20130705,8.0467,8.3133,8.0333,8.2000,4592100
20130708,7.6933,8.0200,7.5333,8.0200,2850100
20130709,7.8733,7.9000,7.6933,7.7600,1769400
20130710,8.0867,8.1400,7.7867,7.9267,3160700
20130711,8.2100,8.3300,7.9600,8.0600,5010600
20130712,8.2200,8.3800,8.1100,8.2200,3556900
20130715,8.1200,8.1700,7.8000,8.0500,6964500
20130716,8.1700,8.1700,7.9700,8.0800,3417800
20130717,8.0200,8.2800,7.9800,8.1200,3431500
20130718,7.9800,8.0300,7.8600,8.0000,2527200
20130719,8.1900,8.4800,8.1800,8.2000,7718900
20130722,8.4100,8.4100,8.0500,8.1000,4224900
20130723,8.5600,8.5600,8.2700,8.4000,5592000
20130724,8.6300,8.7900,8.3400,8.5800,6099600
20130725,8.4000,8.6800,8.4000,8.6200,3465700
20130726,8.2900,8.4700,8.2100,8.3500,2757700
20130729,8.3800,8.4800,8.1700,8.2500,3521700
20130730,8.2000,8.4100,8.1000,8.3700,3850500
20130731,8.1500,8.2900,8.1300,8.2100,2021700
20130801,8.3400,8.3500,8.1400,8.2100,2650800
20130802,8.4000,8.5200,8.3000,8.3300,3787700
20130805,8.6000,8.6100,8.3500,8.3900,4641200
20130806,8.5700,8.7100,8.4600,8.6500,4394800
20130807,8.4300,8.6000,8.4000,8.6000,3426000
20130808,8.4600,8.5200,8.3900,8.4300,1967300
20130809,8.5900,8.6700,8.4300,8.4800,3444800
20130812,8.6700,8.6800,8.5500,8.6800,3495600
20130813,8.6800,8.6900,8.5800,8.6400,3106300
20130814,8.6800,8.9400,8.6500,8.7100,4768400
20130815,8.4500,8.6700,8.4300,8.6300,3153100
20130816,8.1700,8.5300,8.1700,8.3600,4034500
20130819,8.2600,8.2800,8.1000,8.1700,1996600
20130820,8.1900,8.3300,8.1600,8.2600,1915300
20130821,8.2500,8.2800,8.1600,8.1900,1641900
20130822,8.2900,8.3800,8.2200,8.3800,2432500
20130823,8.3000,8.3900,7.9900,8.3000,3222200
20130826,8.4700,8.4900,8.2500,8.3000,3689800
20130827,8.5100,8.5600,8.4000,8.4700,2564700
20130828,8.6600,8.8500,8.3400,8.4500,7717400
20130829,8.4400,8.6400,8.3900,8.5600,3650500
20130830,8.2200,8.4300,8.1800,8.4000,3386200
20130902,8.2900,8.3100,8.1800,8.2200,2119000
20130903,8.3900,8.4000,8.2200,8.2800,2239000
20130904,8.5800,8.6100,8.3800,8.3900,4544200
20130905,8.5200,8.7500,8.4900,8.7300,6180200
20130906,8.5700,8.6400,8.3600,8.4000,3061600
20130909,8.6700,8.7600,8.5000,8.6300,5072200
20130910,8.6400,8.7400,8.5700,8.7100,4980600
20130911,8.5500,8.7100,8.4700,8.6500,4274800
20130912,8.5900,8.6200,8.5200,8.5500,2696900
20130913,8.6100,8.6600,8.5100,8.6600,2626100
20130916,8.4700,8.6400,8.4700,8.6100,2763100
20130917,8.3800,8.5000,8.3300,8.4600,2587000
20130918,8.4200,8.4300,8.3500,8.3800,1515800
20130920,8.4200,8.4200,8.4200,8.4200,0
20130923,8.5100,8.5200,8.3800,8.4200,2560500
20130924,8.4600,8.5100,8.4000,8.4900,3018300
20130925,8.2900,8.4500,8.2600,8.4500,3259400
20130926,8.3000,8.4000,8.2500,8.2700,2153100
20130927,8.2900,8.3800,8.2700,8.2700,1674000
20130930,8.3400,8.3800,8.2500,8.3000,1245100
20131001,8.3400,8.3400,8.3400,8.3400,0
20131002,8.3400,8.3400,8.3400,8.3400,0
20131003,8.3400,8.3400,8.3400,8.3400,0
20131004,8.3400,8.3400,8.3400,8.3400,0
20131007,8.3400,8.3400,8.3400,8.3400,0
20131008,8.3500,8.3600,8.2000,8.3200,2420600
20131009,8.5400,8.5400,8.2900,8.3200,5021800
20131010,8.5100,8.6300,8.4500,8.6100,4538600
20131011,8.6000,8.6000,8.5000,8.5000,3638500
20131014,8.7400,8.9300,8.5500,8.6200,7801100
20131015,8.7400,8.8200,8.6600,8.7500,4262900
20131016,8.5600,8.8000,8.5100,8.7400,3781200
20131017,8.8900,9.0500,8.5300,8.6000,8908300
20131018,8.8000,8.9000,8.6800,8.8600,4207500
20131021,9.0400,9.0900,8.7300,8.8000,6036600
20131022,9.2500,9.3800,8.9600,9.0000,8990100
20131023,8.9300,9.2600,8.8500,9.2500,5534000
20131024,9.1500,9.1500,8.7500,8.9200,4741400
20131025,8.8700,9.2800,8.8300,9.1300,3942500
20131028,7.9800,8.8700,7.9800,8.8300,10138000
20131029,7.7600,8.2000,7.4400,8.0800,5588500
20131030,7.9100,7.9800,7.6500,7.7600,2500700
20131031,7.9200,7.9900,7.6800,7.8500,2344200
20131101,8.0800,8.3100,7.9400,8.0200,4348400
20131104,8.4500,8.4800,7.9400,8.0700,5375400
20131105,8.4600,8.6300,8.3200,8.3800,6141500
20131106,8.2300,8.5400,8.2100,8.5000,3653500
20131107,8.4000,8.4900,8.0600,8.2300,3801200
20131108,8.3500,8.5500,8.3200,8.4600,3586400
20131111,8.7700,8.8400,8.0500,8.2200,6078100
20131112,8.8500,8.9700,8.5900,8.7000,6229000
20131113,8.7300,9.1300,8.7000,8.8000,6754100
20131114,8.9200,9.1000,8.5300,8.6100,6718800
20131115,9.0900,9.3200,8.8900,8.9300,10822800
20131118,9.5600,9.7300,9.0000,9.1000,14816600
20131119,9.4700,9.7200,9.3700,9.6000,8761900
20131120,9.7900,9.9500,9.3600,9.4700,11374400
20131121,9.4600,9.7900,9.4000,9.7900,9646800
20131122,9.3000,9.6400,9.3000,9.4600,6303200
20131125,9.3600,9.6500,9.2900,9.3200,5947400
20131126,9.4200,9.5700,9.2900,9.3800,4292900
20131127,9.6000,9.6000,9.2800,9.4100,5216500
20131128,9.8600,9.9900,9.5100,9.5500,11643300
20131129,9.9100,10.1000,9.7500,9.8100,8682600
20131202,8.9200,9.7000,8.9200,9.6000,11175200
20131203,9.1200,9.1500,8.6100,8.8600,6612100
20131204,9.1500,9.3500,9.0000,9.1000,4997600
20131205,9.0900,9.3500,9.0800,9.1500,4586000
20131206,9.0900,9.1900,9.0000,9.0900,3125800
20131209,9.2000,9.2100,9.0100,9.1000,3815200
20131210,9.1700,9.3200,9.1000,9.2800,2684200
20131211,8.9400,9.1700,8.9000,9.1500,3125800
20131212,9.0300,9.1400,8.9200,8.9600,2611600
20131213,9.0300,9.1000,8.9500,9.0800,2029100
20131216,9.0000,9.1200,8.9500,9.0700,1911200
20131217,9.0900,9.1800,8.9700,9.0100,2612300
20131218,9.2800,9.3500,9.1000,9.1400,4326100
20131219,9.2700,9.4500,9.2300,9.2800,4112800
20131220,9.0600,9.3300,8.9100,9.2300,3632000
20131223,8.9500,9.0700,8.7100,9.0700,1762600
20131224,9.0100,9.1700,8.9700,9.0700,1728000
20131225,9.1900,9.2000,8.9200,9.0100,2793800
20131226,9.0200,9.1900,9.0100,9.1800,2318000
20131227,9.4100,9.4600,8.9600,9.0200,6041700
20131230,9.4000,9.6000,9.2400,9.5000,4208000
20131231,9.5300,9.5500,9.3100,9.3600,5091000
20140101,9.5300,9.5300,9.5300,9.5300,0
20140102,9.5400,9.5600,9.3600,9.5500,3857600
20140103,9.2600,9.5600,9.2500,9.5000,4273900
20140106,8.7700,9.2500,8.7700,9.2500,5680900
20140107,8.8200,8.8900,8.6300,8.7200,1911000
20140108,8.8700,8.9600,8.8200,8.8200,1906600
20140109,8.7100,9.0400,8.7000,8.8700,2401900
20140110,8.2700,8.8200,8.2500,8.6800,3939300
20140113,8.3800,8.5700,8.2900,8.3700,1825100
20140114,8.5300,8.5300,8.3000,8.3800,1769700
20140115,8.6200,8.6700,8.5000,8.5200,1998300
20140116,8.6500,8.6900,8.5800,8.6000,1302900
20140117,8.6300,8.7000,8.5100,8.6100,1589800
20140120,8.6800,8.8000,8.4100,8.5000,1467000
20140121,8.8200,8.8400,8.7000,8.7700,1413500
20140122,9.0000,9.0000,8.7800,8.8300,2996200
20140123,9.0300,9.0800,8.9100,9.0000,2806000
20140124,9.0800,9.1100,8.9800,9.0400,2675700
20140127,8.9800,9.1400,8.9600,9.0000,2061800
20140128,9.1800,9.1900,8.9700,9.0300,3192100
20140129,9.1200,9.2500,9.0800,9.1800,2401000
20140130,8.7900,8.9200,8.6800,8.9200,4168000
20140131,8.7900,8.7900,8.7900,8.7900,0
20140203,8.7900,8.7900,8.7900,8.7900,0
20140205,8.7900,8.7900,8.7900,8.7900,0
20140206,8.7900,8.7900,8.7900,8.7900,0
20140207,8.9600,8.9800,8.7100,8.7600,2272900
20140210,9.8300,9.8600,8.9600,8.9600,9827400
20140211,9.9600,9.9600,9.5500,9.8500,9865000
20140212,10.1900,10.5400,9.9900,10.0000,14173500
20140213,9.9900,10.3400,9.9900,10.1800,6911600
20140214,10.1000,10.1900,9.9100,9.9500,6326300
20140217,10.3200,10.5500,10.1800,10.1800,7269700
20140218,10.2600,10.7700,10.2100,10.2900,8238100
20140219,10.2100,10.5400,10.0600,10.3400,6274800
20140220,9.8500,10.3000,9.8300,10.2100,6465400
20140221,10.4600,10.4600,9.7900,9.8400,10038700
20140224,10.4500,10.7700,10.1200,10.4900,10334300
20140225,10.1100,11.0000,10.1000,10.4000,15478600
