20130226,18.3000,18.9867,18.1267,18.6667,6717200
20130227,18.1200,18.2667,17.2533,18.2000,7422600
20130228,18.1333,18.1667,17.5667,18.0333,6913900
20130301,18.9267,18.9867,17.8800,18.0667,6788500
20130304,18.0800,18.7933,17.9733,18.7333,5786100
20130305,18.9400,19.2400,17.6000,17.9200,10775200
20130306,19.5133,19.7333,18.7333,18.9200,7427800
20130307,18.4000,19.5733,18.3333,19.5067,8560100
20130308,17.8467,18.6000,17.7333,18.3333,5414500
20130311,18.7667,19.1667,17.4400,17.8667,6828300
20130312,18.2533,18.9667,17.8000,18.6667,4572500
20130313,18.1133,18.5333,17.9000,18.2333,2144800
20130314,19.2800,19.3333,17.8733,18.0667,8220600
20130315,20.3267,21.0667,19.3800,19.3800,10643800
20130318,20.7933,21.2267,20.2333,20.2533,6435100
20130319,20.3133,21.4667,19.8667,20.8067,5761400
20130320,20.5267,20.6867,19.9333,20.3000,5728400
20130321,21.0067,21.4533,20.2667,20.6667,7975700
20130322,22.1333,22.2467,21.0000,21.1333,7885500
20130325,23.7333,24.0400,21.8667,21.8800,15633600
20130326,24.8000,25.4600,22.6733,23.5333,8279800
20130327,24.4067,25.0667,23.8667,24.5467,4929200
20130328,23.0667,24.2667,21.9667,24.2667,7604600
20130329,23.7200,23.9933,22.4667,23.0733,4726200
20130401,23.2600,23.9333,22.6667,23.6533,7885500
20130402,22.8333,24.7600,22.3333,23.1267,13218500
20130403,22.0533,22.9933,21.8533,22.8000,9807900
20130404,22.0533,22.0533,22.0533,22.0533,0
20130405,22.0533,22.0533,22.0533,22.0533,0
20130408,23.7067,24.0667,21.3333,21.4533,9628900
20130409,23.9600,24.1000,23.4000,23.5200,4751600
20130410,23.3333,24.4000,22.5333,23.6733,6048300
20130411,23.4000,23.5600,22.5867,23.3333,4135500
20130412,23.1667,24.3333,23.0067,23.3333,4898600
20130415,23.0533,23.7000,22.6667,23.6667,2756700
20130416,24.2000,24.4667,22.7333,23.0667,4376100
20130417,25.2667,25.4533,24.0067,24.0067,6655500
20130418,25.7867,25.9867,24.8067,25.2000,5758900
20130419,26.5067,26.8600,25.3333,25.3333,5980100
20130422,27.4200,27.6200,26.2600,26.5133,8084500
20130423,25.1333,27.3333,25.1067,27.3333,10781900
20130424,25.9400,26.2533,24.5867,24.9400,12444300
20130425,23.3467,25.9267,23.3467,25.9267,19753400
20130426,21.6667,22.7000,21.4400,22.6333,15924700
20130429,21.6667,21.6667,21.6667,21.6667,0
20130430,21.6667,21.6667,21.6667,21.6667,0
20130501,21.6667,21.6667,21.6667,21.6667,0
20130502,22.4067,22.8667,21.3667,21.6000,7437700
20130503,22.9333,23.3467,22.3467,22.4467,8626100
20130506,24.0533,24.2467,22.9400,22.9467,7466800
20130507,23.6800,24.2667,23.4600,24.0533,4619800
20130508,24.1000,24.2000,23.4667,23.6000,5409700
20130509,22.5333,24.0533,22.4200,24.0533,10547400
20130510,21.6667,22.6667,21.2667,22.5867,13577300
20130513,23.8333,23.8333,21.9267,21.9333,18676400
20130514,23.5000,24.2000,23.1467,23.8667,10872600
20130515,24.5600,24.5600,23.5667,23.5667,12877300
20130516,24.1533,25.3267,23.5333,24.8000,17245800
20130517,24.0067,24.6667,23.6667,24.3333,10725300
20130520,24.2133,24.3333,23.1000,23.8067,16770500
20130521,25.3267,25.8467,23.7333,24.0667,17303900
20130522,24.1800,25.8000,24.0000,25.1900,13541700
20130523,23.9000,24.7600,23.5000,23.8600,9311400
20130524,23.6100,24.2400,22.9000,23.8400,15969900
20130527,23.4300,24.0600,23.0400,23.3000,12168000
20130528,22.6400,23.5000,22.4900,23.3800,11958400
20130529,22.9500,23.0800,22.3300,22.6700,8902900
20130530,23.1900,23.5900,22.6600,22.8500,9571400
20130531,21.9900,23.4500,21.8900,23.3900,16109100
20130603,21.1500,22.0300,21.0500,21.9000,12129900
20130604,20.3800,21.3900,20.0500,21.1600,11866300
20130605,20.8100,21.2000,20.1800,20.3500,6780700
20130606,20.5300,20.9700,20.4600,20.7000,4327800
20130607,20.4500,21.2000,20.3000,20.5300,5215300
20130610,20.4500,20.4500,20.4500,20.4500,0
20130611,20.4500,20.4500,20.4500,20.4500,0
20130612,20.4500,20.4500,20.4500,20.4500,0
20130613,20.0300,20.2000,18.7000,20.1800,8254600
20130614,21.0900,21.3500,19.9300,20.0400,9896000
20130617,21.3000,21.6600,21.0900,21.3000,9774200
20130618,19.8800,21.4300,19.7100,21.3300,14460600
20130619,19.4200,19.9400,18.8700,19.8800,12037100
20130620,18.5200,19.3000,18.4000,19.3000,8997000
20130621,18.2100,18.5200,17.4800,18.1400,6568000
20130624,17.6000,18.8500,17.1000,18.1800,8536400
20130625,17.7500,18.0300,16.1500,17.5900,8545100
20130626,18.7800,18.9200,17.7800,17.7800,10669400
20130627,18.1000,19.2700,18.1000,18.8000,11818700
20130628,18.3900,18.4900,17.4000,17.8000,7836100
20130701,18.7700,18.8500,18.0100,18.2000,7670500
20130702,19.2900,19.3300,18.9200,18.9200,10914000
20130703,20.2700,20.6500,19.0500,19.3000,19162900
20130704,19.3700,20.1200,19.2600,19.9100,15600200
20130705,18.7000,19.5200,18.5800,19.2800,10356100
20130708,17.4300,18.3800,17.4300,17.9300,11385200
20130709,16.8800,17.5700,16.5300,17.2100,9778000
20130710,17.3200,17.4200,16.8100,16.8800,7304100
20130711,17.9000,18.1900,17.1300,17.4500,9856100
20130712,17.6700,18.2600,17.6500,17.8800,7287800
20130715,18.4700,18.5500,17.5200,17.8000,10897100
20130716,19.7000,19.8500,18.4700,18.5000,14980300
20130717,19.4400,20.1800,19.2000,19.4800,15053300
20130718,19.7500,20.0100,19.3800,19.6500,14921600
20130719,20.3600,20.7800,19.5000,19.6400,22045200
20130722,20.4500,20.6600,19.9500,20.4700,12996300
20130723,22.5000,22.5000,22.0000,22.5000,40716800
20130724,23.8000,24.7500,22.6100,23.0500,35708000
20130725,23.1000,25.2400,22.8100,23.4500,27420300
20130726,23.3300,23.7000,22.5100,23.3900,14231700
20130729,23.5500,24.4300,22.7500,22.9100,15674400
20130730,22.0600,23.5600,21.6500,23.3000,15989000
20130731,22.8000,23.2500,21.5800,21.9900,10299100
20130801,23.1300,23.4000,22.2900,23.0400,15955300
20130802,23.9400,24.4600,23.2000,23.3000,14761500
20130805,23.9000,24.4000,23.6000,23.7000,7095800
20130806,24.0900,24.2900,23.6000,23.9100,6951800
20130807,23.0000,24.1600,22.9600,24.0900,8505000
20130808,23.2000,23.7000,22.6600,22.7100,7393700
20130809,22.6100,23.5000,22.1800,23.1500,6012100
20130812,22.0500,22.8300,21.8500,22.6200,8349100
20130813,22.4100,22.5000,21.8800,22.0800,5544900
20130814,21.9100,22.5000,21.7000,22.5000,6157500
20130815,21.9800,22.4000,21.8100,22.0000,4551300
20130816,21.5100,22.4000,21.5000,21.8200,6864700
20130819,21.8500,22.0000,21.0000,21.0100,7572000
20130820,21.6500,22.0900,21.3500,21.8500,6916300
20130821,22.1000,22.1000,21.5000,21.7200,6704300
20130822,21.6900,21.9100,20.9000,21.7100,17149800
20130823,21.1000,21.5900,20.8200,21.5300,9288800
20130826,21.6300,21.7900,20.8900,21.0900,7610700
20130827,21.2900,21.7900,21.2000,21.6300,5782100
20130828,20.2600,21.1000,20.2500,21.1000,11339500
20130829,19.6400,20.4400,19.4100,20.1500,10197900
20130830,18.3300,19.7100,18.0300,19.6400,10141700
20130902,19.1500,19.3100,18.3100,18.3100,7634400
20130903,19.1700,19.2800,18.7200,19.1500,5475700
20130904,18.9000,19.3800,18.6300,19.2100,9779200
20130905,18.9500,19.3000,18.8900,19.0200,7531100
20130906,20.8500,20.8500,19.0800,19.2500,19524900
20130909,21.2900,22.0000,20.8800,21.8500,21389900
20130910,19.9000,20.8000,19.6800,20.8000,22610800
20130911,18.3100,19.7000,18.2100,19.7000,17839100
20130912,18.3300,18.6300,17.8800,18.2000,10621700
20130913,18.1500,18.3700,17.9000,18.3500,8984400
20130916,18.7300,18.8800,18.0200,18.1800,9433900
20130917,18.5200,18.8800,18.4500,18.8800,6754300
20130918,18.5700,18.6300,18.4300,18.4300,3456400
20130920,18.5700,18.5700,18.5700,18.5700,0
20130923,19.2000,19.3600,18.5700,18.5700,9319100
20130924,20.1100,20.1700,19.1900,19.2100,16301800
20130925,19.7000,20.3000,19.4600,20.3000,11666600
20130926,19.2200,19.5800,18.9000,19.5000,6616900
20130927,19.0500,19.3000,18.7000,19.1000,5950000
20130930,19.2200,19.4700,19.0700,19.1800,4880300
20131001,19.2200,19.2200,19.2200,19.2200,0
20131002,19.2200,19.2200,19.2200,19.2200,0
20131003,19.2200,19.2200,19.2200,19.2200,0
20131004,19.2200,19.2200,19.2200,19.2200,0
20131007,19.2200,19.2200,19.2200,19.2200,0
20131008,19.5500,19.6000,18.8300,19.3300,7113700
20131009,19.8100,19.8500,19.3000,19.5500,8241100
20131010,18.8800,19.9000,18.8800,19.8600,9998700
20131011,18.6700,19.0800,18.6000,19.0100,7755900
20131014,18.7000,19.0100,18.3800,19.0000,6819200
20131015,18.5000,18.7900,18.3100,18.7000,5928000
20131016,18.5000,18.5000,18.5000,18.5000,0
20131017,18.5000,18.5000,18.5000,18.5000,0
20131018,18.5000,18.5000,18.5000,18.5000,0
20131021,18.5000,18.5000,18.5000,18.5000,0
20131022,18.5000,18.5000,18.5000,18.5000,0
20131023,18.5000,18.5000,18.5000,18.5000,0
20131024,18.5000,18.5000,18.5000,18.5000,0
20131025,18.5000,18.5000,18.5000,18.5000,0
20131028,18.5000,18.5000,18.5000,18.5000,0
20131029,18.5000,18.5000,18.5000,18.5000,0
20131030,18.5000,18.5000,18.5000,18.5000,0
20131031,18.5000,18.5000,18.5000,18.5000,0
20131101,18.5000,18.5000,18.5000,18.5000,0
20131104,18.5000,18.5000,18.5000,18.5000,0
20131105,18.5000,18.5000,18.5000,18.5000,0
20131106,18.5000,18.5000,18.5000,18.5000,0
20131107,18.5000,18.5000,18.5000,18.5000,0
20131108,18.5000,18.5000,18.5000,18.5000,0
20131111,18.5000,18.5000,18.5000,18.5000,0
20131112,18.5000,18.5000,18.5000,18.5000,0
20131113,18.5000,18.5000,18.5000,18.5000,0
20131114,18.5000,18.5000,18.5000,18.5000,0
20131115,18.5000,18.5000,18.5000,18.5000,0
20131118,18.5000,18.5000,18.5000,18.5000,0
20131119,18.5000,18.5000,18.5000,18.5000,0
20131120,18.5000,18.5000,18.5000,18.5000,0
20131121,18.5000,18.5000,18.5000,18.5000,0
20131122,18.5000,18.5000,18.5000,18.5000,0
20131125,17.8900,19.0000,17.7100,18.8900,20269200
20131126,17.8800,18.0400,17.3800,17.7500,12196600
20131127,17.4600,17.8100,16.9100,17.8000,18532400
20131128,17.9900,18.1000,17.3500,17.4000,15484500
20131129,17.9000,18.1700,17.8200,18.0000,10855500
20131202,16.6500,18.0000,16.3100,17.5000,17836500
20131203,16.3900,16.4400,15.8600,16.3000,10321900
20131204,18.0300,18.0300,16.4600,16.4600,24222900
20131205,18.2700,18.8900,17.8800,18.4000,38854100
20131206,17.6300,18.0900,17.4500,17.9200,15865300
20131209,17.5200,17.7500,17.4100,17.6500,9173000
20131210,17.5600,17.8500,17.4500,17.4600,8785200
20131211,16.8700,17.2700,16.7800,17.2700,11045900
20131212,16.8800,17.1700,16.7600,16.8700,4591200
20131213,16.9600,17.0400,16.6700,16.8000,4322000
20131216,16.7000,17.0000,16.6500,16.8300,4493000
20131217,16.9700,17.0500,16.6600,16.7300,4726400
20131218,17.0000,17.1700,16.8500,17.0600,4184900
20131219,16.6000,17.0600,16.5600,17.0000,5435300
20131220,16.1700,16.6800,16.0100,16.6300,3515000
20131223,15.7800,16.2600,15.5200,16.1100,3435700
20131224,16.0400,16.2000,15.8800,15.9700,3855000
20131225,16.2200,16.2700,15.8000,16.0000,4020100
20131226,15.3200,16.2200,15.3000,16.1700,9066100
20131227,15.9300,16.1000,15.3500,15.3700,6792300
20131230,16.0000,16.2200,15.8300,15.9200,5965100
20131231,15.9000,16.1400,15.8000,15.9000,4348000
20140101,15.9000,15.9000,15.9000,15.9000,0
20140102,17.4900,17.4900,15.8200,15.8200,20713000
20140103,17.4500,17.8500,17.1400,17.2000,26379600
20140106,17.7300,18.0500,17.2000,17.5400,23353300
20140107,18.0900,18.8000,17.7000,17.9400,23917200
20140108,18.5200,18.7500,18.1400,18.1700,20415400
20140109,17.6900,18.6600,17.5600,18.6500,15597800
20140110,18.2300,18.9500,17.8000,17.8000,26507600
20140113,18.4300,18.6000,17.7600,18.1000,16521500
20140114,19.2300,19.2300,18.2800,18.5000,27831500
20140115,19.1700,19.4900,18.8100,19.1900,21839900
20140116,18.8700,19.6400,18.7100,19.2800,18523700
20140117,18.3000,18.9200,18.1500,18.6100,14191900
20140120,18.0900,18.6500,17.9600,18.2800,12544700
20140121,18.9300,18.9300,18.2200,18.2200,15617900
20140122,19.1000,19.1500,18.6500,18.8700,17332500
20140123,19.4000,19.5300,18.7000,18.9900,20396200
20140124,19.2800,19.7000,19.1700,19.5300,21983000
20140127,20.0700,20.6800,19.2000,19.2900,30612500
20140128,19.6200,20.0800,19.2700,20.0800,14596700
20140129,19.6100,19.8600,19.3400,19.6200,11074200
20140130,18.9500,19.6900,18.9100,19.6500,10337100
20140131,18.9500,18.9500,18.9500,18.9500,0
20140203,18.9500,18.9500,18.9500,18.9500,0
20140205,18.9500,18.9500,18.9500,18.9500,0
20140206,18.9500,18.9500,18.9500,18.9500,0
20140207,19.4000,19.4600,18.5300,18.7600,12012600
20140210,20.4200,20.4600,19.6500,19.6500,21036500
20140211,20.1900,20.6800,19.7000,20.4700,18308900
20140212,21.1600,21.2700,20.0000,20.0100,23966600
20140213,20.4800,21.1600,20.3800,21.1600,18356500
20140214,20.5200,20.8000,20.0100,20.4600,13885700
20140217,21.2000,21.2000,20.3800,20.7000,18611900
20140218,20.6500,21.2500,20.5900,21.2200,15574600
20140219,20.3000,21.2300,20.1700,20.7900,17199300
20140220,19.6100,20.4300,19.5800,20.2900,13628600
20140221,19.7500,20.0800,19.3000,19.6000,12044700
20140224,20.4000,20.4000,19.8000,19.8000,15151300
20140225,18.5200,20.5400,18.3600,20.4400,21853000
