20130226,13.7900,14.1000,13.6000,14.1000,4175900
20130227,14.3200,14.5800,13.7400,13.7400,4101400
20130228,14.5800,14.5800,14.1200,14.4500,3099600
20130301,15.6600,16.0000,14.8500,14.8500,9390500
20130304,15.5400,16.1000,15.1500,15.6000,7849900
20130305,16.0500,16.3600,15.5300,15.5300,5356700
20130306,16.5600,16.7800,15.8600,16.0500,6404900
20130307,16.1400,17.0000,15.8000,16.4500,4539100
20130308,15.7400,16.5000,15.7000,16.1100,2316600
20130311,15.4300,15.9500,15.2800,15.9100,2427500
20130312,15.5800,16.0000,15.1500,15.5000,3202400
20130313,14.9400,15.6400,14.8100,15.1800,2590400
20130314,15.2600,15.2800,14.7500,14.9000,2268900
20130315,15.3000,15.6400,15.0000,15.3500,2329600
20130318,14.2800,15.2600,14.2500,15.2600,2839200
20130319,13.9100,14.5000,13.0900,14.2800,3783300
20130320,14.5100,14.5700,13.3200,13.3200,4190100
20130321,14.7100,14.9000,14.4100,14.4500,2608100
20130322,14.5000,14.8500,14.3600,14.5200,1280600
20130325,14.5600,14.7400,14.1100,14.5000,1442100
20130326,15.0900,15.2700,14.5000,14.5100,3365400
20130327,15.3100,15.4800,14.9000,15.1300,3264500
20130328,15.0300,15.3400,14.7500,15.3100,2813600
20130329,14.7900,15.3500,14.7100,15.0400,1944900
20130401,15.1000,15.1300,14.5000,14.7000,1588100
20130402,14.9000,15.3000,14.8100,15.3000,1389600
20130403,14.5300,15.0100,14.3000,14.8500,1712200
20130404,14.5300,14.5300,14.5300,14.5300,0
20130405,14.5300,14.5300,14.5300,14.5300,0
20130408,14.4800,14.4900,13.7300,14.4000,971000
20130409,14.9600,15.0000,14.4400,14.7500,2347600
20130410,15.4300,15.5800,14.9000,14.9500,4865000
20130411,15.7500,15.7700,15.0800,15.5200,7254800
20130412,15.8100,15.8400,15.3300,15.6000,5054900
20130415,15.9700,16.1500,15.2000,15.6000,4182400
20130416,15.7700,15.9500,15.3800,15.7500,2267100
20130417,16.3000,16.3500,15.4300,15.7700,4848900
20130418,16.0800,16.3500,15.9500,16.0900,2287800
20130419,16.2800,16.5000,16.1600,16.2600,4013000
20130422,16.1800,16.3800,15.9000,16.2500,2848100
20130423,15.7100,16.1800,15.5200,16.1800,2122600
20130424,16.0600,16.1800,15.5800,15.6800,1806400
20130425,15.6900,16.0600,15.4400,16.0600,2058400
20130426,15.5100,15.9900,15.3500,15.3500,1507900
20130429,15.5100,15.5100,15.5100,15.5100,0
20130430,15.5100,15.5100,15.5100,15.5100,0
20130501,15.5100,15.5100,15.5100,15.5100,0
20130502,15.8300,15.8300,15.3100,15.5500,1011600
20130503,16.9000,17.3700,16.1300,16.1500,5585100
20130506,17.8200,18.0000,16.6500,16.9000,4793300
20130507,17.5000,17.9600,17.4600,17.7000,2973400
20130508,18.0300,18.2200,17.6000,17.6000,3134400
20130509,17.6500,18.1800,17.3800,18.1800,2917700
20130510,17.6700,17.9200,17.0600,17.5700,2596200
20130513,18.2800,18.2800,17.4300,17.6500,4507100
20130514,18.2100,18.6700,17.8200,18.2800,2215000
20130515,18.1000,18.3600,17.9000,18.1000,2629000
20130516,17.9600,18.8500,17.9500,18.2200,3398900
20130517,18.2000,18.5000,17.3300,17.9800,3806100
20130520,18.7300,19.0800,18.1700,18.1800,3696900
20130521,19.0000,19.2600,18.6000,19.0100,5047900
20130522,18.7500,19.1900,18.5500,19.0100,4033100
20130523,18.2900,18.8500,18.0800,18.8500,3363900
20130524,19.0000,19.0000,18.2000,18.2000,3328400
20130527,19.2000,19.4200,18.8000,19.0000,3477000
20130528,18.0500,19.3000,17.8700,19.2300,6741300
20130529,17.8100,18.1100,17.3800,18.1000,6062400
20130530,17.8700,18.0400,17.5100,17.6500,4307100
20130531,17.6800,17.9800,17.6000,17.8800,2367600
20130603,16.8900,17.6800,16.8800,17.6800,4369800
20130604,16.7800,16.8700,16.4500,16.8000,2603500
20130605,16.7700,17.0000,16.6100,16.7800,2528900
20130606,16.9800,17.2100,16.6500,16.6500,2839300
20130607,16.8100,17.1800,16.5500,17.1200,2218500
20130610,16.8100,16.8100,16.8100,16.8100,0
20130611,16.8100,16.8100,16.8100,16.8100,0
20130612,16.8100,16.8100,16.8100,16.8100,0
20130613,17.1200,17.1300,16.0100,16.3900,2568900
20130614,17.3900,17.4500,17.0300,17.0500,2711900
20130617,17.3800,17.5400,17.2200,17.3900,2524600
20130618,16.9000,17.6600,16.9000,17.3800,4003000
20130619,16.4300,17.1000,16.0700,16.7100,1863600
20130620,15.3800,16.3800,15.0100,16.2100,2416000
20130621,15.5500,15.5700,14.2500,15.0000,2007100
20130624,14.7700,15.8000,14.7300,15.3600,1630900
20130625,15.4200,15.4200,13.8000,14.6200,2973400
20130626,15.3800,15.5600,15.0200,15.4200,4010800
20130627,16.0700,16.2700,15.2000,15.3000,6413400
20130628,15.9600,16.3600,15.5500,15.8100,4389700
20130701,16.0500,16.2400,15.6100,15.9000,2828800
20130702,16.2100,16.4800,15.9200,16.0600,4908100
20130703,16.0100,16.3100,15.6600,16.2000,3126400
20130704,16.0800,16.2500,15.7100,15.8600,2664700
20130705,15.7500,16.1300,15.7000,16.0500,2575700
20130708,14.8000,15.4000,14.7000,15.4000,2777700
20130709,14.3000,14.9700,13.8600,14.8000,4726500
20130710,14.5200,14.5700,14.1000,14.1000,1664100
20130711,14.9600,14.9600,14.5200,14.6100,2770700
20130712,15.3100,15.6800,14.9900,15.0000,3925400
20130715,15.6000,15.6300,14.3400,15.1600,7055000
20130716,16.1600,16.4900,15.4000,15.4000,5597300
20130717,15.9900,16.8100,15.8100,16.1600,4645000
20130718,16.3400,16.5800,15.8200,15.8200,4388400
20130719,16.3200,16.9000,16.2100,16.4000,5214200
20130722,17.1600,17.3500,16.2300,16.3300,5757000
20130723,17.8500,18.0000,17.2100,17.2100,6577800
20130724,17.9000,18.4000,17.4000,17.8100,4886400
20130725,17.2600,18.8900,17.2600,18.3000,7232400
20130726,17.3800,17.3800,16.5800,17.2200,3370000
20130729,16.4700,17.0600,16.2200,17.0000,2546400
20130730,15.8800,16.7500,15.8200,16.3100,2822400
20130731,16.2800,16.3000,15.9800,15.9900,2068200
20130801,16.9000,16.9900,16.0700,16.5000,3493900
20130802,16.9900,17.3500,16.8000,16.8900,2978400
20130805,17.4100,17.4900,17.0500,17.1500,2151300
20130806,17.2400,17.5500,17.2000,17.5400,1827300
20130807,16.8400,17.3500,16.8200,17.2500,2590200
20130808,16.6300,17.0000,16.4000,16.8300,3458800
20130809,16.8900,16.9300,16.4300,16.6300,2632200
20130812,17.1800,17.4900,17.0200,17.0200,2989600
20130813,16.8800,17.4900,16.8000,17.4900,2956100
20130814,17.1200,17.2700,16.8000,16.8800,2411000
20130815,17.4000,17.6400,17.1200,17.1200,4444000
20130816,16.8000,17.3900,16.6200,17.2500,2757900
20130819,17.3800,17.3900,16.5700,16.7600,2710800
20130820,17.8100,18.7800,17.7300,17.9700,10913400
20130821,17.5200,18.0000,17.4600,17.9300,4252300
20130822,17.5200,17.8100,17.3900,17.3900,3493200
20130823,17.8000,18.0600,17.1800,17.5200,3495700
20130826,17.7000,18.0800,17.5600,17.8000,7402700
20130827,17.5900,17.8400,17.3700,17.6800,3351000
20130828,17.1900,17.4300,17.1600,17.3900,2981900
20130829,16.8000,17.3900,16.7200,17.1200,2767800
20130830,16.2000,16.9700,16.1700,16.8000,3191900
20130902,16.7500,16.8500,16.2000,16.2000,2438100
20130903,17.1300,17.2100,16.8500,16.8500,4315700
20130904,17.1200,17.1600,16.8800,16.9500,1648700
20130905,17.2300,17.3300,16.6800,17.0600,2428800
20130906,17.1500,17.4800,16.9800,17.2700,2588800
20130909,18.5700,18.7000,17.2600,17.2600,13222800
20130910,19.3600,19.5600,18.2200,18.4800,10595600
20130911,18.5700,19.2300,18.4500,19.1000,4750500
20130912,18.4700,18.9700,18.0300,18.5700,3283800
20130913,18.9000,18.9800,18.4000,18.4800,3622100
20130916,18.8500,19.6000,18.4300,18.9000,3900200
20130917,18.8600,19.2000,18.3100,18.7000,3194100
20130918,19.0800,19.1500,18.6700,18.9300,2157800
20130920,19.0800,19.0800,19.0800,19.0800,0
20130923,19.8300,19.8800,19.0000,19.0000,4098900
20130924,20.0000,20.2000,19.3200,20.0200,3954500
20130925,20.3700,20.5300,19.7500,19.8500,3670600
20130926,21.0200,22.3400,20.3700,20.3700,5439000
20130927,21.6200,22.1100,20.6200,21.0200,3849100
20130930,22.0000,22.0500,21.1000,21.4600,3019300
20131001,22.0000,22.0000,22.0000,22.0000,0
20131002,22.0000,22.0000,22.0000,22.0000,0
20131003,22.0000,22.0000,22.0000,22.0000,0
20131004,22.0000,22.0000,22.0000,22.0000,0
20131007,22.0000,22.0000,22.0000,22.0000,0
20131008,22.9700,23.0500,22.0500,22.0800,3931100
20131009,22.7900,22.9500,22.3000,22.8200,3146800
20131010,22.7600,23.5000,22.4200,22.7700,2819100
20131011,22.0000,22.9700,21.7000,22.4000,4497900
20131014,24.0400,24.1500,22.3600,22.3800,7534700
20131015,22.8300,24.0000,22.6200,24.0000,3354200
20131016,21.8800,23.0100,21.8000,22.9000,2112200
20131017,21.6100,22.3800,21.2800,22.3600,1980000
20131018,21.7100,22.1700,21.2500,21.2500,1667700
20131021,22.3000,22.3000,21.7500,21.8500,2862600
20131022,22.3000,22.9300,22.3000,22.3300,2481100
20131023,21.6300,22.8500,21.6000,22.7000,2334700
20131024,21.0000,21.9800,20.9600,21.6300,2030800
20131025,19.6500,21.2900,19.5200,21.0000,3379500
20131028,20.4000,20.5200,19.8000,20.3000,1776500
20131029,20.2300,20.8500,18.9800,20.4300,2306200
20131030,21.0400,21.1900,20.0000,20.2300,2260500
20131031,20.2000,21.1300,20.1300,21.0300,2147800
20131101,19.7700,20.1100,19.2500,20.1000,2078900
20131104,20.1300,20.3400,19.7000,19.8800,2015100
20131105,20.1900,20.1900,19.4700,20.1300,2026900
20131106,19.6000,20.4000,19.5600,20.4000,2614400
20131107,19.5600,19.9800,19.4000,19.5800,2192000
20131108,18.1200,19.4600,17.8000,19.1700,3619100
20131111,18.4700,18.8000,18.1000,18.3800,2087500
20131112,18.6200,18.7800,18.3800,18.4800,1684800
20131113,18.0200,18.6500,18.0000,18.6500,1339900
20131114,18.5000,18.5900,17.5400,17.8000,1729900
20131115,19.0500,19.2500,18.5000,18.5000,1612900
20131118,19.5400,19.6500,19.0500,19.2000,1863700
20131119,19.4000,19.5700,19.2400,19.5700,1358300
20131120,19.7400,20.0000,19.4000,19.4000,2347700
20131121,19.7600,19.9500,19.5700,19.8900,2241000
20131122,19.2900,19.8700,19.2200,19.8700,1657200
20131125,19.4900,19.7400,19.2900,19.2900,1671500
20131126,19.5000,19.8400,19.2200,19.6500,2304200
20131127,20.2500,20.2500,19.1000,19.4700,4216600
20131128,20.3400,20.8300,20.2500,20.2600,4009300
20131129,20.8500,20.8500,20.0000,20.3500,2854200
20131202,20.2000,21.0400,19.9000,20.1900,4531500
20131203,20.7800,20.8400,19.4800,20.0500,3044100
20131204,21.8300,22.3000,20.6000,20.6000,7119200
20131205,21.4600,22.2700,21.4300,22.0000,4320000
20131206,20.5400,21.6000,20.5300,21.3000,3808900
20131209,20.7600,21.0400,20.5400,20.5400,2537100
20131210,20.3800,20.9300,20.1700,20.7500,2850200
20131211,20.5200,20.6100,20.0600,20.3800,1642800
20131212,21.3200,21.5300,20.4300,20.4600,3156300
20131213,21.3500,21.6400,21.0500,21.3500,2392700
20131216,20.1300,21.4800,20.0300,21.3600,3265600
20131217,19.9500,20.3800,19.8800,20.3000,1239600
20131218,19.5100,20.3600,19.4300,19.9000,1899800
20131219,18.8900,19.7800,18.7200,19.6000,2432700
20131220,19.2000,19.2000,18.5800,19.0000,1591100
20131223,19.5100,19.5500,18.6200,19.3000,1899700
20131224,19.7000,20.1800,19.4000,19.6600,2541000
20131225,20.1600,20.1600,19.6300,19.7300,1533300
20131226,20.4200,20.7800,20.2500,20.4800,2887400
20131227,20.7500,20.8300,20.0000,20.2900,2770000
20131230,20.9200,21.1600,20.5100,20.8900,1719000
20131231,20.7700,21.0500,20.6000,21.0000,1442900
20140101,20.7700,20.7700,20.7700,20.7700,0
20140102,20.6000,21.1900,20.5500,21.1900,1499500
20140103,20.5800,20.6600,20.3000,20.5500,1370900
20140106,21.7000,21.9900,20.5100,20.5800,7710000
20140107,22.1800,22.2600,21.2600,21.4900,5202200
20140108,21.5100,22.7400,21.4100,22.4600,5596200
20140109,21.5000,22.3100,21.3100,21.5700,4069800
20140110,20.3900,21.9900,19.9100,21.4900,4213200
20140113,20.4500,20.5000,19.9100,20.0600,2997000
20140114,21.0000,21.0500,20.2400,20.4600,1776300
20140115,21.0500,21.1800,20.8100,21.0000,1377600
20140116,20.6500,21.2500,20.6400,21.0000,1641800
20140117,20.2000,20.6700,20.1500,20.6400,1776000
20140120,20.2500,20.4200,19.9600,20.1500,937000
20140121,20.4700,20.5800,20.2100,20.4900,1145800
20140122,21.2500,21.3000,20.3500,20.4400,2393700
20140123,22.0700,22.4500,21.1000,21.1900,4258700
20140124,22.3400,22.5800,21.7400,21.9800,3538900
20140127,22.4500,22.6700,21.9600,22.1200,2270100
20140128,22.3100,22.5000,21.9400,22.2000,1858700
20140129,23.1800,23.3100,22.3000,22.5100,3447700
20140130,22.8200,23.4000,22.7000,23.1700,1533400
20140131,22.8200,22.8200,22.8200,22.8200,0
20140203,22.8200,22.8200,22.8200,22.8200,0
20140205,22.8200,22.8200,22.8200,22.8200,0
20140206,22.8200,22.8200,22.8200,22.8200,0
20140207,23.2600,23.4000,22.4000,22.7500,2482700
20140210,24.1800,24.2100,23.0100,23.2500,3076200
20140211,23.4800,24.5000,23.4200,24.1800,2696500
20140212,24.5300,24.8800,23.2500,23.5800,4131100
20140213,24.6100,25.5600,24.3000,24.5000,4352900
20140214,24.8600,25.2000,24.0000,24.8300,2526700
20140217,26.0000,26.2000,24.9000,25.5700,2767300
20140218,25.9500,26.3600,25.8000,26.0000,2611800
20140219,24.6500,26.2500,24.3000,26.1000,3150900
20140220,23.9300,24.8900,23.4800,24.4500,2346200
20140221,24.2900,24.8600,23.9000,23.9300,2613100
20140224,24.0000,24.9800,23.6500,24.2700,2001800
20140225,22.4800,24.9800,22.2100,24.1800,3580700
