20130226,6.6300,6.6800,6.4400,6.4600,2498300
20130227,6.5700,6.8400,6.5200,6.5800,3561300
20130228,6.5700,6.6300,6.3600,6.5800,1978200
20130301,6.6500,6.7100,6.5100,6.5800,2294500
20130304,6.4000,6.6400,6.3900,6.6000,1826300
20130305,6.4800,6.5400,6.3700,6.4500,767600
20130306,6.6700,6.7000,6.4400,6.4900,2044900
20130307,6.6500,6.7900,6.5400,6.6600,2347200
20130308,6.6700,6.7200,6.5900,6.6000,1443200
20130311,6.5700,6.7300,6.5600,6.6900,1119300
20130312,6.4100,6.6700,6.2300,6.5500,2265400
20130313,6.2200,6.4500,6.1700,6.4500,1936400
20130314,6.2900,6.3100,6.1900,6.1900,795200
20130315,6.2800,6.3700,6.1500,6.2400,798000
20130318,6.3900,6.4000,6.2000,6.2000,885500
20130319,6.4700,6.5800,6.3500,6.5800,1644300
20130320,6.6500,6.6500,6.3700,6.4800,1898000
20130321,6.6600,6.7400,6.5800,6.7400,2268200
20130322,6.5800,6.7000,6.4600,6.6600,1754600
20130325,6.6000,6.6300,6.5300,6.6000,862200
20130326,6.4400,6.5800,6.4000,6.5500,985200
20130327,6.4500,6.5200,6.3700,6.4400,857900
20130328,6.2600,6.4800,6.1900,6.4000,726500
20130329,6.2500,6.3400,6.2000,6.2200,667600
20130401,6.2600,6.2800,6.1800,6.1900,399500
20130402,6.2900,6.3400,6.1900,6.2700,800700
20130403,6.2300,6.3100,5.9500,6.2200,782000
20130404,6.2300,6.2300,6.2300,6.2300,0
20130405,6.2300,6.2300,6.2300,6.2300,0
20130408,6.0400,6.1600,5.9500,6.1600,745200
20130409,6.0800,6.1000,6.0100,6.0100,588800
20130410,6.0400,6.0900,5.9600,6.0900,452000
20130411,6.0100,6.1000,6.0000,6.0800,362800
20130412,6.0900,6.0900,5.9600,6.0000,482400
20130415,6.1500,6.1500,6.0300,6.0900,536000
20130416,6.1800,6.1800,6.0200,6.1500,766300
20130417,6.1300,6.2000,6.0800,6.2000,354000
20130418,6.0900,6.1600,6.0800,6.1300,206700
20130419,6.2400,6.2500,6.1100,6.1200,663800
20130422,6.2800,6.3500,6.1300,6.2200,758700
20130423,6.1500,6.3300,6.1300,6.2400,354800
20130424,6.2400,6.2600,6.1000,6.1000,279000
20130425,6.2300,6.3500,6.1900,6.2400,1042000
20130426,5.8800,6.2200,5.8100,6.2200,1344700
20130429,5.8800,5.8800,5.8800,5.8800,0
20130430,5.8800,5.8800,5.8800,5.8800,0
20130501,5.8800,5.8800,5.8800,5.8800,0
20130502,5.8800,5.9100,5.8000,5.8800,283100
20130503,5.9600,6.0000,5.8300,5.8700,509900
20130506,6.1400,6.1500,5.9600,5.9600,831500
20130507,6.1100,6.1300,6.0300,6.1200,480600
20130508,6.0800,6.1400,6.0000,6.0000,390700
20130509,6.1500,6.1900,5.9800,6.0100,845100
20130510,6.2400,6.6900,6.2400,6.3100,2565900
20130513,6.3800,6.4400,6.1500,6.1900,2015300
20130514,6.2600,6.3800,6.2200,6.3800,687700
20130515,6.3200,6.3500,6.2300,6.3500,780900
20130516,6.3000,6.3900,6.2600,6.3500,992000
20130517,6.3500,6.3900,6.2900,6.3500,1466200
20130520,6.4300,6.4500,6.3500,6.3800,1545700
20130521,6.4700,6.4700,6.3700,6.4300,1535500
20130522,6.4100,6.4600,6.3400,6.4600,1344200
20130523,6.5100,6.5100,6.3500,6.4100,1600400
20130524,6.6200,6.7000,6.4200,6.5100,3176600
20130527,6.6100,6.6300,6.5400,6.6200,1635500
20130528,6.8100,6.9300,6.5700,6.6000,4308800
20130529,6.8400,7.0000,6.7400,6.7900,2782400
20130530,6.8000,6.8300,6.6900,6.7000,1297800
20130531,6.8000,6.9500,6.7600,6.8000,1038400
20130603,7.0300,7.0800,6.7700,6.8000,3100800
20130604,6.9900,7.2300,6.9000,6.9900,4511100
20130605,6.8600,7.0700,6.7000,6.9000,6996300
20130606,6.6300,6.8600,6.6300,6.8600,1946400
20130607,6.2600,6.6900,6.2000,6.6100,1403200
20130610,6.2600,6.2600,6.2600,6.2600,0
20130611,6.2600,6.2600,6.2600,6.2600,0
20130612,6.2600,6.2600,6.2600,6.2600,0
20130613,6.4400,6.4500,6.0000,6.3400,1654000
20130614,6.5300,6.5600,6.3000,6.4300,754600
20130617,7.1800,7.1800,6.5300,6.5300,5826000
20130618,7.5400,7.6500,7.1800,7.3100,10927300
20130619,7.4600,7.6000,7.3300,7.5000,4582500
20130620,7.3500,7.5200,7.3000,7.4000,3825900
20130621,7.8000,8.0900,7.2300,7.3300,10885000
20130624,7.3900,7.9700,7.3800,7.6400,8594500
20130625,7.3800,7.5200,6.8000,7.4000,6510700
20130626,7.7800,7.7800,7.0800,7.3400,7067600
20130627,7.2300,7.9300,7.1900,7.7000,5376100
20130628,7.0900,7.2800,6.8800,7.0400,2871000
20130701,7.3300,7.5600,7.0200,7.1300,4735600
20130702,7.3900,7.4500,7.2100,7.3300,5580000
20130703,7.3100,7.3300,7.1000,7.3200,2929000
20130704,7.6100,7.6300,7.1000,7.3000,4386000
20130705,7.4500,7.7500,7.4500,7.6000,3299100
20130708,7.0900,7.4000,6.8800,7.3500,2760300
20130709,7.1500,7.3600,7.0100,7.0600,1347700
20130710,7.3800,7.4900,7.0800,7.1600,3592000
20130711,7.3600,7.5000,7.3100,7.3800,4542500
20130712,7.1400,7.4500,7.1400,7.3600,2971700
20130715,7.2200,7.2400,6.9000,7.1000,3087300
20130716,7.2400,7.2800,7.1100,7.1900,1583900
20130717,6.9800,7.2500,6.9800,7.2400,1999800
20130718,6.8600,6.9500,6.7800,6.9500,1617000
20130719,6.9900,7.0400,6.8000,6.8500,1637100
20130722,7.0900,7.1500,6.9100,7.0000,1683300
20130723,7.1000,7.1400,6.9900,7.0800,1839100
20130724,7.0000,7.0700,6.8700,7.0600,1880700
20130725,6.7600,7.0500,6.7500,7.0000,1754100
20130726,6.6100,6.8100,6.5800,6.6800,1253000
20130729,6.5000,6.6600,6.3800,6.6600,1299900
20130730,6.3200,6.5200,6.3000,6.5000,1979400
20130731,6.3800,6.4500,6.2800,6.2800,1201700
20130801,6.6200,6.6400,6.3800,6.4000,1432200
20130802,6.5600,6.6700,6.5200,6.6100,1387100
20130805,6.7400,6.7400,6.5300,6.5600,1060500
20130806,6.7500,6.8600,6.6700,6.7300,1466500
20130807,6.7600,6.8100,6.7300,6.7500,1064700
20130808,6.8100,6.8600,6.6700,6.6900,1440300
20130809,7.4900,7.4900,6.7500,6.8100,3067100
20130812,8.2400,8.2400,7.8200,7.8200,6029700
20130813,8.3600,8.7500,8.1000,8.7500,7661400
20130814,8.6800,9.2000,8.3500,8.3600,13589600
20130815,8.8400,9.1900,8.3600,8.4800,10269200
20130816,8.4000,9.1100,8.3600,8.7100,5975100
20130819,8.6600,8.7700,8.2200,8.2200,3515200
20130820,8.7100,8.9400,8.4200,8.6600,3829100
20130821,8.7400,8.8900,8.5600,8.6700,3183000
20130822,8.8300,8.9500,8.5200,8.7700,4706200
20130823,8.8500,9.0000,8.6000,8.7400,4650000
20130826,8.9300,8.9800,8.6500,8.8500,4061100
20130827,9.2500,9.8200,8.8100,8.8800,11800000
20130828,8.8500,9.3600,8.8000,9.0500,5340400
20130829,8.7900,8.8500,8.4200,8.7100,3340500
20130830,8.5500,8.9800,8.5400,8.6600,3207000
20130902,8.7300,8.7800,8.4500,8.4500,1317900
20130903,8.8400,8.8700,8.6500,8.7300,1288800
20130904,8.8500,8.9000,8.6200,8.7500,1492700
20130905,9.3300,9.4400,8.6400,8.8500,5095700
20130906,8.9000,9.8900,8.7800,9.4000,16160700
20130909,9.6400,9.7900,8.8100,8.8100,11307800
20130910,9.0400,9.6300,8.8500,9.5100,16346700
20130911,8.7800,9.1000,8.3400,9.1000,5853800
20130912,8.6900,8.9400,8.5500,8.7800,2340200
20130913,8.6600,8.8500,8.5900,8.6200,2145500
20130916,8.7700,8.8600,8.6200,8.6200,1684200
20130917,8.9700,9.1100,8.7100,8.8600,4031600
20130918,8.9500,9.1600,8.8700,8.8700,1841900
20130920,8.9500,8.9500,8.9500,8.9500,0
20130923,9.1000,9.4600,8.9500,8.9500,2897300
20130924,9.1600,9.2000,9.0300,9.1000,2558800
20130925,9.3700,9.4900,9.0900,9.1600,4191900
20130926,9.3000,9.4500,9.0900,9.3800,3040700
20130927,9.1200,9.3000,9.0400,9.3000,1607500
20130930,9.1700,9.2700,9.0500,9.1500,1641100
20131001,9.1700,9.1700,9.1700,9.1700,0
20131002,9.1700,9.1700,9.1700,9.1700,0
20131003,9.1700,9.1700,9.1700,9.1700,0
20131004,9.1700,9.1700,9.1700,9.1700,0
20131007,9.1700,9.1700,9.1700,9.1700,0
20131008,9.4300,9.4700,9.0500,9.2000,3395300
20131009,9.8700,10.1700,9.4300,9.4300,5504400
20131010,9.8800,9.9900,9.7200,9.8800,2974200
20131011,10.0900,10.2500,9.9000,9.9500,3338800
20131014,10.8800,11.1000,10.0900,10.0900,11999100
20131015,11.0000,11.3000,10.5500,10.8800,5701800
20131016,10.2400,10.9300,10.2400,10.9000,4841200
20131017,10.2900,10.6900,9.9900,10.3000,3818400
20131018,10.3000,10.5000,10.1000,10.2600,2412700
20131021,10.3000,10.4300,9.9000,10.3300,3216500
20131022,10.6000,10.8600,10.0800,10.2600,4510200
20131023,10.5000,10.8500,10.2500,10.6200,3277800
20131024,10.4000,10.6300,10.2200,10.5000,1706200
20131025,10.3100,10.6000,9.9200,10.2200,2914700
20131028,10.3300,10.4800,10.1600,10.1700,1674000
20131029,9.9900,10.5900,9.4000,10.3300,3078100
20131030,9.7700,9.9700,9.7000,9.9700,1401800
20131031,8.7900,9.8200,8.7900,9.8200,6098600
20131101,8.2500,8.6000,7.9100,8.1800,8015100
20131104,8.3000,8.3300,8.1200,8.2000,1901900
20131105,8.3700,8.4000,8.0000,8.2500,1382800
20131106,8.3800,8.6300,8.2800,8.3500,2087700
20131107,8.2800,8.4800,8.1800,8.3800,1626100
20131108,7.9400,8.2600,7.6100,8.2000,3139700
20131111,7.8500,7.9500,7.6100,7.9400,1110800
20131112,8.0500,8.1100,7.8000,7.9000,995000
20131113,7.8300,8.1500,7.8300,8.0700,1194700
20131114,7.9500,7.9700,7.7000,7.8100,854400
20131115,8.2200,8.2800,7.9200,7.9500,2703700
20131118,8.3000,8.3800,8.1100,8.2000,3837400
20131119,8.3100,8.4000,8.2400,8.3300,1278700
20131120,8.4300,8.6500,8.3200,8.3200,2069200
20131121,8.3500,8.4300,8.2500,8.4300,1515100
20131122,8.2900,8.4200,8.1900,8.3500,1184300
20131125,8.2200,8.2900,8.1300,8.2900,950100
20131126,8.1900,8.3400,8.1800,8.2700,1031300
20131127,8.3000,8.4000,8.1600,8.2000,2197800
20131128,8.3700,8.4900,8.2200,8.3000,2889800
20131129,8.3600,8.4100,8.2500,8.4000,1966400
20131202,7.7500,8.2000,7.6200,8.2000,3019000
20131203,7.8600,7.9000,7.6700,7.7000,1518400
20131204,7.9100,7.9800,7.7600,7.7600,1925300
20131205,8.3500,8.5400,7.8500,7.9100,3742800
20131206,8.1000,8.2900,8.0500,8.2800,1788300
20131209,8.1700,8.1900,8.0700,8.1900,880100
20131210,8.0900,8.2000,8.0400,8.1700,1008800
20131211,7.9700,8.1100,7.9600,8.1000,1177900
20131212,8.0200,8.0900,7.9300,7.9300,830400
20131213,8.0700,8.0700,7.9600,8.0700,979100
20131216,7.9700,8.1600,7.9600,8.0200,947500
20131217,7.9300,8.0100,7.8200,7.9900,575700
20131218,7.9100,8.0100,7.8900,7.9500,472400
20131219,7.9900,8.0200,7.9000,7.9000,493400
20131220,7.9200,8.1600,7.8300,7.9900,865100
20131223,7.8600,7.9600,7.7400,7.9400,552400
20131224,7.9200,7.9400,7.8200,7.8500,412400
20131225,8.1800,8.2700,7.8800,7.8800,2107900
20131226,8.1800,8.1800,8.1800,8.1800,0
20131227,8.1800,8.1800,8.1800,8.1800,0
20131230,8.1800,8.1800,8.1800,8.1800,0
20131231,8.1800,8.1800,8.1800,8.1800,0
20140101,8.1800,8.1800,8.1800,8.1800,0
20140102,8.4700,8.9800,8.3000,8.3000,6049300
20140103,9.0200,9.2500,8.2300,8.2300,7716700
20140106,8.6100,9.0400,8.4600,8.8400,4590100
20140107,8.6100,8.6100,8.6100,8.6100,0
20140108,8.6100,8.6100,8.6100,8.6100,0
20140109,8.6100,8.6100,8.6100,8.6100,0
20140110,8.3000,8.3300,7.7500,7.8500,4697100
20140113,8.1200,8.3000,7.9600,8.2600,2897800
20140114,8.3000,8.3600,8.0300,8.1000,1466200
20140115,8.7000,8.7900,8.1800,8.3000,2737500
20140116,8.9100,9.1300,8.6000,8.7400,4026300
20140117,8.7300,8.9900,8.7100,8.9200,1187800
20140120,9.6000,9.6000,8.6000,8.7100,5462900
20140121,9.6900,9.8000,8.9500,9.0000,11323600
20140122,9.6800,9.7800,9.5000,9.5500,5463800
20140123,9.6900,9.7300,9.5500,9.6800,2969100
20140124,9.7000,9.9600,9.6100,9.6100,2499500
20140127,9.7100,9.7200,9.4900,9.7100,2006500
20140128,9.9700,10.1600,9.8000,9.8000,2256500
20140129,9.9700,10.0800,9.6100,9.9600,1533300
20140130,9.9700,10.1700,9.8600,9.9700,996700
20140131,9.9700,9.9700,9.9700,9.9700,0
20140203,9.9700,9.9700,9.9700,9.9700,0
20140205,9.9700,9.9700,9.9700,9.9700,0
20140206,9.9700,9.9700,9.9700,9.9700,0
20140207,10.4000,10.6100,9.9600,9.9600,2846100
20140210,11.4400,11.4400,10.2600,10.3100,11423100
20140211,12.5800,12.5800,11.2300,11.6400,9212000
20140212,13.1500,13.1900,12.1000,12.5100,12151700
20140213,12.8800,13.2000,12.5200,13.0000,6173100
20140214,12.8800,13.0400,12.6400,13.0000,4937600
20140217,12.8800,12.9400,12.6100,12.8000,3065200
20140218,13.1600,13.1600,12.6700,12.9000,5299200
20140219,13.0300,13.6000,12.8200,13.0300,4023200
20140220,13.4800,13.5400,12.7200,12.8900,4148000
20140221,13.6500,14.2900,13.5000,13.5000,8399100
20140224,13.6900,14.0700,13.4500,13.6500,3759400
20140225,12.6100,13.7900,12.3500,13.6200,3400100
