20130226,14.2900,14.8000,14.2500,14.8000,4371500
20130227,13.9200,14.5900,13.8700,14.2400,3392800
20130228,14.3000,14.3000,13.7000,13.9800,2744900
20130301,14.4700,14.5200,14.1300,14.3500,2929700
20130304,13.5900,14.4700,13.3500,14.3000,3374200
20130305,13.7600,13.9500,13.3300,13.3300,2574600
20130306,15.1400,15.1400,13.6200,13.7000,6445600
20130307,14.7600,15.9100,14.7200,15.6500,9834600
20130308,14.4100,14.9600,14.3800,14.5600,3340900
20130311,14.7600,14.8700,14.2100,14.4300,2352100
20130312,15.4000,15.8500,14.6200,14.6400,7082700
20130313,15.1800,15.3800,14.5100,15.3000,3567700
20130314,16.1000,16.5000,14.9300,15.0300,7524000
20130315,15.7200,16.5900,15.5200,15.9600,5904900
20130318,15.3000,16.1300,15.2400,15.4700,3743100
20130319,15.0100,15.4000,14.5500,15.1600,3120200
20130320,15.4600,15.4600,14.7800,14.9100,3064400
20130321,16.0800,16.4700,15.3800,15.5100,6435400
20130322,16.3300,16.8000,15.9000,15.9800,5654600
20130325,17.0900,17.1000,15.8900,16.2200,6968300
20130326,18.4200,18.8000,16.5400,16.9000,10045000
20130327,17.8600,18.8500,17.8000,18.2000,7981400
20130328,17.1200,17.7800,16.6000,17.6000,4701300
20130329,18.3900,18.6300,17.2000,17.3300,8536400
20130401,19.1000,19.1000,18.1100,18.2000,6356700
20130402,18.0400,20.1000,17.9300,19.0800,9864800
20130403,19.8400,19.8400,17.7300,17.8600,8136600
20130404,19.8400,19.8400,19.8400,19.8400,0
20130405,19.8400,19.8400,19.8400,19.8400,0
20130408,20.4200,21.5000,19.2000,19.5500,12407700
20130409,20.2500,20.9900,19.8500,20.1200,7937200
20130410,19.3900,20.7000,19.1000,20.0100,6788000
20130411,19.4100,19.9700,19.2100,19.4200,5451500
20130412,20.1100,20.2500,18.8700,19.5000,6543000
20130415,20.1200,20.5700,19.7000,19.8900,5137800
20130416,20.1600,20.2500,19.2000,19.8500,4915000
20130417,20.9500,21.2000,20.0500,20.2500,7385700
20130418,20.8500,21.4000,20.5000,20.7800,4837800
20130419,20.7800,21.2000,20.5800,20.9100,5020600
20130422,21.9200,22.2700,20.2000,20.3200,6928100
20130423,21.4000,22.1700,21.3800,21.5000,5044000
20130424,22.2500,22.6000,21.2900,21.4000,5665700
20130425,21.4500,23.1000,21.4100,22.1900,7127100
20130426,19.4100,21.7000,19.3100,21.3500,5686100
20130429,19.4100,19.4100,19.4100,19.4100,0
20130430,19.4100,19.4100,19.4100,19.4100,0
20130501,19.4100,19.4100,19.4100,19.4100,0
20130502,19.7300,20.1000,18.1100,18.9500,4040700
20130503,19.9300,20.5800,19.5100,19.5100,3675100
20130506,20.0200,20.5500,19.8000,20.1000,4536600
20130507,19.0800,19.8800,18.7300,19.8800,4618800
20130508,20.1100,20.3000,18.9300,18.9400,4921800
20130509,19.8200,20.2000,19.5000,20.0900,3090200
20130510,19.0800,19.7000,18.2800,19.7000,3850200
20130513,19.4600,19.7000,18.8000,19.0100,2665500
20130514,19.3500,19.7600,19.1000,19.4600,2023300
20130515,20.6500,20.8500,19.2600,19.3500,5487700
20130516,20.4000,21.1500,20.1300,20.8000,5136300
20130517,20.4200,20.5600,19.8000,20.4800,4341800
20130520,20.2300,20.5800,19.6000,20.2800,5481800
20130521,21.1600,21.2600,19.6700,20.1500,7769100
20130522,20.4000,21.3900,20.1400,21.1000,6547000
20130523,20.4000,21.1000,20.0000,20.0800,4907800
20130524,21.1400,21.3000,20.2500,20.3000,5907700
20130527,22.1000,22.4000,21.5000,21.5000,6679800
20130528,21.4300,22.2800,21.2900,22.1200,4452000
20130529,21.1100,21.6900,20.6000,21.5000,4040000
20130530,20.9800,21.5200,20.6000,20.9700,2795600
20130531,20.6000,20.9400,20.4200,20.7500,3308500
20130603,19.4900,20.5800,19.4700,20.5700,4276800
20130604,18.9500,19.7500,18.6000,19.4800,2854900
20130605,19.2300,19.3800,18.8800,18.9200,1464400
20130606,18.8900,19.3500,18.8800,19.1500,1245100
20130607,19.0600,19.2700,18.5500,18.8400,1758800
20130610,19.0600,19.0600,19.0600,19.0600,0
20130611,19.0600,19.0600,19.0600,19.0600,0
20130612,19.0600,19.0600,19.0600,19.0600,0
20130613,18.7100,19.0000,18.0000,18.6700,1535300
20130614,19.4100,19.6000,18.6100,18.6100,1945900
20130617,19.0700,19.9700,19.0300,19.4000,1811300
20130618,19.0700,19.0700,19.0700,19.0700,0
20130619,19.0700,19.0700,19.0700,19.0700,0
20130620,19.0700,19.0700,19.0700,19.0700,0
20130621,19.0700,19.0700,19.0700,19.0700,0
20130624,19.0700,19.0700,19.0700,19.0700,0
20130625,19.0700,19.0700,19.0700,19.0700,0
20130626,19.0700,19.0700,19.0700,19.0700,0
20130627,19.0700,19.0700,19.0700,19.0700,0
20130628,19.0700,19.0700,19.0700,19.0700,0
20130701,19.0700,19.0700,19.0700,19.0700,0
20130702,19.0700,19.0700,19.0700,19.0700,0
20130703,19.0700,19.0700,19.0700,19.0700,0
20130704,19.0700,19.0700,19.0700,19.0700,0
20130705,19.0700,19.0700,19.0700,19.0700,0
20130708,19.0700,19.0700,19.0700,19.0700,0
20130709,19.0700,19.0700,19.0700,19.0700,0
20130710,19.0700,19.0700,19.0700,19.0700,0
20130711,19.0700,19.0700,19.0700,19.0700,0
20130712,19.0700,19.0700,19.0700,19.0700,0
20130715,19.0700,19.0700,19.0700,19.0700,0
20130716,19.0700,19.0700,19.0700,19.0700,0
20130717,19.0700,19.0700,19.0700,19.0700,0
20130718,19.0700,19.0700,19.0700,19.0700,0
20130719,19.0700,19.0700,19.0700,19.0700,0
20130722,19.0700,19.0700,19.0700,19.0700,0
20130723,19.0700,19.0700,19.0700,19.0700,0
20130724,19.0700,19.0700,19.0700,19.0700,0
20130725,19.0700,19.0700,19.0700,19.0700,0
20130726,19.0700,19.0700,19.0700,19.0700,0
20130729,19.0700,19.0700,19.0700,19.0700,0
20130730,19.0700,19.0700,19.0700,19.0700,0
20130731,19.0700,19.0700,19.0700,19.0700,0
20130801,19.0700,19.0700,19.0700,19.0700,0
20130802,19.0700,19.0700,19.0700,19.0700,0
20130805,19.0700,19.0700,19.0700,19.0700,0
20130806,19.0700,19.0700,19.0700,19.0700,0
20130807,19.0700,19.0700,19.0700,19.0700,0
20130808,19.0700,19.0700,19.0700,19.0700,0
20130809,19.0700,19.0700,19.0700,19.0700,0
20130812,19.0700,19.0700,19.0700,19.0700,0
20130813,19.0700,19.0700,19.0700,19.0700,0
20130814,19.0700,19.0700,19.0700,19.0700,0
20130815,19.0700,19.0700,19.0700,19.0700,0
20130816,19.0700,19.0700,19.0700,19.0700,0
20130819,19.0700,19.0700,19.0700,19.0700,0
20130820,19.0700,19.0700,19.0700,19.0700,0
20130821,19.0700,19.0700,19.0700,19.0700,0
20130822,19.0700,19.0700,19.0700,19.0700,0
20130823,19.0700,19.0700,19.0700,19.0700,0
20130826,19.0700,19.0700,19.0700,19.0700,0
20130827,19.0700,19.0700,19.0700,19.0700,0
20130828,19.0700,19.0700,19.0700,19.0700,0
20130829,19.0700,19.0700,19.0700,19.0700,0
20130830,20.9800,20.9800,20.6100,20.9800,5254200
20130902,21.1300,22.4400,20.6000,20.8000,7855700
20130903,20.3800,21.0000,20.0500,20.5400,4009000
20130904,20.7800,21.3100,20.4800,20.5100,3706800
20130905,20.1000,20.9000,20.0000,20.9000,3269700
20130906,20.1000,20.5300,19.9800,20.0000,1927300
20130909,19.1800,20.1700,18.7800,20.1700,3856900
20130910,19.0000,19.0600,18.5600,19.0100,2173300
20130911,17.7000,18.9000,17.3900,18.9000,3591900
20130912,17.7500,17.9900,17.4000,17.6300,1505200
20130913,17.9300,18.0000,17.4500,17.8200,1214000
20130916,18.4300,18.6400,17.9000,17.9900,1668600
20130917,18.0900,18.8800,18.0100,18.5400,1308400
20130918,17.7400,18.0800,17.5200,18.0700,1049700
20130920,17.7400,17.7400,17.7400,17.7400,0
20130923,18.0100,18.0300,17.3700,17.7500,2015300
20130924,17.8000,18.2900,17.7300,18.0100,1446200
20130925,17.4300,17.8700,17.3800,17.8000,1653300
20130926,16.5600,17.5200,16.5200,17.5000,1961400
20130927,16.9600,17.7700,16.8100,16.8300,1751900
20130930,16.9700,17.2300,16.8600,16.9100,904800
20131001,16.9700,16.9700,16.9700,16.9700,0
20131002,16.9700,16.9700,16.9700,16.9700,0
20131003,16.9700,16.9700,16.9700,16.9700,0
20131004,16.9700,16.9700,16.9700,16.9700,0
20131007,16.9700,16.9700,16.9700,16.9700,0
20131008,17.2600,17.3000,16.8000,17.0800,1508500
20131009,17.7100,17.7800,17.2500,17.4000,1982600
20131010,17.5600,17.9000,17.5100,17.7100,1693200
20131011,17.3200,17.7500,17.2600,17.5700,1374000
20131014,17.4600,17.5700,17.1600,17.3400,1175600
20131015,16.8900,17.5500,16.8000,17.5000,1693200
20131016,17.2200,17.4000,16.8900,16.9000,1960400
20131017,17.1700,17.4700,17.0000,17.1800,1244200
20131018,16.6800,17.2000,16.3000,17.2000,1479100
20131021,16.8900,16.9200,16.5600,16.8000,1191400
20131022,16.5200,16.9600,16.4500,16.9600,1160200
20131023,15.8500,16.6000,15.6000,16.5000,1439500
20131024,15.8000,15.9800,15.7500,15.7700,595500
20131025,15.3800,15.9500,15.3300,15.8600,814200
20131028,14.8400,15.5800,14.8100,15.5800,869800
20131029,13.9200,15.0700,13.4500,14.8800,1387100
20131030,14.1600,14.2000,13.8000,13.8200,750900
20131031,15.3000,15.5800,14.1000,14.1700,2771600
20131101,14.8600,15.3500,14.7500,14.8900,1333400
20131104,14.9700,15.0100,14.6100,14.8600,735700
20131105,14.9400,14.9600,14.5300,14.9600,830900
20131106,15.5300,15.8500,14.9000,14.9300,1867100
20131107,15.5300,15.5300,15.5300,15.5300,0
20131108,15.5300,15.5300,15.5300,15.5300,0
20131111,15.5300,15.5300,15.5300,15.5300,0
20131112,15.5300,15.5300,15.5300,15.5300,0
20131113,15.5300,15.5300,15.5300,15.5300,0
20131114,15.5300,15.5300,15.5300,15.5300,0
20131115,15.5300,15.5300,15.5300,15.5300,0
20131118,17.0800,17.0800,17.0800,17.0800,733200
20131119,17.8000,18.7900,17.1000,18.7900,6075200
20131120,17.3800,17.5900,17.1900,17.4000,2406000
20131121,16.8500,17.2700,16.6500,17.2000,1874000
20131122,16.9100,17.3600,16.7000,16.8600,1641000
20131125,16.7500,16.8700,16.4500,16.8600,1269700
20131126,16.9700,17.0800,16.6600,16.7600,1291500
20131127,16.9400,17.2900,16.8900,16.9800,1550200
20131128,17.0200,17.2000,16.8100,16.9300,1579000
20131129,17.6800,17.8400,16.9600,17.0600,2556600
20131202,16.0900,17.5000,16.0000,16.9500,2283700
20131203,16.7100,16.8500,16.0000,16.0100,1007000
20131204,16.9900,17.2000,16.4200,16.5000,1281900
20131205,17.6800,18.1200,17.2000,17.2000,2770400
20131206,17.3100,17.6500,17.1000,17.6500,1158600
20131209,17.5600,17.8100,17.3300,17.3300,971100
20131210,17.4500,17.7000,17.4300,17.5700,687100
20131211,16.8400,17.3900,16.5800,17.3900,1309500
20131212,16.5000,16.9500,16.4600,16.8400,1601400
20131213,16.5700,16.8000,16.4900,16.6500,801600
20131216,16.2400,16.6800,16.2000,16.5700,806000
20131217,16.3000,16.5700,16.2000,16.2000,598800
20131218,16.2000,16.5000,16.1500,16.3000,548800
20131219,16.0200,16.4200,16.0000,16.1600,859800
20131220,15.9400,16.0400,15.7200,16.0200,654200
20131223,16.3200,17.2200,16.2000,16.3200,1725700
20131224,16.4300,16.5800,16.0600,16.0600,1006900
20131225,16.6500,16.8600,16.4400,16.5600,1218800
20131226,16.0000,16.6800,16.0000,16.5800,1537200
20131227,16.4600,16.5000,15.9200,16.0300,1783800
20131230,16.7900,16.9800,16.3700,16.5400,1623800
20131231,16.5400,16.7600,16.4400,16.7000,1247000
20140101,16.5400,16.5400,16.5400,16.5400,0
20140102,16.9600,16.9900,16.3900,16.4800,1518400
20140103,17.5100,17.6000,16.8200,16.9600,3020200
20140106,17.1300,17.6400,16.9200,17.4600,1735200
20140107,17.3300,17.4200,16.9400,17.2300,1517600
20140108,17.4400,17.9900,17.4200,17.4800,2328400
20140109,17.2800,17.6200,17.0900,17.3800,1628600
20140110,17.0500,17.3500,16.8000,17.1500,1266700
20140113,17.1300,17.2200,16.9700,17.0400,751200
20140114,17.6100,17.6100,16.8900,17.0400,1839000
20140115,17.6800,17.8100,17.4000,17.5200,1610300
20140116,18.4800,18.6600,17.7000,17.7000,3931900
20140117,18.5800,18.6200,18.1400,18.2900,2206500
20140120,18.2000,18.8800,18.1800,18.4700,3039900
20140121,18.5800,18.6800,18.1000,18.2800,1465000
20140122,18.9500,19.5500,18.6200,18.6200,2353000
20140123,18.9100,19.1600,18.7900,18.9600,1774100
20140124,18.8500,19.2800,18.8000,18.9300,1865200
20140127,18.5500,18.8000,18.4200,18.8000,1838000
20140128,18.2600,18.7000,18.0100,18.5500,1292700
20140129,18.6300,18.6500,18.2000,18.3800,1273000
20140130,18.9600,19.3500,18.5100,18.5600,2038600
20140131,18.9600,18.9600,18.9600,18.9600,0
20140203,18.9600,18.9600,18.9600,18.9600,0
20140205,18.9600,18.9600,18.9600,18.9600,0
20140206,18.9600,18.9600,18.9600,18.9600,0
20140207,19.6400,19.6500,18.6100,18.7700,2680300
20140210,19.7100,19.8000,19.4400,19.6600,2639600
20140211,19.4400,19.9700,19.3500,19.6400,2571000
20140212,19.4700,19.5000,19.0900,19.4000,2202900
20140213,19.1600,19.8100,19.1000,19.4800,2057200
20140214,19.3500,19.4000,19.0600,19.1500,1351600
20140217,19.7200,19.8000,19.3100,19.3200,2421000
20140218,19.4700,19.8800,19.4200,19.8000,2199000
20140219,19.2200,19.5500,19.0100,19.3300,2196300
20140220,18.5200,19.2200,18.4900,19.2200,2089100
20140221,18.4100,18.7800,18.3100,18.5500,1401100
20140224,18.9100,18.9400,18.3300,18.6000,1312600
20140225,17.7600,19.1000,17.6000,18.7900,1703800
