20130226,18.1000,18.9000,17.6400,18.4500,3212500
20130227,18.0000,18.3700,17.8000,18.0900,1161800
20130228,18.2100,18.2800,17.7600,17.9000,1058400
20130301,18.4500,18.6400,18.2200,18.2200,1400100
20130304,18.2100,18.9400,18.0500,18.4600,2584300
20130305,18.8800,18.8900,18.3100,18.4000,1984100
20130306,19.2000,19.9000,19.1000,19.2500,4229000
20130307,18.3000,19.4400,18.0700,18.9500,3401100
20130308,19.6000,19.9500,18.3000,18.3000,5447400
20130311,19.5000,19.9300,19.0100,19.5700,1821600
20130312,19.0300,19.7300,18.6900,19.2800,2140800
20130313,19.1000,19.1900,18.4000,18.9400,1635200
20130314,19.0500,19.3700,18.8500,19.1200,1775400
20130315,18.9800,19.4500,18.8100,19.0400,1948000
20130318,19.2100,19.3300,18.8300,18.9500,2396300
20130319,19.8900,19.9500,18.9800,19.2500,3823400
20130320,19.8900,19.9300,19.5000,19.9000,3303200
20130321,20.1000,20.2000,19.8200,19.9000,2333200
20130322,20.1800,20.4900,20.0800,20.1200,1983100
20130325,21.0500,21.0900,20.1100,20.1100,3646000
20130326,21.0500,21.0500,21.0500,21.0500,0
20130327,21.0500,21.0500,21.0500,21.0500,0
20130328,21.0500,21.0500,21.0500,21.0500,0
20130329,21.0500,21.0500,21.0500,21.0500,0
20130401,21.0500,21.0500,21.0500,21.0500,0
20130402,21.0500,21.0500,21.0500,21.0500,0
20130403,21.0500,21.0500,21.0500,21.0500,0
20130404,21.0500,21.0500,21.0500,21.0500,0
20130405,21.0500,21.0500,21.0500,21.0500,0
20130408,21.0500,21.0500,21.0500,21.0500,0
20130409,21.0500,21.0500,21.0500,21.0500,0
20130410,21.0500,21.0500,21.0500,21.0500,0
20130411,21.0500,21.0500,21.0500,21.0500,0
20130412,21.0500,21.0500,21.0500,21.0500,0
20130415,21.0500,21.0500,21.0500,21.0500,0
20130416,21.0500,21.0500,21.0500,21.0500,0
20130417,21.0500,21.0500,21.0500,21.0500,0
20130418,21.0500,21.0500,21.0500,21.0500,0
20130419,21.0500,21.0500,21.0500,21.0500,0
20130422,21.0500,21.0500,21.0500,21.0500,0
20130423,21.0500,21.0500,21.0500,21.0500,0
20130424,21.0500,21.0500,21.0500,21.0500,0
20130425,21.0500,21.0500,21.0500,21.0500,0
20130426,21.0500,21.0500,21.0500,21.0500,0
20130429,21.0500,21.0500,21.0500,21.0500,0
20130430,21.0500,21.0500,21.0500,21.0500,0
20130501,21.0500,21.0500,21.0500,21.0500,0
20130502,21.0500,21.0500,21.0500,21.0500,0
20130503,21.0500,21.0500,21.0500,21.0500,0
20130506,21.0500,21.0500,21.0500,21.0500,0
20130507,21.0500,21.0500,21.0500,21.0500,0
20130508,21.0500,21.0500,21.0500,21.0500,0
20130509,21.0500,21.0500,21.0500,21.0500,0
20130510,21.0500,21.0500,21.0500,21.0500,0
20130513,21.0500,21.0500,21.0500,21.0500,0
20130514,21.0500,21.0500,21.0500,21.0500,0
20130515,21.0500,21.0500,21.0500,21.0500,0
20130516,21.0500,21.0500,21.0500,21.0500,0
20130517,21.0500,21.0500,21.0500,21.0500,0
20130520,21.0500,21.0500,21.0500,21.0500,0
20130521,21.0500,21.0500,21.0500,21.0500,0
20130522,21.0500,21.0500,21.0500,21.0500,0
20130523,21.0500,21.0500,21.0500,21.0500,0
20130524,21.0500,21.0500,21.0500,21.0500,0
20130527,21.0500,21.0500,21.0500,21.0500,0
20130528,21.0500,21.0500,21.0500,21.0500,0
20130529,21.0500,21.0500,21.0500,21.0500,0
20130530,21.0500,21.0500,21.0500,21.0500,0
20130531,21.0500,21.0500,21.0500,21.0500,0
20130603,21.0500,21.0500,21.0500,21.0500,0
20130604,21.0500,21.0500,21.0500,21.0500,0
20130605,21.0500,21.0500,21.0500,21.0500,0
20130606,21.0500,21.0500,21.0500,21.0500,0
20130607,21.0500,21.0500,21.0500,21.0500,0
20130610,21.0500,21.0500,21.0500,21.0500,0
20130611,21.0500,21.0500,21.0500,21.0500,0
20130612,21.0500,21.0500,21.0500,21.0500,0
20130613,21.0500,21.0500,21.0500,21.0500,0
20130614,21.0500,21.0500,21.0500,21.0500,0
20130617,21.0500,21.0500,21.0500,21.0500,0
20130618,21.0500,21.0500,21.0500,21.0500,0
20130619,21.0500,21.0500,21.0500,21.0500,0
20130620,21.0500,21.0500,21.0500,21.0500,0
20130621,21.0500,21.0500,21.0500,21.0500,0
20130624,21.0500,21.0500,21.0500,21.0500,0
20130625,21.0500,21.0500,21.0500,21.0500,0
20130626,21.0500,21.0500,21.0500,21.0500,0
20130627,21.0500,21.0500,21.0500,21.0500,0
20130628,21.0500,21.0500,21.0500,21.0500,0
20130701,21.0500,21.0500,21.0500,21.0500,0
20130702,20.8600,22.8000,20.0500,22.8000,9913600
20130703,22.9500,22.9500,20.6000,20.7800,9909800
20130704,23.0300,24.3300,22.6800,23.0000,12760400
20130705,22.5800,23.9900,22.3300,22.7500,6044900
20130708,21.0800,22.3800,20.6000,22.3800,4943700
20130709,20.9900,21.3400,20.5000,21.0600,3841700
20130710,21.4100,21.9000,20.6600,21.1800,4712600
20130711,22.2300,22.6500,21.0100,21.4100,5005700
20130712,22.8900,23.5000,22.0400,22.3000,4777600
20130715,23.1500,23.3000,22.6800,22.8900,3187500
20130716,23.1900,23.3500,22.3800,23.0000,2732800
20130717,22.0000,23.0000,21.9500,23.0000,2749700
20130718,22.3600,22.5000,21.6000,22.1900,1935800
20130719,21.5400,22.4700,21.5100,22.3500,1754300
20130722,21.4500,21.5300,20.7800,21.3000,2123500
20130723,21.8800,21.9900,21.1400,21.4600,1714300
20130724,23.0700,23.2700,21.7900,21.7900,4607900
20130725,22.2600,23.1400,22.0200,23.0000,2607100
20130726,22.4800,22.7600,22.0100,22.0900,1837600
20130729,21.7500,22.4700,21.6300,22.4200,1571700
20130730,20.9400,22.0900,20.8700,21.7300,1542900
20130731,21.1900,21.4300,20.7700,20.9900,1699600
20130801,21.6300,21.6600,20.9100,21.2000,1809400
20130802,21.5200,21.7800,21.4000,21.4000,1483000
20130805,21.5700,21.6700,21.1700,21.5000,1247300
20130806,21.5900,21.7000,21.4100,21.5500,1541400
20130807,22.6000,22.7000,21.7300,21.7300,3625500
20130808,22.7700,23.0200,22.3000,22.3000,2970600
20130809,22.7200,23.2700,22.6500,22.7700,2520200
20130812,22.2800,22.9000,22.0600,22.6100,2480100
20130813,23.1500,23.1500,22.1100,22.2400,2352200
20130814,22.7700,23.4100,22.5200,23.1800,2021300
20130815,21.9800,22.7600,21.9100,22.6000,2132300
20130816,22.0800,22.4300,21.8800,21.9800,1922900
20130819,22.9100,23.0000,21.6000,22.0800,2638400
20130820,23.3600,23.3800,22.7200,22.7200,3382300
20130821,23.6900,24.0000,23.0000,23.3700,3541800
20130822,24.1600,24.2000,23.4000,23.5400,2549600
20130823,24.6000,24.6700,23.6100,24.1600,3117100
20130826,24.6100,24.7700,24.3400,24.5900,2325400
20130827,24.8100,25.2800,23.8700,24.5600,2585400
20130828,24.7600,25.3000,24.2400,24.6000,2164700
20130829,25.0000,25.2800,24.3900,24.3900,2126700
20130830,24.8200,25.5000,24.7600,25.0000,2073300
20130902,24.4000,25.1700,24.1500,24.9000,1971900
20130903,24.9500,24.9800,24.1800,24.4500,1538100
20130904,24.1700,24.9800,24.1300,24.9800,1134900
20130905,24.1500,24.4000,24.1000,24.1700,1048500
20130906,24.9300,25.0000,24.1800,24.1800,1711400
20130909,24.5600,25.2000,24.3000,24.9600,1282700
20130910,24.4900,24.8600,24.2800,24.5700,902800
20130911,25.3300,25.4800,24.3200,24.4900,1900000
20130912,25.1400,25.6800,24.9100,25.3300,2091800
20130913,25.2000,25.4400,24.9000,25.1500,1135300
20130916,24.9300,25.4200,24.7700,25.2500,1082500
20130917,25.2000,25.2100,23.8000,24.8000,2419700
20130918,25.2900,25.3300,24.4700,25.1500,922700
20130920,25.2900,25.2900,25.2900,25.2900,0
20130923,25.4500,25.5000,25.1100,25.4400,776900
20130924,26.9500,26.9900,25.4400,25.4400,3161500
20130925,26.9400,27.4900,26.4400,27.1600,1591500
20130926,26.5300,26.9500,26.3000,26.9400,1222800
20130927,27.2000,27.2000,26.2800,26.5900,2553600
20130930,27.3900,27.8000,26.7300,27.3400,1867800
20131001,27.3900,27.3900,27.3900,27.3900,0
20131002,27.3900,27.3900,27.3900,27.3900,0
20131003,27.3900,27.3900,27.3900,27.3900,0
20131004,27.3900,27.3900,27.3900,27.3900,0
20131007,27.3900,27.3900,27.3900,27.3900,0
20131008,27.1400,27.4000,26.6800,27.4000,1477300
20131009,27.1400,27.1400,27.1400,27.1400,0
20131010,27.1400,27.1400,27.1400,27.1400,0
20131011,27.1400,27.1400,27.1400,27.1400,0
20131014,27.1400,27.1400,27.1400,27.1400,0
20131015,27.1400,27.1400,27.1400,27.1400,0
20131016,27.1400,27.1400,27.1400,27.1400,0
20131017,27.1400,27.1400,27.1400,27.1400,0
20131018,26.5800,26.7000,24.4300,24.4300,11331100
20131021,27.0300,27.1000,25.2900,26.1300,4503800
20131022,27.0800,27.7800,26.6600,27.0100,2215800
20131023,27.1100,27.1500,26.5000,27.0800,2506100
20131024,27.6400,27.7800,26.5600,27.1100,2234300
20131025,26.6900,27.8800,26.5100,27.6400,1308400
20131028,26.9900,27.1100,24.3300,26.3200,2086600
20131029,27.3300,27.5500,26.3200,26.8800,2742000
20131030,27.0500,27.3300,26.8500,27.3300,748300
20131031,26.8900,27.2000,26.7500,26.9600,1222900
20131101,26.9600,27.0700,26.6500,26.8000,996400
20131104,26.9600,26.9600,26.9600,26.9600,0
20131105,26.9600,26.9600,26.9600,26.9600,0
20131106,26.9600,26.9600,26.9600,26.9600,0
20131107,26.9600,26.9600,26.9600,26.9600,0
20131108,28.6200,29.0800,26.1000,26.9000,5715900
20131111,28.8000,29.0500,28.0100,28.6100,2787000
20131112,28.9300,29.1800,28.4100,28.8000,1605200
20131113,28.5200,29.0000,28.5000,28.9300,574600
20131114,28.3100,28.8300,28.3000,28.3000,508000
20131115,29.4800,29.6600,28.1000,28.3100,1678200
20131118,30.0100,30.0300,29.2000,29.5000,1003500
20131119,29.9900,30.1500,29.7000,30.0500,474900
20131120,31.9000,32.2300,29.8000,29.9800,2186000
20131121,31.0700,31.9000,30.8000,31.9000,1547900
20131122,31.1400,31.3800,30.8500,31.0700,867700
20131125,30.6400,31.2900,30.3100,31.1500,1316500
20131126,30.9300,31.2000,30.4500,30.6400,823300
20131127,30.3300,30.9200,29.6000,30.9200,1665400
20131128,30.2900,30.5200,30.0000,30.3300,840900
20131129,31.6500,31.6500,30.3100,30.3100,6310800
20131202,31.8400,32.5900,30.6900,31.3100,1980300
20131203,32.6400,32.7600,31.0800,31.8000,1698800
20131204,33.6800,34.4800,32.3000,32.3000,2159700
20131205,37.0500,37.0500,33.5400,33.9800,4910800
20131206,38.7000,40.7600,37.0100,37.8000,6739500
20131209,41.1300,41.9500,38.7000,38.7300,8238900
20131210,40.8400,41.0100,37.1300,40.0200,3766000
20131211,39.9000,41.0000,38.8000,40.0000,2677200
20131212,39.2200,39.8700,38.7100,39.0000,3464800
20131213,43.1400,43.1400,38.7800,38.8000,5307400
20131216,44.5200,46.3000,41.3100,43.0500,4584000
20131217,48.0000,48.9700,43.5000,44.5600,6973400
20131218,47.8000,49.3300,46.0000,48.1600,4981500
20131219,52.5800,52.5800,46.8400,47.0000,7251900
20131220,51.5000,56.2600,50.2100,52.6000,10296600
20131223,54.2100,55.0000,47.0000,51.4900,8689700
20131224,53.8000,56.4700,51.8600,53.7400,7212900
20131225,52.7000,55.0300,51.6100,52.5000,5391100
20131226,51.5500,54.2000,51.1200,52.6000,4320900
20131227,48.5800,52.0000,48.0000,51.4000,5261500
20131230,46.7500,48.4000,45.5400,48.4000,5491100
20131231,47.5000,47.6900,45.8800,46.4800,4466300
20140101,47.5000,47.5000,47.5000,47.5000,0
20140102,47.6000,48.2900,46.1700,46.5100,3030600
20140103,47.6000,47.6000,47.6000,47.6000,0
20140106,47.6000,47.6000,47.6000,47.6000,0
20140107,47.6000,47.6000,47.6000,47.6000,0
20140108,47.6000,47.6000,47.6000,47.6000,0
20140109,47.6000,47.6000,47.6000,47.6000,0
20140110,49.4400,51.3000,46.6600,47.8600,5804200
20140113,47.9300,49.5000,47.5500,48.1200,2402700
20140114,48.9100,49.4900,44.8000,47.1600,3296300
20140115,48.5400,49.4900,47.6900,48.4800,1423600
20140116,47.5000,49.7700,47.0000,48.4300,1876400
20140117,47.6000,47.9600,45.3700,47.0000,2413900
20140120,45.9700,47.5600,45.1100,47.0200,1330600
20140121,44.9000,45.7000,43.4000,45.3200,2977500
20140122,45.0800,46.2300,44.7100,44.9000,1471300
20140123,45.6900,46.4500,45.0000,45.1700,1453700
20140124,45.9200,46.3000,45.2200,45.6900,1704800
20140127,46.1000,46.5700,44.8700,45.3700,1991600
20140128,45.9100,46.4900,45.5600,46.4900,651900
20140129,47.3100,47.3300,45.5800,45.9000,1299600
20140130,49.1200,51.8000,47.0000,47.3700,1586100
20140131,49.1200,49.1200,49.1200,49.1200,0
20140203,49.1200,49.1200,49.1200,49.1200,0
20140205,49.1200,49.1200,49.1200,49.1200,0
20140206,49.1200,49.1200,49.1200,49.1200,0
20140207,49.9700,51.0000,48.8100,49.1500,1165600
20140210,50.0200,50.6800,49.4000,50.1000,1192400
20140211,49.4000,50.1800,48.0600,50.0000,1662500
20140212,53.8800,54.0000,48.6000,49.8900,2730500
20140213,54.0200,56.0000,53.8900,53.8900,2639900
20140214,55.3800,55.6000,53.0000,54.0000,1909300
20140217,55.0000,56.3000,54.6500,55.3000,1357400
20140218,53.4000,54.8000,51.8900,54.4500,2669800
20140219,50.9100,53.2800,50.8100,53.2800,2074200
20140220,49.8900,51.9100,49.3600,51.2000,1210800
20140221,50.4000,51.2000,49.5000,49.7500,1399500
20140224,50.0000,50.7000,49.7000,49.8500,1175700
20140225,48.1000,50.7400,47.3100,50.0000,1342000
