20130226,5.1900,5.2800,5.1200,5.2200,4438200
20130227,5.1500,5.2400,5.0900,5.1500,3703600
20130228,5.2400,5.2600,5.1000,5.1800,4622100
20130301,5.4400,5.5000,5.2000,5.2000,7582400
20130304,5.2400,5.6200,5.2300,5.3500,10425200
20130305,5.5000,5.5000,5.2500,5.2500,7756000
20130306,5.6300,6.0300,5.5600,5.7500,15884200
20130307,5.7900,5.8800,5.5600,5.6000,13854300
20130308,5.5800,5.7700,5.5600,5.6800,6445800
20130311,5.5100,5.6500,5.4700,5.6100,4148800
20130312,5.3000,5.5300,5.2000,5.4800,5342500
20130313,5.2200,5.3000,5.1600,5.2800,2693600
20130314,5.1800,5.2600,5.1200,5.2200,1780300
20130315,5.2500,5.4500,5.1100,5.1600,4230400
20130318,5.0800,5.2700,5.0800,5.2700,2466100
20130319,5.2300,5.3000,5.0500,5.0500,3366500
20130320,5.3200,5.3600,5.2000,5.2500,4311600
20130321,5.3500,5.4700,5.3100,5.3400,4686400
20130322,5.4100,5.5300,5.3700,5.4600,5155200
20130325,5.3700,5.4300,5.3100,5.3900,2812500
20130326,5.3400,5.3600,5.2000,5.3500,3091300
20130327,5.5000,5.5000,5.2600,5.3400,4063600
20130328,5.5400,5.7600,5.5100,5.7500,14344200
20130329,5.4100,5.5500,5.2600,5.4100,7482000
20130401,5.3200,5.3900,5.2600,5.3400,3723900
20130402,5.1700,5.3800,5.1400,5.3100,4024300
20130403,5.1300,5.2300,5.1100,5.1800,2316800
20130404,5.1300,5.1300,5.1300,5.1300,0
20130405,5.1300,5.1300,5.1300,5.1300,0
20130408,5.1400,5.1900,4.9000,5.1000,2633700
20130409,5.1800,5.2200,5.1100,5.1300,1605200
20130410,5.1600,5.2000,5.0200,5.1300,2064400
20130411,5.0400,5.1800,5.0200,5.1800,1776200
20130412,4.9000,5.0200,4.9000,5.0200,2112100
20130415,4.7300,4.9100,4.7000,4.9100,1808800
20130416,4.8000,4.8000,4.6100,4.6500,1407900
20130417,4.7900,4.8000,4.7000,4.7600,1762100
20130418,4.7500,4.8100,4.6800,4.7300,1719700
20130419,4.9000,4.9200,4.7500,4.7800,3143100
20130422,4.9400,4.9700,4.8500,4.8500,3123800
20130423,4.8200,4.9700,4.7800,4.9200,2469100
20130424,4.9000,4.9400,4.8200,4.8200,1986400
20130425,4.8200,4.9200,4.8200,4.8800,2590300
20130426,4.6100,4.8800,4.6000,4.8600,2529300
20130429,4.6100,4.6100,4.6100,4.6100,0
20130430,4.6100,4.6100,4.6100,4.6100,0
20130501,4.6100,4.6100,4.6100,4.6100,0
20130502,4.6300,4.6800,4.5400,4.6300,1511400
20130503,4.8500,4.9500,4.6800,4.6800,4083600
20130506,5.1100,5.1100,4.9100,4.9200,6569700
20130507,5.0700,5.1500,5.0200,5.1200,3233300
20130508,5.1800,5.2000,5.0400,5.0400,4069000
20130509,5.1900,5.2200,5.0800,5.1900,4673900
20130510,5.3200,5.3300,5.1400,5.1600,6805100
20130513,5.3400,5.3800,5.2200,5.3300,4189000
20130514,5.1900,5.3500,5.1200,5.3100,3625900
20130515,5.2300,5.2400,5.1500,5.1800,3204300
20130516,5.2600,5.3200,5.1700,5.2300,4284900
20130517,5.2800,5.3000,5.1400,5.2700,7009200
20130520,5.5100,5.6500,5.2900,5.3200,12630700
20130521,5.5800,5.6300,5.4200,5.4500,9764600
20130522,5.5200,5.7000,5.4200,5.5800,9078100
20130523,5.4700,5.6200,5.3800,5.4800,5580200
20130524,5.5900,5.5900,5.4200,5.4600,5395100
20130527,5.5500,5.7500,5.5100,5.7500,7535300
20130528,5.5800,5.6800,5.5100,5.5500,6634000
20130529,5.7500,5.8200,5.5800,5.6000,10911400
20130530,5.8600,5.9900,5.6800,5.7800,9317100
20130531,6.0000,6.0900,5.7500,5.8600,11012400
20130603,6.4500,6.5700,5.9300,5.9900,23099000
20130604,6.3300,6.5300,6.1700,6.4500,12416000
20130605,6.6000,6.7800,6.2300,6.3200,16817600
20130606,6.5900,6.7900,6.4600,6.5900,15066800
20130607,5.9300,6.6900,5.9300,6.5100,18478400
20130610,5.9300,5.9300,5.9300,5.9300,0
20130611,5.9300,5.9300,5.9300,5.9300,0
20130612,5.9300,5.9300,5.9300,5.9300,0
20130613,5.8200,5.9400,5.4100,5.7500,12339700
20130614,5.8900,6.0000,5.6700,5.7500,8550400
20130617,5.9600,6.1100,5.7700,5.9000,9559600
20130618,5.8800,5.9500,5.6200,5.9200,7086100
20130619,6.0600,6.1300,5.7200,5.7800,8341300
20130620,5.8500,6.1400,5.8400,6.0100,6698700
20130621,5.9700,6.0700,5.6100,5.6900,7158400
20130624,5.6500,6.0500,5.4000,6.0100,9743200
20130625,5.6600,5.7700,5.0900,5.6000,10087500
20130626,5.6500,5.7300,5.4500,5.6700,8400900
20130627,5.6800,5.8300,5.6100,5.6300,8234900
20130628,6.0800,6.0900,5.6100,5.6900,14529700
20130701,6.3100,6.4300,6.1000,6.1500,16957400
20130702,6.3600,6.3700,6.1800,6.3200,11817500
20130703,6.3400,6.4900,6.1400,6.4900,12043700
20130704,6.1900,6.3300,6.1700,6.2000,8863100
20130705,6.1400,6.2400,6.1000,6.1900,7194600
20130708,6.7500,6.7500,6.3800,6.5500,35587300
20130709,6.7700,6.7800,6.5200,6.6000,24258000
20130710,6.6700,6.8000,6.5100,6.7700,19231900
20130711,6.6600,6.7700,6.5600,6.6000,18878500
20130712,6.6700,6.9800,6.5600,6.7300,21240800
20130715,6.7400,6.7400,6.5100,6.6700,13118100
20130716,7.0100,7.1800,6.6700,6.7400,20446900
20130717,6.8600,7.0500,6.8200,7.0500,11041700
20130718,6.6200,6.8300,6.6100,6.7400,10209400
20130719,6.4100,6.7700,6.3300,6.6200,11460600
20130722,6.6500,6.6700,6.2400,6.3300,6943800
20130723,6.7400,6.7600,6.5700,6.5700,7909900
20130724,7.0700,7.2500,6.8400,6.9800,21475000
20130725,6.7600,7.0600,6.7100,7.0000,11461500
20130726,6.5800,6.8100,6.4500,6.7900,7568200
20130729,6.6400,6.6600,6.3800,6.5000,5269700
20130730,6.3900,6.6800,6.3000,6.6100,5709100
20130731,6.2500,6.4900,6.2100,6.3500,6663800
20130801,6.4900,6.4900,6.2500,6.2900,5491400
20130802,6.5100,6.6900,6.4800,6.6300,5818000
20130805,6.5800,6.6000,6.4700,6.4700,4269600
20130806,6.7400,6.7700,6.5500,6.5700,6797400
20130807,6.6400,6.7400,6.5600,6.7400,5630600
20130808,6.5400,6.6500,6.5000,6.6400,4994600
20130809,6.5000,6.6500,6.4100,6.6500,4547600
20130812,6.7800,6.7900,6.4700,6.5000,8575000
20130813,6.7300,6.8000,6.6500,6.7900,5098100
20130814,6.7500,6.9300,6.7000,6.7000,7576100
20130815,6.4600,6.9100,6.4600,6.8100,8187000
20130816,6.3800,6.6000,6.3600,6.3800,4786800
20130819,6.5800,6.5800,6.3600,6.3800,4206300
20130820,6.8100,6.8200,6.5300,6.5700,9604100
20130821,6.7400,6.8100,6.6100,6.7800,7596600
20130822,6.6400,6.7800,6.6400,6.7800,5684500
20130823,6.5900,6.7500,6.4300,6.6500,6097100
20130826,6.7000,6.7200,6.5500,6.6000,5209000
20130827,6.5500,6.7000,6.5000,6.6600,7284900
20130828,6.2700,6.5400,6.2500,6.5400,9928800
20130829,6.2100,6.3300,6.1500,6.2700,5251000
20130830,6.0400,6.2500,6.0400,6.2500,5504100
20130902,6.1400,6.1600,5.9400,6.0500,4667800
20130903,6.2100,6.2200,6.0600,6.1400,3143600
20130904,6.1000,6.2600,6.0800,6.2500,5058800
20130905,6.1200,6.1600,6.0000,6.0900,3987300
20130906,6.1700,6.2000,6.0500,6.0900,3469700
20130909,6.1900,6.2300,6.1300,6.1700,5003500
20130910,6.2000,6.2500,6.1600,6.2100,4374400
20130911,6.0700,6.2200,6.0200,6.2100,5149100
20130912,6.1100,6.1500,6.0200,6.0800,3393300
20130913,6.1200,6.1500,6.0500,6.1200,4479000
20130916,6.2000,6.2500,6.1100,6.1400,4729200
20130917,6.0500,6.2300,6.0300,6.2000,3930600
20130918,6.1000,6.1300,6.0000,6.0500,2295900
20130920,6.1000,6.1000,6.1000,6.1000,0
20130923,6.1300,6.1300,5.9800,6.1000,5062800
20130924,6.1700,6.1700,6.0700,6.1300,5306900
20130925,6.1200,6.2000,6.1100,6.1700,3654400
20130926,6.0000,6.1100,5.9600,6.0700,4650400
20130927,5.9800,6.0300,5.9500,5.9700,2875000
20130930,6.2900,6.3000,5.9800,5.9800,9897300
20131001,6.2900,6.2900,6.2900,6.2900,0
20131002,6.2900,6.2900,6.2900,6.2900,0
20131003,6.2900,6.2900,6.2900,6.2900,0
20131004,6.2900,6.2900,6.2900,6.2900,0
20131007,6.2900,6.2900,6.2900,6.2900,0
20131008,6.6100,6.8600,6.4600,6.4600,18706100
20131009,6.6000,6.6500,6.4500,6.5000,9531000
20131010,6.6900,6.7800,6.5100,6.5500,12729900
20131011,6.8200,6.9900,6.7100,6.7200,14814400
20131014,6.9400,6.9400,6.6900,6.8200,11233900
20131015,6.8000,7.0500,6.7600,7.0000,9953700
20131016,6.9300,7.1600,6.5000,6.7900,13852700
20131017,6.8500,7.1500,6.8200,6.9000,11471500
20131018,6.7700,6.9000,6.6900,6.8000,5662300
20131021,7.4500,7.4500,6.8000,6.8000,18112700
20131022,7.7400,8.2000,7.6100,7.6900,43050800
20131023,8.5100,8.5100,7.5600,7.7400,43375300
20131024,8.6200,8.8700,8.2000,8.5500,37341000
20131025,8.7400,8.9400,8.3300,8.4900,33235900
20131028,8.3800,8.6500,8.0800,8.5000,30059800
20131029,8.3300,8.3800,7.8100,8.3000,30983700
20131030,8.4100,8.6500,8.0000,8.1500,29527200
20131031,7.5700,8.3000,7.5700,8.2700,27244600
20131101,7.6300,7.8600,7.5000,7.5100,18310800
20131104,7.8200,7.9300,7.6100,7.6100,14242500
20131105,8.3100,8.4000,7.6500,7.7700,17555900
20131106,8.5900,9.1000,8.2000,8.2600,31954900
20131107,8.7400,8.8600,8.4000,8.5600,21744900
20131108,8.5600,8.9300,8.4800,8.6200,19431700
20131111,8.3800,8.5600,8.2200,8.4000,10142800
20131112,8.4800,8.7300,8.2500,8.4700,12382400
20131113,8.1900,8.4100,8.0300,8.4000,12253300
20131114,7.9800,8.1900,7.7100,8.1600,12283700
20131115,8.0400,8.3000,7.8700,7.9600,13203800
20131118,8.7200,8.8000,7.9100,8.0700,20115200
20131119,8.7100,8.8000,8.5400,8.6500,13170600
20131120,8.7600,8.7800,8.4600,8.6600,12493600
20131121,8.7500,8.7600,8.4400,8.6800,16448700
20131122,9.3000,9.5700,8.5500,8.7500,31678700
20131125,9.1000,9.2900,8.9300,9.1800,15916400
20131126,8.9800,9.5000,8.9600,9.0000,18289400
20131127,9.1200,9.2800,8.7100,8.9000,14828100
20131128,9.1200,9.3600,9.0300,9.0800,11475500
20131129,9.0000,9.2400,8.9700,9.1300,13366100
20131202,9.0000,9.0000,9.0000,9.0000,0
20131203,9.0000,9.0000,9.0000,9.0000,0
20131204,9.4400,9.7900,8.7200,8.9000,21196800
20131205,9.5500,9.9800,9.3300,9.3500,20173900
20131206,9.4700,9.8700,9.3100,9.5500,13602800
20131209,9.8700,9.9600,9.5200,9.6500,17319900
20131210,9.4800,9.8500,9.4200,9.8500,15064600
20131211,9.2200,9.4100,9.0500,9.4000,10767300
20131212,9.1800,9.3700,9.1400,9.2000,6958600
20131213,9.2900,9.3800,9.1100,9.2000,6381500
20131216,8.6200,9.3100,8.5900,9.2900,13222800
20131217,8.6900,8.7900,8.2500,8.6000,9734400
20131218,8.4300,8.7400,8.4100,8.6300,5071700
20131219,8.2800,8.6300,8.2200,8.5100,5592900
20131220,8.2300,8.4300,8.1100,8.1500,4703900
20131223,8.3400,8.3500,8.1000,8.2000,4656200
20131224,8.3500,8.5800,8.2500,8.3500,5114700
20131225,8.4700,8.4800,8.3000,8.3500,3926300
20131226,8.0800,8.4900,8.0800,8.4700,6488500
20131227,8.1400,8.2100,7.9200,8.0100,6706400
20131230,8.1900,8.2600,8.0800,8.1600,4440900
20131231,8.1600,8.1600,7.6800,8.1500,7344700
20140101,8.1600,8.1600,8.1600,8.1600,0
20140102,8.2800,8.3200,8.0400,8.1200,4308700
20140103,8.4400,8.4600,8.2600,8.2700,7626100
20140106,8.2900,8.6000,8.2700,8.4500,7014700
20140107,8.1200,8.2500,8.0100,8.2500,4043900
20140108,8.0800,8.3100,8.0100,8.1600,4689200
20140109,7.8700,8.1500,7.8000,8.0200,5611500
20140110,7.4900,7.8500,7.4800,7.7500,5790100
20140113,7.6900,7.6900,7.4200,7.4200,3289900
20140114,7.8700,7.9000,7.5900,7.6300,4525500
20140115,7.9200,8.0000,7.7700,7.8800,4496200
20140116,7.8600,7.9500,7.8300,7.9300,3360200
20140117,7.8400,7.9100,7.7000,7.8300,3224100
20140120,8.0000,8.1200,7.8300,7.8600,4028800
20140121,8.0400,8.1000,7.9000,8.0000,3183700
20140122,8.2900,8.3600,8.0000,8.0300,4861100
20140123,8.2000,8.3300,8.1400,8.3000,5052300
20140124,8.2000,8.3000,8.1500,8.1700,4385300
20140127,8.0900,8.2500,8.0000,8.1500,3404400
20140128,8.2600,8.2600,8.0800,8.0900,2847900
20140129,8.2500,8.4000,8.2100,8.2400,4122200
20140130,8.2500,8.3300,8.1500,8.1900,3186800
20140131,8.2500,8.2500,8.2500,8.2500,0
20140203,8.2500,8.2500,8.2500,8.2500,0
20140205,8.2500,8.2500,8.2500,8.2500,0
20140206,8.2500,8.2500,8.2500,8.2500,0
20140207,8.4400,8.4400,8.0800,8.1800,4964000
20140210,9.0200,9.1100,8.4800,8.4800,12214400
20140211,8.9600,9.2800,8.9000,9.1700,8401900
20140212,9.0500,9.2700,9.0100,9.0500,6189400
20140213,9.0600,9.5700,9.0500,9.1500,11931900
20140214,9.3000,9.4700,8.9300,9.0500,9274200
20140217,9.3000,9.4400,9.1500,9.3000,7757600
20140218,9.1800,9.3900,9.1200,9.3000,7126700
20140219,9.4500,9.4500,9.1500,9.1800,10741700
20140220,9.2000,9.4700,9.1800,9.4400,7360800
20140221,8.9000,9.2800,8.8800,9.1500,6261400
20140224,9.0000,9.1800,8.8800,8.9800,5110100
20140225,8.3800,9.0700,8.2800,8.9800,8353900
