20130226,5.0000,5.0500,4.9000,4.9300,2929200
20130227,4.9600,5.0400,4.9200,5.0000,1283500
20130228,5.0400,5.0600,4.9300,4.9700,1741100
20130301,5.2000,5.2500,4.9900,5.0300,3504600
20130304,5.0200,5.2200,4.9900,5.2000,2101300
20130305,5.0000,5.0900,4.9600,5.0200,2941400
20130306,5.0600,5.0900,4.9500,5.0000,1679200
20130307,4.9900,5.1000,4.9500,5.0700,1558900
20130308,5.1900,5.2100,4.9300,4.9800,3354400
20130311,5.0500,5.1900,5.0200,5.1900,2821700
20130312,4.9000,5.0700,4.7300,5.0500,2036600
20130313,4.9100,4.9400,4.8100,4.8800,980200
20130314,4.8800,4.9700,4.8400,4.9200,1292100
20130315,4.8800,4.9300,4.8100,4.8100,573700
20130318,4.9000,4.9500,4.8200,4.8900,950900
20130319,4.8900,4.9300,4.8500,4.9200,605500
20130320,4.9600,5.0100,4.8700,4.9000,1037300
20130321,5.0000,5.0700,4.9800,4.9900,1287400
20130322,5.0100,5.0600,4.9700,5.0500,1152400
20130325,4.9800,5.0500,4.9700,4.9900,698100
20130326,4.8900,5.0000,4.8700,5.0000,688800
20130327,4.9300,4.9500,4.8800,4.9000,601400
20130328,4.8400,4.8800,4.7500,4.8400,924400
20130329,4.8700,4.8700,4.7800,4.7800,688900
20130401,4.8500,4.9000,4.8100,4.8100,460400
20130402,4.7700,4.9000,4.7600,4.9000,470400
20130403,4.7300,4.8100,4.6600,4.7800,880800
20130404,4.7300,4.7300,4.7300,4.7300,0
20130405,4.7300,4.7300,4.7300,4.7300,0
20130408,4.6900,4.7200,4.6000,4.6800,498100
20130409,4.8000,4.8200,4.6500,4.6600,986500
20130410,4.7800,4.8300,4.7500,4.7500,467600
20130411,4.8000,4.8300,4.7400,4.7800,659200
20130412,4.8500,4.8500,4.7700,4.7800,548500
20130415,4.7500,4.8800,4.6900,4.8800,420300
20130416,4.7100,4.7600,4.5500,4.6600,358400
20130417,4.8100,4.9000,4.7100,4.7100,658900
20130418,4.8000,4.8600,4.7600,4.8200,672700
20130419,4.8600,4.8900,4.7600,4.7800,1021200
20130422,4.8500,4.8700,4.8100,4.8500,525300
20130423,4.8600,4.9000,4.6400,4.8800,1284300
20130424,5.0200,5.0200,4.7200,4.8200,1826800
20130425,5.0000,5.4400,4.9900,5.1000,6183500
20130426,4.9200,4.9900,4.8200,4.9900,2187200
20130429,4.9200,4.9200,4.9200,4.9200,0
20130430,4.9200,4.9200,4.9200,4.9200,0
20130501,4.9200,4.9200,4.9200,4.9200,0
20130502,5.2400,5.2500,4.8000,4.8000,3585300
20130503,5.3000,5.3700,5.2200,5.2400,5049100
20130506,5.6500,5.8300,5.3500,5.3500,7260800
20130507,5.7200,5.9300,5.6500,5.6800,7433800
20130508,5.7900,5.9000,5.5500,5.6900,5329300
20130509,6.1300,6.1700,5.6800,5.7400,8978600
20130510,6.1300,6.1700,5.9400,6.1300,5271100
20130513,5.9700,6.1200,5.8100,6.1200,4453800
20130514,5.6900,6.0100,5.6500,6.0000,4956900
20130515,5.8400,5.8700,5.6900,5.6900,3178200
20130516,5.8000,5.9000,5.7300,5.9000,3336100
20130517,5.8300,5.8500,5.6800,5.8000,3545500
20130520,6.0400,6.0600,5.8500,5.8500,5095700
20130521,5.9800,6.0800,5.9200,6.0500,4209500
20130522,6.1400,6.2200,5.9700,5.9700,7497800
20130523,6.1200,6.2700,6.0200,6.1400,5337800
20130524,6.1500,6.1900,6.0000,6.0900,2925900
20130527,6.1400,6.1900,6.0700,6.1300,2658000
20130528,6.0200,6.1600,5.9800,6.1400,3379900
20130529,5.9900,6.0700,5.8900,6.0400,3085200
20130530,5.9400,6.0000,5.9200,5.9200,2080300
20130531,6.0600,6.1500,5.9100,5.9400,3416300
20130603,6.0000,6.1500,5.9800,6.0700,2658000
20130604,5.7600,6.0000,5.6600,5.9900,3555800
20130605,5.8600,5.8600,5.6800,5.7600,1603200
20130606,5.7200,5.8600,5.7200,5.8600,1524400
20130607,5.6200,5.7300,5.6100,5.7200,1190600
20130610,5.6200,5.6200,5.6200,5.6200,0
20130611,5.6200,5.6200,5.6200,5.6200,0
20130612,5.6200,5.6200,5.6200,5.6200,0
20130613,5.4700,5.6300,5.3800,5.6200,1161600
20130614,5.5700,5.5900,5.4500,5.5000,2131300
20130617,5.7000,5.7400,5.5700,5.5800,1483300
20130618,5.6800,5.7800,5.6300,5.7800,912200
20130619,5.7000,5.7100,5.6200,5.6200,704200
20130620,5.6000,5.7400,5.4800,5.6900,1072700
20130621,5.5900,5.6500,5.3000,5.5500,1093900
20130624,5.3700,5.6000,5.3400,5.5900,1248800
20130625,5.4100,5.4400,5.0000,5.3000,2806700
20130626,5.4900,5.5300,5.3500,5.4100,988200
20130627,5.5900,5.6500,5.5100,5.5600,1484900
20130628,5.4900,5.6200,5.4500,5.5900,1046600
20130701,5.9100,5.9800,5.4500,5.4500,3642100
20130702,6.0100,6.0600,5.8000,5.9200,2863800
20130703,5.9300,6.0100,5.8100,6.0100,1825900
20130704,5.9700,6.0900,5.8700,5.9400,2659600
20130705,5.9200,6.0200,5.9000,5.9600,1469900
20130708,5.7500,5.9500,5.6200,5.9500,2018000
20130709,5.8300,5.9100,5.7300,5.9100,943700
20130710,6.1400,6.1800,5.7200,5.7200,2750200
20130711,6.1900,6.2600,6.0700,6.1400,3611400
20130712,6.5500,6.8000,6.3600,6.3600,9640500
20130715,6.7300,6.7800,6.5000,6.5600,4595400
20130716,6.6600,6.7400,6.5600,6.6500,2947200
20130717,6.3000,6.6900,6.2800,6.6500,3478700
20130718,6.3000,6.4800,6.1700,6.2800,3655300
20130719,6.1200,6.3900,6.0800,6.3300,2399600
20130722,6.2900,6.3000,5.9200,6.1100,3375200
20130723,6.4500,6.5500,6.2200,6.3100,3066700
20130724,6.4300,6.5700,6.3600,6.4300,3102900
20130725,6.2000,6.4800,6.1600,6.4800,2416500
20130726,6.2000,6.3100,6.0300,6.1100,1699600
20130729,6.1300,6.4400,6.1100,6.4400,2903500
20130730,6.0700,6.2500,6.0200,6.1200,1757600
20130731,6.0400,6.1500,6.0300,6.0700,1899300
20130801,6.3500,6.3600,6.0200,6.0800,2846100
20130802,6.2600,6.3700,6.2000,6.3500,2701700
20130805,6.3600,6.3700,6.2000,6.3000,1799300
20130806,6.5000,6.5300,6.3100,6.3700,3275700
20130807,6.3300,6.5500,6.3000,6.4700,2817100
20130808,6.4900,6.4900,6.2500,6.2900,1697500
20130809,6.3900,6.5300,6.3100,6.4900,1731200
20130812,6.5200,6.5400,6.3500,6.4300,2552600
20130813,6.5200,6.5600,6.4500,6.5000,1782000
20130814,6.4500,6.5700,6.4200,6.5200,1746300
20130815,6.2500,6.4400,6.2500,6.4300,2732100
20130816,6.1100,6.3300,6.0600,6.2300,2105000
20130819,6.1800,6.1900,6.0100,6.0200,1138500
20130820,6.1200,6.1900,6.1000,6.1800,1281000
20130821,6.1200,6.1700,6.0700,6.1600,1940000
20130822,6.1300,6.1500,6.0800,6.1400,2130300
20130823,6.1300,6.1800,6.0300,6.1200,1442900
20130826,6.2900,6.2900,6.1300,6.1800,1896400
20130827,6.2700,6.3000,6.2000,6.3000,1389700
20130828,6.1700,6.2600,6.0700,6.2600,2051300
20130829,6.1200,6.1800,6.1100,6.1700,887900
20130830,6.1500,6.2700,6.0600,6.1200,1533500
20130902,6.4700,6.5500,6.1100,6.2000,3504300
20130903,6.5900,6.7000,6.4200,6.5000,4759400
20130904,6.5500,6.5800,6.4200,6.5700,2325300
20130905,6.4800,6.5500,6.4200,6.5000,1869600
20130906,6.5000,6.5000,6.3700,6.4800,1909200
20130909,6.5000,6.6300,6.4100,6.5000,1824100
20130910,6.4000,6.5000,6.3700,6.5000,2374100
20130911,6.3200,6.4500,6.3000,6.4000,1917700
20130912,6.3800,6.4500,6.2400,6.3100,1384900
20130913,6.4400,6.4700,6.3400,6.4400,1915400
20130916,6.3600,6.5300,6.3300,6.4400,1460900
20130917,6.2300,6.3400,6.2100,6.3300,1342800
20130918,6.4200,6.4500,6.1800,6.2300,1171500
20130920,6.4200,6.4200,6.4200,6.4200,0
20130923,6.5000,6.5100,6.3900,6.4600,2250000
20130924,6.5300,6.5500,6.4100,6.5000,2151600
20130925,6.4300,6.6500,6.4300,6.5500,2263000
20130926,6.2800,6.4200,6.2600,6.3800,1440600
20130927,6.2500,6.3200,6.2100,6.2100,948800
20130930,6.3100,6.3500,6.2300,6.3000,621600
20131001,6.3100,6.3100,6.3100,6.3100,0
20131002,6.3100,6.3100,6.3100,6.3100,0
20131003,6.3100,6.3100,6.3100,6.3100,0
20131004,6.3100,6.3100,6.3100,6.3100,0
20131007,6.3100,6.3100,6.3100,6.3100,0
20131008,6.4700,6.5000,6.3000,6.3000,1257000
20131009,6.4900,6.4900,6.3400,6.4900,1361900
20131010,6.6000,6.6500,6.4000,6.4800,2813400
20131011,6.8000,6.9900,6.5700,6.6000,6492000
20131014,6.8900,7.1200,6.8000,6.8200,4593900
20131015,6.9100,6.9600,6.7300,6.8100,3026500
20131016,6.8000,6.9100,6.6000,6.9100,2629400
20131017,6.8000,6.9900,6.7100,6.7900,2038000
20131018,6.7500,6.8500,6.6300,6.7900,1815000
20131021,6.8100,6.8500,6.6200,6.7500,2875300
20131022,6.6900,6.9000,6.6200,6.8000,3003200
20131023,6.3900,6.7600,6.3000,6.6400,2515300
20131024,6.2800,6.4000,6.2200,6.3900,1362400
20131025,6.2400,6.3700,6.1100,6.2800,1599000
20131028,6.2600,6.2600,6.0900,6.2300,2002100
20131029,5.8200,6.3200,5.7700,6.2000,2793900
20131030,5.8700,5.9000,5.7600,5.7800,1619200
20131031,5.7700,5.8700,5.7700,5.8700,1324600
20131101,5.8900,5.9000,5.6800,5.7700,1880300
20131104,5.9100,5.9600,5.8300,5.8800,845900
20131105,5.9000,5.9200,5.7000,5.9100,1291600
20131106,5.7500,5.9000,5.7500,5.8500,1611700
20131107,5.6800,5.7900,5.6400,5.7500,971900
20131108,5.6900,5.7500,5.6000,5.6800,862400
20131111,5.8100,5.8200,5.6700,5.6900,1117600
20131112,5.8600,5.8600,5.7700,5.8000,1096400
20131113,5.7900,5.8800,5.7700,5.8600,705100
20131114,5.8300,5.8500,5.7700,5.7800,672500
20131115,5.8900,5.9600,5.8200,5.8600,2561300
20131118,5.9600,5.9600,5.8500,5.9300,2439600
20131119,6.0600,6.0800,5.8900,5.9800,2437800
20131120,6.0900,6.1500,5.9900,6.0400,2086100
20131121,6.1100,6.1200,6.0200,6.0900,1788200
20131122,6.1000,6.1700,6.0500,6.1100,1513400
20131125,6.0500,6.1200,6.0000,6.1200,1290200
20131126,6.0900,6.0900,6.0200,6.0500,868300
20131127,6.1300,6.1400,6.0300,6.0600,1395400
20131128,6.2500,6.3400,6.0900,6.1000,2519000
20131129,6.3000,6.3100,6.2200,6.2500,1137200
20131202,6.1600,6.2400,5.8000,6.2000,2211700
20131203,6.2400,6.2500,6.0300,6.1500,1258600
20131204,6.4300,6.4900,6.2000,6.2400,2609300
20131205,6.5400,6.5500,6.3400,6.4000,1754500
20131206,6.4600,6.5800,6.4600,6.4700,1013400
20131209,6.5000,6.5800,6.3900,6.5600,1668300
20131210,6.5000,6.5100,6.4100,6.5000,1215700
20131211,6.3300,6.4900,6.2600,6.4600,1498400
20131212,6.3400,6.4000,6.2800,6.3000,1224700
20131213,6.4700,6.5000,6.2500,6.2600,1350200
20131216,6.4100,6.5300,6.3900,6.4500,1233200
20131217,6.3400,6.4700,6.3300,6.4600,396500
20131218,6.3100,6.3900,6.2700,6.3800,528800
20131219,6.2900,6.3900,6.2800,6.3500,365400
20131220,6.2700,6.3600,6.2300,6.2800,384800
20131223,6.2100,6.3700,6.1400,6.3700,621000
20131224,6.2900,6.3400,6.2000,6.2000,401900
20131225,6.3600,6.3600,6.2600,6.2600,515200
20131226,6.3400,6.3600,6.2300,6.3600,650900
20131227,6.5000,6.5500,6.2500,6.2900,1152800
20131230,6.6200,6.6800,6.5100,6.5200,1996400
20131231,6.5500,6.6300,6.4600,6.6300,1308900
20140101,6.5500,6.5500,6.5500,6.5500,0
20140102,6.5100,6.5200,6.4000,6.5100,1375000
20140103,6.5000,6.5700,6.4400,6.5100,1580400
20140106,6.3500,6.5400,6.3100,6.5400,1100400
20140107,6.3300,6.4300,6.2000,6.2300,697400
20140108,6.3300,6.5000,6.2700,6.3700,858100
20140109,6.2400,6.4600,6.2200,6.3800,899800
20140110,6.0800,6.2600,5.9800,6.2600,1047200
20140113,6.1300,6.1900,6.0000,6.0600,1429300
20140114,6.1900,6.2000,6.0600,6.1300,1100900
20140115,6.2000,6.2000,6.1000,6.1000,799600
20140116,6.1600,6.2000,6.1000,6.1400,445200
20140117,6.1900,6.2000,6.0100,6.1100,1064900
20140120,6.2800,6.2800,6.1400,6.1800,645200
20140121,6.3400,6.3400,6.2300,6.2900,701100
20140122,6.4800,6.5000,6.3200,6.3300,1195100
20140123,6.4900,6.5400,6.4100,6.5000,1147500
20140124,6.4900,6.5300,6.4200,6.4500,1560100
20140127,6.5200,6.5500,6.4500,6.4900,1367400
20140128,6.5600,6.5700,6.2000,6.5100,1387600
20140129,6.5700,6.5700,6.4600,6.5600,1236100
20140130,6.6200,6.6400,6.4900,6.5700,820100
20140131,6.6200,6.6200,6.6200,6.6200,0
20140203,6.6200,6.6200,6.6200,6.6200,0
20140205,6.6200,6.6200,6.6200,6.6200,0
20140206,6.6200,6.6200,6.6200,6.6200,0
20140207,6.8800,6.9700,6.5100,6.6000,3660000
20140210,6.9900,7.1400,6.8700,6.9400,5389100
20140211,6.9500,7.0500,6.8900,6.9600,3572700
20140212,7.0300,7.1800,6.9500,6.9800,3974900
20140213,6.8600,7.0500,6.8400,7.0500,2857800
20140214,6.9800,7.0100,6.8000,6.8000,2115300
20140217,7.1800,7.2500,6.9600,6.9900,4677000
20140218,7.1700,7.2500,7.0800,7.2100,3154800
20140219,7.1800,7.1900,7.0900,7.1900,2240800
20140220,6.9500,7.1900,6.9000,7.1500,2291000
20140221,6.8900,6.9800,6.8000,6.9200,1947600
20140224,6.9300,6.9500,6.7500,6.8800,1232100
20140225,6.6300,7.0000,6.5600,6.9100,2060300
