20130226,12.4385,12.7538,12.4231,12.6385,1561400
20130227,12.6385,12.8539,12.4308,12.6000,1738200
20130228,12.8692,12.9461,12.5462,12.6769,2102600
20130301,13.1000,13.1538,12.8154,12.8539,2325800
20130304,12.5923,13.0000,12.3846,13.0000,3329600
20130305,12.6923,12.7385,12.4000,12.4769,1727800
20130306,12.8308,12.9154,12.6538,12.7308,2104500
20130307,12.7538,13.0615,12.6923,12.8308,2846800
20130308,12.6231,12.9154,12.6077,12.6385,1415700
20130311,12.5308,12.6154,12.4077,12.6154,935900
20130312,12.1692,12.7077,12.0000,12.4769,2108900
20130313,11.9154,12.4385,11.6538,12.1461,2576300
20130314,11.8769,11.9692,11.7846,11.8385,1125400
20130315,11.5154,11.9231,11.4308,11.8462,2950700
20130318,11.5231,11.6692,11.4308,11.5385,1545600
20130319,11.7231,11.7231,11.4385,11.5154,1233000
20130320,12.0000,12.0077,11.6231,11.7308,2056600
20130321,12.0462,12.1231,11.9461,12.0000,1946300
20130322,12.0462,12.1077,11.9538,12.0539,1206500
20130325,12.0308,12.1231,11.9538,12.0692,1204900
20130326,11.8462,12.0462,11.6923,12.0462,1347500
20130327,11.8923,12.0077,11.7846,11.8846,764700
20130328,11.6000,11.7692,11.4615,11.7692,1504100
20130329,11.5385,11.6923,11.4308,11.4769,955300
20130401,11.7846,11.8308,11.5462,11.5462,908200
20130402,11.9077,12.1231,11.8308,11.8385,2274000
20130403,11.9077,11.9385,11.6692,11.8462,915200
20130404,11.9077,11.9077,11.9077,11.9077,0
20130405,11.9077,11.9077,11.9077,11.9077,0
20130408,11.8308,11.8462,11.5462,11.6923,1115200
20130409,12.0692,12.0692,11.7231,11.8846,1732900
20130410,12.0769,12.1538,11.8769,12.1385,1011500
20130411,11.9308,12.0846,11.8615,12.0231,1371900
20130412,11.8308,11.9923,11.6538,11.8539,957600
20130415,11.7692,11.9154,11.7000,11.9154,616300
20130416,11.8923,11.9231,11.5615,11.6923,1016500
20130417,12.0846,12.1000,11.9077,11.9077,1414600
20130418,12.2000,12.3385,12.0000,12.0769,3083100
20130419,12.3692,12.4231,12.1538,12.1538,1941200
20130422,12.4461,12.5385,12.3692,12.4077,1667600
20130423,12.0769,12.4615,12.0077,12.4615,2088700
20130424,12.6615,12.7308,12.1538,12.1692,3503400
20130425,12.6923,12.8077,12.5308,12.6692,1943400
20130426,12.5462,12.7538,12.5308,12.6846,1506500
20130429,12.5462,12.5462,12.5462,12.5462,0
20130430,12.5462,12.5462,12.5462,12.5462,0
20130501,12.5462,12.5462,12.5462,12.5462,0
20130502,12.6308,12.6538,12.4692,12.5462,761600
20130503,12.7769,12.9308,12.6308,12.6308,1291700
20130506,12.7846,12.8077,12.6846,12.7308,1870300
20130507,12.7077,12.7923,12.5769,12.6923,1426000
20130508,12.9692,13.0000,12.6000,12.7692,2188400
20130509,12.9769,13.0692,12.8231,12.9692,1557800
20130510,12.9308,13.0462,12.8231,12.9769,1485200
20130513,12.9538,12.9769,12.8231,12.9308,1264100
20130514,12.8846,13.0615,12.7692,12.9538,1269600
20130515,13.1692,13.1846,12.8385,12.9077,1655300
20130516,13.1385,13.4308,13.0769,13.1692,2332700
20130517,13.3000,13.3846,13.0846,13.0846,1728700
20130520,13.8308,13.9308,13.4308,13.4461,3141900
20130521,13.9846,14.2385,13.8692,13.9154,3259600
20130522,13.7385,14.1385,13.7000,13.9615,2396000
20130523,13.8385,14.0539,13.7385,13.7462,2344600
20130524,14.0692,14.0769,13.7462,13.7462,1731000
20130527,14.1385,14.1692,14.0000,14.0769,1368100
20130528,13.8692,14.1385,13.8077,14.0846,1687500
20130529,14.0615,14.1231,13.8692,13.8692,1451700
20130530,14.0154,14.1077,13.9385,14.0692,1052900
20130531,13.8000,14.1769,13.7769,14.0154,1522400
20130603,13.6461,13.8923,13.6308,13.7692,1656700
20130604,13.4769,13.7231,13.3077,13.6769,2387400
20130605,13.7615,13.8231,13.4000,13.4769,1149700
20130606,13.7154,13.8000,13.5539,13.7308,924900
20130607,13.6385,13.8462,13.3231,13.7154,1348700
20130610,13.6385,13.6385,13.6385,13.6385,0
20130611,13.6385,13.6385,13.6385,13.6385,0
20130612,13.6385,13.6385,13.6385,13.6385,0
20130613,13.5846,13.7385,13.0308,13.7385,1312100
20130614,13.5692,13.6923,13.3846,13.5539,1161300
20130617,13.4077,13.6154,13.4000,13.5385,1385900
20130618,13.4231,13.7308,13.3923,13.4000,1864100
20130619,12.0300,12.5200,11.9300,12.5100,2494400
20130620,11.4200,11.9600,11.3600,11.9500,2501500
20130621,11.3600,11.4800,11.0100,11.0100,1271100
20130624,10.5500,11.3700,10.4600,11.3600,1268300
20130625,10.4800,10.5700,9.7800,10.4100,2982400
20130626,10.4700,10.5200,10.2000,10.4400,1616000
20130627,10.2600,10.8900,10.2600,10.5800,1683600
20130628,10.2500,10.5500,10.1000,10.2500,1214100
20130701,10.3400,10.3600,10.0100,10.1500,1428700
20130702,10.9000,10.9000,10.2000,10.3400,2069300
20130703,11.0100,11.0800,10.5800,10.8000,3004300
20130704,11.4600,11.6200,10.8200,10.9100,2335100
20130705,11.3100,11.5300,11.1000,11.5300,1609200
20130708,10.8200,11.1200,10.8000,11.1200,1206700
20130709,11.3900,11.9000,10.8200,10.8200,2906400
20130710,11.5800,11.7000,11.2100,11.4200,2784500
20130711,12.0800,12.1000,11.3400,11.5100,3531200
20130712,12.3700,12.4900,11.8000,11.9800,4486300
20130715,12.1900,12.3800,11.9700,12.3800,3415000
20130716,12.2600,12.3000,12.0600,12.1900,2264800
20130717,11.8800,12.2100,11.8100,12.2100,2014700
20130718,11.4600,11.8400,11.4100,11.8400,1772700
20130719,11.2000,11.7200,11.1900,11.4600,1286900
20130722,11.4300,11.4900,11.0300,11.2100,1002200
20130723,11.7500,11.7800,11.3800,11.4400,1465500
20130724,11.8000,11.9500,11.5000,11.6800,1730300
20130725,11.8300,11.9700,11.6200,11.8500,915500
20130726,11.7600,11.8300,11.4800,11.7900,1155300
20130729,11.5500,11.7000,11.4100,11.6300,1379000
20130730,12.0000,12.2300,11.4000,11.7800,3210200
20130731,12.2200,12.2800,12.0000,12.1200,2617600
20130801,13.1700,13.2100,12.5900,12.8500,9609900
20130802,12.8800,13.2700,12.8600,13.1500,4566400
20130805,12.9000,13.1300,12.7500,12.7500,2657600
20130806,12.9700,13.0500,12.6700,12.8800,2340900
20130807,12.7700,13.0300,12.7100,12.9100,1788600
20130808,12.6000,12.8600,12.5100,12.7300,2053000
20130809,12.5300,12.9700,12.3300,12.6500,3114900
20130812,13.0500,13.1500,12.4000,12.4900,4066900
20130813,13.2500,13.3600,12.9900,12.9900,3716800
20130814,12.9000,13.2500,12.8800,13.2300,2038600
20130815,12.9400,13.0600,12.7100,12.9600,1718700
20130816,12.7800,13.8400,12.7100,12.8500,2721500
20130819,12.9900,13.0600,12.5700,12.7000,1145900
20130820,12.8800,13.2200,12.8000,12.9800,1381500
20130821,12.8000,12.8800,12.6800,12.8600,1260700
20130822,12.8300,12.9800,12.7000,12.7000,1172800
20130823,12.6200,12.9000,12.3800,12.8200,1298000
20130826,13.1900,13.2000,12.6900,12.7000,3242100
20130827,13.2600,13.2800,13.0200,13.2000,2061200
20130828,13.0100,13.3600,13.0000,13.1800,2101900
20130829,13.2200,13.3300,13.0600,13.0600,2195500
20130830,12.6700,13.2200,12.6300,13.1500,2714100
20130902,13.0400,13.1200,12.6600,12.7000,1840400
20130903,13.2000,13.2500,12.9200,13.0500,1625400
20130904,13.6500,13.6800,13.1900,13.2000,4113100
20130905,13.6000,13.9000,13.4900,13.7800,3082900
20130906,14.0400,14.2400,13.4200,13.4800,3318600
20130909,14.0500,14.5100,14.0300,14.1900,3452000
20130910,14.6900,14.7500,14.0500,14.0500,3795400
20130911,14.7100,14.9800,14.2100,14.7000,3227500
20130912,14.4500,14.7900,14.4300,14.6500,1882900
20130913,14.4600,14.4900,14.1100,14.3500,1459600
20130916,14.2300,14.5800,14.1500,14.4600,1807900
20130917,14.8100,15.1800,14.4600,14.4800,5061500
20130918,14.9100,15.2000,14.6000,14.7100,1672700
20130920,14.9100,14.9100,14.9100,14.9100,0
20130923,15.5000,15.5900,14.8300,15.0100,3225000
20130924,15.4300,15.7500,15.2800,15.5900,2314700
20130925,15.5800,15.6800,15.1900,15.4300,2095900
20130926,14.9200,15.5600,14.9200,15.5600,1890700
20130927,14.9500,15.1500,14.7100,14.9200,1263200
20130930,15.4900,15.5800,14.8300,14.8300,1072000
20131001,15.4900,15.4900,15.4900,15.4900,0
20131002,15.4900,15.4900,15.4900,15.4900,0
20131003,15.4900,15.4900,15.4900,15.4900,0
20131004,15.4900,15.4900,15.4900,15.4900,0
20131007,15.4900,15.4900,15.4900,15.4900,0
20131008,15.4200,15.5200,15.1300,15.4100,1870900
20131009,15.6100,15.6100,15.2600,15.4200,1417400
20131010,15.6000,16.0800,15.5700,15.7000,2004200
20131011,15.9100,16.0000,15.6600,15.7100,2015200
20131014,15.8000,16.0800,15.7200,15.9500,1638200
20131015,15.3000,15.9200,15.0500,15.9200,3209000
20131016,14.8300,15.3000,14.7100,15.2200,2251300
20131017,14.8300,15.3500,14.7000,15.0000,2924600
20131018,14.6900,14.9500,14.5100,14.8100,1582500
20131021,15.0700,15.1300,14.6900,14.6900,1413800
20131022,14.7100,15.1900,14.6400,15.0500,1945600
20131023,14.0400,14.7100,13.8500,14.7100,2648300
20131024,14.0500,14.1200,13.8100,14.0400,1367900
20131025,13.9000,14.1600,13.7600,14.1000,1014800
20131028,14.4500,14.5200,14.0600,14.1000,1781200
20131029,14.1800,14.4900,13.9000,14.4700,1368500
20131030,14.3800,14.4000,14.1400,14.1700,1023700
20131031,14.5000,14.7800,14.3800,14.3800,1840900
20131101,14.4100,14.6200,14.2000,14.3300,1026100
20131104,14.4400,14.5200,14.3500,14.4100,883400
20131105,14.3900,14.4400,14.0500,14.4400,831200
20131106,14.3000,14.5100,14.1100,14.3900,945000
20131107,13.7400,14.3000,13.6800,14.3000,1260600
20131108,13.0300,13.7300,12.8900,13.7300,3265200
20131111,13.0400,13.0900,12.7500,13.0300,1845500
20131112,13.1000,13.1600,12.8700,12.9900,1911000
20131113,12.8700,13.0900,12.8600,13.0900,1044300
20131114,13.0900,13.1100,12.8000,12.8000,1133200
20131115,13.4200,13.5600,13.0200,13.1000,2194300
20131118,13.9200,13.9700,13.4500,13.6000,2164500
20131119,13.7500,14.0800,13.6700,13.9400,1994200
20131120,13.9400,13.9600,13.7000,13.7600,1226400
20131121,13.7600,13.9100,13.6900,13.8800,2175300
20131122,13.6500,13.8800,13.5100,13.8300,1471600
20131125,13.6000,13.7700,13.4800,13.6900,1308700
20131126,13.6200,13.7000,13.5300,13.5800,1229600
20131127,13.9300,13.9500,13.5600,13.6200,1694600
20131128,14.0300,14.2300,13.8000,13.9600,2311500
20131129,14.3300,14.4300,13.9500,13.9500,2049600
20131202,13.4000,14.2800,13.3500,14.1200,2238200
20131203,14.1500,14.1600,13.3000,13.3000,1691100
20131204,14.8200,15.2000,14.0000,14.1500,4429000
20131205,14.9200,15.1000,14.6500,14.8500,2165400
20131206,14.9800,15.0200,14.7800,14.9000,1592100
20131209,15.2900,15.5700,15.0200,15.0200,3178600
20131210,15.0900,15.3600,14.9200,15.2500,2092200
20131211,14.7300,14.9900,14.5900,14.9900,2502400
20131212,14.8000,14.9200,14.6800,14.7000,1123400
20131213,15.1900,15.2500,14.6800,14.7900,2238300
20131216,15.1600,15.5000,14.8500,15.3700,2910200
20131217,15.0000,15.5700,14.9800,15.1600,2955000
20131218,14.7000,15.1500,14.6000,14.9800,1483500
20131219,14.7300,14.9100,14.6400,14.8400,947000
20131220,14.6600,14.8000,14.6100,14.6800,977200
20131223,14.5100,14.7200,13.6100,14.6600,1803900
20131224,14.5000,14.9000,14.3500,14.4800,1323300
20131225,15.0800,15.1000,14.5300,14.5300,2238200
20131226,14.7000,15.0800,14.7000,15.0300,1090400
20131227,14.9900,15.1000,14.6200,14.7100,1470700
20131230,15.0200,15.2800,14.9400,15.0500,1506100
20131231,14.8200,15.0500,14.7000,15.0100,1253100
20140101,14.8200,14.8200,14.8200,14.8200,0
20140102,14.9000,15.0500,14.7200,14.7800,1180900
20140103,14.4300,14.9500,14.3500,14.9000,2110500
20140106,13.7300,14.4800,13.7100,14.4200,1793500
20140107,14.0100,14.1000,13.6000,13.7000,1182500
20140108,13.8700,14.1800,13.7700,14.0100,1363900
20140109,13.9000,14.1900,13.7800,13.9400,1594500
20140110,13.5500,13.9700,13.5000,13.7300,1191200
20140113,13.4600,13.6900,13.4200,13.5500,707400
20140114,13.8200,13.8200,13.4100,13.5000,673400
20140115,13.8800,13.9500,13.7400,13.8200,762800
20140116,14.1400,14.2500,13.8800,13.8800,1640800
20140117,13.8700,14.1000,13.8400,14.0900,836400
20140120,14.2200,14.2600,13.8800,13.8800,1407600
20140121,14.2100,14.3500,14.0800,14.1500,1113100
20140122,14.4400,14.4700,14.2300,14.2500,1822100
20140123,14.4400,14.5400,14.3500,14.4500,1282900
20140124,14.6200,14.7300,14.3700,14.4300,1513000
20140127,14.6300,14.8800,14.5000,14.5100,1275400
20140128,14.7400,14.8900,14.5500,14.6400,1214000
20140129,15.4800,15.5800,15.1100,15.3500,3965700
20140130,15.9900,16.1900,15.3600,15.4900,4044400
20140131,15.9900,15.9900,15.9900,15.9900,0
20140203,15.9900,15.9900,15.9900,15.9900,0
20140205,15.9900,15.9900,15.9900,15.9900,0
20140206,15.9900,15.9900,15.9900,15.9900,0
20140207,16.6200,16.7600,15.7000,15.9000,4803700
20140210,16.6000,16.9900,16.4800,16.6200,5028300
20140211,16.3400,16.7000,16.2700,16.5000,3342700
20140212,16.3800,16.6000,16.2300,16.2500,2890600
20140213,15.8000,16.4900,15.8000,16.2900,2839400
20140214,16.2200,16.2400,15.8100,15.8200,2462400
20140217,16.4200,16.4800,16.1700,16.2500,2660100
20140218,16.3000,16.4200,16.1300,16.4200,2601300
20140219,16.1000,16.4000,16.0200,16.3900,2537400
20140220,16.2000,16.4500,15.9000,16.1000,3455100
20140221,15.8200,16.3500,15.6200,16.1600,2184600
20140224,15.2100,15.8200,15.0100,15.7500,3828700
20140225,14.0000,15.3000,14.0000,15.2200,5770200
