20130226,11.8600,12.0000,11.8300,12.0000,487700
20130227,11.9800,11.9800,11.8300,11.8300,424900
20130228,12.2000,12.3000,11.9300,11.9800,1270700
20130301,12.2300,12.2800,12.1000,12.2000,868500
20130304,11.8800,12.1500,11.8500,12.1500,1147400
20130305,12.2700,12.3500,11.8700,11.8800,1053800
20130306,12.4800,12.5500,12.2200,12.2200,1498200
20130307,12.8000,12.8700,12.4000,12.5000,2676800
20130308,13.0000,13.4200,12.6800,12.8000,3834900
20130311,12.4700,13.3000,12.4000,13.1000,5247900
20130312,12.4500,12.8000,12.2200,12.3500,2376600
20130313,12.3200,12.4500,11.2200,12.3600,1607200
20130314,12.2900,12.4800,12.1600,12.2000,634000
20130315,12.1500,12.3700,12.1100,12.3700,594100
20130318,11.7800,12.2300,11.5000,12.1300,747800
20130319,12.0200,12.1800,11.6800,11.6800,996800
20130320,12.0900,12.1500,11.8600,11.9600,648200
20130321,12.1800,12.1900,12.0600,12.1100,741300
20130322,12.2300,12.2500,12.1300,12.2300,540200
20130325,12.2200,12.3500,12.1500,12.1800,371000
20130326,12.3500,12.4700,12.0000,12.3400,2268400
20130327,12.2800,12.4800,12.1100,12.3500,1817200
20130328,11.7600,12.1900,11.6000,12.1900,819500
20130329,11.8400,11.9400,11.6000,11.8000,537100
20130401,11.6100,11.8300,11.5200,11.7500,511200
20130402,11.5800,11.7900,11.5700,11.6400,765800
20130403,11.4700,11.6800,11.4400,11.6000,365200
20130404,11.4700,11.4700,11.4700,11.4700,0
20130405,11.4700,11.4700,11.4700,11.4700,0
20130408,11.2700,11.3900,11.1600,11.3900,465400
20130409,11.3600,11.3900,11.2300,11.2300,227300
20130410,11.3400,11.4000,11.2900,11.3700,288600
20130411,11.3400,11.4300,11.1000,11.3500,239800
20130412,11.2800,11.3700,11.2300,11.3000,320100
20130415,11.2100,11.3300,11.1200,11.2000,201500
20130416,11.2900,11.3100,11.0300,11.0300,351300
20130417,11.6200,11.8000,11.2100,11.2100,1259500
20130418,11.6100,11.7800,11.4200,11.6200,531600
20130419,11.9000,12.2000,11.3500,11.5300,1158200
20130422,12.0200,12.2800,11.8500,11.8900,1020000
20130423,11.9000,12.0800,11.7600,11.9000,396800
20130424,11.8400,11.9800,11.7100,11.9800,377500
20130425,11.9900,12.0100,11.6800,11.8200,736400
20130426,11.8000,12.0100,11.8000,12.0000,244000
20130429,11.8000,11.8000,11.8000,11.8000,0
20130430,11.8000,11.8000,11.8000,11.8000,0
20130501,11.8000,11.8000,11.8000,11.8000,0
20130502,11.7000,11.8100,11.6200,11.8100,269500
20130503,11.7500,11.8000,11.6700,11.7400,350200
20130506,11.7800,11.8900,11.7000,11.7500,296500
20130507,11.7900,11.8600,11.6400,11.8600,320000
20130508,11.9700,11.9800,11.7100,11.7100,458700
20130509,11.7700,11.9700,11.7100,11.9600,346100
20130510,11.8500,11.8500,11.6500,11.7700,523100
20130513,11.8000,11.8500,11.7500,11.8000,195100
20130514,12.2000,12.3600,11.6800,11.7600,2045000
20130515,12.3200,12.6000,12.0400,12.1600,2597400
20130516,12.2600,12.9000,12.0800,12.2000,4251900
20130517,12.2200,12.2800,12.1400,12.2500,1202700
20130520,12.2800,12.3800,12.1800,12.2600,1063500
20130521,12.1700,12.2900,12.1000,12.2400,1071300
20130522,12.3000,12.5600,12.1400,12.1700,1939500
20130523,12.1700,12.3500,12.1300,12.3000,1220700
20130524,12.2600,12.3000,12.1100,12.1700,609800
20130527,12.2100,12.3000,12.1700,12.2600,656400
20130528,12.1000,12.2200,11.9300,12.2200,944900
20130529,12.2000,12.2200,12.0800,12.1000,581600
20130530,12.2200,12.2800,12.0700,12.1200,640200
20130531,12.1300,12.2400,12.0900,12.2000,612900
20130603,12.5200,12.8800,12.0400,12.1300,3961400
20130604,12.7300,13.0500,12.3100,12.4800,5974600
20130605,13.0000,13.1700,12.5100,12.7300,6685200
20130606,12.5100,12.9500,12.4200,12.8800,2435900
20130607,12.0700,12.6000,12.0700,12.5100,1858000
20130610,12.0700,12.0700,12.0700,12.0700,0
20130611,12.0700,12.0700,12.0700,12.0700,0
20130612,12.0700,12.0700,12.0700,12.0700,0
20130613,11.3600,11.8600,11.0100,11.8600,1358900
20130614,11.5500,11.5700,11.3100,11.5500,770300
20130617,11.4900,11.7000,11.3600,11.5500,654900
20130618,12.5900,12.6400,11.3800,11.4000,2686400
20130619,12.2100,12.5900,12.1000,12.5900,1135500
20130620,12.1600,12.6000,12.0900,12.0900,837400
20130621,12.2400,12.4800,11.6000,12.2200,730000
20130624,12.4500,12.9000,11.9000,12.2000,5980200
20130625,13.6700,13.6800,11.9500,12.4400,8192400
20130626,13.2900,13.5500,12.9100,13.5500,6743500
20130627,12.8600,13.4000,12.6000,13.1800,3996300
20130628,12.4900,12.9900,12.2100,12.8000,2814300
20130701,12.7700,12.7900,12.2500,12.4100,2315300
20130702,12.6000,12.8000,12.4200,12.6900,2207800
20130703,11.8300,12.6000,11.7100,12.6000,2888700
20130704,11.8900,12.0800,11.5000,11.7900,1697800
20130705,12.0600,12.2500,11.7600,11.8300,1521700
20130708,11.2000,12.0200,11.0400,12.0200,1984000
20130709,11.3600,11.3700,11.1100,11.1100,908400
20130710,11.5500,11.6000,11.2500,11.2500,1175100
20130711,11.6000,11.8600,11.4700,11.5500,1519800
20130712,11.3300,11.7800,11.3300,11.6000,1260600
20130715,11.6300,12.2900,11.2800,11.3200,1418500
20130716,11.6800,11.7900,11.4100,11.5800,1321200
20130717,11.8700,11.9800,11.5500,11.6200,2142800
20130718,11.7000,11.8700,11.6500,11.8300,1400700
20130719,11.3100,11.8200,11.3100,11.6900,1193300
20130722,11.5100,11.5100,11.1400,11.2000,798800
20130723,11.7100,11.7600,11.4700,11.5100,898400
20130724,11.9000,11.9100,11.6200,11.6400,1545400
20130725,12.0000,12.2300,11.8100,11.9000,1794600
20130726,11.9200,12.1400,11.9100,11.9100,1047400
20130729,11.8100,12.0100,11.7200,11.9200,1100500
20130730,11.7300,11.8600,11.4500,11.7100,570500
20130731,12.3600,12.4200,11.7300,11.7300,2051600
20130801,12.5000,12.6900,12.2000,12.3200,2621400
20130802,12.3600,12.6500,12.2500,12.5100,1314600
20130805,12.5800,12.6200,12.3000,12.3300,981500
20130806,13.2500,13.4000,12.4100,12.5300,6510600
20130807,12.5300,13.0900,12.5100,13.0000,3113600
20130808,12.2500,12.5900,12.1800,12.5300,1926500
20130809,12.4000,12.4400,12.2100,12.2400,1241300
20130812,12.5300,12.5300,12.2700,12.4000,1249400
20130813,12.5200,12.7800,12.4000,12.5000,1238500
20130814,12.3900,12.5800,12.3600,12.5800,1057200
20130815,12.3500,12.4300,12.3100,12.3600,992800
20130816,12.1900,12.5700,12.1800,12.2700,1012300
20130819,12.2600,12.3200,12.0700,12.0700,458300
20130820,12.3100,12.3900,12.2500,12.2500,545900
20130821,12.4700,12.4700,12.2300,12.3100,719300
20130822,12.3300,12.5100,12.3300,12.4500,662500
20130823,12.0900,12.4600,11.8800,12.4000,851300
20130826,12.5500,12.9100,12.0700,12.1000,2386900
20130827,12.8100,12.9800,12.4300,12.4800,3477000
20130828,12.8400,13.1500,12.4000,12.8200,3491700
20130829,13.0000,13.2500,12.7000,12.9100,3012000
20130830,14.3000,14.3000,13.0200,13.0200,11769300
20130902,14.3400,15.2700,14.0000,14.8900,9739200
20130903,14.3000,14.6900,13.7000,14.0100,5918700
20130904,13.8000,14.5000,13.6100,14.1100,5301700
20130905,13.5700,14.0000,13.4100,13.8700,3146100
20130906,14.4100,14.7000,13.5200,13.6000,7069400
20130909,14.2800,14.8500,14.0600,14.8300,6877100
20130910,14.9600,15.5000,13.9400,14.2000,7153500
20130911,14.4500,14.9900,14.1100,14.8100,4473400
20130912,13.9400,14.4000,13.9300,14.3500,3243600
20130913,13.9900,14.1000,13.8000,13.9000,1910900
20130916,13.9100,14.0700,13.7100,13.9800,1725400
20130917,13.1800,13.9400,13.1800,13.9100,2309400
20130918,13.2600,13.4500,13.0900,13.1100,1146000
20130920,13.2600,13.2600,13.2600,13.2600,0
20130923,13.5400,13.6500,13.2600,13.2700,1617400
20130924,13.5800,13.7300,13.3200,13.5100,1472400
20130925,13.3600,13.7400,13.3300,13.5000,1661400
20130926,12.6800,13.3400,12.6300,13.3000,1575800
20130927,12.7400,12.8200,12.6200,12.6700,912000
20130930,13.1200,13.1500,12.7500,12.7500,1058500
20131001,13.1200,13.1200,13.1200,13.1200,0
20131002,13.1200,13.1200,13.1200,13.1200,0
20131003,13.1200,13.1200,13.1200,13.1200,0
20131004,13.1200,13.1200,13.1200,13.1200,0
20131007,13.1200,13.1200,13.1200,13.1200,0
20131008,13.0500,13.1200,12.8300,12.8400,943100
20131009,13.0900,13.1500,12.9200,13.0400,1138600
20131010,12.9300,12.9800,12.6700,12.9400,1603700
20131011,13.0900,13.2900,12.8400,12.9100,1498500
20131014,13.2600,13.3200,13.0400,13.0900,1788600
20131015,13.2300,13.2900,13.0700,13.2300,1028800
20131016,13.5300,13.6700,13.1400,13.3000,2841300
20131017,13.1500,13.5000,13.0600,13.5000,1778500
20131018,13.1400,13.2800,12.8600,12.9200,1189900
20131021,13.2300,13.2600,13.0600,13.1500,1214300
20131022,13.3400,13.4000,13.1200,13.2300,1408200
20131023,12.9600,13.3800,12.9200,13.3800,1113600
20131024,13.4100,13.4700,12.7100,12.9600,2733700
20131025,12.9000,13.6500,12.7900,13.3000,2038300
20131028,12.3400,12.7900,12.1100,12.7500,1613000
20131029,11.7200,12.4100,11.3800,12.3200,1184600
20131030,11.8900,11.9300,11.5500,11.7100,656500
20131031,11.9100,12.1000,11.7400,11.9600,639100
20131101,11.7500,11.9600,11.6600,11.8500,547500
20131104,12.0000,12.0500,11.7100,11.7100,498200
20131105,11.9900,12.0400,11.8000,11.9100,420700
20131106,11.8900,12.0400,11.8800,12.0400,551300
20131107,11.8200,11.9200,11.7600,11.9000,484800
20131108,11.5800,11.8300,11.5200,11.7800,411100
20131111,11.7600,11.7800,11.5000,11.5000,351800
20131112,11.9000,11.9500,11.7000,11.7000,452500
20131113,11.7800,11.9300,11.7800,11.8900,392900
20131114,11.9300,12.0300,11.7300,11.8700,675600
20131115,11.9300,11.9300,11.9300,11.9300,0
20131118,11.9300,11.9300,11.9300,11.9300,0
20131119,12.2500,13.1200,12.1600,12.7000,2302600
20131120,12.3000,12.3500,12.0600,12.2800,913700
20131121,12.4300,12.4500,12.1600,12.2300,857100
20131122,12.2300,12.4600,12.2100,12.3300,640800
20131125,12.5400,12.8500,12.2300,12.2300,1562500
20131126,12.4300,12.5400,12.2300,12.4300,788300
20131127,12.5200,12.5800,12.3300,12.3800,900500
20131128,12.5200,12.5200,12.5200,12.5200,0
20131129,12.5200,12.5200,12.5200,12.5200,0
20131202,12.5200,12.5200,12.5200,12.5200,0
20131203,12.5200,12.5200,12.5200,12.5200,0
20131204,12.5200,12.5200,12.5200,12.5200,0
20131205,12.5200,12.5200,12.5200,12.5200,0
20131206,12.5200,12.5200,12.5200,12.5200,0
20131209,12.5200,12.5200,12.5200,12.5200,0
20131210,12.5200,12.5200,12.5200,12.5200,0
20131211,12.5200,12.5200,12.5200,12.5200,0
20131212,12.5200,12.5200,12.5200,12.5200,0
20131213,12.5200,12.5200,12.5200,12.5200,0
20131216,12.5200,12.5200,12.5200,12.5200,0
20131217,12.5200,12.5200,12.5200,12.5200,0
20131218,12.5200,12.5200,12.5200,12.5200,0
20131219,12.5200,12.5200,12.5200,12.5200,0
20131220,12.5200,12.5200,12.5200,12.5200,0
20131223,12.5200,12.5200,12.5200,12.5200,0
20131224,12.5200,12.5200,12.5200,12.5200,0
20131225,12.5200,12.5200,12.5200,12.5200,0
20131226,12.5200,12.5200,12.5200,12.5200,0
20131227,12.5200,12.5200,12.5200,12.5200,0
20131230,12.5200,12.5200,12.5200,12.5200,0
20131231,12.5200,12.5200,12.5200,12.5200,0
20140101,12.5200,12.5200,12.5200,12.5200,0
20140102,12.5200,12.5200,12.5200,12.5200,0
20140103,12.5200,12.5200,12.5200,12.5200,0
20140106,12.5200,12.5200,12.5200,12.5200,0
20140107,12.5200,12.5200,12.5200,12.5200,0
20140108,12.5200,12.5200,12.5200,12.5200,0
20140109,12.5200,12.5200,12.5200,12.5200,0
20140110,12.5200,12.5200,12.5200,12.5200,0
20140113,12.5200,12.5200,12.5200,12.5200,0
20140114,12.5200,12.5200,12.5200,12.5200,0
20140115,12.5200,12.5200,12.5200,12.5200,0
20140116,12.5200,12.5200,12.5200,12.5200,0
20140117,12.5200,12.5200,12.5200,12.5200,0
20140120,12.5200,12.5200,12.5200,12.5200,0
20140121,12.5200,12.5200,12.5200,12.5200,0
20140122,12.5200,12.5200,12.5200,12.5200,0
20140123,12.5200,12.5200,12.5200,12.5200,0
20140124,12.5200,12.5200,12.5200,12.5200,0
20140127,12.5200,12.5200,12.5200,12.5200,0
20140128,12.5200,12.5200,12.5200,12.5200,0
20140129,12.5200,12.5200,12.5200,12.5200,0
20140130,12.5200,12.5200,12.5200,12.5200,0
20140131,12.5200,12.5200,12.5200,12.5200,0
20140203,12.5200,12.5200,12.5200,12.5200,0
20140205,12.5200,12.5200,12.5200,12.5200,0
20140206,12.5200,12.5200,12.5200,12.5200,0
20140207,12.5200,12.5200,12.5200,12.5200,0
20140210,12.5200,12.5200,12.5200,12.5200,0
20140211,12.5200,12.5200,12.5200,12.5200,0
20140212,12.5200,12.5200,12.5200,12.5200,0
20140213,12.5200,12.5200,12.5200,12.5200,0
20140214,12.5200,12.5200,12.5200,12.5200,0
20140217,12.5200,12.5200,12.5200,12.5200,0
20140218,12.5200,12.5200,12.5200,12.5200,0
20140219,12.5200,12.5200,12.5200,12.5200,0
20140220,12.5200,12.5200,12.5200,12.5200,0
20140221,12.5200,12.5200,12.5200,12.5200,0
20140224,12.5200,12.5200,12.5200,12.5200,0
20140225,13.7700,13.7700,13.7700,13.7700,178100
