20130226,6.8700,6.9600,6.8200,6.9600,2565800
20130227,6.8700,6.9200,6.7900,6.8500,2242700
20130228,7.0100,7.0100,6.8100,6.8800,3775600
20130301,7.0700,7.0900,6.9500,7.0100,3776700
20130304,6.8200,7.0400,6.6400,7.0400,4772100
20130305,6.9000,6.9500,6.7500,6.8700,2752400
20130306,6.9400,6.9600,6.8400,6.9500,2859300
20130307,6.9000,6.9500,6.8200,6.9400,2737500
20130308,6.8700,6.9800,6.8600,6.9200,1362400
20130311,6.8400,6.8700,6.8000,6.8100,1468300
20130312,6.5300,6.8700,6.4800,6.8200,4555400
20130313,6.3700,6.5800,6.3100,6.5800,2439300
20130314,7.0100,7.0100,6.4100,6.4100,8028900
20130315,6.8100,7.0000,6.6300,6.7300,10951800
20130318,6.5300,6.7800,6.5200,6.6700,4346800
20130319,6.5100,6.6200,6.4000,6.4900,3118400
20130320,6.6400,6.6600,6.4900,6.5100,4084600
20130321,6.7600,6.8500,6.6400,6.7200,5958400
20130322,6.6200,6.7400,6.6000,6.7000,3780800
20130325,6.7500,6.7800,6.6700,6.7000,4164700
20130326,6.5400,6.7500,6.4800,6.7500,3433600
20130327,6.5000,6.6300,6.4500,6.5100,2417300
20130328,6.4900,6.7500,6.4700,6.5600,5578600
20130329,6.3600,6.5000,6.3000,6.4500,3325900
20130401,6.3700,6.4300,6.3300,6.3700,2012800
20130402,6.2700,6.4500,6.2500,6.3800,2422100
20130403,6.1900,6.3200,6.1100,6.2600,1596700
20130404,6.1900,6.1900,6.1900,6.1900,0
20130405,6.1900,6.1900,6.1900,6.1900,0
20130408,6.0800,6.1300,5.9500,6.0900,1972300
20130409,6.1200,6.1700,6.0900,6.1600,1167600
20130410,6.1100,6.2000,6.0700,6.1200,1586800
20130411,6.1200,6.1900,6.0900,6.1600,1124400
20130412,6.0000,6.1600,5.9900,6.0300,1484600
20130415,5.9300,6.0400,5.8800,6.0100,1224300
20130416,6.0100,6.0200,5.8200,5.9200,1048300
20130417,6.1500,6.1600,6.0000,6.0700,1964300
20130418,6.0800,6.1800,6.0200,6.1000,1439000
20130419,6.1800,6.2100,6.0500,6.0500,2232300
20130422,6.2100,6.3500,6.1900,6.2700,2364400
20130423,5.9200,6.2000,5.9200,6.1800,2131000
20130424,6.0300,6.0400,5.8800,5.8800,1127600
20130425,5.9400,6.0700,5.9400,6.0700,1305300
20130426,5.8300,5.9800,5.8100,5.9400,1708900
20130429,5.8300,5.8300,5.8300,5.8300,0
20130430,5.8300,5.8300,5.8300,5.8300,0
20130501,5.8300,5.8300,5.8300,5.8300,0
20130502,5.8700,5.8900,5.8100,5.8300,1014000
20130503,5.9500,6.0100,5.9000,5.9000,1714800
20130506,6.0800,6.1200,5.9200,5.9200,2893700
20130507,6.1200,6.1300,6.0400,6.0800,2026800
20130508,6.1600,6.2800,6.1200,6.1200,2526200
20130509,6.4100,6.4300,6.0800,6.1800,6612900
20130510,6.3000,6.3900,6.2000,6.3900,4856400
20130513,6.2700,6.3700,6.1800,6.3700,1932700
20130514,6.1900,6.2800,6.1500,6.2700,2179200
20130515,6.2200,6.2700,6.1400,6.1500,2048100
20130516,6.2700,6.3000,6.1900,6.2100,2871900
20130517,6.3400,6.3900,6.1800,6.2800,5848300
20130520,6.3800,6.4100,6.2800,6.3500,5249400
20130521,6.3600,6.4100,6.3000,6.3700,4235500
20130522,6.3800,6.4400,6.2800,6.3500,4979400
20130523,6.2300,6.3800,6.2100,6.3500,3805700
20130524,6.3200,6.3200,6.1900,6.2300,2696400
20130527,6.4600,6.4900,6.2900,6.3200,6011700
20130528,6.4400,6.4800,6.3700,6.4700,4477100
20130529,6.4500,6.5500,6.4300,6.4400,3656400
20130530,6.3500,6.4500,6.3200,6.4500,3157300
20130531,6.4100,6.5100,6.3100,6.3400,4451400
20130603,6.4300,6.4600,6.3300,6.3800,3459200
20130604,6.1800,6.4900,6.1500,6.4600,3730600
20130605,6.1500,6.2200,6.1000,6.2200,2038000
20130606,6.0000,6.1500,5.9900,6.1300,2168000
20130607,5.9100,6.0700,5.8900,5.9900,1559400
20130610,5.9100,5.9100,5.9100,5.9100,0
20130611,5.9100,5.9100,5.9100,5.9100,0
20130612,5.9100,5.9100,5.9100,5.9100,0
20130613,5.6000,5.8800,5.5800,5.8500,2621400
20130614,5.6500,5.7200,5.5900,5.6000,1945500
20130617,5.5700,5.6800,5.5000,5.6800,1654700
20130618,5.5100,5.6400,5.4900,5.6000,1565300
20130619,5.5900,5.6000,5.4500,5.4700,1822500
20130620,5.5700,5.8400,5.5100,5.5600,3796100
20130621,5.5800,5.6000,5.4300,5.4300,2169300
20130624,5.0900,5.6200,5.0600,5.5900,2769400
20130625,4.9300,5.1000,4.6200,5.0100,4145400
20130626,4.9600,5.0400,4.8700,4.9100,1853800
20130627,4.8800,5.0500,4.8200,4.9900,1924400
20130628,4.8500,4.9800,4.7700,4.9000,1013300
20130701,4.8800,4.8800,4.7200,4.7200,1420800
20130702,4.9600,5.0200,4.8500,4.8800,1396100
20130703,4.8400,4.9400,4.7500,4.9400,1971000
20130704,4.9800,5.0400,4.8400,4.8800,3058900
20130705,5.0300,5.2000,4.9500,4.9600,2654800
20130708,4.7300,4.9600,4.6000,4.9600,1978800
20130709,4.8300,4.8800,4.7600,4.8300,1189000
20130710,4.9500,4.9500,4.7900,4.8300,2141800
20130711,5.2300,5.4000,4.9500,4.9500,5403000
20130712,5.1100,5.2700,5.1000,5.2000,2944000
20130715,5.1800,5.2300,5.0900,5.0900,1739200
20130716,5.2800,5.3700,5.0900,5.2200,3457800
20130717,5.1300,5.2700,5.0800,5.2700,3299700
20130718,4.9900,5.1600,4.9500,5.1600,2938300
20130719,4.8200,5.0500,4.8000,5.0000,2481600
20130722,4.8800,4.8800,4.7600,4.8000,1376700
20130723,4.9700,5.0200,4.8500,4.8800,2104200
20130724,4.9400,5.0200,4.8600,4.9600,1880000
20130725,5.2600,5.3300,4.9800,5.0000,11165500
20130726,5.1400,5.2400,5.0800,5.2000,4728600
20130729,4.9000,5.0900,4.8900,5.0900,3602400
20130730,4.9100,4.9700,4.8500,4.8800,2112200
20130731,4.8700,4.9900,4.8600,4.9200,1635800
20130801,4.9900,5.0000,4.8700,4.8700,2881200
20130802,5.0400,5.1000,4.9900,4.9900,3455800
20130805,5.1500,5.1700,5.0000,5.0500,3399700
20130806,5.2200,5.3500,5.1800,5.2200,6807800
20130807,5.1700,5.2400,5.1500,5.1800,3253100
20130808,5.1200,5.1900,5.0900,5.1500,2112000
20130809,5.1800,5.1900,5.0900,5.1700,2521400
20130812,5.2700,5.2900,5.1600,5.1600,3842700
20130813,5.2900,5.3300,5.2300,5.2300,4119600
20130814,5.2400,5.3400,5.2200,5.3100,3427100
20130815,5.1500,5.2700,5.1400,5.2100,1965200
20130816,5.0900,5.2600,5.0800,5.1600,2518200
20130819,5.1500,5.1600,5.0700,5.1000,1609800
20130820,5.1700,5.2500,5.1300,5.1700,2165800
20130821,5.2100,5.2500,5.1400,5.1600,2253600
20130822,5.2200,5.2400,5.1700,5.2400,2839600
20130823,5.1300,5.2400,5.1000,5.2300,3754400
20130826,5.2300,5.2600,5.1200,5.1300,3295700
20130827,5.3300,5.3300,5.2000,5.2600,5594500
20130828,5.4100,5.6700,5.2700,5.3200,12280600
20130829,5.5500,5.6200,5.3300,5.4100,9968100
20130830,5.8400,5.8800,5.4900,5.5200,21870400
20130902,5.6700,6.0400,5.5900,5.9600,12548600
20130903,5.6300,5.6500,5.5000,5.6200,7682200
20130904,6.1900,6.1900,5.5400,5.6200,20632900
20130905,6.3900,6.7700,6.2500,6.7700,47594900
20130906,6.2500,6.5800,6.0100,6.1500,25274000
20130909,6.3400,6.4500,6.2100,6.3500,18135900
20130910,6.6100,6.7500,6.1800,6.3400,24781000
20130911,6.2900,6.5500,6.2800,6.5100,14582300
20130912,6.2500,6.5100,6.2000,6.3600,10313600
20130913,6.4400,6.5900,6.2800,6.4300,15040500
20130916,6.4700,6.7400,6.4500,6.5200,15901700
20130917,6.8400,7.1200,6.5600,6.5700,33311800
20130918,6.7500,6.8100,6.5400,6.7500,19604400
20130920,6.7500,6.7500,6.7500,6.7500,0
20130923,6.7500,7.1500,6.7000,6.7100,19669800
20130924,6.5600,6.7000,6.4700,6.7000,13523300
20130925,6.3600,6.6400,6.3200,6.6000,12240600
20130926,6.1500,6.3300,6.0700,6.3200,9958300
20130927,6.0100,6.1700,5.9400,6.1100,5585400
20130930,6.1200,6.1600,6.0600,6.1000,4040400
20131001,6.1200,6.1200,6.1200,6.1200,0
20131002,6.1200,6.1200,6.1200,6.1200,0
20131003,6.1200,6.1200,6.1200,6.1200,0
20131004,6.1200,6.1200,6.1200,6.1200,0
20131007,6.1200,6.1200,6.1200,6.1200,0
20131008,6.1500,6.2000,6.0000,6.1300,5396500
20131009,6.2600,6.3300,6.0500,6.1800,8413900
20131010,6.0700,6.2700,6.0500,6.2000,6959000
20131011,6.1700,6.2600,6.1000,6.1300,6562900
20131014,6.2000,6.2900,6.1100,6.1600,6113900
20131015,6.0600,6.2400,5.9800,6.1700,7567900
20131016,5.9500,6.1500,5.9400,6.0800,6470000
20131017,5.8500,6.0400,5.8200,5.9700,5605200
20131018,5.8300,5.9000,5.7600,5.8500,3109500
20131021,5.9600,5.9600,5.7800,5.8300,4290800
20131022,5.9900,6.1000,5.9400,5.9700,5909000
20131023,5.8400,6.1000,5.7800,6.0200,5220800
20131024,5.7400,5.8700,5.7300,5.7800,2822800
20131025,5.4500,5.7800,5.4000,5.7400,6110500
20131028,5.4700,5.5500,5.4000,5.4200,1953500
20131029,5.2000,5.4900,5.1000,5.4200,3858400
20131030,5.2800,5.2900,5.1700,5.1900,2583200
20131031,5.3100,5.3800,5.2300,5.2600,2748300
20131101,5.2800,5.3600,5.2100,5.3000,2089400
20131104,5.3700,5.3700,5.2900,5.3300,2059200
20131105,5.3900,5.4100,5.2400,5.3600,1887200
20131106,5.5600,5.7400,5.3500,5.4200,6574500
20131107,5.4000,5.5400,5.3900,5.4600,4158500
20131108,5.2900,5.4200,5.2600,5.3800,1908700
20131111,5.3600,5.3800,5.2500,5.2600,1465200
20131112,5.4300,5.5100,5.3100,5.3300,2601200
20131113,5.2200,5.4800,5.2100,5.4800,2584000
20131114,5.2800,5.3000,5.1700,5.2300,2228700
20131115,5.4300,5.6100,5.2400,5.2500,5861800
20131118,5.6100,5.7000,5.5300,5.6200,6791600
20131119,5.7500,5.9500,5.7000,5.7000,12134000
20131120,5.8000,5.8400,5.6300,5.7000,6780100
20131121,5.9000,5.9400,5.7100,5.7500,7944300
20131122,5.8700,6.0400,5.8700,5.9000,8697100
20131125,5.8500,6.0200,5.8000,5.8700,6488900
20131126,5.9700,6.0300,5.8700,5.8700,5679700
20131127,6.0700,6.0700,5.8600,5.9200,7086700
20131128,6.1100,6.1600,6.0000,6.0400,10856600
20131129,6.0900,6.1600,6.0100,6.1300,7646700
20131202,5.6600,5.9900,5.6100,5.9000,8516800
20131203,5.7600,5.7800,5.6300,5.6400,3579800
20131204,5.8000,5.8600,5.7500,5.7600,4741000
20131205,5.8200,5.8800,5.7300,5.7700,4238900
20131206,5.7600,5.8600,5.7500,5.8600,3171900
20131209,5.8300,5.8300,5.7400,5.7600,2587400
20131210,5.7500,5.8500,5.7300,5.8000,2907500
20131211,5.5800,5.7300,5.5400,5.7300,3784600
20131212,5.6100,5.6500,5.5600,5.5800,2169300
20131213,5.6300,5.6500,5.5400,5.5900,1822600
20131216,5.5900,5.7500,5.5700,5.7100,2567300
20131217,5.6700,5.7800,5.6500,5.7100,5277100
20131218,5.6000,5.6500,5.5400,5.5600,1989700
20131219,5.5000,5.6500,5.5000,5.6300,1682500
20131220,5.3500,5.5100,5.3100,5.4900,2104100
20131223,5.3400,5.4300,5.3000,5.3200,1335200
20131224,5.3800,5.4600,5.3200,5.3700,1139900
20131225,5.4300,5.4300,5.3500,5.3800,1341300
20131226,5.3800,5.6000,5.3700,5.5000,3035800
20131227,5.4300,5.4500,5.3000,5.3300,1932900
20131230,5.4700,5.5100,5.4200,5.4300,1872100
20131231,5.4700,5.5300,5.4200,5.4300,1841900
20140101,5.4700,5.4700,5.4700,5.4700,0
20140102,5.4900,5.5400,5.4400,5.4400,1215300
20140103,5.4200,5.5000,5.4000,5.4900,1886100
20140106,5.2500,5.4100,5.2200,5.4100,1960200
20140107,5.2300,5.2700,5.1800,5.2300,1264900
20140108,5.2200,5.2700,5.1600,5.2600,1944700
20140109,5.1400,5.2600,5.1400,5.1700,2112700
20140110,4.9700,5.1400,4.9000,5.1200,2556400
20140113,4.9600,5.0200,4.9400,4.9800,931700
20140114,5.0500,5.0500,4.9300,4.9800,1278800
20140115,5.0400,5.0600,5.0000,5.0600,1335900
20140116,5.0000,5.0600,5.0000,5.0600,2457700
20140117,4.8700,4.9900,4.8700,4.9600,2126300
20140120,4.9100,4.9100,4.8400,4.8800,3201200
20140121,4.9500,4.9600,4.8600,4.8600,1360100
20140122,5.0700,5.0800,4.9200,4.9500,2007300
20140123,5.0500,5.1000,5.0400,5.0400,1790400
20140124,5.1500,5.1700,5.0500,5.0600,2784300
20140127,5.0900,5.1400,5.0800,5.1200,1525800
20140128,4.9600,5.0800,4.9300,5.0500,2983000
20140129,4.9500,4.9900,4.9400,4.9500,1472400
20140130,4.9400,4.9700,4.9200,4.9500,1333800
20140131,4.9400,4.9400,4.9400,4.9400,0
20140203,4.9400,4.9400,4.9400,4.9400,0
20140205,4.9400,4.9400,4.9400,4.9400,0
20140206,4.9400,4.9400,4.9400,4.9400,0
20140207,5.0400,5.0400,4.9100,4.9400,1514700
20140210,5.2100,5.2300,5.0300,5.0300,4070100
20140211,5.2500,5.3100,5.2000,5.2400,3670100
20140212,5.2800,5.3000,5.2100,5.2700,3041000
20140213,5.3600,5.6600,5.3300,5.4400,13425600
20140214,5.4200,5.4400,5.2500,5.3000,5964200
20140217,5.4600,5.4900,5.3800,5.4100,4833600
20140218,5.3700,5.4900,5.3600,5.4900,3204200
20140219,5.5200,5.5500,5.3500,5.3500,6141600
20140220,5.5600,5.7400,5.3900,5.5700,11826500
20140221,5.3600,5.5800,5.3300,5.5000,7446600
20140224,5.2300,5.3100,5.1500,5.3000,4712500
20140225,5.0200,5.2800,5.0000,5.2400,3821400
