20130226,8.7800,9.0700,8.7800,8.9800,4768300
20130227,8.6600,8.9400,8.5800,8.8000,3604500
20130228,8.8400,8.8800,8.6600,8.7000,5027900
20130301,9.1300,9.1400,8.7200,8.8000,8173500
20130304,8.8500,9.0800,8.7600,9.0600,6227700
20130305,9.1400,9.1500,8.8000,8.8500,4935800
20130306,9.3400,9.4300,9.1300,9.1500,6977800
20130307,9.3800,9.4500,9.2000,9.3000,5358200
20130308,9.4600,9.6500,9.2400,9.3800,6870300
20130311,9.2400,9.5300,9.2100,9.5200,3948500
20130312,8.9400,9.2900,8.8200,9.2000,5113400
20130313,8.9700,9.0600,8.7600,8.9000,2382700
20130314,8.8800,9.0600,8.8500,8.8900,1637100
20130315,8.8800,9.0600,8.7900,8.8800,3191900
20130318,8.7600,8.9700,8.7500,8.9000,2217400
20130319,8.8000,8.8500,8.6800,8.7600,2159100
20130320,8.9800,9.0000,8.7800,8.8300,3492700
20130321,9.2000,9.2200,8.9000,8.9600,4977100
20130322,9.3600,9.3800,9.1000,9.1800,5235600
20130325,9.2200,9.4200,9.1800,9.3600,2642400
20130326,9.3500,9.4200,9.2000,9.2200,5758800
20130327,9.2300,9.4800,9.1300,9.2900,3209600
20130328,9.2100,9.5900,9.0100,9.1900,5351500
20130329,9.9600,10.1300,9.0900,9.1500,14116800
20130401,9.8100,10.0600,9.6300,9.8600,10812000
20130402,9.6000,9.9500,9.5100,9.7300,7285900
20130403,10.0600,10.0900,9.5300,9.6400,11158000
20130404,10.0600,10.0600,10.0600,10.0600,0
20130405,10.0600,10.0600,10.0600,10.0600,0
20130408,9.9600,10.2100,9.7000,9.8500,9171400
20130409,9.9500,10.1500,9.7300,9.8700,8035600
20130410,10.5000,10.6900,9.9000,9.9100,14042600
20130411,10.2700,10.5500,10.2100,10.4500,7558400
20130412,10.3700,10.5800,10.2500,10.3400,5184100
20130415,10.0200,10.3600,9.8900,10.2900,6613700
20130416,10.0600,10.1500,9.8800,9.9300,3614400
20130417,10.4800,10.5100,10.0100,10.0500,6096800
20130418,10.7900,11.0100,10.3000,10.3800,10417100
20130419,10.8000,10.9500,10.5900,10.7000,7476200
20130422,10.8200,11.1300,10.6100,10.7500,6305000
20130423,10.4500,10.8000,10.3200,10.8000,6132700
20130424,10.8900,10.8900,10.3500,10.4500,5182200
20130425,10.7800,11.0900,10.6800,10.7800,7367200
20130426,10.3900,10.8100,10.3300,10.7700,4972800
20130429,10.3900,10.3900,10.3900,10.3900,0
20130430,10.3900,10.3900,10.3900,10.3900,0
20130501,10.3900,10.3900,10.3900,10.3900,0
20130502,10.3300,10.3900,10.1000,10.3900,2722900
20130503,10.7500,10.7900,10.1500,10.3300,4184300
20130506,10.4500,10.8000,10.4400,10.6600,8872100
20130507,10.3500,10.5000,10.1700,10.5000,6663100
20130508,10.5000,10.5600,10.1600,10.3000,7708700
20130509,11.0300,11.1000,10.3200,10.4800,13152300
20130510,11.1400,11.3300,10.8800,10.9800,7460600
20130513,11.3500,11.4500,11.0000,11.1600,6183300
20130514,11.1400,11.3800,11.1300,11.3500,5308400
20130515,11.7000,11.8400,11.0000,11.1200,6747600
20130516,12.3000,12.3700,11.5300,11.5700,10820500
20130517,12.8500,13.1500,12.0800,12.2500,13202900
20130520,12.9000,13.1800,12.5700,12.8700,10234900
20130521,13.0300,13.3700,12.6600,12.8500,7722700
20130522,12.6300,13.2700,12.5800,12.9300,8476000
20130523,12.7400,13.0600,12.4500,12.5000,5170100
20130524,13.2800,13.4300,12.6500,12.6500,10171800
20130527,13.0600,13.3900,12.8700,13.2800,5584700
20130528,12.7900,13.1800,12.6800,13.0700,4944700
20130529,13.0000,13.1100,12.7000,12.7900,4370500
20130530,13.4800,13.6200,12.7600,13.0000,8772400
20130531,13.2500,14.1000,13.1000,13.4000,7323600
20130603,13.0000,13.3400,12.8900,13.1800,4365900
20130604,13.1100,13.2700,12.8600,13.0000,3987600
20130605,12.9400,13.2000,12.8900,13.0700,3368700
20130606,13.2600,13.4700,12.8800,12.9000,4347000
20130607,13.7500,14.0000,13.1900,13.2800,7142000
20130610,13.7500,13.7500,13.7500,13.7500,0
20130611,13.7500,13.7500,13.7500,13.7500,0
20130612,13.7500,13.7500,13.7500,13.7500,0
20130613,13.3900,13.7000,12.3800,13.6900,6499100
20130614,14.2000,14.3000,13.2800,13.2800,9319000
20130617,14.2400,14.7700,14.0000,14.1800,9637000
20130618,13.9300,14.3800,13.8000,14.3800,5416700
20130619,13.7300,13.9000,13.5000,13.7500,4180700
20130620,13.1000,13.7300,12.9100,13.7000,4948800
20130621,13.5900,13.7800,12.7000,12.8700,4310200
20130624,12.6400,13.5800,12.5100,13.5800,3707900
20130625,12.7500,12.9100,11.6000,12.5800,5408900
20130626,13.4500,13.6400,12.6400,12.8000,4193200
20130627,13.4800,13.7500,13.1000,13.5000,4868000
20130628,13.5100,13.9200,13.0100,13.1200,3892300
20130701,14.2200,14.3200,13.3300,13.4000,5083200
20130702,15.0500,15.2400,14.1500,14.2000,7334200
20130703,15.6100,15.7500,14.5900,14.9500,7281200
20130704,15.3600,15.9000,15.2700,15.4500,5137200
20130705,15.1900,15.8000,15.1900,15.3600,3866200
20130708,14.9300,15.4500,14.1000,14.9700,4390700
20130709,15.3600,15.4300,14.8000,14.8000,3540800
20130710,15.4200,15.5400,15.2200,15.4000,2181500
20130711,15.6900,15.8500,15.0100,15.4100,4755200
20130712,15.6600,16.1800,15.5000,15.5100,4286200
20130715,15.3000,15.9500,14.9000,14.9000,4783600
20130716,16.1600,16.2800,15.3000,15.3500,4737800
20130717,15.5000,16.3600,15.5000,16.2800,4848400
20130718,15.6500,16.0000,15.1500,15.1500,3083000
20130719,15.3900,15.9800,15.2400,15.4300,2862000
20130722,15.8800,15.9500,15.3000,15.3000,3746900
20130723,15.9500,16.1700,15.6600,15.6600,5162700
20130724,15.8000,16.0000,15.6300,16.0000,2363700
20130725,15.4000,15.9000,15.3500,15.8000,2074400
20130726,15.2600,15.4800,15.0000,15.2000,2114700
20130729,15.3800,15.6200,15.0200,15.0900,3391600
20130730,15.3100,15.4800,15.0700,15.3500,1331100
20130731,15.5200,15.7600,15.3500,15.3500,1365000
20130801,15.8100,15.8500,15.2000,15.3200,2397700
20130802,16.1400,16.1400,15.6700,15.8100,3496900
20130805,16.4300,16.8000,16.0000,16.2000,5013700
20130806,16.2700,16.5500,16.1000,16.2900,2894700
20130807,15.8500,16.4500,15.8000,16.4500,2996400
20130808,15.8800,16.0400,15.6500,15.7000,1879000
20130809,15.8800,16.0000,15.7500,15.8800,1343400
20130812,16.1000,16.2300,15.8000,15.9100,2859600
20130813,16.1100,16.2900,15.9500,16.2400,2583200
20130814,16.0100,16.2000,15.8700,16.2000,1717500
20130815,15.8000,16.0000,15.8000,16.0000,1438100
20130816,15.6800,16.0900,15.6600,15.8000,1367300
20130819,16.1500,16.1600,15.6000,15.6000,1885300
20130820,15.9500,16.2000,15.9000,16.1500,1061300
20130821,16.0700,16.1600,15.8600,15.9300,982000
20130822,16.4600,16.7200,15.9700,16.1400,4715000
20130823,16.9600,17.1600,16.3600,16.3600,4849800
20130826,17.0500,17.1100,16.6000,17.1100,2939200
20130827,17.0500,17.2700,16.9200,17.0200,2556400
20130828,17.0800,17.1700,16.9300,17.0100,3299800
20130829,16.8000,17.2500,16.7000,17.0800,3965000
20130830,16.4500,16.9900,16.3900,16.6900,3328600
20130902,16.6200,16.7800,16.1900,16.3000,1962400
20130903,16.6200,16.8500,16.5000,16.6000,1569700
20130904,16.6200,16.8200,16.4500,16.6000,836000
20130905,16.6900,16.7800,16.5000,16.6200,950100
20130906,16.7800,16.8400,16.6000,16.6900,1525900
20130909,16.9100,16.9800,16.7500,16.8200,2086500
20130910,16.8600,17.1600,16.7700,17.1600,2881600
20130911,17.1300,17.1400,16.7500,16.8400,2359100
20130912,16.7800,17.1900,16.7700,17.1900,1849900
20130913,16.7000,16.8700,16.6500,16.7000,1442900
20130916,16.7000,16.9900,16.6800,16.6800,1284100
20130917,17.5500,17.6500,16.6100,16.7000,5327900
20130918,17.9900,18.3700,17.5300,17.6600,4012500
20130920,17.9900,17.9900,17.9900,17.9900,0
20130923,19.4000,19.7000,17.5100,17.6900,5830800
20130924,19.5500,19.7000,19.1200,19.4200,2942600
20130925,19.0400,19.6700,18.9300,19.6000,2572400
20130926,20.2400,20.6400,18.8000,18.8000,4472800
20130927,20.7800,21.1800,20.2300,20.2300,3689900
20130930,21.2000,21.2000,20.3700,20.3700,2946800
20131001,21.2000,21.2000,21.2000,21.2000,0
20131002,21.2000,21.2000,21.2000,21.2000,0
20131003,21.2000,21.2000,21.2000,21.2000,0
20131004,21.2000,21.2000,21.2000,21.2000,0
20131007,21.2000,21.2000,21.2000,21.2000,0
20131008,23.0900,23.3200,21.2000,21.2000,3724900
20131009,23.5000,24.0000,22.6000,22.9000,2665600
20131010,24.3400,24.6500,23.2400,23.5900,3053500
20131011,24.1500,24.8000,23.3500,24.4900,4515900
20131014,23.8400,24.3000,23.6600,23.6600,2012700
20131015,21.5400,24.0000,21.4600,23.8500,6816200
20131016,21.6800,22.5000,20.7600,21.5000,4825000
20131017,21.2900,22.0500,21.2200,21.8000,3049400
20131018,21.8300,21.9300,21.0100,21.0200,2344000
20131021,22.0700,22.8000,21.7100,21.7100,3319700
20131022,21.7000,22.0700,21.3100,22.0700,2805800
20131023,21.4900,21.8500,21.3100,21.7200,2160700
20131024,21.3900,21.7000,21.3000,21.3000,1263900
20131025,19.7000,21.6000,19.2900,21.3700,2967800
20131028,20.1000,20.5500,19.7000,19.7000,3018700
20131029,20.4000,21.0800,19.9200,20.4000,1987500
20131030,21.2000,21.3400,20.4900,20.6900,2999900
20131031,21.4000,21.6700,21.1100,21.4500,1514300
20131101,21.6800,21.7700,21.2500,21.2500,1680900
20131104,22.2300,22.4300,21.6100,21.6600,1516600
20131105,22.2500,22.4900,21.8800,22.4300,2194800
20131106,21.3500,22.4600,21.1800,22.4600,4149900
20131107,21.6500,22.0900,20.8000,21.2400,2991400
20131108,21.6000,21.9600,21.4000,21.5200,1324600
20131111,20.7700,21.6000,20.3000,21.6000,4722300
20131112,20.5000,20.9000,19.9800,20.7700,3257200
20131113,20.4000,20.7700,20.1000,20.5000,1678500
20131114,20.5300,20.6000,19.8000,20.3000,1415800
20131115,20.5500,20.9500,20.3200,20.9500,1289500
20131118,20.3100,20.7500,20.0800,20.5500,1763600
20131119,20.2300,20.3600,19.8700,20.3100,1564700
20131120,20.2800,20.3800,19.9700,20.2300,1071700
20131121,20.6000,20.7100,20.2200,20.2800,2542900
20131122,21.2500,21.9900,20.5800,20.5800,3123400
20131125,21.5900,21.7000,21.3000,21.3000,2591300
20131126,20.7900,21.5800,19.9000,21.5000,2959700
20131127,20.7700,20.8200,20.4000,20.7500,1297100
20131128,20.7000,20.9800,20.5000,20.6800,1427000
20131129,20.7100,20.8500,20.6300,20.7800,749300
20131202,19.8000,20.5500,19.3000,20.4800,3456500
20131203,20.0000,20.2000,19.4300,19.8000,1047300
20131204,19.9500,20.4600,19.6100,19.9000,905000
20131205,19.8300,20.1400,19.7800,19.8900,885200
20131206,19.8300,20.0000,19.7000,19.7000,936700
20131209,20.0400,20.0500,19.6900,19.8300,1068900
20131210,19.8800,20.2900,19.7200,20.1600,833700
20131211,19.8400,19.9800,19.4100,19.9800,733000
20131212,20.1200,20.1500,19.7100,19.9100,973700
20131213,20.3200,20.3700,19.9000,20.0000,1286900
20131216,21.2300,21.9000,20.2300,20.2300,2722800
20131217,21.0500,21.5900,21.0100,21.2300,2478600
20131218,20.9500,21.5500,20.6000,21.5500,949800
20131219,21.0100,21.2300,20.8100,20.8100,780700
20131220,20.6400,21.1200,20.5200,21.0200,1503500
20131223,20.5000,20.7900,20.0500,20.3300,1122500
20131224,20.5000,20.8500,20.2500,20.2500,602300
20131225,21.0800,21.0800,20.3400,20.3400,2228700
20131226,21.0500,21.2600,20.7500,21.1800,2000500
20131227,21.2600,21.5100,21.0400,21.2300,1574000
20131230,20.8900,21.5000,20.7300,21.2800,1865800
20131231,20.8800,20.9700,20.5000,20.7400,589500
20140101,20.8800,20.8800,20.8800,20.8800,0
20140102,20.7700,20.9700,20.6000,20.8800,1029900
20140103,21.4200,21.4500,20.6300,20.8600,1868000
20140106,21.2000,21.7600,21.0600,21.4500,2142400
20140107,21.4400,21.4600,20.9600,21.0600,1734500
20140108,22.8800,23.1500,21.4400,21.4400,6255200
20140109,22.8000,23.0600,22.4300,22.7700,2391500
20140110,23.1800,23.6800,22.6800,22.8100,2575600
20140113,23.1800,23.1800,23.1800,23.1800,0
20140114,22.6100,23.1800,21.5000,23.1800,2498300
20140115,22.6200,22.9500,22.3600,22.6200,1666400
20140116,22.9500,23.0900,22.4000,22.6500,1667500
20140117,23.3900,24.0000,22.8500,22.8500,3131500
20140120,22.8800,23.5300,22.6500,23.0200,1803400
20140121,22.8200,23.0500,22.5100,22.8300,1309600
20140122,23.5000,23.5000,22.5200,22.5200,1303100
20140123,23.3800,23.6800,23.0400,23.5800,1538700
20140124,23.1600,23.7700,23.1000,23.1500,1782500
20140127,23.4300,23.7000,23.0900,23.2000,1484000
20140128,22.7800,23.6000,22.7000,23.5500,1710000
20140129,23.1800,23.4500,22.5500,22.5500,757000
20140130,23.9800,24.2500,22.9000,23.3000,1574900
20140131,23.9800,23.9800,23.9800,23.9800,0
20140203,23.9800,23.9800,23.9800,23.9800,0
20140205,23.9800,23.9800,23.9800,23.9800,0
20140206,23.9800,23.9800,23.9800,23.9800,0
20140207,25.5100,25.6800,23.7700,23.8100,2696900
20140210,25.8200,26.1900,25.2600,25.7000,1588000
20140211,25.1000,25.8600,24.9500,25.8000,2220700
20140212,24.7000,25.1000,24.4100,25.1000,1757200
20140213,23.7200,24.9900,23.7000,24.5000,2455300
20140214,24.3000,24.3300,23.0000,23.8000,1932400
20140217,24.9100,25.2800,23.8800,24.3000,2003500
20140218,24.4400,24.8900,24.3000,24.8500,900900
20140219,24.5200,24.9000,24.0500,24.4400,1651600
20140220,23.4200,24.5000,23.3300,24.5000,1785100
20140221,23.2000,23.7000,23.0500,23.3700,1359400
20140224,23.4100,23.7700,23.0500,23.0500,1079500
20140225,21.1500,23.5000,21.0700,23.2200,2917700
