20130226,11.0800,11.5100,10.8200,10.8200,9114400
20130227,11.5800,11.6700,10.9700,10.9700,8625000
20130228,11.9600,12.1900,11.4100,11.5600,9498200
20130301,11.8700,12.2500,11.8300,11.8800,6895400
20130304,12.4200,12.8400,11.8700,11.9800,8817400
20130305,13.6100,13.6100,12.2700,12.6000,7706500
20130306,13.4200,13.9900,13.0000,13.8800,8828600
20130307,13.2500,13.8800,12.8900,13.2000,5942300
20130308,12.6100,13.2800,12.5300,13.2600,4924700
20130311,12.6600,13.0700,12.0600,12.6200,4630300
20130312,12.0500,12.7800,11.7200,12.5000,3513900
20130313,12.2400,12.4300,11.8000,12.0300,2771400
20130314,12.5600,12.7700,12.0200,12.0200,4186800
20130315,12.5500,13.0000,12.2300,12.4600,2998900
20130318,12.5700,12.9500,12.4500,12.5500,2559100
20130319,11.9500,12.8300,11.7000,12.6100,3250600
20130320,12.2700,12.4000,11.8000,11.9100,3822700
20130321,12.7400,12.7700,11.9800,12.2200,5145500
20130322,12.6300,12.8600,12.5600,12.6000,3079000
20130325,12.7800,12.9200,12.5600,12.8000,3918500
20130326,12.3300,12.6500,12.1200,12.6500,4075300
20130327,12.2500,12.4300,12.1600,12.2200,2891700
20130328,11.5900,12.1500,11.5800,12.1500,2920600
20130329,11.3000,11.7500,11.2600,11.5200,2259800
20130401,11.4000,11.5800,11.2100,11.2100,1520800
20130402,11.5000,11.6800,11.3000,11.4000,2385300
20130403,11.0800,11.6700,11.0100,11.6200,1734500
20130404,11.0800,11.0800,11.0800,11.0800,0
20130405,11.0800,11.0800,11.0800,11.0800,0
20130408,10.9100,11.2500,10.6000,10.8800,3378000
20130409,10.9000,11.0800,10.8700,10.9000,2495200
20130410,10.8600,11.1800,10.6300,10.8900,3307100
20130411,10.6300,10.9900,10.6300,10.9900,3117000
20130412,10.4400,10.7700,10.4000,10.6800,2332800
20130415,10.0300,10.4400,9.9800,10.4000,4082300
20130416,10.1700,10.2200,9.8600,9.9100,1714000
20130417,10.4000,10.4000,10.1200,10.1800,2280300
20130418,10.2600,10.4400,10.2000,10.3000,1833000
20130419,10.5800,10.5900,10.2200,10.3500,2807400
20130422,10.9200,11.0400,10.5100,10.5900,3536800
20130423,10.6300,10.9700,10.5600,10.9600,2500400
20130424,11.2100,11.2600,10.5300,10.5300,3907100
20130425,11.0200,11.5000,10.9900,11.1900,4444700
20130426,10.5100,11.1500,10.4200,11.0300,3427900
20130429,10.5100,10.5100,10.5100,10.5100,0
20130430,10.5100,10.5100,10.5100,10.5100,0
20130501,10.5100,10.5100,10.5100,10.5100,0
20130502,10.6500,10.6500,10.2000,10.5200,1655600
20130503,11.1200,11.2000,10.6000,10.6400,2873000
20130506,11.2800,11.4300,11.1000,11.1000,3530400
20130507,11.6500,11.9000,11.2200,11.3000,4455000
20130508,11.7500,11.8300,11.5300,11.7000,2823300
20130509,11.6600,11.7000,11.4500,11.7000,3008300
20130510,11.9800,12.0900,11.6000,11.6000,2829900
20130513,11.9900,12.2100,11.8200,11.9700,2619000
20130514,11.8100,12.1300,11.5800,11.9800,2299200
20130515,11.8900,11.9200,11.7100,11.7500,1292200
20130516,12.2500,12.2500,11.7800,11.8100,2296400
20130517,12.2300,12.3500,12.1000,12.2500,2237500
20130520,12.7000,12.8500,12.3000,12.3100,4271200
20130521,12.7800,12.9500,12.4800,12.7100,5766600
20130522,12.7700,12.8100,12.5500,12.7700,2664700
20130523,12.7200,13.1000,12.7000,12.7700,2670400
20130524,12.7200,13.0900,12.5800,12.7000,2911600
20130527,12.5500,12.8800,12.0200,12.6500,5042200
20130528,12.5100,12.5900,12.2900,12.4500,2236200
20130529,12.7500,12.9600,12.4300,12.4500,3490300
20130530,13.0600,13.0800,12.5800,12.7000,3834900
20130531,13.2000,13.5700,13.0500,13.2400,4645300
20130603,13.7000,14.0000,13.1000,13.3000,5173700
20130604,13.2500,13.8900,12.9100,13.7000,4060800
20130605,13.2900,13.4500,13.0300,13.2500,1840300
20130606,13.4000,13.7600,13.1200,13.1200,2495400
20130607,13.9100,13.9600,13.2000,13.3800,3458200
20130610,13.9100,13.9100,13.9100,13.9100,0
20130611,13.9100,13.9100,13.9100,13.9100,0
20130612,13.9100,13.9100,13.9100,13.9100,0
20130613,13.9100,14.1600,13.2000,13.9000,3934000
20130614,14.6000,14.7400,13.7600,13.7600,4932200
20130617,15.0600,15.0700,14.2500,14.6000,4857700
20130618,14.7200,15.6300,14.6400,15.0900,5527700
20130619,14.3000,14.9900,14.1100,14.5100,5034400
20130620,13.3400,14.4700,13.1200,14.1200,5391100
20130621,13.6900,13.9000,12.8000,12.8100,3348700
20130624,12.9700,13.7600,12.8300,13.5000,3433300
20130625,12.4400,13.2000,11.6700,12.7400,5145200
20130626,12.5700,12.7000,11.8700,12.4000,3575000
20130627,12.5800,13.0300,12.3300,12.5700,4009700
20130628,12.3800,12.8900,12.2700,12.4000,2759300
20130701,12.5600,12.6700,11.9600,12.4000,4341200
20130702,13.1500,13.1900,12.5900,12.6500,4620300
20130703,13.7500,13.8000,12.7800,13.1300,6721300
20130704,13.2100,13.6700,13.0700,13.4500,5334200
20130705,12.4700,13.2600,12.4500,13.2000,4627000
20130708,12.4800,13.0900,11.6700,12.1700,3882900
20130709,12.6200,12.8800,12.2500,12.4500,2190600
20130710,12.7000,12.7800,12.3800,12.7800,2841700
20130711,12.9700,13.1000,12.5000,12.7000,3480800
20130712,13.4200,13.8500,12.8500,12.9700,5743500
20130715,13.6500,13.9000,13.3700,13.4100,4420300
20130716,13.6800,13.8200,13.3800,13.6500,2994700
20130717,13.3000,14.1300,13.3000,13.8300,4934300
20130718,13.1900,13.4500,12.9200,13.1000,2794700
20130719,12.9100,13.4600,12.9000,13.2000,2470400
20130722,13.2500,13.2600,12.5800,12.7900,1844600
20130723,13.6200,13.6900,13.2000,13.2800,3844800
20130724,13.8800,13.9400,13.4800,13.5800,4426000
20130725,13.5200,13.9700,13.5000,13.7700,3339800
20130726,13.4500,13.5600,13.0700,13.5000,2301700
20130729,13.0100,13.3500,12.8900,13.2900,2240200
20130730,13.0800,13.2400,12.7200,13.0000,1627500
20130731,12.8100,13.2500,12.8100,13.1200,1437600
20130801,13.2300,13.2400,12.8100,12.9000,2067000
20130802,13.5300,13.7000,13.1900,13.2300,3634700
20130805,14.5200,14.8800,14.2200,14.8800,16913800
20130806,14.0800,14.4200,13.9100,14.3400,10909800
20130807,15.1300,15.4500,14.0100,14.0100,16904900
20130808,14.6500,15.2000,14.4000,14.6000,9823500
20130809,14.1800,14.8600,14.1000,14.5000,6598500
20130812,14.3500,14.6500,14.0100,14.2100,5564600
20130813,14.3500,14.5000,14.0000,14.2500,4618200
20130814,14.1200,14.3200,14.0300,14.2900,3638600
20130815,14.0500,14.3100,14.0100,14.0600,2601200
20130816,13.5200,14.4900,13.4600,14.2800,5151300
20130819,13.7800,13.8000,13.2800,13.2900,2607700
20130820,13.8300,14.0900,13.6100,13.7200,2559800
20130821,13.7100,13.8300,13.5100,13.8100,1917000
20130822,13.5400,13.7700,13.4500,13.7200,2284200
20130823,13.8300,13.8300,13.4300,13.5300,3085300
20130826,13.8800,14.0500,13.8100,14.0000,3752400
20130827,13.7100,13.9000,13.6000,13.8400,2332900
20130828,13.1100,13.6000,13.0300,13.6000,4313900
20130829,12.9400,13.0900,12.9000,13.0600,2379600
20130830,12.7300,13.1800,12.6700,12.9900,2143500
20130902,12.9900,13.0700,12.7400,12.7400,1759800
20130903,13.1700,13.1900,12.9200,13.0000,1964100
20130904,13.1400,13.1800,12.9200,13.0900,1696800
20130905,13.6400,13.8400,13.0000,13.0800,6111600
20130906,13.5400,13.8000,13.3600,13.5800,3549100
20130909,13.4500,13.6900,13.3000,13.6000,2337200
20130910,13.3800,13.4500,13.1700,13.4100,3050300
20130911,13.2300,13.3000,13.0300,13.2800,2336200
20130912,13.2400,13.3000,13.0800,13.2100,1438500
20130913,13.2600,13.3700,13.0100,13.2000,3869800
20130916,12.8900,13.3700,12.8900,13.2000,3361600
20130917,12.6500,13.1000,12.6500,12.9800,2711700
20130918,12.9000,13.0000,12.6000,12.6000,3206600
20130920,12.9000,12.9000,12.9000,12.9000,0
20130923,13.0900,13.1400,12.8200,13.0000,2852400
20130924,13.2900,13.4000,12.9500,13.0200,3567600
20130925,12.8000,13.2900,12.7000,13.2600,3346400
20130926,12.7100,13.0600,12.6500,12.8000,2603900
20130927,13.1600,13.2900,12.7100,12.8000,3564200
20130930,13.2700,13.4800,13.0600,13.2000,3963900
20131001,13.2700,13.2700,13.2700,13.2700,0
20131002,13.2700,13.2700,13.2700,13.2700,0
20131003,13.2700,13.2700,13.2700,13.2700,0
20131004,13.2700,13.2700,13.2700,13.2700,0
20131007,13.2700,13.2700,13.2700,13.2700,0
20131008,13.4900,13.6500,13.2700,13.2700,4485400
20131009,13.5700,13.6300,13.3000,13.4000,3634200
20131010,13.9000,14.0800,13.5000,13.6300,5910300
20131011,14.3500,14.5900,13.8300,13.9600,8970100
20131014,14.3300,14.8000,14.1100,14.2800,8095000
20131015,14.6600,15.0000,14.2000,14.2300,8061300
20131016,14.7700,14.8000,13.8300,14.5000,6135900
20131017,14.4000,14.9400,14.1100,14.7000,4429100
20131018,14.5300,14.5900,14.2000,14.4400,2905500
20131021,15.0400,15.0400,14.5300,14.5300,6774000
20131022,14.8000,15.0700,14.8000,14.9800,5024500
20131023,13.8700,14.8900,13.7600,14.7300,5497200
20131024,13.8900,14.1000,13.6200,13.8800,2476600
20131025,13.6300,14.1400,13.4200,14.0100,2565900
20131028,12.9400,13.7000,12.8500,13.6400,3139600
20131029,12.8000,13.2000,11.9600,12.9300,3536600
20131030,12.9700,13.2000,12.3900,12.6500,3505700
20131031,12.8900,12.9500,12.2500,12.6900,3635600
20131101,12.7700,12.9400,12.5200,12.5700,2128700
20131104,12.7700,12.7700,12.7700,12.7700,0
20131105,12.7700,12.7700,12.7700,12.7700,0
20131106,12.7700,12.7700,12.7700,12.7700,0
20131107,12.7700,12.7700,12.7700,12.7700,0
20131108,12.7700,12.7700,12.7700,12.7700,0
20131111,12.7700,12.7700,12.7700,12.7700,0
20131112,12.7700,12.7700,12.7700,12.7700,0
20131113,12.7700,12.7700,12.7700,12.7700,0
20131114,12.7700,12.7700,12.7700,12.7700,0
20131115,12.7700,12.7700,12.7700,12.7700,0
20131118,12.7700,12.7700,12.7700,12.7700,0
20131119,12.7700,12.7700,12.7700,12.7700,0
20131120,12.7700,12.7700,12.7700,12.7700,0
20131121,12.7700,12.7700,12.7700,12.7700,0
20131122,12.7700,12.7700,12.7700,12.7700,0
20131125,12.7700,12.7700,12.7700,12.7700,0
20131126,12.7700,12.7700,12.7700,12.7700,0
20131127,12.7700,12.7700,12.7700,12.7700,0
20131128,12.7700,12.7700,12.7700,12.7700,0
20131129,12.7700,12.7700,12.7700,12.7700,0
20131202,12.7700,12.7700,12.7700,12.7700,0
20131203,12.7700,12.7700,12.7700,12.7700,0
20131204,12.9600,13.4700,11.8000,11.8000,8945300
20131205,12.5500,12.7700,12.4000,12.7000,4672600
20131206,12.5800,12.6200,12.4500,12.5500,1513200
20131209,12.5600,12.6900,12.4900,12.5300,1851200
20131210,12.7300,12.7600,12.5000,12.5600,3415800
20131211,12.6000,12.6900,12.5000,12.6800,1785500
20131212,12.5900,12.6600,12.5500,12.6000,1711600
20131213,12.8300,12.9500,12.5800,12.6200,3115600
20131216,12.5500,12.9600,12.5100,12.8600,2348200
20131217,12.3000,12.6600,12.1100,12.5600,1940700
20131218,12.3400,12.3600,12.1400,12.3000,1016200
20131219,12.1500,12.4700,12.1500,12.4000,1074200
20131220,11.9300,12.1700,11.7000,12.1400,1863800
20131223,11.7000,11.9600,11.3100,11.9100,1293300
20131224,11.9000,12.0700,11.6900,11.6900,1331900
20131225,12.0600,12.0900,11.7500,11.9000,1054000
20131226,11.8200,12.1600,11.7800,12.0700,1109400
20131227,12.1200,12.1700,11.8200,11.8300,1282800
20131230,12.2200,12.3500,12.1200,12.1200,1213800
20131231,12.2200,12.3400,12.0200,12.1000,1252000
20140101,12.2200,12.2200,12.2200,12.2200,0
20140102,12.1200,12.2200,12.0600,12.1800,1489100
20140103,11.8900,12.0800,11.8600,12.0800,1430900
20140106,11.5000,11.9200,11.4800,11.9200,1210300
20140107,11.5600,11.6300,11.3500,11.4400,1146000
20140108,12.0700,12.2200,11.5500,11.5600,2857700
20140109,11.6400,12.0600,11.6400,11.9500,1296200
20140110,11.5300,11.8500,11.4800,11.5200,905300
20140113,11.5300,11.7500,11.4600,11.5100,898000
20140114,11.7600,11.7800,11.5400,11.5400,1021700
20140115,11.8900,11.9300,11.7300,11.8300,1245600
20140116,11.8300,11.9600,11.8100,11.9100,1177800
20140117,11.8700,12.0800,11.7400,11.8400,1320700
20140120,11.6800,11.9600,11.6100,11.8700,1050100
20140121,11.8500,11.8800,11.6800,11.7500,866000
20140122,12.1200,12.1500,11.8700,11.8700,2309900
20140123,12.2400,12.3200,12.0500,12.1200,2273900
20140124,12.2700,12.3100,12.1500,12.2400,2017900
20140127,11.9600,12.2900,11.9500,12.1800,2227300
20140128,11.9200,12.0800,11.8800,11.9800,1138400
20140129,11.8200,12.0200,11.7600,11.9400,1659300
20140130,11.7300,11.8400,11.7000,11.8200,949800
20140131,11.7300,11.7300,11.7300,11.7300,0
20140203,11.7300,11.7300,11.7300,11.7300,0
20140205,11.7300,11.7300,11.7300,11.7300,0
20140206,11.7300,11.7300,11.7300,11.7300,0
20140207,12.1300,12.1300,11.6300,11.6300,1728500
20140210,12.3900,12.4000,12.1300,12.1300,2705300
20140211,12.3100,12.4700,12.2300,12.3800,2638600
20140212,12.6600,12.6600,12.3500,12.3600,3448800
20140213,12.9000,13.1700,12.5200,12.6800,5406700
20140214,13.0500,13.1500,12.8100,12.9100,3269800
20140217,13.0800,13.1900,12.8500,13.0800,3000000
20140218,12.9500,13.1400,12.9000,13.0800,2468300
20140219,12.9300,12.9700,12.6300,12.8900,2409500
20140220,13.1900,13.3500,12.8300,12.9000,4814200
20140221,13.5000,13.6200,13.1100,13.1900,5290200
20140224,13.5700,13.6900,13.2300,13.5000,3293300
20140225,12.8500,13.6400,12.7300,13.5700,3728700
