20130226,9.2600,9.5100,9.2000,9.4000,1612900
20130227,9.3200,9.3800,9.2000,9.3200,1108200
20130228,9.5200,9.6100,9.3600,9.3700,2716300
20130301,9.9700,10.0000,9.5000,9.5500,6853900
20130304,9.6700,9.9200,9.5700,9.8000,4676300
20130305,9.8400,9.8700,9.5600,9.5600,2444000
20130306,9.9100,9.9700,9.7200,9.8700,2735600
20130307,9.8200,10.0400,9.7400,9.7900,2761300
20130308,9.8100,10.3000,9.8100,9.9300,8452800
20130311,9.8600,9.9100,9.5100,9.6700,2887900
20130312,10.1400,10.1700,9.7100,9.8600,4868900
20130313,10.1000,10.2300,9.9600,10.1400,3402500
20130314,10.1700,10.1900,10.0000,10.0700,2101200
20130315,10.0400,10.2100,9.8900,10.2000,2102100
20130318,9.8300,10.0200,9.6800,9.9200,1462100
20130319,9.7300,9.8400,9.5700,9.7100,905100
20130320,10.1300,10.1600,9.7100,9.7800,2054900
20130321,10.2800,10.4200,10.0400,10.1800,2307200
20130322,10.1400,10.2700,10.0700,10.2700,1099200
20130325,10.3300,10.3300,10.0700,10.0800,3119100
20130326,10.1900,10.4100,10.0800,10.2100,2663400
20130327,10.2600,10.3200,10.1000,10.1000,1591400
20130328,9.9500,10.2700,9.9000,10.2600,1505400
20130329,9.9000,10.0500,9.7900,9.8800,1561900
20130401,9.9200,9.9900,9.8000,9.9400,1757900
20130402,10.0500,10.1900,9.9200,9.9200,3071700
20130403,9.9000,10.0600,9.8400,10.0000,1748500
20130404,9.9000,9.9000,9.9000,9.9000,0
20130405,9.9000,9.9000,9.9000,9.9000,0
20130408,9.7100,9.9000,8.9600,9.8600,2337900
20130409,9.8800,10.0300,9.6100,9.7000,1863500
20130410,9.7700,9.9700,9.6100,9.8500,891600
20130411,9.9000,9.9700,9.7800,9.8000,1290500
20130412,9.8300,9.9600,9.8100,9.8800,550300
20130415,9.8800,9.9500,9.6500,9.8200,1116100
20130416,10.0200,10.0200,9.7200,9.8200,1060600
20130417,10.4500,10.6400,9.9600,10.0200,4506300
20130418,10.4400,10.5000,10.3400,10.4800,1882200
20130419,10.9300,11.0800,10.4400,10.4400,5523500
20130422,11.0000,11.1300,10.8100,10.8500,2278700
20130423,10.8200,11.0400,10.6100,10.9100,5884000
20130424,11.2100,11.3900,10.7500,10.8700,4786200
20130425,11.1000,11.2500,10.9500,11.2100,5051700
20130426,10.6800,11.1900,10.6800,11.0800,5059900
20130429,10.6800,10.6800,10.6800,10.6800,0
20130430,10.6800,10.6800,10.6800,10.6800,0
20130501,10.6800,10.6800,10.6800,10.6800,0
20130502,11.2300,11.2600,10.6300,10.6300,3092600
20130503,11.5200,11.8000,11.2300,11.2500,3019700
20130506,11.8800,11.8800,11.3500,11.4200,3118400
20130507,11.7500,12.1200,11.7000,11.7800,2772400
20130508,11.9200,11.9800,11.7000,11.8200,1616800
20130509,11.9100,12.0900,11.8100,11.9500,1524600
20130510,11.7000,11.8500,11.5900,11.8100,1695100
20130513,12.1500,12.1500,11.5600,11.6200,2185200
20130514,11.8500,11.9800,11.6500,11.9500,2148300
20130515,11.9600,12.0300,11.6500,11.8700,2574900
20130516,12.2000,12.2000,11.8300,11.9600,2728400
20130517,12.4000,12.4400,12.0200,12.1500,1845500
20130520,13.0200,13.2500,12.4600,12.6500,4240200
20130521,13.0700,13.2500,12.8000,12.8700,2011200
20130522,13.0700,13.3600,12.8800,13.1700,3366300
20130523,12.7300,13.0900,12.6700,12.9000,5144800
20130524,13.0000,13.0500,12.5100,12.6900,2200100
20130527,13.4000,13.5400,12.8200,13.0200,4385200
20130528,12.8900,13.3300,12.8900,13.3200,3997300
20130529,12.6200,12.9400,12.6100,12.9400,3601500
20130530,13.1500,13.1500,12.5100,12.6400,3978700
20130531,12.8400,13.1200,12.8100,13.1100,2532000
20130603,12.6900,12.9300,12.6000,12.7200,1913600
20130604,12.1800,12.7800,11.9500,12.6900,3284300
20130605,12.4200,12.5600,12.1000,12.1000,1478300
20130606,12.1200,12.6300,12.1200,12.4100,1183500
20130607,12.0400,12.3500,11.8500,12.1000,1722800
20130610,12.0400,12.0400,12.0400,12.0400,0
20130611,12.0400,12.0400,12.0400,12.0400,0
20130612,12.0400,12.0400,12.0400,12.0400,0
20130613,12.2200,12.2500,11.0000,12.0300,1806100
20130614,12.1900,12.6100,12.1600,12.1600,2797100
20130617,12.2100,12.4800,12.1100,12.1800,1472400
20130618,12.1900,12.3200,12.0300,12.2100,1238700
20130619,12.2700,12.3600,12.0700,12.1400,972400
20130620,11.7700,12.4000,11.7500,12.4000,2328200
20130621,11.5900,11.6700,11.0200,11.5100,2301600
20130624,10.9200,11.5900,10.8200,11.5500,1426700
20130625,11.0000,11.1700,10.2000,10.9200,2524500
20130626,11.1900,11.3100,10.9100,11.0000,1529800
20130627,11.3000,11.5400,11.1900,11.1900,1621500
20130628,11.1900,11.4600,11.0500,11.2100,824900
20130701,11.4700,11.6500,11.2300,11.3900,1278300
20130702,11.7900,11.8000,11.5000,11.5800,1997500
20130703,12.4000,12.7900,12.2000,12.7900,3688400
20130704,12.2300,12.5600,12.2100,12.3000,3534700
20130705,12.4900,12.6200,12.0000,12.2000,3257300
20130708,12.4500,12.5500,12.1000,12.3800,3139300
20130709,12.8300,12.9900,12.4000,12.4500,2963200
20130710,12.8200,12.8600,12.6300,12.8300,2949300
20130711,13.0600,13.1800,12.6900,12.8100,2800300
20130712,12.8500,13.1700,12.8000,12.8800,1811800
20130715,12.5900,12.8500,12.4800,12.8200,3751000
20130716,12.7400,12.9500,12.5400,12.5800,2008800
20130717,12.2000,12.7500,12.2000,12.7500,2867400
20130718,11.7700,12.2000,11.5100,12.2000,4935400
20130719,11.5000,11.9800,11.4800,11.7500,2665600
20130722,11.6600,11.7300,11.4000,11.4100,1185700
20130723,12.3000,12.3800,11.6500,11.6600,3337500
20130724,12.2700,12.3800,12.0500,12.2600,1653400
20130725,12.1000,12.3400,11.9300,12.3200,1505400
20130726,11.8200,12.0900,11.7800,11.8400,1097000
20130729,11.2300,11.9700,11.1600,11.7400,2958100
20130730,11.1900,11.3300,11.0000,11.2300,1152600
20130731,11.8100,12.3100,11.2000,11.2500,4097900
20130801,12.1500,12.2400,11.7200,11.7500,2177400
20130802,12.2900,12.4800,12.1600,12.3500,3579400
20130805,12.5000,12.5600,12.2200,12.3500,1921100
20130806,12.9700,13.1900,12.5900,12.5900,4949100
20130807,13.0100,13.3000,12.8800,13.0100,4358800
20130808,13.1300,13.1400,12.8000,13.0000,2653700
20130809,13.1100,13.3500,12.9000,13.3000,2340300
20130812,13.3300,13.3300,12.8200,13.0000,2501600
20130813,13.1600,13.3500,13.1000,13.1700,1538800
20130814,12.8200,13.3200,12.7300,13.2400,2499400
20130815,12.8400,12.9800,12.6000,12.6000,1637500
20130816,12.3000,12.9000,12.1800,12.8000,1935200
20130819,12.5000,12.7000,11.9000,11.9900,2294300
20130820,12.3600,12.6700,12.2600,12.4500,1187900
20130821,12.1800,12.4700,12.0000,12.4700,2683500
20130822,12.5000,12.5600,12.1000,12.2000,2603900
20130823,12.9400,12.9500,12.1000,12.5800,3737300
20130826,13.1900,13.3800,12.8100,12.9300,3682700
20130827,13.2800,13.3300,13.0600,13.1600,2397300
20130828,13.0000,13.4000,13.0000,13.1500,2476900
20130829,13.2900,13.2900,12.8700,12.9600,1792000
20130830,12.7000,13.3800,12.5800,13.3700,2847800
20130902,13.0000,13.2200,12.4200,12.5100,2306900
20130903,13.9000,13.9800,13.0400,13.1000,6953500
20130904,13.5400,13.9300,13.2600,13.9300,13223000
20130905,13.4900,13.6400,13.1700,13.4100,5708600
20130906,13.5300,13.5800,13.3000,13.4000,4055800
20130909,13.5300,13.9200,13.3800,13.5200,4483700
20130910,13.8300,13.9000,13.5000,13.5100,4601400
20130911,13.6000,13.8800,13.2000,13.8800,6114400
20130912,13.4200,13.6400,13.3800,13.5800,2207200
20130913,13.3900,13.5000,13.0700,13.5000,2507400
20130916,13.4000,13.5200,13.3200,13.3200,1329200
20130917,13.4200,13.4700,13.2900,13.4100,2286300
20130918,13.8400,13.9700,13.3600,13.4100,3183200
20130920,13.8400,13.8400,13.8400,13.8400,0
20130923,13.9400,13.9900,13.7000,13.8500,2837700
20130924,14.3000,14.3700,13.8800,13.9800,3889200
20130925,14.0200,14.2800,13.9300,14.1000,2287200
20130926,14.0700,14.2900,13.8600,14.0000,3079300
20130927,14.2000,14.2600,13.9300,14.0000,1692900
20130930,14.7500,14.8700,14.2100,14.2200,3543400
20131001,14.7500,14.7500,14.7500,14.7500,0
20131002,14.7500,14.7500,14.7500,14.7500,0
20131003,14.7500,14.7500,14.7500,14.7500,0
20131004,14.7500,14.7500,14.7500,14.7500,0
20131007,14.7500,14.7500,14.7500,14.7500,0
20131008,15.0300,15.3700,14.7500,14.7500,3339900
20131009,15.3300,15.4500,14.8000,15.0400,2816000
20131010,15.3400,15.4400,14.9000,15.3500,3565700
20131011,15.3900,15.7000,15.2800,15.3700,3356700
20131014,14.9900,15.3300,14.8200,15.3300,4191100
20131015,15.1900,15.6000,14.8000,14.8800,3841000
20131016,14.8200,15.2500,14.6000,15.2500,2368800
20131017,14.5500,15.0000,14.5500,14.8300,1849600
20131018,14.7000,14.7600,14.1100,14.4200,3410600
20131021,15.1800,15.3500,14.7000,14.7800,2938900
20131022,15.2500,15.7200,15.2200,15.3200,2841200
20131023,14.8700,15.3900,14.7100,15.2600,2551200
20131024,14.5700,14.8800,14.5000,14.7100,1668900
20131025,13.9700,14.7300,13.6900,14.5100,2254900
20131028,14.2800,14.4300,13.9400,13.9900,1446600
20131029,14.4000,14.8500,13.8800,14.1200,2673800
20131030,14.8400,14.9000,14.3800,14.5900,2923200
20131031,14.5500,14.9000,14.3100,14.8400,2457400
20131101,14.3100,14.5100,14.0000,14.5000,1825100
20131104,14.7300,14.7600,14.1900,14.3000,1515200
20131105,14.8700,14.9500,14.4100,14.6400,1520100
20131106,14.5500,15.0500,14.4800,14.8100,1596500
20131107,14.2300,14.6400,14.2300,14.5500,1366900
20131108,14.2000,14.4200,14.0400,14.2000,623800
20131111,14.6500,14.7000,14.0100,14.2000,838400
20131112,14.5300,14.8000,14.4600,14.6500,912700
20131113,13.9000,14.5100,13.8800,14.4600,1773900
20131114,13.5600,13.9100,13.2500,13.9000,3960000
20131115,14.1000,14.1000,13.5200,13.5600,1938600
20131118,14.3500,14.4300,13.9500,14.1200,1341500
20131119,14.2900,14.4700,14.1000,14.3200,658500
20131120,14.3100,14.4000,14.2200,14.3600,1328500
20131121,14.0700,14.3700,14.0100,14.3000,1371100
20131122,14.1700,14.2500,13.8700,14.2500,1355900
20131125,14.0000,14.2400,13.9100,14.2000,1110400
20131126,14.0000,14.0700,13.8000,14.0000,794700
20131127,14.3800,14.4100,13.8000,14.0000,2012500
20131128,14.4800,14.5400,14.3000,14.3000,3078600
20131129,14.4400,14.6200,14.3300,14.4800,2140000
20131202,14.0400,14.3600,13.8100,14.3600,2648900
20131203,14.5100,14.5500,13.9000,14.0800,1684000
20131204,14.8000,15.0000,14.3800,14.4100,2543900
20131205,14.6600,14.8700,14.6000,14.6000,930300
20131206,14.2500,14.7300,14.1300,14.6100,1257100
20131209,14.0800,14.4500,14.0000,14.2800,2065300
20131210,14.1000,14.1600,14.0400,14.0800,1907100
20131211,14.0800,14.2400,14.0100,14.1300,698500
20131212,14.0600,14.1500,14.0400,14.1100,1367600
20131213,13.9300,14.0700,13.8400,14.0000,1347100
20131216,13.9400,14.1600,13.9200,14.0000,1005100
20131217,13.9500,14.0700,13.8800,13.8800,511100
20131218,13.7400,14.0900,13.6800,13.9300,993800
20131219,13.7900,14.1000,13.7900,14.0500,996700
20131220,13.6000,13.8800,13.5500,13.8000,947500
20131223,13.7100,13.8400,13.6000,13.6000,644600
20131224,14.0000,14.2000,13.6100,13.7000,2217200
20131225,14.0800,14.1400,13.9600,13.9900,898800
20131226,13.9000,14.0900,13.9000,14.0900,1049300
20131227,14.0000,14.0800,13.7500,13.7700,1039300
20131230,13.4200,14.2500,13.3100,14.2000,4344200
20131231,13.1300,13.5000,12.9800,13.5000,3695600
20140101,13.1300,13.1300,13.1300,13.1300,0
20140102,13.6100,13.7900,13.0500,13.3700,3950800
20140103,13.5600,13.7300,13.5300,13.6100,1197500
20140106,13.3100,13.6400,13.0500,13.6400,3200600
20140107,13.3400,13.4800,13.1000,13.3100,1508100
20140108,13.0700,13.5800,13.0000,13.2000,3161700
20140109,13.9500,14.3800,13.7400,14.3800,9959900
20140110,13.5800,14.0900,13.4500,13.7100,4530300
20140113,13.7900,13.9600,13.5300,13.5500,2777700
20140114,14.0400,14.0600,13.7300,13.7900,2851000
20140115,14.7500,14.8500,14.4100,14.4100,8870500
20140116,14.8900,15.3000,14.4200,14.8300,7675800
20140117,15.0400,15.2800,14.8000,14.9000,4525200
20140120,14.6700,15.1200,14.4900,14.9700,4992200
20140121,15.1500,15.2500,14.6700,14.7500,4062000
20140122,15.1500,15.4500,15.1200,15.3000,3933000
20140123,15.2300,15.2400,15.0000,15.2000,4145700
20140124,15.3800,15.4900,15.1000,15.2000,3007000
20140127,15.8200,16.0500,15.3100,15.3700,4718800
20140128,15.7800,16.0200,15.4500,15.8400,3109600
20140129,15.7300,16.0400,15.6000,15.8100,3712700
20140130,15.7300,16.0000,15.5700,15.7000,1913200
20140131,15.7300,15.7300,15.7300,15.7300,0
20140203,15.7300,15.7300,15.7300,15.7300,0
20140205,15.7300,15.7300,15.7300,15.7300,0
20140206,15.7300,15.7300,15.7300,15.7300,0
20140207,16.1100,16.1500,15.5400,15.6800,3180500
20140210,16.3200,16.4800,16.0000,16.1400,3216100
20140211,16.2300,16.5000,16.1000,16.2800,2984800
20140212,16.3600,16.4700,16.0600,16.2300,2587500
20140213,15.5100,16.3600,15.5000,16.3600,4967200
20140214,16.3200,16.3600,15.5100,15.7800,4768700
20140217,16.7700,16.9100,16.4100,16.4100,4944100
20140218,16.5200,16.8400,16.4000,16.8100,3701000
20140219,16.0400,16.5200,15.9800,16.5200,4434800
20140220,15.9800,16.2500,15.8200,16.1100,3201400
20140221,15.9800,16.2700,15.7800,15.9800,2730500
20140224,15.0900,15.9300,14.8700,15.9100,9627400
20140225,14.7300,15.3500,14.5400,15.1600,7528900
