20130226,24.7800,24.8000,24.0100,24.1400,672200
20130227,24.1600,25.6700,24.1500,24.5100,660800
20130228,23.4200,24.2000,22.9500,24.0000,599000
20130301,23.4900,23.5500,23.0200,23.4800,299700
20130304,22.2000,23.6000,22.1300,23.1500,450300
20130305,22.0700,22.5700,21.9100,22.4400,649100
20130306,22.7100,22.8200,22.0000,22.3500,1035800
20130307,22.4000,22.8100,22.4000,22.5000,333100
20130308,23.1300,23.4600,22.3800,22.3800,487500
20130311,22.9800,23.1200,22.8000,23.0000,273600
20130312,22.7500,23.0200,22.3100,23.0200,436200
20130313,22.6200,22.8500,22.1100,22.8500,184500
20130314,22.6300,23.3800,22.4000,22.9900,266300
20130315,23.4900,23.5600,22.5000,23.1800,793900
20130318,22.7500,22.9800,22.7200,22.9800,339200
20130319,22.4900,22.9900,22.2800,22.7500,304300
20130320,22.5000,22.7800,22.3000,22.4000,368300
20130321,22.7100,22.9700,22.4100,22.5200,559000
20130322,22.7800,23.1900,22.4000,22.7100,496600
20130325,22.5000,22.7900,22.3500,22.7800,303500
20130326,22.3800,22.6800,22.1900,22.4000,271100
20130327,22.0500,22.7100,21.9000,22.7100,512700
20130328,20.9200,21.9300,19.8500,21.9300,420200
20130329,20.6000,20.8900,20.0500,20.8500,374800
20130401,21.0600,21.2500,20.6000,20.6000,254200
20130402,20.9200,21.2000,20.8100,21.0600,222800
20130403,21.0200,21.1000,20.9000,21.1000,182600
20130404,21.0200,21.0200,21.0200,21.0200,0
20130405,21.0200,21.0200,21.0200,21.0200,0
20130408,21.2000,21.2400,20.6000,20.6000,281400
20130409,20.8800,21.2400,20.8500,21.0200,268000
20130410,20.4400,20.9700,20.3000,20.8500,249100
20130411,20.1200,20.6500,20.0200,20.4600,169000
20130412,20.4500,21.0000,20.0700,20.1900,485800
20130415,20.5200,20.5900,20.2200,20.4400,92900
20130416,20.5400,20.5500,20.2200,20.2200,75000
20130417,20.5200,20.7100,20.2600,20.6000,149400
20130418,20.8200,20.8500,20.0000,20.4600,668900
20130419,21.0700,21.1000,20.5500,20.7600,683200
20130422,20.7900,20.8200,20.5500,20.8100,480400
20130423,20.7800,20.8900,20.2200,20.6600,344100
20130424,20.6500,20.7800,20.3000,20.7800,440300
20130425,20.0000,20.5600,19.9300,20.4200,1077900
20130426,19.4700,20.1000,18.6000,19.9800,912400
20130429,19.4700,19.4700,19.4700,19.4700,0
20130430,19.4700,19.4700,19.4700,19.4700,0
20130501,19.4700,19.4700,19.4700,19.4700,0
20130502,18.9100,19.1000,18.6200,19.1000,579700
20130503,19.2700,19.9600,18.7100,18.9900,1059400
20130506,19.1100,19.3000,18.8000,19.0500,1025600
20130507,19.1800,19.3800,19.0300,19.1000,970600
20130508,19.2000,19.2900,18.9500,19.2900,645800
20130509,19.1000,19.2400,18.9100,19.2400,780200
20130510,19.0300,19.1400,18.8100,19.0900,401900
20130513,19.5000,19.5500,19.0500,19.0700,937100
20130514,19.2000,19.4800,19.1200,19.4800,462500
20130515,19.6800,19.7400,19.2000,19.2100,809200
20130516,19.8500,19.9800,19.5200,19.5200,931500
20130517,20.5600,20.8000,19.7200,19.8800,1296400
20130520,20.7400,20.9700,20.3100,20.6500,966600
20130521,20.8200,20.9400,20.5000,20.7700,771600
20130522,20.8100,21.8000,20.7800,20.8000,974700
20130523,20.4700,20.9800,20.3100,20.8100,640700
20130524,20.9000,21.1800,20.3500,20.3500,583500
20130527,21.1200,21.1600,20.7800,20.9000,614100
20130528,20.9900,21.7800,20.8600,21.2100,727800
20130529,21.2500,21.6900,20.9000,20.9000,747600
20130530,21.0700,21.3100,21.0300,21.2500,425500
20130531,21.1500,21.5800,20.9500,21.0100,633800
20130603,21.0000,21.3200,20.9500,21.1600,328900
20130604,20.4600,20.9000,20.3900,20.8600,624000
20130605,20.3300,20.4600,20.1700,20.4300,225300
20130606,20.1300,20.3000,20.0500,20.3000,244200
20130607,19.6800,20.2000,19.5800,20.1300,312200
20130610,19.6800,19.6800,19.6800,19.6800,0
20130611,19.6800,19.6800,19.6800,19.6800,0
20130612,19.6800,19.6800,19.6800,19.6800,0
20130613,19.1900,19.8500,19.0100,19.8500,199600
20130614,19.4700,19.5400,19.1000,19.1000,220900
20130617,20.1700,20.2500,19.2500,19.5100,586900
20130618,20.1300,20.3600,19.7400,20.0000,414000
20130619,20.2100,20.2900,19.8000,20.1300,398000
20130620,19.6300,20.2900,19.5800,20.2900,282000
20130621,19.6400,20.2900,17.6800,19.5100,318300
20130624,18.9900,19.5700,18.3900,19.5700,276500
20130625,18.5100,19.0800,17.6400,18.9900,301100
20130626,20.2500,20.3600,18.0500,18.5100,341500
20130627,19.4000,19.8000,19.3000,19.8000,535400
20130628,19.0500,19.4400,19.0100,19.3900,188400
20130701,19.1200,19.2400,18.0000,19.0100,183300
20130702,18.8300,19.5300,18.3000,19.0800,249700
20130703,19.2000,19.4500,18.6300,18.8500,378000
20130704,19.1700,19.3200,18.6100,19.0000,288400
20130705,18.9900,19.2000,18.7800,18.9000,276500
20130708,18.5500,18.9500,18.3000,18.6300,258200
20130709,18.5600,18.7200,18.3500,18.6000,157300
20130710,18.7900,18.8800,18.3500,18.5600,248500
20130711,19.8800,19.9800,18.6100,18.8700,818900
20130712,19.9200,20.0000,19.4600,19.7800,758600
20130715,20.1400,20.1800,19.7000,19.7000,707100
20130716,20.4400,20.6600,19.9500,20.0900,811200
20130717,19.8400,20.4200,19.8300,20.4200,571200
20130718,20.1100,20.1800,19.6000,19.7300,396400
20130719,19.7600,20.4800,19.7600,20.3000,819600
20130722,19.8200,19.8600,19.5800,19.6000,277700
20130723,20.0300,20.0700,19.6400,19.7000,594300
20130724,20.0400,20.1000,19.7300,20.0000,399100
20130725,19.8400,20.1000,19.6100,20.0900,293400
20130726,19.8300,19.9500,19.3200,19.7000,356400
20130729,19.6700,19.9200,19.5200,19.6000,230700
20130730,20.0400,20.1400,19.5000,19.7000,366500
20130731,20.0200,20.2000,19.8900,20.1000,362900
20130801,20.5000,20.6200,19.6200,20.0000,856400
20130802,20.3300,20.6600,20.2000,20.5300,483200
20130805,20.8600,20.8600,20.2200,20.2200,920500
20130806,20.8200,20.9700,20.5500,20.9700,581200
20130807,20.1100,20.9600,20.0700,20.8300,813700
20130808,20.2600,20.7800,19.8500,20.0000,443700
20130809,20.4600,20.5600,20.1700,20.3000,315700
20130812,20.6300,20.7000,20.3400,20.4700,579300
20130813,20.6500,20.7900,20.5100,20.6600,395500
20130814,20.7400,21.4700,20.5800,20.6400,1282000
20130815,21.6600,22.3800,20.6000,20.6200,1148200
20130816,21.0000,21.8500,20.9800,21.4800,1305400
20130819,21.6100,21.9700,20.9000,20.9000,1055300
20130820,23.6400,23.7700,21.6100,21.6100,3017000
20130821,23.2400,23.3800,22.8000,23.3800,1812000
20130822,22.8700,23.3300,22.6300,22.8800,1032200
20130823,22.4800,23.0800,22.2000,22.8500,813300
20130826,22.7500,22.7700,22.4000,22.4000,390600
20130827,22.6700,22.7700,22.3900,22.7600,391600
20130828,22.3000,22.6700,22.2200,22.5900,555500
20130829,22.0500,22.5100,22.0500,22.3000,410800
20130830,21.3200,22.2100,21.2100,22.1500,732700
20130902,21.6500,21.7300,21.2100,21.2100,220900
20130903,21.7100,21.8000,21.3500,21.5400,189200
20130904,21.8800,22.1000,21.5500,22.1000,318200
20130905,21.7000,21.7200,21.4000,21.7200,263200
20130906,21.6900,21.7800,21.3500,21.6900,451800
20130909,22.3600,22.4100,21.5100,21.7000,789300
20130910,22.3000,23.3200,22.1400,22.5900,1100500
20130911,22.3000,22.5800,22.1600,22.1600,426200
20130912,21.7400,22.4000,21.7000,22.0000,304300
20130913,21.6600,21.9800,21.3300,21.7800,365000
20130916,21.7000,21.8200,21.4000,21.4300,189400
20130917,21.3900,21.7700,21.3800,21.7600,193300
20130918,21.4400,21.6000,21.3300,21.3900,105200
20130920,21.4400,21.4400,21.4400,21.4400,0
20130923,21.6300,21.7000,21.4400,21.4400,229200
20130924,22.2200,22.3400,21.3900,21.6700,481800
20130925,21.9000,22.1900,21.8000,22.1800,284400
20130926,21.4700,21.9700,21.4200,21.9700,188800
20130927,21.6700,21.7900,21.4400,21.4400,118000
20130930,21.8300,21.9000,21.5700,21.6000,106500
20131001,21.8300,21.8300,21.8300,21.8300,0
20131002,21.8300,21.8300,21.8300,21.8300,0
20131003,21.8300,21.8300,21.8300,21.8300,0
20131004,21.8300,21.8300,21.8300,21.8300,0
20131007,21.8300,21.8300,21.8300,21.8300,0
20131008,21.8300,21.8300,21.8300,21.8300,0
20131009,21.8300,21.8300,21.8300,21.8300,0
20131010,21.8300,21.8300,21.8300,21.8300,0
20131011,21.8300,21.8300,21.8300,21.8300,0
20131014,21.8300,21.8300,21.8300,21.8300,0
20131015,21.8300,21.8300,21.8300,21.8300,0
20131016,21.8300,21.8300,21.8300,21.8300,0
20131017,21.8300,21.8300,21.8300,21.8300,0
20131018,21.8300,21.8300,21.8300,21.8300,0
20131021,21.8300,21.8300,21.8300,21.8300,0
20131022,21.8300,21.8300,21.8300,21.8300,0
20131023,21.8300,21.8300,21.8300,21.8300,0
20131024,21.8300,21.8300,21.8300,21.8300,0
20131025,21.8300,21.8300,21.8300,21.8300,0
20131028,21.8300,21.8300,21.8300,21.8300,0
20131029,21.8300,21.8300,21.8300,21.8300,0
20131030,21.8300,21.8300,21.8300,21.8300,0
20131031,21.8300,21.8300,21.8300,21.8300,0
20131101,21.8300,21.8300,21.8300,21.8300,0
20131104,21.8300,21.8300,21.8300,21.8300,0
20131105,21.8300,21.8300,21.8300,21.8300,0
20131106,21.8300,21.8300,21.8300,21.8300,0
20131107,21.8300,21.8300,21.8300,21.8300,0
20131108,21.8300,21.8300,21.8300,21.8300,0
20131111,21.8300,21.8300,21.8300,21.8300,0
20131112,21.8300,21.8300,21.8300,21.8300,0
20131113,21.8300,21.8300,21.8300,21.8300,0
20131114,21.8300,21.8300,21.8300,21.8300,0
20131115,21.8300,21.8300,21.8300,21.8300,0
20131118,21.8300,21.8300,21.8300,21.8300,0
20131119,21.8300,21.8300,21.8300,21.8300,0
20131120,21.8300,21.8300,21.8300,21.8300,0
20131121,21.8300,21.8300,21.8300,21.8300,0
20131122,21.8300,21.8300,21.8300,21.8300,0
20131125,21.8300,21.8300,21.8300,21.8300,0
20131126,21.8300,21.8300,21.8300,21.8300,0
20131127,21.8300,21.8300,21.8300,21.8300,0
20131128,21.8300,21.8300,21.8300,21.8300,0
20131129,21.8300,21.8300,21.8300,21.8300,0
20131202,21.8300,21.8300,21.8300,21.8300,0
20131203,21.8300,21.8300,21.8300,21.8300,0
20131204,21.8300,21.8300,21.8300,21.8300,0
20131205,21.8300,21.8300,21.8300,21.8300,0
20131206,21.8300,21.8300,21.8300,21.8300,0
20131209,21.8300,21.8300,21.8300,21.8300,0
20131210,21.8300,21.8300,21.8300,21.8300,0
20131211,21.8300,21.8300,21.8300,21.8300,0
20131212,21.8300,21.8300,21.8300,21.8300,0
20131213,21.8300,21.8300,21.8300,21.8300,0
20131216,21.8300,21.8300,21.8300,21.8300,0
20131217,21.8300,21.8300,21.8300,21.8300,0
20131218,21.8300,21.8300,21.8300,21.8300,0
20131219,21.8300,21.8300,21.8300,21.8300,0
20131220,21.8300,21.8300,21.8300,21.8300,0
20131223,21.8300,21.8300,21.8300,21.8300,0
20131224,21.8300,21.8300,21.8300,21.8300,0
20131225,21.8300,21.8300,21.8300,21.8300,0
20131226,21.8300,21.8300,21.8300,21.8300,0
20131227,21.8300,21.8300,21.8300,21.8300,0
20131230,21.8300,21.8300,21.8300,21.8300,0
20131231,21.8300,21.8300,21.8300,21.8300,0
20140101,21.8300,21.8300,21.8300,21.8300,0
20140102,21.8300,21.8300,21.8300,21.8300,0
20140103,21.8300,21.8300,21.8300,21.8300,0
20140106,21.8300,21.8300,21.8300,21.8300,0
20140107,21.8300,21.8300,21.8300,21.8300,0
20140108,21.8300,21.8300,21.8300,21.8300,0
20140109,21.8300,21.8300,21.8300,21.8300,0
20140110,21.8300,21.8300,21.8300,21.8300,0
20140113,24.0100,24.0100,24.0100,24.0100,86200
20140114,26.4100,26.4100,26.3100,26.4100,2609800
20140115,26.7400,27.7700,25.8000,27.1700,5232400
20140116,25.9600,26.6500,25.5000,26.5000,2892100
20140117,26.1000,26.3600,25.2000,26.0000,2342100
20140120,24.8600,26.1700,24.5000,25.6300,1440300
20140121,25.4000,25.6000,24.4000,24.6000,1512700
20140122,25.1900,25.9900,24.8000,25.1900,1817300
20140123,25.7600,26.0900,25.0200,25.2000,1657600
20140124,25.5500,26.0600,25.3900,25.4000,1424800
20140127,26.3400,26.3900,24.6200,25.4000,1807000
20140128,25.5300,26.2600,25.4800,26.0200,828500
20140129,25.5600,25.8600,25.1500,25.2000,478800
20140130,26.0500,26.1700,25.5100,25.7800,829100
20140131,26.0500,26.0500,26.0500,26.0500,0
20140203,26.0500,26.0500,26.0500,26.0500,0
20140205,26.0500,26.0500,26.0500,26.0500,0
20140206,26.0500,26.0500,26.0500,26.0500,0
20140207,28.6600,28.6600,26.6400,26.6500,1410400
20140210,30.9500,31.5000,29.7500,31.5000,4010900
20140211,33.0000,33.7700,30.4000,30.4700,3034100
20140212,32.3600,34.0700,31.6800,32.5800,2110700
20140213,32.8000,33.8100,31.5400,31.9000,1654600
20140214,32.8100,33.6000,31.6100,32.8000,1154700
20140217,33.4500,33.9600,32.2000,32.8900,1050600
20140218,32.6400,33.5300,32.3600,33.0800,922500
20140219,32.1300,32.6400,31.7000,32.6400,995900
20140220,30.3100,32.3500,30.2500,32.2600,1006500
20140221,31.5000,31.6000,29.6600,30.0900,681000
20140224,32.1700,32.4400,30.8200,31.9200,862100
20140225,30.3300,32.4700,30.1000,32.0100,653700
