20130226,11.1250,11.6500,10.7000,10.7000,2410100
20130227,11.4750,11.5750,11.0250,11.2550,1342600
20130228,11.5600,11.6500,11.3750,11.4900,1802700
20130301,12.0750,12.0850,11.5250,11.5250,2406600
20130304,11.9100,12.6750,11.8750,12.0750,2128900
20130305,12.3450,12.5500,11.7550,11.9250,1230500
20130306,12.3700,12.6250,12.3150,12.6000,1416500
20130307,12.3850,12.4200,12.2500,12.3700,926200
20130308,12.3050,12.4950,12.2650,12.2850,1082300
20130311,11.9950,12.3100,11.8050,12.3100,1398200
20130312,11.6000,11.9950,11.4550,11.8900,1639200
20130313,11.6500,11.7250,11.4000,11.4000,369000
20130314,11.5800,11.7750,11.5000,11.5800,361900
20130315,11.4800,11.6850,11.2500,11.5250,782700
20130318,11.5800,11.6450,11.3350,11.3350,510800
20130319,11.9800,12.0500,11.5550,11.5800,871000
20130320,12.0400,12.1450,11.8750,11.8900,865700
20130321,12.0150,12.1150,11.9900,12.0500,631600
20130322,11.9750,12.2000,11.9600,12.0150,610300
20130325,11.9650,12.0000,11.7550,11.9500,434300
20130326,11.6800,11.9700,11.6500,11.9700,708500
20130327,11.4250,11.8900,10.5150,11.6900,1013600
20130328,11.0150,11.2500,10.9500,11.2500,1410600
20130329,11.1500,11.1500,11.0000,11.0950,536000
20130401,11.4750,11.4800,10.9000,11.1250,1120600
20130402,11.3600,11.7350,11.3400,11.4750,433000
20130403,11.3400,11.4450,11.2500,11.3000,1094500
20130404,11.3400,11.3400,11.3400,11.3400,0
20130405,11.3400,11.3400,11.3400,11.3400,0
20130408,11.2400,11.2900,11.0000,11.1000,633800
20130409,11.8500,11.9250,11.1300,11.1300,878100
20130410,12.0800,12.2450,11.6650,11.8500,1388200
20130411,12.0450,12.1900,12.0000,12.1400,536500
20130412,11.8950,12.0900,11.8450,12.0850,563000
20130415,12.1100,12.2500,11.7650,11.9250,305900
20130416,12.1600,12.2100,11.5900,11.5900,590700
20130417,12.1450,12.2500,12.0250,12.1500,439700
20130418,12.1000,12.2000,11.9550,12.1950,302800
20130419,12.4900,12.5000,12.0950,12.0950,991400
20130422,12.5000,12.6350,12.3050,12.4900,774700
20130423,12.2250,12.7900,12.0900,12.4050,845200
20130424,12.5000,12.5000,12.2000,12.3400,530700
20130425,12.6450,12.7250,12.4150,12.5050,1382600
20130426,12.0650,12.7700,12.0250,12.7250,1881800
20130429,12.0650,12.0650,12.0650,12.0650,0
20130430,12.0650,12.0650,12.0650,12.0650,0
20130501,12.0650,12.0650,12.0650,12.0650,0
20130502,12.2450,12.2500,11.8100,12.0050,529500
20130503,12.5050,12.6750,12.1300,12.1300,1088900
20130506,13.5750,13.7500,12.5550,12.6000,2561900
20130507,13.5600,13.9950,13.4300,13.6500,1375900
20130508,13.5950,13.6600,13.3050,13.5600,958900
20130509,13.8500,13.9950,13.3650,13.5950,1442100
20130510,13.7150,14.0900,13.5900,13.8500,954400
20130513,13.8700,13.9500,13.3850,13.6550,918600
20130514,13.5750,13.8600,13.4300,13.8600,872600
20130515,13.8750,14.0850,13.4700,13.6250,1058800
20130516,13.9700,14.4800,13.6550,13.8700,2023200
20130517,14.1000,14.1900,13.7950,13.9600,1042400
20130520,14.5000,14.7150,14.1000,14.1000,2023200
20130521,14.6750,14.9900,14.5050,14.5050,1387500
20130522,14.3250,14.7150,14.2550,14.6500,730000
20130523,14.0000,14.4650,13.8050,14.3250,1439900
20130524,14.8650,15.0050,13.9650,14.0400,1355000
20130527,14.9650,15.4000,14.7300,14.8700,1007500
20130528,14.6750,14.9950,14.5800,14.9950,691000
20130529,14.7100,14.9750,14.5850,14.6750,544900
20130530,15.1750,15.2250,14.5750,14.5750,946800
20130531,14.8500,15.2450,14.7550,15.2000,758900
20130603,14.5000,14.8000,14.2800,14.5600,1277600
20130604,13.7000,14.4950,13.4500,14.4950,1882700
20130605,13.8150,14.0000,13.6050,13.7450,1218000
20130606,13.7500,13.9900,13.6250,13.7950,659700
20130607,13.0650,13.8900,13.0050,13.7250,1977700
20130610,13.0650,13.0650,13.0650,13.0650,0
20130611,13.0650,13.0650,13.0650,13.0650,0
20130612,13.0650,13.0650,13.0650,13.0650,0
20130613,12.8900,13.0600,12.3350,12.9050,1771100
20130614,13.5100,13.6350,12.8300,12.8900,1075900
20130617,13.8450,14.2150,13.4500,13.7000,1633500
20130618,13.7850,13.8500,13.3450,13.7500,1596100
20130619,13.3350,13.6250,13.2800,13.6250,995900
20130620,13.0000,13.4950,12.7750,13.1700,1202800
20130621,12.7150,12.9900,12.3300,12.5000,813700
20130624,11.9500,12.7000,11.7550,12.7000,1119500
20130625,11.8400,12.0150,11.0500,11.8400,2010600
20130626,12.5800,12.6100,11.6500,11.7500,2012600
20130627,12.4150,12.8750,12.3000,12.6300,1383500
20130628,12.3800,12.8150,12.1000,12.4150,704000
20130701,12.7600,12.7600,12.3750,12.3800,844600
20130702,13.3700,13.3700,12.7050,12.7050,1198500
20130703,13.8500,14.0050,13.2000,13.3700,3504800
20130704,13.7000,13.8500,13.5150,13.8500,994200
20130705,13.9000,14.5000,13.8300,14.2000,2269600
20130708,14.6250,14.8250,13.6500,13.6500,5406700
20130709,14.6900,15.2500,14.2500,14.8250,3479500
20130710,14.7350,15.1900,14.4000,14.5000,1655600
20130711,16.2100,16.2100,14.7950,14.7950,5717900
20130712,16.5750,16.9850,15.9000,16.2450,4349300
20130715,16.5850,16.8750,16.3000,16.5000,2711200
20130716,16.4100,17.4400,16.1500,17.1500,6936600
20130717,16.5650,17.0750,16.3000,16.3000,3369800
20130718,16.3450,16.6450,16.0350,16.5600,1802800
20130719,16.3300,16.6400,16.2500,16.3100,1562100
20130722,16.9750,17.0600,16.3500,16.4000,2516400
20130723,17.4950,17.5000,16.8000,16.9000,1694900
20130724,18.0850,18.9000,17.9500,18.2500,4589300
20130725,18.6100,19.2750,18.1300,18.1300,3883300
20130726,17.4950,18.3500,17.1500,18.3450,4526400
20130729,17.3850,17.6500,16.6850,17.1900,1491600
20130730,17.2500,17.9250,16.2550,17.2500,2580100
20130731,17.9400,18.4850,16.9950,17.1000,5120100
20130801,18.2400,18.6400,17.6000,17.6000,4431500
20130802,18.1850,18.7200,17.7900,18.2000,3207200
20130805,18.2200,18.5950,17.7500,18.1750,4894900
20130806,17.9850,18.3250,17.8850,18.2250,4084000
20130807,17.2950,17.9450,17.2900,17.8450,2743500
20130808,18.1000,18.2250,17.0500,17.2900,6253300
20130809,17.9100,18.4750,17.7750,18.2250,2611400
20130812,18.6000,18.7250,17.7000,17.9250,7115400
20130813,18.2950,18.8800,18.1050,18.5000,3716500
20130814,17.8250,18.4850,17.5650,18.3000,5075500
20130815,17.5200,17.9550,17.4400,17.7250,2617200
20130816,17.0600,17.8950,16.9950,17.4000,2361700
20130819,17.3250,17.5000,17.0000,17.0150,2466000
20130820,17.2550,17.6500,17.1100,17.3250,2157700
20130821,17.2500,17.4450,17.1650,17.3100,1001700
20130822,17.3050,17.7350,17.1600,17.2500,3299100
20130823,16.8000,17.6400,16.5750,17.6400,2686800
20130826,17.3600,17.4350,16.8250,16.8250,1787000
20130827,18.1250,18.2000,17.3600,17.3600,5547300
20130828,17.1750,17.7850,17.0900,17.7550,4400000
20130829,16.9050,17.2250,16.8000,17.1500,2333300
20130830,16.8000,17.3850,16.6000,16.8400,2690700
20130902,16.7150,17.1300,16.5500,16.7750,3093100
20130903,16.9150,17.2450,16.6050,16.7000,3937700
20130904,16.7500,17.1350,16.7300,17.0000,1366000
20130905,16.7600,16.9950,16.6050,16.7500,3036100
20130906,17.1400,17.5750,16.7100,16.7500,6189600
20130909,16.9500,17.2400,16.7200,17.1000,4480300
20130910,16.6500,17.0800,16.2500,16.9500,3536400
20130911,16.5700,16.6850,16.2000,16.5050,1422000
20130912,17.0000,17.0250,16.3850,16.4000,3185000
20130913,17.1500,17.1950,16.8600,16.9950,2981300
20130916,18.0350,18.1300,17.1750,17.1750,4016700
20130917,17.8500,18.3950,17.5950,17.9400,2348500
20130918,18.0550,18.1650,17.8000,17.8800,1583300
20130920,18.0550,18.0550,18.0550,18.0550,0
20130923,18.2900,18.3700,18.0000,18.2200,2463400
20130924,17.9450,18.4850,17.9250,18.3250,2872800
20130925,17.6500,18.1400,17.5400,17.9450,1861800
20130926,17.9500,18.2450,17.4250,17.4250,2279500
20130927,18.5300,18.6400,17.9300,17.9550,3402300
20130930,19.3900,19.4950,18.3750,18.5000,3267000
20131001,19.3900,19.3900,19.3900,19.3900,0
20131002,19.3900,19.3900,19.3900,19.3900,0
20131003,19.3900,19.3900,19.3900,19.3900,0
20131004,19.3900,19.3900,19.3900,19.3900,0
20131007,19.3900,19.3900,19.3900,19.3900,0
20131008,18.9450,19.8900,18.7550,19.3900,2449500
20131009,19.6100,19.7000,18.6100,18.7000,3349600
20131010,18.9600,19.6000,18.9300,19.5500,1459700
20131011,20.2100,20.4500,18.9700,18.9700,3396400
20131014,20.2100,20.2100,20.2100,20.2100,0
20131015,20.2100,20.2100,20.2100,20.2100,0
20131016,20.2100,20.2100,20.2100,20.2100,0
20131017,20.2100,20.2100,20.2100,20.2100,0
20131018,20.2100,20.2100,20.2100,20.2100,0
20131021,20.2100,20.2100,20.2100,20.2100,0
20131022,20.2100,20.2100,20.2100,20.2100,0
20131023,20.2100,20.2100,20.2100,20.2100,0
20131024,20.2100,20.2100,20.2100,20.2100,0
20131025,20.2100,20.2100,20.2100,20.2100,0
20131028,18.1900,20.1000,18.1900,20.1000,3364100
20131029,16.3700,18.5800,16.3700,18.5000,3731400
20131030,17.2200,17.5500,16.0100,16.1800,4865800
20131031,16.9100,17.4500,16.2800,17.0000,2431100
20131101,16.6900,17.1500,16.6000,16.8200,2006900
20131104,16.3900,16.8900,16.1200,16.6100,2906900
20131105,16.9000,17.0700,16.2000,16.2000,2068300
20131106,17.7200,17.9800,16.7000,16.9000,2856600
20131107,17.4000,18.0000,17.0400,17.7400,2055400
20131108,17.5200,17.6500,17.1100,17.3700,1508800
20131111,17.5500,17.7300,17.3000,17.5100,1178000
20131112,17.3000,17.7000,17.1900,17.5000,998100
20131113,16.8100,17.4000,16.7000,17.2200,1533300
20131114,16.9600,16.9600,16.5000,16.6900,727800
20131115,17.0000,17.3200,16.8100,16.9500,2199700
20131118,17.7400,17.7400,16.9900,17.0000,3290500
20131119,18.0700,18.6800,17.9400,18.1800,3302700
20131120,18.1800,18.1800,17.6000,18.0700,1556200
20131121,18.1400,18.3500,17.9100,18.1600,1501600
20131122,17.8500,18.3100,17.7700,18.1400,913000
20131125,17.8500,18.0200,17.6700,17.8500,1319000
20131126,17.6000,17.9700,17.4600,17.9700,1503700
20131127,17.6300,17.8300,17.4800,17.5800,1398200
20131128,18.1700,18.2800,17.5300,17.6200,3473100
20131129,18.2900,18.3200,17.9300,18.2500,2726900
20131202,17.1300,17.9400,17.0100,17.9400,2650800
20131203,17.6100,17.7600,16.1500,17.0000,3376900
20131204,18.0200,18.2300,17.3700,17.4800,2488400
20131205,17.9000,18.3300,17.8300,18.0300,1598100
20131206,17.8800,18.1000,17.6800,17.7900,850700
20131209,17.9000,17.9100,17.2000,17.9000,1040400
20131210,17.4400,18.0000,17.2000,18.0000,1727500
20131211,17.2800,17.4000,17.0100,17.2100,971700
20131212,17.5800,17.6400,17.0800,17.2000,1009900
20131213,17.3100,17.5700,17.2000,17.5000,1378900
20131216,17.2900,17.5000,17.1900,17.3000,1203200
20131217,16.9900,17.3000,16.9000,17.2900,1071400
20131218,16.6500,17.2500,16.4500,17.0000,1569600
20131219,16.6800,16.8600,16.5800,16.6500,1250300
20131220,16.7600,16.8000,16.0000,16.7400,3859100
20131223,16.3500,16.8300,16.2500,16.7600,1071100
20131224,16.7100,16.7300,16.2000,16.3100,999000
20131225,17.0400,17.1800,16.5400,16.8200,1075200
20131226,17.0500,17.1400,16.8500,17.0000,1047500
20131227,17.0400,17.1600,16.9600,17.0900,1052900
20131230,17.5900,17.9700,17.2000,17.3100,1752400
20131231,17.6900,17.7800,17.3200,17.6000,1718800
20140101,17.6900,17.6900,17.6900,17.6900,0
20140102,17.5700,17.8700,17.5000,17.5100,767000
20140103,17.6200,17.7200,17.1000,17.4800,1100900
20140106,18.2500,18.2500,17.3100,17.6300,3096600
20140107,18.3700,18.6900,17.9200,17.9600,2688900
20140108,17.9800,18.4800,17.8200,18.2100,2042600
20140109,18.6000,18.9200,17.7800,17.7800,3133400
20140110,18.9200,19.2000,18.3100,18.5000,2643100
20140113,18.1700,18.9700,18.1300,18.9200,2164900
20140114,18.0000,18.4800,17.7700,18.1700,2269900
20140115,19.4000,19.4400,17.8100,17.8100,4251900
20140116,19.3100,19.6300,18.8500,19.2600,3708300
20140117,19.1200,19.4800,19.0100,19.3200,1962300
20140120,18.5000,19.1200,18.2800,19.0000,1674500
20140121,18.6000,18.7200,18.3000,18.5000,1301600
20140122,19.0400,19.2100,18.6100,18.9000,1542600
20140123,19.1200,19.2400,18.7400,19.1000,1602700
20140124,19.7700,20.0000,18.9000,19.1200,2825300
20140127,19.8500,20.4900,19.2000,19.5000,6801800
20140128,19.3800,20.1800,19.3500,19.8500,2397200
20140129,19.4500,19.5900,19.3200,19.3800,1443100
20140130,20.1400,20.4200,19.3300,19.4600,3235500
20140131,20.1400,20.1400,20.1400,20.1400,0
20140203,20.1400,20.1400,20.1400,20.1400,0
20140205,20.1400,20.1400,20.1400,20.1400,0
20140206,20.1400,20.1400,20.1400,20.1400,0
20140207,20.6600,20.6600,19.8100,19.9700,3052100
20140210,21.6700,21.9500,20.6000,20.6600,4386700
20140211,22.0000,22.5500,21.2200,21.5100,6682100
20140212,21.5700,21.9900,20.9600,21.9900,5960400
20140213,19.5900,20.8500,19.4100,20.8500,10084400
20140214,20.1200,20.1700,19.4500,19.6000,5066700
20140217,20.4200,20.4600,19.8000,19.9800,3813900
20140218,20.1500,20.4500,19.5100,20.3800,6163900
20140219,21.3300,21.9300,19.8300,19.9900,8142900
20140220,20.3000,21.5000,20.2500,21.4200,4377900
20140221,20.6900,20.7600,20.1700,20.2500,2145500
20140224,20.5700,20.9700,20.3500,20.5700,2279300
20140225,20.8900,21.3800,20.3000,20.5700,6334700
