20130226,15.8700,16.2200,15.3100,15.3600,2724200
20130227,16.1500,16.3500,14.7000,15.9000,5259700
20130228,15.9000,16.1000,15.3500,15.4200,4902900
20130301,15.6500,15.9000,15.4100,15.8300,3327400
20130304,15.0000,15.5900,14.9700,15.5900,1974900
20130305,15.7600,15.8500,15.0300,15.0900,3466000
20130306,16.9900,17.0500,15.7100,15.7600,5865600
20130307,17.0500,17.2500,16.5500,16.8300,4159600
20130308,17.0700,17.1700,16.5800,17.1000,2302700
20130311,16.3900,17.0900,16.2000,16.9900,1865000
20130312,15.6000,16.5900,15.3900,16.3800,1911500
20130313,15.9700,16.1000,15.2000,15.4000,1385900
20130314,15.6500,16.0600,15.5800,15.9000,1444300
20130315,15.2400,15.5900,14.6200,15.5900,3012300
20130318,14.8300,15.3800,14.6800,15.2000,1388400
20130319,14.7300,15.2600,14.6600,14.8300,1265000
20130320,15.0500,15.1200,14.5000,14.7200,2537900
20130321,15.3700,15.4500,15.0000,15.0000,3311200
20130322,14.8000,15.3500,14.7000,15.3500,5179900
20130325,14.5500,14.9000,14.4000,14.8100,4123800
20130326,14.7000,14.7700,14.4300,14.5000,2651900
20130327,14.5000,14.7800,14.2900,14.7500,2465700
20130328,14.0000,14.4600,13.9500,14.4600,2390800
20130329,14.8500,14.9000,14.0200,14.0200,4702500
20130401,14.9500,15.0900,14.6300,14.8200,3324600
20130402,14.8500,15.4000,14.8100,14.9600,4219600
20130403,14.8400,14.9900,14.4500,14.8600,1301200
20130404,14.8400,14.8400,14.8400,14.8400,0
20130405,14.8400,14.8400,14.8400,14.8400,0
20130408,15.1900,15.1900,14.4000,14.7000,2512000
20130409,15.2800,15.3400,14.9800,15.1600,3204000
20130410,14.9300,15.2600,14.8800,15.2600,2154500
20130411,15.1700,15.2700,14.9400,14.9400,2656100
20130412,14.7500,15.2400,14.5000,15.2000,1651800
20130415,14.3100,14.7500,14.2000,14.7500,1324800
20130416,14.6000,14.6700,14.0900,14.0900,831200
20130417,14.8000,14.8600,14.4900,14.6500,731100
20130418,14.5300,14.8600,14.4000,14.6500,1089100
20130419,15.0200,15.0600,14.5000,14.5100,2424600
20130422,14.7300,14.8600,14.5400,14.8000,2865700
20130423,14.1800,14.8000,14.1600,14.7300,3097000
20130424,14.5600,14.6500,14.1800,14.1800,2036600
20130425,14.3900,14.8000,14.3500,14.6900,2157700
20130426,12.9500,14.3600,12.9500,14.3500,5361600
20130429,12.9500,12.9500,12.9500,12.9500,0
20130430,12.9500,12.9500,12.9500,12.9500,0
20130501,12.9500,12.9500,12.9500,12.9500,0
20130502,12.0000,12.9500,11.8000,12.9500,5143400
20130503,13.2000,13.2000,11.9500,12.0000,4353200
20130506,14.2300,14.4100,13.1500,13.6300,7368000
20130507,14.0300,14.1500,13.7100,13.9900,3007000
20130508,14.2400,14.3600,13.8700,13.9600,3134700
20130509,14.4300,14.5700,14.0000,14.2400,2729200
20130510,14.2600,14.5700,14.1000,14.2100,1813800
20130513,14.2800,14.3900,14.0200,14.2400,2115800
20130514,14.1500,14.3500,13.8500,14.3500,1535900
20130515,14.4900,14.5500,13.9500,14.1200,3236600
20130516,14.5700,14.8700,14.3500,14.4900,3344500
20130517,15.3400,15.4000,14.3900,14.5700,5059300
20130520,15.6400,15.8000,15.1300,15.3000,5562400
20130521,15.7200,15.8000,15.3800,15.8000,4289600
20130522,15.2000,15.9800,15.1800,15.7500,4249600
20130523,15.2900,15.8700,14.8800,15.1000,3654000
20130524,15.6000,15.6800,15.3000,15.3500,2588600
20130527,15.6700,15.9100,15.4800,15.6600,3464200
20130528,15.5200,15.8900,15.2200,15.6700,3230800
20130529,15.3500,15.4800,15.0800,15.4500,2754300
20130530,15.8500,15.9100,15.2000,15.3700,3977700
20130531,15.2500,15.8700,15.2200,15.8600,2937400
20130603,14.9600,15.5400,14.8900,15.2600,2244100
20130604,14.3900,14.9600,14.2000,14.9600,2832700
20130605,14.5000,14.8400,14.3500,14.3900,1631100
20130606,14.3200,14.6100,14.2500,14.5000,1334800
20130607,14.6800,14.6800,13.9000,14.3200,2237000
20130610,14.6800,14.6800,14.6800,14.6800,0
20130611,14.6800,14.6800,14.6800,14.6800,0
20130612,14.6800,14.6800,14.6800,14.6800,0
20130613,13.7300,14.4800,13.6000,14.4500,1466000
20130614,13.9900,14.1900,13.7300,13.7300,1350000
20130617,14.0100,14.2400,13.8000,14.0800,1470500
20130618,14.0600,14.5700,13.9200,14.1000,1291900
20130619,14.0900,14.1300,13.8900,14.0700,1061700
20130620,13.1200,14.1000,13.0300,14.1000,2296500
20130621,12.7800,13.0000,12.3000,13.0000,2126800
20130624,12.0400,12.9000,11.7000,12.7700,2122600
20130625,13.2400,13.2400,11.8000,12.0400,4656400
20130626,13.5500,13.8800,13.2200,13.2900,4431800
20130627,13.4200,13.7800,13.2800,13.5500,2342500
20130628,14.5800,14.7600,14.1500,14.1500,8248000
20130701,14.9900,15.2700,14.0100,14.2400,9373300
20130702,14.8800,15.0600,14.4400,14.8000,7000500
20130703,14.9700,15.2000,14.3500,14.9000,5922400
20130704,15.1500,15.6400,14.8900,15.1000,8113700
20130705,14.5000,15.1500,14.5000,15.0100,4793700
20130708,14.3800,14.6800,13.8700,14.4900,4316800
20130709,15.1600,15.2500,14.3800,14.5000,7258700
20130710,15.2200,15.3600,14.8200,15.0100,5574800
20130711,15.3800,15.4400,14.9300,15.1500,5480300
20130712,15.2600,15.7200,14.9800,15.3800,7754600
20130715,15.7900,15.9100,15.2000,15.3800,8087000
20130716,15.5000,16.0700,15.2400,16.0000,7122200
20130717,16.2000,16.2000,15.2200,15.5100,10555300
20130718,15.9700,16.1600,15.6500,16.1100,6846000
20130719,15.2000,16.2800,15.1000,15.9000,7800000
20130722,15.6000,15.6300,14.8800,15.0300,5149900
20130723,16.2600,16.3600,15.5200,15.6000,9071700
20130724,16.4100,16.4500,15.8800,16.1200,7637000
20130725,15.2100,16.3800,15.2000,16.3000,5841100
20130726,15.2600,15.4900,14.9300,15.0400,4223200
20130729,14.7700,15.4700,14.7100,15.1600,3334500
20130730,14.1100,14.9600,14.0700,14.9500,5098500
20130731,14.1100,14.3900,14.0400,14.1500,3302600
20130801,14.6500,14.8200,14.1000,14.1000,3684600
20130802,14.8800,15.0800,14.7000,14.8000,4000700
20130805,15.1800,15.1900,14.8600,14.9200,3546300
20130806,15.5500,15.5600,15.0700,15.1800,5284200
20130807,15.7700,16.9500,15.6500,16.1000,14943700
20130808,16.7600,17.3000,15.7700,15.8400,22340000
20130809,16.3800,16.9400,16.0100,16.3500,16347800
20130812,16.1300,16.7500,15.8300,16.6000,9597700
20130813,16.2500,16.5500,15.9900,16.0000,8208600
20130814,16.2800,16.4100,15.8800,16.2400,8133700
20130815,16.0600,16.5400,16.0400,16.2200,6449500
20130816,15.1800,16.2000,15.1700,15.9800,7928500
20130819,16.2400,16.3300,14.9600,14.9600,8853900
20130820,16.4100,16.6000,16.0000,16.2400,9640200
20130821,16.4900,16.5500,16.0300,16.2600,8019300
20130822,16.3800,16.9000,16.2900,16.3800,8157000
20130823,16.9700,17.1600,16.2000,16.5900,13011400
20130826,16.9900,17.1600,16.7700,16.9700,8540700
20130827,16.7900,17.0000,16.6000,16.9100,6405300
20130828,16.1000,16.6200,16.0800,16.6200,8925300
20130829,16.3100,16.4400,16.0500,16.1400,4866200
20130830,15.3600,16.3300,15.3500,16.2800,7241400
20130902,15.6900,15.8600,15.2900,15.3000,3743100
20130903,15.8500,15.9400,15.5000,15.6900,3440600
20130904,16.4100,16.6500,15.7000,15.7000,7821800
20130905,16.4500,16.4800,16.0600,16.3800,5178100
20130906,16.6000,16.6200,16.1700,16.3000,6236800
20130909,16.3100,16.6600,16.2500,16.6100,4700400
20130910,16.9800,17.0800,16.1700,16.3100,11369700
20130911,15.9300,16.8900,15.7000,16.8900,8418800
20130912,15.8900,16.2500,15.6500,15.8800,4547800
20130913,16.0600,16.1100,15.6900,15.9300,3422400
20130916,17.1500,17.3000,15.8700,16.0100,14822700
20130917,17.2800,17.4900,16.7900,17.0000,19064400
20130918,17.1600,17.3000,16.7200,17.2000,9819500
20130920,17.1600,17.1600,17.1600,17.1600,0
20130923,17.6900,17.9800,17.0300,17.1700,15406700
20130924,17.5500,17.7500,17.3600,17.5800,9971800
20130925,17.2000,17.6400,16.9400,17.5900,8614200
20130926,16.4400,17.1700,16.4200,16.8600,7809000
20130927,16.7100,16.9100,16.4800,16.4800,4449400
20130930,16.9600,17.1000,16.6000,16.8900,4258800
20131001,16.9600,16.9600,16.9600,16.9600,0
20131002,16.9600,16.9600,16.9600,16.9600,0
20131003,16.9600,16.9600,16.9600,16.9600,0
20131004,16.9600,16.9600,16.9600,16.9600,0
20131007,16.9600,16.9600,16.9600,16.9600,0
20131008,17.4000,17.4500,16.8000,16.9600,10327500
20131009,17.2300,17.3800,16.9500,17.2000,8025700
20131010,16.4500,17.3000,16.0500,17.2900,10264900
20131011,16.1400,16.4000,15.8400,16.2000,19038200
20131014,16.2800,16.4200,15.9900,16.2200,14100800
20131015,15.8600,16.3700,15.7100,16.2600,10442100
20131016,15.9800,16.1300,15.5100,15.7800,9429100
20131017,15.7300,16.2000,15.6700,16.0400,6304800
20131018,15.1800,15.8700,15.0200,15.7500,16805300
20131021,15.5000,15.5200,15.0900,15.1100,11321900
20131022,15.1700,15.5200,15.1000,15.5000,7059400
20131023,14.7500,15.3500,14.5600,15.2000,8376800
20131024,14.8100,15.0500,14.6600,14.7000,4156400
20131025,14.3900,14.9300,14.2700,14.9000,5068300
20131028,13.8500,14.5200,13.6200,14.3700,7251900
20131029,13.5600,14.0700,13.0000,13.9200,7606000
20131030,13.9700,14.0500,13.5200,13.6200,4468300
20131031,13.5200,13.8800,13.5000,13.8500,3484000
20131101,13.6400,13.7900,13.1500,13.5500,3334600
20131104,14.2000,14.5900,13.7000,13.7000,11729600
20131105,14.2900,14.3700,13.9200,14.2000,3168900
20131106,14.2700,14.4500,14.1100,14.2800,5094200
20131107,13.6200,14.2000,13.5900,14.1800,4221600
20131108,13.3900,13.7000,13.3600,13.5800,2579800
20131111,13.8000,13.8600,13.3300,13.5100,2617500
20131112,13.8100,14.1000,13.7000,13.8000,3170000
20131113,13.6600,14.2200,13.6200,13.6400,6516200
20131114,14.1700,14.1800,13.6000,13.6800,8022300
20131115,14.2700,14.4900,14.0000,14.0000,7731600
20131118,14.6900,14.8000,14.2000,14.4000,11312000
20131119,14.6600,14.7500,14.4500,14.6000,6307400
20131120,15.0000,15.0500,14.6300,14.6400,8763000
20131121,15.1000,15.1700,14.7100,15.1600,7991100
20131122,14.9000,15.0600,14.7800,14.9500,4927300
20131125,14.9200,15.2300,14.8300,14.9000,5393400
20131126,15.4600,15.4900,14.8000,14.9000,8164700
20131127,15.4500,15.8000,15.2100,15.3300,12226100
20131128,16.1700,16.5500,15.3200,15.3200,17644200
20131129,16.1600,16.2500,15.9000,16.0000,6893100
20131202,16.1400,16.6500,15.6500,15.8300,16390300
20131203,16.9400,17.1900,15.8000,15.9000,11977600
20131204,16.8000,17.4500,16.7600,17.0000,15755900
20131205,16.4200,17.1300,16.3500,16.8000,11654200
20131206,17.1000,17.1000,16.2100,16.3500,9428600
20131209,17.1000,17.1000,17.1000,17.1000,0
20131210,17.1000,17.1000,17.1000,17.1000,0
20131211,17.1000,17.1000,17.1000,17.1000,0
20131212,16.8300,17.2500,15.8200,16.7000,17742300
20131213,16.4500,17.1100,16.4000,16.6200,4829800
20131216,16.0800,16.4800,16.0200,16.4700,3675300
20131217,16.2700,16.4500,15.8800,16.0800,4352800
20131218,16.0100,16.5800,15.8800,16.1600,3622900
20131219,15.5400,16.1800,15.5400,16.1800,3180700
20131220,15.0000,15.6200,14.8800,15.4800,3944700
20131223,15.0000,15.1700,14.7200,15.0000,3417300
20131224,15.8100,15.8300,14.9400,14.9400,5426800
20131225,16.1500,16.5300,15.7100,15.7100,8782500
20131226,16.1600,16.7700,16.1000,16.1500,6005600
20131227,16.9400,17.0200,16.1700,16.1700,5871100
20131230,16.7600,17.0800,16.6200,16.9900,8631000
20131231,17.8000,18.2200,16.7200,16.7600,9859300
20140101,17.8000,17.8000,17.8000,17.8000,0
20140102,17.9000,18.0000,17.5000,17.6800,5482600
20140103,17.9000,18.4700,17.6700,17.8000,4955900
20140106,17.9000,18.2800,17.3100,17.7200,6364100
20140107,18.2800,18.7700,17.5800,17.5800,6294500
20140108,18.5800,18.8000,17.6000,18.2800,6838600
20140109,17.6600,18.7700,17.6600,18.3000,5818800
20140110,17.7000,18.2400,17.3500,17.7500,4437000
20140113,18.9000,18.9000,17.5100,17.7000,10982700
20140114,19.1800,19.4100,18.7200,19.0000,8507700
20140115,19.4800,19.6000,18.8500,18.9900,8065400
20140116,19.7000,20.1700,18.9000,19.5600,12222000
20140117,19.6100,20.4100,19.5000,19.5400,6392300
20140120,19.2800,19.6900,18.9000,19.4300,5160000
20140121,19.5000,19.7800,19.1200,19.1200,4796300
20140122,19.0000,19.5900,18.7600,19.5100,9369700
20140123,20.8500,20.9000,19.0500,19.3500,15748000
20140124,21.2000,21.7000,20.4700,20.9900,12706600
20140127,21.9000,22.2200,20.6500,21.1500,8508300
20140128,23.0000,23.0000,21.2100,21.8900,7464700
20140129,24.6000,24.9000,22.6000,22.7800,11276000
20140130,24.2500,24.7300,23.8000,24.5000,4285200
20140131,24.2500,24.2500,24.2500,24.2500,0
20140203,24.2500,24.2500,24.2500,24.2500,0
20140205,24.2500,24.2500,24.2500,24.2500,0
20140206,24.2500,24.2500,24.2500,24.2500,0
20140207,24.9000,25.1600,23.5200,23.9000,4378400
20140210,25.9000,27.3900,24.5800,24.9800,10031300
20140211,25.4500,26.0900,24.8000,25.8800,9146100
20140212,25.4500,26.9900,25.2500,26.5000,16629100
20140213,25.2000,25.8200,24.5700,25.0000,15023700
20140214,25.2800,25.6000,24.5600,25.0000,10765800
20140217,25.6500,26.5800,25.1100,25.4800,17473900
20140218,25.6500,25.9800,25.3500,25.7800,11980900
20140219,23.3000,24.9000,23.0900,24.9000,27092800
20140220,23.0000,23.4600,22.8800,23.2800,9623900
20140221,23.1800,23.4300,22.7100,22.9000,5783300
20140224,22.9800,23.2000,22.4300,23.0000,6682600
20140225,21.4300,23.4600,21.3100,23.1000,9023600
