20130226,24.3600,25.0000,24.3000,25.0000,2874000
20130227,24.0000,24.6400,23.8200,24.2100,1859500
20130228,24.3100,24.3800,23.5400,24.0000,2770900
20130301,24.0000,24.3800,23.8000,24.3800,2236800
20130304,22.4800,23.7900,22.2200,23.6100,3306300
20130305,22.8400,22.8900,22.5000,22.5000,1440600
20130306,23.1000,23.3000,22.6900,22.8500,1399200
20130307,23.2900,23.6000,22.8500,23.0000,2045700
20130308,23.1700,23.3900,23.1000,23.2900,985600
20130311,23.0000,23.0900,22.7600,22.9000,948300
20130312,22.2400,23.3300,21.9900,23.0100,1645400
20130313,23.0500,23.5700,22.1900,22.3100,2054900
20130314,22.5200,23.1300,22.4100,22.9900,1210700
20130315,22.7000,23.1900,22.5000,22.7100,1380500
20130318,21.7200,22.8400,21.6000,22.7100,1378000
20130319,21.7000,21.9800,21.1800,21.7700,860900
20130320,22.3800,22.4200,21.7600,21.7900,1130700
20130321,22.5600,22.7700,22.3000,22.3000,1180100
20130322,22.5700,22.6800,22.3100,22.6800,846800
20130325,22.9900,23.2400,22.4100,22.7000,2062300
20130326,22.2300,22.9900,21.9900,22.9900,1506500
20130327,22.1800,22.4600,22.0100,22.1500,1030900
20130328,20.9800,22.1700,20.8500,22.1700,2350400
20130329,20.5200,21.1200,20.5000,20.9800,1338600
20130401,20.3300,20.7800,20.3000,20.5200,997400
20130402,20.4000,20.7500,20.1000,20.3300,920700
20130403,20.2500,20.7300,19.9900,20.5100,781800
20130404,20.2500,20.2500,20.2500,20.2500,0
20130405,20.2500,20.2500,20.2500,20.2500,0
20130408,20.0600,20.1500,19.5000,19.9000,990600
20130409,20.9100,21.7100,20.0700,20.0700,2404700
20130410,20.7900,21.0800,20.5300,20.6000,1438600
20130411,20.5900,21.1500,20.5600,20.9500,1059400
20130412,20.4100,20.8000,20.3700,20.6000,617300
20130415,19.7000,20.3800,19.6000,20.3800,1007800
20130416,19.6800,19.8200,19.1300,19.6700,1322600
20130417,19.8000,19.8000,19.4500,19.6700,802700
20130418,20.5600,21.1500,19.6200,19.6600,2857300
20130419,21.1700,21.3500,20.3500,20.3600,3267600
20130422,21.0500,21.1500,20.8100,20.8900,1671200
20130423,20.5700,21.2400,20.5600,21.0500,1595000
20130424,20.8900,21.1100,20.5200,20.5200,1449500
20130425,21.1800,21.6500,21.0300,21.1000,2838500
20130426,20.5100,21.4000,20.5000,21.0200,1349800
20130429,20.5100,20.5100,20.5100,20.5100,0
20130430,20.5100,20.5100,20.5100,20.5100,0
20130501,20.5100,20.5100,20.5100,20.5100,0
20130502,19.9200,20.6100,19.5000,20.6100,1309800
20130503,20.2400,20.4900,19.9100,20.0000,1149500
20130506,21.2900,21.3800,20.5600,20.5600,2440700
20130507,21.9600,22.9500,21.8700,21.8800,5901700
20130508,22.1400,22.5700,21.9600,22.1000,3327100
20130509,22.6000,22.8700,22.0000,22.1500,3930200
20130510,22.3800,22.7700,22.0800,22.5900,2330900
20130513,22.2300,22.5700,21.9300,22.3800,1991100
20130514,21.5800,22.1800,21.4100,22.1800,2160900
20130515,21.8200,21.8700,21.4500,21.6100,1362400
20130516,21.8700,22.1200,21.2500,21.8200,2048600
20130517,22.3300,22.4600,21.7000,21.9000,2606400
20130520,22.6800,22.9000,22.2200,22.5100,2974900
20130521,22.6200,22.9100,22.3100,22.6500,2417400
20130522,23.9000,24.7200,22.4600,22.6200,6447000
20130523,23.0800,23.7900,23.0000,23.7900,4381000
20130524,23.4800,23.6500,23.1100,23.1100,2453900
20130527,23.4100,23.8000,23.1100,23.3800,2547500
20130528,24.2000,24.3800,22.9800,23.1800,4537600
20130529,24.0700,24.7800,24.0400,24.7800,4208400
20130530,24.0000,24.7100,23.9400,24.1800,3358800
20130531,23.5400,24.2700,23.5300,24.1200,2196700
20130603,23.9400,24.1000,23.0600,23.3000,2651500
20130604,22.8400,23.8900,22.8400,23.8900,2280900
20130605,23.0600,23.3400,22.8800,23.0000,1240400
20130606,23.1500,23.2400,22.6000,23.2400,1931800
20130607,22.1300,23.0800,22.0000,22.7000,2252100
20130610,22.1300,22.1300,22.1300,22.1300,0
20130611,22.1300,22.1300,22.1300,22.1300,0
20130612,22.1300,22.1300,22.1300,22.1300,0
20130613,20.8200,21.6100,20.3100,21.5800,2728200
20130614,20.9200,21.1500,20.6300,20.9700,1335100
20130617,20.3900,20.8300,20.3400,20.8200,1304000
20130618,20.5900,20.8500,20.2700,20.6400,868800
20130619,21.2000,21.5000,20.8000,20.9000,2521400
20130620,20.4700,21.1800,20.2900,21.1800,1478000
20130621,20.2000,20.5900,19.6300,19.9000,901200
20130624,19.0000,20.5000,18.8000,20.2000,2141900
20130625,18.8200,19.1000,17.2100,18.6800,2198600
20130626,19.2400,19.2600,18.6100,18.6100,1866600
20130627,18.8000,19.3800,18.8000,19.0100,1649000
20130628,18.6500,19.2000,17.9800,17.9900,1103000
20130701,19.0900,19.1900,18.0500,18.6200,1217600
20130702,19.0400,19.1300,18.7000,18.9800,1181900
20130703,18.5500,18.9000,18.2000,18.8600,1098900
20130704,19.5400,19.8800,18.0700,18.5000,2987000
20130705,19.6900,20.3200,19.2500,19.5700,2867300
20130708,19.7500,20.8300,19.6200,20.0500,4281000
20130709,19.5300,20.2800,19.3600,19.9600,2063000
20130710,21.0000,21.1000,19.3000,19.5000,4528100
20130711,21.0500,21.9700,20.9000,21.1200,6518000
20130712,20.3000,20.8500,20.1800,20.8500,3428200
20130715,20.4800,20.6300,20.0700,20.4500,1999600
20130716,20.4600,20.6200,20.2300,20.2700,1587700
20130717,19.7900,20.5800,19.7700,20.3100,2036000
20130718,19.4600,19.9300,19.4600,19.7300,1340400
20130719,18.8500,19.6900,18.7300,19.4500,1612200
20130722,19.1200,19.1900,18.5000,18.6700,1111700
20130723,19.9200,20.5100,19.1000,19.1000,1927400
20130724,19.8200,20.0500,19.4500,19.8000,1551800
20130725,19.5200,20.2000,19.5000,19.8500,1138200
20130726,19.1800,19.4900,19.0200,19.2800,975900
20130729,18.8400,19.1800,18.7500,19.1800,815100
20130730,19.1700,19.5600,18.9500,18.9500,1073000
20130731,19.0200,19.5400,18.9500,19.1800,852100
20130801,19.4200,19.4500,19.0400,19.1300,1115000
20130802,19.3800,19.6500,19.3200,19.4800,1291000
20130805,19.5500,19.5800,19.2900,19.3200,1024700
20130806,19.6500,20.0000,19.3100,19.4100,2319700
20130807,19.9000,20.3800,19.8000,19.8000,3370000
20130808,19.8600,20.2900,19.7100,20.0400,2081600
20130809,20.6600,21.2800,19.9000,20.0000,5056800
20130812,21.3700,21.6900,20.3000,20.6200,5677200
20130813,21.0200,21.2400,20.8800,21.2200,2546400
20130814,20.5200,21.1800,20.4000,21.0000,2544100
20130815,20.3200,20.8000,20.3100,20.5400,1350100
20130816,19.8700,20.8500,19.8500,20.4100,2401700
20130819,20.2700,20.4400,19.6000,19.7000,1386600
20130820,20.1400,20.3900,19.9000,20.1500,1335100
20130821,20.2800,20.3000,19.8500,20.0000,1061900
20130822,19.9700,20.3600,19.8500,20.1800,1144600
20130823,19.6900,20.2900,19.4000,20.0600,1379800
20130826,20.1200,20.1500,19.8100,19.8100,1243300
20130827,20.4000,20.6600,20.0200,20.0500,1492600
20130828,20.5600,20.8200,20.2000,20.3500,2428500
20130829,20.1000,20.6000,20.0400,20.6000,1239300
20130830,19.8600,20.3400,19.8000,20.0500,1245600
20130902,20.2400,20.5800,19.6600,19.8600,1241200
20130903,20.4900,20.5600,20.1800,20.2100,1599000
20130904,20.4100,20.7300,20.2900,20.4700,1819300
20130905,20.2300,20.5500,20.2100,20.5500,1217900
20130906,20.1500,20.3600,20.0500,20.0500,1171400
20130909,20.5400,20.7100,20.1400,20.1400,1870200
20130910,20.6800,20.7400,20.4400,20.5600,1962500
20130911,20.9100,21.3400,20.6800,20.6800,3606200
20130912,20.6100,20.9800,20.4900,20.8500,1591600
20130913,20.6300,20.9200,20.3500,20.6100,1839000
20130916,20.2000,20.7700,20.2000,20.7700,1372900
20130917,19.6800,20.2200,19.6500,20.2000,1740100
20130918,19.4600,19.8000,19.2900,19.7000,1668300
20130920,19.4600,19.4600,19.4600,19.4600,0
20130923,19.8400,19.9400,19.5100,19.6900,1537600
20130924,19.9900,20.0900,19.5700,19.8000,2220400
20130925,19.9000,20.0700,19.7300,20.0500,1292000
20130926,19.7500,20.0500,19.6200,19.7100,1281900
20130927,19.7200,19.8900,19.5500,19.7400,908800
20130930,20.0000,20.0200,19.6000,19.8000,1175900
20131001,20.0000,20.0000,20.0000,20.0000,0
20131002,20.0000,20.0000,20.0000,20.0000,0
20131003,20.0000,20.0000,20.0000,20.0000,0
20131004,20.0000,20.0000,20.0000,20.0000,0
20131007,20.0000,20.0000,20.0000,20.0000,0
20131008,19.9200,20.0900,19.7100,19.8000,1264800
20131009,19.8000,20.0100,19.7000,19.8500,1442600
20131010,19.4100,19.7900,19.3900,19.7000,2296000
20131011,19.5200,19.6600,19.4200,19.4500,950500
20131014,19.4600,19.6200,19.4200,19.6000,1038900
20131015,19.4600,19.7000,19.4400,19.4600,1220300
20131016,18.9500,19.4900,18.6900,19.4000,1667100
20131017,18.9000,19.1500,18.8100,19.1000,956200
20131018,18.8100,19.1000,18.5000,18.9500,1277700
20131021,19.0200,19.0600,18.4400,18.7700,1292900
20131022,18.9200,19.0500,18.8000,18.9100,835000
20131023,18.9200,19.2500,18.8400,19.0500,956400
20131024,18.6900,18.9600,18.5700,18.9200,652000
20131025,18.7900,18.8300,18.3500,18.7500,948600
20131028,18.5600,18.7900,18.4000,18.6200,531000
20131029,18.1500,18.8500,17.9000,18.5400,1123800
20131030,18.2200,18.3900,18.0700,18.2000,644000
20131031,18.3400,18.3500,17.9800,18.2200,760200
20131101,18.5900,18.8400,18.1100,18.2800,817600
20131104,18.5300,18.9000,18.5100,18.8200,545900
20131105,18.6800,18.7900,18.3100,18.3400,657900
20131106,18.5000,18.7800,18.4500,18.6300,548600
20131107,18.3000,18.6900,18.1800,18.5000,484900
20131108,17.8300,18.3500,17.7800,18.1800,785100
20131111,17.8900,17.9900,17.6200,17.8300,386400
20131112,18.1000,18.1500,17.8500,17.9800,470300
20131113,17.8800,18.1500,17.7500,17.8100,442200
20131114,18.0300,18.1500,17.8800,18.0000,464400
20131115,18.3800,18.5200,17.9700,18.1100,764200
20131118,18.6300,18.6900,18.3000,18.3000,915500
20131119,18.8500,18.8800,18.5000,18.5100,1320200
20131120,18.9100,19.3400,18.8500,19.2500,1217300
20131121,18.6600,18.8600,18.5100,18.6000,918100
20131122,18.6900,18.9300,18.5500,18.7300,662700
20131125,18.6500,18.8200,18.4200,18.4200,558200
20131126,18.5300,18.7700,18.5100,18.6500,561100
20131127,18.7000,18.7000,18.5000,18.5000,498000
20131128,19.5400,19.8000,18.7000,18.8000,3195100
20131129,19.5400,19.5400,19.5400,19.5400,0
20131202,19.5400,19.5400,19.5400,19.5400,0
20131203,19.3000,19.3000,18.0300,18.4500,1879400
20131204,19.2000,19.4400,18.9200,19.1000,2129900
20131205,19.0700,19.2900,18.9200,19.2000,1075100
20131206,19.1400,19.2000,18.9500,19.0000,923600
20131209,18.9800,19.3500,18.9100,19.3000,880700
20131210,18.9200,19.1500,18.8000,19.0100,803700
20131211,18.5500,19.0500,18.4400,19.0300,863200
20131212,18.3600,18.8400,18.2500,18.5700,980900
20131213,18.3200,18.4600,18.1000,18.2800,899400
20131216,17.6700,18.4300,17.5100,18.3200,3065100
20131217,17.6500,17.8200,17.5700,17.6800,836200
20131218,17.8500,17.9700,17.6600,17.6600,768700
20131219,17.6200,17.9800,17.5600,17.8500,708500
20131220,17.2200,17.7300,17.2100,17.6700,861200
20131223,17.2900,17.4300,17.1300,17.2200,504200
20131224,17.3600,17.4700,17.1900,17.1900,587400
20131225,17.5500,17.5600,17.2600,17.4000,552900
20131226,17.2500,17.6500,17.2200,17.5500,702000
20131227,17.4900,17.5600,17.2000,17.2000,691400
20131230,17.4500,17.6700,17.4200,17.6000,677800
20131231,17.6500,17.7700,17.2900,17.3600,865900
20140101,17.6500,17.6500,17.6500,17.6500,0
20140102,17.5800,17.7000,17.4900,17.6700,733900
20140103,17.2000,17.8000,17.1500,17.6700,1686400
20140106,16.7100,17.3900,16.5300,17.2800,1663900
20140107,16.7700,16.9200,16.5300,16.6700,625500
20140108,16.6900,16.9000,16.5800,16.7900,616400
20140109,16.2700,16.8100,16.2700,16.6100,819000
20140110,16.3500,16.4000,16.1500,16.4000,635000
20140113,16.5500,16.8200,16.3100,16.3400,672400
20140114,16.6200,16.6400,16.2700,16.4100,570800
20140115,16.5500,16.6800,16.4400,16.5700,581800
20140116,16.9900,17.7000,16.5100,16.6500,1478400
20140117,16.9900,17.1700,16.8000,16.9200,1019100
20140120,16.7000,16.9000,16.5500,16.8900,706100
20140121,16.8700,16.9100,16.5800,16.7100,629500
20140122,17.2100,17.9800,16.7600,16.7600,1224000
20140123,17.1500,17.3100,16.9600,17.3100,823200
20140124,17.3900,17.6000,17.0900,17.2100,1416000
20140127,17.1800,17.4500,17.1100,17.3800,943700
20140128,17.0800,17.3500,17.0800,17.1100,728700
20140129,17.0700,17.2600,17.0100,17.0500,603600
20140130,16.9000,17.2500,16.8000,17.2500,469700
20140131,16.9000,16.9000,16.9000,16.9000,0
20140203,16.9000,16.9000,16.9000,16.9000,0
20140205,16.9000,16.9000,16.9000,16.9000,0
20140206,16.9000,16.9000,16.9000,16.9000,0
20140207,16.9000,16.9300,16.6200,16.6200,507000
20140210,17.7400,17.9400,16.9000,16.9300,2688900
20140211,17.6500,17.8900,17.2800,17.6000,2308000
20140212,17.6300,17.7300,17.5000,17.6000,1349500
20140213,17.6900,17.9900,17.6000,17.7100,2036700
20140214,17.8800,17.8900,17.4500,17.6800,1683300
20140217,18.0600,18.2000,17.7900,18.0100,1826000
20140218,17.6800,18.0500,17.6300,18.0500,1360600
20140219,17.6900,17.8300,17.4700,17.7800,1027200
20140220,17.6300,17.9700,17.5200,17.7500,1711300
20140221,17.4800,17.9300,17.4000,17.6200,1100500
20140224,17.1800,17.5000,17.0400,17.3500,871700
20140225,16.4700,17.3700,16.2000,17.3200,1538700
