20130226,17.4200,17.5000,17.1900,17.2600,585500
20130227,17.2750,17.6500,17.1050,17.3500,903400
20130228,17.5950,17.6000,17.1750,17.1750,1285700
20130301,17.9000,17.9750,17.5000,17.6000,773400
20130304,17.4950,17.9750,17.2000,17.9750,679600
20130305,17.8700,18.0600,17.2000,17.3000,647400
20130306,18.2500,18.3350,17.7050,17.9250,1404100
20130307,18.0000,18.2250,17.5050,18.2250,704400
20130308,18.0150,18.1000,17.5800,17.9900,519800
20130311,17.7250,17.9600,17.6500,17.8300,242300
20130312,17.1450,17.8200,16.9450,17.6550,610400
20130313,16.8650,17.0700,16.5900,16.7550,462300
20130314,16.9800,17.0950,16.7750,16.7750,264200
20130315,16.9700,17.2400,16.6400,16.7900,433900
20130318,16.6900,16.9550,16.4000,16.7750,1666800
20130319,16.6950,16.7350,16.4050,16.5400,3501300
20130320,17.4250,17.4950,16.5200,16.5200,2841600
20130321,17.9500,17.9650,17.3050,17.4500,1004800
20130322,18.9250,19.0000,17.6600,17.9500,4132200
20130325,18.6000,18.8400,18.3100,18.7000,1116900
20130326,18.6500,18.6900,18.2050,18.5000,496200
20130327,18.6750,18.8000,18.3100,18.6250,732700
20130328,18.4500,18.7750,18.3100,18.6900,405200
20130329,19.0400,19.0700,18.2600,18.3350,1804100
20130401,18.4900,18.9350,18.3500,18.9350,772400
20130402,18.1500,18.5000,17.9000,18.3600,491900
20130403,17.7950,18.3000,17.5850,18.2100,873700
20130404,17.7950,17.7950,17.7950,17.7950,0
20130405,17.7950,17.7950,17.7950,17.7950,0
20130408,18.2000,18.4250,17.3400,17.7900,706900
20130409,17.9500,18.0700,17.8000,18.0050,656300
20130410,17.4250,17.9800,17.1900,17.9800,602100
20130411,17.2500,17.4750,16.8500,17.2500,813000
20130412,17.3850,17.5000,16.9500,17.2500,714400
20130415,17.0000,17.4000,16.6550,17.4000,677700
20130416,16.7500,16.8750,16.4000,16.8750,1894000
20130417,16.7800,16.8450,16.4500,16.7500,826500
20130418,16.9500,17.0000,16.5150,16.7550,686600
20130419,17.4400,17.6250,16.9750,16.9750,807700
20130422,17.7000,17.7500,17.1000,17.2850,977400
20130423,17.4000,17.7500,17.1500,17.7500,666600
20130424,18.0400,18.0500,17.1000,17.3000,1321200
20130425,17.8400,18.3000,17.7550,18.3000,1148200
20130426,18.0400,18.1000,17.3750,17.8400,1139800
20130429,18.0400,18.0400,18.0400,18.0400,0
20130430,18.0400,18.0400,18.0400,18.0400,0
20130501,18.0400,18.0400,18.0400,18.0400,0
20130502,18.0500,18.1500,17.9050,18.0500,507200
20130503,18.1750,18.2350,17.9350,18.0500,885000
20130506,18.3500,18.4400,18.0300,18.0300,1411500
20130507,18.3500,18.4750,18.1800,18.2250,1642300
20130508,18.6000,18.7050,18.2400,18.3000,3023600
20130509,19.0000,19.2850,18.5000,18.5000,3628300
20130510,20.5500,20.8100,18.8000,18.9500,4197500
20130513,20.7000,20.8900,19.7800,20.3200,4056000
20130514,20.6400,21.3000,20.0100,20.5900,2318600
20130515,20.8800,21.1400,20.0100,20.5000,1899600
20130516,20.8200,21.4300,20.6700,21.1000,3161000
20130517,20.7500,20.8900,20.3000,20.8100,1643500
20130520,21.3200,21.4600,20.3000,20.4100,2179900
20130521,21.3900,21.7000,21.0500,21.3200,1687000
20130522,21.1600,21.6200,20.9100,21.3900,1459300
20130523,21.0200,21.2600,20.6300,21.1000,1180500
20130524,21.4900,21.5500,20.7500,21.1900,2035200
20130527,21.0600,21.6500,20.7800,21.5500,1919900
20130528,20.7300,21.1500,20.3000,20.9000,1302500
20130529,20.9400,20.9400,20.5000,20.7300,860500
20130530,21.4000,21.5000,20.9500,21.1600,3337000
20130531,21.1500,21.4000,21.0100,21.3400,1138500
20130603,20.6000,21.1500,20.4600,21.1200,1778100
20130604,19.8600,20.5100,19.2500,20.5000,1730000
20130605,19.6600,19.8000,19.4000,19.7700,1107600
20130606,19.6800,19.8600,19.5500,19.6300,1668800
20130607,19.6000,19.9700,19.0800,19.5100,653300
20130610,19.6000,19.6000,19.6000,19.6000,0
20130611,19.6000,19.6000,19.6000,19.6000,0
20130612,19.6000,19.6000,19.6000,19.6000,0
20130613,18.7400,19.2700,18.5000,19.2700,590100
20130614,19.2500,19.4500,18.5700,18.7400,705200
20130617,19.1600,19.7900,19.0100,19.7900,512100
20130618,19.2200,19.6500,18.9500,19.5000,1245200
20130619,19.4300,19.5600,19.0000,19.0000,879400
20130620,18.9700,19.4800,18.2000,19.1000,931600
20130621,19.0000,19.0000,18.0000,18.6800,460000
20130624,18.7800,19.0000,18.1000,18.9300,1639100
20130625,19.0000,19.2800,17.8000,18.6900,2585300
20130626,19.6500,19.8000,19.0600,19.0800,1887100
20130627,19.5000,19.7800,18.8200,19.6000,1099000
20130628,19.7000,19.7000,19.0200,19.3200,1331400
20130701,19.9000,19.9500,19.2500,19.6000,609500
20130702,19.9700,20.2400,19.5000,19.8500,749800
20130703,19.7100,19.9900,19.5500,19.9900,627300
20130704,19.5400,19.9700,19.3200,19.5600,645200
20130705,19.1800,19.6600,19.1500,19.5800,524900
20130708,18.6900,19.0100,17.5700,19.0000,1147700
20130709,18.6000,18.7000,17.8800,18.0000,578600
20130710,18.9000,18.9000,18.1900,18.2600,524300
20130711,19.2000,19.5300,18.5200,18.5200,798400
20130712,19.1000,19.2500,18.8100,19.2400,443100
20130715,19.1000,19.1800,18.8100,19.0000,656300
20130716,19.2600,19.3500,19.1000,19.1000,601400
20130717,18.8000,19.5500,18.8000,19.2000,773500
20130718,18.6000,18.9300,18.2000,18.8000,536700
20130719,18.5400,18.8000,18.1000,18.6100,559800
20130722,18.5200,18.6000,18.1700,18.3600,416500
20130723,18.8500,18.9300,18.2500,18.5300,640600
20130724,18.6400,18.7900,18.5000,18.7100,551400
20130725,19.1900,19.6000,18.7600,19.0000,1464800
20130726,19.2000,19.2000,18.8000,19.1900,676200
20130729,18.4100,19.3400,18.3500,19.3400,654800
20130730,17.7000,18.5600,17.6500,18.4100,732600
20130731,17.9500,18.0300,17.3900,17.6300,627200
20130801,18.3500,18.4000,17.8000,18.1800,757100
20130802,18.2000,18.5000,18.1600,18.3600,405300
20130805,18.2900,18.3600,18.0700,18.1600,389300
20130806,18.4900,18.4900,18.1000,18.1900,545300
20130807,18.2600,18.6600,18.2300,18.5900,599700
20130808,18.6900,18.7800,18.0000,18.3500,1097500
20130809,19.7600,20.5000,18.4000,18.5200,3260600
20130812,19.4000,19.7600,19.3300,19.5600,1219800
20130813,19.8000,20.4500,19.2200,19.2200,1312300
20130814,19.3100,19.9000,19.3000,19.6200,957200
20130815,18.7000,19.4800,18.6200,19.3100,1061600
20130816,18.3000,18.7800,18.0000,18.6900,891700
20130819,18.7000,18.7500,18.1600,18.2000,382300
20130820,18.6800,19.3000,18.5500,18.7100,1016600
20130821,18.5600,18.6100,18.2800,18.5800,718500
20130822,18.3600,18.5700,18.2700,18.5700,558000
20130823,18.2900,18.4700,18.0100,18.4500,423700
20130826,18.3600,18.4600,18.1100,18.2900,382900
20130827,18.3200,18.4600,18.2500,18.3600,506800
20130828,18.1400,18.2500,17.9500,18.1800,766400
20130829,18.1500,18.3000,17.9200,17.9200,518700
20130830,17.9000,18.1900,17.8500,18.0600,904700
20130902,17.9600,18.0600,17.8100,17.8900,432300
20130903,18.4200,18.6100,18.0000,18.0000,1505400
20130904,18.4400,18.6900,18.2000,18.3600,953200
20130905,18.6600,18.7200,18.2500,18.3900,881600
20130906,18.2800,18.7100,18.2000,18.7100,1031100
20130909,18.2900,18.4700,18.0100,18.3000,1038200
20130910,17.9900,18.2800,17.9800,18.1600,1189000
20130911,17.6500,18.1000,17.5300,17.9900,860400
20130912,17.8000,18.1500,17.6500,17.6500,1135100
20130913,17.6900,17.8300,17.1400,17.8300,1978100
20130916,17.0000,17.5800,16.7900,17.5800,4349000
20130917,16.8500,17.0100,16.6400,16.6400,1867200
20130918,16.8700,17.0000,16.5200,16.8400,1736300
20130920,16.8700,16.8700,16.8700,16.8700,0
20130923,17.3500,17.6000,16.9100,16.9100,2692000
20130924,17.1000,17.3300,16.9700,17.2600,2693600
20130925,17.4500,17.5000,17.1100,17.1100,4138100
20130926,17.3300,17.5200,17.1800,17.4500,2966100
20130927,17.4000,17.6600,17.2000,17.3100,1743600
20130930,17.9700,18.0000,17.4700,17.4700,1814200
20131001,17.9700,17.9700,17.9700,17.9700,0
20131002,17.9700,17.9700,17.9700,17.9700,0
20131003,17.9700,17.9700,17.9700,17.9700,0
20131004,17.9700,17.9700,17.9700,17.9700,0
20131007,17.9700,17.9700,17.9700,17.9700,0
20131008,19.0000,19.0600,17.8000,17.9100,3487800
20131009,19.1800,19.2000,18.8100,18.9300,2019900
20131010,19.3300,19.4900,18.8500,19.1900,1776700
20131011,18.9500,19.3000,18.8900,19.3000,1452800
20131014,18.7000,18.9700,18.6300,18.8700,1447400
20131015,18.7200,18.9800,18.6000,18.6400,1275700
20131016,18.1500,18.7000,17.7000,18.7000,1769400
20131017,18.2200,18.3000,17.8000,18.1600,1127100
20131018,18.3200,18.3500,18.0300,18.2300,395600
20131021,18.4900,18.6300,18.1300,18.2500,1650100
20131022,18.3500,18.6000,18.1500,18.4900,1280400
20131023,19.3100,19.4000,18.3900,18.3900,5043200
20131024,19.8000,20.2000,19.2000,20.0000,5007400
20131025,19.6000,19.9900,19.0200,19.9900,2546700
20131028,19.2900,19.7800,18.7700,18.9900,1239800
20131029,19.2500,19.2500,18.5200,19.1800,1723100
20131030,19.2300,19.2400,18.8000,19.0900,817000
20131031,19.3800,19.3800,18.4000,19.2200,1667600
20131101,18.6900,19.2000,18.6300,18.8500,1150200
20131104,18.1600,18.7300,18.0400,18.6900,1230400
20131105,18.3500,18.3900,17.6600,18.2400,1035500
20131106,18.1500,18.4000,17.9600,18.1800,492900
20131107,17.7400,18.1500,17.7200,18.1400,685100
20131108,17.3900,17.7100,17.3100,17.7100,578400
20131111,17.4900,17.4900,16.9100,17.4000,1013300
20131112,17.5900,17.6000,17.2100,17.4100,791400
20131113,17.5300,17.9700,17.4000,17.5500,779000
20131114,18.2800,18.3400,17.2600,17.5000,1614700
20131115,18.6000,18.7400,18.2200,18.4800,1829200
20131118,18.7000,18.8400,18.3600,18.5200,2832800
20131119,18.6200,18.9000,18.5500,18.8000,1172000
20131120,18.6700,18.7200,18.4600,18.7200,1166900
20131121,18.2700,18.6300,18.1000,18.6100,877100
20131122,17.9300,18.3500,17.9100,18.2000,785200
20131125,18.7000,19.1200,17.7900,17.9300,3478000
20131126,20.1800,20.3700,18.6500,18.6500,10827700
20131127,21.8200,22.0900,19.8500,20.0000,12550900
20131128,22.0900,22.8800,21.5500,22.0500,8594500
20131129,22.7000,22.7500,22.1200,22.1200,6380700
20131202,21.0000,22.1500,20.4300,22.0000,7945000
20131203,21.8000,22.0700,20.5500,20.5500,4486700
20131204,22.4000,23.9700,21.6500,21.6900,4898300
20131205,21.7600,22.6600,21.5500,22.4100,3143700
20131206,20.7800,21.9600,20.6000,21.8000,3335800
20131209,21.2900,21.4000,20.6000,20.9600,2590800
20131210,21.1100,21.2800,20.8100,21.0500,1438500
20131211,20.7200,21.3600,20.6100,21.3600,1697600
20131212,20.7400,20.8300,20.5000,20.5200,1898600
20131213,21.0600,21.2800,20.5000,20.5000,3144000
20131216,20.2400,21.0700,19.9900,20.9900,2960000
20131217,20.2000,20.3500,19.7100,20.1000,1827600
20131218,20.2500,20.5400,19.9300,20.1900,2037200
20131219,20.9800,21.0900,20.2200,20.4000,5072000
20131220,20.8000,21.5000,20.4900,20.9900,4140800
20131223,20.6300,20.9600,19.8600,20.7000,1771900
20131224,21.3000,21.4100,20.5100,20.5100,5686500
20131225,21.5500,21.7000,21.0800,21.7000,2693500
20131226,21.7600,22.2000,21.3100,21.5100,3334000
20131227,22.9200,23.4400,21.8000,21.9000,6432300
20131230,22.5600,22.9000,22.1000,22.8200,3373200
20131231,21.5100,22.6800,21.4600,22.5100,3237100
20140101,21.5100,21.5100,21.5100,21.5100,0
20140102,21.9000,21.9900,21.4100,21.5800,1705100
20140103,21.5000,22.0800,21.3600,21.8900,1454100
20140106,20.9000,21.8800,20.6500,21.5000,1591800
20140107,20.8000,21.3000,20.5200,20.7000,1286900
20140108,21.0000,21.1900,20.8000,20.8500,1896200
20140109,20.6200,21.0900,20.6000,21.0000,1283900
20140110,20.2100,20.7000,20.0000,20.4500,1823800
20140113,20.4000,20.4900,19.5000,20.2000,2266400
20140114,20.8000,20.8000,19.8100,20.3000,1948600
20140115,21.1000,21.1600,20.6100,20.6200,1718500
20140116,20.9100,21.5500,20.9000,21.1000,1494500
20140117,20.8000,21.2000,20.3100,20.8200,1002200
20140120,20.2000,20.7800,20.0900,20.7800,1356700
20140121,20.7500,20.7500,20.2200,20.5800,1824400
20140122,21.3800,21.4400,20.4600,20.4600,1479900
20140123,22.0000,22.3500,21.1000,21.3400,2447500
20140124,22.4200,22.7000,21.8900,21.9900,4204600
20140127,22.2100,23.0000,21.7900,22.3100,2372400
20140128,23.1900,23.9500,22.1000,22.2200,4855200
20140129,22.8200,23.3000,22.6800,23.1900,1739400
20140130,22.9000,23.1800,22.6600,22.7100,1322900
20140131,22.9000,22.9000,22.9000,22.9000,0
20140203,22.9000,22.9000,22.9000,22.9000,0
20140205,22.9000,22.9000,22.9000,22.9000,0
20140206,22.9000,22.9000,22.9000,22.9000,0
20140207,22.7000,23.0500,22.2200,22.5200,2520700
20140210,24.8000,24.8700,22.7300,22.7300,7896500
20140211,25.1000,25.7200,24.5100,24.7300,5572000
20140212,25.1500,25.8000,25.0300,25.6000,3731100
20140213,24.3600,25.3000,24.3600,25.1400,2576000
20140214,25.0900,25.2500,24.1000,24.5300,3245300
20140217,25.5000,25.7000,24.6900,25.0700,3495700
20140218,25.5800,26.2300,25.2000,25.5300,5290700
20140219,25.5700,25.8600,25.3200,25.4000,1897200
20140220,25.7200,25.9500,25.1600,25.8900,3011100
20140221,25.6000,26.7200,25.5100,25.8900,3383300
20140224,24.9500,25.2000,24.0000,25.2000,4129300
20140225,22.9000,24.9900,22.5700,24.8100,3666700
