20130226,9.8077,10.2308,9.7692,10.2308,23193400
20130227,9.8308,10.0000,9.6769,9.8923,13762300
20130228,10.0154,10.1769,9.7385,9.7692,23543500
20130301,10.3231,10.4077,9.9385,9.9923,34748600
20130304,10.3769,10.8923,10.1692,10.5385,59300100
20130305,10.5615,10.5923,10.1538,10.3077,31098300
20130306,10.5846,10.9461,10.4769,10.5692,34537600
20130307,10.2385,10.6385,10.1692,10.5308,23500200
20130308,10.2462,10.5000,10.2000,10.2308,14857800
20130311,10.2308,10.4154,10.0923,10.2077,12066900
20130312,9.6385,10.2846,9.3846,10.2308,32427100
20130313,9.3923,9.5769,9.3077,9.5769,14306100
20130314,9.4461,9.5615,9.3539,9.4077,10050600
20130315,9.3462,9.6000,9.2462,9.4461,13169700
20130318,9.2769,9.4692,9.2538,9.3615,9935000
20130319,9.2769,9.4000,8.9846,9.3077,11113100
20130320,9.6077,9.6077,9.3077,9.3231,14264600
20130321,9.7538,9.8769,9.5462,9.6385,17443800
20130322,10.0769,10.3000,9.6385,9.7154,23463300
20130325,10.0077,10.1846,9.9538,10.0923,14671500
20130326,9.7538,9.9846,9.6461,9.9308,11978200
20130327,9.8308,9.9538,9.7231,9.7692,9845800
20130328,9.4308,9.7000,9.3923,9.7000,12374600
20130329,9.4077,9.5615,9.3923,9.5154,6930900
20130401,9.6385,9.7231,9.3692,9.3846,8835600
20130402,9.4692,9.8077,9.4385,9.6615,11073300
20130403,9.2923,9.5539,9.2308,9.4000,7922100
20130404,9.2923,9.2923,9.2923,9.2923,0
20130405,9.2923,9.2923,9.2923,9.2923,0
20130408,9.2538,9.2538,8.8769,9.0385,8923600
20130409,9.3231,9.4385,9.2308,9.2462,5995800
20130410,9.2692,9.4231,9.1615,9.3231,5753800
20130411,9.0615,9.3769,9.0615,9.3462,7252500
20130412,8.7385,9.1308,8.7077,9.0615,11395300
20130415,8.3846,8.6538,8.3692,8.6154,10026000
20130416,8.4231,8.4846,8.1308,8.1923,8325500
20130417,8.5154,8.5308,8.4231,8.4769,6338100
20130418,8.6846,8.6923,8.5539,8.6077,8403800
20130419,8.8923,8.9154,8.7000,8.7077,8639100
20130422,8.8154,8.8846,8.7000,8.7769,8913500
20130423,8.4538,8.8692,8.4154,8.8692,9688200
20130424,8.6615,8.7000,8.3692,8.4923,7800800
20130425,8.4769,8.7308,8.4615,8.6846,7443400
20130426,8.4846,8.7077,8.4231,8.5385,7096900
20130429,8.4846,8.4846,8.4846,8.4846,0
20130430,8.4846,8.4846,8.4846,8.4846,0
20130501,8.4846,8.4846,8.4846,8.4846,0
20130502,8.3769,8.4231,8.2154,8.3846,8489100
20130503,8.8615,8.9615,8.4231,8.4538,17051200
20130506,9.0385,9.1154,8.9615,9.0769,20409500
20130507,9.1538,9.4000,8.9692,9.0231,17598900
20130508,9.2385,9.3615,9.1231,9.1846,11624000
20130509,9.6385,9.7692,9.1923,9.2385,31289600
20130510,10.2462,10.5923,9.8692,9.9615,59882500
20130513,10.1000,10.4077,10.0000,10.1692,30285900
20130514,9.9231,10.3308,9.8923,10.0539,22786000
20130515,9.9154,10.0308,9.7846,9.9231,17327300
20130516,9.9385,10.2538,9.7923,9.9231,24675900
20130517,10.6154,10.8154,10.2385,10.3462,49331900
20130520,10.9077,10.9769,10.5615,10.6538,40069500
20130521,10.7615,10.9923,10.6385,10.9923,29360100
20130522,10.7769,11.1385,10.6154,10.7692,41396800
20130523,11.0077,11.1077,10.6385,10.7769,35299700
20130524,11.1385,11.3154,10.9615,11.0000,29421800
20130527,11.2000,11.4538,11.1154,11.2385,29458200
20130528,11.3846,11.5154,11.1692,11.3308,32069600
20130529,11.1615,11.4615,11.0231,11.4308,32165500
20130530,11.2000,11.3308,11.0000,11.1769,30099000
20130531,11.2000,11.3692,11.1538,11.2615,24940100
20130603,10.6385,11.1769,10.6154,11.1769,34112300
20130604,10.6923,10.9692,10.5846,10.6615,24444100
20130605,10.7308,10.8231,10.3539,10.7308,18982200
20130606,10.4923,10.8385,10.4615,10.6692,15623400
20130607,10.7846,10.8846,10.4077,10.5692,23818100
20130610,10.7846,10.7846,10.7846,10.7846,0
20130611,10.7846,10.7846,10.7846,10.7846,0
20130612,10.7846,10.7846,10.7846,10.7846,0
20130613,10.3462,10.6077,10.0615,10.6077,16191900
20130614,10.8846,10.9077,10.3539,10.4154,19546100
20130617,11.2769,11.4154,10.8846,10.9154,33069300
20130618,11.0231,11.2462,10.8846,11.2462,21063100
20130619,10.9231,11.0000,10.5692,10.9231,18831200
20130620,10.2385,10.9385,10.2385,10.8462,18757000
20130621,9.9200,10.0800,9.6700,9.8200,14252100
20130624,9.1000,10.0500,9.0000,10.0000,19806300
20130625,9.2400,9.3100,8.3000,9.0500,25726100
20130626,9.3000,9.3800,9.0200,9.2400,19037200
20130627,9.0300,9.5600,9.0200,9.3600,19714100
20130628,9.2300,9.3500,8.8000,8.9000,15716100
20130701,9.4100,9.4300,9.1100,9.2200,12910600
20130702,9.5600,9.7200,9.3700,9.4200,17707200
20130703,9.5900,9.6400,9.2600,9.5100,17491600
20130704,9.7700,9.9500,9.4100,9.5100,21181800
20130705,9.6500,10.1500,9.6200,9.9100,20675200
20130708,9.2200,9.6000,9.1200,9.4100,14804800
20130709,9.1800,9.2900,9.0500,9.1600,10246600
20130710,9.6100,9.6200,9.1800,9.2000,15012400
20130711,9.9100,10.0600,9.6500,9.6900,26960400
20130712,9.9300,10.3500,9.8600,9.9900,29965900
20130715,10.4000,10.4000,10.0300,10.0900,29039800
20130716,10.3200,10.3500,10.1400,10.3500,21160100
20130717,10.0300,10.5200,9.9300,10.3400,22448600
20130718,9.9700,10.1800,9.8500,9.9100,16849800
20130719,9.9000,10.3500,9.8200,10.0400,22851200
20130722,10.8900,10.8900,9.6800,9.7700,50599400
20130723,11.5000,11.7700,11.2300,11.4000,90753696
20130724,12.0200,12.1800,11.3600,11.3900,81513000
20130725,11.3700,11.9400,11.3100,11.8700,47265700
20130726,11.5300,11.8000,11.1400,11.3500,40905800
20130729,11.1500,11.6500,11.1500,11.3300,26399200
20130730,11.5700,11.7600,10.9400,11.2000,41565600
20130731,11.3800,11.8700,11.3200,11.5700,36459300
20130801,12.3800,12.5200,11.4100,11.4500,74358400
20130802,12.1600,12.5200,12.1000,12.2000,42228500
20130805,12.3300,12.6700,12.0900,12.1000,34994200
20130806,12.3500,12.4500,12.1400,12.3300,28552000
20130807,12.1200,12.4500,11.8700,12.3700,33380900
20130808,11.9500,12.2200,11.7700,12.0200,23631800
20130809,12.0300,12.3200,11.8400,11.9900,26243900
20130812,12.2100,12.4700,11.9600,12.3800,34799300
20130813,12.0500,12.2700,11.9600,12.2200,18940100
20130814,11.9500,12.2000,11.8800,12.0700,18133400
20130815,11.8200,12.0900,11.7500,11.8800,17334200
20130816,11.2000,12.0500,11.1100,11.6900,27896900
20130819,11.3700,11.4300,11.1700,11.2000,17137200
20130820,11.1000,11.3700,10.9800,11.3700,24458200
20130821,11.2800,11.3800,11.0500,11.1500,16896800
20130822,11.0800,11.3000,11.0500,11.1900,17401600
20130823,11.5900,11.7800,10.9200,11.1800,30653400
20130826,12.0400,12.0700,11.5200,11.5800,35440000
20130827,11.9500,12.0900,11.8700,12.0700,20019900
20130828,11.7000,11.9900,11.6800,11.8600,19462600
20130829,11.6600,12.0500,11.6500,11.7500,20099300
20130830,11.2500,11.7500,11.1200,11.7000,24145700
20130902,11.3900,11.4900,11.0300,11.2200,13049400
20130903,11.7800,11.8000,11.2800,11.4200,20173800
20130904,11.5300,11.8800,11.4700,11.7000,18456400
20130905,11.8900,12.1000,11.4700,11.5600,35407900
20130906,11.8100,12.0000,11.6600,11.9100,18459000
20130909,11.9500,12.0500,11.6500,11.8800,25965300
20130910,11.8800,12.0200,11.7000,12.0000,23503900
20130911,11.4200,11.8300,11.3000,11.8000,25793600
20130912,11.2300,11.5000,11.2000,11.3900,18434400
20130913,11.3500,11.4500,11.2500,11.3600,10325200
20130916,11.2800,11.4300,11.1700,11.3900,12576500
20130917,11.2600,11.4300,11.2000,11.3000,11827400
20130918,11.3800,11.3900,11.2100,11.2200,9279600
20130920,11.3800,11.3800,11.3800,11.3800,0
20130923,11.6500,11.7400,11.3600,11.4100,18401400
20130924,11.6900,11.9100,11.6200,11.6200,20581900
20130925,11.4800,11.8500,11.3800,11.7400,15053100
20130926,11.1900,11.4200,11.1500,11.4000,13397000
20130927,11.3900,11.4300,11.1200,11.3000,12322300
20130930,11.1900,11.5600,11.1200,11.3600,15823400
20131001,11.1900,11.1900,11.1900,11.1900,0
20131002,11.1900,11.1900,11.1900,11.1900,0
20131003,11.1900,11.1900,11.1900,11.1900,0
20131004,11.1900,11.1900,11.1900,11.1900,0
20131007,11.1900,11.1900,11.1900,11.1900,0
20131008,11.2200,11.4700,11.0200,11.1000,16965700
20131009,11.3000,11.3600,11.1500,11.1900,15843500
20131010,11.1200,11.3800,11.0900,11.3000,13046200
20131011,11.1400,11.2900,11.1100,11.1700,15069600
20131014,11.5300,11.5400,10.9000,11.1400,29093200
20131015,11.4300,11.6400,11.3600,11.5000,24246600
20131016,11.7200,11.9900,11.3000,11.4300,44823500
20131017,11.9400,12.2200,11.5800,11.6800,46349700
20131018,11.9400,11.9400,11.9400,11.9400,0
20131021,11.9400,11.9400,11.9400,11.9400,0
20131022,11.9400,11.9400,11.9400,11.9400,0
20131023,11.9400,11.9400,11.9400,11.9400,0
20131024,11.9400,11.9400,11.9400,11.9400,0
20131025,11.6000,12.6500,11.5000,12.2000,54801100
20131028,10.6400,11.6000,10.5400,11.5900,33131500
20131029,10.3400,10.8400,10.1200,10.6300,22232400
20131030,10.4400,10.5300,10.3100,10.3500,10338700
20131031,10.1600,10.4400,10.1500,10.4400,11635200
20131101,10.1900,10.3300,10.0800,10.1600,8378500
20131104,10.3400,10.4800,10.2100,10.2400,10778900
20131105,10.4100,10.4600,10.1500,10.3400,9789200
20131106,10.2500,10.5800,10.2500,10.4000,11575600
20131107,10.3500,10.4600,10.2000,10.2500,7544000
20131108,9.8000,10.3800,9.7500,10.3800,22230500
20131111,9.7900,9.9400,9.7200,9.8300,7732300
20131112,9.9100,9.9700,9.8100,9.9000,9438100
20131113,9.5000,9.9500,9.4800,9.9500,11611200
20131114,9.6300,9.6300,9.3400,9.5100,8497700
20131115,9.9200,10.0700,9.6400,9.6400,15978600
20131118,10.1300,10.1400,9.9100,9.9500,13108500
20131119,10.1000,10.1900,10.0200,10.1800,9997800
20131120,10.2500,10.2800,10.1200,10.1500,10937100
20131121,10.1300,10.2100,10.0500,10.1800,10255200
20131122,10.1400,10.3400,10.1100,10.1700,10060200
20131125,10.0500,10.3000,9.9800,10.1500,9648000
20131126,9.8300,10.1100,9.7800,10.0600,12661900
20131127,10.0700,10.1300,9.7600,9.7800,11612200
20131128,10.2100,10.3100,10.0400,10.1000,13818000
20131129,10.1400,10.2600,10.1000,10.2500,11437500
20131202,9.5200,10.0400,9.4400,9.8000,17515700
20131203,9.9700,10.0200,9.4000,9.5000,10575000
20131204,9.9900,10.1300,9.9000,9.9700,12796500
20131205,10.1100,10.2500,9.9800,10.0100,11422500
20131206,10.3600,10.5500,10.1100,10.1200,22449300
20131209,10.4100,10.4900,10.2800,10.4300,13428900
20131210,10.4000,10.5500,10.3000,10.4000,10549600
20131211,10.2300,10.4000,10.1000,10.4000,10349100
20131212,10.1900,10.3500,10.1700,10.2000,8093700
20131213,10.4200,10.4800,10.1100,10.1500,11892100
20131216,10.1900,10.4900,10.1800,10.4500,10520600
20131217,10.0200,10.2400,9.9700,10.1700,9401200
20131218,10.1800,10.2500,9.9900,10.0400,6281600
20131219,10.0600,10.3200,10.0500,10.1800,6634900
20131220,9.8300,10.1100,9.7800,10.0500,8731500
20131223,9.8100,9.9500,9.6300,9.8000,6550800
20131224,9.8500,10.0200,9.7300,9.8100,5530300
20131225,10.2200,10.2300,9.8300,9.9000,10531600
20131226,9.9700,10.2500,9.9700,10.1800,8770400
20131227,10.2300,10.3200,10.0800,10.0800,11441100
20131230,10.1700,10.3600,10.1600,10.3600,7051600
20131231,10.2500,10.2600,10.0100,10.1600,6296900
20140101,10.2500,10.2500,10.2500,10.2500,0
20140102,10.2500,10.3200,10.1300,10.2300,7340400
20140103,10.2900,10.3700,10.2100,10.2500,9435100
20140106,9.9700,10.2600,9.9500,10.2600,8193000
20140107,10.0300,10.1300,9.9100,9.9100,5555300
20140108,9.9100,10.1500,9.8500,10.0900,9566800
20140109,9.7000,10.0800,9.6800,10.0000,10773900
20140110,9.4500,9.8200,9.4500,9.6000,7881800
20140113,9.5000,9.6800,9.4100,9.5800,8089300
20140114,9.7200,9.7300,9.4700,9.5300,6957000
20140115,9.8000,9.8800,9.6500,9.7400,8223000
20140116,9.8800,9.9900,9.7500,9.8000,6481000
20140117,9.9000,9.9400,9.7500,9.8200,5368600
20140120,9.6100,9.9500,9.5900,9.9100,5153800
20140121,9.6800,9.7700,9.6000,9.6600,4961400
20140122,9.9100,9.9600,9.7000,9.7000,8605500
20140123,9.9900,10.1200,9.9100,9.9300,8440200
20140124,10.1700,10.3000,9.9400,9.9600,13613800
20140127,10.2100,10.3300,10.0700,10.1200,9925200
20140128,10.2000,10.3100,10.1000,10.3000,7461400
20140129,10.3000,10.4200,10.1800,10.2000,9205600
20140130,10.0500,10.3000,9.9900,10.2800,10589100
20140131,10.0500,10.0500,10.0500,10.0500,0
20140203,10.0500,10.0500,10.0500,10.0500,0
20140205,10.0500,10.0500,10.0500,10.0500,0
20140206,10.0500,10.0500,10.0500,10.0500,0
20140207,10.4300,10.4400,10.0000,10.0400,11682900
20140210,10.8200,10.9400,10.4200,10.4600,24400800
20140211,10.9600,11.2700,10.7600,10.8200,27024800
20140212,11.1300,11.2600,10.9200,11.0600,21489800
20140213,11.0400,11.4800,10.8800,11.1300,28902300
20140214,11.1000,11.1300,10.9000,11.0500,16205200
20140217,11.5800,11.6500,11.0800,11.2100,25806600
20140218,11.9100,12.1300,11.5900,11.7000,38679800
20140219,11.7500,12.0300,11.6200,11.8800,22027600
20140220,11.2700,11.8800,11.2400,11.7800,22557700
20140221,11.3700,11.5500,11.1600,11.3200,14369500
20140224,11.5400,11.5600,11.1000,11.3400,15519600
20140225,10.9500,11.7400,10.7800,11.4700,22128000
