20130226,10.6100,11.0000,10.5100,10.5500,882900
20130227,10.5600,10.8300,10.5000,10.6100,774000
20130228,10.7100,10.8500,10.3500,10.6200,807300
20130301,10.8100,10.9000,10.6300,10.6300,1094700
20130304,10.9600,11.5000,10.6600,10.7500,2499400
20130305,11.1600,11.1700,10.7800,10.8900,1235300
20130306,11.1100,11.4000,11.0200,11.4000,1165500
20130307,10.9200,11.1400,10.8500,11.0400,792700
20130308,10.8800,11.0600,10.8700,10.9500,380800
20130311,10.9200,11.0200,10.8500,10.8500,334600
20130312,10.4900,10.9000,10.3000,10.9000,903700
20130313,10.3000,10.5100,10.1400,10.3500,380400
20130314,10.2000,10.3300,10.1500,10.2000,282500
20130315,10.2500,10.3700,10.1500,10.2000,255500
20130318,10.1500,10.3400,10.1500,10.2500,229800
20130319,10.0200,10.1600,9.9400,10.1600,329100
20130320,10.2900,10.3200,10.0400,10.0400,245700
20130321,10.3900,10.4400,10.2500,10.3300,275200
20130322,10.4400,10.5000,10.2500,10.3800,465500
20130325,10.4400,10.5300,10.3600,10.4200,298400
20130326,10.2100,10.4300,10.0700,10.4300,353500
20130327,10.2300,10.3300,10.1200,10.1500,179800
20130328,10.0900,10.2300,10.0200,10.1500,277000
20130329,10.0800,10.2200,10.0300,10.1000,164800
20130401,10.1200,10.2100,10.0700,10.2000,199700
20130402,10.0200,10.2100,10.0100,10.1200,178300
20130403,9.8900,10.0400,9.8500,10.0400,214300
20130404,9.8900,9.8900,9.8900,9.8900,0
20130405,9.8900,9.8900,9.8900,9.8900,0
20130408,9.6900,9.8900,9.0000,9.8500,268100
20130409,9.8000,9.8100,9.6500,9.6500,388600
20130410,9.7300,9.7900,9.6600,9.7900,173100
20130411,9.6800,9.8400,9.6800,9.7300,128300
20130412,9.6300,9.7800,9.5800,9.6800,158700
20130415,9.3000,9.6400,9.2800,9.6400,277000
20130416,9.4400,9.4400,9.1800,9.1800,158600
20130417,9.5700,9.5800,9.3200,9.3500,173300
20130418,9.8100,10.3800,9.1500,9.2600,634900
20130419,9.8200,9.8300,9.5500,9.7200,499200
20130422,9.7500,9.8300,9.5800,9.7000,290900
20130423,9.5000,9.8100,9.4100,9.8100,261000
20130424,9.5700,9.5900,9.3700,9.4500,300100
20130425,9.3000,9.5100,9.3000,9.4700,258800
20130426,9.2300,9.4100,9.2000,9.3000,225000
20130429,9.2300,9.2300,9.2300,9.2300,0
20130430,9.2300,9.2300,9.2300,9.2300,0
20130501,9.2300,9.2300,9.2300,9.2300,0
20130502,9.2200,9.3100,9.1000,9.2000,126800
20130503,9.3500,9.3700,9.2200,9.3000,229600
20130506,9.5300,9.5400,9.3000,9.3000,380300
20130507,10.2900,10.3500,9.4800,9.5300,1627200
20130508,10.6800,10.8800,10.0000,10.1300,4510800
20130509,10.2500,10.6800,10.1000,10.6800,2067900
20130510,10.1000,10.2100,9.9700,10.2000,1013500
20130513,10.3500,10.4300,10.0600,10.1500,1069300
20130514,10.2700,10.3000,10.0500,10.3000,520800
20130515,10.2600,10.3600,10.2000,10.2000,605200
20130516,10.3300,10.3600,10.2000,10.2100,489900
20130517,10.4400,10.5800,10.2500,10.2500,683600
20130520,10.7000,10.8000,10.2700,10.4400,1126000
20130521,11.1700,11.1700,10.7100,10.7800,1891000
20130522,10.9300,11.3900,10.9200,11.1900,3344200
20130523,11.3400,11.3700,10.6000,10.7600,3502500
20130524,11.0900,11.3300,11.0300,11.0800,1418700
20130527,10.9700,11.1900,10.8100,11.1000,1042500
20130528,10.8900,11.1000,10.8200,10.9400,813200
20130529,10.9600,11.0600,10.8700,10.9500,656400
20130530,10.8600,11.0500,10.8500,10.8800,629300
20130531,10.8700,11.0200,10.8400,10.9200,587800
20130603,10.6700,10.8700,10.6400,10.8500,710300
20130604,10.4000,10.7000,10.4000,10.5900,389600
20130605,10.5800,10.5900,10.3500,10.3500,361500
20130606,10.3900,10.5800,10.3800,10.5800,312200
20130607,10.2200,10.4500,10.1900,10.3800,573500
20130610,10.2200,10.2200,10.2200,10.2200,0
20130611,10.2200,10.2200,10.2200,10.2200,0
20130612,10.2200,10.2200,10.2200,10.2200,0
20130613,9.9000,10.2200,9.8500,10.2200,361700
20130614,10.0000,10.0500,9.9100,10.0400,365900
20130617,10.2000,10.2200,9.9600,10.0000,329300
20130618,10.9900,11.1000,10.2600,10.2600,1323900
20130619,10.8000,10.9500,10.5100,10.9500,768400
20130620,10.4300,10.7500,10.4100,10.7500,538800
20130621,10.7000,10.7200,10.0100,10.3000,538400
20130624,10.4300,10.9000,10.4300,10.6700,912100
20130625,10.0600,10.1500,9.3900,10.0600,833500
20130626,10.0400,10.1000,9.6000,9.9800,458100
20130627,9.8700,10.2600,9.7200,10.0200,292000
20130628,9.9800,10.1900,9.7300,9.7300,243100
20130701,10.1700,10.1800,9.7200,10.1200,169800
20130702,10.2500,10.3000,10.0300,10.2000,234400
20130703,10.2000,10.2300,9.9900,10.1000,275600
20130704,10.4400,10.5400,10.0500,10.1100,493400
20130705,10.4500,10.5200,10.3100,10.4400,304900
20130708,10.0200,10.4500,10.0000,10.4500,336200
20130709,10.1100,10.2000,9.8700,9.8800,153100
20130710,10.4200,10.4300,10.1300,10.2200,362000
20130711,10.4800,10.7000,10.2900,10.3800,466300
20130712,10.7200,10.7200,10.3600,10.4800,724600
20130715,10.7900,10.9900,10.7000,10.7000,782600
20130716,10.8100,10.8800,10.6300,10.7900,403100
20130717,10.6300,10.8200,10.6000,10.8200,380900
20130718,11.2000,11.3900,10.5600,10.6200,1932400
20130719,10.9800,11.3900,10.9800,11.1900,987500
20130722,11.3800,11.3800,10.9000,11.0500,1149600
20130723,11.6600,11.6900,11.3700,11.4800,1403000
20130724,11.4900,11.7800,11.3500,11.7800,1079600
20130725,11.1300,11.6000,11.1200,11.4900,738900
20130726,11.1900,11.3100,11.0500,11.2000,436800
20130729,11.2700,11.5400,11.0500,11.1500,562300
20130730,11.1200,11.4900,11.0700,11.2500,457500
20130731,11.1300,11.2100,11.0200,11.0200,321600
20130801,11.3300,11.3900,11.0900,11.3900,503800
20130802,11.2500,11.4400,11.1700,11.3700,420600
20130805,11.6500,11.6800,11.1000,11.1500,824300
20130806,11.5700,11.6500,11.4800,11.6500,572400
20130807,11.4200,11.6400,11.4000,11.5600,445300
20130808,11.5400,11.6400,11.3500,11.4700,536300
20130809,11.8100,11.8700,11.4700,11.5500,1055300
20130812,12.9900,12.9900,11.8100,11.8100,1499200
20130813,12.8800,14.1800,12.8500,14.1800,4046900
20130814,13.5000,14.1700,12.5900,12.6000,4475200
20130815,13.0300,13.4500,12.8800,13.0500,2365400
20130816,13.0100,13.3700,12.8100,12.8800,1911100
20130819,13.4000,13.4000,12.6200,12.8300,1297200
20130820,13.3500,13.5500,13.2600,13.5000,1370400
20130821,13.3600,13.5000,13.1400,13.3800,922100
20130822,13.6700,13.8400,13.1500,13.1500,1659300
20130823,13.4800,13.7800,13.2700,13.6600,1047500
20130826,13.4000,13.5000,13.2000,13.4800,917700
20130827,13.1200,13.4300,13.0000,13.3200,1001000
20130828,13.5900,13.6000,13.0100,13.0100,1630700
20130829,13.3100,14.1900,13.2500,13.7000,1704500
20130830,13.1200,13.3800,12.8900,13.3200,872200
20130902,13.4300,13.4900,12.9100,13.1200,711100
20130903,13.7500,13.9500,13.4500,13.4500,1019600
20130904,13.7500,13.9000,13.6100,13.9000,708900
20130905,14.0600,14.1000,13.7000,13.7500,1470100
20130906,15.1800,15.3800,14.0500,14.0600,2989700
20130909,14.7200,15.1400,14.6100,15.0200,1327900
20130910,14.9000,15.1400,14.4300,14.7100,1034200
20130911,14.9300,15.0600,14.7500,15.0300,528700
20130912,14.9900,15.0000,14.5400,15.0000,299400
20130913,14.8800,15.0300,14.7500,15.0300,463700
20130916,15.0400,15.0700,14.7100,14.8800,393500
20130917,14.8100,15.2900,14.7000,15.2000,392700
20130918,14.5500,14.7500,14.1500,14.7100,588300
20130920,14.5500,14.5500,14.5500,14.5500,0
20130923,15.2800,15.6300,14.3000,14.5200,935700
20130924,15.5100,15.6700,15.0600,15.3000,704600
20130925,15.5500,15.8000,15.3000,15.5100,402200
20130926,14.9100,15.5400,14.8600,15.5000,440600
20130927,15.0000,15.3700,14.7100,14.9000,231500
20130930,15.1400,15.3700,15.0000,15.0200,328400
20131001,15.1400,15.1400,15.1400,15.1400,0
20131002,15.1400,15.1400,15.1400,15.1400,0
20131003,15.1400,15.1400,15.1400,15.1400,0
20131004,15.1400,15.1400,15.1400,15.1400,0
20131007,15.1400,15.1400,15.1400,15.1400,0
20131008,15.2600,15.3700,14.7500,14.7500,444800
20131009,15.7000,15.7500,15.1500,15.1500,540500
20131010,15.6600,15.8100,15.3500,15.7200,377200
20131011,15.7700,15.8900,15.6300,15.7800,638000
20131014,15.7700,15.7700,15.7700,15.7700,0
20131015,15.7700,15.7700,15.7700,15.7700,0
20131016,15.7700,15.7700,15.7700,15.7700,0
20131017,15.7700,15.7700,15.7700,15.7700,0
20131018,15.7700,15.7700,15.7700,15.7700,0
20131021,15.7700,15.7700,15.7700,15.7700,0
20131022,15.7700,15.7700,15.7700,15.7700,0
20131023,15.7700,15.7700,15.7700,15.7700,0
20131024,15.7700,15.7700,15.7700,15.7700,0
20131025,15.7700,15.7700,15.7700,15.7700,0
20131028,15.7700,15.7700,15.7700,15.7700,0
20131029,15.7700,15.7700,15.7700,15.7700,0
20131030,15.7700,15.7700,15.7700,15.7700,0
20131031,15.7700,15.7700,15.7700,15.7700,0
20131101,15.7700,15.7700,15.7700,15.7700,0
20131104,15.7700,15.7700,15.7700,15.7700,0
20131105,15.7700,15.7700,15.7700,15.7700,0
20131106,15.7700,15.7700,15.7700,15.7700,0
20131107,15.7700,15.7700,15.7700,15.7700,0
20131108,15.7700,15.7700,15.7700,15.7700,0
20131111,15.7700,15.7700,15.7700,15.7700,0
20131112,15.7700,15.7700,15.7700,15.7700,0
20131113,15.7700,15.7700,15.7700,15.7700,0
20131114,15.7700,15.7700,15.7700,15.7700,0
20131115,15.7700,15.7700,15.7700,15.7700,0
20131118,15.7700,15.7700,15.7700,15.7700,0
20131119,15.7700,15.7700,15.7700,15.7700,0
20131120,15.7700,15.7700,15.7700,15.7700,0
20131121,15.7700,15.7700,15.7700,15.7700,0
20131122,15.7700,15.7700,15.7700,15.7700,0
20131125,15.7700,15.7700,15.7700,15.7700,0
20131126,15.7700,15.7700,15.7700,15.7700,0
20131127,15.7700,15.7700,15.7700,15.7700,0
20131128,15.7700,15.7700,15.7700,15.7700,0
20131129,15.7700,15.7700,15.7700,15.7700,0
20131202,15.7700,15.7700,15.7700,15.7700,0
20131203,15.7700,15.7700,15.7700,15.7700,0
20131204,15.7700,15.7700,15.7700,15.7700,0
20131205,15.7700,15.7700,15.7700,15.7700,0
20131206,15.7700,15.7700,15.7700,15.7700,0
20131209,15.7700,15.7700,15.7700,15.7700,0
20131210,15.7700,15.7700,15.7700,15.7700,0
20131211,15.7700,15.7700,15.7700,15.7700,0
20131212,15.7700,15.7700,15.7700,15.7700,0
20131213,15.7700,15.7700,15.7700,15.7700,0
20131216,15.7700,15.7700,15.7700,15.7700,0
20131217,15.7700,15.7700,15.7700,15.7700,0
20131218,15.7700,15.7700,15.7700,15.7700,0
20131219,15.7700,15.7700,15.7700,15.7700,0
20131220,15.7700,15.7700,15.7700,15.7700,0
20131223,15.7700,15.7700,15.7700,15.7700,0
20131224,15.7700,15.7700,15.7700,15.7700,0
20131225,15.7700,15.7700,15.7700,15.7700,0
20131226,15.7700,15.7700,15.7700,15.7700,0
20131227,15.7700,15.7700,15.7700,15.7700,0
20131230,15.7700,15.7700,15.7700,15.7700,0
20131231,15.7700,15.7700,15.7700,15.7700,0
20140101,15.7700,15.7700,15.7700,15.7700,0
20140102,15.7700,15.7700,15.7700,15.7700,0
20140103,15.7700,15.7700,15.7700,15.7700,0
20140106,15.7700,15.7700,15.7700,15.7700,0
20140107,15.7700,15.7700,15.7700,15.7700,0
20140108,15.7700,15.7700,15.7700,15.7700,0
20140109,15.7700,15.7700,15.7700,15.7700,0
20140110,15.7700,15.7700,15.7700,15.7700,0
20140113,15.7700,15.7700,15.7700,15.7700,0
20140114,17.3500,17.3500,17.3500,17.3500,72200
20140115,19.0900,19.0900,19.0900,19.0900,58900
20140116,21.0000,21.0000,21.0000,21.0000,82300
20140117,23.1000,23.1000,23.1000,23.1000,177900
20140120,25.4100,25.4100,25.4100,25.4100,332500
20140121,27.9500,27.9500,27.9500,27.9500,155000
20140122,30.7500,30.7500,30.7500,30.7500,442100
20140123,33.8300,33.8300,33.8300,33.8300,388800
20140124,33.8300,33.8300,33.8300,33.8300,0
20140127,33.8300,33.8300,33.8300,33.8300,0
20140128,33.8300,33.8300,33.8300,33.8300,0
20140129,37.2100,37.2100,37.2100,37.2100,1293700
20140130,40.9300,40.9300,40.9300,40.9300,938100
20140131,40.9300,40.9300,40.9300,40.9300,0
20140203,40.9300,40.9300,40.9300,40.9300,0
20140205,40.9300,40.9300,40.9300,40.9300,0
20140206,40.9300,40.9300,40.9300,40.9300,0
20140207,45.0200,45.0200,45.0200,45.0200,3179300
20140210,49.5200,49.5200,48.2500,48.8800,11367300
20140211,54.4700,54.4700,52.0000,52.8800,12363600
20140212,54.6500,55.2300,52.2900,54.3900,7091600
20140213,49.9500,54.5000,49.1900,54.0000,9381400
20140214,50.0000,51.2000,48.8100,50.0000,6274900
20140217,52.6500,53.0000,49.5000,49.6900,6690700
20140218,50.0000,52.7500,50.0000,51.9200,5991800
20140219,51.2000,52.0700,48.8100,49.0500,4754000
20140220,49.9000,51.2500,48.8600,51.0200,4545500
20140221,51.5000,54.5000,49.6100,49.6100,6099900
20140224,54.5900,56.3700,51.1000,51.1300,7635500
20140225,50.7300,55.7800,50.0800,54.1000,8202700
