20130226,9.3500,9.6000,9.3000,9.3200,2215400
20130227,9.1800,9.4000,9.0500,9.2900,1840100
20130228,9.4300,9.4300,9.1500,9.1800,1602300
20130301,9.9300,10.2000,9.5000,9.5800,7217800
20130304,10.1400,10.4900,9.4000,9.7100,9049700
20130305,10.2200,10.4400,9.8200,9.9900,6363400
20130306,10.4800,10.6700,10.1100,10.2200,5942700
20130307,10.3600,10.5800,9.8600,10.4700,4319500
20130308,10.1400,10.4000,10.1400,10.3000,2286000
20130311,10.3400,10.4000,10.0800,10.1400,1806500
20130312,9.7500,10.3500,9.6200,10.1700,2366300
20130313,9.9200,9.9400,9.5500,9.7100,1867600
20130314,9.8500,9.9900,9.8000,9.9200,860100
20130315,10.0500,10.2900,9.9100,9.9700,2304400
20130318,9.8600,10.0900,9.8400,9.9400,1178300
20130319,9.7300,9.9700,9.5800,9.8600,874000
20130320,9.8800,9.9800,9.7300,9.7300,1656700
20130321,10.3000,10.3500,9.8200,9.8700,2940000
20130322,10.2200,10.3000,10.1600,10.2600,1454200
20130325,10.2700,10.4000,10.1600,10.2500,1470900
20130326,10.1600,10.3600,9.9400,10.2700,1178700
20130327,10.2900,10.3100,10.0800,10.1300,1335200
20130328,9.8500,10.2700,9.8100,10.2700,1489900
20130329,9.4200,9.9700,9.4000,9.8400,1553800
20130401,9.5000,9.7900,9.3500,9.4200,1007000
20130402,9.5400,9.7400,9.5000,9.5200,459700
20130403,9.5700,9.6600,9.5100,9.5500,595000
20130404,9.5700,9.5700,9.5700,9.5700,0
20130405,9.5700,9.5700,9.5700,9.5700,0
20130408,9.7600,9.7900,9.0500,9.4700,738700
20130409,10.2200,10.7000,9.6100,9.7300,2092600
20130410,10.2000,10.5000,10.1200,10.2000,1572800
20130411,10.1800,10.3400,10.1100,10.2200,700100
20130412,10.3800,10.5300,10.1000,10.1000,1946000
20130415,10.2200,10.5400,10.0000,10.3600,1261500
20130416,9.9500,10.1800,9.7500,10.1100,1136800
20130417,10.5200,10.5700,9.9800,10.0700,2472300
20130418,10.4300,10.6700,10.3700,10.3700,2056200
20130419,10.7700,10.8800,10.3100,10.3900,3566600
20130422,10.8200,10.8900,10.5500,10.6800,2519200
20130423,10.2900,10.8400,10.2300,10.8200,2833900
20130424,10.5600,10.6300,10.1700,10.2700,1239300
20130425,10.7300,10.8500,10.1000,10.4700,2147600
20130426,10.4100,10.8600,10.4100,10.6900,1606900
20130429,10.4100,10.4100,10.4100,10.4100,0
20130430,10.4100,10.4100,10.4100,10.4100,0
20130501,10.4100,10.4100,10.4100,10.4100,0
20130502,10.5400,10.6400,10.2300,10.3900,816800
20130503,10.9500,10.9600,10.5100,10.6300,2266700
20130506,11.3700,11.4800,10.9500,11.0400,4519300
20130507,11.3200,11.4600,11.1100,11.2600,2663100
20130508,11.5000,11.5000,11.2000,11.3600,2321400
20130509,11.7000,11.7500,11.3400,11.4500,2572100
20130510,11.4300,11.7800,11.3400,11.7100,2754600
20130513,11.2400,11.4500,11.1000,11.4500,2957600
20130514,11.3000,11.3900,11.1400,11.2500,1376900
20130515,11.3900,11.4200,11.1600,11.2900,1366300
20130516,11.2900,11.7900,11.1000,11.4400,3171900
20130517,11.6300,11.7000,11.1500,11.3200,2690100
20130520,12.1500,12.3000,11.4200,11.7000,3976900
20130521,12.2000,12.4000,11.9200,12.0000,3186900
20130522,12.2400,12.7500,12.0000,12.1500,3818300
20130523,12.3300,12.5300,12.1200,12.2400,2641000
20130524,12.7900,12.8400,12.0300,12.3000,3059400
20130527,12.8700,13.0300,12.6000,12.7900,2542000
20130528,12.5200,12.8700,12.2700,12.8700,2370900
20130529,12.5200,12.6400,12.3500,12.5000,1735500
20130530,12.8100,12.8900,12.4000,12.5200,2057900
20130531,12.9800,13.1500,12.6500,12.8100,2622900
20130603,13.0100,13.8500,12.9800,13.1800,3894000
20130604,12.6000,13.0200,12.3400,12.7100,3304600
20130605,13.2300,13.3000,12.6200,12.6900,2619100
20130606,13.6900,13.8900,13.0600,13.2300,5703200
20130607,13.4200,13.9500,13.2800,13.6700,3644900
20130610,13.4200,13.4200,13.4200,13.4200,0
20130611,13.4200,13.4200,13.4200,13.4200,0
20130612,13.4200,13.4200,13.4200,13.4200,0
20130613,13.3900,13.8200,12.5300,12.8000,3498500
20130614,14.4000,14.5000,13.1000,13.3000,7484500
20130617,14.5900,14.9200,14.2100,14.4700,6226400
20130618,14.4700,14.7600,14.3500,14.4800,3515100
20130619,14.7000,14.8200,13.7900,14.3000,5920000
20130620,13.6900,14.6900,13.5500,14.6800,4493000
20130621,14.1500,14.5000,12.7000,13.2500,3554300
20130624,12.9500,14.3000,12.8000,14.0000,3552200
20130625,12.8100,13.0700,11.6600,12.5000,4936200
20130626,13.1400,13.2000,12.4200,12.7800,3386800
20130627,12.5500,13.2500,11.8700,13.1000,4506100
20130628,12.2400,12.5300,11.9500,12.2000,2360800
20130701,12.6000,12.6800,12.0000,12.2100,1855300
20130702,12.9100,12.9500,12.6600,12.6800,2109900
20130703,12.7900,12.9800,12.5900,12.7900,1624000
20130704,13.4500,13.6600,12.6300,12.7200,4174100
20130705,13.1300,13.5900,13.0800,13.4500,2634000
20130708,12.4000,13.1800,12.1500,12.7800,1856400
20130709,12.6700,12.8200,12.2000,12.2600,1446900
20130710,12.9200,12.9700,12.6000,12.6700,1571400
20130711,12.9600,13.1900,12.7200,13.0800,2628700
20130712,13.1500,13.5000,12.8600,12.8800,3408100
20130715,13.6900,13.7900,13.1400,13.1500,2706000
20130716,13.8400,13.8900,13.4700,13.7000,2407600
20130717,13.1800,13.8900,13.1400,13.7800,4033100
20130718,13.1600,13.3800,12.9800,13.0700,1286100
20130719,12.9400,13.3500,12.9000,13.3000,1420200
20130722,13.1500,13.1600,12.6400,12.8900,1443000
20130723,13.5800,13.6400,13.1600,13.1600,2387100
20130724,13.5200,13.6900,13.3600,13.5800,2342200
20130725,13.8800,14.1900,13.4100,13.4500,5123900
20130726,13.7900,14.0300,13.5500,13.6700,2224800
20130729,13.4100,13.9900,13.4100,13.7500,1851900
20130730,13.4800,13.6000,12.9800,13.4500,1752900
20130731,13.9500,14.0700,13.5000,13.6500,3094700
20130801,14.0000,14.0800,13.7500,14.0800,3093500
20130802,13.9000,14.3600,13.9000,14.0000,3247800
20130805,14.2200,14.2200,13.8300,13.8300,2729800
20130806,14.5500,14.6500,14.0800,14.2200,4586900
20130807,14.2600,14.6700,14.2200,14.5500,2965000
20130808,14.4600,14.6600,14.2500,14.2500,2063300
20130809,14.6900,14.7700,14.3000,14.4500,2781800
20130812,15.5500,15.6000,14.7000,14.7500,4742900
20130813,15.5200,15.7800,15.2300,15.4000,2979500
20130814,15.1700,15.6000,14.9700,15.3900,3032500
20130815,15.1500,15.5800,14.7900,15.2000,2937000
20130816,14.3200,15.2900,14.2700,15.0100,2686700
20130819,14.4400,14.5400,13.8000,14.0000,2997300
20130820,14.6000,15.0000,14.4400,14.4400,1992500
20130821,14.7000,15.0900,14.6400,14.6400,1492100
20130822,14.5000,14.8300,14.3600,14.7000,1907700
20130823,15.0000,15.0000,14.3100,14.5100,2170000
20130826,15.0400,15.2900,14.8100,15.0000,1671500
20130827,15.0000,15.1500,14.9000,15.0700,1254300
20130828,14.8200,15.1400,14.8000,14.9500,1716800
20130829,14.4000,15.0000,14.3300,14.8200,1753500
20130830,13.8500,14.5200,13.8500,14.4000,2832000
20130902,13.9300,14.1200,13.4800,13.9800,2119900
20130903,13.6200,14.1000,13.4000,14.1000,3844300
20130904,14.1400,14.1400,13.4000,13.5700,3022600
20130905,14.3000,14.5700,13.9600,14.1400,2864000
20130906,14.2900,14.4000,14.2300,14.2300,1445100
20130909,13.8200,14.3100,13.8000,14.2900,2348700
20130910,13.6500,13.8700,13.5500,13.8000,1832100
20130911,13.6600,13.9000,13.2900,13.6000,2182700
20130912,13.4500,13.7400,13.3100,13.7400,1468400
20130913,13.5400,13.5700,13.3400,13.4700,1005000
20130916,13.7600,13.9000,13.5500,13.5600,1579700
20130917,13.6600,13.8400,13.5900,13.7600,830900
20130918,13.7000,13.8000,13.4600,13.6500,547700
20130920,13.7000,13.7000,13.7000,13.7000,0
20130923,13.9500,14.0400,13.7000,13.8300,1191900
20130924,13.5600,13.9400,13.5500,13.9400,1237100
20130925,13.4300,13.7800,13.4000,13.6600,1305700
20130926,13.5500,13.5500,13.3900,13.3900,1182400
20130927,13.5400,13.6800,13.4300,13.4300,665400
20130930,14.0400,14.0500,13.5500,13.5500,2432800
20131001,14.0400,14.0400,14.0400,14.0400,0
20131002,14.0400,14.0400,14.0400,14.0400,0
20131003,14.0400,14.0400,14.0400,14.0400,0
20131004,14.0400,14.0400,14.0400,14.0400,0
20131007,14.0400,14.0400,14.0400,14.0400,0
20131008,14.2900,14.3600,13.8800,14.1400,2168000
20131009,14.4600,14.7200,14.3100,14.3100,2017200
20131010,14.4600,14.4900,14.1800,14.4900,1436200
20131011,14.4600,14.6700,14.3000,14.5000,1282300
20131014,14.3600,14.6400,14.3200,14.5400,1436700
20131015,14.2100,14.4700,14.0500,14.3000,1610100
20131016,13.2100,14.1900,12.9900,14.0600,1964600
20131017,12.7500,13.4600,12.5600,13.3600,2267200
20131018,12.9000,13.2000,12.5100,12.8400,1568900
20131021,13.0700,13.1000,12.5500,12.8200,2024600
20131022,12.7700,13.0700,12.6800,13.0500,1336200
20131023,11.6000,12.8600,11.5000,12.8600,4084500
20131024,11.5500,11.7900,11.3800,11.6000,1437400
20131025,11.5300,11.6900,11.1000,11.5500,1810700
20131028,12.3300,12.4300,11.4200,11.5300,2680900
20131029,11.6800,12.6600,11.2100,12.4900,3418600
20131030,11.6800,11.9600,11.2500,11.6800,1300900
20131031,11.6700,11.9000,11.4800,11.6000,832000
20131101,11.5300,11.7000,11.3500,11.7000,1410000
20131104,11.8000,11.8000,11.4000,11.6400,496200
20131105,12.1300,12.3000,11.7000,11.8000,1062700
20131106,12.0200,12.3300,12.0000,12.1300,930800
20131107,12.4700,12.6800,11.9300,11.9300,2460200
20131108,12.3600,12.4400,12.0200,12.3200,1920400
20131111,12.5500,12.6300,12.0400,12.3900,1186800
20131112,12.5400,12.6500,12.4100,12.5900,727200
20131113,12.3000,12.5800,12.2100,12.5000,778400
20131114,12.1900,12.3300,12.0800,12.1800,1090100
20131115,13.0500,13.2600,12.2000,12.3000,2792900
20131118,13.2000,13.2800,12.9600,12.9600,1779500
20131119,13.7000,14.5200,13.3500,14.5200,5449800
20131120,13.2200,13.7500,12.9800,13.6600,3453000
20131121,13.1700,13.1900,13.0000,13.0800,1296000
20131122,12.7400,13.1500,12.6000,13.1500,2417100
20131125,12.7500,12.9500,12.5300,12.7200,815200
20131126,12.9200,12.9900,12.6900,12.7400,887700
20131127,12.9400,13.0500,12.7700,12.9400,1149200
20131128,12.9500,13.0600,12.8200,12.9100,1134800
20131129,12.9500,13.3500,12.8600,13.0500,697000
20131202,11.8900,12.6800,11.6800,12.6800,1911600
20131203,12.1500,12.1800,11.7300,11.7900,573900
20131204,12.1600,12.3900,12.1200,12.1400,858800
20131205,11.9700,12.2800,11.9700,12.2800,610400
20131206,11.8900,12.0200,11.8600,11.9500,485400
20131209,12.0000,12.1500,11.8900,11.8900,512400
20131210,12.0100,12.1500,11.9600,12.0000,605100
20131211,11.8400,12.1000,11.7900,12.1000,465100
20131212,11.8800,12.0000,11.8000,11.8400,527900
20131213,12.0300,12.1500,11.8500,11.8500,557800
20131216,12.2000,12.2800,12.0300,12.0300,980200
20131217,12.0800,12.4300,12.0000,12.2800,541000
20131218,12.6400,12.8100,11.9800,12.1900,1565500
20131219,12.5100,12.9000,12.3200,12.6400,2038200
20131220,12.0900,12.5000,12.0100,12.4000,670300
20131223,11.8500,12.2800,11.8500,12.1500,546100
20131224,11.9800,12.0900,11.8500,11.9000,453000
20131225,12.2900,12.6000,11.9800,12.0400,778000
20131226,12.1900,12.4800,12.1000,12.2500,636400
20131227,12.3000,12.3800,12.1300,12.3300,543900
20131230,12.2000,12.3600,12.1000,12.3000,628900
20131231,12.2600,12.4500,12.1000,12.1000,754600
20140101,12.2600,12.2600,12.2600,12.2600,0
20140102,12.2100,12.3700,11.0500,12.2600,760300
20140103,11.9800,12.2600,11.9200,12.2100,617500
20140106,11.5500,12.1400,11.5000,11.8700,516900
20140107,11.3800,11.5900,11.2900,11.3500,746400
20140108,11.4800,11.4800,11.3500,11.4600,720300
20140109,11.5500,11.8500,11.4000,11.4000,760600
20140110,11.8700,11.8800,11.5300,11.7300,1099400
20140113,11.7900,11.9800,11.7100,11.7200,364500
20140114,11.8900,12.1000,11.6800,11.8200,440400
20140115,11.7700,12.0800,11.6000,12.0000,726100
20140116,11.5400,11.7700,11.4100,11.7700,563400
20140117,11.0800,11.4500,11.0000,11.4500,1283200
20140120,10.4900,11.0600,10.4300,11.0500,1274600
20140121,10.6700,10.8400,10.4900,10.5900,924000
20140122,11.1600,11.1600,10.4300,10.6700,2529800
20140123,11.2800,11.3100,11.0000,11.1500,1319500
20140124,11.5600,11.5600,11.0900,11.2000,1667500
20140127,11.5400,11.6800,11.4500,11.6100,1437300
20140128,11.5000,11.6300,11.4400,11.4700,656600
20140129,11.4100,11.5800,11.4000,11.5800,761400
20140130,11.3000,11.5300,11.2500,11.5200,657400
20140131,11.3000,11.3000,11.3000,11.3000,0
20140203,11.3000,11.3000,11.3000,11.3000,0
20140205,11.3000,11.3000,11.3000,11.3000,0
20140206,11.3000,11.3000,11.3000,11.3000,0
20140207,11.5300,11.6300,11.0100,11.1700,2056800
20140210,11.7900,11.8600,11.5000,11.6800,2651500
20140211,11.9600,12.4000,11.6000,11.8200,5982000
20140212,11.9700,12.0700,11.8000,11.8300,4119700
20140213,11.9400,12.0000,11.6800,11.8600,2934300
20140214,11.9500,12.0300,11.8300,11.8600,5222200
20140217,13.1500,13.1500,12.2000,12.3300,9065300
20140218,14.1300,14.4700,13.3300,13.5000,19995100
20140219,14.4700,15.0800,13.8900,14.1400,12035300
20140220,14.2100,14.7700,13.9100,14.5000,6695800
20140221,14.6000,14.9500,14.0400,14.0400,6800200
20140224,16.0600,16.0600,14.4500,14.5000,10459400
20140225,17.1600,17.6600,16.1100,16.3300,13557000
