20130226,5.0229,5.1024,4.9980,5.0776,2913600
20130227,5.2467,5.3362,5.0179,5.0229,8279500
20130228,5.2964,5.3262,5.1373,5.2367,7040500
20130301,5.4008,5.4356,5.2168,5.2666,6024200
20130304,5.2715,5.4108,5.1770,5.3461,4184500
20130305,5.4307,5.5152,5.2119,5.2119,5050400
20130306,5.5003,5.5600,5.4207,5.4456,4879000
20130307,5.3262,5.5500,5.3014,5.4456,3708300
20130308,5.2815,5.3909,5.2268,5.3262,3178000
20130311,5.3809,5.4307,5.2715,5.3262,3082700
20130312,5.2417,5.4257,5.0726,5.3809,4870600
20130313,5.2218,5.2616,5.0925,5.1770,1707800
20130314,5.2616,5.2864,5.1969,5.2218,1225000
20130315,5.1621,5.3014,5.1223,5.1969,1552600
20130318,5.1920,5.2467,5.0726,5.1571,4507700
20130319,5.1621,5.1721,4.9980,5.1422,1271400
20130320,5.3213,5.3461,4.9781,5.1621,4246900
20130321,5.8534,5.8534,5.8534,5.8534,12208800
20130322,6.1369,6.2463,5.8932,5.9678,22116500
20130325,6.0871,6.1319,5.9827,6.0573,10167400
20130326,6.0623,6.1020,5.9678,6.0871,6447100
20130327,6.0772,6.2313,6.0076,6.0722,6857000
20130328,5.9330,6.0374,5.8435,6.0374,5971600
20130329,5.8435,5.9429,5.7987,5.9280,3431100
20130401,5.7340,5.7887,5.5848,5.6744,5718300
20130402,5.6196,5.7937,5.5898,5.7589,2945800
20130403,5.6396,5.6594,5.5252,5.6147,1876800
20130404,5.6396,5.6396,5.6396,5.6396,0
20130405,5.6396,5.6396,5.6396,5.6396,0
20130408,5.7490,5.7490,5.4804,5.5401,2353600
20130409,5.7440,5.8186,5.6694,5.6893,2386500
20130410,5.6445,5.7589,5.6047,5.7589,1673200
20130411,5.6495,5.7141,5.6396,5.6594,1005900
20130412,5.6893,5.7191,5.6097,5.6445,1224900
20130415,5.7838,5.8136,5.6943,5.6943,2874200
20130416,5.5301,5.7440,5.2864,5.7440,3972500
20130417,5.6346,5.6445,5.4456,5.5102,2306000
20130418,5.6296,5.6893,5.5401,5.6097,1680800
20130419,5.9081,5.9628,5.6346,5.6346,5044700
20130422,6.0175,6.0324,5.7937,5.8981,6107300
20130423,5.9429,6.1070,5.8882,6.0175,5695300
20130424,6.0374,6.0523,5.8733,5.8882,4418200
20130425,5.8932,6.1120,5.8932,6.0175,5478300
20130426,5.8534,5.9330,5.7241,5.7688,2667900
20130429,5.8534,5.8534,5.8534,5.8534,0
20130430,5.8534,5.8534,5.8534,5.8534,0
20130501,5.8534,5.8534,5.8534,5.8534,0
20130502,5.7440,5.9131,5.6694,5.8086,2042400
20130503,5.7539,5.8932,5.7440,5.8186,2868500
20130506,6.0275,6.0871,5.7241,5.7788,7440700
20130507,5.9429,6.0076,5.8683,5.9777,4253800
20130508,6.2413,6.2910,5.8981,5.8981,11752300
20130509,6.2214,6.2761,6.0672,6.2363,7321500
20130510,6.3955,6.4402,6.1816,6.1816,8319000
20130513,6.4900,6.5297,6.3557,6.3557,5471900
20130514,6.2960,6.5049,6.1965,6.4551,7831500
20130515,6.4750,6.4900,6.2761,6.2960,5556800
20130516,6.4750,6.6441,6.4402,6.4402,6236000
20130517,6.7486,6.8033,6.4999,6.4999,8352700
20130520,7.0818,7.2359,6.9425,7.1713,19508800
20130521,7.1017,7.3354,7.0171,7.0569,16399400
20130522,6.9525,7.2111,6.8779,7.1017,10113800
20130523,7.3702,7.6487,6.8878,6.9525,16350000
20130524,7.5194,7.5542,7.3354,7.4349,9834400
20130527,7.6338,7.8576,7.5492,7.5791,9975800
20130528,7.4448,7.7133,7.3702,7.6338,7615400
20130529,7.4846,7.5244,7.2707,7.4746,6872200
20130530,7.4448,7.4995,7.3205,7.4846,4518900
20130531,7.5393,7.7332,7.4249,7.4249,9267300
20130603,7.4846,7.6736,7.4349,7.5492,5357300
20130604,6.9674,7.5045,6.8779,7.5045,7533200
20130605,6.9226,7.0320,6.8132,7.0121,6390100
20130606,6.7684,6.9077,6.7535,6.9077,5529600
20130607,6.6143,6.8779,6.5049,6.7883,4322000
20130610,6.6143,6.6143,6.6143,6.6143,0
20130611,6.6143,6.6143,6.6143,6.6143,0
20130612,6.6143,6.6143,6.6143,6.6143,0
20130613,6.8878,7.0320,6.4104,6.5795,7610300
20130614,7.0867,7.1564,6.8232,6.9176,8020400
20130617,7.1166,7.2807,7.0121,7.0121,7534900
20130618,6.9276,7.1613,6.8828,7.0917,8541200
20130619,6.6043,6.9326,6.5347,6.9326,17622100
20130620,6.7386,6.8779,6.4154,6.5894,14716700
20130621,6.9674,6.9873,6.4949,6.5844,9795500
20130624,6.7137,7.0768,6.6690,6.9326,13183700
20130625,7.1613,7.3503,6.4651,6.5844,14269200
20130626,7.8725,7.8775,7.1215,7.1613,27189900
20130627,7.8725,7.8725,7.8725,7.8725,0
20130628,7.8725,7.8725,7.8725,7.8725,0
20130701,7.8725,7.8725,7.8725,7.8725,0
20130702,7.8725,7.8725,7.8725,7.8725,0
20130703,7.8725,7.8725,7.8725,7.8725,0
20130704,7.8725,7.8725,7.8725,7.8725,0
20130705,7.8725,7.8725,7.8725,7.8725,0
20130708,7.8725,7.8725,7.8725,7.8725,0
20130709,7.8725,7.8725,7.8725,7.8725,0
20130710,7.8725,7.8725,7.8725,7.8725,0
20130711,7.8725,7.8725,7.8725,7.8725,0
20130712,7.8725,7.8725,7.8725,7.8725,0
20130715,7.8725,7.8725,7.8725,7.8725,0
20130716,7.8725,7.8725,7.8725,7.8725,0
20130717,7.8725,7.8725,7.8725,7.8725,0
20130718,7.8725,7.8725,7.8725,7.8725,0
20130719,7.8725,7.8725,7.8725,7.8725,0
20130722,7.8725,7.8725,7.8725,7.8725,0
20130723,7.8725,7.8725,7.8725,7.8725,0
20130724,7.8725,7.8725,7.8725,7.8725,0
20130725,7.8725,7.8725,7.8725,7.8725,0
20130726,7.8725,7.8725,7.8725,7.8725,0
20130729,7.8725,7.8725,7.8725,7.8725,0
20130730,7.8725,7.8725,7.8725,7.8725,0
20130731,7.8725,7.8725,7.8725,7.8725,0
20130801,7.8725,7.8725,7.8725,7.8725,0
20130802,7.8725,7.8725,7.8725,7.8725,0
20130805,7.8725,7.8725,7.8725,7.8725,0
20130806,7.8725,7.8725,7.8725,7.8725,0
20130807,7.8725,7.8725,7.8725,7.8725,0
20130808,7.8725,7.8725,7.8725,7.8725,0
20130809,7.8725,7.8725,7.8725,7.8725,0
20130812,8.1300,8.5400,7.3400,7.6600,30918200
20130813,8.0500,8.3000,7.9400,8.0000,11751200
20130814,8.2300,8.3600,7.8100,8.0000,14246300
20130815,9.0500,9.0500,8.2000,8.3000,17197700
20130816,9.4700,9.8500,8.7000,9.1800,25358100
20130819,10.4200,10.4200,9.8400,9.8800,14816000
20130820,11.4600,11.4600,10.8000,10.8800,23998900
20130821,11.9500,12.3600,11.7000,11.8500,41031100
20130822,11.6400,11.8500,11.4700,11.7100,27634800
20130823,11.4000,11.9000,11.1100,11.7700,23766200
20130826,11.6800,11.8900,11.3600,11.3700,18250500
20130827,12.1700,12.3000,11.5100,11.8100,25312200
20130828,11.4300,12.1900,11.3200,11.9800,19234800
20130829,11.0000,11.5900,10.8000,11.5900,21221100
20130830,10.9300,11.6400,10.7300,11.1900,19676500
20130902,11.0200,11.1400,10.5100,10.7700,11083200
20130903,11.1900,11.2500,10.7500,10.9900,10551500
20130904,11.1900,11.3000,10.9300,11.1800,9299900
20130905,12.3100,12.3100,10.8700,11.0900,21116400
20130906,12.9100,13.5000,12.5800,12.7100,27597000
20130909,13.1000,13.3500,12.4800,12.7500,16739900
20130910,12.7100,13.7700,12.6700,13.3500,16036700
20130911,12.0900,12.6700,11.8500,12.4500,12624700
20130912,12.2100,12.5000,12.0000,12.0000,6300100
20130913,12.6100,12.6600,12.2300,12.3500,5771000
20130916,13.2700,13.4000,12.3900,12.3900,9762600
20130917,12.8000,13.4900,12.7000,13.4000,7585200
20130918,13.3600,13.4000,12.6800,12.7000,9012400
20130920,13.3600,13.3600,13.3600,13.3600,0
20130923,13.5700,13.7400,13.2200,13.4300,8148100
20130924,13.2200,13.8100,13.2000,13.5400,7467700
20130925,13.5700,13.5700,12.9000,13.2200,8914400
20130926,12.9900,13.5000,12.9500,13.5000,6728700
20130927,13.3200,13.4600,12.7500,12.7500,5340500
20130930,13.3300,13.6000,12.9900,13.5000,5006700
20131001,13.3300,13.3300,13.3300,13.3300,0
20131002,13.3300,13.3300,13.3300,13.3300,0
20131003,13.3300,13.3300,13.3300,13.3300,0
20131004,13.3300,13.3300,13.3300,13.3300,0
20131007,13.3300,13.3300,13.3300,13.3300,0
20131008,13.2800,13.4900,13.0000,13.1600,5672900
20131009,13.5500,13.5800,13.0400,13.2700,6956300
20131010,14.9100,14.9100,13.5500,13.6800,15702400
20131011,15.5500,16.0700,14.6300,14.8000,15161000
20131014,15.8100,15.9900,15.1400,15.6600,8858600
20131015,15.5400,16.0700,15.1600,15.7300,8603000
20131016,14.7600,15.5000,14.5300,15.3000,8229600
20131017,14.4600,15.1500,14.4600,14.7700,5995200
20131018,14.4700,14.8000,14.1200,14.2100,4060000
20131021,15.2000,15.3500,14.4700,14.4700,5456500
20131022,14.4100,15.4800,14.3000,15.1800,7883900
20131023,14.1100,14.4800,13.4000,14.4000,6902000
20131024,14.4700,14.7100,13.7300,13.9000,4981700
20131025,14.4100,14.8100,14.2300,14.4500,5283800
20131028,14.7400,14.8500,14.3000,14.5900,2613900
20131029,14.2200,15.3200,13.7000,14.7500,6814100
20131030,15.0000,15.0000,13.9300,14.1000,4148300
20131031,14.7700,15.2900,14.6000,15.0000,3466000
20131101,13.7500,14.8700,13.6900,14.8700,4540100
20131104,13.2900,13.9000,12.9400,13.9000,5011800
20131105,13.9000,13.9500,13.0800,13.2000,3498600
20131106,13.8900,14.2500,13.7000,13.8800,3440700
20131107,13.4000,14.1000,13.3600,13.9800,3435000
20131108,13.0000,13.4000,12.7700,13.3600,4753500
20131111,13.3900,13.5500,12.7300,13.0000,3210900
20131112,13.7900,13.8900,13.2000,13.3300,4694800
20131113,13.5500,14.0300,13.4900,14.0300,2560700
20131114,14.1800,14.1800,13.4000,13.5500,3568400
20131115,14.4800,14.7000,14.0400,14.1500,4052500
20131118,14.5900,14.6500,14.3600,14.6000,3211800
20131119,14.5000,14.8000,14.4200,14.7800,3092200
20131120,14.8400,14.8600,14.3000,14.5900,3291900
20131121,15.4800,15.7900,14.7600,14.8000,7709000
20131122,15.4800,15.7500,15.3100,15.3700,2933600
20131125,15.4800,15.4800,15.4800,15.4800,0
20131126,15.4800,15.4800,15.4800,15.4800,0
20131127,15.4800,15.4800,15.4800,15.4800,0
20131128,15.4800,15.4800,15.4800,15.4800,0
20131129,15.4800,15.4800,15.4800,15.4800,0
20131202,17.0300,17.0300,15.3000,15.5500,4444600
20131203,18.0800,18.6000,17.2000,18.0000,12369600
20131204,18.7600,19.8900,17.8300,18.0000,19251900
20131205,20.3000,20.5600,18.5600,18.5600,18860000
20131206,18.9100,20.2500,18.6100,19.8500,13947400
20131209,18.6600,19.5900,18.5000,18.6400,9917200
20131210,19.6900,20.2800,18.4000,18.5300,11656100
20131211,20.0700,20.1500,19.1100,19.4500,6787900
20131212,20.8000,21.2800,19.5800,19.9900,11486500
20131213,19.5000,21.1100,19.5000,20.5000,10543900
20131216,18.8000,19.4500,18.3000,19.2000,8507000
20131217,18.8200,19.4000,18.7200,18.9400,4896600
20131218,18.6100,19.1000,18.3900,18.6200,3448700
20131219,17.6400,18.9800,17.6000,18.7500,6783400
20131220,17.8600,18.0500,17.0300,17.6400,7842600
20131223,17.3900,17.9200,17.3100,17.7900,3791400
20131224,17.5500,17.7000,17.3000,17.3000,2455700
20131225,18.6000,18.8900,17.6000,17.6100,6096400
20131226,18.0600,18.7100,18.0000,18.6900,2894700
20131227,18.5500,18.6800,17.7100,17.8600,3356200
20131230,18.6300,19.2700,18.4300,18.7300,3270800
20131231,18.5700,19.1900,18.5000,18.5100,4670000
20140101,18.5700,18.5700,18.5700,18.5700,0
20140102,18.6000,18.7800,17.9600,18.7700,3932900
20140103,18.8100,19.0000,18.4500,18.5900,2938200
20140106,18.1900,18.8500,18.1100,18.8500,2381900
20140107,18.2300,18.4000,17.8000,17.9600,2136700
20140108,19.2200,19.2300,18.1100,18.2300,5689900
20140109,19.0300,19.6300,19.0200,19.3000,4288100
20140110,18.6900,18.9500,18.4000,18.9500,3205500
20140113,18.5600,19.1800,18.4600,18.7900,2851100
20140114,18.7800,18.8000,18.3200,18.7500,2611100
20140115,19.7300,19.7300,18.6300,18.8000,5604600
20140116,19.6100,19.9000,19.2700,19.7300,3903000
20140117,19.4900,19.7200,19.3600,19.6100,2154600
20140120,19.7000,20.0000,19.3300,19.5000,3664700
20140121,20.0000,20.2000,19.5200,19.5200,3901900
20140122,22.0000,22.0000,19.9700,20.0100,9484200
20140123,22.4500,22.5000,21.7900,22.1700,8188400
20140124,22.5200,22.8000,21.9800,22.4000,5873400
20140127,23.6300,24.3200,22.2800,22.5300,6781100
20140128,22.3600,24.1900,22.3600,23.5000,7815100
20140129,24.1200,24.2000,22.0100,22.4400,7613000
20140130,23.7600,24.3500,23.3700,24.3500,3703600
20140131,23.7600,23.7600,23.7600,23.7600,0
20140203,23.7600,23.7600,23.7600,23.7600,0
20140205,23.7600,23.7600,23.7600,23.7600,0
20140206,23.7600,23.7600,23.7600,23.7600,0
20140207,24.0300,24.3300,23.0000,23.7000,3694400
20140210,24.9900,25.1700,23.8000,23.8000,7943000
20140211,23.5500,25.1900,23.5500,25.0700,8518100
20140212,23.4400,24.1000,22.8000,23.5500,7096700
20140213,22.8300,23.6900,22.8100,23.2900,4867000
20140214,23.0500,23.3500,22.5900,22.8300,3009200
20140217,23.9300,24.3000,23.3100,23.3100,4595300
20140218,24.1700,24.4700,23.7100,24.0200,3982000
20140219,25.5400,25.5800,24.0500,24.3000,5218100
20140220,25.0200,26.1200,24.8100,25.4000,4731600
20140221,25.1000,25.2900,24.6000,24.9100,2340300
20140224,27.6100,27.6100,25.1000,25.1000,11867100
20140225,28.2700,29.9800,27.6500,28.6000,11521600
