20130226,12.9100,13.4100,12.8300,13.4000,2587900
20130227,12.7400,13.0200,12.5200,12.9100,2028300
20130228,12.8700,12.9300,12.5100,12.5500,1800800
20130301,13.0600,13.0800,12.6600,12.8200,2101400
20130304,12.3300,12.9500,12.0800,12.9500,2383700
20130305,12.7300,12.7500,12.1500,12.3100,2093500
20130306,13.2400,13.3400,12.7000,12.7200,2703100
20130307,13.0000,13.2400,12.6300,13.2200,2459200
20130308,12.8900,13.1400,12.7400,12.8200,937200
20130311,12.9200,12.9600,12.7000,12.8900,787700
20130312,13.3700,13.6100,12.9000,12.9000,4616100
20130313,12.8100,13.3700,12.5800,13.3000,2244100
20130314,12.4900,12.7000,12.2000,12.7000,1582500
20130315,12.3400,12.6200,12.2200,12.2800,981300
20130318,11.8500,12.4500,11.7500,12.3300,1058000
20130319,11.7100,12.0800,11.4200,11.8000,1288100
20130320,12.0100,12.0300,11.5500,11.5500,832700
20130321,12.1000,12.2000,11.9100,12.0000,1045700
20130322,12.3200,12.3400,11.9500,12.0000,883000
20130325,12.1900,12.4100,12.1100,12.3200,693600
20130326,13.4100,13.4100,12.1100,12.1400,5645800
20130327,13.1500,13.9500,13.0200,13.6000,5651700
20130328,13.4100,13.6100,12.5100,12.9700,4353900
20130329,13.5700,13.7400,13.0300,13.1600,4013900
20130401,13.3900,13.9000,13.2200,13.5700,3910200
20130402,13.0900,13.5900,12.9800,13.2700,2356400
20130403,11.9400,13.1500,11.9000,13.0100,3469200
20130404,11.9400,11.9400,11.9400,11.9400,0
20130405,11.9400,11.9400,11.9400,11.9400,0
20130408,11.5000,11.8000,11.1000,11.8000,1735600
20130409,11.5000,11.7100,11.3000,11.5000,1334000
20130410,11.6800,11.8700,11.4300,11.5000,1027500
20130411,11.5700,11.7900,11.4800,11.6000,754300
20130412,12.0100,12.0900,11.5000,11.6400,2116900
20130415,11.6900,12.0900,11.5000,12.0900,650900
20130416,11.6200,11.6400,11.3000,11.4200,524100
20130417,11.7800,11.8200,11.5500,11.6200,621100
20130418,11.6100,11.8000,11.5400,11.7500,582200
20130419,11.8100,11.8500,11.5500,11.6000,848000
20130422,12.2900,12.3500,11.6000,11.7400,2335700
20130423,11.7000,12.2800,11.6100,12.2000,1385000
20130424,12.8700,12.8700,11.7500,11.7500,1942800
20130425,12.8400,13.4700,12.8000,13.2200,4803100
20130426,12.5900,13.1200,12.4600,12.6500,1945600
20130429,12.5900,12.5900,12.5900,12.5900,0
20130430,12.5900,12.5900,12.5900,12.5900,0
20130501,12.5900,12.5900,12.5900,12.5900,0
20130502,12.8300,13.0000,12.2700,12.3800,2021400
20130503,12.9300,13.1800,12.7200,12.7200,2364500
20130506,13.0300,13.3300,12.8700,12.9300,2507000
20130507,13.3800,13.3800,12.7000,12.9700,2562700
20130508,13.3800,13.4800,13.1600,13.3800,2022500
20130509,12.9900,13.3700,12.8300,13.3600,2084600
20130510,13.4800,13.7900,12.8100,12.9800,3007300
20130513,13.3500,13.5300,13.1800,13.4500,1745500
20130514,12.9900,13.3500,12.8800,13.3000,1321600
20130515,13.3500,13.3600,13.0200,13.0400,1320200
20130516,13.7700,13.9600,13.1500,13.3600,4100000
20130517,14.0100,14.0900,13.6000,13.7900,3275900
20130520,14.1900,14.4000,13.8500,14.0400,3704700
20130521,14.2800,14.3500,13.9000,14.1500,2982000
20130522,13.9100,14.3400,13.9000,14.2900,2135000
20130523,13.8100,14.1800,13.7000,13.8600,1570700
20130524,14.0500,14.0800,13.7300,13.8100,1625000
20130527,15.2200,15.3000,14.0500,14.0500,4870500
20130528,15.1500,15.3800,14.6300,15.1000,3220100
20130529,15.2600,15.9500,15.0500,15.1400,3998500
20130530,15.5000,15.5000,14.8200,15.1000,3230200
20130531,14.9400,15.8900,14.9200,15.4000,3500300
20130603,14.9100,15.1300,14.5000,14.9000,2624300
20130604,14.7500,15.0800,14.4200,14.8800,2297800
20130605,14.8900,14.9000,14.4500,14.7100,1228900
20130606,13.9900,14.9600,13.8500,14.9000,2547000
20130607,13.4500,14.0000,13.1500,14.0000,2161100
20130610,13.4500,13.4500,13.4500,13.4500,0
20130611,13.4500,13.4500,13.4500,13.4500,0
20130612,13.4500,13.4500,13.4500,13.4500,0
20130613,13.1000,13.2000,12.5300,13.2000,1491900
20130614,13.3700,13.5000,13.0300,13.0300,1449000
20130617,13.6200,13.8700,13.3000,13.3800,1461800
20130618,13.6400,13.7500,13.3800,13.6000,720400
20130619,13.4800,13.7100,13.2000,13.7100,857600
20130620,12.9000,13.4000,12.8800,13.4000,1037400
20130621,12.2900,12.4600,11.9200,12.3700,951600
20130624,11.4100,12.5300,11.0600,12.2900,1028200
20130625,11.5100,11.6900,10.4000,11.3000,1420000
20130626,11.5200,11.6700,11.0600,11.5000,1589800
20130627,11.2200,11.8800,11.2000,11.4600,1790100
20130628,11.0500,11.4500,10.8700,11.1000,733400
20130701,11.1000,11.1500,10.5200,11.1500,1134200
20130702,11.2200,11.3900,11.0300,11.1000,2636500
20130703,10.8100,11.2200,10.6100,11.2200,2988000
20130704,10.9600,11.0100,10.6200,10.7500,2351100
20130705,10.9800,11.1900,10.8500,10.9500,1817000
20130708,9.9000,10.8000,9.8800,10.8000,4307200
20130709,9.7000,9.8500,9.5300,9.6700,3579100
20130710,9.9500,9.9800,9.6000,9.7100,2317800
20130711,10.3900,10.5200,9.8600,9.9000,3741700
20130712,10.1300,10.5400,10.1200,10.3700,2503200
20130715,10.6500,10.6500,10.1700,10.1700,2662300
20130716,10.9900,11.0600,10.5300,10.6500,3546500
20130717,10.6800,11.0200,10.6400,10.8400,2476800
20130718,10.5200,10.6900,10.4000,10.6900,1633900
20130719,10.0900,10.6600,10.0000,10.5100,2015800
20130722,10.2900,10.3200,9.9800,10.0000,1533500
20130723,10.8200,10.9000,10.3900,10.4000,2954400
20130724,10.7900,10.8500,10.5700,10.8100,2125800
20130725,10.5700,10.8000,10.4500,10.7500,1897200
20130726,10.7800,10.9000,10.5100,10.5900,2046100
20130729,10.8900,10.9100,10.4600,10.6800,1965000
20130730,11.2000,11.3500,10.6500,10.8900,3271700
20130731,11.1200,11.5700,11.0400,11.1400,2095800
20130801,11.3000,11.3900,11.0700,11.0700,2365200
20130802,11.1800,11.3900,11.1500,11.3000,1884800
20130805,11.4800,11.6700,11.0900,11.0900,2516500
20130806,11.4800,11.6500,11.3500,11.4200,2158600
20130807,11.2800,11.7500,11.2000,11.4600,2746200
20130808,11.2000,11.3900,11.1500,11.2100,2096500
20130809,11.2200,11.4300,11.0100,11.2200,1746000
20130812,11.4800,11.4800,11.1800,11.3000,2131800
20130813,11.7000,11.8500,11.4100,11.4600,2971700
20130814,11.4800,11.7500,11.4300,11.6800,1989300
20130815,11.2500,11.6300,11.2500,11.5000,1750200
20130816,11.0000,11.4600,11.0000,11.2000,1829200
20130819,11.1700,11.2100,10.8400,10.9900,1291800
20130820,11.0200,11.2800,10.9600,11.1000,1610100
20130821,11.2200,11.2300,10.9200,11.0000,1445300
20130822,11.3600,11.4100,11.1000,11.1900,2180800
20130823,11.3600,11.3600,11.3600,11.3600,0
20130826,11.9800,12.1000,11.5000,11.7800,5288500
20130827,12.4000,12.5400,12.0000,12.1100,6670600
20130828,12.2200,12.3900,12.0800,12.2500,3173900
20130829,12.5500,12.7500,12.1000,12.1500,4138600
20130830,12.6500,13.0400,12.3200,12.5900,4210100
20130902,12.8900,13.1000,12.5300,12.6500,2462600
20130903,12.9400,13.1000,12.7100,12.7500,2600400
20130904,13.3900,13.6000,12.9500,12.9900,3453200
20130905,14.0600,14.2900,13.1600,13.4000,4271300
20130906,13.8400,14.4000,13.7800,14.0600,2938600
20130909,13.8700,14.1000,13.6400,13.6400,2118700
20130910,13.8600,13.9700,13.4200,13.8700,3338200
20130911,13.7600,13.8100,13.4000,13.8000,2073200
20130912,13.7800,14.0700,13.6000,13.7400,1590800
20130913,14.1800,14.2500,13.6600,13.6600,2248700
20130916,14.2000,14.5500,13.9200,14.2000,1804500
20130917,13.8300,14.3000,13.8100,14.2000,1535400
20130918,14.1800,14.2500,13.6500,13.8400,1414300
20130920,14.1800,14.1800,14.1800,14.1800,0
20130923,14.2600,14.3900,13.9800,14.1800,1301200
20130924,14.3000,14.4100,14.1300,14.2600,1405900
20130925,14.7800,14.8700,14.2000,14.3100,2227200
20130926,14.0500,14.7900,13.8700,14.7400,1587600
20130927,13.8500,14.2900,13.6000,13.8500,1656300
20130930,13.9500,14.0800,13.4100,14.0000,1025800
20131001,13.9500,13.9500,13.9500,13.9500,0
20131002,13.9500,13.9500,13.9500,13.9500,0
20131003,13.9500,13.9500,13.9500,13.9500,0
20131004,13.9500,13.9500,13.9500,13.9500,0
20131007,13.9500,13.9500,13.9500,13.9500,0
20131008,14.1000,14.1900,13.5600,13.9500,1107100
20131009,13.8900,14.0900,13.8800,14.0200,795500
20131010,13.5000,13.8800,13.4200,13.8500,1084700
20131011,13.8700,13.9000,13.5000,13.5000,826200
20131014,14.1700,14.2000,13.8000,13.8500,1329600
20131015,14.5500,14.6600,14.1000,14.1600,1333400
20131016,14.0000,14.6300,13.8000,14.5500,1199300
20131017,14.3500,14.3800,14.0000,14.0000,1103300
20131018,14.4200,14.5300,14.2800,14.3400,930800
20131021,15.7000,15.8300,14.3100,14.4900,3332700
20131022,16.1300,16.6000,15.5000,15.7000,3313300
20131023,15.4500,16.1500,15.2300,16.1300,1568300
20131024,15.2000,15.7200,15.1400,15.4500,1043400
20131025,15.1800,15.3600,14.9900,15.2000,710700
20131028,15.4800,15.9200,15.2200,15.2900,1233800
20131029,14.1700,15.7100,13.9300,15.5000,1926000
20131030,14.3500,14.4900,13.9000,14.1600,1920300
20131031,14.5700,14.6200,14.0800,14.1700,1344600
20131101,14.4200,14.6200,14.0000,14.5900,1004600
20131104,14.5000,14.6500,14.2200,14.4200,521400
20131105,14.4700,14.5700,14.1500,14.5000,1617100
20131106,14.2100,14.4500,14.2100,14.4100,733500
20131107,14.2000,14.5500,13.9800,14.0600,1793500
20131108,14.0000,14.1800,13.7000,14.1000,738500
20131111,14.0600,14.1600,13.7500,13.8800,357700
20131112,13.9800,14.1000,13.7000,14.1000,324200
20131113,13.6700,13.9800,13.6500,13.8500,403700
20131114,13.9800,13.9800,13.1700,13.6500,491600
20131115,14.1000,14.3200,13.7600,13.9800,658900
20131118,14.3800,14.4700,14.0200,14.1400,1121900
20131119,15.0000,15.4700,14.3000,14.4100,1987900
20131120,14.9600,15.3000,14.8300,15.0400,1526700
20131121,14.8000,15.0000,14.6100,14.7600,858400
20131122,14.8700,14.9200,14.6500,14.8000,841600
20131125,14.4300,14.8700,14.3900,14.8700,642700
20131126,14.4100,14.5900,14.3900,14.5900,380800
20131127,14.6300,14.7000,14.3300,14.3300,749900
20131128,14.8800,15.0700,14.6100,14.7800,882000
20131129,14.9100,15.1800,14.8100,14.9000,1357500
20131202,14.0100,14.6800,14.0000,14.6100,1129500
20131203,14.4000,14.5000,13.9000,14.0000,449500
20131204,15.0400,15.2500,14.3800,14.3800,1273600
20131205,15.1300,15.6500,15.0500,15.2500,1460000
20131206,14.8000,15.3000,14.7600,15.1300,1020100
20131209,15.2100,15.2900,14.8200,14.8200,1615800
20131210,15.6000,15.7500,15.0500,15.2200,2429500
20131211,15.4800,15.6700,15.1100,15.4600,1403100
20131212,15.5300,15.7200,15.3800,15.5300,1380700
20131213,15.9900,16.1900,15.3500,15.4200,2534800
20131216,15.6000,16.3100,15.5900,16.0000,2081100
20131217,14.9000,15.6900,14.9000,15.5900,1548200
20131218,15.1100,15.3200,14.6800,14.8000,843600
20131219,15.0000,15.4000,14.9900,15.2000,568100
20131220,14.8200,15.1400,14.7400,14.9700,588400
20131223,14.4000,14.8700,14.3100,14.7000,1067200
20131224,14.6500,14.6500,14.1000,14.2100,560700
20131225,14.9400,14.9800,14.5500,14.6500,841800
20131226,14.2300,15.0500,14.2100,14.9500,802800
20131227,14.6400,14.6700,14.2000,14.2300,635900
20131230,14.8100,14.9900,14.6700,14.6800,526400
20131231,14.7200,14.9500,14.3300,14.8700,740100
20140101,14.7200,14.7200,14.7200,14.7200,0
20140102,14.8900,14.9600,14.6300,14.7200,959400
20140103,14.4900,14.9600,14.2800,14.8800,1206500
20140106,13.8000,14.4400,13.8000,14.3000,1143700
20140107,14.5300,14.6500,13.4400,13.8000,1199600
20140108,14.4500,14.8500,14.2500,14.5500,611100
20140109,14.0000,14.7500,14.0000,14.7500,466200
20140110,13.6200,14.0000,13.5400,14.0000,645900
20140113,13.7600,14.0000,13.5200,13.5200,482000
20140114,13.9800,13.9800,13.5000,13.5000,310500
20140115,13.9800,14.0800,13.8200,14.0800,331500
20140116,13.9900,14.1500,13.8600,13.9800,443100
20140117,13.8900,14.2300,13.7900,14.2300,513700
20140120,13.6100,13.9000,13.5000,13.9000,345600
20140121,13.8500,13.8800,13.5200,13.6100,512300
20140122,14.1000,14.1400,13.7300,13.7300,391400
20140123,14.2600,14.3500,14.1000,14.1000,456900
20140124,14.6600,14.8000,14.1400,14.2100,860800
20140127,14.3300,14.6500,14.2600,14.5300,624600
20140128,15.0500,15.5400,14.7800,15.0000,3080700
20140129,14.8900,15.2000,14.5600,15.1000,1324100
20140130,15.2500,15.5700,14.7500,14.7600,1878200
20140131,15.2500,15.2500,15.2500,15.2500,0
20140203,15.2500,15.2500,15.2500,15.2500,0
20140205,15.2500,15.2500,15.2500,15.2500,0
20140206,15.2500,15.2500,15.2500,15.2500,0
20140207,15.4000,15.4500,14.8800,14.9500,1154800
20140210,15.6600,15.9900,15.4100,15.4800,1968200
20140211,15.3900,15.7300,15.3100,15.6500,1436900
20140212,15.5500,15.6600,15.3700,15.3700,1419200
20140213,15.4100,15.8700,15.4000,15.6000,1826300
20140214,15.4700,15.5000,15.3000,15.3400,1398800
20140217,15.9300,16.0400,15.4400,15.5000,2183600
20140218,16.2000,16.3800,15.8100,15.9000,2908100
20140219,15.9500,16.3300,15.8000,16.2200,1607000
20140220,15.3800,15.9700,15.1800,15.9600,1875100
20140221,15.3400,15.5300,15.2000,15.2700,973100
20140224,15.2900,15.4700,14.9900,15.2100,1252500
20140225,14.6000,15.3800,14.4500,15.2900,1660200
