20130226,10.0850,10.1500,9.9050,10.1500,3405300
20130227,9.9700,10.2750,9.5750,9.9500,4965200
20130228,9.7300,9.9850,9.2000,9.9800,7157900
20130301,10.0900,10.1100,9.6550,9.7300,4722600
20130304,9.6750,10.0000,9.6400,9.9900,3269000
20130305,9.7950,9.8750,9.5000,9.7450,1786600
20130306,10.7000,10.7550,9.8500,9.8500,7666600
20130307,11.1100,11.7700,10.5450,10.6750,10441200
20130308,11.0900,11.6500,10.8500,11.2050,4796800
20130311,11.8750,11.9900,10.8800,11.0750,7505500
20130312,11.3450,12.0700,11.0550,11.9000,6450900
20130313,11.2000,11.7400,10.9400,11.3000,3839700
20130314,11.6500,11.7050,11.1500,11.1500,3900000
20130315,11.9500,12.1800,11.5550,11.6750,6208600
20130318,11.8900,12.0450,11.5050,11.8850,3563100
20130319,11.7600,12.3500,11.6650,11.8900,2653700
20130320,11.9500,12.0350,11.1000,11.6600,4341200
20130321,12.3250,12.3500,11.3000,11.3000,5416900
20130322,12.1150,12.3350,12.0100,12.0800,2128300
20130325,11.6800,12.2450,11.6500,12.0400,2890800
20130326,11.5400,11.6650,11.2600,11.5800,3543700
20130327,11.4250,11.7450,11.3000,11.4050,3322400
20130328,11.0400,11.4050,11.0050,11.3000,2463500
20130329,10.7500,11.2250,10.7500,11.1500,2520200
20130401,10.8000,11.0000,10.6400,10.7350,2197100
20130402,10.8000,11.4000,10.8000,10.8500,4069900
20130403,10.8000,11.0050,10.2500,10.8550,2451900
20130404,10.8000,10.8000,10.8000,10.8000,0
20130405,10.8000,10.8000,10.8000,10.8000,0
20130408,11.1000,11.3150,10.5150,10.6500,2177000
20130409,11.1450,11.2900,10.9700,11.1000,1564000
20130410,11.1000,11.3500,10.9750,11.1400,1698300
20130411,10.9500,11.2900,10.9150,11.0550,1353900
20130412,11.0000,11.0250,10.7500,10.7500,1386700
20130415,10.8100,11.0500,10.7850,10.8500,1174300
20130416,10.7200,10.9900,10.3750,10.7750,1449400
20130417,11.0450,11.0450,10.7100,10.7750,1973600
20130418,11.4750,11.5000,11.2700,11.3450,4865500
20130419,11.8750,11.8800,11.3600,11.4800,4747500
20130422,12.0950,12.1500,11.7550,11.7550,3445800
20130423,11.4350,11.9250,11.3500,11.9250,4795800
20130424,12.1350,12.2000,11.2800,11.4250,5481400
20130425,11.6900,12.3450,11.5350,12.1600,5745700
20130426,10.9500,11.7200,10.9000,11.7200,4247900
20130429,10.9500,10.9500,10.9500,10.9500,0
20130430,10.9500,10.9500,10.9500,10.9500,0
20130501,10.9500,10.9500,10.9500,10.9500,0
20130502,11.1350,11.2900,10.6600,10.8450,1798300
20130503,11.5000,11.5000,11.0000,11.1200,5515400
20130506,11.9800,11.9900,11.2600,11.4600,6301500
20130507,11.9000,12.6500,11.8400,11.9800,7193700
20130508,12.1500,12.3000,11.6200,11.7000,4918100
20130509,12.5300,12.5800,12.0100,12.1500,6631500
20130510,12.1600,12.5000,11.9200,12.5000,5436100
20130513,12.2100,12.5000,12.0600,12.1600,4337400
20130514,12.0000,12.4600,11.8800,12.2100,4224300
20130515,12.1700,12.1700,11.8100,12.0100,2751100
20130516,12.2700,12.5400,12.1600,12.2000,6904400
20130517,12.5200,12.8200,11.9500,11.9500,9221100
20130520,13.5600,13.7600,12.3800,12.4300,9894200
20130521,13.8700,13.9700,13.1500,13.5500,7323500
20130522,13.7700,13.8200,13.3000,13.8200,5194900
20130523,13.7700,14.1400,13.4800,13.6500,3888000
20130524,13.8000,14.0000,13.4500,13.8000,2826700
20130527,13.8200,13.8800,13.5000,13.7500,3902200
20130528,13.6400,14.5000,13.5200,13.8900,6119600
20130529,13.3800,13.4900,12.9500,13.3500,12671300
20130530,14.2100,14.3000,13.3800,13.3800,9667600
20130531,14.1000,14.6000,13.8800,14.2500,7241700
20130603,13.9400,14.4300,13.9000,14.0200,3731100
20130604,13.7000,14.0900,13.3000,13.9800,4190000
20130605,14.0300,14.0400,13.3800,13.7000,2349200
20130606,13.7200,14.0800,13.6200,13.8900,2701500
20130607,13.7800,13.9500,13.3000,13.5500,1957000
20130610,13.7800,13.7800,13.7800,13.7800,0
20130611,13.7800,13.7800,13.7800,13.7800,0
20130612,13.7800,13.7800,13.7800,13.7800,0
20130613,13.1800,13.5900,13.0100,13.4000,3314400
20130614,13.5400,13.6500,13.1500,13.1500,2465200
20130617,13.4800,13.6600,13.2100,13.5000,2415900
20130618,13.4900,13.6000,13.3000,13.4500,2316400
20130619,12.8300,13.4800,12.6000,13.4700,4494100
20130620,12.4900,13.0500,12.2000,12.8000,2883600
20130621,12.3500,12.4500,11.7400,12.0000,2750800
20130624,12.5900,12.8800,11.5800,12.3400,4711400
20130625,12.7800,12.7800,11.4100,12.4200,4166400
20130626,13.3000,13.4200,12.5000,12.7800,4102500
20130627,12.8800,13.5700,12.6200,13.3000,2449700
20130628,12.8000,13.0500,12.4000,12.6600,1486200
20130701,12.9600,12.9600,12.5300,12.7700,1038100
20130702,13.2900,13.3500,12.9000,13.0700,2225600
20130703,13.7000,13.7600,13.0000,13.1900,3365400
20130704,13.7800,14.0000,13.4300,13.6000,3365300
20130705,13.3100,13.8600,13.2900,13.8000,2503700
20130708,13.1000,13.6700,12.8000,12.9600,1388000
20130709,12.7800,13.1900,12.7000,13.1000,1180100
20130710,12.9500,13.0700,12.6600,12.7300,1660600
20130711,13.2500,13.3500,12.9000,13.0000,1836900
20130712,13.1400,13.5500,13.0000,13.2500,1607600
20130715,13.7200,14.1500,13.5000,14.0000,4717600
20130716,14.4000,14.4900,13.7500,13.9400,5550200
20130717,14.4900,15.0000,14.1600,14.2300,4888400
20130718,14.5500,14.6000,14.1000,14.4900,3356600
20130719,14.4000,15.1800,14.3100,14.6300,6399600
20130722,14.7500,14.9000,13.8900,14.0000,2504700
20130723,15.1500,15.3300,14.6000,14.6800,5082400
20130724,15.1900,15.3000,14.9300,15.1500,3893700
20130725,14.2700,15.3200,14.2100,15.1100,3625100
20130726,14.1500,14.4600,13.8500,14.2700,1929400
20130729,13.6300,14.1000,13.3000,13.9500,2309400
20130730,13.5700,13.8700,13.3000,13.7300,1776900
20130731,13.8600,14.1000,13.7300,13.7500,1760900
20130801,14.3600,14.4100,13.8800,14.0400,1838100
20130802,14.2100,14.5900,14.2100,14.4400,1970100
20130805,14.6700,14.6700,14.0900,14.2100,2578900
20130806,14.4900,14.6700,14.2100,14.6700,2832200
20130807,13.7800,14.5000,13.7600,14.4300,3032000
20130808,13.9000,14.0000,13.7600,13.7800,1446200
20130809,13.9500,14.1800,13.7600,14.1300,1204000
20130812,13.9900,14.0800,13.8500,13.9000,1244200
20130813,13.9300,14.1000,13.8100,14.0500,1170900
20130814,13.8500,14.0700,13.7000,14.0200,1159200
20130815,13.8000,14.1400,13.8000,13.8500,1410200
20130816,12.9000,13.9200,12.9000,13.9200,2516800
20130819,13.7500,13.7500,13.0000,13.0100,1984200
20130820,13.9100,14.0500,13.6400,13.8200,2512600
20130821,13.8300,13.9400,13.5300,13.8000,1015700
20130822,13.8200,14.0800,13.7000,13.7300,1511000
20130823,13.5200,14.1200,13.3500,13.9300,2452800
20130826,13.9000,13.9600,13.5100,13.5200,2063700
20130827,14.1500,14.1800,13.9200,13.9200,2688200
20130828,13.8600,14.1000,13.7800,14.1000,1352100
20130829,13.7100,13.9500,13.7100,13.8000,905900
20130830,13.2300,13.7800,13.1100,13.6700,1682500
20130902,13.2600,13.4700,13.2000,13.2300,733700
20130903,13.5800,13.5900,13.2700,13.3000,1192200
20130904,13.4700,13.6600,13.2700,13.5000,1079000
20130905,13.3100,13.4700,13.3000,13.3800,865400
20130906,13.3700,13.6500,13.1100,13.3300,1084900
20130909,13.5400,13.7200,13.3700,13.3700,2516700
20130910,13.5200,13.6800,13.4000,13.4800,1071900
20130911,13.5400,13.8000,13.1000,13.7000,1639100
20130912,13.8600,13.8700,13.5500,13.5500,2331000
20130913,14.2800,14.5800,13.9000,13.9000,3763900
20130916,14.1100,14.4300,13.8300,14.2800,1840400
20130917,13.7800,14.1400,13.7000,14.1300,1057400
20130918,13.8700,14.0500,13.5000,13.9800,761500
20130920,13.8700,13.8700,13.8700,13.8700,0
20130923,14.2300,14.2300,13.7000,13.8800,2404400
20130924,13.9900,14.2900,13.8800,14.2900,1965400
20130925,14.4100,14.5600,13.9800,14.1600,3612800
20130926,14.4200,14.5900,14.2000,14.3300,2365500
20130927,14.1800,14.5400,14.0600,14.3100,1712400
20130930,14.0800,14.2200,13.8000,14.1200,1173700
20131001,14.0800,14.0800,14.0800,14.0800,0
20131002,14.0800,14.0800,14.0800,14.0800,0
20131003,14.0800,14.0800,14.0800,14.0800,0
20131004,14.0800,14.0800,14.0800,14.0800,0
20131007,14.0800,14.0800,14.0800,14.0800,0
20131008,14.6400,14.6700,13.8700,14.0800,2127600
20131009,14.5000,14.8000,14.3100,14.6500,2106300
20131010,14.4400,14.7200,14.3400,14.5900,2328300
20131011,14.3700,14.6500,14.2000,14.4900,1635500
20131014,14.2400,14.3800,14.0200,14.3100,2893200
20131015,13.9200,14.2200,13.8000,14.2200,2586300
20131016,13.6000,13.9700,13.5800,13.8000,1596300
20131017,13.7000,13.8200,13.6000,13.6200,1198300
20131018,13.1900,13.8100,13.1600,13.7000,2348600
20131021,13.6000,13.6400,12.6900,13.2500,3738600
20131022,13.0000,13.2900,12.8000,13.2900,5054100
20131023,12.5900,13.3500,12.5000,13.0500,3636100
20131024,12.1900,12.4900,12.0800,12.4900,3219700
20131025,12.1700,12.3500,12.0700,12.1000,2118400
20131028,12.2800,12.3100,12.1500,12.1700,1175500
20131029,12.1400,12.3500,11.1800,12.3100,2444700
20131030,12.1600,12.1700,11.9100,11.9500,1043900
20131031,11.9800,12.1800,11.9500,11.9600,777400
20131101,12.0100,12.1300,11.9500,11.9800,756800
20131104,11.6900,12.1300,11.6000,12.1200,1655500
20131105,11.7900,11.7900,11.6000,11.7000,856100
20131106,11.8600,11.9300,11.7200,11.7200,911000
20131107,11.4800,11.9500,11.4300,11.8100,943200
20131108,11.2200,11.4900,11.1000,11.4000,1046000
20131111,10.9800,11.2800,10.7300,11.2200,1088400
20131112,11.0700,11.1000,10.9100,11.0200,956800
20131113,10.5200,11.1800,10.5000,11.1800,1735200
20131114,10.5500,10.7200,10.4000,10.4900,1442600
20131115,11.6100,11.6100,10.6000,10.6000,6543100
20131118,12.0000,12.4400,11.6200,11.6600,9281600
20131119,12.0000,12.0600,11.7200,11.8800,3686500
20131120,12.2900,12.3800,11.9000,12.0000,5771200
20131121,12.1300,12.2700,11.9900,12.2200,3312900
20131122,12.0500,12.4500,12.0000,12.2100,3313900
20131125,11.9300,12.1300,11.8800,11.9000,2065000
20131126,12.2800,12.3300,11.9000,11.9000,2663700
20131127,12.2900,12.4000,12.0600,12.1800,2660300
20131128,12.4000,12.7500,12.3100,12.3100,4981200
20131129,12.3500,12.5300,12.1500,12.5000,3623000
20131202,11.1700,12.1000,11.1200,12.0200,3796600
20131203,11.4400,11.5500,11.0000,11.1100,2148200
20131204,12.2000,12.2900,11.4400,11.4400,3289800
20131205,11.8400,12.5000,11.7800,12.4200,4857600
20131206,11.4400,11.8400,11.3700,11.6400,3046000
20131209,11.6300,11.6700,11.4600,11.4900,1378800
20131210,11.2900,11.7200,11.2000,11.6300,2964600
20131211,11.1200,11.2800,10.8900,11.2800,2823200
20131212,11.4500,11.5300,11.0500,11.1000,2381800
20131213,11.5700,11.6500,11.2500,11.4000,1808900
20131216,11.5200,11.6500,11.4000,11.6000,1315700
20131217,11.7400,11.8500,11.4900,11.4900,2471400
20131218,11.7900,11.9900,11.7500,11.7500,2526000
20131219,11.6700,11.9400,11.6700,11.7900,2025900
20131220,11.2700,11.6600,11.1900,11.6600,1606900
20131223,11.3600,11.8900,11.2800,11.3300,867300
20131224,11.2700,11.5200,11.1700,11.3600,1435900
20131225,11.7000,11.7000,11.1900,11.2700,1915200
20131226,11.7900,12.0900,11.7000,11.7900,4185500
20131227,12.2100,12.3500,11.8000,11.8000,4386100
20131230,12.2900,12.6000,12.2100,12.3600,3241200
20131231,12.4400,12.4600,12.1000,12.3000,2619800
20140101,12.4400,12.4400,12.4400,12.4400,0
20140102,12.7400,12.7500,12.3000,12.4000,3256900
20140103,13.3100,13.3100,12.5800,12.6800,5621000
20140106,12.7000,13.2600,12.6100,13.2600,4999200
20140107,12.9200,13.0600,12.3300,12.4500,2632600
20140108,12.9800,13.1800,12.5000,12.8800,2662900
20140109,12.8000,13.2900,12.6900,12.9800,3638700
20140110,12.6500,12.9500,12.1500,12.8600,3528400
20140113,12.3200,12.6600,12.2700,12.6600,1331100
20140114,12.6700,12.7900,12.2700,12.2700,2751800
20140115,13.1000,13.2000,12.6900,12.8300,3343700
20140116,13.0000,13.2800,12.8800,13.1100,1831400
20140117,12.8500,13.0800,12.8000,13.0100,1357000
20140120,12.5000,12.9600,12.3600,12.8000,2510700
20140121,12.6200,12.6200,12.3900,12.5300,2632100
20140122,13.8800,13.8800,12.6100,12.6100,8862900
20140123,14.1800,14.2000,13.6100,13.9500,7652400
20140124,13.8100,14.4800,13.8100,14.1800,9106100
20140127,14.2500,14.4500,13.9500,13.9600,6048200
20140128,14.2800,14.3800,14.0000,14.1400,3499000
20140129,14.5000,14.6900,14.1800,14.2800,3564000
20140130,15.0000,15.1800,14.3000,14.5000,4065800
20140131,15.0000,15.0000,15.0000,15.0000,0
20140203,15.0000,15.0000,15.0000,15.0000,0
20140205,15.0000,15.0000,15.0000,15.0000,0
20140206,15.0000,15.0000,15.0000,15.0000,0
20140207,15.1400,15.4800,14.6800,15.0000,4593900
20140210,15.3900,15.6700,14.8900,15.1400,5120500
20140211,15.4400,15.9500,15.1700,15.4000,5690000
20140212,15.3100,15.4800,14.8900,15.3000,4646900
20140213,15.6000,16.1500,15.1500,15.3500,5395800
20140214,17.1600,17.1600,15.4500,15.4500,10066300
20140217,17.6300,17.8500,16.7100,17.6800,9275700
20140218,17.4000,17.8800,17.0200,17.4600,7320200
20140219,17.2000,18.0800,17.0000,17.3400,7095600
20140220,16.2900,17.0700,16.1800,17.0000,6409800
20140221,16.4300,16.8700,16.0000,16.1900,3972300
20140224,16.1100,16.3600,15.7100,16.2000,2971200
20140225,14.7500,16.7600,14.6000,16.3600,6090100
