20130226,8.1300,8.3300,8.0700,8.0800,5097300
20130227,7.6600,8.2000,7.6500,8.1600,7766800
20130228,7.7500,7.7600,7.5800,7.6900,8690300
20130301,7.7500,7.7800,7.6800,7.7400,6003200
20130304,7.3700,7.7100,7.3400,7.7100,4992900
20130305,7.5200,7.5700,7.3700,7.4200,2481700
20130306,7.7000,7.7200,7.4900,7.5000,3939700
20130307,7.6800,7.7400,7.5900,7.6900,3536200
20130308,7.6600,7.7500,7.6200,7.6900,2248400
20130311,7.7200,7.7300,7.5900,7.6500,2305700
20130312,7.5500,7.7500,7.4500,7.7200,3217500
20130313,7.7800,7.7900,7.4700,7.5700,7795200
20130314,7.6700,7.8700,7.5500,7.8300,4897400
20130315,7.4000,7.6500,7.3400,7.6000,4565800
20130318,7.2100,7.4000,7.1800,7.3500,2220200
20130319,7.2700,7.2700,7.1500,7.2100,1223800
20130320,7.4000,7.4000,7.2500,7.2800,2128900
20130321,7.4400,7.4700,7.3500,7.4000,2440500
20130322,7.4100,7.4400,7.3600,7.4000,1619000
20130325,7.5300,7.6200,7.4300,7.4500,3455800
20130326,7.6000,7.7100,7.4500,7.4800,7249700
20130327,7.5600,7.6700,7.5200,7.6300,4727900
20130328,7.4200,7.4800,7.2900,7.4800,3721000
20130329,7.7200,7.7700,7.4500,7.5900,9535900
20130401,7.5500,7.7600,7.4800,7.7600,4227300
20130402,7.3200,7.5900,7.2700,7.5600,3646000
20130403,7.2200,7.3500,7.1600,7.3100,2576200
20130404,7.2200,7.2200,7.2200,7.2200,0
20130405,7.2200,7.2200,7.2200,7.2200,0
20130408,7.1600,7.1700,6.9500,7.0800,1820100
20130409,7.2900,7.2900,7.1200,7.1600,2099900
20130410,7.0500,7.1100,6.9800,7.0900,1656300
20130411,7.1800,7.2500,6.9500,7.0000,6564300
20130412,7.1700,7.2600,7.0700,7.1800,2343600
20130415,7.1200,7.1700,6.9900,7.1700,2289400
20130416,7.2800,7.3100,6.9700,7.0800,7012600
20130417,7.0700,7.2900,6.9900,7.2400,7410800
20130418,6.9500,6.9800,6.8600,6.9700,4383600
20130419,7.0600,7.0800,6.9300,6.9500,2803900
20130422,7.0500,7.0700,6.9700,7.0400,2115000
20130423,6.9000,7.0900,6.8800,7.0700,2468600
20130424,7.0100,7.0400,6.8600,6.8600,1919000
20130425,6.9100,7.0100,6.8600,7.0100,1780300
20130426,6.5300,6.7900,6.5100,6.7500,4728100
20130429,6.5300,6.5300,6.5300,6.5300,0
20130430,6.5300,6.5300,6.5300,6.5300,0
20130501,6.5300,6.5300,6.5300,6.5300,0
20130502,6.5300,6.5700,6.4900,6.5400,1296400
20130503,6.6300,6.6300,6.5300,6.5400,2212400
20130506,6.6400,6.6900,6.6100,6.6400,2246700
20130507,6.6500,6.7100,6.6300,6.6600,1594500
20130508,6.7000,6.7000,6.6300,6.6500,1959200
20130509,6.7200,6.7200,6.6400,6.7000,2208600
20130510,6.8400,6.9000,6.6800,6.7300,3310500
20130513,6.8300,6.8500,6.7700,6.8400,2233700
20130514,6.7100,6.8100,6.6500,6.7800,1746800
20130515,6.7900,6.8400,6.7100,6.7100,1167300
20130516,6.8600,6.8600,6.7500,6.7900,2248400
20130517,6.9100,6.9500,6.8200,6.8500,3556400
20130520,7.0000,7.0100,6.9200,6.9300,3889900
20130521,7.0400,7.0600,6.9500,7.0300,2687500
20130522,6.9500,7.0500,6.9200,7.0500,2773100
20130523,6.9700,7.1000,6.9200,6.9400,4667600
20130524,7.0300,7.0300,6.9400,6.9700,2061100
20130527,7.0800,7.1100,7.0000,7.0200,2483600
20130528,7.1900,7.1900,6.9600,7.0700,4488800
20130529,7.3400,7.5500,7.3000,7.3000,13584300
20130530,7.3600,7.3600,7.1800,7.2800,5218200
20130531,7.3800,7.4700,7.3000,7.3700,5222400
20130603,7.2800,7.4400,7.2100,7.3800,3606900
20130604,7.0600,7.2800,7.0100,7.2800,2855400
20130605,7.0800,7.1100,7.0200,7.0200,1685200
20130606,6.9700,7.1200,6.9600,7.0700,1846800
20130607,6.7900,7.0200,6.7000,6.9600,2062600
20130610,6.7900,6.7900,6.7900,6.7900,0
20130611,6.7900,6.7900,6.7900,6.7900,0
20130612,6.7900,6.7900,6.7900,6.7900,0
20130613,6.5200,6.7400,6.5000,6.7400,1918200
20130614,6.6100,6.6200,6.5300,6.5500,1245700
20130617,6.6200,6.7000,6.5400,6.6100,1514300
20130618,6.6600,6.6900,6.5200,6.6500,1537100
20130619,6.6000,6.6600,6.5000,6.6000,2300900
20130620,6.5600,6.8100,6.5200,6.5200,3816900
20130621,6.4000,6.4500,6.2000,6.4500,1708000
20130624,6.0000,6.3900,5.9500,6.3700,1913400
20130625,5.8700,6.1100,5.4600,5.9400,2047600
20130626,5.9400,5.9800,5.7300,5.8700,1759100
20130627,6.1500,6.2800,5.9200,5.9300,3023900
20130628,6.3900,6.5800,6.0200,6.0500,4421100
20130701,6.3800,6.5000,6.2000,6.5000,1425900
20130702,6.4200,6.6500,6.3100,6.6500,3015400
20130703,6.4300,6.5300,6.3400,6.3900,2712400
20130704,6.2400,6.4300,6.2400,6.4300,3397300
20130705,6.1300,6.2700,6.1100,6.2400,2012900
20130708,5.9500,6.1900,5.9500,6.0500,1804000
20130709,5.9400,6.0000,5.9100,5.9200,943300
20130710,6.1000,6.2000,5.9000,5.9300,1931700
20130711,6.2700,6.3900,6.0700,6.0900,5182100
20130712,6.1900,6.3100,6.1800,6.2500,2263700
20130715,6.2100,6.2500,6.1500,6.1900,2744100
20130716,6.3000,6.3500,6.1800,6.2000,2694900
20130717,6.1100,6.3100,6.1000,6.3000,2309600
20130718,6.0100,6.1200,6.0000,6.0800,1802500
20130719,5.8600,6.0700,5.8100,6.0400,1598400
20130722,5.8800,5.8900,5.8000,5.8600,1189100
20130723,6.0400,6.0400,5.8800,5.8900,1554500
20130724,6.0500,6.0600,5.9300,6.0200,1739600
20130725,5.9800,6.0700,5.9300,6.0400,1239700
20130726,5.9800,6.0300,5.9200,5.9600,1040600
20130729,5.8400,5.9800,5.8300,5.9700,1300600
20130730,5.9100,6.0000,5.7500,5.8700,1689300
20130731,5.8800,5.9600,5.8300,5.9500,1183700
20130801,6.0200,6.0200,5.8600,5.8600,1776500
20130802,6.2300,6.2700,6.0100,6.0300,3927000
20130805,6.3800,6.4100,6.1500,6.2200,5890400
20130806,6.4900,6.5400,6.2300,6.3000,6678100
20130807,6.5300,6.9000,6.4100,6.4500,11937400
20130808,6.4300,6.5800,6.4100,6.5400,3447200
20130809,6.3700,6.4800,6.2400,6.4800,3252100
20130812,6.4500,6.4500,6.3200,6.3700,2449300
20130813,6.4900,6.5400,6.3700,6.4500,2104100
20130814,6.3900,6.5300,6.3900,6.5300,2122500
20130815,6.3800,6.4200,6.3600,6.3600,1669300
20130816,6.3000,6.5000,6.2800,6.3900,2091600
20130819,6.4000,6.4200,6.2300,6.2800,1244200
20130820,6.4000,6.4700,6.3500,6.3800,1394800
20130821,6.4000,6.4100,6.3000,6.3900,1493500
20130822,6.4200,6.4800,6.4000,6.4000,2185700
20130823,6.2900,6.4700,6.1800,6.4300,2083100
20130826,6.3900,6.4200,6.2000,6.2700,2238200
20130827,6.5100,6.5300,6.3800,6.3900,3277500
20130828,6.3900,6.4800,6.3900,6.4700,2907300
20130829,6.3600,6.4300,6.3100,6.4100,2246100
20130830,6.3400,6.4200,6.3200,6.3700,2837400
20130902,6.5200,6.5500,6.3100,6.3500,3893800
20130903,6.5600,6.5800,6.4800,6.5300,3105900
20130904,6.5100,6.5900,6.4800,6.5700,1996500
20130905,6.4700,6.5400,6.4400,6.5300,1618200
20130906,6.5000,6.5100,6.4400,6.4400,1474400
20130909,6.6500,6.6500,6.5100,6.5300,3262100
20130910,6.6600,6.6600,6.5600,6.6500,2555600
20130911,6.9100,6.9400,6.6100,6.6600,6632300
20130912,6.8600,7.1400,6.7800,6.8700,9424800
20130913,6.8400,6.9200,6.7100,6.7900,4967100
20130916,6.6900,6.8700,6.6900,6.8700,2988800
20130917,6.5900,6.7700,6.5800,6.7000,2479900
20130918,6.6300,6.6600,6.5400,6.5400,1448700
20130920,6.6300,6.6300,6.6300,6.6300,0
20130923,6.7500,6.7700,6.6000,6.6300,2089400
20130924,6.6800,6.7400,6.6000,6.7400,2260000
20130925,6.8700,6.9200,6.6300,6.6800,5012100
20130926,6.6100,6.8700,6.5500,6.8200,2750400
20130927,6.5800,6.6600,6.5600,6.6000,1476400
20130930,6.6300,6.6700,6.5800,6.6000,1412400
20131001,6.6300,6.6300,6.6300,6.6300,0
20131002,6.6300,6.6300,6.6300,6.6300,0
20131003,6.6300,6.6300,6.6300,6.6300,0
20131004,6.6300,6.6300,6.6300,6.6300,0
20131007,6.6300,6.6300,6.6300,6.6300,0
20131008,6.7900,6.7900,6.6100,6.6300,2440700
20131009,6.7900,6.8100,6.6900,6.7600,2103500
20131010,6.8200,6.9700,6.7800,6.8000,4270400
20131011,6.8900,6.9100,6.8000,6.8600,2846800
20131014,6.9100,6.9500,6.8400,6.8900,2982400
20131015,6.8000,6.9300,6.7800,6.9200,2830900
20131016,6.6000,6.8800,6.5700,6.8000,2718100
20131017,6.6200,6.7000,6.6100,6.6500,1932000
20131018,6.6500,6.7200,6.6000,6.6300,1810600
20131021,6.8300,6.8800,6.6200,6.6600,3078600
20131022,6.8700,6.9400,6.8000,6.8500,4065600
20131023,6.6500,6.9000,6.6200,6.8900,2776700
20131024,6.5600,6.6900,6.5400,6.6500,1859500
20131025,6.3800,6.6000,6.3500,6.5800,2404100
20131028,6.3400,6.4300,6.2700,6.3900,1585900
20131029,6.1300,6.3800,6.0400,6.3500,2180700
20131030,6.2100,6.2100,6.1000,6.1900,1209400
20131031,6.2400,6.2700,6.1400,6.2300,1466600
20131101,6.3200,6.4100,6.1800,6.2300,1981300
20131104,6.4800,6.5900,6.2300,6.2800,2055400
20131105,6.5000,6.5100,6.3800,6.4600,2982200
20131106,6.3100,6.4800,6.2900,6.4800,1582700
20131107,6.3000,6.3200,6.2300,6.2700,1115900
20131108,6.2300,6.3000,6.1600,6.2600,1087500
20131111,6.2500,6.2700,6.2000,6.2100,872300
20131112,6.3200,6.3300,6.2000,6.2800,1805200
20131113,6.2100,6.3400,6.1900,6.3400,982800
20131114,6.3000,6.3600,6.1700,6.2500,1914800
20131115,6.3800,6.4300,6.3000,6.3000,3124500
20131118,6.4600,6.4800,6.3500,6.3500,2648800
20131119,6.4500,6.4900,6.4000,6.4600,1877600
20131120,6.5000,6.5200,6.4300,6.4500,1982200
20131121,6.4200,6.4900,6.3600,6.4900,1790000
20131122,6.4500,6.4600,6.4000,6.4100,1486800
20131125,6.4600,6.5100,6.4100,6.4400,1799900
20131126,6.4700,6.5000,6.4300,6.4300,1343700
20131127,6.5200,6.5400,6.4500,6.4500,2031500
20131128,6.5400,6.6100,6.5300,6.5600,2597100
20131129,6.5900,6.6200,6.5200,6.5500,1857500
20131202,6.2200,6.5300,6.1900,6.5000,3263000
20131203,6.3500,6.3700,6.1600,6.2200,2359100
20131204,6.4800,6.5200,6.3200,6.3200,2640300
20131205,6.5200,6.5600,6.4700,6.4800,2168700
20131206,6.5500,6.6400,6.5000,6.5300,2327700
20131209,6.6400,6.6400,6.5400,6.5500,2308200
20131210,6.6000,6.6600,6.5600,6.6400,2544500
20131211,6.4600,6.5800,6.4200,6.5700,2129100
20131212,6.6300,6.6800,6.4700,6.4900,2665500
20131213,6.6400,6.6500,6.5600,6.6300,1843800
20131216,6.5300,6.6900,6.5300,6.6400,2514700
20131217,6.6300,6.6500,6.5300,6.5800,2423300
20131218,6.5500,6.7300,6.5200,6.6500,2892600
20131219,6.4500,6.6000,6.4500,6.5500,2019900
20131220,6.3200,6.4700,6.3000,6.4700,1542800
20131223,6.2900,6.3400,6.1900,6.3400,934700
20131224,6.3500,6.4200,6.2800,6.3000,1134100
20131225,6.4000,6.4200,6.3100,6.3400,931700
20131226,6.3100,6.4500,6.3100,6.4200,1206500
20131227,6.5300,6.5700,6.2600,6.3100,1939300
20131230,6.5900,6.7000,6.4900,6.5200,1840200
20131231,6.5900,6.6400,6.5100,6.5700,1570900
20140101,6.5900,6.5900,6.5900,6.5900,0
20140102,6.5800,6.6400,6.5400,6.5600,1605100
20140103,6.6600,6.6700,6.5400,6.5900,2803600
20140106,6.4600,6.6500,6.4100,6.6500,1959500
20140107,6.6300,6.6600,6.3500,6.4200,2232700
20140108,6.6600,6.6800,6.5800,6.6200,2909600
20140109,6.4800,6.7200,6.4800,6.6800,2323000
20140110,6.2300,6.4600,6.1700,6.4600,2552200
20140113,6.2600,6.3000,6.1800,6.2400,1108900
20140114,6.3400,6.3500,6.2300,6.2700,954800
20140115,6.3300,6.3700,6.2700,6.3500,989200
20140116,6.3200,6.3900,6.2700,6.3300,1199300
20140117,6.2000,6.3200,6.1900,6.3200,1117000
20140120,6.1600,6.2300,6.1500,6.1600,885100
20140121,6.2600,6.2800,6.1500,6.1600,817700
20140122,6.3800,6.3900,6.2300,6.2500,1079900
20140123,6.4000,6.4100,6.3500,6.3700,1065600
20140124,6.4300,6.4900,6.3700,6.4000,1954600
20140127,6.3700,6.4500,6.3600,6.4100,1050400
20140128,6.3100,6.4100,6.2700,6.3700,1289000
20140129,6.3500,6.3600,6.3000,6.3000,876400
20140130,6.3600,6.3800,6.3100,6.3500,866400
20140131,6.3600,6.3600,6.3600,6.3600,0
20140203,6.3600,6.3600,6.3600,6.3600,0
20140205,6.3600,6.3600,6.3600,6.3600,0
20140206,6.3600,6.3600,6.3600,6.3600,0
20140207,6.4400,6.4400,6.3200,6.3200,1358700
20140210,6.5800,6.6200,6.4400,6.4500,2503300
20140211,6.5600,6.6000,6.4900,6.5700,1834400
20140212,6.6700,6.6800,6.5300,6.5500,3528200
20140213,6.5900,6.7000,6.5800,6.6600,2539300
20140214,6.8300,6.8500,6.5500,6.5800,5665400
20140217,7.0100,7.1000,6.7900,6.8700,6491800
20140218,6.9500,7.0500,6.8900,6.9900,4253200
20140219,6.9700,7.0400,6.9000,6.9500,3709900
20140220,6.8000,6.9900,6.7800,6.9900,4154800
20140221,6.7600,6.8900,6.7100,6.7700,2072400
20140224,6.8500,6.8500,6.6700,6.7100,2459600
20140225,6.6700,7.0200,6.6100,6.8500,4733200
