20130226,8.3300,8.6000,8.3200,8.5100,1516800
20130227,8.2400,8.4100,8.1500,8.3400,1944800
20130228,8.4200,8.4200,8.2100,8.2700,1899500
20130301,8.4700,8.5300,8.3800,8.4300,1624500
20130304,8.1600,8.4100,8.1200,8.4100,2082600
20130305,8.3800,8.4100,8.1000,8.1800,1482900
20130306,8.4500,8.4500,8.3500,8.3900,2596500
20130307,8.3800,8.5000,8.3100,8.4400,1923900
20130308,8.4000,8.4700,8.3300,8.3800,1189200
20130311,8.3700,8.4400,8.3000,8.4200,817200
20130312,8.0700,8.4200,8.0000,8.3700,1852600
20130313,8.0400,8.1700,7.9600,8.0800,835700
20130314,8.0500,8.1500,8.0000,8.0400,1128400
20130315,8.3500,8.5000,7.9900,8.0500,3091600
20130318,8.1300,8.3300,8.1100,8.2700,1196800
20130319,8.1600,8.1800,8.0200,8.1000,784900
20130320,8.3400,8.3400,8.1600,8.1600,1171200
20130321,8.3300,8.4000,8.2900,8.3400,1525900
20130322,8.3400,8.4200,8.3000,8.3300,1207200
20130325,8.3800,8.3900,8.3100,8.3100,840000
20130326,8.2400,8.3900,8.1700,8.3900,964000
20130327,8.3100,8.3800,8.2000,8.2000,754800
20130328,8.2000,8.3100,8.0300,8.2800,1189600
20130329,8.1400,8.2000,8.1000,8.1500,566300
20130401,8.0600,8.1400,8.0300,8.0300,744800
20130402,8.0000,8.1200,8.0000,8.0900,541900
20130403,7.7800,8.0400,7.7500,7.9700,1113100
20130404,7.7800,7.7800,7.7800,7.7800,0
20130405,7.7800,7.7800,7.7800,7.7800,0
20130408,7.9200,7.9800,7.6200,7.7100,955000
20130409,8.0000,8.0600,7.9000,7.9000,523200
20130410,7.8800,7.9800,7.8000,7.9600,998500
20130411,7.8300,7.9100,7.7900,7.8800,756600
20130412,7.7700,7.8800,7.7500,7.8000,396500
20130415,7.6300,7.8200,7.6200,7.7000,492500
20130416,7.7600,7.8000,7.5300,7.6300,391900
20130417,7.8100,7.8200,7.7000,7.7500,385100
20130418,7.8500,7.9200,7.7200,7.7700,466800
20130419,7.9800,8.0100,7.8400,7.8400,762300
20130422,8.0800,8.2000,7.8800,7.8800,861500
20130423,7.8500,8.1000,7.8100,8.1000,743100
20130424,7.9600,8.0200,7.8300,7.8500,663800
20130425,8.0700,8.1000,7.8100,7.9400,1673700
20130426,8.0000,8.0800,7.8500,8.0300,748800
20130429,8.0000,8.0000,8.0000,8.0000,0
20130430,8.0000,8.0000,8.0000,8.0000,0
20130501,8.0000,8.0000,8.0000,8.0000,0
20130502,7.8400,7.9700,7.8200,7.9700,673600
20130503,7.9900,8.0400,7.8400,7.9100,876100
20130506,8.1100,8.1300,7.9500,7.9500,1272800
20130507,8.0400,8.1000,7.9800,8.1000,765100
20130508,8.1800,8.1900,8.0300,8.0300,1295300
20130509,8.1500,8.2000,8.0600,8.2000,948600
20130510,8.3800,8.5000,8.1000,8.1200,3342900
20130513,8.4800,8.5400,8.3000,8.4000,1677800
20130514,8.3400,8.5200,8.2300,8.4000,1316600
20130515,8.4100,8.4100,8.2700,8.4000,676700
20130516,8.3700,8.4500,8.3300,8.3900,1201600
20130517,8.4100,8.4500,8.3200,8.3700,1842900
20130520,8.5800,8.5900,8.4000,8.4300,2492900
20130521,8.5800,8.6300,8.4800,8.5800,1857200
20130522,8.4400,8.6600,8.4100,8.5400,1621600
20130523,8.3600,8.5100,8.3000,8.4100,1334900
20130524,8.4400,8.4700,8.3000,8.3400,1438200
20130527,8.5200,8.5800,8.3800,8.4400,1437600
20130528,8.4700,8.5400,8.4000,8.5200,1450400
20130529,8.6500,8.7300,8.4500,8.4700,4063000
20130530,8.6300,8.7200,8.5500,8.6000,2651400
20130531,8.6600,8.7200,8.5900,8.6800,2149000
20130603,8.7800,8.8000,8.6100,8.6600,3149200
20130604,8.4200,8.8200,8.3600,8.8200,2819200
20130605,8.3000,8.4500,8.2100,8.4000,1989800
20130606,8.2400,8.3600,8.2400,8.2900,994500
20130607,8.0500,8.3100,8.0100,8.2700,1430100
20130610,8.0500,8.0500,8.0500,8.0500,0
20130611,8.0500,8.0500,8.0500,8.0500,0
20130612,8.0500,8.0500,8.0500,8.0500,0
20130613,7.8900,8.1500,7.6600,8.0000,1131300
20130614,7.9900,8.1000,7.8400,7.8900,764400
20130617,7.9900,8.0600,7.8900,8.0400,893800
20130618,7.9800,8.0700,7.9000,8.0700,738600
20130619,7.7500,7.9500,7.7300,7.9500,1363100
20130620,7.6300,7.8300,7.6300,7.7500,908200
20130621,7.5800,7.6400,7.4700,7.6000,1196300
20130624,7.2000,7.6500,7.0500,7.6500,945900
20130625,6.9000,7.0600,6.5100,7.0600,2224600
20130626,7.0900,7.2000,6.7300,6.9600,1678700
20130627,6.9300,7.1800,6.8600,7.1200,1040700
20130628,6.8800,7.0500,6.7800,6.8600,1420400
20130701,6.9000,6.9300,6.6900,6.8300,1706100
20130702,6.9800,6.9800,6.8000,6.9000,1293800
20130703,6.8700,6.9700,6.7600,6.9700,1296600
20130704,6.9400,6.9800,6.7900,6.8400,2282400
20130705,6.9200,7.0300,6.8700,6.9200,1413200
20130708,6.7200,6.9300,6.6200,6.9300,1378700
20130709,6.6200,6.7800,6.5900,6.7100,1420300
20130710,6.8100,6.8200,6.6200,6.6200,1123700
20130711,7.0200,7.1000,6.7900,6.8100,1944400
20130712,6.9100,7.0600,6.8800,7.0000,1463800
20130715,6.9800,7.0300,6.8900,6.9100,1820900
20130716,7.1000,7.1000,6.9400,6.9800,1692500
20130717,6.9700,7.1300,6.9700,7.1300,1444700
20130718,6.9400,7.0200,6.9000,6.9600,1102400
20130719,6.8500,7.0300,6.8500,6.9400,1087000
20130722,6.8700,6.8700,6.7600,6.8200,974900
20130723,7.0600,7.0700,6.8300,6.8700,2155300
20130724,7.0600,7.1000,6.9400,7.0400,1591500
20130725,7.0900,7.1900,7.0500,7.0600,2945900
20130726,7.2900,7.3100,7.0000,7.0800,3161500
20130729,7.1400,7.3800,7.1000,7.2900,2391100
20130730,7.0900,7.2000,6.9700,7.1800,1502300
20130731,7.1600,7.2000,7.1000,7.1500,1419000
20130801,7.3300,7.3500,7.1300,7.1700,2293200
20130802,7.3000,7.3800,7.2800,7.3500,1834500
20130805,7.4000,7.4000,7.2400,7.3000,1804900
20130806,7.4000,7.4400,7.3100,7.4000,1584600
20130807,7.2800,7.4600,7.2600,7.4100,2019600
20130808,7.2800,7.3500,7.2500,7.2700,1379900
20130809,7.3600,7.3900,7.2200,7.3200,1562800
20130812,7.4700,7.4800,7.3400,7.4000,1871900
20130813,7.5600,7.6000,7.4400,7.4400,2213700
20130814,7.4800,7.6700,7.4400,7.5400,2344400
20130815,7.4400,7.5300,7.4000,7.4800,1716800
20130816,7.5600,7.6700,7.3700,7.4100,3727400
20130819,7.8600,7.8900,7.5000,7.5300,6945200
20130820,8.2000,8.2000,7.5000,7.8600,8363300
20130821,8.5500,8.6600,8.0100,8.0100,11098700
20130822,8.5200,8.6200,8.4200,8.5400,6080200
20130823,8.7400,8.8300,8.4100,8.4600,7612100
20130826,8.8600,9.3500,8.7000,8.7500,12450900
20130827,8.8300,8.8900,8.7400,8.8400,3710100
20130828,8.6200,8.8100,8.5800,8.5800,2731100
20130829,9.0000,9.0400,8.4200,8.6200,3225700
20130830,8.8700,9.1400,8.8000,8.8900,3268700
20130902,9.3200,9.5600,8.8300,8.8300,13846600
20130903,9.4100,9.8800,9.2300,9.3200,15083900
20130904,9.2000,9.5000,9.1500,9.1600,6718500
20130905,9.1000,9.4000,8.9700,9.2400,7396200
20130906,8.9900,9.1500,8.6000,8.9600,7290600
20130909,9.6000,9.7400,8.9900,9.0000,13254400
20130910,9.8800,10.0700,9.5400,9.6000,12553800
20130911,9.7500,10.1500,9.5400,9.7900,11094500
20130912,9.6900,9.9000,9.5100,9.6700,4123800
20130913,9.9400,10.0800,9.6000,9.6900,7014800
20130916,10.2200,10.4700,9.9400,9.9600,8327000
20130917,9.8200,10.4900,9.7300,10.3500,6841700
20130918,9.3000,9.7000,9.3000,9.5000,6539500
20130920,9.3000,9.3000,9.3000,9.3000,0
20130923,9.5900,9.7000,9.3500,9.3500,9033600
20130924,9.5000,9.6700,9.3900,9.6100,4755500
20130925,9.6000,9.9800,9.5600,9.6000,10266300
20130926,9.4800,9.6700,9.3700,9.4000,4968500
20130927,9.5200,9.7300,9.3100,9.5700,4031100
20130930,9.7900,9.9400,9.6000,9.6000,8716300
20131001,9.7900,9.7900,9.7900,9.7900,0
20131002,9.7900,9.7900,9.7900,9.7900,0
20131003,9.7900,9.7900,9.7900,9.7900,0
20131004,9.7900,9.7900,9.7900,9.7900,0
20131007,9.7900,9.7900,9.7900,9.7900,0
20131008,10.1500,10.2800,9.6500,9.7800,12245600
20131009,10.4000,10.6500,10.0600,10.1900,16713200
20131010,10.0600,10.7800,9.9800,10.4900,15420700
20131011,9.8100,10.1800,9.5000,9.8000,14881800
20131014,9.3000,10.2000,9.3000,9.8400,16908600
20131015,8.8800,9.3700,8.8600,9.3600,13979300
20131016,8.6400,8.9400,8.5900,8.9200,9234100
20131017,8.7400,8.8100,8.6700,8.7400,3930000
20131018,8.7800,8.8500,8.6000,8.8200,3796300
20131021,8.9500,8.9700,8.7400,8.8200,4737500
20131022,8.6800,8.9600,8.6500,8.9600,4931100
20131023,8.6200,8.8000,8.5600,8.6900,3475600
20131024,8.6000,8.6600,8.5600,8.5600,2061300
20131025,8.3700,8.6500,8.3200,8.6500,2861000
20131028,8.4400,8.4800,8.3500,8.3800,1751100
20131029,7.9500,8.4800,7.7800,8.4400,3815500
20131030,8.1200,8.1300,7.9100,7.9800,1943300
20131031,8.0400,8.0800,7.9800,8.0800,1522000
20131101,8.0600,8.0900,7.9600,8.0200,1819600
20131104,8.2000,8.2000,7.9800,8.0600,1736900
20131105,8.2500,8.2600,8.0700,8.1700,1834200
20131106,8.1800,8.3500,8.1800,8.2300,1946400
20131107,8.2000,8.2000,7.9400,8.1600,1763400
20131108,8.0600,8.1700,7.9600,8.1000,1492200
20131111,8.0400,8.0800,7.8900,8.0500,1163500
20131112,8.1800,8.1800,8.0300,8.0700,1841900
20131113,7.9900,8.1600,7.9800,8.1500,1022400
20131114,8.1300,8.1400,7.9300,7.9600,1092900
20131115,8.3500,8.4300,8.1400,8.1700,3728200
20131118,8.5800,8.6000,8.3300,8.3600,3613000
20131119,8.4900,8.6100,8.4500,8.5800,2411700
20131120,8.6600,8.6700,8.4600,8.4900,2626800
20131121,8.5700,8.6700,8.4800,8.6700,1910800
20131122,8.4100,8.6200,8.4100,8.5400,2622000
20131125,8.4800,8.5600,8.3500,8.4000,1487600
20131126,8.5900,8.6000,8.4300,8.4700,1908800
20131127,8.7800,8.7900,8.5100,8.5900,2895800
20131128,8.7600,8.8300,8.7200,8.7600,2792400
20131129,8.8000,8.8300,8.7100,8.7600,2371900
20131202,8.1000,8.6000,8.0100,8.6000,4820200
20131203,8.3000,8.3500,8.0400,8.0700,1897500
20131204,8.4500,8.5300,8.2500,8.3100,2167100
20131205,8.4400,8.5000,8.3800,8.4500,3158800
20131206,8.6900,8.7700,8.4100,8.4300,5320900
20131209,8.7400,8.8800,8.6800,8.7300,4885000
20131210,8.7500,8.8200,8.6800,8.7700,5191000
20131211,8.6000,8.7700,8.5100,8.7600,4529400
20131212,8.7400,8.7800,8.5400,8.6000,4831600
20131213,9.0800,9.0800,8.6800,8.7300,10077200
20131216,9.1100,9.2500,8.9500,9.1400,9134200
20131217,8.9400,9.1500,8.8000,9.1200,4987100
20131218,8.8800,9.0300,8.8300,8.9300,3576100
20131219,9.0500,9.0700,8.8500,8.8900,5524600
20131220,8.7300,9.1100,8.7300,9.0500,4215600
20131223,8.3800,8.7400,8.2500,8.7000,3923300
20131224,8.4600,8.5700,8.3000,8.3900,2112100
20131225,8.6300,8.6400,8.3700,8.4900,2379600
20131226,8.5600,8.7600,8.5400,8.6500,3163000
20131227,8.7800,8.8300,8.5300,8.5500,2838400
20131230,8.8800,9.0400,8.8000,8.8100,3076900
20131231,8.9000,8.9400,8.7800,8.8400,2210500
20140101,8.9000,8.9000,8.9000,8.9000,0
20140102,8.9500,9.0400,8.8300,8.8300,2613600
20140103,8.7200,8.9800,8.7200,8.9200,3527900
20140106,8.4700,8.7000,8.3900,8.6600,2966800
20140107,8.5000,8.5400,8.3200,8.4300,1560400
20140108,8.5200,8.6700,8.4600,8.4600,1752900
20140109,8.3200,8.6000,8.3000,8.4800,2192600
20140110,7.9400,8.3300,7.9100,8.2900,2883300
20140113,7.8300,8.0400,7.7600,7.9500,2088600
20140114,8.0900,8.0900,7.8300,7.8300,1700300
20140115,8.1800,8.2000,8.0400,8.0800,1479300
20140116,8.1900,8.2600,8.1200,8.1600,1375200
20140117,8.0400,8.1900,8.0000,8.1900,1517500
20140120,7.9700,8.0900,7.9300,7.9300,907500
20140121,8.1000,8.1500,7.9800,8.0500,1069600
20140122,8.2700,8.3100,8.1000,8.1000,1998800
20140123,8.3600,8.4500,8.2500,8.2700,2303000
20140124,8.3700,8.4900,8.3300,8.3500,2424000
20140127,8.4800,8.5900,8.3400,8.3600,2895200
20140128,8.4900,8.5800,8.4000,8.4500,1802500
20140129,8.6100,8.6300,8.4300,8.5000,2003300
20140130,8.5800,8.6900,8.5300,8.6000,2046500
20140131,8.5800,8.5800,8.5800,8.5800,0
20140203,8.5800,8.5800,8.5800,8.5800,0
20140205,8.5800,8.5800,8.5800,8.5800,0
20140206,8.5800,8.5800,8.5800,8.5800,0
20140207,8.7000,8.7000,8.5000,8.5100,2237100
20140210,8.8800,8.9500,8.6800,8.6900,3975000
20140211,9.0000,9.2300,8.8600,8.9100,5869800
20140212,9.2000,9.2200,8.9300,9.0000,4549200
20140213,8.9100,9.1900,8.8800,9.1900,4412400
20140214,9.4400,9.5000,8.9200,8.9200,7672600
20140217,9.4800,9.7000,9.3900,9.5200,5963100
20140218,9.5600,9.6400,9.3400,9.5100,5661100
20140219,9.5400,9.8300,9.4300,9.5300,6089400
20140220,9.2300,9.6300,9.1700,9.5300,5930900
20140221,9.1200,9.3700,9.0100,9.2100,3871700
20140224,9.2900,9.2900,9.0200,9.0800,3860100
20140225,9.0800,9.6500,8.9200,9.3500,8232500
