20130226,20.2100,21.3400,20.0200,20.7900,7485400
20130227,19.9700,20.5700,19.5200,20.2500,4019800
20130228,20.7000,20.8100,19.7100,19.9700,4484500
20130301,21.4500,21.9800,20.5800,20.7400,6824800
20130304,20.9700,22.4000,20.3300,21.4800,6898400
20130305,20.8600,21.2100,20.1300,20.7500,3689100
20130306,20.7400,21.0400,20.4000,20.5000,2911400
20130307,19.7800,20.6900,19.6100,20.6900,3666100
20130308,19.3100,20.1300,19.0000,19.7500,2079300
20130311,19.3700,19.7800,19.0700,19.3200,1633500
20130312,18.4900,19.4900,18.0100,19.3600,2501900
20130313,18.0400,18.4200,17.7000,18.4200,1350200
20130314,18.0900,18.4000,17.8000,18.0400,1667700
20130315,18.2300,18.6700,17.8200,18.0000,1803700
20130318,18.7300,18.8700,18.2000,18.2300,2481700
20130319,18.2300,18.9400,17.9000,18.7400,1654100
20130320,18.8200,18.8700,18.0300,18.2400,2110900
20130321,19.5000,19.9400,18.9000,19.0000,4276500
20130322,19.3700,19.5500,19.0000,19.4000,1975300
20130325,19.2300,19.5500,19.0900,19.3300,1559900
20130326,18.6400,19.1700,18.4200,19.1000,1604700
20130327,18.5800,18.8800,18.4800,18.6400,903900
20130328,17.7200,18.5000,17.7100,18.5000,1619100
20130329,17.5700,18.0000,17.5600,17.7400,1182900
20130401,17.7600,17.9800,17.5900,17.6600,904700
20130402,17.5900,18.1500,17.4200,17.8800,1126700
20130403,17.1100,17.6900,16.9900,17.5900,1193100
20130404,17.1100,17.1100,17.1100,17.1100,0
20130405,17.1100,17.1100,17.1100,17.1100,0
20130408,17.4500,17.4500,16.7000,16.9900,1272500
20130409,17.6400,17.6800,17.3300,17.3300,994400
20130410,17.2700,17.6300,17.1500,17.6300,995200
20130411,17.5400,17.9000,17.2000,17.3500,1823700
20130412,17.0400,17.4800,17.0000,17.4500,1023600
20130415,16.5800,17.0400,16.3600,17.0400,956100
20130416,16.7500,16.7500,16.1000,16.3000,881300
20130417,16.7100,16.8700,16.3400,16.7700,852800
20130418,17.0800,17.1900,16.4500,16.5000,1342700
20130419,17.3600,17.4600,16.9800,17.0300,1400600
20130422,17.1600,17.1800,16.8600,17.1800,1197100
20130423,16.2800,17.1600,16.2300,17.1600,1430100
20130424,16.4500,16.5800,16.1000,16.1000,868700
20130425,16.0500,16.4100,16.0500,16.4100,1187500
20130426,15.2100,16.2400,15.2100,15.9300,1399800
20130429,15.2100,15.2100,15.2100,15.2100,0
20130430,15.2100,15.2100,15.2100,15.2100,0
20130501,15.2100,15.2100,15.2100,15.2100,0
20130502,15.2000,15.3500,15.0200,15.2600,518300
20130503,15.6500,15.8000,15.2600,15.3500,747700
20130506,16.1400,16.2200,15.5700,15.6600,1087800
20130507,16.9800,17.2500,16.0000,16.1400,2936000
20130508,16.8800,16.9700,16.6300,16.9000,1503400
20130509,18.3000,18.5500,16.7900,16.9300,5374700
20130510,18.0400,18.7500,17.8100,18.2800,2845800
20130513,18.6200,18.7500,17.9700,18.0500,3039300
20130514,17.9200,18.6800,17.8100,18.6200,1393300
20130515,18.4700,18.8800,17.8300,17.8500,2364100
20130516,18.1800,18.4700,18.1200,18.3200,1351500
20130517,18.7400,18.8700,18.1800,18.3000,2380500
20130520,19.4300,19.5800,18.5500,18.7500,2664100
20130521,19.6400,19.8200,19.0000,19.3700,2594000
20130522,19.0400,19.6800,18.9000,19.6000,2014000
20130523,18.6500,19.3100,18.3000,18.9300,1510000
20130524,19.5000,19.5900,18.3600,18.7900,2212300
20130527,20.3000,20.9700,19.5100,19.5100,3642900
20130528,19.5600,20.5000,19.5500,20.1000,1981300
20130529,19.4500,19.9900,19.4300,19.5600,1742000
20130530,19.7900,19.9600,19.3000,19.3100,1628900
20130531,19.8800,20.4000,19.5100,19.7800,2334300
20130603,19.3000,20.1800,19.2000,20.0900,1342000
20130604,19.8900,21.0100,19.7600,19.7600,4090000
20130605,19.0300,19.4700,18.8100,19.4700,2014300
20130606,18.2700,18.8900,18.1500,18.8000,1320900
20130607,17.8600,18.6300,17.8300,18.3500,1037500
20130610,17.8600,17.8600,17.8600,17.8600,0
20130611,17.8600,17.8600,17.8600,17.8600,0
20130612,17.8600,17.8600,17.8600,17.8600,0
20130613,17.9600,17.9900,16.9100,17.4900,1404300
20130614,18.6700,18.6900,17.8700,17.8800,1384700
20130617,18.7700,19.2400,18.4100,18.7700,1714000
20130618,18.9800,19.2000,18.5600,18.7500,1023700
20130619,19.3300,19.3300,18.7800,19.1000,1714300
20130620,18.2000,19.2300,17.9500,19.2200,1340600
20130621,17.6300,17.9100,16.8000,17.9000,1313200
20130624,16.2900,17.6300,16.0200,17.6300,1186300
20130625,16.6100,16.8000,14.6600,16.2300,1366400
20130626,17.0400,17.1200,16.2800,16.5800,1139300
20130627,16.8100,17.6600,16.6600,17.0000,1683100
20130628,16.6200,17.2700,16.3300,16.9600,1147200
20130701,16.9400,16.9600,16.4400,16.6300,919100
20130702,17.0000,17.0600,16.6900,16.9600,1606100
20130703,16.4000,16.8200,15.8500,16.7900,2261200
20130704,16.0000,16.5600,15.6000,16.2800,3091900
20130705,15.8300,16.3000,15.8000,16.0000,1419400
20130708,14.9700,15.5000,14.9400,15.5000,1484600
20130709,14.8400,15.1300,14.7000,14.9700,951600
20130710,15.5800,15.7600,14.8600,14.8600,2197800
20130711,16.1200,16.2000,15.5800,15.7800,3688700
20130712,16.1800,16.7900,15.8000,16.0300,2901400
20130715,16.4800,16.5000,16.0100,16.2100,2799600
20130716,16.4300,16.4600,16.1500,16.3900,1688300
20130717,15.9100,16.7800,15.8900,16.4900,1764600
20130718,15.9000,16.2900,15.6800,15.8200,1186300
20130719,16.0800,16.4700,15.8100,15.9000,2272100
20130722,17.6900,17.6900,16.2900,16.4000,5451900
20130723,18.4900,18.7900,17.8000,17.9100,6614700
20130724,19.3300,19.7600,18.0600,18.2500,5881400
20130725,18.2400,19.2000,18.1600,19.0100,3787500
20130726,18.7700,19.1000,17.8600,18.1700,3775500
20130729,18.1600,18.7500,17.9600,18.3900,2039300
20130730,17.7000,18.3800,17.2200,18.0700,2087400
20130731,18.5000,19.3900,17.8200,17.8200,3823500
20130801,19.1900,19.3000,18.4200,18.4200,4485300
20130802,19.2400,19.8600,18.8000,19.2100,5388500
20130805,19.6400,19.9000,19.0700,19.0800,3772500
20130806,19.3700,19.8300,19.2400,19.6000,3158400
20130807,18.9300,19.5400,18.5200,19.4000,2957300
20130808,19.9000,20.8200,18.7300,18.7800,6203600
20130809,19.2400,19.7000,18.8900,19.5000,3940400
20130812,20.0900,21.1000,19.8000,20.9000,6082000
20130813,19.9000,20.2400,19.7000,19.7500,2636000
20130814,19.4600,19.9800,19.3900,19.9100,2668800
20130815,19.1500,19.4600,19.1000,19.4000,1607600
20130816,18.6000,19.5800,18.5900,18.7000,2509300
20130819,19.0400,19.1100,18.3500,18.5500,1384700
20130820,19.0600,19.4000,18.9000,19.0500,1555400
20130821,19.6800,19.9800,19.2600,19.2600,3338300
20130822,19.2900,19.6000,19.1600,19.5100,1995100
20130823,19.5000,19.5800,18.7000,19.2900,2396700
20130826,20.2500,20.3400,19.4600,19.6600,3697900
20130827,19.9700,20.1500,19.8600,20.1300,2611200
20130828,19.3500,20.3700,19.3000,20.0000,3441300
20130829,19.2300,19.6400,19.0000,19.3600,1637600
20130830,18.1800,19.4000,18.0400,19.0800,2479500
20130902,18.5400,18.5400,18.1600,18.1600,1253000
20130903,18.8900,18.9400,18.3800,18.5400,1146500
20130904,18.6700,18.9000,18.5800,18.9000,1237700
20130905,19.4000,19.4900,18.5000,18.6000,2554700
20130906,19.4200,19.7900,19.0800,19.3600,2170500
20130909,19.9800,20.2500,19.3500,19.5800,3811400
20130910,21.3800,21.9500,20.0100,20.2100,8101500
20130911,20.9200,21.2800,20.3600,21.2800,4366300
20130912,20.4000,21.3500,20.2100,20.8000,3346100
20130913,21.2300,22.0500,20.8000,21.3200,6034800
20130916,20.6300,20.8500,20.2500,20.8300,3013500
20130917,19.8400,20.7400,19.8200,20.6700,2435200
20130918,20.5100,20.5100,19.7600,19.8400,2271000
20130920,20.5100,20.5100,20.5100,20.5100,0
20130923,21.5000,21.7800,20.4500,20.5600,4156500
20130924,21.2800,22.2000,21.1100,21.3300,4141800
20130925,21.1000,21.6500,20.8500,21.2000,2585100
20130926,21.0400,21.6500,21.0000,21.1800,2190000
20130927,22.0800,22.3000,21.0300,21.2300,4697300
20130930,21.9900,22.4500,21.7500,22.1900,3024800
20131001,21.9900,21.9900,21.9900,21.9900,0
20131002,21.9900,21.9900,21.9900,21.9900,0
20131003,21.9900,21.9900,21.9900,21.9900,0
20131004,21.9900,21.9900,21.9900,21.9900,0
20131007,21.9900,21.9900,21.9900,21.9900,0
20131008,22.0800,23.2800,22.0800,22.3500,4124100
20131009,22.5000,22.7600,21.4000,21.9800,4011100
20131010,21.7500,22.4500,21.6200,22.2300,2859000
20131011,21.9200,22.4000,21.5100,21.7800,2654000
20131014,23.3000,23.3000,21.5500,21.8200,4693400
20131015,23.3500,23.8800,22.6300,23.0000,5345600
20131016,25.6900,25.6900,22.7200,22.9900,6924000
20131017,28.2600,28.2600,26.2400,26.6900,7902800
20131018,31.0900,31.0900,28.2600,30.0500,16170200
20131021,34.2000,34.2000,30.0200,30.5400,10557800
20131022,35.1000,37.6200,34.8800,36.0000,15346400
20131023,34.3000,36.8200,33.1700,34.6800,11548500
20131024,32.6700,32.9700,30.8700,32.0000,10268200
20131025,34.3200,35.9400,32.3800,32.3800,13001500
20131028,33.4700,33.9500,30.8900,33.3000,7593300
20131029,31.5000,32.9800,30.1200,32.3300,8846900
20131030,31.3600,31.8600,30.1600,30.8500,5870100
20131031,29.5700,31.2000,29.2600,30.8000,5733200
20131101,28.0300,29.4900,27.8000,28.5200,5092000
20131104,29.4300,30.6500,28.6000,28.6600,6749800
20131105,30.8800,31.2000,28.4000,28.4000,5861600
20131106,29.7600,32.4000,29.3600,30.0000,8442200
20131107,30.0000,30.9900,28.0000,29.7700,5610000
20131108,28.8000,30.3900,28.5200,29.5000,4348200
20131111,28.8200,29.4500,28.1000,28.8300,3142800
20131112,29.0000,29.3500,28.1100,28.8100,4923600
20131113,27.2100,28.7100,27.1800,28.6800,5519700
20131114,27.2700,27.6100,26.1800,27.5000,5567300
20131115,27.9300,28.3300,26.7700,26.9500,7483800
20131118,28.5100,28.5100,27.3100,27.8900,6097700
20131119,28.6900,29.4800,28.0800,28.6300,5831500
20131120,29.3100,29.4600,28.3100,28.6600,6427500
20131121,28.5100,29.2000,28.2500,29.2000,4312900
20131122,28.5000,28.9000,27.9100,28.4800,3863400
20131125,27.9900,28.5500,27.8000,28.4000,2806800
20131126,27.5100,28.1800,27.3200,27.8200,2740300
20131127,28.8700,28.8700,27.2800,27.4000,5620200
20131128,28.6400,29.2500,28.6000,28.9000,4152100
20131129,29.4300,29.5000,28.4000,28.5500,4566700
20131202,26.5500,28.5900,26.4900,28.5800,5688700
20131203,27.0000,27.2200,25.7500,25.9100,2783800
20131204,27.5000,28.1300,27.0000,27.0000,3098000
20131205,29.6800,30.2500,27.6500,27.6800,10397200
20131206,30.1700,30.7300,29.1300,29.1800,9904000
20131209,30.4900,31.4400,29.6000,30.7000,7618200
20131210,29.0400,30.2400,29.0100,30.0200,5886900
20131211,28.8900,29.5500,28.5100,29.1200,3289600
20131212,28.0000,28.7000,27.6200,28.6600,5375200
20131213,27.8000,28.1800,27.3800,27.9000,3049200
20131216,28.9000,29.0000,27.2800,27.8000,5353600
20131217,27.9400,28.7000,27.8500,28.5000,3063000
20131218,27.4800,28.2100,27.2500,27.9400,2552400
20131219,27.4200,28.2700,27.4000,27.8000,2071900
20131220,26.8100,27.5900,26.7100,27.4200,2004700
20131223,26.1400,26.9200,25.7500,26.7000,1821300
20131224,26.3700,26.7000,26.0000,26.1400,1744700
20131225,27.1900,27.2600,26.1000,26.3700,2782800
20131226,26.0300,27.1600,26.0000,27.0800,2622000
20131227,26.2100,26.5200,25.5800,26.0500,2117200
20131230,26.4300,26.8000,26.3300,26.4000,1521600
20131231,26.1600,26.6600,26.0600,26.4000,1361400
20140101,26.1600,26.1600,26.1600,26.1600,0
20140102,26.5200,26.5800,26.0700,26.2900,1458700
20140103,26.7400,26.7700,26.3200,26.5000,2485300
20140106,25.5200,26.7500,25.4200,26.7500,2179900
20140107,25.1000,25.7400,25.0800,25.5500,1967200
20140108,25.9000,26.1500,25.1500,25.2900,2332300
20140109,26.2400,26.7800,25.5000,25.9100,3221400
20140110,25.1000,26.0600,25.0100,26.0000,1992600
20140113,23.4600,25.3200,23.1900,25.0900,3080000
20140114,23.8600,23.9800,23.2300,23.4800,1306100
20140115,23.9600,24.2900,23.6200,23.8100,1421900
20140116,24.0700,24.2600,23.9000,23.9800,1389200
20140117,23.5500,24.3500,23.5000,24.3500,1239700
20140120,25.2400,25.6900,23.8000,23.9500,3763200
20140121,25.2200,25.2500,24.6600,25.0000,2184200
20140122,25.7700,26.1200,24.8900,25.1300,2789200
20140123,25.6500,26.1800,25.5100,25.7000,2160200
20140124,25.7800,26.1700,25.5500,25.6000,2037300
20140127,25.1400,25.9000,25.0000,25.8900,2323000
20140128,25.3500,25.5400,24.8200,25.1600,2002500
20140129,24.9900,25.7000,24.9100,25.3500,2388800
20140130,24.8400,25.3000,24.6000,24.7100,1633600
20140131,24.8400,24.8400,24.8400,24.8400,0
20140203,24.8400,24.8400,24.8400,24.8400,0
20140205,24.8400,24.8400,24.8400,24.8400,0
20140206,24.8400,24.8400,24.8400,24.8400,0
20140207,26.5000,26.5400,24.6900,24.9300,5022000
20140210,27.7600,27.9700,26.3800,26.9000,6832900
20140211,28.2400,29.0900,27.5500,27.7800,7671600
20140212,28.7300,29.5000,28.0100,29.0000,6655200
20140213,28.2600,30.5000,27.9700,29.5000,8915500
20140214,28.5600,28.7500,27.2000,27.8400,4397100
20140217,29.5200,29.8800,28.5900,28.6000,6483900
20140218,28.8400,29.4800,28.6500,29.4800,3781300
20140219,28.6900,29.3800,28.4300,28.7900,3090100
20140220,27.8500,28.9000,27.1900,28.6900,3170400
20140221,28.8600,29.2400,27.5700,28.0400,4454200
20140224,29.9000,30.7600,29.2200,29.5800,8500600
20140225,28.2200,30.0000,27.6100,29.9300,5189300
