20130226,6.9300,7.0500,6.9100,7.0500,751800
20130227,6.9700,7.0200,6.9100,6.9300,604500
20130228,7.6700,7.6700,6.9600,6.9600,7640200
20130301,8.4400,8.4400,8.0900,8.1000,13038200
20130304,8.7500,9.1500,8.0100,8.1200,21653800
20130305,8.8200,9.2800,8.0000,8.4100,14088500
20130306,8.5500,8.8000,8.4700,8.6000,9842100
20130307,8.7300,8.9200,8.3400,8.5000,11194000
20130308,8.3200,8.6500,8.2000,8.6500,6320800
20130311,8.4300,8.4300,8.2100,8.3500,3928600
20130312,8.1400,8.4000,7.8700,8.4000,5207600
20130313,8.2200,8.2800,7.8000,8.0500,4315900
20130314,8.0500,8.2200,8.0300,8.1300,3549500
20130315,8.0500,8.2700,7.9300,8.0500,3272000
20130318,7.7000,8.0200,7.6300,7.9200,3313400
20130319,7.7800,7.7900,7.5100,7.6600,2826700
20130320,7.9800,8.0000,7.7000,7.7900,3134800
20130321,8.0600,8.1700,7.9200,7.9900,3841600
20130322,8.0100,8.0800,7.9200,8.0200,2287500
20130325,8.1800,8.1900,7.8900,8.0100,3682900
20130326,7.9000,8.2300,7.8800,8.1700,2679700
20130327,7.7200,7.9700,7.5600,7.9000,2254300
20130328,7.3900,7.6700,7.3200,7.6700,1943800
20130329,7.5400,7.5900,7.3200,7.4200,1750300
20130401,7.4900,7.5900,7.4100,7.4300,951600
20130402,7.2500,7.5900,7.2100,7.4900,1571100
20130403,7.2800,7.3200,7.1600,7.2500,1111000
20130404,7.2800,7.2800,7.2800,7.2800,0
20130405,7.2800,7.2800,7.2800,7.2800,0
20130408,7.3600,7.3700,7.0200,7.2000,1455000
20130409,7.3700,7.4600,7.2700,7.3100,987300
20130410,7.2900,7.4000,7.1700,7.3700,1003500
20130411,7.5100,7.5400,7.2700,7.2900,2090000
20130412,7.7800,8.0000,7.4200,7.4600,5498600
20130415,7.6600,7.8000,7.5400,7.6300,1793000
20130416,7.8600,7.8800,7.4500,7.5800,1891400
20130417,7.8600,7.9100,7.7000,7.8600,1550800
20130418,7.7400,7.9000,7.7300,7.8600,1332800
20130419,7.8100,7.9600,7.7400,7.7400,2166100
20130422,7.4900,7.7500,7.3400,7.7500,2784200
20130423,7.7000,7.8000,7.4000,7.5000,2402100
20130424,7.5300,7.5900,7.1400,7.5300,1916500
20130425,7.3800,7.5700,7.3200,7.5100,1221100
20130426,7.2300,7.4500,7.2300,7.3500,777500
20130429,7.2300,7.2300,7.2300,7.2300,0
20130430,7.2300,7.2300,7.2300,7.2300,0
20130501,7.2300,7.2300,7.2300,7.2300,0
20130502,7.3700,7.4400,7.1800,7.2200,597600
20130503,7.4500,7.5500,7.3200,7.3500,763400
20130506,7.5000,7.5600,7.4500,7.4500,914500
20130507,7.6500,7.6600,7.4700,7.5000,1106300
20130508,7.7300,7.8400,7.6000,7.6800,1378300
20130509,7.9400,7.9500,7.6000,7.7300,2405400
20130510,8.1100,8.3500,7.9100,7.9800,3969200
20130513,7.9000,8.0800,7.8300,8.0800,2008500
20130514,7.8400,7.9900,7.7000,7.8500,1138700
20130515,8.1000,8.1800,7.8100,7.8100,2328600
20130516,8.0400,8.2500,7.9600,8.0300,2308100
20130517,8.0800,8.1900,7.9900,8.0600,1569400
20130520,8.4300,8.4500,8.0800,8.0800,3728100
20130521,8.4300,8.4500,8.2700,8.3700,2599800
20130522,8.1200,8.4800,8.1100,8.3800,2905300
20130523,8.1400,8.2800,8.0300,8.1300,1623200
20130524,8.9200,8.9500,8.0300,8.1000,4142800
20130527,9.4800,9.5200,8.7400,8.8800,8557600
20130528,9.4800,9.4800,9.4800,9.4800,0
20130529,9.4800,9.4800,9.4800,9.4800,0
20130530,9.4800,9.4800,9.4800,9.4800,0
20130531,9.4800,9.4800,9.4800,9.4800,0
20130603,9.4800,9.4800,9.4800,9.4800,0
20130604,9.4800,9.4800,9.4800,9.4800,0
20130605,9.4800,9.4800,9.4800,9.4800,0
20130606,9.4800,9.4800,9.4800,9.4800,0
20130607,9.4800,9.4800,9.4800,9.4800,0
20130610,9.4800,9.4800,9.4800,9.4800,0
20130611,9.4800,9.4800,9.4800,9.4800,0
20130612,9.4800,9.4800,9.4800,9.4800,0
20130613,9.4800,9.4800,9.4800,9.4800,0
20130614,9.4800,9.4800,9.4800,9.4800,0
20130617,9.4800,9.4800,9.4800,9.4800,0
20130618,9.4800,9.4800,9.4800,9.4800,0
20130619,9.4800,9.4800,9.4800,9.4800,0
20130620,9.4800,9.4800,9.4800,9.4800,0
20130621,9.4800,9.4800,9.4800,9.4800,0
20130624,9.4800,9.4800,9.4800,9.4800,0
20130625,9.4800,9.4800,9.4800,9.4800,0
20130626,9.4800,9.4800,9.4800,9.4800,0
20130627,9.4800,9.4800,9.4800,9.4800,0
20130628,9.4800,9.4800,9.4800,9.4800,0
20130701,9.4800,9.4800,9.4800,9.4800,0
20130702,9.4800,9.4800,9.4800,9.4800,0
20130703,9.4800,9.4800,9.4800,9.4800,0
20130704,9.4800,9.4800,9.4800,9.4800,0
20130705,9.4800,9.4800,9.4800,9.4800,0
20130708,9.4800,9.4800,9.4800,9.4800,0
20130709,9.4800,9.4800,9.4800,9.4800,0
20130710,9.4800,9.4800,9.4800,9.4800,0
20130711,9.4800,9.4800,9.4800,9.4800,0
20130712,9.4800,9.4800,9.4800,9.4800,0
20130715,9.4800,9.4800,9.4800,9.4800,0
20130716,9.4800,9.4800,9.4800,9.4800,0
20130717,9.4800,9.4800,9.4800,9.4800,0
20130718,9.4800,9.4800,9.4800,9.4800,0
20130719,9.4800,9.4800,9.4800,9.4800,0
20130722,9.4800,9.4800,9.4800,9.4800,0
20130723,9.4800,9.4800,9.4800,9.4800,0
20130724,9.4800,9.4800,9.4800,9.4800,0
20130725,9.4800,9.4800,9.4800,9.4800,0
20130726,9.4800,9.4800,9.4800,9.4800,0
20130729,9.4800,9.4800,9.4800,9.4800,0
20130730,9.4800,9.4800,9.4800,9.4800,0
20130731,9.4800,9.4800,9.4800,9.4800,0
20130801,9.4800,9.4800,9.4800,9.4800,0
20130802,9.4800,9.4800,9.4800,9.4800,0
20130805,9.4800,9.4800,9.4800,9.4800,0
20130806,9.4800,9.4800,9.4800,9.4800,0
20130807,9.4800,9.4800,9.4800,9.4800,0
20130808,9.4800,9.4800,9.4800,9.4800,0
20130809,9.4800,9.4800,9.4800,9.4800,0
20130812,9.4800,9.4800,9.4800,9.4800,0
20130813,9.4800,9.4800,9.4800,9.4800,0
20130814,9.4800,9.4800,9.4800,9.4800,0
20130815,9.4800,9.4800,9.4800,9.4800,0
20130816,9.4800,9.4800,9.4800,9.4800,0
20130819,9.4800,9.4800,9.4800,9.4800,0
20130820,9.4800,9.4800,9.4800,9.4800,0
20130821,9.4800,9.4800,9.4800,9.4800,0
20130822,9.4800,9.4800,9.4800,9.4800,0
20130823,9.4800,9.4800,9.4800,9.4800,0
20130826,9.4800,9.4800,9.4800,9.4800,0
20130827,9.4800,9.4800,9.4800,9.4800,0
20130828,9.4800,9.4800,9.4800,9.4800,0
20130829,9.4800,9.4800,9.4800,9.4800,0
20130830,9.4800,9.4800,9.4800,9.4800,0
20130902,9.4800,9.4800,9.4800,9.4800,0
20130903,9.4800,9.4800,9.4800,9.4800,0
20130904,9.4800,9.4800,9.4800,9.4800,0
20130905,9.4800,9.4800,9.4800,9.4800,0
20130906,9.4800,9.4800,9.4800,9.4800,0
20130909,9.4800,9.4800,9.4800,9.4800,0
20130910,9.4800,9.4800,9.4800,9.4800,0
20130911,9.4800,9.4800,9.4800,9.4800,0
20130912,9.4800,9.4800,9.4800,9.4800,0
20130913,9.4800,9.4800,9.4800,9.4800,0
20130916,9.4800,9.4800,9.4800,9.4800,0
20130917,9.4800,9.4800,9.4800,9.4800,0
20130918,9.4800,9.4800,9.4800,9.4800,0
20130920,9.4800,9.4800,9.4800,9.4800,0
20130923,9.4800,9.4800,9.4800,9.4800,0
20130924,9.4800,9.4800,9.4800,9.4800,0
20130925,9.4800,9.4800,9.4800,9.4800,0
20130926,9.4800,9.4800,9.4800,9.4800,0
20130927,9.4800,9.4800,9.4800,9.4800,0
20130930,9.4800,9.4800,9.4800,9.4800,0
20131001,9.4800,9.4800,9.4800,9.4800,0
20131002,9.4800,9.4800,9.4800,9.4800,0
20131003,9.4800,9.4800,9.4800,9.4800,0
20131004,9.4800,9.4800,9.4800,9.4800,0
20131007,9.4800,9.4800,9.4800,9.4800,0
20131008,9.4800,9.4800,9.4800,9.4800,0
20131009,9.4800,9.4800,9.4800,9.4800,0
20131010,9.4800,9.4800,9.4800,9.4800,0
20131011,9.4800,9.4800,9.4800,9.4800,0
20131014,9.4800,9.4800,9.4800,9.4800,0
20131015,9.4800,9.4800,9.4800,9.4800,0
20131016,9.4800,9.4800,9.4800,9.4800,0
20131017,9.4800,9.4800,9.4800,9.4800,0
20131018,10.3200,10.3200,10.3200,10.3200,272400
20131021,11.3500,11.3500,11.3500,11.3500,266200
20131022,12.4900,12.4900,12.4900,12.4900,199900
20131023,13.7400,13.7400,13.7400,13.7400,311000
20131024,15.1100,15.1100,15.1100,15.1100,264900
20131025,15.1100,15.1100,15.1100,15.1100,0
20131028,15.1100,15.1100,15.1100,15.1100,0
20131029,15.1100,15.1100,15.1100,15.1100,0
20131030,16.6200,16.6200,14.4000,16.6200,21741000
20131031,18.2800,18.2800,16.0000,16.1900,18571900
20131101,16.6600,18.4500,16.4500,17.4900,12453100
20131104,18.0000,18.2900,17.1900,17.1900,10296800
20131105,18.7000,19.7500,17.3000,17.5000,9927700
20131106,17.4600,18.9600,17.2000,18.2300,9931300
20131107,17.0600,17.7900,16.9100,17.2600,5790100
20131108,17.1000,17.3600,16.6600,17.1600,4953300
20131111,17.0500,17.1900,16.1700,16.9100,4294900
20131112,17.1300,17.4700,16.5000,16.7300,4633200
20131113,16.6700,17.3700,16.6700,17.1300,2605900
20131114,15.9800,16.6700,15.1500,16.6300,4609800
20131115,16.2300,16.4500,15.7200,15.9000,3220800
20131118,17.0000,17.1900,16.0300,16.0300,4477400
20131119,17.2200,17.7500,16.7200,17.0000,4161200
20131120,17.7600,17.7700,16.8700,17.0700,3446400
20131121,17.5100,18.3000,17.2300,17.8000,3569500
20131122,17.4300,17.8800,16.6800,17.4000,3190600
20131125,17.2800,17.7800,17.1700,17.3000,2098600
20131126,19.0100,19.0100,17.3800,17.4700,5378600
20131127,20.2000,20.7500,19.3400,19.5500,10035100
20131128,20.1500,20.5800,19.3800,19.6700,5066000
20131129,20.1000,20.4600,19.4600,19.7100,6338800
20131202,18.9000,19.3900,18.0900,19.3900,6527000
20131203,19.6100,19.6900,18.5500,18.9000,2511900
20131204,20.6300,21.0000,19.3900,19.3900,3490500
20131205,21.0800,21.1000,20.2200,20.2300,3848200
20131206,20.8000,21.3000,20.4000,21.2000,3601600
20131209,19.4000,21.3000,19.3700,20.6200,3286600
20131210,19.4800,19.7600,18.7100,19.4000,2917500
20131211,20.6800,21.0200,19.0200,19.4000,2935000
20131212,20.1600,20.8000,20.0000,20.4800,1704300
20131213,19.8000,20.4500,19.7800,19.9200,980200
20131216,20.5600,20.6900,19.5000,19.5000,1600600
20131217,19.9900,20.7000,19.8000,20.5600,3189100
20131218,20.4300,20.6500,19.4000,19.5000,1515900
20131219,20.2500,20.6400,20.0700,20.1200,1155300
20131220,20.0200,20.2400,19.6800,20.2300,1201400
20131223,19.5000,20.3200,18.7100,20.0200,993000
20131224,19.7700,19.8800,19.3200,19.3200,596200
20131225,21.1300,21.7500,19.6200,19.7700,5383100
20131226,20.6500,21.2300,20.5400,21.0000,1961500
20131227,20.0500,21.1500,20.0300,20.5000,2994100
20131230,20.0200,20.3300,19.8600,20.3300,742000
20131231,21.0000,21.7000,19.9200,19.9200,2438400
20140101,21.0000,21.0000,21.0000,21.0000,0
20140102,20.5500,21.2000,20.4600,21.0000,2353200
20140103,20.2900,20.5400,20.1400,20.3000,1337800
20140106,20.0400,20.5500,19.9000,20.3500,1110500
20140107,20.1400,20.3800,20.0400,20.2900,852100
20140108,20.0000,20.3400,19.8800,19.9500,1715100
20140109,20.3000,21.2700,19.8100,19.9000,1665100
20140110,20.3800,20.9800,19.8500,20.0000,1335700
20140113,20.6300,20.9800,20.2500,20.3700,1265200
20140114,22.4800,22.5900,20.2700,20.6500,4914800
20140115,21.8500,22.3800,21.2300,22.3000,3612900
20140116,21.2700,22.2200,21.0200,21.6000,1897400
20140117,21.9000,22.0300,21.0200,21.2100,1651800
20140120,21.2800,21.9000,21.1900,21.9000,1562800
20140121,20.8000,21.4800,20.3300,21.2000,1993900
20140122,20.6200,20.7900,20.3600,20.3900,1946100
20140123,21.7500,21.7500,20.6500,20.6500,1718400
20140124,22.5700,23.5400,21.6000,21.6500,3491500
20140127,22.6000,23.4500,22.2300,22.5000,1849700
20140128,22.0000,22.8700,21.8000,22.6900,1491500
20140129,23.1900,23.1900,21.5000,21.9700,2432200
20140130,22.8400,23.5500,22.7500,23.1800,1524700
20140131,22.8400,22.8400,22.8400,22.8400,0
20140203,22.8400,22.8400,22.8400,22.8400,0
20140205,22.8400,22.8400,22.8400,22.8400,0
20140206,22.8400,22.8400,22.8400,22.8400,0
20140207,24.1800,24.3800,22.3800,22.7000,2035600
20140210,25.3800,26.3100,24.2400,24.2400,3555400
20140211,27.9200,27.9200,25.4700,25.4700,6331300
20140212,26.7200,28.4800,26.4000,28.0500,5609700
20140213,27.2800,27.6500,26.2600,26.7300,3266300
20140214,25.9800,27.3900,25.8500,27.2900,4148000
20140217,26.3800,26.3900,25.4300,25.6200,3893400
20140218,27.2100,27.6300,25.7000,26.0500,3288300
20140219,26.5200,28.2000,26.5000,27.2200,3321400
20140220,26.0000,26.4800,25.7000,26.4700,2049300
20140221,26.9700,27.2800,25.8200,25.8200,1535700
20140224,26.3000,27.4500,25.9800,26.9900,1764800
20140225,25.0000,26.8500,23.9900,26.5100,2156000
