20130226,5.8650,6.1250,5.8400,5.9600,6036100
20130227,5.7850,5.9550,5.7050,5.8650,5010900
20130228,5.9900,5.9900,5.7500,5.7950,3893700
20130301,5.9900,6.0400,5.9050,5.9550,2815200
20130304,5.6450,5.9850,5.5000,5.9000,7453500
20130305,5.7300,5.7900,5.6300,5.6450,4069800
20130306,6.1250,6.1400,5.7400,5.7400,6611900
20130307,6.0250,6.2250,5.9400,6.1250,5673400
20130308,6.0350,6.0850,5.9600,5.9600,1852700
20130311,6.0450,6.1950,5.9900,6.0300,3001100
20130312,5.8150,6.0450,5.7650,6.0450,3888600
20130313,5.7050,5.8450,5.5550,5.8300,1971000
20130314,5.7250,5.7850,5.6550,5.6550,1208900
20130315,5.8200,5.9500,5.6550,5.7450,3428600
20130318,5.8100,5.9250,5.6950,5.8700,1690200
20130319,5.7900,5.8750,5.7000,5.8050,1688100
20130320,6.0000,6.0000,5.7250,5.7900,5040100
20130321,6.1350,6.1500,5.9400,5.9950,6086600
20130322,6.0700,6.1900,6.0400,6.1350,5161200
20130325,6.2750,6.3250,6.0150,6.0650,9290400
20130326,6.1600,6.3050,6.0750,6.3050,6697000
20130327,6.0500,6.1950,6.0250,6.1250,2949700
20130328,5.9000,6.0400,5.9000,6.0400,4495000
20130329,6.2250,6.3750,5.9800,5.9800,10117500
20130401,6.2350,6.3450,6.1600,6.2500,5229500
20130402,6.0600,6.2900,6.0200,6.2350,4894600
20130403,6.0800,6.1100,6.0050,6.0800,2273300
20130404,6.0800,6.0800,6.0800,6.0800,0
20130405,6.0800,6.0800,6.0800,6.0800,0
20130408,5.9450,6.0350,5.7800,6.0350,4000900
20130409,5.9200,5.9900,5.8800,5.9600,4264300
20130410,5.9250,5.9500,5.8600,5.8950,2510300
20130411,5.7900,5.9850,5.7350,5.7500,6629900
20130412,5.6500,5.8300,5.6400,5.7500,5339400
20130415,5.6300,5.7650,5.4750,5.6500,4823400
20130416,5.7250,5.7350,5.5050,5.6000,3053800
20130417,5.8400,5.8650,5.7350,5.7350,4252000
20130418,5.8050,5.8650,5.7300,5.7450,2861700
20130419,5.9300,5.9600,5.7800,5.7800,3751100
20130422,5.9400,5.9750,5.8100,5.8750,3738200
20130423,5.6500,5.9600,5.6500,5.9500,3916400
20130424,5.9000,6.0250,5.6950,5.6950,8155700
20130425,6.0400,6.1650,5.8900,5.9500,9179000
20130426,6.0400,6.2250,6.0000,6.0500,6750800
20130429,6.0400,6.0400,6.0400,6.0400,0
20130430,6.0400,6.0400,6.0400,6.0400,0
20130501,6.0400,6.0400,6.0400,6.0400,0
20130502,6.1350,6.1700,5.9450,6.0000,4147100
20130503,6.2450,6.2850,6.1150,6.1950,7425700
20130506,6.2900,6.3600,6.2000,6.2150,7403000
20130507,6.3650,6.4300,6.2800,6.2900,8075000
20130508,6.4100,6.4450,6.2600,6.3400,7580300
20130509,6.3600,6.4700,6.2500,6.3900,6150600
20130510,6.5300,6.5300,6.2500,6.3400,7953100
20130513,6.6100,6.6650,6.5000,6.6650,9199700
20130514,6.3000,6.6250,6.2650,6.4150,6644800
20130515,6.3250,6.3750,6.2200,6.3000,9030600
20130516,6.7000,6.7350,6.2500,6.2650,14426600
20130517,6.7950,6.8500,6.6000,6.6750,12020500
20130520,6.8100,6.8450,6.7300,6.8200,8719700
20130521,6.8750,6.8750,6.7200,6.8100,6055700
20130522,6.6300,6.9000,6.5750,6.8800,7439700
20130523,6.4200,6.7150,6.4000,6.6000,7268700
20130524,6.8450,6.8450,6.4250,6.4250,9257000
20130527,7.1050,7.1250,6.8000,6.8950,11711000
20130528,7.0050,7.0650,6.8750,7.0550,8768400
20130529,7.2750,7.3700,7.0000,7.0150,10123200
20130530,7.3450,7.3750,7.1750,7.2750,8139100
20130531,7.2350,7.3450,7.2250,7.3300,5512900
20130603,7.0200,7.2000,6.9650,7.2000,7912200
20130604,6.8300,7.1000,6.6900,7.0200,7580900
20130605,6.9050,6.9750,6.8050,6.8300,3662700
20130606,6.6200,6.9150,6.5900,6.8500,6839400
20130607,6.5200,6.7900,6.5000,6.6200,5582400
20130610,6.5200,6.5200,6.5200,6.5200,0
20130611,6.5200,6.5200,6.5200,6.5200,0
20130612,6.5200,6.5200,6.5200,6.5200,0
20130613,6.5850,6.6500,6.2000,6.4900,5202000
20130614,6.9000,6.9400,6.5500,6.5500,7669300
20130617,6.8550,6.9900,6.7900,6.9000,4677000
20130618,6.7700,6.9000,6.6650,6.8550,4805000
20130619,6.5300,6.7450,6.4750,6.7450,7159000
20130620,6.2750,6.5700,6.2000,6.5000,5777000
20130621,6.2650,6.3600,6.0550,6.1950,7793100
20130624,6.1000,6.3500,5.9750,6.2450,5671300
20130625,6.4450,6.4950,5.7800,6.0100,10717500
20130626,6.6150,6.6850,6.3800,6.3800,8515600
20130627,6.4500,6.7450,6.4500,6.5750,8272800
20130628,6.4650,6.6200,6.3200,6.3900,3836800
20130701,6.6250,6.6500,6.3350,6.4650,5763200
20130702,7.0450,7.0550,6.6050,6.7000,11363400
20130703,6.9250,7.0000,6.7600,7.0000,7793900
20130704,6.9000,7.0500,6.8150,6.8750,7343800
20130705,6.7750,6.9950,6.7600,6.8600,5031100
20130708,6.6900,6.9350,6.5050,6.7350,4838900
20130709,6.7000,6.7850,6.6200,6.6750,3785500
20130710,6.7550,6.7850,6.6000,6.6600,5303700
20130711,6.8750,6.9450,6.7100,6.7550,8100800
20130712,6.7950,6.9400,6.7850,6.8650,6630600
20130715,7.0050,7.0300,6.6900,6.6900,8896500
20130716,7.0750,7.1300,6.9350,7.0500,6606800
20130717,6.7650,7.1300,6.7050,7.0750,10060000
20130718,6.7900,6.8350,6.5800,6.7500,5435500
20130719,6.5900,6.8600,6.5900,6.8000,4440100
20130722,6.6850,6.7500,6.5100,6.5100,3579900
20130723,6.8300,6.8800,6.6100,6.6600,6735600
20130724,7.0650,7.0850,6.8150,6.8400,10188500
20130725,6.8900,7.1250,6.8600,7.0750,6922800
20130726,7.2900,7.3850,6.8450,6.9000,13830400
20130729,7.3250,7.4950,7.1000,7.3000,11234400
20130730,7.1000,7.3500,7.0150,7.2450,7301500
20130731,7.5050,7.5500,7.0900,7.0900,12666800
20130801,7.6250,7.6800,7.4000,7.4850,13145500
20130802,7.5800,7.7950,7.5000,7.6250,8988500
20130805,7.6000,7.7450,7.5200,7.6350,7281900
20130806,7.9000,7.9750,7.6250,7.6250,10217000
20130807,7.8750,8.1150,7.8350,7.8750,9992500
20130808,7.8250,7.9500,7.6900,7.8250,6154500
20130809,7.9100,8.1150,7.8050,7.8250,5864800
20130812,8.0200,8.1500,7.9250,7.9250,5385100
20130813,7.9450,8.0600,7.9050,8.0350,5414400
20130814,7.8650,8.0400,7.8450,7.9400,5342300
20130815,7.9050,7.9550,7.7600,7.8500,4692700
20130816,7.9150,8.1250,7.9100,8.0000,6375000
20130819,8.2950,8.2950,7.8550,7.9000,10829300
20130820,8.0950,8.5800,7.9750,8.5000,18639800
20130821,7.9000,8.1750,7.8250,8.0750,11362500
20130822,7.9100,8.0000,7.8700,7.9250,6132800
20130823,7.7100,7.9550,7.6400,7.9450,7741500
20130826,7.8000,7.8750,7.7250,7.7250,8306900
20130827,7.7500,7.8150,7.5900,7.8100,7334200
20130828,7.6700,7.7100,7.5750,7.7000,7353000
20130829,7.7500,7.8050,7.6500,7.6500,5820400
20130830,7.3950,7.7750,7.3500,7.7500,8625100
20130902,7.4900,7.4900,7.2900,7.3050,3684600
20130903,7.7250,7.7400,7.4350,7.4850,7097300
20130904,7.7200,7.8850,7.6400,7.7300,6973300
20130905,7.8400,7.8750,7.6500,7.7200,5014800
20130906,7.7850,7.8800,7.7200,7.8450,4549000
20130909,7.6650,7.9100,7.6500,7.9000,9290300
20130910,7.5250,7.7100,7.4700,7.6900,7233100
20130911,7.6000,7.6200,7.3400,7.5300,5286300
20130912,7.5150,7.6250,7.5000,7.5050,4771800
20130913,7.5200,7.5800,7.4000,7.4800,2829300
20130916,7.6900,7.7100,7.4600,7.5200,4687900
20130917,7.5300,7.7600,7.5100,7.7100,3354700
20130918,7.5700,7.6400,7.4000,7.5500,2636200
20130920,7.5700,7.5700,7.5700,7.5700,0
20130923,7.5900,7.6400,7.4300,7.5700,4362600
20130924,7.4700,7.6200,7.4400,7.6200,5663900
20130925,7.4000,7.5500,7.3900,7.4600,4461900
20130926,7.7900,7.9500,7.4000,7.4000,13146200
20130927,7.7200,7.9400,7.6800,7.8700,7166400
20130930,7.4800,7.8000,7.3000,7.8000,10398800
20131001,7.4800,7.4800,7.4800,7.4800,0
20131002,7.4800,7.4800,7.4800,7.4800,0
20131003,7.4800,7.4800,7.4800,7.4800,0
20131004,7.4800,7.4800,7.4800,7.4800,0
20131007,7.4800,7.4800,7.4800,7.4800,0
20131008,7.5200,7.5200,7.3000,7.4200,6154800
20131009,7.4900,7.5800,7.4200,7.5200,6638800
20131010,7.3800,7.5200,7.3100,7.4900,4769400
20131011,7.4100,7.4800,7.3500,7.4000,5829600
20131014,7.4500,7.4600,7.3500,7.4200,5053600
20131015,7.4700,7.5400,7.4100,7.4600,5278300
20131016,7.3400,7.5000,7.3100,7.5000,4786300
20131017,7.2600,7.4100,7.2500,7.3500,5756100
20131018,7.1000,7.2600,7.0500,7.2500,7894300
20131021,7.3300,7.3800,7.0600,7.1200,6303300
20131022,7.2800,7.3800,7.2200,7.3300,4512700
20131023,7.1500,7.2800,7.0500,7.2800,4870100
20131024,7.0700,7.1500,7.0200,7.1100,2372000
20131025,7.2000,7.3500,7.0500,7.0500,6878400
20131028,7.1600,7.2800,7.0700,7.2000,3979300
20131029,6.8900,7.2000,6.6600,7.1700,5261100
20131030,7.1900,7.2300,6.8000,6.8500,8004000
20131031,7.1100,7.2700,7.0800,7.2000,4445400
20131101,7.0900,7.1500,7.0500,7.1500,2738100
20131104,7.1100,7.1700,7.0500,7.0700,2973900
20131105,7.0400,7.1100,6.8800,7.1100,3750800
20131106,7.0800,7.1900,6.9700,7.0500,5003000
20131107,6.9500,7.1100,6.8200,7.0300,4215700
20131108,6.9500,7.0400,6.9000,6.9100,2631900
20131111,6.9600,7.0500,6.9600,7.0200,2520100
20131112,6.9200,7.0200,6.8700,6.9300,3403300
20131113,6.7000,6.9300,6.6600,6.9000,4224800
20131114,6.7200,6.7700,6.5900,6.7000,3846600
20131115,6.9100,6.9400,6.7200,6.7500,5019100
20131118,7.6000,7.6000,6.9200,6.9200,15664000
20131119,7.7800,8.1500,7.6500,8.1500,32579500
20131120,7.7800,7.9300,7.6200,7.7100,12737200
20131121,7.5900,7.7100,7.5300,7.7000,9435400
20131122,7.6200,7.6900,7.5500,7.5500,5691800
20131125,7.8500,7.9700,7.5100,7.6000,12464400
20131126,7.8100,8.1000,7.7300,7.8100,10993200
20131127,7.9100,8.0600,7.7800,7.8300,9879900
20131128,8.0600,8.1200,7.8500,7.9000,15311300
20131129,8.4900,8.5700,8.0600,8.0800,23668000
20131202,8.1700,8.5800,8.0800,8.3000,18315100
20131203,8.4500,8.5400,8.0500,8.1600,11691600
20131204,9.0600,9.0900,8.4000,8.4400,19555400
20131205,9.1700,9.2500,8.8600,9.0500,14424500
20131206,8.8800,9.2200,8.8100,9.1000,9071000
20131209,8.8500,9.0500,8.6100,8.8800,11183500
20131210,8.8000,8.8300,8.6000,8.7800,8355500
20131211,8.5900,8.7600,8.5300,8.7600,7317900
20131212,8.6400,8.6600,8.4900,8.5200,4623100
20131213,8.9200,8.9800,8.5100,8.5600,8548800
20131216,8.8900,8.9800,8.7200,8.8500,6942500
20131217,8.9000,8.9000,8.5500,8.8100,9020900
20131218,8.0100,8.6000,8.0100,8.5000,25294900
20131219,7.7000,7.9000,7.5600,7.7000,21370000
20131220,7.7500,7.8900,7.6000,7.6400,11543700
20131223,7.7900,7.9600,7.6900,7.6900,7801300
20131224,7.7900,7.8500,7.6800,7.7800,7712200
20131225,7.6800,7.7700,7.5300,7.7700,12112200
20131226,7.9600,8.0600,7.6500,7.6700,18945900
20131227,8.2100,8.2900,7.8500,7.9400,12518400
20131230,8.1800,8.2800,8.0100,8.2100,8107600
20131231,8.1400,8.1800,8.0700,8.1600,3908400
20140101,8.1400,8.1400,8.1400,8.1400,0
20140102,8.1100,8.1800,8.0300,8.1600,4952400
20140103,8.4000,8.4400,8.0500,8.1100,12522400
20140106,8.1700,8.5500,8.1600,8.4000,9955600
20140107,8.3000,8.3300,7.8800,8.1100,9459400
20140108,8.3300,8.5500,8.2900,8.2900,8696200
20140109,8.3000,8.6000,8.2600,8.3400,8455100
20140110,8.2500,8.3700,8.0500,8.2000,6319100
20140113,7.9900,8.2600,7.9700,8.1400,4931300
20140114,8.5900,8.6500,7.9300,7.9300,10361900
20140115,8.6600,8.7100,8.3700,8.5900,7616100
20140116,8.6500,8.9300,8.6000,8.6800,10111000
20140117,8.7500,8.8900,8.5000,8.6500,7518700
20140120,8.7900,8.9300,8.5900,8.7100,6033600
20140121,8.7200,8.8700,8.6700,8.8500,4509500
20140122,8.9900,9.1000,8.7500,8.7500,8609500
20140123,8.9900,9.1000,8.8800,8.9900,6998200
20140124,9.1300,9.2000,8.9000,8.9700,7423800
20140127,9.3500,9.6100,9.0000,9.0000,16287800
20140128,9.3700,9.5400,9.2500,9.3500,10990800
20140129,9.7000,9.8900,9.3500,9.3500,11487300
20140130,10.1900,10.1900,9.6500,9.6700,11613000
20140131,10.1900,10.1900,10.1900,10.1900,0
20140203,10.1900,10.1900,10.1900,10.1900,0
20140205,10.1900,10.1900,10.1900,10.1900,0
20140206,10.1900,10.1900,10.1900,10.1900,0
20140207,10.2000,10.3000,9.8300,10.2400,13998300
20140210,10.9100,11.2200,10.0300,10.0800,26135500
20140211,11.1300,11.4900,10.7100,10.9100,18726500
20140212,11.0100,11.1500,10.7100,11.1500,11545100
20140213,11.0000,11.3700,10.7200,10.9900,13410100
20140214,10.8900,11.0800,10.5500,10.8900,12046700
20140217,11.0100,11.0800,10.6000,10.7100,10975200
20140218,10.7900,11.0800,10.7500,11.0200,8713000
20140219,10.6000,10.7800,10.2400,10.7700,15832100
20140220,10.4300,10.8400,10.3500,10.5500,14067300
20140221,10.7000,10.8500,10.3900,10.4600,9016800
20140224,11.2500,11.2500,10.7200,10.8000,14775400
20140225,10.9900,11.7500,10.8200,11.3000,23055800
