20130226,17.7500,18.3500,17.7000,18.3500,2293000
20130227,18.0000,18.5300,17.8000,17.8000,3671800
20130228,18.2000,18.2100,17.5800,18.1500,2757200
20130301,18.0700,18.2200,17.8000,18.2100,2328100
20130304,17.0600,17.9900,16.8000,17.9900,3304600
20130305,17.4000,17.4000,16.9100,17.0700,2223000
20130306,17.8000,17.8500,17.4000,17.4900,3506200
20130307,17.5200,17.8200,17.2300,17.8000,3492600
20130308,17.1600,17.7000,17.1000,17.5200,1421200
20130311,17.0700,17.3000,17.0200,17.1600,931100
20130312,16.5000,17.1900,16.4000,17.0000,2329200
20130313,16.6300,16.8500,16.4600,16.4600,1335900
20130314,16.0800,16.6800,15.8000,16.6300,5353900
20130315,16.2100,16.5100,15.8200,16.0700,2172800
20130318,15.6000,16.0800,15.5000,16.0800,2720200
20130319,15.8400,15.8500,15.2000,15.6000,2005800
20130320,16.2800,16.3600,15.7200,15.7800,2037200
20130321,16.2600,16.3700,16.1800,16.2800,1628400
20130322,16.1600,16.4900,16.0600,16.2600,1689100
20130325,16.1700,16.3500,16.0800,16.1500,1074900
20130326,16.2500,16.2500,15.7900,16.0900,1462400
20130327,16.2900,16.4800,16.1500,16.2500,1470100
20130328,15.7300,16.2900,15.7000,16.1000,1326400
20130329,15.6800,15.8000,15.6000,15.7300,731900
20130401,15.5600,15.8800,15.2800,15.5600,2564400
20130402,15.5400,15.6500,15.4000,15.4500,1230500
20130403,15.7500,15.9700,15.4100,15.5300,1225000
20130404,15.7500,15.7500,15.7500,15.7500,0
20130405,15.7500,15.7500,15.7500,15.7500,0
20130408,15.5200,15.6900,15.2700,15.5000,1656600
20130409,16.4400,16.4800,15.5400,15.5400,2638300
20130410,16.2300,16.3800,15.9000,16.3800,1620500
20130411,16.0600,16.2900,16.0000,16.2900,852400
20130412,15.5900,16.1600,15.3900,16.1600,2056400
20130415,15.3000,15.4900,15.0600,15.4700,1002700
20130416,15.5700,15.6000,15.0100,15.2200,560300
20130417,15.4300,15.5700,15.2000,15.5700,1078700
20130418,15.3000,15.4000,15.1600,15.2500,999600
20130419,15.7100,15.7800,15.2800,15.3000,2011200
20130422,15.5500,15.6700,15.3100,15.6700,2301600
20130423,15.4800,15.7500,15.3000,15.5500,1984000
20130424,15.7000,15.7200,15.2500,15.3300,1879400
20130425,15.9800,16.2100,15.5200,15.6800,2355600
20130426,15.5000,16.1900,15.3100,15.9200,2120600
20130429,15.5000,15.5000,15.5000,15.5000,0
20130430,15.5000,15.5000,15.5000,15.5000,0
20130501,15.5000,15.5000,15.5000,15.5000,0
20130502,14.7300,15.5000,14.5600,15.5000,3265000
20130503,15.0400,15.3000,14.6100,14.7300,2874100
20130506,15.3800,15.4800,14.9000,15.0500,6414900
20130507,15.3900,15.4100,15.1000,15.3000,2039500
20130508,15.5500,15.8100,15.3200,15.3800,2052200
20130509,15.4500,15.8000,15.3900,15.5600,3181600
20130510,15.4200,15.5300,15.0800,15.4500,1717200
20130513,15.5700,15.7800,15.2600,15.4900,2182400
20130514,15.2600,15.5500,14.9300,15.5500,2894200
20130515,15.3800,15.3900,15.0800,15.1800,1329500
20130516,15.2800,15.3500,14.9000,15.2000,4645100
20130517,15.5600,15.6200,15.0600,15.2000,3621600
20130520,15.9300,15.9800,15.5200,15.5900,4864200
20130521,16.1900,16.3300,15.9300,15.9900,4686000
20130522,16.1200,16.3900,15.9200,16.1900,3583000
20130523,16.0200,16.2400,15.8500,16.1400,2345600
20130524,15.9800,16.0700,15.8300,15.9500,2565200
20130527,16.0400,16.2800,15.9100,16.1500,6780600
20130528,15.5400,16.0700,15.3600,16.0600,5892700
20130529,15.6100,15.6500,15.3300,15.5000,3382900
20130530,15.3900,15.6000,15.2800,15.5700,4604500
20130531,15.5000,15.7500,15.4000,15.4000,4697300
20130603,15.3800,15.5400,15.3000,15.4700,2987400
20130604,14.9300,15.3500,14.8300,15.2900,3098600
20130605,14.9500,15.0000,14.8000,14.9000,1683400
20130606,14.6600,15.0500,14.6100,14.8800,1825000
20130607,14.5800,14.8900,14.2400,14.8600,2278200
20130610,14.5800,14.5800,14.5800,14.5800,0
20130611,14.5800,14.5800,14.5800,14.5800,0
20130612,14.5800,14.5800,14.5800,14.5800,0
20130613,14.0400,14.4000,13.7900,14.4000,1463100
20130614,14.1300,14.1600,13.8800,14.0600,1509000
20130617,14.3700,14.4000,13.9400,14.1000,2070600
20130618,14.3900,14.5900,14.3600,14.4400,2280400
20130619,14.1400,14.2800,13.9400,14.2800,1133400
20130620,13.7300,14.2500,13.7300,14.0100,1255600
20130621,13.5000,13.6800,13.3300,13.4500,1358700
20130624,12.1800,13.5800,12.1500,13.5800,3688900
20130625,11.6100,12.2800,10.9600,12.0500,6095000
20130626,11.3500,11.5500,11.1100,11.5500,5424200
20130627,11.5500,11.9800,11.4700,11.6000,5453800
20130628,11.4500,11.7000,11.2800,11.5500,4932300
20130701,11.5800,11.6500,11.3400,11.5500,4077100
20130702,11.7800,11.8800,11.4500,11.5800,4825200
20130703,11.5200,11.6900,11.3300,11.6900,4348700
20130704,11.5200,11.5200,11.5200,11.5200,0
20130705,11.9800,12.6000,11.9000,12.1800,13391700
20130708,11.1400,11.6000,11.1200,11.6000,6567500
20130709,11.0400,11.1600,10.7900,11.0800,4089900
20130710,11.6600,11.6700,11.1100,11.1100,5049400
20130711,12.0700,12.2900,11.6800,11.6800,7649600
20130712,11.8100,12.1000,11.7500,12.0700,5370500
20130715,12.1100,12.1600,11.7800,11.8100,5231100
20130716,12.0900,12.2100,11.9500,12.1200,4356800
20130717,11.7500,12.1000,11.6600,12.1000,5121100
20130718,11.8800,11.9800,11.6100,11.6100,2655700
20130719,12.0400,12.3800,11.8800,11.8900,7624000
20130722,12.1600,12.1700,11.5500,11.9000,4060800
20130723,12.5500,12.6000,12.0100,12.1600,6800300
20130724,12.3500,12.5400,12.2100,12.5400,6062100
20130725,12.4500,12.8500,12.4000,12.4200,6342900
20130726,12.5700,12.6800,12.2000,12.6800,4454000
20130729,12.9200,13.1900,12.4700,12.5000,6300700
20130730,12.6300,13.0800,12.4100,12.8700,4809000
20130731,12.2300,12.9800,12.2200,12.8800,6066700
20130801,12.4700,12.5200,12.1500,12.3100,4089400
20130802,12.4900,12.6500,12.3300,12.5300,3979700
20130805,13.1200,13.3200,12.6500,12.6600,8326100
20130806,13.2900,13.3900,12.8900,13.1300,7963800
20130807,13.2000,13.3500,13.1100,13.1800,5387300
20130808,13.4000,13.5900,13.2000,13.2300,6099800
20130809,14.2500,14.5900,13.5100,13.5100,14201000
20130812,14.6200,14.6700,14.0000,14.4000,11737300
20130813,14.3400,14.8200,14.2900,14.5500,7432200
20130814,14.7600,15.0200,14.2000,14.4500,9964900
20130815,14.3000,14.7000,14.1800,14.5500,6116200
20130816,13.4900,14.6000,13.3800,14.5500,8406200
20130819,13.6700,13.7500,13.3000,13.3300,4251500
20130820,13.6500,13.9600,13.4500,13.6000,3980200
20130821,13.5400,13.7100,13.1600,13.6100,4261100
20130822,13.6000,13.6500,13.3200,13.4900,3609100
20130823,13.1200,13.7200,12.8000,13.6000,5586200
20130826,13.3600,13.4600,13.1000,13.1600,3679400
20130827,13.4600,13.5900,13.2600,13.3600,4239500
20130828,13.1800,13.3700,13.0000,13.2700,3753200
20130829,13.1700,13.4200,13.1600,13.2500,3421000
20130830,12.6100,13.2700,12.5800,13.1600,5053100
20130902,13.1300,13.1800,12.7600,12.8900,3673800
20130903,13.2800,13.3000,13.0000,13.1500,2807100
20130904,13.5900,13.6200,13.2200,13.2800,4800200
20130905,13.5100,13.8000,13.4400,13.6000,3972500
20130906,13.5300,13.7000,13.3500,13.5800,4705200
20130909,13.6200,13.6900,13.4800,13.5000,4784500
20130910,13.5500,13.6800,13.4700,13.6700,4080200
20130911,13.8400,13.9000,13.4000,13.5700,5809300
20130912,13.5600,13.8200,13.5300,13.8200,3398900
20130913,13.4200,13.6800,13.3900,13.5600,3699900
20130916,13.7800,13.9700,13.5900,13.5900,7632600
20130917,13.7700,14.1100,13.6500,13.9000,10209200
20130918,13.6700,13.7500,13.2300,13.5600,5135700
20130920,13.6700,13.6700,13.6700,13.6700,0
20130923,13.7500,13.7900,13.5300,13.6000,4393300
20130924,14.1100,14.3700,13.9500,14.0500,7991500
20130925,14.2800,14.5300,14.0100,14.0700,7598100
20130926,14.0300,14.3500,13.9900,14.2800,3825700
20130927,13.9800,14.3000,13.8200,14.3000,3407600
20130930,13.9800,14.1900,13.9000,14.1100,3499500
20131001,13.9800,13.9800,13.9800,13.9800,0
20131002,13.9800,13.9800,13.9800,13.9800,0
20131003,13.9800,13.9800,13.9800,13.9800,0
20131004,13.9800,13.9800,13.9800,13.9800,0
20131007,13.9800,13.9800,13.9800,13.9800,0
20131008,14.0300,14.0900,13.8700,13.9600,3215700
20131009,14.2300,14.3400,14.0300,14.1000,4292800
20131010,13.7000,14.3200,13.7000,14.2400,5616600
20131011,13.9000,13.9500,13.7000,13.7900,5528000
20131014,14.3200,14.4800,14.2000,14.2000,7890600
20131015,14.7000,14.7500,14.2500,14.2500,8309800
20131016,14.6700,15.2600,14.6700,14.8000,13080800
20131017,14.5800,15.1600,14.5500,14.8100,7370300
20131018,14.6500,15.0200,14.5100,14.5800,5147200
20131021,15.1500,15.1500,14.4300,14.7900,7851500
20131022,15.3000,15.6900,15.1600,15.1700,8258100
20131023,14.8200,15.3900,14.6100,15.3200,5299000
20131024,14.8000,14.8900,14.6400,14.8200,3069900
20131025,14.8300,15.1800,14.7100,14.7500,4768200
20131028,14.4000,15.1500,14.1500,15.0500,4960800
20131029,13.3800,14.1800,12.9600,14.1800,9927500
20131030,13.5600,13.5700,13.0600,13.2000,3261900
20131031,13.4500,13.5600,13.2700,13.5600,2694600
20131101,13.3600,13.3900,13.1600,13.2900,2046900
20131104,13.3800,13.5800,13.3600,13.3600,1592900
20131105,13.4500,13.5300,13.1000,13.3800,2658600
20131106,13.3600,13.5800,13.2500,13.4200,2694800
20131107,13.0500,13.3400,13.0400,13.3000,2004400
20131108,12.8700,13.0300,12.7000,12.9900,3291900
20131111,13.1300,13.1800,12.6800,12.8200,1967500
20131112,13.0800,13.2600,12.9000,13.0200,2132100
20131113,12.9200,13.1300,12.8700,13.0200,1270500
20131114,13.1100,13.1500,12.8500,12.8500,1435000
20131115,13.4600,13.5600,13.0800,13.0800,2528300
20131118,13.7300,13.7600,13.3200,13.4600,3041900
20131119,14.1000,14.5500,13.9800,13.9800,6264400
20131120,14.1500,14.2300,13.9000,14.0600,3295600
20131121,14.2300,14.6900,14.1700,14.5900,4353800
20131122,14.1700,14.4800,14.0800,14.1900,3376500
20131125,14.0700,14.1900,13.8000,13.8000,2587000
20131126,14.2500,14.3800,13.9600,14.0700,2628000
20131127,14.2600,14.3700,14.0900,14.2500,2647100
20131128,14.4300,14.5700,14.2600,14.2600,4249100
20131129,14.7700,14.8000,14.3600,14.4800,4415000
20131202,14.0800,14.7000,13.9000,14.3800,4915000
20131203,15.2000,15.3500,14.0100,14.0600,9488600
20131204,15.6200,15.9500,15.0800,15.1600,14049700
20131205,15.6700,15.8800,15.4000,15.7100,6086500
20131206,15.2900,15.6800,15.1800,15.6600,5058100
20131209,15.2900,15.8200,15.1200,15.3800,6088000
20131210,15.4300,15.5500,15.0500,15.3500,5001500
20131211,15.0100,15.3900,14.8500,15.3500,4965400
20131212,15.0200,15.1800,14.8600,15.0000,2862400
20131213,15.3000,15.3900,14.9200,14.9700,4413900
20131216,14.4800,15.5400,14.4000,15.3900,5760000
20131217,14.5000,14.8500,14.4300,14.4400,3277200
20131218,14.5400,14.7600,14.4500,14.6400,2071300
20131219,14.7000,14.9400,14.6000,14.7000,3595100
20131220,14.7600,14.8700,14.5600,14.7300,2484200
20131223,14.6700,14.9600,14.5000,14.7600,3765900
20131224,14.7700,14.9800,14.5700,14.6000,3195000
20131225,14.9800,14.9800,14.6800,14.7700,2943300
20131226,14.1000,15.0900,14.0900,15.0200,7263800
20131227,14.2400,14.2600,13.9600,14.1000,4524200
20131230,14.2000,14.3900,14.1200,14.3600,2848100
20131231,14.3000,14.3000,14.0900,14.1200,2491700
20140101,14.3000,14.3000,14.3000,14.3000,0
20140102,14.0000,14.3100,13.8800,14.3000,5160500
20140103,14.0300,14.1100,13.9100,13.9800,2797300
20140106,13.7900,14.0700,13.7500,14.0700,2338000
20140107,13.7800,13.9500,13.6800,13.7800,1892000
20140108,13.4600,13.9800,13.3300,13.7700,4205200
20140109,13.3600,13.4600,13.0200,13.4500,3454800
20140110,13.2500,13.3700,13.1200,13.2600,2505400
20140113,13.5000,13.5000,13.2000,13.2000,2709300
20140114,13.8800,13.9000,13.4100,13.4700,3247300
20140115,13.8800,13.9500,13.6600,13.8900,3027200
20140116,13.8600,13.9600,13.7300,13.8300,1899400
20140117,13.7100,14.1700,13.7100,13.9000,4209300
20140120,13.5000,13.8400,13.3800,13.7000,2243100
20140121,13.6000,13.7600,13.5000,13.5000,2457800
20140122,13.8900,13.9200,13.5000,13.6100,3790600
20140123,14.0800,14.1800,13.8000,13.8800,3476300
20140124,14.1000,14.2400,13.9500,14.0100,2908900
20140127,14.4000,14.5200,14.0100,14.0800,3769600
20140128,14.4300,14.5400,14.1800,14.3500,2534300
20140129,14.3500,14.5000,14.2500,14.4900,2925400
20140130,13.4000,14.1200,13.2000,14.1200,5836000
20140131,13.4000,13.4000,13.4000,13.4000,0
20140203,13.4000,13.4000,13.4000,13.4000,0
20140205,13.4000,13.4000,13.4000,13.4000,0
20140206,13.4000,13.4000,13.4000,13.4000,0
20140207,13.5900,13.6000,13.3900,13.5000,2030000
20140210,14.0900,14.1400,13.6000,13.6500,3695400
20140211,14.0200,14.2200,13.8200,14.0600,3641100
20140212,14.3500,14.3600,13.9100,14.0200,4601800
20140213,14.1200,14.7800,14.1200,14.7500,6951000
20140214,14.5200,14.5700,14.0500,14.1200,4981600
20140217,14.8000,14.9800,14.6100,14.6100,8758800
20140218,14.9900,15.0700,14.5000,14.8400,7765900
20140219,14.7800,14.9900,14.7200,14.9800,5112900
20140220,14.8000,15.0500,14.5300,14.8300,7078300
20140221,14.3000,14.8000,14.2200,14.8000,5102800
20140224,15.1200,15.2700,13.9000,14.2400,9368900
20140225,15.1500,15.4400,14.6000,15.1200,11486700
