20130226,4.6800,4.6800,4.6400,4.6800,36332500
20130227,4.5900,4.6900,4.5000,4.5850,32974600
20130228,4.5500,4.6150,4.4400,4.6150,17673600
20130301,4.6800,4.7200,4.5050,4.5500,17907900
20130304,4.5900,4.7800,4.5050,4.6450,11481100
20130305,4.6850,4.7000,4.5350,4.5900,9522300
20130306,4.8400,4.8800,4.6600,4.7000,16425200
20130307,4.7450,4.8400,4.6100,4.8400,12039000
20130308,4.6000,4.7850,4.6000,4.7000,12064200
20130311,4.5900,4.6350,4.5300,4.5850,5172100
20130312,4.4350,4.6250,4.3550,4.5850,7799300
20130313,4.4600,4.4750,4.3850,4.4000,3282400
20130314,4.4050,4.4850,4.3900,4.4500,4523700
20130315,4.4500,4.5250,4.3800,4.4100,5437700
20130318,4.3950,4.4600,4.3150,4.4250,3952700
20130319,4.3300,4.4200,4.2500,4.4000,4117200
20130320,4.4900,4.5000,4.3050,4.3100,4611500
20130321,4.4450,4.5050,4.4250,4.4800,4344500
20130322,4.5350,4.6350,4.4650,4.4800,7190700
20130325,4.4700,4.5550,4.3900,4.5000,5597000
20130326,4.4150,4.4500,4.3300,4.4500,3069900
20130327,4.4250,4.4750,4.3850,4.3850,3278800
20130328,4.2750,4.4050,4.2750,4.3850,3620500
20130329,4.3450,4.3600,4.2500,4.2800,2378200
20130401,4.4350,4.4850,4.3250,4.3450,3470000
20130402,4.2400,4.4700,4.2100,4.4500,4732600
20130403,4.1450,4.2600,4.1250,4.2450,2513800
20130404,4.1450,4.1450,4.1450,4.1450,0
20130405,4.1450,4.1450,4.1450,4.1450,0
20130408,4.2150,4.2200,4.0800,4.0950,2036800
20130409,4.2250,4.2400,4.1600,4.2100,2030800
20130410,4.1250,4.2350,4.1150,4.2350,3953200
20130411,4.1200,4.2400,3.9800,4.1300,9205800
20130412,3.9700,4.1200,3.9700,4.1000,3357100
20130415,3.8600,3.9700,3.8500,3.9700,3145700
20130416,3.9100,3.9800,3.8000,3.8100,2758400
20130417,3.9600,3.9600,3.8600,3.9000,2289100
20130418,4.0100,4.1200,3.9100,3.9300,6232400
20130419,4.0500,4.0800,3.9600,4.0000,5604600
20130422,4.0300,4.0600,3.9800,4.0100,5769400
20130423,3.9100,4.0600,3.8500,4.0300,4467700
20130424,4.0600,4.0600,3.9200,3.9400,3825100
20130425,3.9000,4.0700,3.9000,4.0700,3112300
20130426,3.8600,3.9300,3.8300,3.9000,2468600
20130429,3.8600,3.8600,3.8600,3.8600,0
20130430,3.8600,3.8600,3.8600,3.8600,0
20130501,3.8600,3.8600,3.8600,3.8600,0
20130502,3.8700,3.9100,3.8300,3.8800,1640000
20130503,3.9500,3.9600,3.8700,3.8700,2118300
20130506,4.0300,4.0500,3.9100,3.9500,5509300
20130507,3.9700,4.0200,3.9200,4.0200,3627500
20130508,3.9800,3.9800,3.9000,3.9700,4315700
20130509,3.8800,3.9700,3.8500,3.9600,6313300
20130510,3.9400,3.9500,3.8400,3.8600,3950900
20130513,3.9200,3.9500,3.9000,3.9300,2925900
20130514,3.8500,3.9300,3.8100,3.9300,3275800
20130515,3.9100,3.9200,3.8400,3.8700,3585900
20130516,4.0000,4.0600,3.8700,3.9000,6851200
20130517,4.0000,4.0300,3.9500,3.9800,3755700
20130520,4.2300,4.3900,3.9800,4.0200,20492600
20130521,4.2300,4.2900,4.1300,4.2600,12192600
20130522,4.1500,4.2000,4.1200,4.2000,5645700
20130523,4.1300,4.2000,4.1100,4.1100,4296700
20130524,4.2000,4.2300,4.1300,4.1300,4648400
20130527,4.2300,4.2800,4.1800,4.2000,5566000
20130528,4.1700,4.2600,4.1300,4.2300,4504500
20130529,4.1800,4.2100,4.1500,4.1700,3785200
20130530,4.1500,4.1800,4.1000,4.1800,4092000
20130531,4.1200,4.1600,4.1100,4.1300,2957700
20130603,4.1100,4.1600,4.1100,4.1200,2473000
20130604,4.0200,4.1400,3.9900,4.1100,3337800
20130605,4.0100,4.0600,3.9700,3.9900,2181000
20130606,3.9400,4.0200,3.9300,4.0200,2056600
20130607,3.8500,3.9600,3.8200,3.9500,2348300
20130610,3.8500,3.8500,3.8500,3.8500,0
20130611,3.8500,3.8500,3.8500,3.8500,0
20130612,3.8500,3.8500,3.8500,3.8500,0
20130613,3.7100,3.8200,3.6600,3.8000,2573100
20130614,3.7500,3.7700,3.7100,3.7400,2003600
20130617,3.7300,3.7800,3.7000,3.7700,1653600
20130618,3.7300,3.7400,3.6900,3.7200,1738800
20130619,3.6900,3.7300,3.6300,3.7200,1619200
20130620,3.5800,3.6900,3.5700,3.6800,1846500
20130621,3.5000,3.5500,3.4100,3.5500,2198200
20130624,3.2900,3.5100,3.2600,3.4600,2195200
20130625,3.2200,3.3300,3.0500,3.2700,3582400
20130626,3.2600,3.2700,3.1800,3.2300,1879900
20130627,3.2100,3.3400,3.2000,3.2700,2241900
20130628,3.3100,3.3200,3.1700,3.2000,3001400
20130701,3.3200,3.3200,3.2200,3.2800,1780600
20130702,3.3300,3.3400,3.2600,3.3000,2218500
20130703,3.2900,3.3100,3.2300,3.3100,1571000
20130704,3.3200,3.3600,3.2600,3.2700,2557400
20130705,3.3700,3.4900,3.3100,3.3200,2225000
20130708,3.2600,3.3600,3.2500,3.3600,2350900
20130709,3.3300,3.3600,3.2500,3.3200,2337400
20130710,3.4400,3.4500,3.3000,3.3100,3554400
20130711,3.5000,3.5400,3.3800,3.4400,4206600
20130712,3.4300,3.5200,3.4200,3.4900,2856000
20130715,3.4800,3.5000,3.4100,3.4100,1826400
20130716,3.5100,3.5400,3.4500,3.4700,3103300
20130717,3.4200,3.5100,3.4200,3.5000,2148600
20130718,3.4400,3.4800,3.4000,3.4300,1381000
20130719,3.3600,3.4500,3.3600,3.4400,1495200
20130722,3.3500,3.3700,3.0200,3.3600,2070800
20130723,3.4800,3.4900,3.3400,3.3400,2763700
20130724,3.5100,3.5600,3.4500,3.4800,2929500
20130725,3.4800,3.5100,3.4100,3.5000,2477600
20130726,3.5300,3.5400,3.4400,3.4500,2507400
20130729,3.4600,3.5100,3.4500,3.5100,1666900
20130730,3.5300,3.5300,3.4500,3.4900,2445000
20130731,3.8800,3.8800,3.4900,3.5400,12800500
20130801,3.9200,4.0700,3.8100,3.8600,18588600
20130802,3.8500,3.9200,3.8200,3.8600,8154600
20130805,3.8400,3.8900,3.7500,3.8500,5215000
20130806,3.8500,3.8600,3.7900,3.8100,4754500
20130807,4.1300,4.2400,3.8200,3.8500,19876900
20130808,4.5400,4.5400,4.0100,4.0500,33280400
20130809,4.4300,4.8000,4.4100,4.4700,32073400
20130812,4.5100,4.6700,4.3300,4.4600,21931800
20130813,4.9600,4.9600,4.4100,4.4200,30785100
20130814,4.8300,4.9700,4.7500,4.9600,26664000
20130815,4.7500,4.8600,4.6200,4.7300,19060200
20130816,4.5400,4.8800,4.4400,4.7100,16994100
20130819,4.6600,4.6900,4.4500,4.4500,8821000
20130820,4.5800,4.6900,4.5400,4.6400,8195300
20130821,4.8800,4.9700,4.5000,4.6300,17543800
20130822,4.7500,4.9300,4.7300,4.8100,9686600
20130823,5.2300,5.2300,4.7800,4.7800,29726000
20130826,5.5700,5.7300,5.1100,5.2100,35424700
20130827,5.6400,5.7200,5.3500,5.4400,20591700
20130828,5.8600,6.2000,5.4200,5.5100,31772800
20130829,5.8700,5.9500,5.6400,5.7200,17906800
20130830,5.3700,5.9000,5.3500,5.8800,19378900
20130902,5.4000,5.6100,5.3100,5.3100,12302900
20130903,5.9400,5.9400,5.4000,5.4000,15407300
20130904,5.9600,6.3300,5.8500,5.9400,24038700
20130905,6.1400,6.3000,5.7100,5.9300,17794800
20130906,6.3000,6.4500,6.0300,6.1300,24839300
20130909,6.2800,6.4200,6.1000,6.3800,17573800
20130910,6.2000,6.2500,6.1100,6.2400,11586800
20130911,5.9500,6.3100,5.6000,6.1500,16808200
20130912,5.9600,6.0500,5.6000,5.9100,14008600
20130913,5.7400,5.9200,5.7200,5.8500,6772600
20130916,6.2200,6.2800,5.7200,5.7200,17287400
20130917,6.1900,6.3500,6.0600,6.2000,11696400
20130918,5.9700,6.2400,5.9000,6.1300,10615200
20130920,5.9700,5.9700,5.9700,5.9700,0
20130923,5.9700,6.0400,5.8600,6.0000,8956400
20130924,6.5500,6.5700,5.9300,5.9800,23326000
20130925,6.5500,6.9000,6.2100,6.4600,21260100
20130926,6.4700,6.8300,6.3500,6.4800,11361200
20130927,6.3200,6.6500,6.2900,6.4600,7226200
20130930,6.6500,6.7500,6.3500,6.3500,9193000
20131001,6.6500,6.6500,6.6500,6.6500,0
20131002,6.6500,6.6500,6.6500,6.6500,0
20131003,6.6500,6.6500,6.6500,6.6500,0
20131004,6.6500,6.6500,6.6500,6.6500,0
20131007,6.6500,6.6500,6.6500,6.6500,0
20131008,6.8200,7.0000,6.5000,6.7000,10109900
20131009,6.8700,6.9600,6.7000,6.8600,6633900
20131010,6.8800,7.0800,6.7600,6.8600,10352200
20131011,6.8200,6.9100,6.6200,6.8900,8071000
20131014,6.7900,7.0800,6.7800,6.8000,8327300
20131015,6.8000,7.0500,6.6800,6.8000,8090600
20131016,6.6300,6.9900,6.3600,6.8000,15822400
20131017,6.7700,6.8800,6.6500,6.7000,9376300
20131018,7.0700,7.2800,6.7500,6.8000,18837100
20131021,7.4500,7.4500,7.0300,7.0700,12741200
20131022,7.3000,7.4800,7.2100,7.4500,13809600
20131023,6.8200,7.4500,6.8200,7.3000,14600400
20131024,6.7500,7.1000,6.7200,6.8100,10162700
20131025,6.6200,7.0700,6.4600,6.8000,13571400
20131028,6.8000,6.8100,6.6000,6.6900,8797000
20131029,6.7000,7.0800,6.3800,6.8000,9664000
20131030,6.8000,6.8100,6.5100,6.7900,8606600
20131031,6.6600,6.8200,6.5400,6.7800,5334400
20131101,6.4000,6.6800,6.1500,6.6500,9467000
20131104,6.4400,6.4600,6.2100,6.3300,3773600
20131105,6.5300,6.5800,6.3500,6.4500,9593500
20131106,6.6500,6.7500,6.3900,6.4900,7625600
20131107,6.6600,6.8200,6.5400,6.6100,5129800
20131108,6.5900,6.7100,6.4100,6.6000,3468300
20131111,6.6200,6.6700,6.4500,6.5400,2574500
20131112,6.6500,6.6800,6.5100,6.6000,2544500
20131113,6.5000,6.6600,6.4600,6.6500,2785200
20131114,6.5100,6.5400,6.4100,6.4300,2321100
20131115,6.5900,6.7000,6.4000,6.4300,8651700
20131118,6.7500,6.7600,6.5000,6.5900,8035800
20131119,6.9000,6.9000,6.7500,6.7500,7505600
20131120,6.7800,7.4900,6.6600,7.4900,32443100
20131121,6.6000,6.9500,6.4000,6.6000,15606400
20131122,6.4900,6.7000,6.4300,6.5800,5313700
20131125,6.3400,6.5500,6.2500,6.4400,5992800
20131126,6.2700,6.3900,6.1300,6.3500,5923400
20131127,6.2900,6.4200,6.2200,6.2700,4374000
20131128,6.5400,6.5400,6.2900,6.3000,10028400
20131129,6.9600,7.0300,6.5500,6.5600,17120700
20131202,6.4800,6.8800,6.3800,6.7600,9653900
20131203,6.6200,6.6600,6.3900,6.4200,3694000
20131204,6.7600,6.8000,6.5600,6.5800,5508000
20131205,6.4500,6.8000,6.3300,6.8000,9359800
20131206,6.4100,6.4800,6.2500,6.4000,5065100
20131209,6.4000,6.4200,6.3100,6.3100,2323900
20131210,6.7200,6.7500,6.3700,6.3700,8525000
20131211,6.8200,6.9500,6.6500,6.6500,10965800
20131212,6.7800,6.8700,6.6600,6.8400,4403700
20131213,6.8500,6.9500,6.7700,6.8400,4890100
20131216,6.7200,6.8800,6.6300,6.8000,4619800
20131217,6.6100,6.7300,6.3100,6.6600,6788600
20131218,6.4600,6.5700,6.3800,6.5200,3446000
20131219,6.4600,6.5100,6.3600,6.4200,2100800
20131220,6.4600,6.5200,6.3700,6.4100,1726600
20131223,6.4600,6.5200,6.3900,6.4100,1640100
20131224,6.5200,6.5900,6.4400,6.4400,2783900
20131225,6.6900,6.8300,6.4700,6.5100,5284200
20131226,6.8800,7.0500,6.6500,6.7000,14089200
20131227,6.9700,7.0100,6.7200,6.7500,9180300
20131230,7.0300,7.1300,6.9100,7.0400,9824600
20131231,7.7300,7.7300,7.6300,7.7300,92627800
20140101,7.7300,7.7300,7.7300,7.7300,0
20140102,7.5800,7.7500,7.3300,7.4200,56467400
20140103,7.2000,7.5400,7.1600,7.5200,37296800
20140106,6.7600,7.1500,6.7400,7.1100,22221700
20140107,6.8100,6.9600,6.7300,6.7900,15774400
20140108,6.6500,6.8000,6.5500,6.8000,17141500
20140109,6.4800,6.7600,6.4700,6.6800,12503600
20140110,6.4700,6.5400,6.3400,6.4900,8723200
20140113,6.3700,6.5400,6.2100,6.4800,8648100
20140114,6.4400,6.4400,6.2800,6.4000,8532900
20140115,6.4000,6.4500,6.3400,6.4000,7050500
20140116,6.5100,6.5700,6.4000,6.4100,12284300
20140117,6.4200,6.5400,6.3600,6.4700,6444400
20140120,6.2900,6.4600,6.2500,6.4200,6297400
20140121,6.5800,6.6100,6.4000,6.4600,13974500
20140122,6.8100,6.8900,6.6000,6.6500,23282900
20140123,6.8500,6.8800,6.6800,6.8300,21702600
20140124,6.8600,6.9300,6.7800,6.8400,19483300
20140127,7.3900,7.5500,6.8000,6.8500,56561300
20140128,7.2300,7.4100,7.1300,7.4000,27472800
20140129,7.6300,7.7400,7.1700,7.2500,34445800
20140130,7.9100,8.0800,7.6000,7.6500,31002500
20140131,7.9100,7.9100,7.9100,7.9100,0
20140203,7.9100,7.9100,7.9100,7.9100,0
20140205,7.9100,7.9100,7.9100,7.9100,0
20140206,7.9100,7.9100,7.9100,7.9100,0
20140207,8.7000,8.7000,7.8200,7.8900,34787400
20140210,8.9000,9.0400,8.5100,8.7100,48556700
20140211,9.7100,9.7400,8.7000,8.8100,47617100
20140212,9.5800,9.9800,9.3600,9.5000,35539500
20140213,8.6200,9.6600,8.6200,9.6000,43643600
20140214,9.4800,9.4800,8.6900,8.7000,62885200
20140217,9.5100,9.8800,9.2400,9.5000,49893400
20140218,10.1500,10.3100,9.4400,9.6500,54441300
20140219,9.8000,10.1000,9.5700,10.0000,36784300
20140220,9.4300,9.9000,9.3900,9.8300,28172400
20140221,9.6400,9.8500,9.2800,9.3900,27313900
20140224,9.3600,9.5900,9.0300,9.5300,30337000
20140225,9.0300,9.6400,8.9000,9.4500,29906600
