20130226,9.3300,9.8100,9.2600,9.6300,4764000
20130227,9.4200,9.5300,9.2500,9.3500,2530300
20130228,9.4200,9.5400,9.2100,9.4300,2922600
20130301,9.5600,9.6000,9.3100,9.4000,3177800
20130304,9.0400,9.5100,8.9500,9.4800,2756000
20130305,9.2900,9.3300,8.9600,9.0000,2828500
20130306,9.4400,9.4600,9.1600,9.2800,2511300
20130307,9.5900,9.7200,9.3100,9.4200,3484900
20130308,9.4600,9.6800,9.4100,9.5900,2525900
20130311,9.2800,9.5300,9.1800,9.4800,1877400
20130312,9.0000,9.4000,8.9600,9.3500,2532900
20130313,8.9800,9.0300,8.8400,8.9400,1208100
20130314,8.7700,9.0500,8.7000,8.9800,2117000
20130315,8.9300,8.9700,8.6900,8.8000,1232600
20130318,8.7700,8.9700,8.7600,8.9000,660400
20130319,8.6000,8.8800,8.2600,8.8000,2213800
20130320,8.8100,8.8800,8.5100,8.5800,1274500
20130321,8.8800,8.9300,8.7000,8.8100,1201400
20130322,8.9400,8.9500,8.8000,8.8600,1039700
20130325,8.8100,8.9900,8.8000,8.9600,918400
20130326,8.9000,8.9400,8.5400,8.8100,1151200
20130327,9.0700,9.2500,8.8300,8.9200,3446800
20130328,9.0500,9.1900,8.9000,9.0100,5174900
20130329,9.2900,9.5800,9.0600,9.1000,4989500
20130401,9.4400,9.5300,9.2700,9.3000,3111100
20130402,9.3000,9.4400,9.2200,9.4200,1901500
20130403,9.2700,9.3100,9.1200,9.3100,1029900
20130404,9.2700,9.2700,9.2700,9.2700,0
20130405,9.2700,9.2700,9.2700,9.2700,0
20130408,9.2700,9.3000,8.7900,9.0700,1808100
20130409,9.3200,9.4200,9.1300,9.2700,1547500
20130410,9.3000,9.4100,9.1900,9.4100,988000
20130411,9.6500,9.6700,9.2300,9.3500,4603900
20130412,9.5400,9.6500,9.4500,9.6000,2079900
20130415,9.4600,9.5100,9.2700,9.4200,2182700
20130416,9.9300,9.9400,9.3200,9.4600,4785900
20130417,9.9000,10.1200,9.8000,9.8400,4518500
20130418,9.9800,10.0600,9.7800,10.0000,2748100
20130419,10.4000,10.4600,9.9400,9.9600,4865600
20130422,10.3600,10.8400,10.2000,10.2800,4476200
20130423,10.3000,10.4800,10.1800,10.3500,6144000
20130424,11.0300,11.1500,10.3100,10.3100,6246400
20130425,11.0900,11.4800,10.9100,10.9500,6305800
20130426,11.2800,11.3000,10.8600,11.1700,4191500
20130429,11.2800,11.2800,11.2800,11.2800,0
20130430,11.2800,11.2800,11.2800,11.2800,0
20130501,11.2800,11.2800,11.2800,11.2800,0
20130502,11.4100,11.4600,11.0700,11.3700,3152400
20130503,11.8000,12.1000,11.3100,11.4500,5720100
20130506,12.1000,12.1300,11.6200,11.8500,5329400
20130507,12.8400,12.8400,12.0200,12.1500,9162100
20130508,12.6500,13.0000,12.3600,12.8400,8202800
20130509,12.7200,12.9700,12.3700,12.5900,6995400
20130510,12.3000,12.5200,11.7100,12.5200,10061900
20130513,12.4300,12.6500,11.9300,12.0500,6870100
20130514,12.1500,12.6000,11.9300,12.2900,4600300
20130515,12.2300,12.4000,12.0000,12.1800,3931900
20130516,12.1700,12.3600,11.9700,12.2400,4961300
20130517,12.1400,12.2400,12.0100,12.1800,4427700
20130520,12.9000,13.1500,12.1600,12.3000,9556900
20130521,12.9000,13.1800,12.7500,12.8900,8049300
20130522,12.2000,13.0700,12.0300,12.8500,8274900
20130523,12.0000,12.3400,11.5000,12.1500,4314200
20130524,12.2400,12.4100,12.1300,12.2300,6098600
20130527,12.5000,12.5400,11.9400,12.3000,7780000
20130528,12.4100,12.5500,12.2300,12.5000,3583700
20130529,12.3000,12.4900,12.1100,12.1100,2739000
20130530,12.8700,12.9600,12.2000,12.2500,6968200
20130531,13.1800,13.3500,12.7300,12.8000,6779000
20130603,12.6800,13.4800,12.6400,13.1800,5793600
20130604,12.0200,12.6900,11.9000,12.6000,4689500
20130605,12.1000,12.2400,12.0100,12.1200,1679000
20130606,11.8500,12.1500,11.7000,12.1500,2119200
20130607,11.5100,12.0500,11.2600,12.0500,3325900
20130610,11.5100,11.5100,11.5100,11.5100,0
20130611,11.5100,11.5100,11.5100,11.5100,0
20130612,11.5100,11.5100,11.5100,11.5100,0
20130613,11.0800,11.4000,10.7000,11.2000,2068700
20130614,11.2900,11.3400,11.1100,11.1900,1810700
20130617,11.5700,11.8000,11.1900,11.1900,3045300
20130618,11.5200,11.7700,11.3200,11.3200,1865200
20130619,11.4400,11.5200,11.1500,11.5200,1196900
20130620,11.0000,11.4300,10.7200,11.3500,1351300
20130621,10.4400,10.7600,10.3500,10.6100,2388300
20130624,9.5000,10.4400,9.4000,10.1100,3055000
20130625,9.2600,9.4200,8.5500,8.9900,3483700
20130626,9.3000,9.4800,8.8000,9.3800,6207400
20130627,8.7100,9.5300,8.7100,9.2500,6918400
20130628,8.7800,8.9800,8.4500,8.7500,2925700
20130701,9.0700,9.1000,8.6600,8.8000,2351500
20130702,9.3500,9.3800,8.8200,8.8200,3493800
20130703,9.3700,9.5300,9.0400,9.3400,3747500
20130704,9.9300,10.0800,9.2400,9.3000,10361700
20130705,9.9900,10.1300,9.7700,10.1000,4440800
20130708,9.6600,10.0500,9.6200,9.8000,4564900
20130709,9.8200,9.8200,9.4200,9.6000,2045500
20130710,9.9200,10.0400,9.7100,9.8800,5019400
20130711,10.0100,10.2500,9.8600,9.9200,6245200
20130712,9.9500,10.0900,9.7400,10.0900,4558000
20130715,9.9100,10.0300,9.8400,9.9000,3475800
20130716,9.8000,9.9500,9.5500,9.9000,3579200
20130717,9.4400,9.7900,9.4400,9.7100,2767500
20130718,9.1900,9.4000,9.1700,9.3000,2700500
20130719,9.2000,9.4100,9.1000,9.1500,2482000
20130722,9.4800,9.4800,9.0100,9.1900,1918700
20130723,9.7700,9.8300,9.4200,9.4600,2662000
20130724,10.0600,10.1500,9.7100,9.7100,3604600
20130725,9.9300,10.3000,9.7900,10.0700,2771300
20130726,10.0200,10.0800,9.7300,9.8500,1990600
20130729,9.2800,10.0100,9.0200,10.0100,3208700
20130730,9.0100,9.4400,8.9000,9.3200,5298500
20130731,9.0000,9.2100,8.9500,9.0400,2479000
20130801,9.2900,9.3200,9.0200,9.0200,4279800
20130802,9.1800,9.2900,9.0300,9.0800,6136700
20130805,9.5900,9.6500,9.1300,9.1400,5109000
20130806,9.7600,9.8300,9.5300,9.6000,5007800
20130807,9.5200,9.8500,9.4800,9.7100,4490700
20130808,9.6300,9.7800,9.4200,9.5000,2671600
20130809,10.1000,10.3800,9.7100,9.7700,10053700
20130812,10.2400,10.2900,9.9100,9.9700,8747300
20130813,10.2500,10.4300,10.1500,10.2800,4647100
20130814,10.2100,10.5400,10.1200,10.3000,5364200
20130815,9.9600,10.2700,9.8800,10.2100,4927200
20130816,9.8500,10.2000,9.7600,9.7800,3806600
20130819,10.1000,10.1000,9.7000,9.7500,2593400
20130820,10.3500,10.3500,10.0700,10.0700,5383100
20130821,10.4000,10.6300,10.3200,10.3700,5053500
20130822,10.2600,10.4100,10.2200,10.4100,3520400
20130823,10.2000,10.3900,9.8800,10.2800,4043500
20130826,10.4800,10.4800,10.2100,10.2200,5727400
20130827,10.6800,10.7500,10.4800,10.6000,7077700
20130828,10.4100,10.5900,10.3500,10.5500,5771100
20130829,10.3000,10.4900,10.2500,10.4300,3254500
20130830,10.0400,10.3400,10.0300,10.3000,4092800
20130902,10.3300,10.3300,9.9000,10.0100,3239600
20130903,10.4900,10.5000,10.2500,10.2800,4487500
20130904,10.2500,10.5000,10.2000,10.4000,3598900
20130905,10.1100,10.2800,10.0900,10.2800,2716100
20130906,10.2200,10.2500,10.0400,10.1500,2552500
20130909,10.2900,10.3300,10.2000,10.3200,3788600
20130910,10.5000,10.5100,10.2500,10.3200,6139200
20130911,10.2900,10.5600,10.2500,10.5200,5078800
20130912,10.3800,10.4400,10.2200,10.2200,3397200
20130913,10.3900,10.4700,10.3000,10.3700,2971200
20130916,10.7200,10.8200,10.4000,10.4000,7855300
20130917,10.4000,10.7400,10.3900,10.6500,4110400
20130918,10.6700,10.6900,10.3000,10.4100,3701400
20130920,10.6700,10.6700,10.6700,10.6700,0
20130923,10.8700,10.8700,10.6000,10.6700,5289300
20130924,10.9600,11.1500,10.7700,10.8800,6380800
20130925,10.7500,10.9800,10.7400,10.9400,3956100
20130926,10.4400,10.7200,10.4000,10.7200,3764100
20130927,10.3800,10.5100,10.3400,10.3700,2350500
20130930,10.3800,10.4800,10.3300,10.3800,2210500
20131001,10.3800,10.3800,10.3800,10.3800,0
20131002,10.3800,10.3800,10.3800,10.3800,0
20131003,10.3800,10.3800,10.3800,10.3800,0
20131004,10.3800,10.3800,10.3800,10.3800,0
20131007,10.3800,10.3800,10.3800,10.3800,0
20131008,10.5000,10.5100,10.2500,10.3400,2452700
20131009,10.5500,10.5800,10.4000,10.5000,2141100
20131010,10.6700,10.7300,10.5000,10.5000,3952900
20131011,10.9000,10.9400,10.6300,10.6900,4495100
20131014,10.8500,11.0800,10.8000,10.9600,5335300
20131015,11.0700,11.0800,10.7100,10.8200,5620300
20131016,10.6600,11.2000,10.6000,11.1500,4862000
20131017,10.8200,10.9400,10.6800,10.7100,3566100
20131018,10.7900,10.9100,10.7100,10.8000,2522500
20131021,11.0000,11.0600,10.6100,10.8500,5597500
20131022,10.9400,11.3000,10.9200,11.3000,6582300
20131023,10.5600,11.0300,10.5500,10.9400,4492100
20131024,10.5600,10.6500,10.4100,10.5800,2399600
20131025,10.3800,10.6200,10.2300,10.6000,2811300
20131028,10.3000,10.4300,10.2200,10.3300,1394700
20131029,9.9400,10.5000,9.7100,10.4000,3446200
20131030,10.0800,10.1200,9.8500,10.0200,1684700
20131031,10.0000,10.1700,9.9400,10.0000,1319500
20131101,9.9600,10.0400,9.8900,10.0100,998700
20131104,10.0800,10.1400,9.9600,9.9600,1128700
20131105,10.1200,10.1500,9.9700,10.0300,1027700
20131106,9.9000,10.1500,9.9000,10.1400,1721000
20131107,9.8500,9.9600,9.7300,9.9600,1991300
20131108,9.6400,9.8400,9.5600,9.8100,1467700
20131111,9.5100,9.7000,9.3600,9.5900,1779100
20131112,9.6300,9.6600,9.4800,9.5200,1373200
20131113,9.3900,9.6800,9.3800,9.6800,1221100
20131114,9.5300,9.5300,9.2400,9.4000,1553600
20131115,9.7000,9.8200,9.4500,9.5200,2073400
20131118,9.9100,9.9700,9.7200,9.7600,1705200
20131119,9.9600,10.0600,9.8700,9.9300,1641200
20131120,10.0300,10.0300,9.9100,9.9500,1457700
20131121,9.8900,10.0000,9.8300,10.0000,1460600
20131122,9.8800,9.9600,9.8300,9.9000,1108400
20131125,9.9100,9.9900,9.8100,9.8100,1550600
20131126,10.0700,10.0900,9.8800,9.9100,2316900
20131127,10.1700,10.1800,10.0000,10.0600,2381700
20131128,10.2200,10.2800,10.1000,10.1700,2295000
20131129,10.3200,10.3400,10.2000,10.2500,2495100
20131202,9.8100,10.1600,9.6600,9.9400,3213800
20131203,10.1900,10.2700,9.7600,9.8100,2590400
20131204,10.4700,10.5400,10.0000,10.0000,7929700
20131205,10.6800,10.7800,10.3200,10.4500,9728400
20131206,10.4400,10.6500,10.3800,10.5600,6341900
20131209,10.6900,10.7100,10.4300,10.4400,6662100
20131210,10.5900,10.7500,10.4600,10.6500,4958000
20131211,10.3600,10.5700,10.2600,10.5300,4652900
20131212,10.4600,10.5900,10.3100,10.3500,3781500
20131213,10.8000,10.8600,10.3400,10.4500,9950100
20131216,10.6800,10.9300,10.6000,10.8300,6428600
20131217,10.5800,10.8100,10.5700,10.6300,4888000
20131218,10.4400,10.6200,10.3800,10.5900,3514000
20131219,10.4300,10.5400,10.3900,10.5000,2807000
20131220,10.1100,10.5000,10.0500,10.4500,3532400
20131223,10.0000,10.1500,9.7900,10.0700,2781000
20131224,10.0400,10.1800,9.9000,9.9900,1929400
20131225,10.2700,10.3300,10.0400,10.0900,3017000
20131226,10.1100,10.4200,10.1100,10.2800,2993900
20131227,10.3200,10.3900,10.0500,10.0900,3813800
20131230,10.5500,10.6400,10.3100,10.3500,5146800
20131231,10.5200,10.5800,10.3700,10.5100,3038400
20140101,10.5200,10.5200,10.5200,10.5200,0
20140102,10.6600,10.6800,10.4700,10.5300,3778500
20140103,10.4800,10.6700,10.4500,10.6700,3867200
20140106,10.0300,10.4700,9.9800,10.4700,3645500
20140107,10.1100,10.1700,9.9000,9.9500,2107300
20140108,10.1500,10.2600,10.0000,10.1600,1934500
20140109,9.9200,10.2100,9.9100,10.0900,2438900
20140110,9.9300,10.0000,9.8000,9.8000,1904000
20140113,9.9800,10.0500,9.8600,9.9300,1092700
20140114,10.1600,10.1700,9.9500,9.9700,1644600
20140115,10.2600,10.3200,10.0600,10.1300,2136300
20140116,10.2900,10.3800,10.2000,10.3000,1904200
20140117,10.1600,10.2800,10.1000,10.2200,1569300
20140120,10.1800,10.2600,10.0000,10.1700,1650900
20140121,10.4200,10.4300,10.1300,10.1800,3433000
20140122,10.5100,10.5400,10.3900,10.4300,4460700
20140123,10.5500,10.5800,10.4300,10.4900,4091900
20140124,10.6600,10.7100,10.4900,10.5500,5831100
20140127,10.4900,10.6800,10.4500,10.6000,3924600
20140128,10.9500,11.1000,10.5000,10.5000,10360300
20140129,11.0600,11.1000,10.8300,10.9500,6292400
20140130,11.0000,11.0900,10.8400,11.0100,3575100
20140131,11.0000,11.0000,11.0000,11.0000,0
20140203,11.0000,11.0000,11.0000,11.0000,0
20140205,11.0000,11.0000,11.0000,11.0000,0
20140206,11.0000,11.0000,11.0000,11.0000,0
20140207,11.2400,11.2900,10.7600,10.8500,6080100
20140210,11.3900,11.5000,11.2400,11.2800,7916300
20140211,11.1200,11.4400,11.0000,11.4300,8171700
20140212,11.3500,11.4200,11.0800,11.1300,5737300
20140213,10.8600,11.3300,10.8600,11.3300,7556000
20140214,11.0800,11.0900,10.8300,10.9100,5353500
20140217,11.8600,12.1200,11.1200,11.1200,14209800
20140218,12.0700,12.2000,11.6700,11.8500,15282400
20140219,11.9500,12.4200,11.8000,12.1400,10460900
20140220,11.6600,12.0500,11.5900,12.0400,7025800
20140221,11.7400,11.8100,11.5100,11.6200,4625700
20140224,11.8500,11.8800,11.5900,11.6600,5332600
20140225,11.0200,12.1500,10.8000,11.9100,10340200
