20130226,15.2300,15.4900,15.2100,15.3900,270300
20130227,15.2000,15.6000,15.1200,15.6000,384400
20130228,15.3600,15.4800,15.1700,15.2000,332300
20130301,15.8400,15.8800,15.4400,15.4400,616100
20130304,15.4200,16.0000,15.4100,15.8300,614800
20130305,16.1700,16.2000,15.5800,15.5900,1370400
20130306,16.2000,16.3000,15.9400,16.2000,1173200
20130307,15.8600,16.2900,15.7500,16.2400,831700
20130308,15.6500,15.9800,15.5600,15.9000,461400
20130311,15.7200,16.0700,15.6300,15.8000,329000
20130312,15.1100,15.9400,15.0100,15.7500,542900
20130313,14.9000,15.2100,14.6800,15.2100,261200
20130314,14.8300,14.9900,14.7500,14.7800,152800
20130315,14.6500,14.9500,14.4000,14.9100,457500
20130318,14.5000,14.6200,14.3900,14.5500,274500
20130319,14.6000,14.6600,14.4400,14.5500,208900
20130320,15.0400,15.0400,14.6200,14.9000,325100
20130321,14.9800,15.0800,14.8000,15.0000,336400
20130322,14.9000,15.0300,14.8000,14.8600,255300
20130325,14.9100,15.0300,14.8100,14.8100,262500
20130326,14.9300,15.0900,14.7300,14.8100,313600
20130327,14.9300,15.1100,14.5000,14.5000,186100
20130328,16.0000,16.0000,14.1300,14.8600,554100
20130329,15.4300,16.0000,15.0100,16.0000,1179900
20130401,15.1000,15.4600,14.9800,15.2600,357900
20130402,14.7900,15.1500,14.7900,15.1400,231000
20130403,14.3500,14.9400,14.3200,14.3200,272200
20130404,14.3500,14.3500,14.3500,14.3500,0
20130405,14.3500,14.3500,14.3500,14.3500,0
20130408,14.1300,14.2400,14.0100,14.1000,317900
20130409,14.2800,14.3800,14.0900,14.2700,246800
20130410,14.2000,14.3500,14.0500,14.2800,176900
20130411,13.8600,14.3400,13.8200,14.2000,341700
20130412,13.7100,14.1400,13.6800,14.1400,233300
20130415,13.7400,13.7800,13.3700,13.6100,192500
20130416,13.6800,13.7300,13.4200,13.5100,206800
20130417,13.6600,13.6600,13.4200,13.6200,225700
20130418,13.7200,13.7200,13.3800,13.3800,206700
20130419,14.0700,14.1500,13.6700,13.6700,238100
20130422,13.9400,14.1500,13.8100,13.8100,235400
20130423,13.7000,13.9600,13.6600,13.9400,220900
20130424,14.1900,14.3200,13.6800,13.6900,410600
20130425,13.6600,14.1900,13.6100,14.0900,434300
20130426,13.5400,13.7300,13.4000,13.6100,183400
20130429,13.5400,13.5400,13.5400,13.5400,0
20130430,13.5400,13.5400,13.5400,13.5400,0
20130501,13.5400,13.5400,13.5400,13.5400,0
20130502,13.6400,13.6500,13.2500,13.5400,213000
20130503,14.8200,14.8900,13.6000,13.6000,1079200
20130506,15.2600,15.5000,14.4200,14.7500,2298200
20130507,14.8200,15.0800,14.5800,15.0500,746600
20130508,14.7000,14.8200,14.4700,14.6200,583700
20130509,14.2800,14.6700,14.1000,14.6000,629200
20130510,14.4000,14.5000,14.1400,14.2800,482200
20130513,14.4000,14.4800,14.2600,14.2700,344300
20130514,14.2000,14.4000,14.1300,14.3000,299700
20130515,15.0300,15.1800,14.3300,14.3300,1449100
20130516,14.7500,15.0300,14.6800,15.0000,1038800
20130517,15.0500,15.2300,14.7700,14.9200,874800
20130520,15.3600,15.4000,14.9200,15.0000,936600
20130521,15.2900,15.4500,15.0700,15.3600,519500
20130522,14.9100,15.1900,14.8800,15.1900,786000
20130523,15.0200,15.2300,14.7700,14.9000,554000
20130524,15.1700,15.2200,14.8600,14.8600,485900
20130527,15.2300,15.3100,15.0200,15.0400,615900
20130528,15.0300,15.3100,14.9500,15.1500,680800
20130529,15.6200,15.8000,14.9700,15.0400,1206000
20130530,15.9800,16.3000,15.4200,15.6100,2103600
20130531,15.8700,16.5700,15.7000,16.0800,1207900
20130603,16.0000,16.4800,15.8000,16.4800,733000
20130604,15.5400,16.2300,15.5100,16.1900,830500
20130605,15.5500,15.7500,15.4000,15.7000,500300
20130606,15.7000,16.1200,15.5500,15.6600,1034400
20130607,16.1800,16.4700,15.2000,15.6800,1778600
20130610,16.1800,16.1800,16.1800,16.1800,0
20130611,16.1800,16.1800,16.1800,16.1800,0
20130612,16.1800,16.1800,16.1800,16.1800,0
20130613,16.9100,17.3500,15.6800,15.9600,4288200
20130614,16.8000,17.2500,16.5200,17.2500,2460100
20130617,16.7800,17.2500,16.4000,16.8000,1791400
20130618,17.4400,17.4600,16.2800,16.8000,2571600
20130619,17.1300,17.6000,16.9500,17.1500,1566200
20130620,16.4200,17.0500,16.0600,17.0500,1214600
20130621,16.2000,16.4100,15.6000,16.3000,849500
20130624,15.1600,16.2500,14.6300,16.2500,1141500
20130625,14.8000,15.2000,13.6400,15.0400,858400
20130626,15.1200,15.1700,14.4000,14.8900,622100
20130627,14.8100,15.6500,14.8000,15.1200,886200
20130628,14.8000,15.1200,14.2100,14.8200,605100
20130701,15.0800,15.2000,14.4000,14.8800,483600
20130702,15.1400,15.2800,14.9000,15.0000,473200
20130703,14.8800,15.1400,14.5000,15.1400,606500
20130704,14.9900,15.2000,14.5100,14.6500,784300
20130705,14.7500,15.1900,14.5000,14.8500,509100
20130708,13.9400,14.5200,13.7100,14.5200,1223700
20130709,13.8900,14.1500,13.6200,13.8000,558200
20130710,14.2500,14.4000,13.5000,13.8700,597900
20130711,14.4000,14.8900,14.0000,14.1800,1134800
20130712,14.2000,14.7600,14.0200,14.4000,655900
20130715,14.5000,14.6100,14.1000,14.3000,639600
20130716,14.5400,14.6300,14.2300,14.4200,568800
20130717,14.2300,14.5800,14.1400,14.5400,500500
20130718,14.0800,14.2600,14.0300,14.0600,338200
20130719,13.7400,14.2100,13.6800,14.0300,495300
20130722,13.9200,14.1300,13.6100,13.9400,336500
20130723,14.3100,14.4100,13.6100,14.0800,609600
20130724,14.2900,14.3900,14.0600,14.3900,597800
20130725,14.0800,14.2900,14.0000,14.2900,465700
20130726,14.2200,14.2500,13.8700,13.9400,314800
20130729,14.0400,14.3300,13.7600,14.3300,446400
20130730,14.0400,14.0800,13.7900,13.8800,246600
20130731,13.9700,14.1300,13.8100,13.9000,342400
20130801,14.2900,14.2900,13.8400,13.9600,557100
20130802,14.6800,15.0900,14.2100,14.3800,1310400
20130805,15.3000,15.6100,14.7000,15.2900,1586500
20130806,15.1900,15.3500,15.0000,15.3500,892600
20130807,15.0600,15.2000,14.9800,15.1900,551500
20130808,15.5100,15.6400,15.0000,15.0000,1168900
20130809,15.4400,15.8800,15.0000,15.4500,1319900
20130812,15.3800,15.5800,15.1100,15.3500,522100
20130813,15.5400,15.5400,15.1700,15.3100,653000
20130814,15.3800,15.6000,15.2100,15.5500,454400
20130815,15.2800,15.3800,15.0100,15.2100,605500
20130816,15.1200,15.2900,15.0200,15.2700,459200
20130819,15.2400,15.2400,15.0000,15.0000,286700
20130820,15.1200,15.4900,15.0500,15.2500,395900
20130821,15.1800,15.2600,15.0000,15.0600,388100
20130822,15.0200,15.2500,15.0200,15.1000,437000
20130823,15.5800,15.8000,15.1000,15.1600,1492100
20130826,15.7100,15.8800,15.5200,15.7100,1482600
20130827,15.7500,15.7900,15.5000,15.5900,1048300
20130828,15.5100,15.8700,15.5100,15.6400,670100
20130829,14.9800,15.5700,14.8500,15.3900,859300
20130830,14.6000,15.0600,14.5000,14.9800,577900
20130902,14.9700,14.9700,14.2700,14.6000,688700
20130903,15.2700,15.4000,15.1100,15.4000,1202800
20130904,15.0800,15.2600,14.9800,15.1600,654000
20130905,15.1000,15.1200,14.9300,14.9800,337100
20130906,14.8200,15.1000,14.8100,15.1000,511600
20130909,14.9900,15.0800,14.7200,14.8100,589500
20130910,15.7700,15.7800,14.8000,14.9500,1150900
20130911,15.6300,15.9900,15.2700,15.7600,2454000
20130912,15.5000,15.6200,15.3100,15.4800,996500
20130913,15.4000,15.6500,15.2500,15.3600,519800
20130916,15.3900,15.5200,15.2700,15.4000,445100
20130917,14.9300,15.4800,14.9100,15.4800,397800
20130918,15.0000,15.1200,14.8100,14.9000,414400
20130920,15.0000,15.0000,15.0000,15.0000,0
20130923,15.1100,15.1700,14.9600,15.0900,504200
20130924,15.2100,15.4500,15.0900,15.1500,638300
20130925,14.9400,15.1800,14.8100,15.1400,519000
20130926,14.8100,15.0700,14.7100,15.0700,409900
20130927,14.8000,14.9700,14.5800,14.8100,463300
20130930,14.8400,14.9900,14.8000,14.8000,263500
20131001,14.8400,14.8400,14.8400,14.8400,0
20131002,14.8400,14.8400,14.8400,14.8400,0
20131003,14.8400,14.8400,14.8400,14.8400,0
20131004,14.8400,14.8400,14.8400,14.8400,0
20131007,14.8400,14.8400,14.8400,14.8400,0
20131008,14.8900,14.9200,14.6200,14.8400,402800
20131009,15.0500,15.0500,14.7500,14.8500,441300
20131010,14.7900,15.1600,14.7800,15.1000,460700
20131011,15.0900,15.1000,14.8100,14.8100,459000
20131014,15.9700,15.9800,15.0400,15.1900,1742500
20131015,16.1900,16.6000,15.5600,15.8200,3452800
20131016,15.4300,15.9500,15.2700,15.9500,1375700
20131017,15.5700,15.8500,15.3700,15.4000,703200
20131018,15.6000,15.8400,15.4700,15.5900,541100
20131021,15.8400,15.9500,15.4100,15.6000,988400
20131022,15.7700,15.9500,15.6100,15.8400,904000
20131023,15.2700,15.8400,15.1200,15.7600,971800
20131024,15.3000,15.4400,15.1500,15.2700,402900
20131025,14.9300,15.4900,14.8100,15.4800,664400
20131028,14.9300,14.9700,14.8400,14.9400,234200
20131029,14.3300,15.2800,14.0000,15.0100,649700
20131030,14.6000,14.7000,14.0300,14.2000,325600
20131031,14.5800,14.6400,14.3000,14.6000,234400
20131101,14.5700,14.5700,14.3000,14.4500,304300
20131104,14.6500,14.7300,14.5000,14.5800,321400
20131105,14.7600,14.8400,14.4500,14.7100,202200
20131106,14.6700,14.9000,14.6200,14.7000,249700
20131107,14.4400,14.7400,14.3100,14.6700,333600
20131108,14.2200,14.4300,14.0300,14.4300,240900
20131111,14.4500,14.5100,14.1200,14.1200,189400
20131112,14.5600,14.5600,14.3500,14.3500,218300
20131113,14.3900,14.6400,14.3400,14.5900,185800
20131114,14.6500,14.6500,14.3500,14.4100,309000
20131115,14.8300,14.9800,14.6000,14.7200,680400
20131118,14.9500,15.0000,14.7500,14.9000,729300
20131119,15.0100,15.2400,14.8400,14.9400,599800
20131120,15.0600,15.1500,14.9000,15.0800,446700
20131121,14.8800,15.1000,14.8100,15.1000,336600
20131122,15.3800,15.4500,14.8500,14.8500,994600
20131125,15.5000,15.6000,15.2400,15.2800,1194800
20131126,15.3700,15.5600,15.3000,15.4000,583000
20131127,15.6000,15.7900,15.2500,15.3900,1327000
20131128,15.5800,15.6500,15.3500,15.6000,1131900
20131129,15.7300,15.7800,15.4500,15.6000,1327900
20131202,14.5500,15.4500,14.3500,15.4500,1317700
20131203,14.8500,14.9200,14.4100,14.4100,603100
20131204,15.1300,15.4500,14.5200,14.8200,873800
20131205,15.1000,15.2600,15.0000,15.1300,855500
20131206,15.5500,15.5500,15.0100,15.0300,960700
20131209,15.9500,16.1200,15.6100,15.8000,2378100
20131210,15.7200,16.5000,15.7000,15.9600,2673300
20131211,16.2000,16.4900,15.6200,15.7300,3219200
20131212,16.1000,16.2200,15.8000,16.1100,1825400
20131213,16.4600,16.8000,15.8800,16.0000,3207800
20131216,16.1500,16.6600,16.0200,16.4300,2049500
20131217,15.8900,16.2400,15.8500,16.0600,1410800
20131218,15.9500,16.1200,15.7900,15.8000,781300
20131219,15.9300,16.2800,15.8300,15.9800,878800
20131220,15.6000,16.0100,15.5200,15.9500,906600
20131223,15.9000,16.0400,15.5000,15.5200,842800
20131224,16.0500,16.1200,15.8000,15.9700,800500
20131225,16.3100,16.3800,16.0200,16.1300,1249400
20131226,16.1900,16.5300,16.1700,16.4000,1173000
20131227,16.5000,16.5500,16.1500,16.2000,1284700
20131230,16.3900,16.7900,16.2700,16.6600,1272100
20131231,16.2300,16.3900,16.1000,16.1900,1121700
20140101,16.2300,16.2300,16.2300,16.2300,0
20140102,16.4500,16.5000,16.1600,16.1800,647100
20140103,16.2400,16.4700,16.1600,16.3400,749000
20140106,15.6800,16.2500,15.5300,16.2500,1170300
20140107,15.6400,15.8000,15.4800,15.4800,612800
20140108,15.5100,15.8000,15.4000,15.7800,901500
20140109,15.1700,15.6900,15.1000,15.5100,651800
20140110,15.2500,15.2800,15.0900,15.2200,438600
20140113,15.5600,15.5600,15.1800,15.2600,454100
20140114,15.6200,15.6500,15.4300,15.5600,465700
20140115,15.5700,15.7000,15.4500,15.6900,457400
20140116,15.5700,15.6800,15.4800,15.5100,445800
20140117,15.1100,15.6700,15.1100,15.6700,662700
20140120,14.9900,15.2300,14.8400,15.1100,647700
20140121,15.2400,15.2600,14.8500,14.9000,380600
20140122,15.4900,15.5000,15.1200,15.2600,802600
20140123,15.8200,15.9200,15.3600,15.4700,1209200
20140124,16.0500,16.1600,15.7200,15.8000,1222200
20140127,16.1800,16.2800,15.8100,16.1000,1452100
20140128,16.1500,16.4900,16.0800,16.1800,1282500
20140129,16.2000,16.4200,16.0000,16.1500,966000
20140130,16.1300,16.3700,16.0000,16.2500,597800
20140131,16.1300,16.1300,16.1300,16.1300,0
20140203,16.1300,16.1300,16.1300,16.1300,0
20140205,16.1300,16.1300,16.1300,16.1300,0
20140206,16.1300,16.1300,16.1300,16.1300,0
20140207,16.2000,16.3000,15.8800,16.1300,941200
20140210,16.7100,16.8200,16.2100,16.2100,1737000
20140211,16.5900,16.8100,16.5400,16.8100,1489200
20140212,17.0900,17.3100,16.5700,16.6700,1692900
20140213,16.4800,17.0500,16.4800,16.9900,1435800
20140214,16.9200,16.9300,16.4400,16.4400,1401700
20140217,17.2400,17.2900,16.9500,16.9800,1687600
20140218,18.9600,18.9600,17.1000,17.2400,4980600
20140219,18.9600,19.5000,18.6600,19.2000,5069100
20140220,18.5000,19.1900,18.1600,18.9800,2368500
20140221,18.6200,18.9500,18.4100,18.5900,1559400
20140224,19.0900,19.2000,18.5600,18.8000,2177600
20140225,17.8500,19.2900,17.6500,19.0000,2740600
