20130226,9.2950,9.5700,9.2750,9.5050,2347900
20130227,9.4500,9.7500,9.2950,9.2950,5203600
20130228,9.4900,9.5900,9.2550,9.4850,2851300
20130301,10.1750,10.1750,9.5250,9.5250,7396900
20130304,9.8400,10.2250,9.6250,10.0400,5727500
20130305,10.0700,10.0800,9.5900,9.8350,4939700
20130306,10.2900,10.2900,10.0000,10.0550,4495600
20130307,9.9550,10.3650,9.9450,10.3650,5600800
20130308,9.8850,10.0400,9.7550,9.7550,2756800
20130311,9.4100,9.8850,9.3000,9.8850,2458600
20130312,8.9000,9.5250,8.5750,9.4100,11108900
20130313,8.7350,8.9000,8.4650,8.8000,5137700
20130314,9.0000,9.1250,8.6550,8.6550,5294800
20130315,9.6500,9.9000,8.9100,9.0250,7981800
20130318,9.6550,9.9300,9.3700,9.6000,5740900
20130319,9.4550,9.7500,9.2700,9.7450,3034000
20130320,9.8250,9.8500,9.3000,9.5950,4001100
20130321,10.2750,10.3400,9.7250,9.8250,5054300
20130322,10.3950,10.5250,10.0600,10.2500,5521100
20130325,10.3050,10.4800,10.2200,10.4800,2626100
20130326,10.5100,10.5100,10.0050,10.2900,3628100
20130327,10.2000,10.7500,10.1500,10.4050,2099500
20130328,10.1450,10.1500,9.7350,10.1500,1919700
20130329,9.9850,10.2500,9.9850,10.0300,2051400
20130401,9.8500,10.0600,9.7300,9.9450,2181100
20130402,9.4250,9.9750,9.1500,9.8500,1853500
20130403,9.2500,9.5000,9.1550,9.5000,1763000
20130404,9.2500,9.2500,9.2500,9.2500,0
20130405,9.2500,9.2500,9.2500,9.2500,0
20130408,9.1600,9.3900,8.7350,9.0000,3933000
20130409,9.3300,9.6350,9.0150,9.3000,3140600
20130410,9.4550,9.4750,9.2450,9.2450,3721600
20130411,9.4700,9.5000,9.3400,9.4700,1324600
20130412,9.2900,9.6400,9.1050,9.2950,2607000
20130415,8.8550,9.2850,8.8500,9.2050,2948800
20130416,9.1500,9.2100,8.6200,8.7500,1855400
20130417,9.5750,9.6200,9.0650,9.1750,3739000
20130418,9.4300,9.6850,9.3250,9.5000,3154900
20130419,9.6700,9.7700,9.4350,9.4500,5499500
20130422,9.8500,9.8500,9.5500,9.5500,6088000
20130423,9.4150,9.9400,9.3500,9.9250,4038000
20130424,9.7700,9.9000,9.4350,9.6400,4893900
20130425,10.1500,10.2100,9.6600,9.6600,6008200
20130426,9.8750,10.2650,9.7600,10.1750,5449200
20130429,9.8750,9.8750,9.8750,9.8750,0
20130430,9.8750,9.8750,9.8750,9.8750,0
20130501,9.8750,9.8750,9.8750,9.8750,0
20130502,9.8750,9.9750,9.6650,9.8250,3014600
20130503,9.8400,10.1100,9.6450,9.9000,6582800
20130506,9.7150,9.9000,9.5700,9.7750,7095700
20130507,9.2550,9.7800,8.8550,9.7800,15139900
20130508,9.2550,9.3450,9.1700,9.2350,5201000
20130509,9.2150,9.4050,9.0900,9.2250,4376500
20130510,9.3700,9.4250,9.0900,9.1400,4823800
20130513,9.4000,9.6250,9.2500,9.3700,6035400
20130514,9.5000,9.6000,9.3400,9.3500,4599900
20130515,9.6650,9.6800,9.0600,9.5500,7407000
20130516,9.6050,9.7250,9.5500,9.6750,4756600
20130517,9.9200,9.9400,9.5550,9.5750,5397100
20130520,10.5000,10.6450,9.9500,9.9500,9963400
20130521,10.5500,10.8000,10.5000,10.5150,6900900
20130522,10.3750,10.6000,10.3000,10.5650,4899600
20130523,10.4200,10.7500,10.3600,10.3800,4916000
20130524,10.4750,10.5600,10.0650,10.5000,6388500
20130527,10.9000,10.9850,10.4250,10.4650,8510800
20130528,10.9000,11.1250,10.7550,11.0050,5986300
20130529,11.0000,11.0750,10.7150,10.8850,4755900
20130530,11.2850,11.3850,10.9050,10.9750,7804100
20130531,11.1200,11.4900,11.1150,11.2850,4255500
20130603,10.7150,11.2950,10.6250,11.1350,5168000
20130604,10.5500,10.8250,10.1950,10.7300,4513900
20130605,10.8800,10.8950,10.4500,10.4500,3510800
20130606,10.6350,10.8900,10.5250,10.7900,2714200
20130607,10.4100,10.7600,10.3400,10.6400,2617300
20130610,10.4100,10.4100,10.4100,10.4100,0
20130611,10.4100,10.4100,10.4100,10.4100,0
20130612,10.4100,10.4100,10.4100,10.4100,0
20130613,10.1250,10.2500,9.6250,10.1400,4637000
20130614,10.3700,10.4700,10.0200,10.1000,2805600
20130617,10.5300,10.7500,10.3700,10.3700,3018200
20130618,10.6050,10.7700,10.4200,10.5300,2172200
20130619,10.5650,10.6500,10.2500,10.4250,2223700
20130620,10.2200,10.6150,10.2100,10.5650,2035500
20130621,9.8500,10.0400,9.7150,10.0000,3150800
20130624,9.4700,10.3500,9.2100,10.3500,3770400
20130625,9.9600,9.9900,8.8850,9.4200,4394500
20130626,10.3550,10.3950,9.8600,9.8600,4542600
20130627,10.3250,10.7800,10.2000,10.2200,4792700
20130628,10.3350,10.6150,10.0000,10.0000,1772000
20130701,10.9000,10.9400,10.2000,10.2000,3815800
20130702,11.1350,11.2100,10.8000,10.8900,5972100
20130703,10.9250,11.1750,10.8300,11.1350,5142300
20130704,12.0200,12.0200,10.7500,10.8000,17689500
20130705,11.9650,12.2900,11.6500,11.9600,15414800
20130708,11.7450,12.0500,11.5000,11.7250,5471700
20130709,12.0700,12.3200,11.7000,11.7050,9605700
20130710,11.8500,12.2450,11.6000,12.0050,7349300
20130711,11.9000,12.1600,11.6100,11.8500,7435100
20130712,12.1000,12.3900,11.8000,11.9000,6831500
20130715,12.5450,12.5500,11.7900,12.0100,9546100
20130716,12.4750,12.6000,12.2000,12.5500,5638800
20130717,11.9800,12.4550,11.6800,12.3900,7602700
20130718,11.5800,11.7400,11.3750,11.6900,4620100
20130719,11.4200,11.7400,11.2550,11.4150,5672100
20130722,11.3450,11.5850,11.1550,11.2400,4987100
20130723,11.7850,11.9000,11.3050,11.3900,6769500
20130724,11.5400,11.8550,11.1000,11.8000,9572600
20130725,11.1500,11.4750,11.0500,11.4750,4957300
20130726,11.0000,11.2950,10.9500,11.0850,4158000
20130729,11.2500,11.2950,10.7000,10.9400,4624700
20130730,11.4400,11.4950,10.9900,11.4050,4390200
20130731,11.4250,11.6900,11.3050,11.4750,3510300
20130801,12.2200,12.5000,11.4500,11.4500,10345100
20130802,12.3400,12.5400,12.0500,12.4250,8310600
20130805,13.5750,13.5750,12.5050,12.5500,28970700
20130806,13.7250,13.9450,13.4500,13.6100,20889600
20130807,14.2000,14.3400,13.3000,13.5000,32698700
20130808,15.0550,15.0950,13.8500,14.0000,29858900
20130809,15.7450,15.9000,14.8600,15.0000,26581000
20130812,16.0000,16.1400,15.1700,15.7000,19128500
20130813,15.7950,15.9800,15.4250,15.7150,10254900
20130814,15.6750,16.4250,15.4000,15.6750,13136100
20130815,15.5350,16.0000,15.2100,15.4450,7191900
20130816,14.9250,15.8450,14.9000,15.5000,10348100
20130819,14.9250,14.9250,14.9250,14.9250,0
20130820,15.8000,16.4200,15.5550,16.4200,22418900
20130821,15.6750,15.7500,15.1400,15.6500,9327800
20130822,15.8200,16.2400,15.4000,15.6800,10251700
20130823,15.3500,15.9500,15.0000,15.8300,10414200
20130826,15.8500,15.9000,15.0500,15.3450,8723700
20130827,16.7550,17.0000,15.6500,15.8300,12667600
20130828,16.4000,17.2000,16.4000,16.5950,7966500
20130829,16.5000,16.6950,16.1500,16.3600,4896700
20130830,15.1500,16.8000,15.0500,16.5000,10393900
20130902,15.6050,15.6500,14.9000,15.1500,7469300
20130903,15.7150,15.7750,15.4000,15.5500,4102500
20130904,15.5250,15.9750,15.5000,15.7150,5055000
20130905,15.3550,15.5750,15.0750,15.4350,7051100
20130906,15.1500,15.3400,14.9550,15.3000,6903500
20130909,14.5400,15.4400,14.4900,15.1550,12838200
20130910,14.8050,14.9400,14.5050,14.5500,7159400
20130911,15.9700,16.2550,14.0950,14.6500,22084000
20130912,15.8450,16.0000,15.6400,15.7950,6355000
20130913,15.8550,16.5950,15.8000,15.9600,9045300
20130916,17.1000,17.3550,15.7500,15.7950,19851000
20130917,17.4650,17.7500,16.9250,16.9550,11993500
20130918,17.3250,17.7250,16.8100,17.4650,9794900
20130920,17.3250,17.3250,17.3250,17.3250,0
20130923,16.5000,17.2350,16.1600,17.1650,19548400
20130924,15.5900,16.1950,15.5150,16.1650,21918300
20130925,15.5250,15.9250,15.4600,15.5500,15242500
20130926,15.0250,15.8600,14.9000,15.6900,11061300
20130927,15.4900,15.6350,14.7500,15.0300,9309500
20130930,15.6850,15.7350,15.3100,15.4500,6324400
20131001,15.6850,15.6850,15.6850,15.6850,0
20131002,15.6850,15.6850,15.6850,15.6850,0
20131003,15.6850,15.6850,15.6850,15.6850,0
20131004,15.6850,15.6850,15.6850,15.6850,0
20131007,15.6850,15.6850,15.6850,15.6850,0
20131008,16.1450,16.5000,15.4550,15.5900,8530400
20131009,16.6200,16.7650,15.9100,16.4000,14656100
20131010,16.8450,17.2000,16.6000,16.6350,14001100
20131011,16.8600,17.2400,16.4600,16.8000,13139100
20131014,16.4450,17.1750,16.0000,16.9900,17370100
20131015,17.0700,17.0700,15.9400,16.1200,15561300
20131016,15.3600,16.7500,15.3600,16.7000,23386200
20131017,14.7500,15.3200,14.5100,15.0000,18565000
20131018,14.8300,15.0900,14.5600,14.7500,8258500
20131021,14.9300,14.9800,14.2500,14.8500,17154300
20131022,14.4400,14.9200,14.1500,14.9000,13454200
20131023,13.8500,14.6600,13.8100,14.4000,13535100
20131024,14.0000,14.1400,13.7500,13.8600,10759000
20131025,13.5500,14.0800,13.2600,14.0000,9258800
20131028,14.2000,14.2500,13.7600,13.7900,12521200
20131029,13.9300,14.4900,13.3500,14.4500,11116700
20131030,14.0800,14.1700,13.7100,14.0500,7439900
20131031,13.7000,13.9900,13.6100,13.9500,6421300
20131101,14.2300,14.4700,13.5500,13.7900,10543800
20131104,14.7200,14.7600,14.1300,14.1800,14857400
20131105,14.6400,14.7600,14.2800,14.6300,7855000
20131106,14.3900,14.8100,14.3500,14.6400,7868600
20131107,13.9700,14.4600,13.7600,14.3000,6934300
20131108,13.6900,13.9300,13.4700,13.8000,6370100
20131111,13.8700,14.0600,13.5300,13.7500,3701900
20131112,14.2800,14.2800,13.8500,13.8500,6772100
20131113,14.2600,14.6500,14.1100,14.2600,7327200
20131114,14.4500,14.6200,14.1400,14.2600,6866400
20131115,14.7000,15.0800,14.6000,14.6000,12895900
20131118,15.1200,15.2700,14.8100,14.8100,12108700
20131119,14.7800,15.3000,14.7400,15.2000,10854200
20131120,14.7500,14.7600,14.3900,14.5900,13584700
20131121,14.7000,14.7700,14.4400,14.6400,6976600
20131122,14.9100,15.1500,14.6000,14.6100,10064200
20131125,15.1700,15.2700,14.7600,14.8400,10920200
20131126,15.0900,15.2300,14.9100,15.0800,6422700
20131127,15.2600,15.2800,14.7000,15.0200,12274800
20131128,16.7900,16.7900,15.2900,15.3000,45214200
20131129,17.4000,17.7100,16.5200,16.7900,39684600
20131202,18.0600,18.7900,16.7100,16.8400,44920000
20131203,18.3000,18.4700,17.0000,17.7400,35103100
20131204,18.2900,18.6400,17.8200,18.3400,38282300
20131205,17.1700,18.0700,17.1300,18.0700,32724500
20131206,17.2000,17.7000,16.9100,17.0100,18729200
20131209,17.1300,17.6200,17.0900,17.2600,15809800
20131210,17.2500,17.3000,16.6900,17.0100,16396500
20131211,17.2900,17.5000,17.0300,17.2400,13216300
20131212,17.2400,17.4900,17.1000,17.2800,10679200
20131213,17.9800,18.0500,16.8800,17.1200,21751900
20131216,17.1900,18.0000,17.1100,17.9800,16419400
20131217,17.1500,17.3900,17.0000,17.2000,9038500
20131218,17.1500,17.2400,16.8100,17.2000,6392800
20131219,17.0500,17.2700,16.8800,17.1600,5113100
20131220,16.4400,17.1000,16.4000,16.9000,8235600
20131223,15.9500,16.5800,15.8100,16.4700,8215700
20131224,16.0000,16.2800,15.7100,15.9200,7213000
20131225,16.5200,16.6400,16.0200,16.0200,7660000
20131226,15.8700,16.6400,15.8500,16.5200,11237200
20131227,16.0800,16.2500,15.6600,15.8700,8450900
20131230,16.0700,16.3800,16.0400,16.1300,8962300
20131231,16.0700,16.2100,15.8600,16.0100,6110600
20140101,16.0700,16.0700,16.0700,16.0700,0
20140102,16.5600,16.7100,16.0600,16.0800,9891900
20140103,16.5000,16.6500,16.3000,16.5000,6384900
20140106,16.0700,16.4800,15.9300,16.4800,6516400
20140107,16.6900,17.0000,15.8200,15.9000,13422400
20140108,16.7000,17.0000,16.4900,16.6100,11199400
20140109,16.2600,16.9000,16.2600,16.7200,9465000
20140110,15.7500,16.2500,15.5100,16.1600,9070400
20140113,15.4200,15.9000,15.2100,15.6500,7882100
20140114,16.2500,16.2500,15.5200,15.5200,10937900
20140115,16.5600,16.7700,16.1600,16.2700,11778800
20140116,16.8100,16.8800,16.3000,16.6900,8596200
20140117,16.9700,17.4800,16.6600,16.6600,14225900
20140120,16.5500,17.2400,16.4400,16.9900,6272400
20140121,16.9700,17.1700,16.5100,16.5400,6381800
20140122,18.1000,18.5100,16.9800,16.9800,16786700
20140123,18.0600,18.3200,17.8300,18.0600,11795900
20140124,18.1000,18.2000,17.7800,18.0000,10829400
20140127,18.2600,18.5900,17.8400,17.9500,17247600
20140128,17.7100,18.3800,17.6200,18.2400,10139600
20140129,18.0200,18.0700,17.4000,17.7100,10316900
20140130,18.0600,18.5200,17.9000,17.9900,10648400
20140131,18.0600,18.0600,18.0600,18.0600,0
20140203,18.0600,18.0600,18.0600,18.0600,0
20140205,18.0600,18.0600,18.0600,18.0600,0
20140206,18.0600,18.0600,18.0600,18.0600,0
20140207,18.9000,19.0200,17.7800,17.8000,15704000
20140210,18.8300,19.5000,18.7300,19.0000,22957500
20140211,17.5200,18.9900,17.3800,18.8300,36208300
20140212,18.1900,18.2400,17.4100,17.4200,18652900
20140213,19.2300,20.0000,18.3000,18.3000,37706700
20140214,19.8600,20.1500,18.8700,19.0000,31189400
20140217,19.8600,19.8600,19.8600,19.8600,0
20140218,18.9500,19.7500,18.4200,19.0000,46975200
20140219,20.1100,20.3700,19.1500,19.1500,25619200
20140220,21.1000,22.0800,19.4100,20.3300,40200100
20140221,20.9400,21.6000,20.5800,20.6000,22392700
20140224,21.7100,21.8800,20.4100,20.7800,21679500
20140225,20.4100,22.5000,19.8700,21.7500,29437800
