20130226,6.6600,6.8300,6.6600,6.6600,1320200
20130227,6.8000,6.8000,6.6200,6.6200,1454800
20130228,6.8500,6.9000,6.7500,6.8000,1828600
20130301,6.9200,6.9200,6.8000,6.8200,1475600
20130304,6.6800,6.9300,6.6600,6.9000,1522900
20130305,6.7400,6.7700,6.6300,6.6300,1137600
20130306,6.9500,6.9700,6.7000,6.7400,1716800
20130307,6.8700,6.9800,6.7600,6.9800,1401500
20130308,6.8500,6.9200,6.8100,6.8900,685000
20130311,7.0000,7.0200,6.8300,6.8800,1235700
20130312,6.7300,7.0400,6.6500,6.9800,1655900
20130313,6.6800,6.8200,6.6500,6.6800,650100
20130314,6.6900,6.7600,6.6300,6.6400,491900
20130315,6.6000,6.7500,6.5600,6.6500,772300
20130318,6.5200,6.6500,6.5000,6.6100,452400
20130319,6.5900,6.5900,6.4900,6.4900,336200
20130320,6.7100,6.7100,6.5800,6.6200,495600
20130321,6.7200,6.8200,6.6800,6.7100,928500
20130322,6.7500,6.7900,6.6900,6.7200,713200
20130325,7.0200,7.1200,6.7400,6.7600,4962200
20130326,7.4200,7.6300,6.9200,6.9700,11548400
20130327,7.4900,7.5300,7.1900,7.3100,7072000
20130328,7.4000,7.5000,7.2100,7.3500,4655800
20130329,7.5200,7.6200,7.2700,7.3500,4646900
20130401,7.4000,7.6900,7.3500,7.5100,3803100
20130402,7.3900,7.4700,7.2500,7.3700,2686300
20130403,7.1000,7.3800,6.9000,7.3500,4860200
20130404,7.1000,7.1000,7.1000,7.1000,0
20130405,7.1000,7.1000,7.1000,7.1000,0
20130408,7.1500,7.1800,6.8100,7.0000,2253400
20130409,7.2000,7.2100,7.0900,7.1600,1180100
20130410,7.3000,7.3500,7.1700,7.2300,1183300
20130411,7.5900,7.6100,7.2800,7.2900,2500900
20130412,7.6000,7.8900,7.5000,7.5300,3690700
20130415,7.2100,7.8600,7.1500,7.6400,5408600
20130416,7.7800,7.7900,7.0500,7.1000,3606000
20130417,7.8700,7.8700,7.4900,7.7600,5218100
20130418,8.0500,8.2500,7.6700,7.7900,5237300
20130419,8.1600,8.2000,7.9100,8.1000,3699600
20130422,8.1100,8.1900,7.8700,8.0400,4695800
20130423,7.8700,8.1300,7.7700,8.0800,2345900
20130424,8.0400,8.0800,7.8000,7.8800,2157600
20130425,8.0700,8.3100,7.9500,7.9500,5832100
20130426,7.8000,8.1500,7.7900,7.9900,2840300
20130429,7.8000,7.8000,7.8000,7.8000,0
20130430,7.8000,7.8000,7.8000,7.8000,0
20130501,7.8000,7.8000,7.8000,7.8000,0
20130502,8.3400,8.3900,7.8600,7.8800,6045600
20130503,8.7500,8.8500,8.2800,8.4000,7416200
20130506,8.8000,8.8500,8.5800,8.7600,6306900
20130507,9.1800,9.2000,8.7100,8.8000,7382300
20130508,9.6700,10.1000,9.1200,9.1500,9212900
20130509,9.7600,9.8700,9.2500,9.5500,6049300
20130510,10.7400,10.7400,9.6000,9.7100,10593800
20130513,10.7300,11.4800,10.5500,10.5800,11375800
20130514,11.3800,11.4000,10.5000,10.6000,7801000
20130515,11.1000,11.3600,10.8000,11.3600,7709400
20130516,12.0700,12.1500,11.0500,11.0600,10742600
20130517,12.2500,12.5000,11.7600,11.8900,7813300
20130520,12.3800,12.5500,12.0000,12.2500,6567100
20130521,12.1000,12.3900,11.9200,12.3800,4736100
20130522,11.9800,12.2300,11.9200,12.0500,3866900
20130523,11.9800,12.0900,11.6800,11.8900,4635300
20130524,12.0900,12.1100,11.7600,11.9100,3122800
20130527,12.6800,12.7000,11.8300,12.0800,7692200
20130528,13.9500,13.9500,12.5600,12.5800,8939900
20130529,13.9500,14.2800,13.6700,13.9500,5838000
20130530,14.4000,14.6800,13.5500,14.3100,10555200
20130531,13.7400,14.3800,13.7000,14.1000,4790500
20130603,12.9500,13.9000,12.6800,13.4900,5462600
20130604,12.4800,12.8800,12.0200,12.8500,4256000
20130605,13.0400,13.2000,12.4800,12.4800,4522000
20130606,12.9100,13.4700,12.6000,12.9800,5076400
20130607,13.1800,13.2900,12.9000,13.0200,4354400
20130610,13.1800,13.1800,13.1800,13.1800,0
20130611,13.1800,13.1800,13.1800,13.1800,0
20130612,13.1800,13.1800,13.1800,13.1800,0
20130613,13.5800,14.1300,12.6000,12.9000,5640000
20130614,13.7900,14.0000,13.5100,13.5900,3323300
20130617,13.5400,13.9600,13.4200,13.4500,2448900
20130618,13.0000,13.5400,12.8000,13.4500,4084300
20130619,12.9900,13.3600,12.8100,12.8700,1486000
20130620,13.2300,13.6400,12.8300,12.9900,2515700
20130621,14.0600,14.0600,12.2800,12.9600,6094400
20130624,14.1000,14.6000,13.4100,14.0400,7097700
20130625,13.9200,14.3900,12.6900,14.0500,6376200
20130626,14.5400,14.8000,13.3500,13.7400,7709400
20130627,13.0900,14.6500,13.0900,14.4300,9416200
20130628,12.9000,13.5000,12.3900,12.5800,4911500
20130701,13.2400,13.3900,12.7800,12.7800,1824000
20130702,13.9000,14.1500,13.2100,13.3000,4510500
20130703,13.9300,14.1500,13.7000,13.7000,4502400
20130704,13.9500,14.1000,13.7000,13.7000,3258500
20130705,14.0900,14.4200,13.9000,13.9800,3424600
20130708,13.4800,13.9800,13.4500,13.8800,2567000
20130709,13.4300,13.7600,13.3000,13.4700,1720700
20130710,13.6000,13.6700,13.2500,13.2500,1423900
20130711,13.2500,13.7700,13.0200,13.5200,5538200
20130712,13.7700,14.2600,13.1600,13.3800,4536800
20130715,14.2500,14.2500,13.5200,13.7800,4693100
20130716,14.7300,14.8900,14.1100,14.2500,6181700
20130717,14.0900,14.8100,13.8800,14.7600,5515900
20130718,13.8900,14.1800,13.5800,13.9500,2654100
20130719,13.6100,14.1500,13.5100,13.7100,2359300
20130722,13.8800,13.9000,13.3500,13.5700,1744000
20130723,14.0000,14.1000,13.6100,13.8800,2281400
20130724,14.0000,14.1200,13.6900,14.0100,2868800
20130725,14.0800,14.6600,14.0000,14.0500,4700800
20130726,13.8300,14.1000,13.6000,14.1000,2277000
20130729,13.8700,14.1600,13.6000,13.8500,2127900
20130730,13.8900,14.0500,13.6200,13.8000,1103500
20130731,14.4500,14.4600,13.7200,13.7900,5428600
20130801,15.9000,15.9000,14.3000,14.4600,13002600
20130802,16.6000,17.2800,16.0800,16.2200,13109200
20130805,16.6900,17.1500,16.1800,16.5200,8287400
20130806,16.5400,16.9700,16.2600,16.6000,5706100
20130807,16.7800,17.2900,16.2500,16.2600,7277200
20130808,16.2900,16.7700,16.2200,16.6600,4950800
20130809,16.2600,16.5900,16.0200,16.4000,5027800
20130812,16.3100,16.3800,15.9000,16.1300,3907100
20130813,16.3700,16.5500,16.2000,16.4000,2496000
20130814,15.8700,16.4500,15.8600,16.3500,3619200
20130815,15.3700,15.8700,15.3500,15.7900,3257900
20130816,15.1600,15.7700,15.0100,15.3600,3229300
20130819,16.1200,16.2600,15.1100,15.1100,3456000
20130820,15.7500,16.3800,15.6700,16.1700,2868500
20130821,15.9000,16.1700,15.5800,15.6600,1903000
20130822,15.9500,16.0800,15.6500,15.9000,1903100
20130823,15.6900,16.2000,15.5500,16.1000,1725200
20130826,15.7300,15.8500,15.4800,15.7100,1538200
20130827,15.5200,15.7600,15.3800,15.6400,1460300
20130828,15.8300,15.9900,15.2800,15.5000,2644500
20130829,16.6700,16.7600,15.7600,15.8500,4865500
20130830,16.6700,16.6700,16.6700,16.6700,0
20130902,16.6700,16.6700,16.6700,16.6700,0
20130903,16.6700,16.6700,16.6700,16.6700,0
20130904,16.6700,16.6700,16.6700,16.6700,0
20130905,16.6700,16.6700,16.6700,16.6700,0
20130906,17.6000,18.1700,16.6800,17.0000,10416200
20130909,17.2100,17.8500,17.0800,17.7000,5041000
20130910,16.9000,17.2900,16.2500,17.1000,5842100
20130911,16.4800,16.8700,16.2800,16.6900,2932900
20130912,16.4800,17.0800,16.1700,16.6600,2960000
20130913,16.5800,16.7900,16.3800,16.4900,1349600
20130916,16.5900,17.0200,16.4200,16.6000,1537900
20130917,16.0700,16.7400,16.0700,16.7000,1625800
20130918,15.6700,16.5800,15.1000,16.0800,1806700
20130920,15.6700,15.6700,15.6700,15.6700,0
20130923,15.7800,15.9500,15.3000,15.8300,1612900
20130924,15.3000,15.9400,15.2500,15.7800,2995100
20130925,14.8000,15.6900,14.6700,15.5200,4699200
20130926,14.9000,14.9000,14.4800,14.7000,2061400
20130927,14.8700,15.1500,14.7000,14.8000,1663600
20130930,14.7800,14.8600,14.5000,14.8600,1055900
20131001,14.7800,14.7800,14.7800,14.7800,0
20131002,14.7800,14.7800,14.7800,14.7800,0
20131003,14.7800,14.7800,14.7800,14.7800,0
20131004,14.7800,14.7800,14.7800,14.7800,0
20131007,14.7800,14.7800,14.7800,14.7800,0
20131008,15.1200,15.1500,14.7300,14.7300,1437000
20131009,15.6800,15.7800,15.0900,15.1800,2027600
20131010,14.9000,15.7500,14.9000,15.6500,2243500
20131011,14.7500,15.1500,14.6000,14.8800,1717900
20131014,14.8000,14.8700,14.6100,14.7500,1327900
20131015,15.2800,15.3900,14.7100,14.9000,2139000
20131016,14.8400,15.3700,14.7200,15.2900,1298800
20131017,14.7000,14.9400,14.5500,14.8200,865600
20131018,15.2200,15.3500,14.6700,14.8000,2420500
20131021,15.3800,15.3800,14.8200,15.3800,3538100
20131022,16.1500,16.2900,15.1500,15.3800,5141200
20131023,15.9800,16.2800,15.6200,16.1300,3730400
20131024,15.6000,16.0500,15.5800,15.9000,1640900
20131025,15.9000,15.9500,15.4300,15.4300,2084100
20131028,15.2600,16.1000,15.2000,15.8700,1096600
20131029,14.0800,15.3000,13.7300,15.1100,1855400
20131030,14.5100,14.6000,14.0800,14.0800,1123300
20131031,14.3000,14.6000,14.1000,14.5100,527000
20131101,14.4400,14.4900,14.0500,14.3000,948700
20131104,14.4500,14.5500,14.2500,14.2500,366800
20131105,14.3600,14.6800,14.2500,14.6800,624200
20131106,14.2200,14.4700,14.2100,14.4400,503600
20131107,13.5600,14.2500,13.5000,14.2500,1317500
20131108,13.4800,13.7400,12.9600,13.5600,926100
20131111,13.2900,13.5000,13.0800,13.5000,503200
20131112,13.7800,13.8200,13.2900,13.2900,618900
20131113,13.5600,13.8000,13.4900,13.7800,485500
20131114,13.5000,13.7000,13.3000,13.3000,543900
20131115,14.0500,14.1400,13.3100,13.3100,915800
20131118,14.4000,14.4000,13.9500,14.1900,921400
20131119,14.5000,14.6800,14.2200,14.4200,1143300
20131120,14.4300,14.6000,14.3300,14.4200,518600
20131121,14.6200,14.6600,14.1000,14.4000,1171000
20131122,14.1000,14.5900,14.1000,14.3600,724600
20131125,14.5000,14.5000,14.0000,14.0900,1201400
20131126,14.9600,15.0800,14.4900,14.6000,1945300
20131127,15.2000,15.2400,14.7000,14.9000,2006300
20131128,15.3000,15.7600,15.0000,15.2000,3144700
20131129,15.6300,15.8100,15.3000,15.3000,2724500
20131202,14.9600,15.9800,14.7000,15.5000,5070700
20131203,15.0900,15.5700,14.8100,14.9600,3346700
20131204,15.4600,15.4600,15.0600,15.0600,2406200
20131205,15.6800,15.7500,15.3600,15.3900,2506000
20131206,15.5100,15.7500,15.3800,15.6000,1042200
20131209,15.1900,15.5400,15.1400,15.5400,1042600
20131210,15.2700,15.5900,15.1000,15.1800,1195800
20131211,14.9700,15.2500,14.9100,15.2500,958600
20131212,14.3000,15.1800,14.3000,14.9100,1875700
20131213,14.5000,14.5300,14.0000,14.3000,1312300
20131216,14.2200,14.8000,14.2200,14.8000,881900
20131217,14.1700,14.5500,14.1300,14.5000,764700
20131218,14.2000,14.4600,14.1700,14.1700,692100
20131219,14.2000,14.2800,13.9800,14.2200,2042200
20131220,14.0100,14.3500,14.0000,14.0700,676700
20131223,13.4100,14.0100,13.2100,14.0100,806300
20131224,13.6900,13.8300,13.3700,13.3700,609500
20131225,14.5400,14.8800,13.6100,13.6800,1666600
20131226,14.6600,14.8800,14.4200,14.8800,1102300
20131227,14.6300,14.7500,14.4600,14.4900,911700
20131230,14.6000,14.7900,14.2200,14.6700,955300
20131231,14.6100,14.9900,14.3800,14.3800,580000
20140101,14.6100,14.6100,14.6100,14.6100,0
20140102,14.6100,14.7800,13.8500,14.7800,1017000
20140103,14.4800,14.7600,14.1200,14.4200,824400
20140106,14.1300,14.5400,14.0800,14.2200,739900
20140107,14.2300,14.3900,14.0200,14.1300,496500
20140108,14.1400,14.3800,14.0800,14.3800,620700
20140109,14.1100,14.3500,13.7500,14.1400,1233200
20140110,14.1000,14.3500,13.9900,14.1100,984300
20140113,13.8400,14.2400,13.5800,13.8600,1245700
20140114,14.1500,14.1900,13.5500,13.9800,1500900
20140115,14.4500,14.9000,13.9200,14.1500,2559400
20140116,14.4900,14.6400,14.3300,14.6400,1624300
20140117,14.3800,14.5900,14.3100,14.4000,638200
20140120,14.4100,14.9500,14.3900,14.7500,1773800
20140121,14.7900,14.8500,14.2100,14.4300,1661200
20140122,15.9100,15.9800,14.7200,14.7800,4038400
20140123,15.9500,16.1500,15.5200,16.1500,2650400
20140124,16.4500,16.5000,15.7300,15.8900,4680800
20140127,16.6000,16.9000,15.9800,16.2100,5150400
20140128,16.2200,16.8000,16.0100,16.6000,1779100
20140129,15.8400,16.4500,15.8100,16.3900,2602700
20140130,16.1600,16.3000,15.8200,16.0000,2132500
20140131,16.1600,16.1600,16.1600,16.1600,0
20140203,16.1600,16.1600,16.1600,16.1600,0
20140205,16.1600,16.1600,16.1600,16.1600,0
20140206,16.1600,16.1600,16.1600,16.1600,0
20140207,16.9800,17.0000,15.8900,15.9000,3254300
20140210,18.6800,18.6800,17.3300,17.5000,16259700
20140211,18.4500,19.0200,18.3800,18.6700,9655700
20140212,19.2200,19.4800,18.5000,18.5000,11461200
20140213,18.8800,19.2000,18.5300,19.1000,8047700
20140214,19.3600,19.4500,18.7500,18.7500,5485900
20140217,19.2400,19.4400,19.0000,19.2000,4363800
20140218,19.6800,20.4600,19.2400,19.2400,7080300
20140219,19.2100,19.9500,19.1000,19.5200,3601400
20140220,18.4000,19.4100,18.0000,19.0100,4818700
20140221,18.1500,18.6800,18.0700,18.2300,2987600
20140224,18.8400,19.1000,17.9300,18.1400,3557300
20140225,17.2200,18.9900,17.2000,18.6100,4681200
