20130226,14.8700,15.1800,14.7200,15.1000,3630400
20130227,15.0300,15.2000,14.8800,14.8800,2213900
20130228,15.5100,15.5300,14.9500,15.1000,4196600
20130301,15.4400,15.6400,15.2200,15.4500,3977300
20130304,14.5700,15.2500,14.4900,15.2500,4185300
20130305,15.8300,15.8500,14.9000,14.9000,9253900
20130306,15.9000,16.4700,15.5700,15.8200,9194800
20130307,15.6000,15.8800,15.4800,15.7000,4605300
20130308,15.5300,15.8200,15.5100,15.6500,2349400
20130311,15.5600,15.7800,15.4500,15.5000,2052900
20130312,14.7900,15.6600,14.6500,15.4400,4043800
20130313,14.4100,14.9000,14.3200,14.7400,2702400
20130314,14.6000,14.8300,14.3800,14.4000,2240700
20130315,14.3600,14.7900,14.2000,14.7000,1950200
20130318,13.9200,14.5100,13.8700,14.3800,1905600
20130319,13.7500,14.0700,13.6700,13.9000,3165700
20130320,14.1900,14.2500,13.6500,13.8600,3440700
20130321,14.3600,14.4400,14.1500,14.2000,2686700
20130322,14.3800,14.6800,14.2500,14.4000,2753100
20130325,14.5000,14.5400,14.1500,14.4500,2795800
20130326,14.5300,14.5700,14.2000,14.4000,3083500
20130327,14.5300,14.7100,14.4100,14.5500,2313500
20130328,13.8100,14.4300,13.8000,14.4300,2553300
20130329,13.7000,13.9400,13.7000,13.8700,1328000
20130401,13.8100,13.9000,13.6600,13.7200,1040900
20130402,13.4900,13.9800,13.4300,13.7700,1835300
20130403,13.7400,13.8000,13.2900,13.4700,2184000
20130404,13.7400,13.7400,13.7400,13.7400,0
20130405,13.7400,13.7400,13.7400,13.7400,0
20130408,13.7000,13.7200,13.3000,13.5100,1774200
20130409,14.0500,14.1800,13.6500,13.7500,2816200
20130410,13.9400,14.1300,13.8000,14.0600,1441600
20130411,13.9700,14.2100,13.9500,14.1000,1577300
20130412,13.6000,14.0300,13.6000,13.9100,1136200
20130415,13.3800,13.5700,13.2500,13.5700,1389700
20130416,13.3900,13.4900,13.0700,13.1400,1475700
20130417,13.4100,13.4600,13.2600,13.3900,1009400
20130418,13.3600,13.4500,13.2200,13.2300,1227900
20130419,13.6600,13.6800,13.2000,13.2600,2478700
20130422,13.5300,13.6300,13.4000,13.4900,1716400
20130423,12.8500,13.5500,12.8500,13.4500,2582500
20130424,13.1000,13.2300,12.8500,12.8500,1561400
20130425,12.7100,13.2100,12.7000,13.1000,2213000
20130426,12.2600,12.7600,12.2100,12.7500,1791000
20130429,12.2600,12.2600,12.2600,12.2600,0
20130430,12.2600,12.2600,12.2600,12.2600,0
20130501,12.2600,12.2600,12.2600,12.2600,0
20130502,12.2200,12.3200,12.0500,12.2000,1052500
20130503,13.4400,13.4400,12.2500,12.2500,4316400
20130506,14.5300,14.7800,13.7900,13.9900,14738500
20130507,14.6500,14.7600,14.1200,14.3000,8503100
20130508,14.6100,14.6600,14.3600,14.6000,5006900
20130509,15.0000,15.4000,14.5300,14.6300,10379200
20130510,14.6200,15.0800,14.2400,14.8000,6292900
20130513,14.4800,14.6400,14.2300,14.5800,3742000
20130514,14.5600,14.6300,14.1500,14.3900,4018400
20130515,14.5300,14.5300,14.2300,14.5200,3452400
20130516,14.5800,15.1900,14.4000,14.5300,7715600
20130517,14.5600,14.6800,14.1900,14.4800,5557900
20130520,15.2000,15.2000,14.4100,14.5500,9373300
20130521,15.3900,15.4200,14.9500,15.2000,7924200
20130522,14.8200,15.5600,14.7700,15.4600,6201000
20130523,15.2600,15.3400,14.5200,14.7700,7268900
20130524,15.4300,15.5400,15.1200,15.2400,6348200
20130527,15.3900,15.6800,15.2900,15.5500,6003600
20130528,15.3000,15.4200,15.0500,15.3000,4193800
20130529,15.8000,15.8900,15.2200,15.2900,8489000
20130530,15.5800,15.7200,15.4800,15.6800,5147100
20130531,15.2900,15.8000,15.2900,15.5800,4637000
20130603,13.9500,14.9000,13.7600,14.9000,11229000
20130604,13.8000,14.0700,13.6700,13.8900,4391900
20130605,13.9100,14.0300,13.7600,13.7700,2416700
20130606,13.4900,13.8700,13.4500,13.8700,3286700
20130607,13.5900,13.7600,13.3800,13.6000,2986300
20130610,13.5900,13.5900,13.5900,13.5900,0
20130611,13.5900,13.5900,13.5900,13.5900,0
20130612,13.5900,13.5900,13.5900,13.5900,0
20130613,12.8500,13.4000,12.6000,13.4000,2770100
20130614,13.3600,13.4300,12.8600,12.8600,3372300
20130617,13.4300,13.5700,13.0600,13.2600,3411200
20130618,13.3200,13.5400,13.1200,13.4400,2408200
20130619,13.5500,13.6300,12.8700,13.2500,4370900
20130620,12.8800,13.5400,12.8800,13.4500,3044400
20130621,12.6000,12.7800,12.3000,12.7800,2135400
20130624,11.3900,12.7100,11.3400,12.6000,3666500
20130625,11.1700,11.5200,10.3000,11.3600,3610000
20130626,11.3100,11.4100,10.9000,11.1700,2454900
20130627,10.9500,11.5400,10.8800,11.3000,3035100
20130628,10.6900,11.1200,10.5700,10.9100,3075100
20130701,10.9800,11.0500,10.6000,10.6800,2684200
20130702,11.4300,11.5700,11.0000,11.0300,4250600
20130703,11.2600,11.4000,10.9000,11.4000,3409800
20130704,12.3900,12.3900,11.0000,11.0900,6276600
20130705,12.7600,13.3500,12.7100,13.1600,14280300
20130708,12.4700,12.9700,12.1100,12.1100,7065400
20130709,12.1000,12.2600,11.7500,12.0000,5376500
20130710,12.6100,12.6900,12.0500,12.2200,5491600
20130711,12.7300,12.8500,12.3500,12.5000,5984100
20130712,12.2700,12.8300,12.2200,12.7800,4459100
20130715,12.5900,12.6400,12.2400,12.3300,3537200
20130716,12.2000,12.3000,11.7200,12.2500,9654400
20130717,11.7200,12.0500,11.7000,12.0100,6140700
20130718,11.9600,12.3900,11.6000,11.7200,7697200
20130719,11.3400,11.8600,11.3000,11.8000,4912800
20130722,11.4200,11.4500,11.0200,11.1600,2468500
20130723,11.7200,11.8500,11.4600,11.5000,3395600
20130724,12.0100,12.2300,11.2900,11.6700,5514200
20130725,11.9400,12.2600,11.8200,11.9400,4964700
20130726,12.0800,12.2100,11.6800,11.8000,4774900
20130729,11.6700,12.0900,11.6500,12.0900,2830000
20130730,11.6100,11.9400,11.4200,11.6500,2099700
20130731,11.6400,11.8000,11.4700,11.6500,2147800
20130801,11.9200,11.9800,11.5900,11.6000,2934100
20130802,12.1200,12.3500,11.8000,12.0000,5685900
20130805,12.2200,12.3000,12.0400,12.1500,3894100
20130806,12.3300,12.3900,12.1100,12.2000,4926600
20130807,11.9800,12.3300,11.9200,12.3200,4346700
20130808,12.2300,12.5900,11.9400,12.0100,5413500
20130809,12.3700,12.4500,12.1400,12.2200,4282000
20130812,12.5700,12.6200,12.3300,12.3300,5961800
20130813,12.6900,12.7200,12.5100,12.5700,4932600
20130814,12.5000,12.6900,12.3800,12.6700,4536500
20130815,12.3000,12.7300,12.3000,12.5000,3977100
20130816,12.1300,12.4000,11.9700,12.1000,4952600
20130819,12.2600,12.3600,12.0000,12.0100,3075300
20130820,12.1300,12.3400,12.0900,12.3100,3101500
20130821,12.1400,12.1800,12.0500,12.0600,2630100
20130822,11.9100,12.1300,11.8500,12.0700,4123700
20130823,12.0100,12.1000,11.7600,11.9500,3360100
20130826,12.4800,12.5100,11.9400,12.0800,8170200
20130827,12.5300,12.6400,12.3400,12.3900,6447000
20130828,12.6300,12.8400,12.2100,12.4000,8533400
20130829,12.7400,12.7500,12.3500,12.5900,6230300
20130830,12.5400,13.0800,12.3800,12.6900,8440100
20130902,12.4500,12.5300,12.2100,12.5300,3499000
20130903,12.6100,12.7800,12.3700,12.3700,4641500
20130904,12.6700,12.7300,12.4500,12.6000,3506200
20130905,12.7400,12.9300,12.5400,12.6700,5040300
20130906,13.0500,13.2000,12.6300,12.7400,9027000
20130909,13.1600,13.1800,12.8600,13.0600,6594100
20130910,13.3600,13.5000,13.0400,13.1600,7978300
20130911,13.4000,13.9700,13.3700,13.6000,15892100
20130912,13.0800,13.3900,13.0000,13.1800,6029200
20130913,13.3000,13.5600,13.0900,13.0900,4418800
20130916,13.2200,13.3800,13.1200,13.2800,2770600
20130917,12.6100,13.3000,12.6000,13.1500,5146100
20130918,12.6400,12.7800,12.5000,12.6300,2668700
20130920,12.6400,12.6400,12.6400,12.6400,0
20130923,12.9200,13.1800,12.6400,12.6400,3659900
20130924,12.9800,13.1600,12.7700,12.8300,3817300
20130925,12.6700,12.9700,12.6600,12.9700,3448300
20130926,12.4200,12.8400,12.4100,12.6800,2862100
20130927,12.4100,12.6900,12.4100,12.4100,2168900
20130930,12.6100,12.7700,12.2900,12.3300,2597100
20131001,12.6100,12.6100,12.6100,12.6100,0
20131002,12.6100,12.6100,12.6100,12.6100,0
20131003,12.6100,12.6100,12.6100,12.6100,0
20131004,12.6100,12.6100,12.6100,12.6100,0
20131007,12.6100,12.6100,12.6100,12.6100,0
20131008,12.6600,12.6900,12.4300,12.4800,2418500
20131009,12.7400,12.7500,12.5700,12.6200,2218100
20131010,12.4600,12.7400,12.4500,12.7400,2688900
20131011,12.5700,12.6100,12.4300,12.5300,4079600
20131014,12.5700,12.5800,12.3200,12.5000,3320700
20131015,12.7600,12.8000,12.4900,12.5500,4623400
20131016,12.1400,12.7800,12.1300,12.7800,4116100
20131017,12.0200,12.3300,12.0100,12.1900,3340700
20131018,11.9500,12.0900,11.9000,12.0600,2802800
20131021,12.1700,12.2400,11.9500,11.9500,2637800
20131022,12.3700,12.4800,12.0800,12.1600,4058700
20131023,12.0400,12.4100,11.9200,12.3000,3316500
20131024,11.8100,12.0700,11.8100,12.0100,1712900
20131025,11.5000,11.8700,11.4500,11.7300,2781100
20131028,11.3500,11.5700,11.1900,11.5100,1534700
20131029,10.8900,11.4500,10.6300,11.3500,3078900
20131030,11.1200,11.1400,10.8500,10.8900,1736800
20131031,11.0800,11.2600,10.9400,11.1600,2070700
20131101,11.1200,11.2600,11.0100,11.0500,1843400
20131104,11.2000,11.4000,11.1200,11.1800,1583200
20131105,11.4000,11.4000,11.1700,11.2300,1945400
20131106,11.2500,11.4600,11.2400,11.4000,2009200
20131107,11.0600,11.3300,11.0500,11.2000,1568800
20131108,10.8900,11.2000,10.8400,11.0700,1032000
20131111,11.0200,11.0900,10.7100,10.8500,1301200
20131112,11.0700,11.1000,10.9400,11.0300,1338900
20131113,10.7800,11.0500,10.7600,11.0500,1585700
20131114,11.0600,11.1500,10.7600,10.8000,1559900
20131115,12.1700,12.1700,11.3000,11.3500,4942900
20131118,12.3200,12.6800,12.2100,12.4200,13031500
20131119,12.2000,12.3900,12.0400,12.2100,5668200
20131120,12.8300,13.1000,12.1500,12.2400,11743600
20131121,12.7700,12.8100,12.5100,12.6300,5715300
20131122,12.4800,12.8900,12.4600,12.8500,3826300
20131125,12.5300,12.9300,12.2700,12.4000,4416300
20131126,12.6600,12.7500,12.4300,12.6500,2842600
20131127,12.6600,12.8000,12.5500,12.6000,3483700
20131128,12.9700,13.0000,12.6700,12.6700,5511800
20131129,12.8600,13.0800,12.7700,13.0100,4705800
20131202,11.9000,12.5500,11.7600,12.0000,5524500
20131203,12.2900,12.3600,11.8900,11.9500,3053600
20131204,12.4900,12.6400,12.1700,12.1700,3713200
20131205,12.7800,13.3600,12.6800,13.0600,7884200
20131206,12.7300,13.1500,12.6800,12.6800,4717600
20131209,13.0100,13.0500,12.6600,12.7100,4909500
20131210,13.0600,13.3500,12.9900,13.0000,5743400
20131211,12.7200,12.9800,12.6000,12.9300,3869500
20131212,12.9500,13.1200,12.6500,12.7100,3938100
20131213,12.8200,13.0400,12.6800,12.7500,3136500
20131216,12.4100,12.8600,12.3500,12.8100,3339100
20131217,12.5000,12.6300,12.3800,12.4000,1989500
20131218,12.9700,13.1600,12.4500,12.6100,4679100
20131219,12.9700,13.0900,12.7600,12.9400,3853600
20131220,13.2000,13.2900,12.7900,12.9800,8409200
20131223,12.8000,13.2000,12.7000,13.1900,4288600
20131224,12.6200,13.0800,12.5500,12.8200,4528500
20131225,12.7300,12.7800,12.4500,12.5600,3202400
20131226,12.6100,12.9400,12.6000,12.7700,3123900
20131227,13.1500,13.3200,12.5200,12.5700,7749200
20131230,13.3300,13.8800,13.1700,13.2400,8042500
20131231,13.8100,13.9000,13.2000,13.3200,9331700
20140101,13.8100,13.8100,13.8100,13.8100,0
20140102,13.8400,13.9700,13.5500,13.8700,6794900
20140103,13.4700,13.8500,13.4500,13.8000,5673100
20140106,12.3600,13.4000,12.1200,13.4000,9006900
20140107,12.5000,12.6300,12.2800,12.4000,4433100
20140108,12.3100,12.6600,12.2200,12.5100,3835000
20140109,11.7800,12.4800,11.7800,12.2500,4710700
20140110,11.8600,12.0200,11.6300,11.6800,2499300
20140113,11.7500,11.9800,11.6300,11.8900,2154800
20140114,12.0500,12.0500,11.7000,11.7500,2244500
20140115,12.2700,12.3400,11.9700,11.9700,3768500
20140116,12.5000,12.6500,12.1100,12.2700,5257900
20140117,12.2100,12.5000,12.1500,12.5000,2763400
20140120,12.1000,12.3000,12.0200,12.1200,1582500
20140121,12.3300,12.3900,12.0500,12.0500,1746300
20140122,12.5200,12.5600,12.3100,12.3100,2547800
20140123,12.6400,12.7000,12.4300,12.5900,3388300
20140124,12.8500,13.0800,12.5100,12.6100,5067900
20140127,12.6300,12.9800,12.6000,12.7100,2842500
20140128,12.8200,12.9600,12.5100,12.7600,2384500
20140129,12.8000,12.8700,12.6400,12.7800,2197600
20140130,12.4600,12.7900,12.4200,12.6700,2049600
20140131,12.4600,12.4600,12.4600,12.4600,0
20140203,12.4600,12.4600,12.4600,12.4600,0
20140205,12.4600,12.4600,12.4600,12.4600,0
20140206,12.4600,12.4600,12.4600,12.4600,0
20140207,13.4500,13.5400,12.2700,12.4100,7524000
20140210,14.1800,14.2700,13.3900,13.4400,11976300
20140211,13.9100,14.3000,13.6700,14.3000,8853000
20140212,14.3400,14.6000,14.0600,14.0600,10873200
20140213,14.4400,15.1500,14.3500,14.3500,16676000
20140214,14.9000,14.9000,14.1900,14.4000,9800900
20140217,14.8100,15.1500,14.7100,15.0000,8404900
20140218,14.7800,14.8700,14.3000,14.7500,7012200
20140219,14.7100,14.9500,14.4100,14.6600,6027800
20140220,14.1000,14.8100,14.1000,14.7400,5712000
20140221,14.1800,14.4200,13.8400,14.0900,5210500
20140224,14.2800,14.3600,13.9700,14.0900,4638500
20140225,13.6900,14.5500,13.3900,14.2100,8009400
