20130226,17.0000,17.7000,17.0000,17.2800,3146200
20130227,16.7700,17.2600,16.6000,16.9100,1935500
20130228,17.0300,17.2400,16.6600,16.7000,1801500
20130301,17.1500,17.2000,16.8800,17.0000,1193800
20130304,16.5600,17.0000,16.3700,17.0000,1948600
20130305,16.7200,16.8100,16.3800,16.5000,1322000
20130306,17.2600,17.3000,16.6500,16.7400,1298900
20130307,16.8700,17.2600,16.8000,17.2600,861400
20130308,16.6400,17.0000,16.6000,16.8900,829400
20130311,16.4000,16.8900,16.3200,16.6000,1121400
20130312,15.8200,16.3300,15.7000,16.3300,1786100
20130313,16.2000,16.3500,15.7200,15.8000,1849800
20130314,16.1700,16.7700,16.0100,16.1900,1246500
20130315,16.2200,16.4800,16.0800,16.2100,740400
20130318,15.9200,16.2900,15.9100,16.2200,381100
20130319,16.0000,16.1000,15.9000,15.9300,603400
20130320,16.9100,17.1700,16.0100,16.0100,2139600
20130321,17.7000,17.7200,16.8900,16.8900,3677900
20130322,17.5400,17.6500,17.3400,17.6500,1017900
20130325,17.4000,17.6600,17.1800,17.3600,1406000
20130326,17.3900,17.3900,16.7500,17.3800,1426700
20130327,17.9500,17.9600,17.2100,17.3900,2334000
20130328,17.3300,17.9600,17.2800,17.9600,916900
20130329,16.6000,17.0100,16.1700,17.0100,3535400
20130401,16.4100,16.6700,16.1800,16.2000,1028900
20130402,16.1600,16.5000,15.8600,16.4500,1180300
20130403,16.1700,16.4900,16.1300,16.1300,599200
20130404,16.1700,16.1700,16.1700,16.1700,0
20130405,16.1700,16.1700,16.1700,16.1700,0
20130408,16.5800,16.5800,15.7500,16.0800,558300
20130409,16.7500,16.9800,16.5100,16.5900,1135000
20130410,16.4500,16.7100,16.3000,16.6200,495100
20130411,16.7200,16.8400,16.0700,16.0700,533900
20130412,16.6900,16.8000,16.3500,16.3800,475100
20130415,16.3500,16.4500,15.9200,16.4000,893000
20130416,16.4500,16.5400,15.9200,15.9200,599700
20130417,16.3900,16.5400,16.1600,16.5400,430900
20130418,16.4200,16.5500,16.1300,16.3500,447400
20130419,16.4400,16.4900,16.3000,16.4200,907700
20130422,16.1700,16.3900,16.0100,16.3900,1117100
20130423,16.0000,16.2900,15.7600,16.1900,1237200
20130424,16.2600,16.4800,15.8000,15.8100,1191600
20130425,16.3600,16.6300,16.1500,16.1500,2060200
20130426,16.5900,16.9700,16.3500,16.3600,1713400
20130429,16.5900,16.5900,16.5900,16.5900,0
20130430,16.5900,16.5900,16.5900,16.5900,0
20130501,16.5900,16.5900,16.5900,16.5900,0
20130502,16.8600,17.0600,16.4200,16.6800,1481800
20130503,16.8700,17.1100,16.8000,17.0300,1418600
20130506,18.0700,18.5600,17.1000,17.1000,5074000
20130507,18.1400,18.6400,17.9900,18.0900,3324700
20130508,18.5100,18.9900,18.1600,18.4000,3855000
20130509,18.8900,18.9300,18.1100,18.2000,3258200
20130510,19.3900,19.4400,18.5500,18.7200,3424900
20130513,19.6900,19.7000,18.9000,19.2000,2781900
20130514,18.8000,19.5000,18.7100,19.5000,2342000
20130515,19.1500,19.2500,18.5000,18.9000,1854000
20130516,19.2000,20.0800,18.8500,19.0300,3745000
20130517,19.3000,19.5700,18.9100,19.0800,1867000
20130520,20.4000,20.8800,19.0300,19.2800,3656100
20130521,20.6500,20.7700,19.9600,20.3500,1939000
20130522,19.8000,20.8800,19.7500,20.4100,3476200
20130523,20.6000,20.9800,19.7300,19.7900,2331700
20130524,20.4500,21.4000,20.4500,20.8000,3286400
20130527,21.7600,22.2700,20.4800,20.4900,3388500
20130528,21.7600,22.5800,21.1900,21.8500,3465400
20130529,21.3400,21.9500,21.2000,21.5000,2593100
20130530,21.7000,22.3000,21.3500,21.3600,2790500
20130531,21.4800,21.9500,21.2900,21.7000,1238300
20130603,20.6600,21.8200,20.3200,21.2100,2240700
20130604,19.9000,20.7400,19.1200,20.6600,3534100
20130605,20.3300,20.4500,19.9800,19.9900,2215900
20130606,19.9700,20.5600,19.8800,20.1900,1912800
20130607,20.1300,20.3400,19.8100,19.9900,1088100
20130610,20.1300,20.1300,20.1300,20.1300,0
20130611,20.1300,20.1300,20.1300,20.1300,0
20130612,20.1300,20.1300,20.1300,20.1300,0
20130613,20.4500,20.5800,19.5300,19.8000,1749400
20130614,20.9600,21.3500,20.5100,20.5100,1884800
20130617,21.2800,21.5900,20.7800,20.8800,2568600
20130618,20.4600,21.5800,20.2900,21.2500,1589700
20130619,20.3100,20.6300,20.0300,20.4600,1529000
20130620,19.8300,20.5000,19.6000,20.3500,1279600
20130621,20.0300,20.3400,19.6300,19.9000,1534700
20130624,19.4000,20.2000,18.8000,19.8400,1769300
20130625,20.2800,20.5000,17.7500,19.2300,2335500
20130626,21.2000,21.2700,20.0200,20.2500,2544200
20130627,20.4600,21.3000,20.4000,21.2000,1830500
20130628,19.5000,20.5600,19.2000,20.3400,2193500
20130701,19.6900,19.6900,19.0500,19.2000,2306400
20130702,19.7900,19.9200,19.3300,19.7000,2003700
20130703,20.4200,20.5900,19.0000,19.4900,2508700
20130704,20.1800,20.6800,19.7500,20.2800,1497400
20130705,20.7500,21.9300,20.5500,20.5500,2515200
20130708,21.0600,21.5000,20.5000,20.7000,2039200
20130709,20.9700,21.3500,20.7100,20.8800,1220900
20130710,20.3200,21.1700,19.9800,21.0000,2662900
20130711,21.7500,21.7800,20.0300,20.0800,4190300
20130712,21.4100,21.8600,21.2400,21.6500,2781500
20130715,22.2900,22.3700,21.2000,21.4100,3353600
20130716,22.5100,22.7500,21.8800,22.1700,2610400
20130717,21.2900,22.6800,21.2100,22.3000,3746200
20130718,21.2900,21.5400,20.7100,21.2500,1918800
20130719,20.7000,21.5000,20.7000,21.3600,2158000
20130722,20.9600,21.1000,20.0100,20.4700,2090700
20130723,21.6400,21.7400,20.9100,20.9600,2134000
20130724,21.5000,21.9300,21.1000,21.5000,2252000
20130725,21.6000,22.2000,21.2200,21.6000,2518400
20130726,22.8100,22.9000,21.6000,22.1000,4491400
20130729,22.5000,23.7500,22.5000,23.0600,6043500
20130730,20.8800,22.5100,20.4000,22.1100,5068000
20130731,20.7400,21.3000,20.6500,20.8000,2072500
20130801,21.4200,21.7700,20.6900,20.6900,2183500
20130802,21.7100,22.1800,21.5100,21.5500,2114500
20130805,21.7900,21.9800,21.3400,21.6700,1558900
20130806,21.9900,22.1600,21.6500,21.8900,1375200
20130807,21.3700,22.4200,21.3400,22.1000,2213600
20130808,22.3000,22.3000,21.1100,21.3100,2650100
20130809,22.0300,22.6500,21.6400,22.5100,1970000
20130812,21.9200,22.2100,21.6000,21.9000,1272500
20130813,22.1500,22.2100,21.7000,22.0000,1103700
20130814,22.6000,22.9900,21.8900,22.2000,2353100
20130815,21.8100,22.4700,21.3000,22.4700,4589800
20130816,20.9600,22.0700,20.8500,21.5000,2592100
20130819,21.6000,21.6000,20.4100,20.8500,3065500
20130820,21.4800,21.7000,21.3500,21.6000,1188100
20130821,21.7400,21.7900,21.1100,21.4800,1459400
20130822,22.2800,22.6700,21.3600,21.5000,3395000
20130823,22.1700,22.6500,21.7500,22.2900,1831800
20130826,22.9500,23.1200,21.9900,21.9900,2800100
20130827,23.6200,23.7400,22.8200,22.8500,2899700
20130828,22.8000,24.1800,22.8000,23.3500,3107500
20130829,23.2700,23.5900,22.4000,22.8000,1591900
20130830,23.0300,23.8000,22.9100,23.2500,2380800
20130902,23.8000,23.8500,22.6100,23.2000,1571700
20130903,24.5700,24.9000,23.5800,23.5800,3167300
20130904,24.6100,24.7500,24.1200,24.4700,1581100
20130905,23.8000,24.7900,23.8000,24.7100,2047300
20130906,25.0400,25.3800,23.9800,24.0000,3156300
20130909,24.8600,25.2000,24.6600,25.1800,1729500
20130910,24.1000,25.0900,23.7000,24.8800,2449000
20130911,22.9900,24.0500,22.7600,24.0500,2836000
20130912,22.7200,23.4500,22.6700,23.0000,1696800
20130913,23.4300,23.5200,22.7200,22.7900,1377800
20130916,23.0800,23.5000,23.0700,23.4800,920400
20130917,22.4500,23.3800,22.4000,23.1000,1386800
20130918,23.0300,23.0500,22.2800,22.3000,901400
20130920,23.0300,23.0300,23.0300,23.0300,0
20130923,23.4000,23.4800,22.8800,23.0900,1121200
20130924,22.9300,23.4900,22.8000,23.4000,1358000
20130925,22.5000,23.1300,22.4700,22.9300,1195900
20130926,22.1800,22.7800,22.1300,22.4600,1261200
20130927,23.8300,24.4000,22.3100,22.5600,5390600
20130930,23.5000,23.9000,23.3000,23.6300,1337500
20131001,23.5000,23.5000,23.5000,23.5000,0
20131002,23.5000,23.5000,23.5000,23.5000,0
20131003,23.5000,23.5000,23.5000,23.5000,0
20131004,23.5000,23.5000,23.5000,23.5000,0
20131007,23.5000,23.5000,23.5000,23.5000,0
20131008,24.5000,24.6400,23.1500,23.5700,2249400
20131009,24.4600,24.6400,24.0000,24.0400,1414900
20131010,23.4400,24.3100,22.8000,24.3100,3065100
20131011,23.1900,23.5500,22.8000,23.3700,1531000
20131014,23.3100,23.7800,23.1500,23.1900,2021200
20131015,23.0600,23.5400,22.8600,23.3000,1113800
20131016,22.1700,23.1800,21.9100,23.1500,1838400
20131017,21.6500,22.4700,21.6000,22.2100,1498000
20131018,21.4500,21.9600,21.2500,21.6400,1266100
20131021,22.5600,22.8500,21.3800,21.6100,1903400
20131022,21.3900,22.4800,21.3000,22.4800,2196100
20131023,20.2600,21.5000,19.7000,21.3900,1918500
20131024,20.2800,20.6500,20.0800,20.3000,1312300
20131025,20.2900,20.7500,19.7800,20.6800,1459900
20131028,20.3900,20.5800,20.0200,20.1200,797600
20131029,20.3900,20.5500,19.3500,20.4100,1303500
20131030,20.6300,20.6600,20.0100,20.1000,883700
20131031,20.3900,20.5500,20.1300,20.5200,651900
20131101,20.3300,20.4900,20.1800,20.2200,912300
20131104,19.6500,20.4000,19.2800,20.2800,2131200
20131105,19.0800,19.5000,18.4600,19.5000,3269700
20131106,19.4400,19.4600,18.6700,19.0000,1649200
20131107,19.0700,19.3800,18.8200,19.1200,782900
20131108,19.2300,19.2800,18.5300,18.8000,962800
20131111,19.2400,19.4700,18.9100,19.0800,650400
20131112,19.3900,19.4200,18.9000,19.2000,987900
20131113,19.3200,19.6200,19.0700,19.5000,938700
20131114,19.5300,19.8000,19.0300,19.0300,1451200
20131115,20.2000,20.5000,19.5300,19.5300,2908800
20131118,21.2800,21.5000,20.0000,20.1900,3724600
20131119,21.5600,21.7900,21.0700,21.3000,2205500
20131120,22.3100,22.7500,21.4200,21.7000,2807300
20131121,22.1400,22.7000,21.8100,22.4000,2204100
20131122,22.6700,22.6700,21.9200,22.1300,1602000
20131125,23.1800,23.4000,22.5200,22.8000,2799300
20131126,23.0100,23.4800,22.8000,23.1800,1164400
20131127,23.2300,23.4600,22.5400,23.0900,1556900
20131128,23.1500,23.6500,22.9800,23.2300,1728900
20131129,23.0900,23.5000,22.8100,23.1500,1807800
20131202,21.3800,22.4500,20.7800,22.4000,3082100
20131203,22.2700,22.3000,20.6000,21.0000,1809800
20131204,22.2600,22.4000,21.8200,22.2400,2200600
20131205,21.8000,22.5800,21.7800,22.4900,834200
20131206,22.1800,22.3700,21.5100,21.7000,861000
20131209,22.7300,22.7800,22.0000,22.2000,1059400
20131210,22.7000,22.8000,22.4500,22.5800,798700
20131211,22.3000,22.6600,21.9500,22.4200,625900
20131212,22.3500,22.4000,21.8300,22.3000,1013600
20131213,22.0300,22.2500,21.9400,22.2500,605300
20131216,21.4100,22.0500,20.8100,22.0000,1177400
20131217,20.9600,21.3700,20.7100,21.3700,995400
20131218,21.2200,21.3400,20.7000,20.8500,786100
20131219,21.2700,21.3600,21.1100,21.3400,503100
20131220,21.1000,21.3000,20.9000,21.2000,439400
20131223,21.5800,21.5900,20.8800,20.9100,676700
20131224,22.0000,22.2200,21.6500,21.6500,1490700
20131225,22.2900,22.3500,21.8600,22.0000,1278000
20131226,22.3700,22.3800,21.9500,22.2900,1697700
20131227,22.4400,22.4500,22.1300,22.2300,1443400
20131230,23.2300,23.4600,22.4900,22.4900,2614800
20131231,23.6800,23.8800,22.7700,23.0000,3747200
20140101,23.6800,23.6800,23.6800,23.6800,0
20140102,23.6900,23.7000,23.3400,23.3500,1094000
20140103,23.6500,23.8200,23.4700,23.6500,1495500
20140106,22.9500,23.5000,22.6000,23.5000,1297100
20140107,23.2100,23.2800,22.6500,22.7600,780100
20140108,23.3000,23.4700,23.0700,23.0700,935200
20140109,22.7800,23.4900,22.5100,23.3800,1391000
20140110,22.5500,22.8500,22.3000,22.6900,709400
20140113,22.1600,22.8500,21.7700,22.5500,729700
20140114,22.6500,22.6500,21.7100,21.7100,1361400
20140115,22.7800,22.9000,22.3500,22.6500,825800
20140116,22.9600,23.1900,22.5900,22.7200,1034100
20140117,23.9000,25.2600,23.5000,24.5000,4711200
20140120,23.3300,24.3300,23.1500,23.6000,2622100
20140121,23.1900,23.5500,22.5800,23.0000,1836100
20140122,24.1000,24.1500,23.2400,23.2400,2375200
20140123,24.0900,24.1800,23.8100,24.1000,1963100
20140124,24.0700,24.1500,23.7000,23.9000,1959100
20140127,24.9600,25.2300,23.9000,24.0000,3922100
20140128,25.0000,26.8900,24.7400,26.1100,5516200
20140129,26.6700,27.1700,24.7500,25.1800,5395000
20140130,27.0000,27.1200,26.4000,26.4400,3411200
20140131,27.0000,27.0000,27.0000,27.0000,0
20140203,27.0000,27.0000,27.0000,27.0000,0
20140205,27.0000,27.0000,27.0000,27.0000,0
20140206,27.0000,27.0000,27.0000,27.0000,0
20140207,27.4400,28.3000,26.5500,26.9100,3253700
20140210,27.3600,28.2500,27.1000,27.3800,3781700
20140211,28.2200,28.3800,26.6900,27.3200,4377600
20140212,28.2100,28.4700,27.6600,28.0500,2551400
20140213,26.8800,27.9800,26.6800,27.9800,3048300
20140214,27.1900,27.5000,26.6300,26.7100,2900000
20140217,27.8000,28.2500,27.0900,28.1000,2465600
20140218,27.8300,27.9700,27.2100,27.8700,1928900
20140219,29.9600,30.5500,27.6600,27.7800,6162700
20140220,29.1000,30.4700,28.8500,29.6000,3170800
20140221,29.2500,30.6900,28.8000,28.8800,2411400
20140224,30.2000,30.3000,28.8000,29.2000,1766200
20140225,29.5100,31.8000,29.0500,30.2000,5521000
