20130226,6.6550,6.8650,6.6400,6.7150,2783100
20130227,6.6400,6.7500,6.5800,6.6750,1699200
20130228,6.8100,6.8300,6.6450,6.7000,3478000
20130301,6.8400,6.8500,6.7550,6.8150,2348600
20130304,6.6150,6.8150,6.5950,6.8150,3441900
20130305,7.2750,7.2750,7.1150,7.1300,5721300
20130306,7.4250,7.7150,7.3800,7.5950,21447600
20130307,7.2550,7.4150,7.1900,7.2900,9144200
20130308,7.3300,7.5450,7.2500,7.2500,8542500
20130311,7.3950,7.5500,7.3450,7.4500,5040200
20130312,7.1200,7.3250,6.9800,7.2800,6526000
20130313,7.0650,7.1000,6.9350,7.1000,3262900
20130314,7.0750,7.1750,7.0200,7.0550,2915600
20130315,7.1250,7.2950,7.0200,7.0500,4556300
20130318,7.1050,7.2900,7.0650,7.1850,4035800
20130319,7.0150,7.1500,6.9050,7.0850,2762400
20130320,7.2400,7.2500,7.0050,7.0050,3884200
20130321,7.2900,7.2950,7.1900,7.2450,4265500
20130322,7.3400,7.3700,7.2450,7.2900,4425400
20130325,7.3100,7.4150,7.2900,7.3550,3092100
20130326,7.3950,7.4250,7.2650,7.3100,4379000
20130327,7.5950,7.7400,7.4650,7.4700,10694300
20130328,7.3150,7.5500,7.3000,7.5500,5294100
20130329,7.2550,7.4100,7.2500,7.3250,2798900
20130401,7.3150,7.3600,7.2550,7.2550,2337700
20130402,7.4300,7.4900,7.3500,7.3500,3918100
20130403,7.1600,7.4700,7.0950,7.4550,3786100
20130404,7.1600,7.1600,7.1600,7.1600,0
20130405,7.1600,7.1600,7.1600,7.1600,0
20130408,7.2500,7.2500,6.9500,7.1050,2818300
20130409,7.4750,7.5050,7.2800,7.2950,4844000
20130410,7.4850,7.5850,7.3700,7.4500,3573400
20130411,7.4150,7.5450,7.3750,7.5400,2297700
20130412,7.2400,7.4600,7.2350,7.4600,2623700
20130415,7.1800,7.2400,7.0500,7.2300,1538400
20130416,7.3950,7.4050,7.0600,7.1600,1924100
20130417,7.4550,7.4700,7.3500,7.4100,1935700
20130418,7.4950,7.5450,7.3750,7.4050,4198200
20130419,7.8000,7.9400,7.5050,7.5350,8880300
20130422,7.9750,7.9900,7.7250,7.7250,8324600
20130423,7.8150,8.0400,7.7450,7.9600,6699100
20130424,8.2850,8.2950,7.7900,7.8850,10183500
20130425,8.1350,8.3850,8.1250,8.3000,9722000
20130426,7.9100,8.2200,7.8550,8.1450,6240200
20130429,7.9100,7.9100,7.9100,7.9100,0
20130430,7.9100,7.9100,7.9100,7.9100,0
20130501,7.9100,7.9100,7.9100,7.9100,0
20130502,8.2000,8.2450,7.8500,7.9000,5061200
20130503,8.0600,8.5000,8.0550,8.1800,10466100
20130506,7.8100,8.2300,7.7700,7.9600,8905700
20130507,8.4700,8.4700,7.7700,7.8100,14175400
20130508,8.2900,8.4900,8.1300,8.4900,12722100
20130509,8.1900,8.2500,8.0500,8.2000,7035000
20130510,8.2400,8.2800,8.1000,8.1600,6874800
20130513,8.1300,8.2700,8.0100,8.2500,5818700
20130514,7.7300,8.0500,7.6600,8.0300,9302300
20130515,7.9300,7.9700,7.6000,7.7000,7551100
20130516,8.3800,8.6800,7.9700,8.0500,22395400
20130517,8.4100,8.4200,8.1300,8.2100,13324700
20130520,8.4400,8.5300,8.2000,8.4100,10394400
20130521,8.7100,8.7700,8.5000,8.5000,16680100
20130522,8.4700,8.7600,8.4400,8.7300,8935800
20130523,8.2900,8.4800,8.2500,8.4600,6846600
20130524,8.4800,8.4800,8.2700,8.2700,4686400
20130527,8.5100,8.6400,8.4000,8.5000,5516900
20130528,8.4100,8.5500,8.2700,8.5100,5040900
20130529,8.3300,8.4100,8.3000,8.3800,4463300
20130530,8.3500,8.3700,8.2200,8.3000,3837500
20130531,8.3000,8.4000,8.2700,8.3000,4306100
20130603,8.1600,8.3700,8.1600,8.2500,4103800
20130604,7.9200,8.1300,7.9000,8.1100,4293400
20130605,7.9600,8.0800,7.9100,7.9100,1922400
20130606,7.8000,7.9800,7.7900,7.9800,2584500
20130607,7.6600,7.8600,7.6200,7.7900,2349000
20130610,7.6600,7.6600,7.6600,7.6600,0
20130611,7.6600,7.6600,7.6600,7.6600,0
20130612,7.6600,7.6600,7.6600,7.6600,0
20130613,7.2400,7.6600,7.1800,7.6600,2598300
20130614,7.3100,7.3800,7.2000,7.2900,2440100
20130617,7.4100,7.4800,7.2600,7.3200,2407700
20130618,7.3200,7.4400,7.2400,7.4000,1833700
20130619,7.2500,7.3400,7.1000,7.3400,2172200
20130620,7.1100,7.3000,7.0900,7.2500,2470200
20130621,6.9800,7.0800,6.8200,7.0100,1779100
20130624,6.4200,6.9400,6.3000,6.9400,2974500
20130625,6.3800,6.4900,5.9000,6.3500,2697100
20130626,6.4500,6.5500,6.2600,6.3400,2577300
20130627,6.2600,6.6000,6.2100,6.5800,3152500
20130628,6.2800,6.3700,6.1000,6.1300,1587000
20130701,6.4200,6.4300,6.2300,6.2500,1464800
20130702,6.4600,6.5200,6.3600,6.4200,2194400
20130703,6.3300,6.4600,6.2200,6.4600,1704000
20130704,6.5100,6.5600,6.2300,6.2600,2931500
20130705,6.5000,6.5900,6.4500,6.5200,2563500
20130708,6.1600,6.4500,6.1200,6.3900,2019200
20130709,6.2400,6.2700,6.1400,6.1900,976800
20130710,6.4400,6.4500,6.2200,6.2400,2135000
20130711,6.6400,6.7400,6.4000,6.4000,4606000
20130712,6.6200,6.8500,6.6100,6.6500,3821100
20130715,7.1000,7.1500,6.6300,6.6300,5545900
20130716,7.0900,7.1200,6.9200,7.1000,3760800
20130717,6.9400,7.1300,6.9100,7.1000,3227900
20130718,6.7700,6.9200,6.7400,6.8800,2788100
20130719,6.6000,6.8800,6.6000,6.7000,2533700
20130722,6.8000,6.8000,6.5600,6.6100,1827000
20130723,6.9800,7.0200,6.8100,6.8200,3365100
20130724,7.0800,7.0900,6.8700,6.9900,3234400
20130725,6.9300,7.1100,6.9000,7.0800,2173700
20130726,6.8800,6.9500,6.7800,6.8700,1716400
20130729,6.9200,7.1100,6.8600,6.9400,2537000
20130730,6.8100,6.9700,6.7200,6.9200,1545800
20130731,6.8000,6.9200,6.7700,6.8100,1233800
20130801,7.0300,7.0900,6.8100,6.8700,4257900
20130802,7.0000,7.0800,6.9800,7.0400,3639100
20130805,7.1200,7.1200,6.9500,7.0500,3095500
20130806,7.1300,7.1700,7.0500,7.1200,3116900
20130807,7.3400,7.3900,7.0400,7.1500,6759600
20130808,7.3200,7.4100,7.2500,7.3100,4394800
20130809,7.6300,7.6600,7.3000,7.3000,8773900
20130812,7.7900,7.8700,7.5000,7.6500,8646200
20130813,8.2700,8.5000,7.6800,7.7500,16822000
20130814,8.1800,8.4300,8.1000,8.2000,9776800
20130815,7.9800,8.2100,7.9600,8.1900,5851800
20130816,7.7000,8.1000,7.7000,7.8800,5157000
20130819,7.9200,7.9500,7.5500,7.6400,3039000
20130820,7.9400,8.1000,7.8500,7.8700,3724600
20130821,8.2500,8.2700,7.8700,7.9400,6365400
20130822,8.2300,8.3400,8.1500,8.2900,4891100
20130823,8.1800,8.3800,7.8700,8.2400,4178500
20130826,8.2100,8.2200,8.1100,8.2000,2894400
20130827,8.1900,8.2900,8.0800,8.2200,2991300
20130828,8.0200,8.1400,7.9000,8.1400,3943800
20130829,7.8500,8.0800,7.8100,8.0000,2349200
20130830,7.7500,7.9600,7.7300,7.9000,2185700
20130902,8.0100,8.0200,7.6800,7.7900,2438700
20130903,8.0000,8.0500,7.9500,8.0100,1397000
20130904,7.9700,8.1500,7.9700,8.0000,2186100
20130905,7.9700,8.0600,7.9400,8.0400,1697700
20130906,8.0200,8.0400,7.9000,7.9800,1735500
20130909,8.2700,8.3300,8.0100,8.0600,5463000
20130910,8.7300,8.8400,8.2100,8.2800,10211000
20130911,8.8900,9.2800,8.6400,8.8000,10408700
20130912,8.7000,8.8800,8.6600,8.8100,3996600
20130913,8.8000,8.8700,8.4600,8.6800,4636900
20130916,9.1000,9.1600,8.7200,8.7500,5279400
20130917,8.9500,9.2600,8.8000,9.2600,4046900
20130918,8.9500,9.1600,8.7400,8.9000,2808400
20130920,8.9500,8.9500,8.9500,8.9500,0
20130923,8.8800,9.0700,8.7000,8.9000,5698600
20130924,8.4900,8.8800,8.4600,8.8700,6532300
20130925,8.7200,8.7300,8.4500,8.4800,5454500
20130926,8.9700,9.1300,8.7000,8.7200,8979300
20130927,9.5000,9.6700,9.0100,9.0100,11912100
20130930,9.5500,9.7400,9.4000,9.4100,5168800
20131001,9.5500,9.5500,9.5500,9.5500,0
20131002,9.5500,9.5500,9.5500,9.5500,0
20131003,9.5500,9.5500,9.5500,9.5500,0
20131004,9.5500,9.5500,9.5500,9.5500,0
20131007,9.5500,9.5500,9.5500,9.5500,0
20131008,9.9700,10.0800,9.4600,9.7000,7521100
20131009,10.3900,10.4200,9.9000,9.9700,7345800
20131010,11.1500,11.3800,10.2000,10.4800,10430500
20131011,12.0000,12.2000,11.1600,11.1600,11595800
20131014,11.8800,12.0000,11.5100,12.0000,9410200
20131015,11.8900,11.8900,11.5800,11.7900,6784300
20131016,11.1000,11.8000,10.9100,11.8000,7490800
20131017,11.1900,11.4200,10.9500,11.1200,4478600
20131018,11.2100,11.4100,11.0500,11.2200,3831500
20131021,11.8800,11.9000,11.0500,11.0500,6650400
20131022,11.3900,12.2800,11.3500,11.8500,5885000
20131023,11.0700,11.4800,10.7200,11.3700,6086400
20131024,10.6800,11.0700,10.5700,11.0700,4238500
20131025,10.5000,10.8700,10.4000,10.7600,2931300
20131028,10.8400,10.9500,10.4300,10.4300,2907700
20131029,10.3500,10.9900,9.7600,10.8600,4277000
20131030,10.4800,10.6700,10.2200,10.3300,1990000
20131031,10.2000,10.4600,9.9500,10.4600,3539100
20131101,10.7500,10.8800,9.9600,10.0500,4680300
20131104,10.5100,10.8800,10.3000,10.8000,3279200
20131105,10.6100,10.7100,10.2300,10.4700,1818400
20131106,10.7500,10.9000,10.4600,10.5800,3192300
20131107,10.4800,10.8200,10.4800,10.6100,1790700
20131108,10.2800,10.5100,10.0200,10.3000,1986500
20131111,10.5300,10.5400,10.1400,10.1400,1292000
20131112,10.6200,10.6800,10.4000,10.5300,928300
20131113,10.5700,10.6800,10.4100,10.6200,1014000
20131114,10.3200,10.6100,10.1800,10.5600,2149300
20131115,10.3800,10.5200,9.9600,10.3000,3231300
20131118,10.8200,10.8400,10.3000,10.4100,5243400
20131119,10.7200,10.9300,10.6400,10.8700,3016800
20131120,10.5700,10.7800,10.4600,10.7300,2765500
20131121,10.5000,10.5500,10.3000,10.5000,1917600
20131122,10.4800,10.5500,10.3500,10.5000,1078400
20131125,10.8000,10.8400,10.2100,10.4300,3792200
20131126,10.4900,10.8000,10.3700,10.7600,3224100
20131127,10.4000,10.5500,10.2800,10.4000,2509000
20131128,10.4000,10.5200,10.3600,10.4200,3501400
20131129,10.3600,10.4900,10.2700,10.4100,3111200
20131202,9.3200,10.0700,9.3200,10.0500,7939800
20131203,9.4000,9.4700,8.8800,9.2500,4260500
20131204,9.4600,9.5200,9.3100,9.3900,2962600
20131205,9.3700,9.4500,9.3200,9.4100,1445200
20131206,9.2200,9.4400,9.1900,9.3600,2414800
20131209,9.4300,9.4600,9.2300,9.2300,1664800
20131210,9.3800,9.5500,9.3100,9.4300,1824400
20131211,9.3200,9.4000,9.2400,9.3500,1095200
20131212,9.4000,9.5300,9.2800,9.2800,1671800
20131213,9.4500,9.5200,9.3000,9.4000,1342800
20131216,9.3000,9.5000,9.1900,9.4400,1568400
20131217,9.1600,9.3600,9.0100,9.3400,1531200
20131218,10.0800,10.0800,9.1500,9.1500,8151200
20131219,10.5100,10.6200,10.2000,10.3000,10280600
20131220,10.0400,10.4400,9.8300,10.4400,5732500
20131223,9.9200,10.1500,9.6500,10.0800,3247600
20131224,9.9600,10.1600,9.8000,9.9400,2551500
20131225,10.4400,10.4500,9.8600,9.9800,4655500
20131226,10.1800,10.3800,10.1000,10.3700,2405500
20131227,10.3500,10.3700,10.0800,10.1000,2959000
20131230,10.3200,10.3900,10.2500,10.3500,2639900
20131231,9.9800,10.2900,9.8600,10.2000,2964700
20140101,9.9800,9.9800,9.9800,9.9800,0
20140102,9.9900,10.0500,9.9200,9.9800,1464800
20140103,10.1700,10.2400,9.9000,10.0300,3131600
20140106,9.5100,10.1400,9.4200,10.1400,3640800
20140107,9.3500,9.5000,9.2800,9.5000,1545500
20140108,9.3900,9.4800,9.3500,9.3500,1212000
20140109,9.2000,9.4400,9.1800,9.3900,1192400
20140110,9.0500,9.2700,8.5000,9.2000,3020900
20140113,9.0000,9.1500,8.8000,8.9600,1127800
20140114,9.2000,9.2000,8.8900,8.9800,1008200
20140115,9.2000,9.2900,9.1200,9.2400,886900
20140116,9.2700,9.3700,9.1500,9.2000,956500
20140117,9.1900,9.2500,8.9200,9.1800,1763300
20140120,9.1000,9.2100,8.9500,9.1300,910500
20140121,9.3000,9.3900,8.8500,8.8900,2052800
20140122,9.4800,9.5700,9.2400,9.3000,1873700
20140123,9.3000,9.5200,9.3000,9.5000,2593800
20140124,9.3800,9.4600,9.2400,9.2500,1929800
20140127,9.5700,9.5800,9.2400,9.3100,3175500
20140128,9.5900,9.7400,9.5400,9.5400,2718200
20140129,9.9500,10.0600,9.5300,9.5600,3746500
20140130,9.8200,9.9700,9.6900,9.8300,1080400
20140131,9.8200,9.8200,9.8200,9.8200,0
20140203,9.8200,9.8200,9.8200,9.8200,0
20140205,9.8200,9.8200,9.8200,9.8200,0
20140206,9.8200,9.8200,9.8200,9.8200,0
20140207,9.8600,9.9800,9.7000,9.8100,2007400
20140210,10.3500,10.3600,9.8600,9.8600,4048100
20140211,10.4900,10.7600,10.1800,10.4000,5856400
20140212,10.7400,10.7400,10.3200,10.5700,4654100
20140213,10.6400,11.0400,10.5600,10.8100,7002500
20140214,10.7300,10.7700,10.4900,10.6500,4618700
20140217,10.5100,10.9000,10.3800,10.8000,8023400
20140218,10.5000,10.5300,10.3900,10.5000,4527300
20140219,10.3300,10.5900,10.2000,10.4900,3347700
20140220,10.0500,10.3600,9.9900,10.3300,4141200
20140221,10.1200,10.1900,10.0200,10.0500,1843600
20140224,10.1700,10.1800,9.8200,10.0500,3123500
20140225,9.8900,10.3200,9.8500,10.1700,2562000
