20130226,12.5200,12.7333,12.2667,12.5400,7631800
20130227,12.2333,12.6533,12.1333,12.6000,8168300
20130228,12.3000,12.4000,11.9333,12.2667,5762400
20130301,13.0000,13.0667,12.2933,12.2933,12533000
20130304,12.8400,13.3533,12.6000,12.9333,8552300
20130305,13.0867,13.1733,12.5533,12.8200,4150300
20130306,13.0800,13.2067,12.9400,13.0667,4051300
20130307,12.9800,13.3000,12.8667,13.1133,4852500
20130308,12.3000,13.2333,12.2933,12.9533,6779800
20130311,11.9600,12.3667,11.9333,12.2867,4310800
20130312,12.1200,12.2200,11.8000,12.0667,6245000
20130313,12.2400,12.3867,12.0733,12.2000,4534800
20130314,12.0600,12.2467,11.8000,12.2467,3710600
20130315,12.0333,12.3267,11.8067,11.9200,3586300
20130318,11.6933,12.0533,11.6000,11.8133,2730900
20130319,11.7867,11.8800,11.6667,11.6933,1959500
20130320,11.9667,11.9800,11.7333,11.8200,4717200
20130321,12.2667,12.4400,11.9400,11.9667,6543700
20130322,12.3200,12.3533,12.0667,12.2000,3306300
20130325,12.1600,12.3267,12.0733,12.3267,2671300
20130326,11.9267,12.1333,11.7533,12.0333,3348700
20130327,11.9867,12.0933,11.8133,11.9467,2136900
20130328,11.5333,11.9400,11.5267,11.9400,2287700
20130329,11.5467,11.7533,11.4733,11.4933,1471100
20130401,11.7267,11.7467,11.5133,11.7267,1798900
20130402,11.7133,11.9533,11.6000,11.7267,2391600
20130403,11.9467,11.9533,11.6133,11.7000,2106800
20130404,11.9467,11.9467,11.9467,11.9467,0
20130405,11.9467,11.9467,11.9467,11.9467,0
20130408,12.0000,12.0667,11.6333,11.7000,2354300
20130409,12.3667,12.3867,12.0667,12.0800,5996500
20130410,12.1133,12.3333,11.9800,12.1667,3413100
20130411,12.1200,12.2933,12.0800,12.0800,2136300
20130412,11.9267,12.2133,11.8333,12.1667,1759200
20130415,11.8733,11.9000,11.7333,11.8667,1480500
20130416,11.7400,11.8600,11.5467,11.7333,4008700
20130417,12.0667,12.1133,11.7067,11.7133,3687600
20130418,12.3133,12.3867,11.9467,12.0267,5575100
20130419,12.5467,12.5867,12.2067,12.2600,5717600
20130422,12.6667,12.8333,12.4133,12.5000,8126400
20130423,12.0867,12.6600,12.0667,12.6600,4926200
20130424,12.5400,12.7000,12.0800,12.0867,5617800
20130425,12.4333,12.6667,12.2333,12.6000,3731000
20130426,12.4333,12.5267,12.2267,12.4333,2784600
20130429,12.4333,12.4333,12.4333,12.4333,0
20130430,12.4333,12.4333,12.4333,12.4333,0
20130501,12.4333,12.4333,12.4333,12.4333,0
20130502,12.8667,12.9200,12.3200,12.4133,5648100
20130503,12.8267,13.0267,12.7200,12.8600,6806000
20130506,12.9400,13.0467,12.6533,12.8000,6531100
20130507,12.5267,12.9867,12.5133,12.9533,4824600
20130508,12.7667,12.9000,12.4667,12.5000,4203600
20130509,12.4067,12.7600,12.1067,12.7600,8470500
20130510,11.9800,12.3733,11.9600,12.3000,6250800
20130513,12.1200,12.2000,11.9800,11.9800,4021400
20130514,12.4933,12.5000,12.2267,12.2733,7002300
20130515,12.3333,12.4533,12.0000,12.2800,3115800
20130516,12.2733,12.4533,12.1333,12.3333,3738400
20130517,12.6000,12.6467,12.2533,12.2533,6516400
20130520,12.8667,13.1000,12.7467,12.8667,8787200
20130521,12.9933,13.0000,12.7000,12.8067,7156300
20130522,12.5600,13.3067,12.5333,13.0333,9604100
20130523,12.3333,12.6133,12.2000,12.6000,6183300
20130524,12.5933,12.6400,12.3067,12.4667,4178400
20130527,12.8900,12.9500,12.4100,12.6000,6489600
20130528,12.7600,12.9300,12.6300,12.9000,4325900
20130529,13.1800,13.3500,12.7800,12.8800,8746200
20130530,13.1600,13.2800,12.9400,13.1400,4981500
20130531,13.0100,13.6500,12.9700,13.5800,8905400
20130603,12.5100,13.0000,12.4900,12.9000,7110900
20130604,12.6200,12.6800,12.4000,12.5800,3643200
20130605,12.3100,12.6200,12.0900,12.6200,5482000
20130606,11.8100,12.3600,11.7200,12.2800,4878200
20130607,11.9300,12.0400,11.4800,11.7900,3388300
20130610,11.9300,11.9300,11.9300,11.9300,0
20130611,11.9300,11.9300,11.9300,11.9300,0
20130612,11.9300,11.9300,11.9300,11.9300,0
20130613,11.4400,11.8500,11.2400,11.8400,2147600
20130614,11.5300,11.6800,11.4500,11.5800,2644500
20130617,11.2100,11.5700,11.1000,11.5000,3934700
20130618,11.5200,11.5500,11.1500,11.2100,3131000
20130619,11.2500,11.4200,11.1400,11.4200,2412100
20130620,11.0700,11.3900,10.9800,11.2000,2470000
20130621,11.0700,11.1300,10.5700,10.9000,4386800
20130624,10.2800,10.9600,10.0900,10.9600,3157600
20130625,9.9500,10.4600,9.3800,10.3600,5420600
20130626,10.1600,10.1800,9.7500,10.0100,3961900
20130627,10.2500,10.7300,10.2200,10.4100,6181100
20130628,10.9200,11.0500,9.8900,10.1500,7507600
20130701,11.0400,11.1400,10.6000,10.8400,5171800
20130702,11.1000,11.1300,10.7200,11.0700,4805500
20130703,10.7500,11.0500,10.5000,11.0000,3414000
20130704,10.7100,11.0500,10.3500,10.3500,3891800
20130705,10.7000,10.8500,10.6300,10.7500,3278500
20130708,10.4400,11.0500,10.1100,10.4000,4460000
20130709,10.4200,10.6200,10.2500,10.3200,1665800
20130710,10.8100,10.8500,10.4200,10.5000,2833900
20130711,11.3200,11.3300,10.9500,10.9500,6781400
20130712,11.1800,11.5500,11.0500,11.4800,6658200
20130715,10.8300,10.9200,10.5000,10.8900,8131100
20130716,10.9300,11.1600,10.7000,10.7400,6417100
20130717,10.3900,11.0000,10.3600,10.8600,6965800
20130718,10.3900,10.4800,10.2600,10.4000,4925800
20130719,11.3500,11.4300,10.2800,10.3600,15135600
20130722,11.3500,11.3500,11.3500,11.3500,0
20130723,11.3500,11.3500,11.3500,11.3500,0
20130724,11.3500,11.3500,11.3500,11.3500,0
20130725,11.3500,11.3500,11.3500,11.3500,0
20130726,11.3500,11.3500,11.3500,11.3500,0
20130729,10.8200,11.0700,10.3800,11.0000,5239200
20130730,10.8000,11.1400,10.3600,10.8900,4581300
20130731,10.7900,11.2500,10.7300,10.8400,4046400
20130801,11.1800,11.5300,10.9100,10.9200,6434300
20130802,11.0700,11.4000,10.9600,11.1300,5456000
20130805,11.4100,11.6100,11.0000,11.0200,8411200
20130806,11.4800,11.6400,11.1900,11.5200,7670500
20130807,11.6000,11.8700,11.3000,11.4500,8667900
20130808,12.0400,12.1700,11.4500,11.5100,10095200
20130809,11.9700,12.0900,11.7500,12.0400,5775200
20130812,12.0100,12.2300,11.9000,11.9100,6272900
20130813,11.9600,12.0600,11.7700,12.0200,3880300
20130814,12.2300,12.4000,11.8800,11.9000,7327900
20130815,11.7500,12.0500,11.7500,12.0000,6227500
20130816,11.3200,11.8100,11.3000,11.7500,4254700
20130819,11.4800,11.4900,11.0300,11.2500,2817100
20130820,11.5800,11.6500,11.4000,11.4800,2633500
20130821,11.5100,11.6600,11.2600,11.6000,3403500
20130822,11.2900,11.5600,11.2600,11.5300,2247400
20130823,11.0700,11.4100,10.8000,11.3500,4492600
20130826,11.4200,11.4500,11.0000,11.1400,3649300
20130827,11.3400,11.4800,11.2500,11.4800,2358900
20130828,11.0400,11.2500,10.9700,11.2400,4068800
20130829,11.1800,11.2300,11.0000,11.0100,2082200
20130830,11.9300,12.2200,11.0000,11.1400,14629400
20130902,11.6400,11.9000,11.4200,11.9000,5766800
20130903,12.1800,12.2500,11.7200,11.7600,8925100
20130904,12.0500,12.1800,11.9500,12.1800,4731100
20130905,11.7400,12.1300,11.6000,12.0300,5522600
20130906,11.6600,11.7800,11.5900,11.7200,2942500
20130909,11.9800,12.1200,11.7800,11.8200,6240100
20130910,11.9300,12.0300,11.7500,11.9700,3450700
20130911,12.2600,12.5300,11.8300,11.9700,8694300
20130912,12.2400,12.4300,12.0900,12.3000,4865100
20130913,11.9400,12.3500,11.9100,12.3000,3151100
20130916,11.8500,11.9800,11.7200,11.9500,2311000
20130917,11.8000,12.0300,11.7400,11.8700,1973600
20130918,12.0500,12.2200,11.8500,11.8800,3803300
20130920,12.0500,12.0500,12.0500,12.0500,0
20130923,12.2300,12.4400,12.1100,12.2200,4777000
20130924,12.0600,12.2900,11.9000,12.2400,3974400
20130925,11.9200,12.0500,11.8900,12.0500,2623100
20130926,11.7500,11.9200,11.6300,11.9200,2470600
20130927,11.6000,11.7800,11.5900,11.7700,2164600
20130930,11.7600,11.8300,11.5300,11.7700,1528400
20131001,11.7600,11.7600,11.7600,11.7600,0
20131002,11.7600,11.7600,11.7600,11.7600,0
20131003,11.7600,11.7600,11.7600,11.7600,0
20131004,11.7600,11.7600,11.7600,11.7600,0
20131007,11.7600,11.7600,11.7600,11.7600,0
20131008,12.2100,12.2600,11.8500,11.8500,4959800
20131009,12.1500,12.3300,12.0700,12.1700,3195100
20131010,11.9000,12.1200,11.7900,12.1100,3414600
20131011,11.9200,12.0400,11.8500,11.9000,2634200
20131014,13.1100,13.1100,11.9000,11.9000,13210200
20131015,13.7000,13.9700,12.8300,13.3400,20377100
20131016,13.4000,13.6500,13.2200,13.5300,9602900
20131017,13.7500,13.8400,13.1800,13.4000,11021200
20131018,13.4700,13.7000,13.1000,13.6000,5289700
20131021,13.7400,14.2400,13.2500,13.4700,8415100
20131022,13.7500,14.1800,13.4200,13.6700,8283100
20131023,13.2000,13.8400,13.0500,13.7000,5761500
20131024,13.0200,13.2400,12.7600,13.2000,3239600
20131025,13.0500,13.2400,12.7000,12.9000,3411400
20131028,12.7200,13.2800,12.6200,13.0500,3100600
20131029,12.2000,12.7400,11.7800,12.6000,6023000
20131030,12.6000,12.7200,12.2000,12.2600,4408500
20131031,12.9900,13.0300,12.3500,12.6000,4784400
20131101,12.8100,13.0900,12.6800,12.9600,2921700
20131104,12.8500,13.0800,12.7300,13.0000,2336700
20131105,13.2000,13.2300,12.7000,12.8200,3007900
20131106,12.6000,13.2000,12.6000,13.2000,3701000
20131107,12.2800,12.6500,12.2000,12.6100,2880800
20131108,12.0800,12.3400,11.9900,12.2000,1438400
20131111,12.1700,12.3900,12.0000,12.0800,1742200
20131112,12.5200,12.5500,12.0500,12.1700,2150900
20131113,12.2500,12.5200,12.1800,12.4400,2177700
20131114,12.3200,12.3900,12.1100,12.1800,1956300
20131115,12.5200,12.6700,12.3200,12.3200,2437800
20131118,12.8100,12.9400,12.4700,12.4700,3522200
20131119,12.9000,12.9900,12.6600,12.8000,2641700
20131120,13.1300,13.3400,12.7000,12.9000,3931200
20131121,12.7600,13.0400,12.6600,13.0400,3738100
20131122,12.8000,12.8600,12.6800,12.7300,2235000
20131125,13.5100,14.0000,13.4000,13.4100,12597100
20131126,13.9500,14.3500,13.2700,13.4000,15630000
20131127,13.7000,13.8500,13.5000,13.8500,7577900
20131128,13.7000,13.8400,13.6300,13.7800,5180000
20131129,13.6000,13.7800,13.2700,13.7700,7782100
20131202,12.7600,13.3500,12.3500,13.2800,6303700
20131203,12.9300,13.0500,12.4200,12.5300,2909600
20131204,13.2100,13.2500,12.8400,12.8400,4316600
20131205,13.0400,13.1700,12.9700,13.1000,2419600
20131206,12.8200,13.1100,12.8200,13.0000,2471100
20131209,13.3200,13.3900,13.0100,13.0200,4267300
20131210,13.0100,13.5800,13.0000,13.5800,4104100
20131211,12.7800,13.1800,12.6700,13.1100,2756100
20131212,13.1400,13.1700,12.7300,12.7700,3315800
20131213,13.4000,13.9400,13.3700,13.3900,6680900
20131216,13.4200,13.7000,13.2600,13.6900,3756300
20131217,13.1500,13.5900,13.1100,13.4300,2997400
20131218,13.1300,13.2600,13.0100,13.1300,1613800
20131219,13.2900,13.4900,13.1800,13.2800,2637300
20131220,12.9300,13.3300,12.8500,13.1800,2458100
20131223,12.4900,12.9500,12.3500,12.9400,3031200
20131224,12.4400,12.8500,12.3800,12.5700,2574900
20131225,12.7900,12.8700,12.4600,12.4600,2254400
20131226,12.4000,12.8400,12.4000,12.7700,2059700
20131227,12.6000,12.6500,12.4100,12.4800,2248800
20131230,12.7300,12.7600,12.5500,12.6200,1779700
20131231,12.7000,12.8400,12.4900,12.6500,1455800
20140101,12.7000,12.7000,12.7000,12.7000,0
20140102,12.8100,12.8700,12.6200,12.6200,2147100
20140103,12.5000,12.7800,12.4000,12.7100,2209000
20140106,12.2100,12.6000,12.2000,12.4800,1639900
20140107,12.2600,12.3900,12.0200,12.1600,1397700
20140108,12.3600,12.4300,12.2200,12.2600,1334200
20140109,11.8900,12.3800,11.8900,12.3800,1726300
20140110,11.4400,11.8500,11.0600,11.8500,3183100
20140113,11.0800,11.4900,10.8800,11.3600,2889900
20140114,11.2500,11.3400,11.0100,11.0700,1446200
20140115,11.5300,11.7300,11.3700,11.3900,2133600
20140116,11.3700,11.5700,11.3200,11.4500,1913700
20140117,11.1900,11.4200,11.0000,11.3900,1761000
20140120,10.7900,11.2100,10.6800,11.1900,2878200
20140121,10.7900,11.0700,10.7500,10.9400,3597800
20140122,11.0900,11.1400,10.7900,10.8300,4113200
20140123,11.3200,11.4600,11.0500,11.1100,3328100
20140124,11.4200,11.6000,11.2100,11.3200,3332600
20140127,11.3800,11.4800,11.2600,11.3900,1964900
20140128,11.3900,11.5500,11.2400,11.4600,1411300
20140129,11.4300,11.4800,11.3100,11.4400,1659000
20140130,11.0600,11.4500,11.0300,11.4300,2769500
20140131,11.0600,11.0600,11.0600,11.0600,0
20140203,11.0600,11.0600,11.0600,11.0600,0
20140205,11.0600,11.0600,11.0600,11.0600,0
20140206,11.0600,11.0600,11.0600,11.0600,0
20140207,11.2900,11.3000,10.9000,10.9000,1511300
20140210,11.6400,11.6800,11.2500,11.3200,2808100
20140211,11.6300,11.8000,11.5000,11.6500,3851000
20140212,11.8600,11.8700,11.5700,11.5700,3132100
20140213,12.1400,12.6500,11.9600,12.0000,12076000
20140214,12.3100,12.6500,12.1500,12.1800,6437600
20140217,12.7300,12.9500,12.3500,12.3500,7749900
20140218,12.7000,13.1100,12.5100,12.9200,8830500
20140219,13.0500,13.0500,12.5700,12.7100,6537500
20140220,12.6600,13.4000,12.6400,13.3500,7089800
20140221,12.5800,12.9100,12.4100,12.4100,2914400
20140224,12.3200,12.6100,12.0500,12.6100,5374000
20140225,12.0200,12.4800,11.9100,12.3200,5505100
