20130226,11.4900,11.6700,11.3200,11.4500,3769700
20130227,11.7300,11.8500,11.3700,11.4500,4341300
20130228,12.1000,12.1000,11.6500,11.6500,5377500
20130301,12.0900,12.4000,11.9600,12.0200,7225200
20130304,11.9200,12.0000,11.7000,11.7800,5021500
20130305,12.2000,12.2200,11.7500,11.7500,4479300
20130306,12.6000,12.8800,11.9800,12.1800,9088600
20130307,13.0900,13.1100,12.2800,12.4100,5560100
20130308,14.2000,14.4000,12.8100,13.0300,14894900
20130311,14.6500,14.7800,13.3000,13.8000,12555200
20130312,14.5500,14.9400,13.9200,14.7100,13660700
20130313,13.1000,13.8900,13.1000,13.6500,9557600
20130314,12.4500,12.8200,12.1200,12.2800,8892500
20130315,12.0000,12.5000,12.0000,12.3300,6749000
20130318,11.7900,12.1000,11.7600,11.8000,3955600
20130319,11.9600,11.9700,11.6200,11.8900,3825700
20130320,12.2100,12.2400,11.8500,12.0000,3986800
20130321,12.4500,12.5000,12.0800,12.2300,5032500
20130322,12.1200,12.4700,12.0200,12.4500,4032300
20130325,11.8200,12.1600,11.7100,12.0300,3292200
20130326,11.9500,11.9800,11.4600,11.7200,3121600
20130327,11.8400,12.0300,11.8000,11.8700,2018200
20130328,11.1500,11.7800,11.1000,11.7800,3043700
20130329,10.9300,11.3600,10.9300,11.2200,2270600
20130401,11.2000,11.2400,10.7500,10.8300,1777800
20130402,11.0100,11.3400,10.9800,11.1900,1292500
20130403,11.1900,11.3100,10.9100,11.0800,1699900
20130404,11.1900,11.1900,11.1900,11.1900,0
20130405,11.1900,11.1900,11.1900,11.1900,0
20130408,11.0100,11.0600,10.6800,11.0200,1783800
20130409,11.3800,11.4500,11.0100,11.0200,2040700
20130410,11.2300,11.5700,11.0800,11.5700,2064400
20130411,11.0100,11.3900,11.0100,11.1800,1283400
20130412,10.7500,11.0800,10.7400,11.0100,1247500
20130415,10.5000,10.7600,10.3700,10.7600,1534500
20130416,10.6300,10.7100,10.3100,10.3600,1030700
20130417,10.6700,10.7200,10.5100,10.6100,1051800
20130418,10.9700,10.9800,10.5500,10.5700,1851300
20130419,11.0800,11.1700,10.9000,10.9400,1859600
20130422,11.1400,11.1700,10.8700,10.8700,1387400
20130423,10.3700,11.0800,10.3000,11.0800,2958700
20130424,10.5200,10.5700,10.3300,10.3400,1635600
20130425,10.1600,10.5000,10.1600,10.5000,1708000
20130426,10.1100,10.3500,10.0800,10.1600,973300
20130429,10.1100,10.1100,10.1100,10.1100,0
20130430,10.1100,10.1100,10.1100,10.1100,0
20130501,10.1100,10.1100,10.1100,10.1100,0
20130502,10.1800,10.2000,9.9100,10.0900,612900
20130503,10.3300,10.4500,10.1800,10.2500,1136800
20130506,10.4900,10.5900,10.3300,10.4100,1282800
20130507,11.0300,11.0500,10.5000,10.5000,3245600
20130508,11.0300,11.1000,10.8000,11.1000,2273700
20130509,11.1500,11.2100,10.8600,10.9300,2313200
20130510,11.0800,11.2000,10.8800,11.0900,1870500
20130513,10.9900,11.1600,10.9300,11.0600,1267300
20130514,11.3800,11.4500,10.9100,10.9800,3672400
20130515,11.7900,11.7900,11.2500,11.2500,4278400
20130516,11.5500,11.9200,11.4100,11.6000,3687700
20130517,11.6600,11.7300,11.4200,11.5200,2261100
20130520,12.0400,12.3200,11.6700,11.6800,4295600
20130521,12.2800,12.3800,11.8600,12.0600,4106100
20130522,11.6800,12.2100,11.6500,12.2100,3897800
20130523,11.2700,11.5600,11.2100,11.5100,3818000
20130524,11.5300,11.6400,11.2500,11.2700,2295600
20130527,11.7400,11.7500,11.4800,11.5000,2213000
20130528,11.5700,11.8500,11.4600,11.8500,2097400
20130529,11.7500,11.7500,11.4100,11.6000,2498400
20130530,11.7500,11.8500,11.6000,11.6600,2040000
20130531,11.7200,11.8700,11.6100,11.7500,1805100
20130603,11.5000,11.7900,11.5000,11.7100,1499700
20130604,10.8800,11.6500,10.8000,11.6500,2440600
20130605,10.7300,11.0000,10.5000,10.9500,1539300
20130606,10.4000,10.7400,10.4000,10.6200,1133700
20130607,10.3800,10.5500,10.1800,10.3900,1163200
20130610,10.3800,10.3800,10.3800,10.3800,0
20130611,10.3800,10.3800,10.3800,10.3800,0
20130612,10.3800,10.3800,10.3800,10.3800,0
20130613,10.0500,10.3000,9.9100,10.3000,902300
20130614,10.2600,10.3200,10.0600,10.1000,806500
20130617,10.7600,10.9800,10.4100,10.4100,2797700
20130618,10.7500,11.0900,10.7300,10.8000,2041300
20130619,10.9400,10.9400,10.5100,10.7000,1652400
20130620,10.4000,11.0400,10.4000,10.8000,1423600
20130621,10.1700,10.2900,9.7000,10.2000,1256400
20130624,9.6200,10.3700,9.5300,10.1800,1309500
20130625,9.6500,9.7000,8.8200,9.4600,1648400
20130626,9.8700,9.9000,9.4700,9.6600,1420800
20130627,9.3600,9.9400,9.3300,9.8500,1627300
20130628,9.2600,9.5400,9.1000,9.1500,1155900
20130701,9.5400,9.9000,9.1800,9.2000,815900
20130702,9.6900,9.7100,9.4400,9.5800,1043600
20130703,9.6200,9.6800,9.2500,9.6800,1046900
20130704,9.7500,9.9500,9.4100,9.5500,1673100
20130705,9.5600,9.8200,9.5400,9.7000,1141000
20130708,8.9000,9.5000,8.8000,9.5000,1143500
20130709,8.9400,9.0100,8.8600,8.9000,722600
20130710,9.2500,9.2600,8.9000,9.0800,1091700
20130711,9.5400,9.6500,9.2400,9.3000,1200400
20130712,9.4700,9.6900,9.4100,9.5600,904300
20130715,9.7200,9.7400,9.4900,9.5600,1152300
20130716,10.3700,10.3800,9.9500,9.9500,3615000
20130717,10.1500,10.4500,10.1100,10.2900,2239400
20130718,10.1500,10.1500,10.1500,10.1500,0
20130719,10.1100,10.4700,10.1000,10.3800,2218900
20130722,10.1100,10.1100,9.8600,9.8700,1552300
20130723,10.6000,10.6500,10.1500,10.1500,1796300
20130724,10.7000,10.7600,10.3600,10.6000,1670900
20130725,10.4100,10.6900,10.3700,10.5000,1636200
20130726,10.3000,10.4700,10.1700,10.2200,776200
20130729,10.6200,10.9400,10.4300,10.4500,2724600
20130730,10.4000,10.6300,10.0000,10.5000,1594300
20130731,10.3900,10.5000,10.2500,10.3500,972200
20130801,10.6700,10.7600,10.2900,10.3900,1704200
20130802,11.0600,11.3000,10.7000,10.7000,2901800
20130805,11.1400,11.3300,10.9800,11.0100,1632600
20130806,11.0600,11.1600,10.9100,11.1600,1559300
20130807,11.6300,11.9400,11.0200,11.0800,5108100
20130808,11.5800,11.6800,11.2900,11.5700,2048700
20130809,11.7300,12.1800,11.4400,11.9000,2902900
20130812,11.6300,11.8000,11.4800,11.7300,1885300
20130813,11.5100,11.6500,11.3300,11.6300,1685100
20130814,11.3900,11.5600,11.3400,11.5100,1581500
20130815,11.6700,11.7500,11.4000,11.4000,2408200
20130816,11.0000,11.6600,10.9000,11.5700,2304600
20130819,11.2800,11.4400,10.7500,10.9000,1617600
20130820,11.2300,11.4500,11.1300,11.2000,934000
20130821,11.2600,11.2800,11.0600,11.2000,902400
20130822,11.4800,11.6400,11.1800,11.1800,2032900
20130823,11.4000,11.8000,10.5000,11.6400,2372600
20130826,11.6400,11.6600,11.3500,11.3500,1772300
20130827,11.5800,11.6400,11.4100,11.6200,1271600
20130828,11.2400,11.4800,11.1200,11.4600,1646400
20130829,11.1300,11.3100,10.9800,11.2300,1440700
20130830,11.2600,11.4500,11.0100,11.1200,1926800
20130902,12.3900,12.3900,12.0000,12.0000,6030100
20130903,12.7600,13.3500,12.5800,12.8200,12849000
20130904,13.2700,13.7400,12.4200,12.5200,9776000
20130905,13.0300,13.7800,12.8600,12.9800,7645900
20130906,12.9600,13.2500,12.8600,12.9100,4487500
20130909,12.8600,13.0000,12.5800,12.9000,3650000
20130910,13.3200,13.3400,12.7900,12.8600,4294500
20130911,12.7800,13.5000,12.6600,13.3200,3630800
20130912,12.5800,12.8700,12.3400,12.6800,2708100
20130913,12.5000,12.6500,12.3300,12.3800,1924500
20130916,12.8400,12.8400,12.4300,12.5500,1852700
20130917,12.4000,12.8800,12.3900,12.8000,1578800
20130918,12.9600,12.9800,12.3000,12.4000,2504400
20130920,12.9600,12.9600,12.9600,12.9600,0
20130923,13.3100,13.4400,12.8100,13.0500,3367300
20130924,13.2100,13.3100,12.9500,13.2900,2474900
20130925,13.4000,13.7200,13.1300,13.1500,3398300
20130926,12.8000,13.3900,12.7500,13.3000,2117700
20130927,13.3600,13.4800,12.8300,12.9200,2468500
20130930,13.6600,14.1900,13.6000,13.6100,3560600
20131001,13.6600,13.6600,13.6600,13.6600,0
20131002,13.6600,13.6600,13.6600,13.6600,0
20131003,13.6600,13.6600,13.6600,13.6600,0
20131004,13.6600,13.6600,13.6600,13.6600,0
20131007,13.6600,13.6600,13.6600,13.6600,0
20131008,14.2400,14.2900,13.3000,13.5400,4228600
20131009,14.2400,14.2800,13.8800,14.2500,2450100
20131010,14.1000,14.5500,13.8000,14.0300,2892200
20131011,14.2000,14.3200,13.9400,14.0900,2242600
20131014,14.0100,14.2900,13.8100,14.2900,2240200
20131015,13.7000,14.0200,13.4800,14.0000,2062600
20131016,13.3700,13.6500,13.3500,13.5700,1727400
20131017,13.1300,13.7600,13.1000,13.4100,1657700
20131018,13.2600,13.4700,13.0600,13.0600,1235600
20131021,14.0600,14.1500,13.2600,13.3500,2411400
20131022,15.4700,15.4700,14.0100,14.0100,8957600
20131023,16.3300,16.8000,15.5500,15.7000,8305800
20131024,16.1300,16.7900,15.7000,16.1500,5238700
20131025,15.7400,16.7100,15.6000,15.9400,4874900
20131028,15.5000,16.2400,14.9400,15.8100,5149700
20131029,16.1500,16.6200,14.8400,15.5000,5478500
20131030,16.7700,17.0600,15.2800,16.0100,6149900
20131031,17.3700,18.4500,16.4000,16.4000,10351800
20131101,17.9600,18.1300,16.0000,17.3700,5586500
20131104,17.0500,18.6600,17.0000,17.7800,6398700
20131105,16.8000,17.5400,16.6200,16.9100,6345800
20131106,17.6500,17.8700,16.6600,16.8000,4898100
20131107,16.9000,17.5300,16.8100,17.5000,2663200
20131108,16.3000,16.7800,15.8000,16.7800,3025500
20131111,16.5000,16.9200,16.0100,16.2900,1881000
20131112,17.3800,17.4800,16.5500,16.5500,3425900
20131113,16.5600,17.2500,16.2000,17.1700,2626000
20131114,16.8700,16.9800,16.2300,16.4000,1514200
20131115,17.2100,18.1000,16.8200,16.8200,3616200
20131118,18.0100,18.0800,16.9500,16.9500,3303300
20131119,18.0900,18.3700,17.6000,18.0100,2716800
20131120,18.4200,18.4500,17.9500,18.0900,1893600
20131121,19.6300,19.8200,18.0100,18.4300,4103500
20131122,19.4500,19.8500,19.2100,19.6800,2371700
20131125,19.2000,19.6600,18.6000,19.3000,1965600
20131126,19.0100,19.3700,18.7300,19.1200,2219900
20131127,19.1500,19.4500,18.9200,19.0500,1994900
20131128,19.3200,19.3500,18.7200,19.1400,2237600
20131129,19.8000,19.9700,19.0000,19.3200,2615100
20131202,18.1800,19.4000,17.8800,19.0000,3176500
20131203,18.9700,19.1400,18.1000,18.1000,1353500
20131204,18.3600,19.0600,18.2000,18.9400,2515900
20131205,18.2400,18.6700,18.0100,18.0100,1655200
20131206,18.2800,18.5700,18.0300,18.2000,1155200
20131209,18.0900,18.3800,17.9300,18.2800,1942500
20131210,17.4000,18.2600,17.3100,18.1100,1895300
20131211,17.5500,17.7600,17.2000,17.2000,794900
20131212,18.0000,18.2600,17.3600,17.7000,1158200
20131213,18.0200,18.3500,17.7600,17.7600,740400
20131216,18.1500,18.4100,17.8000,17.8500,799400
20131217,18.1200,18.3300,17.8800,18.1600,762100
20131218,17.7000,18.1900,17.6500,18.1000,670900
20131219,16.9000,17.7900,16.7000,17.6000,1726300
20131220,16.9800,17.5400,16.6900,16.6900,744700
20131223,16.7900,17.2900,16.5100,16.9900,1165100
20131224,17.3500,17.4600,16.9700,16.9700,758800
20131225,18.4500,18.4500,17.3000,17.3800,1391200
20131226,18.1700,18.6000,17.8800,18.4500,1000600
20131227,18.9000,19.0000,18.2200,18.6200,1938000
20131230,18.9000,18.9000,18.9000,18.9000,0
20131231,18.9000,18.9000,18.9000,18.9000,0
20140101,18.9000,18.9000,18.9000,18.9000,0
20140102,18.8700,19.1000,18.2900,19.0100,2909600
20140103,19.9600,20.5800,18.8700,18.8900,4192100
20140106,21.2000,21.4900,20.0100,20.0500,4372200
20140107,22.4000,22.6800,20.5200,20.8000,5500000
20140108,22.3800,22.7100,21.6800,22.1700,3530500
20140109,22.7000,23.6900,22.0800,22.0800,3442300
20140110,22.9500,23.2600,22.3500,22.9800,1715300
20140113,23.0500,24.0600,22.3100,22.8200,2517800
20140114,23.2100,23.6600,22.5100,22.8200,1993300
20140115,24.1500,24.2000,22.7600,23.1200,2160200
20140116,23.7900,24.2900,23.6700,23.9900,1596500
20140117,23.7900,24.1600,23.4000,23.9200,1259500
20140120,23.0000,23.7900,22.5700,23.7000,1354200
20140121,22.9900,23.0000,22.5700,23.0000,822700
20140122,25.2900,25.2900,22.8800,22.8800,3683000
20140123,27.0000,27.4500,25.2800,25.2900,3839500
20140124,26.7900,27.1500,26.4000,26.8000,3817900
20140127,27.9000,28.1000,26.5500,26.7000,2528400
20140128,27.5100,28.2000,27.3000,28.2000,962500
20140129,27.9000,28.1500,27.2700,27.2700,1179000
20140130,29.5800,29.5800,28.0100,28.6800,1166100
20140131,29.5800,29.5800,29.5800,29.5800,0
20140203,29.5800,29.5800,29.5800,29.5800,0
20140205,29.5800,29.5800,29.5800,29.5800,0
20140206,29.5800,29.5800,29.5800,29.5800,0
20140207,29.4800,29.5700,28.6000,28.9000,856800
20140210,29.9000,30.1800,29.1500,29.5000,1620800
20140211,31.9700,31.9700,29.4000,30.1800,2421200
20140212,32.3000,34.5600,31.1000,31.9900,3618000
20140213,32.5000,33.5800,31.5000,32.2800,2022400
20140214,33.8900,33.9000,32.1100,32.3000,1376800
20140217,34.9000,34.9900,33.2900,33.9800,1779100
20140218,38.3900,38.3900,34.4000,34.4000,3463900
20140219,38.0000,39.5000,36.4000,38.8500,2189100
20140220,36.9000,39.4000,36.5600,37.5200,1911400
20140221,38.4000,38.6000,36.6000,36.6000,2142700
20140224,35.5000,38.7500,34.5600,38.5500,4989100
20140225,33.0500,35.0600,31.9500,34.9100,4555400
