20130226,12.2222,12.6111,12.1111,12.4444,13148900
20130227,12.4722,12.6778,12.1111,12.5556,9625100
20130228,12.8611,12.9167,12.3389,12.4722,14073900
20130301,13.7889,14.0444,12.8722,12.9889,20521200
20130304,13.4389,14.1389,13.0833,13.7222,24622100
20130305,13.2167,13.5000,12.6722,13.3500,17861500
20130306,13.1278,13.4167,13.0056,13.2500,13849700
20130307,12.8889,13.4889,12.7500,13.1833,12609800
20130308,12.5111,13.0222,12.4500,12.8889,9543200
20130311,12.7222,12.8889,12.5000,12.5333,7342900
20130312,12.8833,12.9444,12.1500,12.7778,15342700
20130313,12.6611,12.7667,12.4167,12.6667,5883600
20130314,12.7167,12.8556,12.6278,12.6722,5680900
20130315,13.0000,13.3278,12.5778,12.6889,12812500
20130318,13.2333,13.4167,13.0056,13.0278,14506700
20130319,13.2778,13.3222,12.9278,13.2722,8910800
20130320,13.5167,13.6556,13.2222,13.2444,11859500
20130321,13.6056,14.1833,13.3278,13.4278,16389800
20130322,13.4278,13.7111,13.2556,13.6000,7615300
20130325,13.5278,13.6889,13.2167,13.4333,7724700
20130326,13.1722,13.3611,13.0611,13.3444,6411900
20130327,12.9444,13.2889,12.8000,13.1889,6090100
20130328,12.6167,13.0333,12.5611,12.8222,6266100
20130329,12.8444,13.0444,12.6389,12.7722,5173000
20130401,13.4444,13.4889,12.8556,12.8611,8585800
20130402,13.2389,13.6889,13.1111,13.4722,6705700
20130403,12.7667,13.2444,12.6667,13.2444,5911500
20130404,12.7667,12.7667,12.7667,12.7667,0
20130405,12.7667,12.7667,12.7667,12.7667,0
20130408,12.7722,12.9167,12.1611,12.5944,6240000
20130409,12.8611,12.9167,12.7111,12.7111,2800800
20130410,12.5500,12.9222,12.4444,12.7833,3273300
20130411,12.5444,12.7667,12.5222,12.5889,2703700
20130412,12.4500,12.6389,12.4222,12.5167,1727900
20130415,12.6611,12.7778,12.2833,12.2833,3138000
20130416,12.7000,12.7500,12.4778,12.5556,3192400
20130417,12.9278,12.9389,12.6333,12.6556,4442200
20130418,13.2111,13.3278,12.8722,12.9611,7121800
20130419,13.2944,13.3444,13.0889,13.2222,9520500
20130422,13.4222,13.4722,13.0889,13.2167,6417700
20130423,12.7722,13.5444,12.5611,13.5444,10706500
20130424,13.0000,13.0444,12.4500,12.7722,9307900
20130425,12.9500,13.3056,12.6722,12.8389,8492300
20130426,12.4889,13.1556,12.3889,13.0556,8575400
20130429,12.4889,12.4889,12.4889,12.4889,0
20130430,12.4889,12.4889,12.4889,12.4889,0
20130501,12.4889,12.4889,12.4889,12.4889,0
20130502,12.4944,12.6778,12.2611,12.4889,5360400
20130503,12.8222,12.9389,12.5444,12.6389,5428900
20130506,13.3222,13.3889,12.8667,12.8667,10022700
20130507,14.0778,14.4889,13.3611,13.3611,23702500
20130508,14.5000,14.6944,13.8444,14.0278,16615200
20130509,15.5500,15.9389,14.4444,14.4444,21007700
20130510,15.2833,16.4722,15.0722,15.6667,17646900
20130513,15.6167,15.9944,15.0611,15.2833,11416800
20130514,15.0389,15.5333,14.8333,15.4444,9646800
20130515,15.8056,15.8056,14.9444,15.0833,11749500
20130516,15.5444,16.0444,15.4444,15.7000,12035900
20130517,16.1556,16.3611,15.1667,15.4167,10779200
20130520,16.6111,16.9333,16.2278,16.3222,13427300
20130521,16.7500,16.9722,16.1056,16.4444,11396700
20130522,15.9278,16.7222,15.8611,16.7222,11218500
20130523,16.0389,16.3167,15.8722,15.9556,7271100
20130524,16.2056,16.2444,15.8667,15.8667,6059900
20130527,17.0000,17.1111,16.3222,16.3222,12513300
20130528,16.5111,17.0056,16.2944,16.6667,11434100
20130529,16.6667,17.2222,16.5833,16.7333,10855600
20130530,16.8889,17.0444,16.6111,16.8611,9460000
20130531,17.9000,18.4444,16.6611,16.6611,17745900
20130603,17.7500,18.4556,17.5556,18.1111,13368000
20130604,16.6389,18.1111,16.2333,17.7556,20321900
20130605,16.3722,16.8056,16.0722,16.5389,11189400
20130606,15.5200,16.3000,15.3800,16.2100,9086700
20130607,15.1500,15.7400,14.9000,15.6500,6790600
20130610,15.1500,15.1500,15.1500,15.1500,0
20130611,15.1500,15.1500,15.1500,15.1500,0
20130612,15.1500,15.1500,15.1500,15.1500,0
20130613,15.5400,15.9000,14.4000,14.7500,15760300
20130614,16.2300,16.2900,15.2800,15.6900,14809100
20130617,16.3100,16.9700,16.2300,16.6800,18203300
20130618,16.1000,16.3600,15.7300,16.2000,10804100
20130619,16.8300,17.0800,15.6100,15.8900,16800000
20130620,15.6400,17.0600,15.5000,16.6500,16586000
20130621,15.8300,16.0900,14.9000,15.1000,11296800
20130624,14.5800,15.8200,14.3000,15.5600,13126000
20130625,15.2600,15.4400,13.2000,14.4500,15381200
20130626,16.2100,16.2500,15.1000,15.3000,16167800
20130627,15.8800,16.9800,15.8600,16.5100,20718600
20130628,16.2800,16.4700,15.4100,15.6200,10981100
20130701,17.3700,17.3700,16.2600,16.2600,22360600
20130702,17.6900,17.7800,17.0200,17.4600,22464500
20130703,17.5000,17.7000,16.8500,17.5000,18883900
20130704,16.9400,17.3200,16.7600,17.3000,16462300
20130705,16.5100,17.2300,16.5000,17.0500,13089200
20130708,15.5000,16.2200,15.3300,16.2000,12162400
20130709,15.7500,15.9200,15.3000,15.5000,7270500
20130710,16.8700,16.9200,15.6100,15.7300,14567400
20130711,16.9900,17.2900,16.5400,16.8000,19164500
20130712,17.1500,17.6000,16.8700,17.0800,21632500
20130715,17.4400,17.7500,17.2000,17.2900,18342800
20130716,17.6000,17.7200,17.1700,17.5000,15226500
20130717,16.7800,17.5800,16.7000,17.5800,17371400
20130718,16.9900,17.2500,16.5000,16.6500,11726000
20130719,17.5200,17.9900,16.7300,16.8900,35938400
20130722,19.2700,19.2700,17.5300,17.8000,49762700
20130723,19.4400,19.7300,18.7300,19.2000,48017400
20130724,20.5200,21.3000,18.9600,19.2500,38018200
20130725,19.3100,20.3800,19.3100,20.3500,28013900
20130726,19.6500,19.9300,18.8000,19.3200,26748000
20130729,18.9300,19.7700,18.9000,19.5000,15771400
20130730,18.9100,19.3300,17.8800,19.1500,16384400
20130731,19.7700,20.3000,19.0400,19.0400,24675500
20130801,20.5600,20.6000,19.7000,19.8700,23843100
20130802,20.0700,20.7800,20.0100,20.7100,18819200
20130805,20.3000,20.5000,19.8800,20.1000,13653400
20130806,20.3300,20.6800,20.1000,20.2600,14719400
20130807,19.5800,20.3900,19.5000,20.3300,19014900
20130808,19.4500,19.8500,19.3100,19.5600,11649700
20130809,19.7700,19.9900,19.3100,19.4800,11300800
20130812,19.9000,20.7700,19.8100,20.4800,23589400
20130813,19.8000,20.0800,19.7000,19.8000,10242500
20130814,19.5300,19.9400,19.4000,19.8400,11317200
20130815,18.8700,19.5100,18.8100,19.4100,12577500
20130816,18.7000,19.4100,18.5100,18.6500,11767400
20130819,19.1400,19.1800,18.3600,18.5300,8265500
20130820,19.2300,19.3000,18.9100,19.1500,7601900
20130821,19.7300,19.9000,19.1400,19.3500,15404400
20130822,19.4300,19.6500,19.3400,19.6500,8079000
20130823,19.7000,19.7800,18.9600,19.6000,12424400
20130826,19.8800,19.9000,19.5200,19.8500,11007700
20130827,19.6500,19.9700,19.5700,19.9000,9395800
20130828,18.8500,19.5500,18.8100,19.5500,14442500
20130829,18.7700,19.2000,18.7000,18.8700,7219200
20130830,18.0800,18.9900,17.8000,18.8300,12658100
20130902,18.4600,18.4700,17.7500,18.1200,8507600
20130903,18.6300,18.6500,18.3700,18.5000,6164900
20130904,18.3700,18.6500,18.2400,18.6300,6576300
20130905,18.9300,19.0900,18.2700,18.2700,13048900
20130906,18.8200,19.0800,18.4600,18.8300,9859400
20130909,19.4000,19.4800,18.5400,19.0000,19505800
20130910,20.2400,20.5000,19.6000,19.6000,31963300
20130911,19.7900,20.4500,19.5100,20.3600,16899700
20130912,19.3300,19.9900,19.2000,19.7600,14636000
20130913,19.5700,20.2800,19.5700,19.7800,16366000
20130916,19.3900,19.7500,19.2300,19.5000,9268300
20130917,19.4100,19.7300,19.3000,19.4200,7518600
20130918,19.6300,19.7300,19.2000,19.4300,9099000
20130920,19.6300,19.6300,19.6300,19.6300,0
20130923,20.3800,20.3900,19.7400,19.8500,21908100
20130924,20.9200,21.5000,20.2500,20.4000,26971100
20130925,20.1200,20.8800,20.0400,20.5000,17638900
20130926,19.9400,20.5000,19.9000,20.1400,10545200
20130927,20.2000,20.2700,19.9000,20.1100,7237000
20130930,20.8700,21.0400,20.3800,20.6900,14230700
20131001,20.8700,20.8700,20.8700,20.8700,0
20131002,20.8700,20.8700,20.8700,20.8700,0
20131003,20.8700,20.8700,20.8700,20.8700,0
20131004,20.8700,20.8700,20.8700,20.8700,0
20131007,20.8700,20.8700,20.8700,20.8700,0
20131008,21.8700,22.6800,21.3300,21.3300,25161500
20131009,22.7500,22.9300,21.4000,21.6800,24541400
20131010,22.4200,22.9200,22.1300,22.5800,16781700
20131011,22.4800,23.9500,22.2100,22.7000,24687700
20131014,24.7200,24.7300,22.0000,22.4700,28779800
20131015,25.3300,25.8000,24.3500,25.0000,39001500
20131016,25.7700,27.1000,24.2000,24.9000,33174600
20131017,26.6400,27.7000,25.4700,25.7700,32838700
20131018,26.0900,26.9700,25.6000,26.7100,20634500
20131021,27.6300,28.4000,26.0600,26.4900,30015300
20131022,26.9000,28.9300,26.8200,28.1000,35252200
20131023,26.1500,27.3300,25.6000,26.8000,20925700
20131024,24.8000,25.7900,24.1900,25.7900,15915300
20131025,25.4000,26.2800,24.8100,24.8100,18504700
20131028,25.0000,25.7100,24.2000,25.6500,10813000
20131029,23.6200,25.3200,22.8700,25.0000,18801300
20131030,24.2500,24.2500,23.6000,23.6400,11465100
20131031,23.3600,24.2500,23.0500,24.2500,8075400
20131101,22.4200,23.4400,21.9800,23.2700,11932500
20131104,23.8300,23.9800,22.9700,22.9700,15493000
20131105,25.0900,25.0900,23.4600,23.7900,16649000
20131106,24.7600,25.9900,24.4600,25.0900,20220300
20131107,25.3300,25.6500,24.6600,24.9900,17906200
20131108,26.0800,26.3500,25.0000,25.0100,21199500
20131111,25.1100,26.2100,24.8100,26.0800,12654600
20131112,25.4400,25.6900,24.5200,25.0000,13046500
20131113,24.4000,25.3800,24.4000,25.1300,8714900
20131114,24.1800,24.6100,23.4500,24.4800,11147300
20131115,25.2800,25.6500,24.3000,24.4800,16393200
20131118,25.6400,25.7500,25.1000,25.6200,14764000
20131119,25.9700,26.5500,25.4500,25.6700,14782100
20131120,25.9700,26.1500,25.3700,26.0800,11669600
20131121,25.3800,25.8800,25.1400,25.6800,10016700
20131122,25.1100,25.6900,25.0200,25.4300,7941800
20131125,24.9200,25.5700,24.8300,25.1500,7688400
20131126,24.4600,25.1900,24.3100,24.9200,8473900
20131127,25.3800,25.4300,24.2500,24.5000,11141600
20131128,25.0700,25.4600,24.9800,25.3600,9663300
20131129,25.1400,25.3900,24.7800,25.1700,9617700
20131202,22.7900,24.5000,22.7400,23.8200,19306400
20131203,23.1500,23.3900,21.6600,22.4500,15347900
20131204,23.4200,23.8500,23.3000,23.3100,12453100
20131205,23.8700,24.5800,23.6000,23.6000,12269600
20131206,23.7200,24.7000,23.6600,24.0000,10495200
20131209,24.0100,24.5700,23.7500,24.4500,10690000
20131210,23.3500,24.0900,23.3100,24.0700,10578700
20131211,23.3500,23.7000,23.1200,23.1500,7919600
20131212,23.1500,23.4900,23.1000,23.3800,5741800
20131213,22.7300,23.0700,22.6100,23.0500,7233000
20131216,23.2700,23.2900,22.2500,22.7500,11233900
20131217,22.7700,23.2700,22.7500,23.1000,4824100
20131218,22.5500,22.9000,22.3100,22.8500,3940000
20131219,22.4000,22.9000,22.4000,22.8900,4825100
20131220,22.1700,22.6200,22.0400,22.3800,4364200
20131223,22.1700,22.1700,22.1700,22.1700,0
20131224,22.1700,22.1700,22.1700,22.1700,0
20131225,22.1700,22.1700,22.1700,22.1700,0
20131226,22.1700,22.1700,22.1700,22.1700,0
20131227,22.1700,22.1700,22.1700,22.1700,0
20131230,22.1700,22.1700,22.1700,22.1700,0
20131231,22.1700,22.1700,22.1700,22.1700,0
20140101,22.1700,22.1700,22.1700,22.1700,0
20140102,22.1700,22.1700,22.1700,22.1700,0
20140103,22.1700,22.1700,22.1700,22.1700,0
20140106,22.1700,22.1700,22.1700,22.1700,0
20140107,22.1700,22.1700,22.1700,22.1700,0
20140108,22.1700,22.1700,22.1700,22.1700,0
20140109,22.1700,22.1700,22.1700,22.1700,0
20140110,22.1700,22.1700,22.1700,22.1700,0
20140113,22.1700,22.1700,22.1700,22.1700,0
20140114,22.1700,22.1700,22.1700,22.1700,0
20140115,22.1700,22.1700,22.1700,22.1700,0
20140116,22.1700,22.1700,22.1700,22.1700,0
20140117,22.1700,22.1700,22.1700,22.1700,0
20140120,22.1700,22.1700,22.1700,22.1700,0
20140121,22.1700,22.1700,22.1700,22.1700,0
20140122,22.1700,22.1700,22.1700,22.1700,0
20140123,22.1700,22.1700,22.1700,22.1700,0
20140124,22.1700,22.1700,22.1700,22.1700,0
20140127,22.1700,22.1700,22.1700,22.1700,0
20140128,22.1700,22.1700,22.1700,22.1700,0
20140129,22.1700,22.1700,22.1700,22.1700,0
20140130,22.1700,22.1700,22.1700,22.1700,0
20140131,22.1700,22.1700,22.1700,22.1700,0
20140203,22.1700,22.1700,22.1700,22.1700,0
20140205,22.1700,22.1700,22.1700,22.1700,0
20140206,22.1700,22.1700,22.1700,22.1700,0
20140207,22.1700,22.1700,22.1700,22.1700,0
20140210,22.1700,22.1700,22.1700,22.1700,0
20140211,22.1700,22.1700,22.1700,22.1700,0
20140212,22.1700,22.1700,22.1700,22.1700,0
20140213,22.1700,22.1700,22.1700,22.1700,0
20140214,22.1700,22.1700,22.1700,22.1700,0
20140217,22.1700,22.1700,22.1700,22.1700,0
20140218,22.1700,22.1700,22.1700,22.1700,0
20140219,22.1700,22.1700,22.1700,22.1700,0
20140220,22.1700,22.1700,22.1700,22.1700,0
20140221,22.1700,22.1700,22.1700,22.1700,0
20140224,22.1700,22.1700,22.1700,22.1700,0
20140225,22.1700,22.1700,22.1700,22.1700,0
