20130226,14.8100,14.8100,14.8100,14.8100,0
20130227,14.9000,15.4000,14.8000,15.4000,3140100
20130228,14.9800,15.3500,14.5900,14.5900,3744000
20130301,15.2800,15.4400,14.9300,15.0900,1762900
20130304,14.7800,15.2200,14.3800,15.2000,1963100
20130305,14.9000,14.9500,14.0600,14.6000,2999600
20130306,15.7800,15.9800,14.7700,14.8800,6043400
20130307,15.4400,16.1000,15.3700,15.8000,4313500
20130308,14.8000,15.7300,14.7000,15.4100,2374500
20130311,14.6400,15.0500,14.3200,14.6800,1571700
20130312,13.7800,14.9000,13.5800,14.5000,3483700
20130313,14.0000,14.1000,13.2700,13.7800,2271800
20130314,14.3500,14.4500,13.7800,13.8800,1624500
20130315,14.3500,14.7500,14.3100,14.3800,2150400
20130318,13.9500,14.3000,13.8500,14.2800,1023800
20130319,14.0000,14.2800,13.7000,13.7900,1394200
20130320,14.4300,14.5500,14.0000,14.0800,1336800
20130321,14.5900,14.7800,14.4300,14.4300,1291600
20130322,14.6100,14.8400,14.4200,14.6500,1561800
20130325,14.3300,14.7500,14.3000,14.6500,1437500
20130326,14.4200,14.5000,14.0700,14.0700,1560200
20130327,14.5900,14.7700,14.4000,14.4700,1587700
20130328,14.7000,15.1500,14.5500,15.1500,4969900
20130329,14.1200,15.0000,14.1200,14.9200,2566000
20130401,14.2700,14.4400,14.0200,14.0300,1384800
20130402,13.2600,14.3800,12.8800,14.2100,3579100
20130403,13.2700,13.6000,12.7500,13.2300,1904300
20130404,13.2700,13.2700,13.2700,13.2700,0
20130405,13.2700,13.2700,13.2700,13.2700,0
20130408,13.5400,13.6100,12.8900,13.1800,1634600
20130409,13.6300,13.7400,13.4100,13.4100,1366600
20130410,13.5000,13.8700,13.0000,13.6300,1826100
20130411,13.4200,13.5500,13.2100,13.4500,984800
20130412,13.2600,13.4200,13.0800,13.2000,837300
20130415,12.8200,13.2000,12.7600,13.1000,1401600
20130416,13.1200,13.2800,12.6000,12.7000,1108100
20130417,13.4000,13.4000,13.0200,13.2400,1532100
20130418,13.8700,13.9000,13.2200,13.3000,2372400
20130419,14.1200,14.1500,13.7500,13.9000,1689200
20130422,14.4000,14.4200,14.0000,14.1000,2092300
20130423,13.7500,14.3600,13.7500,14.1700,3149500
20130424,13.9500,14.1900,13.6100,13.7300,2343900
20130425,13.6900,14.1300,13.6600,13.9000,1838100
20130426,13.3300,14.1300,13.1400,13.6100,1917900
20130429,13.3300,13.3300,13.3300,13.3300,0
20130430,13.3300,13.3300,13.3300,13.3300,0
20130501,13.3300,13.3300,13.3300,13.3300,0
20130502,13.3400,13.4500,13.0500,13.1600,997900
20130503,13.9000,14.0900,13.5100,13.5300,2105400
20130506,14.5200,14.6100,13.8300,13.8800,3437900
20130507,14.3900,14.5900,14.2600,14.4800,1505900
20130508,14.8900,15.0000,14.4600,14.4600,3745100
20130509,15.3400,15.3500,14.8100,14.8100,4321200
20130510,15.2500,15.5500,14.8500,15.2600,2587400
20130513,15.1200,15.2800,14.7700,15.1600,2039100
20130514,15.0400,15.2500,14.7000,15.1500,2142800
20130515,15.4300,15.6600,14.8000,14.8900,3801000
20130516,15.2900,16.1500,15.2900,15.4500,4555700
20130517,16.2000,16.2000,15.2300,15.3000,4450700
20130520,16.5000,16.8700,16.1600,16.3600,4839300
20130521,17.0500,17.1500,16.2000,16.4800,4098800
20130522,16.6600,17.0300,16.3000,17.0300,3897900
20130523,16.0000,16.7800,15.8300,16.7300,4615900
20130524,16.6700,16.7200,15.7500,15.8200,3460800
20130527,16.6900,16.9000,16.3000,16.6100,2876900
20130528,15.9700,16.7000,15.9500,16.7000,2427400
20130529,16.1800,16.2000,15.3000,16.0200,2948700
20130530,16.3100,16.4100,15.8000,15.9800,2375600
20130531,16.0800,16.6300,16.0800,16.3800,2089400
20130603,15.7100,16.2400,15.5300,16.0800,1666900
20130604,15.5400,15.9000,15.3400,15.5900,1653900
20130605,16.0400,16.2000,15.5400,15.5400,1641300
20130606,16.1800,16.4900,16.0200,16.1900,2098700
20130607,16.1700,16.4000,15.6000,16.1900,1574400
20130610,16.1700,16.1700,16.1700,16.1700,0
20130611,16.1700,16.1700,16.1700,16.1700,0
20130612,16.1700,16.1700,16.1700,16.1700,0
20130613,15.6000,16.1000,14.8800,16.1000,2158000
20130614,16.0600,16.1800,15.3000,15.8400,2200500
20130617,17.0700,17.2000,16.2200,16.2300,4349100
20130618,16.9000,17.0700,16.5000,16.9900,2486000
20130619,16.8900,17.1800,16.5800,16.9000,2701000
20130620,15.6700,16.8600,15.6000,16.8100,2839500
20130621,15.1800,15.4900,14.7000,15.2900,2386200
20130624,13.6600,15.2000,13.6600,15.0900,2420900
20130625,13.1600,13.7500,12.2900,13.6000,4813100
20130626,13.6700,13.8100,12.9300,13.1600,2669100
20130627,13.0500,13.9900,13.0300,13.6400,2632000
20130628,12.6900,13.2800,12.4000,13.0000,2148300
20130701,13.0900,13.0900,12.5900,12.5900,1346000
20130702,13.7500,13.8600,13.0200,13.1800,2256300
20130703,13.9500,13.9800,13.5000,13.6300,1905200
20130704,13.8400,14.2600,13.6800,13.9000,1400200
20130705,13.4300,14.0400,13.4000,13.9700,1936200
20130708,12.5900,13.2600,12.5800,13.2600,1931800
20130709,12.5100,12.6900,12.3000,12.5000,1288500
20130710,12.8800,12.9300,12.3000,12.4800,1785100
20130711,13.4600,13.5500,12.8200,12.8200,2549900
20130712,13.1500,13.7500,13.0800,13.4600,2110300
20130715,13.6000,13.6200,13.2100,13.2100,1927300
20130716,13.8800,13.9900,13.5700,13.7000,2103600
20130717,13.9000,14.1000,13.5500,13.9000,2327800
20130718,14.4000,14.5800,13.7000,13.8100,4092100
20130719,14.2500,14.8000,14.2500,14.5500,4098000
20130722,14.5000,14.6000,14.0200,14.2500,1964800
20130723,14.8600,14.9700,14.4800,14.5800,2265600
20130724,15.1600,15.1700,14.5800,14.8000,2911700
20130725,14.7300,15.3000,14.7300,15.2000,1821500
20130726,14.6000,14.8800,14.2900,14.7000,1790800
20130729,14.1300,14.6600,13.9900,14.6000,1974500
20130730,13.9400,14.3000,13.5000,14.0800,1621000
20130731,14.3600,14.5000,13.8400,13.8400,1598500
20130801,15.3300,15.5000,14.3900,14.6000,3671200
20130802,15.9000,16.5000,15.1200,15.3400,4969200
20130805,16.0400,16.2200,15.6000,15.8000,2696100
20130806,16.1800,16.4700,16.0100,16.3600,1848100
20130807,15.6500,16.2700,15.4000,16.1800,2685100
20130808,15.8700,15.9800,15.3800,15.3800,1503500
20130809,15.4900,15.9400,15.3500,15.8800,1758900
20130812,15.6500,15.8500,15.4300,15.4900,1520900
20130813,15.9400,16.2100,15.8000,15.8700,2062500
20130814,15.8800,16.0700,15.6300,15.8100,1608200
20130815,15.4100,15.9700,15.4000,15.8500,1549200
20130816,15.0000,15.6400,15.0000,15.3500,1569300
20130819,15.7600,15.8200,14.9000,14.9700,2248100
20130820,16.1900,16.2800,15.6000,15.7300,3160600
20130821,16.2400,16.3800,15.9100,16.1300,1737400
20130822,15.9200,16.3800,15.9100,16.2400,1521000
20130823,16.5800,16.8000,15.9100,15.9100,3500600
20130826,16.8500,17.1400,16.5500,16.5500,3800600
20130827,16.6000,16.9400,16.3000,16.7500,2002400
20130828,16.6700,16.7300,16.2300,16.4800,2031700
20130829,16.5000,16.9000,16.3600,16.6100,1692900
20130830,16.0000,16.6000,15.8800,16.4800,2160700
20130902,16.2300,16.3400,15.8000,16.0000,948000
20130903,17.2000,17.2000,16.0300,16.2000,2806800
20130904,17.1800,17.4900,16.9800,17.2900,2430300
20130905,17.5000,17.9500,17.0000,17.1600,2330000
20130906,17.8600,18.3500,17.1000,17.6000,3073500
20130909,17.5600,18.0100,17.4600,17.8000,1968900
20130910,17.3900,17.5600,17.1500,17.5200,1616800
20130911,17.6400,17.8700,16.8300,17.4500,2037500
20130912,17.4000,17.5800,17.2200,17.5700,1322500
20130913,17.3700,17.7000,17.2100,17.2100,863100
20130916,17.6000,17.8300,17.2300,17.3700,1100500
20130917,16.9600,17.6900,16.9500,17.4100,959200
20130918,17.2000,17.2600,16.8100,17.0600,1211000
20130920,17.2000,17.2000,17.2000,17.2000,0
20130923,17.6800,17.7000,16.9100,17.2000,1720200
20130924,17.7600,17.7600,17.2800,17.5000,1339600
20130925,17.1900,17.7500,17.1500,17.7500,1418300
20130926,16.8500,17.2800,16.8200,17.2100,1169400
20130927,16.8600,17.1500,16.8500,16.9800,1019400
20130930,16.6200,16.9800,16.3000,16.8600,1833800
20131001,16.6200,16.6200,16.6200,16.6200,0
20131002,16.6200,16.6200,16.6200,16.6200,0
20131003,16.6200,16.6200,16.6200,16.6200,0
20131004,16.6200,16.6200,16.6200,16.6200,0
20131007,16.6200,16.6200,16.6200,16.6200,0
20131008,16.7300,16.9900,16.3200,16.9300,1798600
20131009,16.8700,16.9000,16.5500,16.7300,1491000
20131010,16.4100,16.8900,16.4000,16.8900,1243500
20131011,16.8400,16.8500,16.4000,16.4200,1345100
20131014,17.0400,17.1000,16.7000,16.8600,1182500
20131015,16.4300,17.1000,16.4300,17.1000,1141600
20131016,15.9800,16.5700,15.8400,16.3900,1583700
20131017,15.8600,16.1200,15.7600,16.0600,1159100
20131018,16.1100,16.3400,15.8600,15.9000,740900
20131021,16.5200,16.5300,16.2000,16.2000,826900
20131022,16.3700,16.5900,16.2200,16.3800,895200
20131023,16.2500,16.6300,16.1000,16.3700,801100
20131024,16.0700,16.3600,16.0000,16.0000,515300
20131025,16.3500,16.6000,16.0400,16.0500,1262800
20131028,16.2900,16.3800,16.0300,16.1600,736600
20131029,16.1600,16.3800,15.2000,16.2000,1256300
20131030,16.0500,16.1900,15.8600,15.8600,586000
20131031,15.8000,16.1000,15.6600,16.1000,1056200
20131101,15.4100,15.8700,15.3500,15.7900,511400
20131104,15.4800,15.6800,15.3700,15.5500,469400
20131105,15.9000,16.0000,15.3500,15.4800,685300
20131106,15.9500,16.2800,15.6700,15.8800,748100
20131107,15.8700,16.1600,15.8300,15.9400,496500
20131108,15.6500,16.1500,15.5600,16.1500,515700
20131111,15.9600,16.0800,15.5000,15.7900,1092000
20131112,16.0300,16.1000,15.8500,15.9900,545800
20131113,15.8600,16.0100,15.7800,16.0100,412900
20131114,16.1800,16.2700,15.7500,15.8100,630500
20131115,16.5400,16.8400,16.2200,16.2200,1302700
20131118,16.6000,16.8000,16.3900,16.5400,1171000
20131119,16.6400,16.7900,16.4500,16.7900,695500
20131120,16.7100,16.7400,16.5200,16.6400,744600
20131121,16.3400,16.6800,16.2200,16.6800,1186800
20131122,16.2200,16.4500,16.1000,16.4500,744000
20131125,16.3300,16.4500,16.1000,16.2200,673500
20131126,16.9000,17.0000,16.3400,16.3400,1600100
20131127,16.9500,17.1800,16.8000,16.9000,1196600
20131128,17.0000,17.1500,16.8000,16.9500,1309100
20131129,18.0000,18.2800,16.9800,16.9900,3284400
20131202,17.0300,17.6000,16.3500,17.1100,3012600
20131203,17.9000,18.0900,16.6500,16.8400,2149700
20131204,18.2900,18.8500,17.7500,17.8600,3129800
20131205,18.5100,18.8800,18.0000,18.2300,2718800
20131206,18.1800,18.7400,17.8100,18.4000,1825000
20131209,18.3000,18.4800,17.9100,18.2500,1270400
20131210,18.9500,19.2100,18.1000,18.3100,2580900
20131211,18.5000,18.9500,18.1000,18.9500,1919200
20131212,18.5400,18.6400,18.3000,18.3400,1040000
20131213,18.4800,18.5700,18.1300,18.4000,1321600
20131216,18.0200,18.4500,17.8500,18.3000,1327500
20131217,18.0600,18.2800,17.9700,18.0200,687200
20131218,18.1600,18.4700,18.0200,18.0900,729800
20131219,17.5800,18.3600,17.5300,18.3600,1240600
20131220,17.6100,18.5000,17.3000,18.5000,1031700
20131223,17.1800,17.6100,16.8800,17.5000,852900
20131224,17.6500,17.6500,17.1200,17.1200,798500
20131225,17.9600,18.0000,17.4000,17.6500,1267900
20131226,17.5300,18.1000,17.4600,18.0300,1136200
20131227,18.1300,18.2000,17.3900,17.5200,1273500
20131230,18.2000,18.4700,18.0500,18.1600,900800
20131231,18.2400,18.5000,17.8500,18.2000,1037100
20140101,18.2400,18.2400,18.2400,18.2400,0
20140102,18.9300,19.1000,18.3000,18.3000,2692200
20140103,18.4500,18.9900,18.3500,18.8800,2331500
20140106,18.1100,18.4500,18.0600,18.4500,1315300
20140107,18.1500,18.4100,17.9100,18.0600,1185200
20140108,18.2500,18.6000,18.1500,18.2200,1461600
20140109,17.8600,18.6800,17.8000,18.3000,1237000
20140110,17.0400,17.7500,17.0300,17.6100,1918300
20140113,16.8400,17.3800,16.4000,17.1100,1584100
20140114,17.4600,17.4700,16.8100,16.8100,1036000
20140115,17.8700,18.0000,17.4100,17.4300,1015700
20140116,17.7000,18.2800,17.7000,17.9500,1024000
20140117,16.8300,17.2500,16.8100,17.2500,2827700
20140120,16.9300,17.3500,16.8200,16.8200,1025100
20140121,17.2000,17.3700,16.9500,16.9500,897300
20140122,17.5400,17.5800,17.1800,17.2000,1109300
20140123,17.7300,17.9800,17.4900,17.5800,1141100
20140124,17.8500,18.0900,17.7500,17.7500,1137000
20140127,18.1800,18.4100,17.8100,17.8500,1713300
20140128,18.1500,18.5200,18.0200,18.1800,1010600
20140129,18.4900,18.4900,18.1400,18.1400,892900
20140130,18.4800,18.6600,18.2900,18.5900,972800
20140131,18.4800,18.4800,18.4800,18.4800,0
20140203,18.4800,18.4800,18.4800,18.4800,0
20140205,18.4800,18.4800,18.4800,18.4800,0
20140206,18.4800,18.4800,18.4800,18.4800,0
20140207,19.7000,20.3300,18.0300,18.3500,3606500
20140210,20.8000,20.9400,19.8500,19.9000,3826500
20140211,20.7200,20.8800,20.1000,20.7000,2326600
20140212,20.7300,20.9300,20.3700,20.8300,1697100
20140213,20.5000,21.0800,20.3000,20.7600,2067900
20140214,20.9600,21.0200,20.3900,20.4800,1934000
20140217,22.7100,22.9000,21.3000,21.3000,3250500
20140218,22.3600,23.4000,22.1000,22.6000,2977600
20140219,22.7900,23.0000,22.1800,22.5500,1419200
20140220,22.3000,22.9500,21.9000,22.8500,1424400
20140221,22.8500,22.9000,22.0200,22.1100,1298500
20140224,23.7500,24.6000,22.9700,23.6700,2575400
20140225,22.0800,24.5100,21.4800,23.5500,3269700
