20130226,6.2500,6.4300,6.2500,6.4300,1802100
20130227,6.2900,6.3600,6.2500,6.2500,1391900
20130228,6.3000,6.3200,6.1800,6.3000,2808200
20130301,6.3800,6.3900,6.2400,6.2800,2582900
20130304,6.0400,6.3700,6.0300,6.3700,2461300
20130305,6.1500,6.1800,6.0000,6.0100,1539600
20130306,6.1900,6.2500,6.1300,6.1600,1745100
20130307,6.2200,6.2800,6.1500,6.1900,2092300
20130308,6.1900,6.2600,6.1800,6.2500,1067000
20130311,6.1700,6.1900,6.1300,6.1900,836700
20130312,5.9900,6.2400,5.9500,6.1600,1845800
20130313,5.9300,6.0500,5.8300,6.0000,1010500
20130314,5.9100,5.9800,5.8900,5.9300,566900
20130315,5.9100,6.0000,5.8600,5.9100,820800
20130318,5.8300,5.9400,5.8300,5.9100,595200
20130319,5.8900,5.8900,5.7300,5.8500,720200
20130320,6.0000,6.0000,5.8500,5.8500,879900
20130321,6.0800,6.1600,6.0000,6.0000,1222900
20130322,6.0400,6.1300,6.0300,6.0900,929200
20130325,6.0700,6.0800,5.9800,6.0500,600700
20130326,5.9400,6.0800,5.9100,6.0800,718900
20130327,5.9600,6.0300,5.9500,5.9500,722700
20130328,5.7800,5.9500,5.7500,5.9500,714500
20130329,5.8700,5.8800,5.7800,5.8000,719000
20130401,5.9300,5.9900,5.8700,5.8700,625900
20130402,5.7800,5.9700,5.7800,5.9700,658700
20130403,5.6800,5.8200,5.6700,5.7800,576000
20130404,5.6800,5.6800,5.6800,5.6800,0
20130405,5.6800,5.6800,5.6800,5.6800,0
20130408,5.5500,5.6000,5.3600,5.6000,737100
20130409,5.6300,5.6600,5.5500,5.5500,600900
20130410,5.6000,5.6800,5.5600,5.6800,517400
20130411,5.6400,5.6800,5.6000,5.6400,442600
20130412,5.5600,5.6600,5.5500,5.6500,339200
20130415,5.3600,5.5300,5.3500,5.5300,715000
20130416,5.9000,5.9000,5.2800,5.3600,2179900
20130417,6.1400,6.3200,5.9400,5.9500,9453300
20130418,6.0200,6.1400,5.9700,6.0700,4797900
20130419,6.0600,6.0900,5.9400,5.9700,3942900
20130422,6.0200,6.1200,6.0200,6.0800,3429700
20130423,5.6700,6.0000,5.6600,6.0000,3103900
20130424,5.7800,5.8100,5.5000,5.6600,1804000
20130425,5.5700,5.7900,5.5700,5.7800,1719900
20130426,5.5100,5.6400,5.5100,5.5600,1187500
20130429,5.5100,5.5100,5.5100,5.5100,0
20130430,5.5100,5.5100,5.5100,5.5100,0
20130501,5.5100,5.5100,5.5100,5.5100,0
20130502,5.5600,5.5700,5.4100,5.5200,898100
20130503,5.6100,5.6900,5.5600,5.6200,1140500
20130506,5.7200,5.7400,5.5800,5.6100,1519800
20130507,5.6600,5.7500,5.6500,5.7200,1282700
20130508,5.7100,5.7400,5.6600,5.6600,1108500
20130509,5.6600,5.7500,5.5900,5.7100,1652300
20130510,5.7400,5.7500,5.6300,5.6300,1134600
20130513,5.7600,5.7800,5.6900,5.7100,1382400
20130514,5.6700,5.7700,5.6300,5.7600,1076300
20130515,5.7400,5.7600,5.6600,5.6600,1003600
20130516,5.8000,5.8300,5.7000,5.7200,1500100
20130517,5.8900,5.9500,5.7700,5.8000,2116100
20130520,5.9800,5.9900,5.8800,5.8900,2150300
20130521,5.9900,6.0000,5.9200,5.9600,1578600
20130522,5.9200,6.0600,5.8900,5.9800,2022300
20130523,5.9300,5.9900,5.8800,5.9500,1578500
20130524,6.0000,6.0200,5.9000,5.9300,1675800
20130527,6.0700,6.1500,5.9900,6.0200,1930700
20130528,6.0800,6.1900,6.0200,6.0700,1467100
20130529,6.0400,6.1500,6.0300,6.0900,1417900
20130530,6.0400,6.0700,5.9800,6.0100,1435500
20130531,6.0200,6.1000,6.0100,6.0300,1137100
20130603,5.9600,6.0700,5.9400,6.0000,1585700
20130604,5.8000,5.9800,5.7600,5.9600,1326900
20130605,5.8300,5.8500,5.7300,5.8000,697000
20130606,5.7700,5.8600,5.7600,5.8000,720000
20130607,5.6700,5.8100,5.6100,5.7500,810500
20130610,5.6700,5.6700,5.6700,5.6700,0
20130611,5.6700,5.6700,5.6700,5.6700,0
20130612,5.6700,5.6700,5.6700,5.6700,0
20130613,5.5200,5.7000,5.4700,5.6600,1121700
20130614,5.6100,5.6100,5.5100,5.6000,754300
20130617,5.5800,5.6300,5.5500,5.6000,471300
20130618,5.5600,5.6100,5.5300,5.6100,476200
20130619,5.5000,5.5500,5.4200,5.5300,548300
20130620,5.3600,5.5400,5.3500,5.5400,674300
20130621,5.4000,5.4100,5.2700,5.3200,415900
20130624,5.2300,5.3600,5.0300,5.3600,799400
20130625,5.1100,5.2500,4.8100,5.1300,972500
20130626,5.1500,5.1700,4.9500,5.0700,977300
20130627,5.0700,5.2000,5.0400,5.1500,694800
20130628,5.1400,5.1700,4.9700,5.0600,728800
20130701,5.2100,5.2200,5.0800,5.1300,462700
20130702,5.2100,5.2900,5.1200,5.1700,623300
20130703,5.2000,5.2000,5.1100,5.2000,467300
20130704,5.2500,5.3200,5.1400,5.1700,767200
20130705,5.2800,5.3800,5.2500,5.2500,665900
20130708,5.0600,5.2500,5.0500,5.2500,837300
20130709,5.1000,5.1600,5.0000,5.0000,418100
20130710,5.2700,5.2800,5.0800,5.0800,563100
20130711,5.4000,5.4300,5.3000,5.3700,1305000
20130712,5.3300,5.4700,5.3200,5.3800,923800
20130715,5.4300,5.4300,5.3000,5.3000,692000
20130716,5.5300,5.5500,5.3500,5.4200,1340800
20130717,5.4500,5.5300,5.4300,5.5300,702700
20130718,5.4500,5.5500,5.4100,5.5500,553100
20130719,5.8600,6.0000,5.4100,5.4500,11182400
20130722,5.5900,5.6500,5.4100,5.6200,7867000
20130723,5.5900,5.6100,5.4500,5.5100,4748200
20130724,5.4900,5.5600,5.4100,5.5500,2947900
20130725,5.3700,5.5100,5.3600,5.4700,1946300
20130726,5.3800,5.4500,5.3300,5.3700,1071800
20130729,5.2700,5.4200,5.2500,5.3800,1370800
20130730,5.2700,5.3100,5.1800,5.2700,888800
20130731,5.3200,5.4000,5.2800,5.2800,908500
20130801,5.4500,5.4700,5.3300,5.3700,1014000
20130802,5.5200,5.5500,5.4200,5.4400,1542000
20130805,5.5300,5.5400,5.4600,5.5000,1080000
20130806,5.6000,5.6200,5.5000,5.5500,1364700
20130807,5.4900,5.6200,5.4700,5.6000,1091200
20130808,5.5400,5.5900,5.4500,5.4500,1175000
20130809,5.6000,5.6500,5.5100,5.5300,1583300
20130812,5.6600,5.6600,5.6000,5.6000,1532100
20130813,5.6800,5.7300,5.6400,5.6600,1396700
20130814,5.5800,5.7000,5.5800,5.6500,1248400
20130815,5.5700,5.6300,5.5500,5.6200,851400
20130816,5.4800,5.7500,5.4800,5.5600,2040200
20130819,5.5600,5.5800,5.4100,5.4300,859100
20130820,5.5500,5.6100,5.5300,5.5600,840100
20130821,5.6100,5.6100,5.5100,5.5100,1024100
20130822,5.6200,5.6500,5.5700,5.6000,1085300
20130823,5.5100,5.6200,5.4500,5.6200,1473900
20130826,5.5800,5.5800,5.4800,5.4800,1423200
20130827,5.6700,5.6800,5.5700,5.5800,1754300
20130828,5.6200,5.6700,5.5900,5.6500,1250100
20130829,5.6200,5.7100,5.6000,5.6200,1013300
20130830,5.5200,5.6600,5.5000,5.6600,1910300
20130902,5.8200,5.8400,5.5200,5.5200,3275400
20130903,5.7700,5.8200,5.6900,5.7900,2346500
20130904,5.7300,5.8000,5.7000,5.7500,1678100
20130905,5.7500,5.7500,5.6400,5.7100,1478500
20130906,5.7300,5.7600,5.7000,5.7400,1006000
20130909,5.7900,5.8300,5.7000,5.7500,1696300
20130910,5.8500,5.9100,5.7600,5.7900,1982200
20130911,5.9500,5.9600,5.7800,5.8500,2393600
20130912,5.8000,5.9500,5.7800,5.9500,4110300
20130913,5.7700,5.8800,5.7000,5.8200,1950500
20130916,5.7600,5.8000,5.7400,5.7800,922100
20130917,5.7000,5.7900,5.6900,5.7600,973300
20130918,5.7600,5.7700,5.6900,5.7000,609000
20130920,5.7600,5.7600,5.7600,5.7600,0
20130923,5.8300,5.8300,5.7400,5.7600,1268300
20130924,5.8100,5.8300,5.7300,5.8300,1134800
20130925,5.8100,5.9000,5.7800,5.8100,1964500
20130926,5.7100,5.8600,5.7100,5.8100,1363800
20130927,5.6200,5.7800,5.6200,5.7700,1287500
20130930,5.6800,5.7000,5.6200,5.6200,485600
20131001,5.6800,5.6800,5.6800,5.6800,0
20131002,5.6800,5.6800,5.6800,5.6800,0
20131003,5.6800,5.6800,5.6800,5.6800,0
20131004,5.6800,5.6800,5.6800,5.6800,0
20131007,5.6800,5.6800,5.6800,5.6800,0
20131008,5.7500,5.7800,5.6100,5.6800,701400
20131009,5.7800,5.8000,5.7100,5.7500,986000
20131010,5.8100,5.8200,5.7500,5.7800,1205900
20131011,5.8600,5.8700,5.7800,5.8200,1633800
20131014,5.8900,5.9200,5.8200,5.8800,1950100
20131015,5.8700,5.9000,5.8300,5.8900,1233900
20131016,6.2600,6.4600,6.0200,6.0200,18609100
20131017,5.9400,6.1100,5.9000,6.1000,10133200
20131018,5.8900,6.0200,5.8600,5.9000,3798500
20131021,6.0200,6.0400,5.8500,5.9000,3774400
20131022,5.9200,6.0200,5.9100,6.0100,3202300
20131023,5.8200,5.9600,5.8000,5.8900,2730600
20131024,5.7300,5.8400,5.7300,5.8200,1766200
20131025,5.8000,5.8000,5.6800,5.7500,1709800
20131028,5.6700,5.8000,5.6100,5.8000,1368200
20131029,5.4500,5.7100,5.3300,5.6500,2106200
20131030,5.5000,5.5300,5.4000,5.4200,1023700
20131031,5.6100,5.6500,5.4700,5.5100,1690500
20131101,5.5900,5.6900,5.5100,5.5600,1397600
20131104,5.6400,5.6500,5.5500,5.5600,974900
20131105,5.6700,5.6900,5.5800,5.5900,1170000
20131106,5.6300,5.7100,5.6200,5.6700,1276500
20131107,5.4800,5.6200,5.4600,5.6100,1004500
20131108,5.4000,5.5500,5.3800,5.4600,867400
20131111,5.4600,5.4800,5.3500,5.3500,492500
20131112,5.5000,5.5400,5.4300,5.4600,758700
20131113,5.4300,5.4900,5.4200,5.4900,522700
20131114,5.5000,5.5100,5.3600,5.4000,532700
20131115,5.5900,5.6000,5.4900,5.4900,1330000
20131118,5.6700,5.6800,5.5500,5.5500,1583900
20131119,5.7000,5.7800,5.6000,5.6500,1181900
20131120,5.7300,5.7400,5.6600,5.6800,1522000
20131121,5.7300,5.8800,5.6900,5.7500,2233300
20131122,5.6900,5.7400,5.6800,5.7200,1246700
20131125,5.7200,5.7700,5.6500,5.6500,1271100
20131126,5.7100,5.7600,5.7000,5.7600,656700
20131127,5.8400,5.9700,5.6800,5.6900,2530800
20131128,5.8400,5.9100,5.8100,5.8400,1527600
20131129,5.9100,5.9700,5.8200,5.8200,2595400
20131202,5.5000,5.8000,5.4700,5.8000,3381100
20131203,5.6100,5.6200,5.4300,5.4800,2290200
20131204,5.7200,5.7500,5.5600,5.5900,2386400
20131205,5.7900,5.8300,5.6900,5.6900,1810800
20131206,5.8100,5.8400,5.7600,5.7900,1016500
20131209,5.9000,5.9400,5.7800,5.8100,1649700
20131210,5.8700,5.9400,5.8300,5.9000,1356400
20131211,5.7800,5.9000,5.7100,5.8900,1727500
20131212,5.9300,5.9800,5.7500,5.7700,2227900
20131213,5.9200,5.9700,5.8800,5.9400,2119900
20131216,5.8200,5.9500,5.7600,5.8800,1870400
20131217,5.8500,5.8700,5.7600,5.8400,1436900
20131218,5.8600,5.9200,5.8300,5.8800,1784600
20131219,5.8000,5.8900,5.7800,5.8500,1321900
20131220,5.7000,5.8300,5.7000,5.8000,1511900
20131223,5.5600,5.7100,5.5300,5.6800,1864000
20131224,5.6500,5.6500,5.5700,5.5700,1130700
20131225,5.7200,5.7400,5.6100,5.6500,1306600
20131226,5.6400,5.7700,5.6000,5.7700,968700
20131227,5.7300,5.7500,5.5300,5.6200,1537100
20131230,5.8400,5.8500,5.7000,5.7300,2118800
20131231,5.8500,5.8800,5.8000,5.8300,1730700
20140101,5.8500,5.8500,5.8500,5.8500,0
20140102,5.8900,5.9400,5.8200,5.8500,1735100
20140103,5.8800,5.9500,5.8600,5.9200,2965200
20140106,5.9000,5.9400,5.8300,5.8400,3194700
20140107,5.9100,5.9300,5.8200,5.8600,2285900
20140108,5.9900,6.1000,5.9000,5.9200,4383700
20140109,5.8300,6.0000,5.8000,5.9600,2756500
20140110,5.5800,5.8300,5.5800,5.8000,2156600
20140113,5.6500,5.6700,5.5500,5.6000,1245100
20140114,5.7400,5.7500,5.5700,5.6200,1277700
20140115,5.7900,5.8000,5.6900,5.7500,942000
20140116,5.8400,5.8600,5.7700,5.7800,1293800
20140117,5.8700,5.9100,5.7800,5.8500,1570900
20140120,5.7800,5.9000,5.7600,5.9000,2367700
20140121,5.9200,5.9300,5.7600,5.7900,2889400
20140122,5.9800,6.0700,5.8900,5.9300,4065500
20140123,6.0000,6.0700,5.9300,5.9500,3627000
20140124,6.1100,6.1600,5.9600,5.9900,3504300
20140127,6.0400,6.1300,6.0100,6.0700,2753300
20140128,6.0100,6.0700,5.9500,6.0100,2012900
20140129,6.1900,6.2000,5.9700,5.9800,3525900
20140130,6.0800,6.2100,6.0500,6.1900,2130400
20140131,6.0800,6.0800,6.0800,6.0800,0
20140203,6.0800,6.0800,6.0800,6.0800,0
20140205,6.0800,6.0800,6.0800,6.0800,0
20140206,6.0800,6.0800,6.0800,6.0800,0
20140207,6.1500,6.1500,6.0000,6.0600,1935700
20140210,6.3100,6.3900,6.1300,6.1500,5265300
20140211,6.3200,6.3500,6.2200,6.2900,3345500
20140212,6.4500,6.5300,6.2800,6.3200,5255700
20140213,6.3600,6.4800,6.3500,6.4500,4467100
20140214,6.5900,6.7700,6.3700,6.3700,6337800
20140217,6.8000,6.8500,6.6000,6.6000,6340100
20140218,6.6900,6.8700,6.6300,6.8400,4252100
20140219,6.6600,6.7700,6.5900,6.7400,3806400
20140220,6.4900,6.8300,6.4800,6.7000,3657600
20140221,6.3700,6.5100,6.2800,6.5100,3560600
20140224,6.5300,6.5500,6.3200,6.3700,2535900
20140225,6.1700,6.5500,6.1300,6.5200,3913900
