20130226,9.7300,10.0700,9.7200,9.7900,2521400
20130227,9.5400,9.8300,9.5000,9.8100,1891200
20130228,9.7000,9.7200,9.5400,9.5600,1172700
20130301,9.9000,9.9200,9.6900,9.6900,2110700
20130304,9.3900,9.9100,9.3100,9.9100,2130900
20130305,9.5600,9.5700,9.3800,9.3800,1036300
20130306,9.7800,9.7900,9.5500,9.5600,1264800
20130307,9.9400,9.9400,9.7100,9.7800,2901000
20130308,9.7600,9.9900,9.7300,9.9300,1633000
20130311,9.7000,9.8000,9.6200,9.8000,869900
20130312,9.4300,9.8500,9.3600,9.7000,1338200
20130313,9.1800,9.4500,9.1500,9.3700,925700
20130314,9.1800,9.2500,9.1500,9.2300,479500
20130315,9.0700,9.3000,9.0200,9.2400,696900
20130318,8.9800,9.1500,8.9700,9.0700,678600
20130319,9.0800,9.0900,8.9300,8.9600,414500
20130320,9.2600,9.2700,9.0500,9.1000,568300
20130321,9.2900,9.3600,9.2100,9.2600,841400
20130322,9.3000,9.3600,9.2200,9.3000,663100
20130325,9.2900,9.3600,9.2400,9.2600,431200
20130326,9.1300,9.2800,8.9500,9.2800,916000
20130327,9.1200,9.1700,9.0500,9.1000,728100
20130328,8.8700,9.1200,8.7800,9.1200,863600
20130329,8.8100,8.9200,8.8000,8.8500,507300
20130401,8.8300,8.8400,8.7200,8.8000,484300
20130402,8.9000,8.9900,8.8000,8.8000,1013700
20130403,8.8700,8.9500,8.7100,8.9500,769200
20130404,8.8700,8.8700,8.8700,8.8700,0
20130405,8.8700,8.8700,8.8700,8.8700,0
20130408,8.7500,8.8700,8.5100,8.8700,917600
20130409,8.8500,8.9100,8.7500,8.7500,943000
20130410,8.8300,8.8800,8.7300,8.8500,556600
20130411,8.8400,8.9400,8.8000,8.8500,798200
20130412,8.7500,8.9500,8.6800,8.8900,687100
20130415,8.7700,8.9100,8.6300,8.9100,545800
20130416,8.8800,8.8800,8.6300,8.6300,634200
20130417,8.8900,8.8900,8.8100,8.8100,423400
20130418,9.0200,9.1000,8.8000,8.8000,1508900
20130419,9.0900,9.1200,8.9600,9.0300,1588600
20130422,9.0700,9.1200,8.9800,9.0100,976200
20130423,8.8900,9.2600,8.8800,9.1200,1257700
20130424,8.9100,8.9500,8.5800,8.8000,1706400
20130425,8.6100,8.8500,8.6100,8.8400,1273400
20130426,8.3700,8.6900,8.3700,8.6300,793800
20130429,8.3700,8.3700,8.3700,8.3700,0
20130430,8.3700,8.3700,8.3700,8.3700,0
20130501,8.3700,8.3700,8.3700,8.3700,0
20130502,8.3400,8.4000,8.2500,8.3200,503300
20130503,8.4500,8.5200,8.3200,8.3500,648300
20130506,8.6700,8.7400,8.4600,8.4600,984100
20130507,8.9300,8.9300,8.6700,8.6700,1931000
20130508,9.2000,9.2000,8.9100,8.9300,3010900
20130509,9.2600,9.3400,9.1100,9.2200,2936600
20130510,10.1900,10.1900,9.8800,10.0500,12711200
20130513,10.0000,10.1200,9.9300,10.0500,4766000
20130514,10.0000,10.5800,9.9800,10.1500,5130100
20130515,10.0500,10.0700,9.4800,9.8500,3570200
20130516,9.8600,10.0800,9.8600,9.9500,2911300
20130517,9.8900,10.0400,9.7000,9.7800,2785400
20130520,10.3600,10.3900,9.8100,9.9000,4070600
20130521,10.4500,10.4700,10.1500,10.3200,3895400
20130522,10.0700,10.4900,10.0500,10.4800,2856200
20130523,9.9300,10.1600,9.9100,10.0500,1998200
20130524,10.2900,10.3000,9.9100,9.9200,3120600
20130527,10.4100,10.5400,10.2500,10.2900,2961100
20130528,10.0900,10.4500,10.0200,10.3900,1985600
20130529,10.2500,10.2500,10.0600,10.1000,1746300
20130530,10.1600,10.2400,10.0600,10.2400,1541300
20130531,10.2700,10.5600,10.1200,10.2900,3451300
20130603,10.0000,10.1900,9.9800,10.1900,1768000
20130604,9.4900,9.9700,9.4000,9.9700,2117100
20130605,9.4100,9.5400,9.2800,9.5000,1423500
20130606,9.1600,9.3800,9.1600,9.3800,973200
20130607,9.2100,9.2500,9.0500,9.2500,871900
20130610,9.2100,9.2100,9.2100,9.2100,0
20130611,9.2100,9.2100,9.2100,9.2100,0
20130612,9.2100,9.2100,9.2100,9.2100,0
20130613,8.8400,9.1000,8.8000,9.1000,885900
20130614,9.1500,9.1500,8.9000,8.9000,946300
20130617,9.4400,9.6200,9.2000,9.3200,2228400
20130618,9.3500,9.6100,9.2600,9.6100,1279000
20130619,9.1100,9.3800,9.0200,9.3100,1106600
20130620,8.9600,9.3600,8.9500,9.0100,1448000
20130621,8.7900,8.8700,8.4200,8.7800,1044200
20130624,7.9200,8.8800,7.9200,8.7900,1186400
20130625,7.7400,7.9900,7.1300,7.9200,2298100
20130626,8.1800,8.2100,7.6500,7.7200,1916700
20130627,8.3600,8.9300,8.0900,8.0900,3006800
20130628,8.8900,8.9100,7.9600,8.3000,3743300
20130701,9.0600,9.1500,8.5600,8.7000,3498300
20130702,8.9900,9.0600,8.9000,8.9800,2154700
20130703,9.3700,9.5200,8.5100,8.9000,3859200
20130704,9.1200,9.5700,9.0400,9.1900,2932200
20130705,8.8500,9.2100,8.8500,9.1500,1648700
20130708,8.2300,8.7600,8.2200,8.6900,1435200
20130709,9.0500,9.0500,8.1800,8.1800,3145500
20130710,9.6600,9.9000,9.2200,9.2200,6066100
20130711,9.8200,9.8800,9.4500,9.5200,4829500
20130712,10.8000,10.8000,9.6600,9.6800,7897800
20130715,11.6800,11.7700,11.2800,11.4600,9724100
20130716,11.8500,12.3700,11.4000,11.4900,11458600
20130717,13.0000,13.0400,11.5500,11.6800,12521100
20130718,13.4700,13.9800,12.4800,12.6100,11314400
20130719,13.1200,13.8100,12.9000,13.1000,7836900
20130722,13.1500,13.5500,12.7900,12.8400,7193200
20130723,13.3600,13.7500,12.7000,13.0300,8761400
20130724,13.7000,14.2700,13.0000,13.2000,9559200
20130725,12.3300,13.6600,12.3300,13.5100,10154700
20130726,12.6700,12.8200,12.1400,12.1400,7072900
20130729,11.8000,12.8800,11.7500,12.4000,6643600
20130730,12.0900,12.3600,11.6600,12.2800,6359700
20130731,11.7500,12.3500,11.6900,12.0200,5554500
20130801,12.3900,12.5000,11.8000,11.8000,7114500
20130802,12.6800,12.9700,12.1400,12.3800,9597600
20130805,12.8000,13.4500,12.5300,12.6700,8576700
20130806,12.7500,13.0000,12.5700,12.5900,6192200
20130807,11.8700,12.7900,11.7400,12.7000,7912900
20130808,11.6600,11.9400,11.5000,11.7700,5115800
20130809,12.0200,12.1000,11.4000,11.7500,5251000
20130812,12.0600,12.2400,11.8200,11.9800,4347000
20130813,12.1000,12.2900,11.8300,12.0800,3142100
20130814,12.3200,12.3700,11.8000,12.0600,5946600
20130815,13.0000,13.5500,12.2000,12.2200,13693300
20130816,12.0000,13.1000,11.9000,12.8000,8523000
20130819,12.0500,12.1700,11.5000,11.7900,4357500
20130820,12.7900,13.1500,12.0000,12.0700,7906000
20130821,13.5900,13.8800,12.5700,12.8000,12208300
20130822,13.2100,13.3800,12.9100,13.3000,8429100
20130823,13.4200,14.1700,12.5500,13.1000,10537300
20130826,14.4300,14.7600,13.1000,13.3600,15844300
20130827,14.6400,14.7900,13.9600,14.1000,9842100
20130828,13.6500,14.5500,13.6200,14.3500,8667600
20130829,13.6300,13.9900,13.5000,13.6100,4406900
20130830,12.3000,13.7400,12.2700,13.5200,8310200
20130902,12.8200,12.8500,11.9200,12.1800,4629100
20130903,13.5500,13.8000,12.6600,12.8200,6698500
20130904,13.3900,13.8100,13.2700,13.2900,6247500
20130905,14.7300,14.7300,13.1300,13.3400,9930600
20130906,15.8600,16.2000,15.0000,15.2100,12628900
20130909,15.9400,17.3600,15.8400,16.0600,16212900
20130910,15.6300,15.8300,15.1000,15.6200,11561400
20130911,14.6700,15.4700,14.4000,15.4000,8546000
20130912,14.8800,15.3000,14.4300,14.4300,5842000
20130913,14.9000,15.1800,14.1200,14.7600,5600300
20130916,15.6700,15.8500,14.7300,14.8000,7741400
20130917,15.1400,16.1700,15.0700,15.5000,6627100
20130918,15.9500,16.6000,15.2300,15.2500,8259700
20130920,15.9500,15.9500,15.9500,15.9500,0
20130923,16.8900,17.2500,15.8200,16.1000,7756600
20130924,17.1800,17.1800,16.3500,16.8000,7257800
20130925,16.5600,17.7300,16.4800,17.0000,7285600
20130926,16.5200,16.8500,16.1600,16.5200,4605900
20130927,17.0600,17.0900,16.1800,16.6000,5301100
20130930,17.9200,18.4400,17.0100,17.1900,7542900
20131001,17.9200,17.9200,17.9200,17.9200,0
20131002,17.9200,17.9200,17.9200,17.9200,0
20131003,17.9200,17.9200,17.9200,17.9200,0
20131004,17.9200,17.9200,17.9200,17.9200,0
20131007,17.9200,17.9200,17.9200,17.9200,0
20131008,17.7000,18.3000,17.4000,17.9000,4742800
20131009,18.7000,18.8500,17.5100,17.7600,5604700
20131010,18.2200,19.2600,18.0500,18.7600,5331600
20131011,18.2200,18.2200,18.2200,18.2200,0
20131014,18.2200,18.2200,18.2200,18.2200,0
20131015,16.9600,18.5900,16.4000,18.1500,7593600
20131016,15.3000,16.7700,15.2600,16.7700,7205700
20131017,15.4000,15.7800,14.9100,15.3500,4451300
20131018,15.5500,15.8700,15.2200,15.3200,2641100
20131021,16.2400,16.3000,15.3100,15.7000,4211700
20131022,15.5600,16.2800,15.3100,16.2800,4710600
20131023,14.7100,15.8500,14.3100,15.5500,3325800
20131024,14.7800,14.9900,14.5100,14.7100,2027400
20131025,13.9800,14.8400,13.8300,14.7000,2595200
20131028,14.1500,14.2500,13.9800,14.1200,1362800
20131029,14.6300,14.8200,13.6800,14.3300,3118400
20131030,14.7200,14.8800,14.3700,14.5900,1990300
20131031,13.9000,14.7100,13.8500,14.7000,2061800
20131101,13.4000,13.8200,12.8200,13.6000,1882900
20131104,13.2400,13.6000,13.1500,13.4900,1392100
20131105,13.5900,13.6300,13.0300,13.2400,1441900
20131106,13.4500,13.7500,13.3400,13.5900,1385400
20131107,13.1500,13.4100,13.0600,13.3100,1232200
20131108,12.6000,13.0000,12.4500,13.0000,1334500
20131111,12.7900,12.8500,12.5100,12.5100,786400
20131112,13.5000,13.5700,12.7300,12.8800,2024800
20131113,13.2100,13.6600,13.2000,13.2600,1607700
20131114,13.5100,13.5900,12.7500,13.1700,1758000
20131115,14.2000,14.4300,13.4500,13.4600,3121300
20131118,15.6200,15.6200,15.6200,15.6200,1552800
20131119,17.1800,17.1800,17.1800,17.1800,2577800
20131120,16.7400,17.2500,16.0100,16.4800,13146700
20131121,15.8300,16.4900,15.7000,16.3300,7934000
20131122,15.7200,16.0400,15.5100,15.6600,4395600
20131125,15.4800,15.6900,15.2000,15.5500,3708200
20131126,15.6300,15.8800,15.3400,15.4700,4133300
20131127,15.6700,15.7700,15.1500,15.5600,3953800
20131128,15.7300,15.8400,15.5200,15.6700,3777200
20131129,15.9200,16.0400,15.5800,15.7000,4814900
20131202,14.3300,15.1900,14.3300,15.1900,4255300
20131203,13.8800,14.0300,13.1600,13.3800,3314600
20131204,14.0200,14.3300,13.5000,13.7400,2449100
20131205,13.6800,14.0000,13.6600,14.0000,1569700
20131206,13.8400,13.9000,13.5300,13.6000,998600
20131209,14.0900,14.1600,13.8400,13.8400,1452100
20131210,14.0700,14.2400,13.9900,13.9900,1274400
20131211,13.8300,14.0500,13.7000,14.0200,1332000
20131212,14.0300,14.2500,13.8500,13.9100,1538200
20131213,14.2200,14.3300,13.9000,13.9600,1643000
20131216,14.3400,14.5800,14.1100,14.2300,2129400
20131217,13.8900,14.4300,13.8200,14.3500,1618900
20131218,13.7800,14.0400,13.7400,13.9200,841200
20131219,15.1600,15.1600,14.9600,15.1600,2723800
20131220,15.4700,16.2000,15.2500,16.2000,11932500
20131223,14.4500,15.0000,14.0800,14.3000,5024500
20131224,15.4800,15.5500,14.3500,14.4900,6630800
20131225,15.7800,16.2400,15.0300,15.2500,6735300
20131226,15.1600,16.2900,15.1600,15.5000,6944800
20131227,15.3800,15.6000,14.9200,15.0000,4035600
20131230,15.3200,15.7500,15.1000,15.3000,2898400
20131231,14.6600,15.3900,14.5300,15.1300,3500700
20140101,14.6600,14.6600,14.6600,14.6600,0
20140102,15.1900,15.2900,14.6000,14.7300,3117100
20140103,15.5300,15.7600,15.0500,15.1600,5211300
20140106,15.0000,15.6000,14.7700,15.6000,2809200
20140107,16.0800,16.1300,14.7000,14.7500,5424100
20140108,16.2500,16.4000,15.8100,15.9500,5683300
20140109,15.6100,17.1800,15.5500,16.4000,7263600
20140110,16.4800,16.7000,15.0000,15.2300,5746100
20140113,17.8000,18.1300,16.3000,16.3900,12661200
20140114,17.9100,17.9300,17.2200,17.7000,6584600
20140115,17.9500,18.5200,17.5600,17.8700,6762500
20140116,17.1500,18.0900,17.1000,17.8500,5142600
20140117,18.8700,18.8700,17.0100,17.1500,11608300
20140120,20.2000,20.7600,18.6700,19.2000,13642900
20140121,22.2200,22.2200,19.6000,20.0000,13609900
20140122,22.3400,23.3700,21.8200,22.9400,12304300
20140123,23.5000,23.9700,22.2000,22.4000,10609900
20140124,23.0600,23.5000,22.4100,22.9100,8348400
20140127,22.3200,23.1000,21.2200,22.9000,6872300
20140128,22.0200,23.2300,21.6800,22.6000,4148300
20140129,23.0000,23.4600,21.8500,21.8600,5711700
20140130,25.0000,25.2000,22.7600,23.0000,7643300
20140131,25.0000,25.0000,25.0000,25.0000,0
20140203,25.0000,25.0000,25.0000,25.0000,0
20140205,25.0000,25.0000,25.0000,25.0000,0
20140206,25.0000,25.0000,25.0000,25.0000,0
20140207,24.7100,24.9000,23.7100,24.5000,5226000
20140210,26.5300,27.1300,24.1800,24.5000,6268300
20140211,29.1800,29.1800,26.1600,26.3500,7916600
20140212,29.0900,30.2500,27.8000,29.1200,5369500
20140213,26.2000,28.8000,26.1800,28.5000,7555000
20140214,27.1800,27.6100,26.1900,26.8600,4669400
20140217,28.1000,28.5000,26.2100,26.6500,4651300
20140218,28.7300,29.8000,26.8800,27.8000,5617000
20140219,27.9600,28.7200,27.2500,28.1200,3173200
20140220,26.6400,28.2800,26.5800,28.2100,2951700
20140221,26.5300,27.4200,26.0700,26.3000,2067200
20140224,29.1800,29.1800,27.0200,28.0000,5462200
20140225,28.8000,31.5100,27.5000,29.4000,6371700
