20130226,12.3000,12.8000,12.3000,12.7000,894900
20130227,12.3000,12.5000,12.2100,12.2300,517900
20130228,12.8400,12.8700,12.2700,12.3100,1032900
20130301,12.9200,13.0700,12.7200,12.8400,1028000
20130304,13.1800,13.4600,12.7900,12.9200,2585600
20130305,14.0100,14.4000,13.0400,13.1800,3949800
20130306,14.0600,14.1500,13.6500,13.9900,2378200
20130307,13.7500,14.0400,13.6300,13.9100,1643200
20130308,14.1700,14.1800,13.7300,13.8300,1722000
20130311,14.7200,15.5000,14.3800,14.4000,4007600
20130312,13.6400,14.7000,13.4100,14.4200,2866300
20130313,13.4500,13.7600,13.1400,13.4100,1197500
20130314,13.0100,13.6000,13.0100,13.5000,1248200
20130315,13.0700,13.3900,12.9100,13.0300,902600
20130318,13.1300,13.3700,13.0200,13.1000,825800
20130319,13.2900,13.3300,12.9500,13.1500,621200
20130320,13.7200,13.7400,13.2100,13.3900,1089800
20130321,13.9000,14.1300,13.6200,13.7200,1585400
20130322,13.9300,14.1600,13.7800,13.8500,921100
20130325,13.5900,14.0000,13.5800,14.0000,891400
20130326,13.4400,13.6600,13.2600,13.5800,703000
20130327,13.5000,13.6000,13.2900,13.4500,579700
20130328,12.5400,13.4000,12.5400,13.4000,1101400
20130329,12.1900,12.6000,12.1300,12.3800,674100
20130401,12.2600,12.3400,12.0000,12.1800,437100
20130402,12.2700,12.4500,12.2000,12.4000,365200
20130403,12.2000,12.3100,12.1100,12.3000,236500
20130404,12.2000,12.2000,12.2000,12.2000,0
20130405,12.2000,12.2000,12.2000,12.2000,0
20130408,11.7900,12.1000,11.5500,12.0500,528900
20130409,11.9900,12.1800,11.7000,11.7000,425500
20130410,11.7800,12.1500,11.6000,11.9900,348300
20130411,11.8400,11.9000,11.6700,11.8900,347600
20130412,11.7700,11.8300,11.6300,11.8300,207400
20130415,12.2500,12.2500,11.7800,11.7800,481500
20130416,12.2800,12.3700,12.0800,12.1400,472700
20130417,12.2200,12.3200,12.0800,12.2000,379000
20130418,11.9000,12.1000,11.8200,12.0000,440000
20130419,12.2300,12.3500,11.8200,11.8200,441500
20130422,12.1700,12.3000,12.0100,12.2500,397200
20130423,11.8500,12.1900,11.7900,12.1900,459600
20130424,11.9400,12.0700,11.7000,11.9900,329800
20130425,11.6300,12.1900,11.6100,11.9400,424200
20130426,11.1900,11.7000,11.0400,11.6000,358500
20130429,11.1900,11.1900,11.1900,11.1900,0
20130430,11.1900,11.1900,11.1900,11.1900,0
20130501,11.1900,11.1900,11.1900,11.1900,0
20130502,11.3900,11.4600,11.0000,11.2500,243400
20130503,11.6100,11.8000,11.1700,11.1700,226800
20130506,11.8300,11.8800,11.6000,11.6600,305200
20130507,11.7000,11.8500,11.5700,11.8300,266900
20130508,12.1200,12.2000,11.7300,11.7300,663400
20130509,12.0900,12.1700,11.8500,12.1000,510100
20130510,12.2600,12.2600,11.8700,12.0600,515100
20130513,12.2500,12.3000,12.1300,12.2700,285100
20130514,12.0700,12.3300,12.0100,12.2500,549300
20130515,12.2300,12.2800,12.0300,12.0600,449200
20130516,12.3600,12.5800,12.1600,12.2700,676700
20130517,12.5400,12.5900,12.3100,12.3800,457900
20130520,12.8600,12.8600,12.4000,12.5500,698700
20130521,13.1700,13.2000,12.7600,12.8700,1008800
20130522,12.9000,13.1800,12.7500,13.1700,827600
20130523,12.8400,13.0900,12.7100,12.8000,620000
20130524,13.0000,13.0000,12.7200,12.8000,403400
20130527,12.9700,13.1700,12.9100,13.0000,556400
20130528,12.9900,13.0900,12.6000,12.9800,772100
20130529,13.2700,13.2800,12.9000,12.9900,827000
20130530,13.5800,13.6500,13.3300,13.3400,1592600
20130531,13.5800,13.8600,13.3900,13.6000,1409700
20130603,13.4500,13.5500,13.1200,13.4500,642500
20130604,12.7600,13.4500,12.7200,13.4500,943700
20130605,12.9100,12.9900,12.3500,12.8000,572300
20130606,12.4500,12.9800,12.4200,12.9100,422400
20130607,12.0600,12.5300,11.9900,12.4500,569300
20130610,12.0600,12.0600,12.0600,12.0600,0
20130611,12.0600,12.0600,12.0600,12.0600,0
20130612,12.0600,12.0600,12.0600,12.0600,0
20130613,11.7800,12.1600,11.6400,12.0600,369000
20130614,12.0200,12.0900,11.8000,11.9400,345300
20130617,12.1000,12.2400,11.7600,12.0700,362200
20130618,12.0800,12.2500,12.0000,12.0000,242700
20130619,12.1400,12.1400,11.6700,12.0800,380400
20130620,11.9800,12.5400,11.9100,12.2600,803300
20130621,11.7500,11.9800,11.3200,11.7100,495600
20130624,11.1300,11.7400,11.0000,11.7400,387600
20130625,10.8100,11.3300,10.0200,11.0600,654500
20130626,10.8100,10.9900,10.5200,10.9000,300700
20130627,10.8700,11.0500,10.7300,10.8200,612400
20130628,11.0100,11.1000,10.6000,10.7700,391800
20130701,11.0800,11.1500,10.6500,10.9500,249300
20130702,11.4900,11.6800,11.1200,11.1500,562100
20130703,12.0200,12.0900,11.5000,11.5000,778100
20130704,12.0200,12.0200,12.0200,12.0200,0
20130705,12.0200,12.0200,12.0200,12.0200,0
20130708,12.0200,12.0200,12.0200,12.0200,0
20130709,12.0200,12.0200,12.0200,12.0200,0
20130710,12.0200,12.0200,12.0200,12.0200,0
20130711,12.0200,12.0200,12.0200,12.0200,0
20130712,12.0200,12.0200,12.0200,12.0200,0
20130715,12.0200,12.0200,12.0200,12.0200,0
20130716,12.0200,12.0200,12.0200,12.0200,0
20130717,12.0200,12.0200,12.0200,12.0200,0
20130718,12.0200,12.0200,12.0200,12.0200,0
20130719,12.0200,12.0200,12.0200,12.0200,0
20130722,12.0200,12.0200,12.0200,12.0200,0
20130723,12.0200,12.0200,12.0200,12.0200,0
20130724,12.0200,12.0200,12.0200,12.0200,0
20130725,12.0200,12.0200,12.0200,12.0200,0
20130726,12.0200,12.0200,12.0200,12.0200,0
20130729,12.0200,12.0200,12.0200,12.0200,0
20130730,12.0200,12.0200,12.0200,12.0200,0
20130731,12.0200,12.0200,12.0200,12.0200,0
20130801,12.0200,12.0200,12.0200,12.0200,0
20130802,12.0200,12.0200,12.0200,12.0200,0
20130805,12.0200,12.0200,12.0200,12.0200,0
20130806,12.0200,12.0200,12.0200,12.0200,0
20130807,12.0200,12.0200,12.0200,12.0200,0
20130808,12.0200,12.0200,12.0200,12.0200,0
20130809,12.0200,12.0200,12.0200,12.0200,0
20130812,12.0200,12.0200,12.0200,12.0200,0
20130813,12.0200,12.0200,12.0200,12.0200,0
20130814,12.0200,12.0200,12.0200,12.0200,0
20130815,12.0200,12.0200,12.0200,12.0200,0
20130816,12.0200,12.0200,12.0200,12.0200,0
20130819,12.0200,12.0200,12.0200,12.0200,0
20130820,12.0200,12.0200,12.0200,12.0200,0
20130821,12.0200,12.0200,12.0200,12.0200,0
20130822,12.0200,12.0200,12.0200,12.0200,0
20130823,12.0200,12.0200,12.0200,12.0200,0
20130826,12.0200,12.0200,12.0200,12.0200,0
20130827,12.0200,12.0200,12.0200,12.0200,0
20130828,12.0200,12.0200,12.0200,12.0200,0
20130829,12.0200,12.0200,12.0200,12.0200,0
20130830,12.0200,12.0200,12.0200,12.0200,0
20130902,12.0200,12.0200,12.0200,12.0200,0
20130903,12.0200,12.0200,12.0200,12.0200,0
20130904,12.0200,12.0200,12.0200,12.0200,0
20130905,12.0200,12.0200,12.0200,12.0200,0
20130906,12.0200,12.0200,12.0200,12.0200,0
20130909,12.0200,12.0200,12.0200,12.0200,0
20130910,12.0200,12.0200,12.0200,12.0200,0
20130911,12.0200,12.0200,12.0200,12.0200,0
20130912,12.0200,12.0200,12.0200,12.0200,0
20130913,12.0200,12.0200,12.0200,12.0200,0
20130916,12.0200,12.0200,12.0200,12.0200,0
20130917,12.0200,12.0200,12.0200,12.0200,0
20130918,12.0200,12.0200,12.0200,12.0200,0
20130920,12.0200,12.0200,12.0200,12.0200,0
20130923,12.0200,12.0200,12.0200,12.0200,0
20130924,12.0200,12.0200,12.0200,12.0200,0
20130925,12.0200,12.0200,12.0200,12.0200,0
20130926,12.0200,12.0200,12.0200,12.0200,0
20130927,12.0200,12.0200,12.0200,12.0200,0
20130930,13.2200,13.2200,13.2200,13.2200,109000
20131001,13.2200,13.2200,13.2200,13.2200,0
20131002,13.2200,13.2200,13.2200,13.2200,0
20131003,13.2200,13.2200,13.2200,13.2200,0
20131004,13.2200,13.2200,13.2200,13.2200,0
20131007,13.2200,13.2200,13.2200,13.2200,0
20131008,14.5400,14.5400,14.5400,14.5400,159500
20131009,15.9900,15.9900,15.7000,15.9900,3004100
20131010,17.5900,17.5900,16.2100,16.5300,9165900
20131011,17.2200,17.5200,16.7000,16.8500,5900600
20131014,17.1200,17.3500,16.5500,17.3500,4391600
20131015,17.0300,18.1800,16.9300,17.0200,5175000
20131016,16.3500,17.0000,16.0400,16.6200,3845700
20131017,17.0300,17.5100,16.1000,16.5100,4502800
20131018,16.5000,16.8300,15.8600,16.6000,2538500
20131021,17.2500,17.5500,16.1100,16.2900,4022100
20131022,16.6500,17.9700,16.3000,16.9300,3642700
20131023,16.4600,16.6000,15.8900,16.3500,2331600
20131024,16.5700,17.1000,16.1500,16.4000,2224200
20131025,16.2300,17.3300,16.2300,16.4100,2943200
20131028,14.6100,15.7900,14.6100,15.7900,1676500
20131029,13.7700,14.3300,13.4000,14.1000,3571600
20131030,13.9800,14.1700,13.7500,13.8500,1773000
20131031,14.0900,14.3800,13.6300,13.9800,1579400
20131101,13.7200,14.1800,13.7000,13.9900,1273100
20131104,15.0900,15.0900,14.0000,14.1000,1881000
20131105,16.6000,16.6000,15.8300,15.9100,2405900
20131106,18.2600,18.2600,17.1800,17.6000,11870200
20131107,17.8900,19.1000,17.4900,18.5100,7950100
20131108,18.1000,19.3600,18.0000,18.3800,9482800
20131111,17.8900,18.0200,16.7500,17.9400,6294000
20131112,17.8300,18.4700,17.3100,17.4700,5256100
20131113,17.4400,17.9800,16.8800,17.2000,3636000
20131114,19.1800,19.1800,17.1100,17.5800,9779900
20131115,18.3900,19.4500,18.3800,19.3400,8772500
20131118,18.1000,18.3900,17.4400,18.3900,6801300
20131119,18.7400,18.8700,17.6300,17.7400,6315400
20131120,18.1800,18.5500,17.8300,18.4500,3391300
20131121,17.5000,18.4500,17.3000,18.1700,3739800
20131122,17.7300,17.8400,17.0700,17.0700,2604200
20131125,17.1300,17.7800,17.1000,17.7500,1999600
20131126,17.8600,17.8600,16.6800,17.1700,3056500
20131127,17.9100,18.1500,17.5100,17.5300,2763600
20131128,17.4000,17.9300,17.2000,17.9300,2355800
20131129,17.6800,18.0000,17.3500,17.4100,1949500
20131202,15.9100,16.9100,15.9100,16.9000,2536700
20131203,15.9600,16.3000,14.9000,14.9000,1595100
20131204,16.7700,17.2500,16.4200,16.4200,1812800
20131205,16.6500,17.1900,16.6100,16.6100,1225800
20131206,16.9400,17.0800,16.5600,16.6500,830100
20131209,16.9200,17.2300,16.8100,17.2300,579200
20131210,16.6000,16.9800,16.0700,16.9500,847100
20131211,16.1800,16.5000,16.0800,16.4800,689600
20131212,16.4000,16.5900,16.1100,16.2400,680800
20131213,16.5100,16.6700,16.1800,16.2800,675100
20131216,16.5800,16.7500,16.2500,16.4500,766800
20131217,16.2900,16.6300,16.1000,16.3700,503100
20131218,16.2000,16.5900,16.1000,16.3700,497000
20131219,17.8200,17.8200,16.2300,16.2300,2816600
20131220,17.4000,18.4900,17.2600,18.1900,2626700
20131223,16.7000,17.8900,16.6600,17.4000,1845500
20131224,16.2900,16.5300,16.0100,16.4700,1805200
20131225,16.6000,16.6500,16.0600,16.2500,1404000
20131226,17.4000,17.5300,16.5000,16.6500,3238300
20131227,17.4300,17.7500,16.9300,17.0000,2239200
20131230,19.1700,19.1700,17.4600,17.4600,4831500
20131231,19.1200,19.3600,18.2300,19.2000,4187600
20140101,19.1200,19.1200,19.1200,19.1200,0
20140102,20.2500,20.5300,19.2200,19.7000,5084800
20140103,20.7800,20.9600,19.3500,19.7000,5640400
20140106,19.6000,20.5600,19.6000,20.5600,3637900
20140107,19.2100,19.5100,18.6000,19.2500,2382100
20140108,19.3000,19.7000,19.0000,19.5400,1911000
20140109,19.2800,20.2000,19.1600,19.4600,2672700
20140110,18.3100,19.5000,18.2600,19.2600,1789500
20140113,17.9500,19.4000,17.4000,19.4000,3272100
20140114,18.1200,18.3500,17.6000,18.0000,1969900
20140115,18.6800,19.7000,17.7500,18.1100,3565700
20140116,18.8100,19.3000,18.2800,18.7000,2666600
20140117,18.2100,19.0500,18.2000,18.5000,1720200
20140120,18.8100,18.9900,18.0000,18.2200,1539700
20140121,19.4800,19.6800,18.7500,18.7500,4076400
20140122,19.9400,20.2900,19.1500,19.5700,4279700
20140123,19.8000,20.1400,19.5300,19.9000,1931700
20140124,19.8500,20.5000,19.6000,19.7000,3295300
20140127,21.2100,21.7800,19.3000,19.8500,3872900
20140128,23.3300,23.3300,21.0100,21.0100,5461700
20140129,25.4600,25.6000,24.0700,24.2900,6480000
20140130,25.1800,25.3400,24.2500,25.3400,4491700
20140131,25.1800,25.1800,25.1800,25.1800,0
20140203,25.1800,25.1800,25.1800,25.1800,0
20140205,25.1800,25.1800,25.1800,25.1800,0
20140206,25.1800,25.1800,25.1800,25.1800,0
20140207,25.1000,25.1600,24.4000,24.9000,5364700
20140210,25.3000,25.3000,24.2300,25.0000,5326400
20140211,24.3000,25.2000,23.0000,25.1500,4487500
20140212,24.1900,24.4900,23.7100,24.1900,3170500
20140213,24.1500,26.1900,24.0000,24.4000,7518700
20140214,23.8300,24.2100,22.8800,23.3100,3090600
20140217,24.0500,24.9600,23.6500,23.8200,2887500
20140218,25.4000,25.5200,23.4200,24.0000,3882000
20140219,24.5400,25.8000,24.4600,25.1900,2693600
20140220,23.6200,25.1000,23.5000,24.5600,1867300
20140221,24.1000,24.2200,23.1300,23.1300,815400
20140224,24.9200,25.1400,24.0800,24.4900,1483800
20140225,22.4300,25.1800,22.4300,25.1000,2260200
