20130226,10.5000,10.7100,10.4400,10.4800,1580200
20130227,10.3200,10.5700,10.2100,10.4500,1243300
20130228,10.5500,10.5900,10.2400,10.3900,1006700
20130301,10.7600,10.7700,10.4600,10.5500,2166900
20130304,10.6400,10.9900,10.5100,10.7600,3219200
20130305,10.7700,10.8600,10.3800,10.6500,2212300
20130306,11.1900,11.2400,10.8000,10.8000,3802000
20130307,10.8600,11.2400,10.7100,11.2400,2612100
20130308,10.9200,11.1300,10.8600,10.8600,1570900
20130311,10.7200,10.8800,10.7000,10.8400,865300
20130312,10.2800,10.8800,10.0000,10.6800,1559900
20130313,10.0700,10.3500,10.0100,10.2800,804800
20130314,10.0600,10.2200,9.9600,10.0700,746400
20130315,10.0400,10.1900,9.9700,10.0600,833400
20130318,9.5500,10.0500,9.5500,10.0400,1225400
20130319,9.6400,9.6800,9.4200,9.5800,714900
20130320,9.9000,9.9800,9.6500,9.6500,922000
20130321,9.9800,10.0200,9.7800,9.9400,1100300
20130322,9.9600,10.0200,9.8800,10.0200,633700
20130325,9.8200,10.0200,9.7800,9.9800,948700
20130326,9.7500,9.8800,9.6600,9.8700,722800
20130327,9.7000,9.8900,9.6800,9.7800,678500
20130328,9.2800,9.6800,9.2600,9.6800,855600
20130329,9.2900,9.3600,9.2000,9.2000,316600
20130401,9.3100,9.4300,9.2800,9.3000,409200
20130402,9.1900,9.4000,9.1800,9.3100,419500
20130403,8.9800,9.2700,8.9200,9.2700,582200
20130404,8.9800,8.9800,8.9800,8.9800,0
20130405,8.9800,8.9800,8.9800,8.9800,0
20130408,8.9500,8.9500,8.7100,8.9500,560700
20130409,9.0800,9.1000,8.7000,8.9900,538700
20130410,8.9900,9.0800,8.9600,9.0800,333900
20130411,9.0200,9.1500,8.9900,9.0300,305800
20130412,9.0000,9.0600,8.9000,8.9400,225000
20130415,8.8500,9.0700,8.7300,8.9200,312200
20130416,8.9800,8.9800,8.7000,8.8000,328700
20130417,8.9900,9.0500,8.9000,9.0500,262200
20130418,9.0000,9.0500,8.9000,8.9100,389200
20130419,9.1900,9.2300,9.0100,9.0400,702400
20130422,9.1900,9.1900,9.0800,9.1500,482100
20130423,8.9500,9.2300,8.8900,9.2000,587500
20130424,9.0800,9.0900,8.9100,8.9500,361100
20130425,8.9300,9.1500,8.9300,9.1400,544100
20130426,8.5200,8.9700,8.5100,8.9700,806300
20130429,8.5200,8.5200,8.5200,8.5200,0
20130430,8.5200,8.5200,8.5200,8.5200,0
20130501,8.5200,8.5200,8.5200,8.5200,0
20130502,8.5600,8.6300,8.3700,8.5300,342200
20130503,8.6600,8.7300,8.5100,8.5800,349500
20130506,8.8900,8.8900,8.6600,8.6800,443400
20130507,8.8600,8.8600,8.7700,8.8600,315900
20130508,8.9000,8.9100,8.8200,8.8600,418600
20130509,8.9300,9.0100,8.8300,8.8800,453200
20130510,9.1500,9.1600,8.9500,9.0000,795000
20130513,9.1900,9.3400,9.1200,9.1600,811300
20130514,9.3100,9.3500,9.1500,9.2700,1227900
20130515,9.3300,9.3600,9.1800,9.3600,582900
20130516,9.4800,9.5300,9.2600,9.3800,1126900
20130517,9.4600,9.5300,9.3100,9.5000,979100
20130520,9.6700,9.7000,9.4700,9.5600,1563800
20130521,9.5200,9.5200,9.3500,9.5000,1293800
20130522,9.2900,9.5600,9.2300,9.5100,1287500
20130523,9.1900,9.3300,9.1600,9.3000,890300
20130524,9.3400,9.3500,9.2100,9.2800,649300
20130527,9.4100,9.4400,9.2800,9.3400,791000
20130528,9.4100,9.4100,9.3000,9.4100,707000
20130529,10.3500,10.3500,9.4300,9.4300,3909400
20130530,10.4700,10.8000,10.4000,10.4000,9582000
20130531,10.1300,10.5800,10.0500,10.5000,5765700
20130603,10.0100,10.1300,9.9200,10.0900,2997100
20130604,9.9600,10.0600,9.7400,9.9900,2044800
20130605,10.0400,10.0400,9.8100,9.9600,1763300
20130606,9.5800,10.1000,9.5800,9.9800,2017300
20130607,9.2100,9.6700,9.1400,9.6000,1843600
20130610,9.2100,9.2100,9.2100,9.2100,0
20130611,9.2100,9.2100,9.2100,9.2100,0
20130612,9.2100,9.2100,9.2100,9.2100,0
20130613,8.8300,9.0600,8.7000,9.0300,1369000
20130614,9.0600,9.1000,8.8100,8.9000,924600
20130617,8.9500,9.1000,8.8000,9.1000,883100
20130618,8.9600,9.0100,8.7900,8.9000,715800
20130619,8.8600,8.9700,8.7400,8.9000,765400
20130620,8.6600,8.9300,8.6600,8.8100,657200
20130621,8.7000,8.7400,8.2800,8.6600,911400
20130624,8.1600,8.6900,8.0800,8.6900,925500
20130625,7.9000,8.2500,7.3800,8.1000,1311900
20130626,8.0000,8.0400,7.8000,7.9100,736700
20130627,7.7200,8.0700,7.7200,8.0500,788600
20130628,7.8100,7.9000,7.5000,7.6300,584800
20130701,8.0800,8.1000,7.6600,7.8300,573300
20130702,8.0600,8.1400,7.9000,8.1400,470100
20130703,8.0700,8.1400,7.8700,8.0600,695200
20130704,8.1400,8.2800,8.0100,8.0100,574100
20130705,7.9300,8.2000,7.9200,8.1800,865700
20130708,7.6800,7.9100,7.6200,7.8600,667100
20130709,7.7500,7.7500,7.5300,7.6000,287700
20130710,7.9500,7.9500,7.7000,7.7700,458400
20130711,8.1900,8.2900,7.9100,7.9300,892700
20130712,8.1600,8.3100,8.0900,8.1600,657300
20130715,8.3100,8.3400,8.1600,8.2700,556000
20130716,8.3900,8.4500,8.2600,8.3500,394700
20130717,8.2500,8.4400,8.2200,8.4300,516200
20130718,8.1500,8.2800,8.0700,8.2000,645500
20130719,8.1700,8.4600,8.1300,8.1400,1030200
20130722,8.3100,8.3200,8.0100,8.1400,573400
20130723,8.5800,8.6700,8.3100,8.3700,911500
20130724,8.5200,8.5800,8.3800,8.5700,723800
20130725,8.3500,8.6000,8.3500,8.5800,498200
20130726,8.3500,8.4100,8.2500,8.2900,426100
20130729,8.1800,8.3500,8.1800,8.3500,366000
20130730,8.1800,8.2400,8.0100,8.2400,465800
20130731,8.1800,8.3000,8.1500,8.2100,320100
20130801,8.4100,8.4200,8.1700,8.1800,834100
20130802,8.4500,8.5500,8.3500,8.4500,580800
20130805,8.6200,8.6500,8.4500,8.4500,655300
20130806,8.7200,8.8000,8.5000,8.5900,894400
20130807,8.5500,8.7800,8.5500,8.7800,779600
20130808,9.1800,9.4100,8.6900,8.6900,4118100
20130809,9.0900,9.1900,8.9500,9.1600,2422200
20130812,9.3600,9.5400,9.0200,9.1600,2299500
20130813,9.2500,9.3300,9.1800,9.3300,1839200
20130814,9.0900,9.4600,8.3300,9.2500,3399000
20130815,8.8100,9.0300,8.7900,8.9500,2198000
20130816,8.7900,9.0700,8.7400,8.7400,1292000
20130819,9.0100,9.0200,8.7500,8.7800,1114300
20130820,9.9100,9.9100,9.1500,9.1500,4450500
20130821,9.8300,10.1600,9.7000,10.1000,6169700
20130822,9.9300,10.3300,9.7200,9.8100,4136600
20130823,9.6000,9.8900,9.4100,9.7900,2923500
20130826,9.8900,9.9900,9.5200,9.6300,1865600
20130827,9.8800,9.9900,9.7600,9.8900,1707400
20130828,9.7100,9.8400,9.6200,9.8400,1514600
20130829,9.7200,9.7500,9.6000,9.6800,1127700
20130830,9.3600,9.7400,9.3300,9.7400,1558900
20130902,9.4900,9.5300,9.3100,9.3100,730800
20130903,9.6300,9.6300,9.4300,9.4900,779900
20130904,9.5700,9.6300,9.5000,9.6100,889900
20130905,9.5500,9.6700,9.5000,9.5700,847400
20130906,9.7800,9.8300,9.5100,9.5200,1099300
20130909,9.8100,9.8800,9.7100,9.8300,1200800
20130910,10.1100,10.3000,9.8100,9.8500,3409200
20130911,9.8900,10.1400,9.7900,10.0500,1959600
20130912,9.8000,9.8800,9.7600,9.8300,1043300
20130913,9.8600,9.8800,9.7500,9.7500,690800
20130916,9.9000,9.9300,9.8000,9.9200,572600
20130917,9.6300,9.9500,9.6300,9.9000,711500
20130918,9.8300,9.9200,9.6100,9.6500,637000
20130920,9.8300,9.8300,9.8300,9.8300,0
20130923,9.8800,9.9500,9.7500,9.8700,1008900
20130924,9.9200,10.0700,9.8700,9.9800,1068600
20130925,9.7000,9.9500,9.6800,9.9500,1267400
20130926,9.4500,9.7500,9.4100,9.6800,1013000
20130927,9.4600,9.5200,9.4000,9.5000,444700
20130930,9.5600,9.6100,9.4500,9.4500,368200
20131001,9.5600,9.5600,9.5600,9.5600,0
20131002,9.5600,9.5600,9.5600,9.5600,0
20131003,9.5600,9.5600,9.5600,9.5600,0
20131004,9.5600,9.5600,9.5600,9.5600,0
20131007,9.5600,9.5600,9.5600,9.5600,0
20131008,9.7700,9.7900,9.5500,9.6400,740100
20131009,9.9000,9.9200,9.7000,9.8300,913200
20131010,9.7700,9.9700,9.7600,9.9700,683300
20131011,9.8800,9.9000,9.7700,9.8500,959900
20131014,10.0200,10.0400,9.8300,9.8300,1418500
20131015,9.9500,10.0400,9.8800,10.0200,1338800
20131016,9.6500,9.9800,9.5500,9.9600,1403000
20131017,9.7800,9.8800,9.7000,9.7000,766200
20131018,9.9800,10.0000,9.7000,9.7500,1043400
20131021,10.3600,10.4500,10.0300,10.0300,3370100
20131022,10.3900,10.4400,10.1000,10.3000,2862100
20131023,10.0400,10.3600,9.9700,10.3300,1751600
20131024,9.8900,10.0800,9.8300,10.0200,1140000
20131025,9.7300,9.9700,9.7000,9.9600,956200
20131028,9.7900,9.8800,9.6900,9.7600,614300
20131029,9.4900,9.9200,9.3000,9.9000,1385000
20131030,9.6300,9.6400,9.4200,9.4900,593900
20131031,9.6800,9.7800,9.6000,9.6500,597800
20131101,9.7300,9.8100,9.6400,9.7300,802300
20131104,9.9300,9.9400,9.7200,9.7400,800700
20131105,10.2600,10.3100,9.9700,10.0900,3680100
20131106,10.0300,10.2400,10.0100,10.1600,2015400
20131107,10.2800,10.2900,9.9200,10.0800,2291200
20131108,10.0800,10.3900,9.9800,10.3000,1922300
20131111,10.2100,10.2700,9.9500,10.1500,1416000
20131112,11.2300,11.2300,10.2200,10.2200,9276400
20131113,11.2300,11.2300,11.2300,11.2300,0
20131114,11.6500,12.2900,11.3100,11.3200,15422700
20131115,12.8200,12.8200,11.7500,11.7500,17345600
20131118,14.1000,14.1000,12.6200,12.8100,21976300
20131119,13.7200,14.2800,13.5100,14.2300,14072900
20131120,13.9900,15.0000,13.5500,13.6700,18246400
20131121,13.6500,13.9500,13.3500,13.6000,12946000
20131122,13.5600,14.1300,13.5200,13.6000,8419500
20131125,13.6300,14.0700,13.1100,13.3300,8600500
20131126,14.3700,14.4400,13.4700,13.6300,11224500
20131127,14.1200,14.4200,13.9100,14.1500,8178800
20131128,15.1500,15.4800,14.0500,14.1500,12200300
20131129,15.3100,15.7700,14.9300,14.9900,10833500
20131202,13.9500,14.7500,13.8800,14.7000,11625800
20131203,14.4300,14.4800,13.8300,13.8300,5203000
20131204,15.3600,15.4300,14.1200,14.4000,7785200
20131205,14.8200,15.5000,14.6900,15.1800,5934700
20131206,14.2200,14.7900,14.1800,14.6600,4507800
20131209,14.4500,14.6800,14.1900,14.2100,3255300
20131210,15.0100,15.3400,14.4700,14.4800,7328800
20131211,14.6000,14.8400,14.3000,14.7800,4079700
20131212,15.2000,15.3900,14.4100,14.4500,6357500
20131213,16.7200,16.7200,15.2000,15.2500,8033700
20131216,16.6500,18.3900,16.6000,18.1000,20694000
20131217,15.1500,16.1500,14.9900,15.9000,13722000
20131218,15.3500,15.4700,14.8300,14.9600,7553900
20131219,14.0400,15.3700,13.9600,15.3700,9751900
20131220,13.8300,14.2300,13.6200,14.1700,5277600
20131223,13.9200,14.0900,13.3600,13.8000,4242100
20131224,14.3700,14.5400,13.1200,13.8400,6116300
20131225,14.5800,14.7800,14.0500,14.1500,6070100
20131226,14.4500,15.2400,14.2700,14.4500,8132300
20131227,14.7400,14.9600,14.1100,14.2900,6528700
20131230,16.2100,16.2100,14.8100,14.8100,12433700
20131231,16.8800,17.3700,16.2000,16.9400,17389700
20140101,16.8800,16.8800,16.8800,16.8800,0
20140102,17.7700,18.2300,16.2800,16.5300,14409700
20140103,17.1000,17.8700,16.7100,17.4100,10632400
20140106,15.9500,17.0100,15.7700,17.0000,7450200
20140107,16.1500,16.2800,15.4300,15.8900,5967300
20140108,16.0100,16.7000,15.9700,16.2900,5614500
20140109,15.1800,16.1600,14.9900,15.7500,4946100
20140110,15.3200,15.6000,15.1200,15.1900,3648000
20140113,16.8500,16.8500,15.4100,15.4100,8005100
20140114,18.2700,18.5400,16.8000,17.0500,12260300
20140115,18.5000,19.6800,17.7200,18.1700,14956400
20140116,18.8300,19.6700,18.3600,18.4200,10270700
20140117,18.4700,19.0700,18.3000,18.4500,6271100
20140120,18.0600,18.6800,17.3100,18.3800,6840200
20140121,19.3000,19.4300,17.6300,17.8800,10216100
20140122,19.1500,20.1200,18.9300,19.0500,9561000
20140123,19.4600,19.7000,18.8200,18.8900,7328800
20140124,19.0600,19.5500,18.9600,19.2600,5386000
20140127,18.2800,18.9900,18.1900,18.7100,5232100
20140128,19.1000,19.2000,18.1500,18.2900,5829700
20140129,18.8200,19.1600,18.6000,18.9300,3910400
20140130,18.3000,19.0400,18.0300,18.5600,4398700
20140131,18.3000,18.3000,18.3000,18.3000,0
20140203,18.3000,18.3000,18.3000,18.3000,0
20140205,18.3000,18.3000,18.3000,18.3000,0
20140206,18.3000,18.3000,18.3000,18.3000,0
20140207,18.8400,18.9900,17.9600,17.9600,3636500
20140210,19.5000,19.8600,18.3600,18.9100,7071500
20140211,19.1700,20.0700,19.0500,19.3500,6183900
20140212,19.4700,19.6700,18.6200,18.9100,5773200
20140213,17.6000,19.8100,17.5200,19.2500,7438800
20140214,18.0500,18.1000,17.3800,17.6300,4115500
20140217,18.0600,18.1800,17.5500,17.9800,5604300
20140218,17.7300,18.0500,17.6500,18.0400,4177500
20140219,18.1900,18.2000,16.8100,17.6800,7111900
20140220,17.6100,18.2700,17.4000,18.0200,3036900
20140221,17.2600,17.7700,16.9000,17.4200,3145500
20140224,17.3400,17.4400,16.7800,17.1000,2613000
20140225,16.8800,17.9700,16.5000,17.3600,4825000
