20130226,8.0400,8.1850,8.0050,8.0200,6340900
20130227,8.5350,8.5600,8.0900,8.0900,22755300
20130228,8.5700,8.5850,8.3450,8.4600,11392400
20130301,8.5850,8.7500,8.5250,8.5350,10934500
20130304,8.2050,8.5450,8.1700,8.5250,8961900
20130305,8.3600,8.3900,8.1950,8.2000,6433500
20130306,8.3600,8.3600,8.3600,8.3600,0
20130307,8.3600,8.3600,8.3600,8.3600,0
20130308,8.3600,8.3600,8.3600,8.3600,0
20130311,8.2250,8.5050,8.1000,8.4900,9020700
20130312,7.8850,8.2300,7.7000,8.1500,8408000
20130313,7.7300,7.8700,7.6500,7.8700,4054200
20130314,7.7550,7.8500,7.6900,7.7200,3526400
20130315,7.9350,7.9900,7.7000,7.7550,5654500
20130318,7.7800,7.8800,7.7200,7.8450,2484800
20130319,7.6150,7.8400,7.4850,7.7500,3773900
20130320,7.8400,7.8500,7.6000,7.8000,6271400
20130321,7.8050,7.9000,7.7550,7.8400,9120700
20130322,7.9800,8.0400,7.8400,7.8400,7612400
20130325,7.8000,7.9900,7.7500,7.9800,7303000
20130326,7.6500,7.7950,7.5900,7.7950,5729000
20130327,7.6350,7.7250,7.5750,7.6500,3099900
20130328,7.4400,7.6100,7.3550,7.5950,4590900
20130329,7.2950,7.4850,7.1800,7.4250,3997000
20130401,7.4050,7.5000,7.2500,7.2650,2244400
20130402,7.3050,7.4750,7.2950,7.4100,2154000
20130403,7.2400,7.3750,7.2050,7.3100,1734600
20130404,7.2400,7.2400,7.2400,7.2400,0
20130405,7.2400,7.2400,7.2400,7.2400,0
20130408,7.3150,7.3400,7.0750,7.1550,2263100
20130409,7.4500,7.4650,7.2550,7.3250,2651900
20130410,7.4900,7.5350,7.3750,7.4350,2382900
20130411,7.4900,7.6450,7.4250,7.5550,4991100
20130412,7.3400,7.4850,7.3400,7.4050,2105800
20130415,7.2950,7.3500,7.1800,7.3350,2343500
20130416,7.3950,7.4350,7.1400,7.1400,4113900
20130417,7.3500,7.3700,7.1400,7.2500,3320300
20130418,7.6500,7.8600,7.3000,7.3600,9461000
20130419,7.7700,7.8300,7.6000,7.6500,9472100
20130422,7.7200,7.7700,7.5300,7.6900,6464600
20130423,7.7200,7.9500,7.6300,7.7700,7493200
20130424,7.7900,7.8400,7.5000,7.7700,7213300
20130425,7.7200,7.8000,7.5700,7.7800,5265200
20130426,7.5700,7.7400,7.5200,7.6900,2961200
20130429,7.5700,7.5700,7.5700,7.5700,0
20130430,7.5700,7.5700,7.5700,7.5700,0
20130501,7.5700,7.5700,7.5700,7.5700,0
20130502,7.4300,7.5700,7.4000,7.5700,2203100
20130503,7.8500,7.9600,7.4400,7.4900,8410100
20130506,7.8700,7.9600,7.8100,7.8700,6684400
20130507,7.8100,7.8800,7.6900,7.8800,6066500
20130508,8.1000,8.2000,7.7900,7.7900,9412300
20130509,8.1100,8.2600,7.9500,8.2500,8480300
20130510,7.9600,8.1900,7.9600,8.0900,5520900
20130513,8.0400,8.1500,7.9300,7.9300,4230300
20130514,7.9500,8.1000,7.8800,8.0400,3187800
20130515,8.0200,8.0500,7.8900,7.9500,3032500
20130516,7.8500,8.0100,7.7800,8.0100,6337100
20130517,8.1400,8.1700,7.8000,7.8100,7924300
20130520,8.8500,8.9500,8.2800,8.3400,23600600
20130521,8.7700,8.8600,8.5500,8.7000,14265100
20130522,8.5600,8.7500,8.5100,8.7300,7833600
20130523,8.5900,8.8600,8.5100,8.5100,8062500
20130524,8.6100,8.7500,8.4700,8.6000,5961800
20130527,8.7300,8.8900,8.5600,8.5800,6622200
20130528,8.5000,8.7700,8.4600,8.7600,8572800
20130529,8.6900,8.7500,8.5000,8.5000,5572500
20130530,8.8600,9.0000,8.5600,8.6500,9856500
20130531,8.5500,8.8500,8.5500,8.8200,10475000
20130603,8.5200,8.6400,8.3500,8.5200,6486800
20130604,8.2000,8.5300,8.1100,8.5100,5153100
20130605,8.4500,8.5200,8.2100,8.2600,5348700
20130606,8.1200,8.4600,8.0100,8.4300,5781300
20130607,8.1300,8.2100,7.8500,8.1200,5057500
20130610,8.1300,8.1300,8.1300,8.1300,0
20130611,8.1300,8.1300,8.1300,8.1300,0
20130612,8.1300,8.1300,8.1300,8.1300,0
20130613,7.9000,8.1000,7.6000,7.9900,3031000
20130614,8.0200,8.1000,7.7800,7.9000,3502900
20130617,8.0200,8.2100,7.9800,8.0700,3302700
20130618,8.0000,8.1300,7.9800,8.0800,3385300
20130619,7.9700,8.1800,7.7600,8.0900,3389400
20130620,7.7200,8.0200,7.7100,7.8600,2231600
20130621,7.5100,7.6300,7.2800,7.6000,4265000
20130624,7.0400,7.5100,6.8400,7.5000,5180300
20130625,7.0500,7.1500,6.4000,7.0000,5064800
20130626,7.2500,7.3100,6.9100,7.0800,4122100
20130627,7.1100,7.5000,7.0800,7.3800,2845500
20130628,7.2200,7.6100,6.9300,7.0100,3236100
20130701,7.4600,7.4900,7.1400,7.1900,1933400
20130702,7.4400,7.5300,7.3900,7.5000,2898700
20130703,7.4500,7.5100,7.3000,7.4100,2070000
20130704,7.5200,7.6200,7.3500,7.4500,2399000
20130705,7.6200,7.8500,7.4100,7.5300,3530900
20130708,7.5600,7.7500,7.3400,7.5100,2164200
20130709,7.4400,7.6500,7.3200,7.4800,1768300
20130710,7.5900,7.6000,7.4400,7.5700,1749100
20130711,7.9200,8.0600,7.7200,7.7200,6577600
20130712,7.7400,7.9800,7.6800,7.9200,3764600
20130715,7.7500,7.8400,7.6800,7.7600,3542600
20130716,7.6900,7.8000,7.5500,7.7500,4969600
20130717,7.4400,7.6800,7.4300,7.6800,4483400
20130718,7.2200,7.4600,7.1300,7.4000,6541200
20130719,7.0200,7.2700,7.0200,7.2200,3566500
20130722,7.1600,7.1700,6.9200,7.0000,2223600
20130723,7.3300,7.3700,7.1400,7.1500,2789000
20130724,7.2700,7.3300,7.1200,7.3200,3252600
20130725,7.8200,7.9600,7.2800,7.2800,12311600
20130726,7.7600,7.8400,7.6200,7.7500,5377400
20130729,8.1300,8.3700,7.8500,7.8500,15212400
20130730,8.1800,8.3100,7.9400,8.0500,8701600
20130731,7.9500,8.3300,7.9500,8.1900,6771800
20130801,8.0800,8.1100,7.7600,7.9800,7823200
20130802,8.3100,8.5300,8.0600,8.1000,10228700
20130805,8.4200,8.4700,8.2500,8.2800,5306200
20130806,8.6900,8.7000,8.2500,8.4000,9070200
20130807,8.7200,8.8100,8.5000,8.7000,9713400
20130808,8.3000,8.7600,8.2500,8.6200,16654400
20130809,8.5000,8.5600,8.2000,8.3500,7976400
20130812,8.5000,8.6000,8.3800,8.5100,6032100
20130813,8.5100,8.6500,8.4200,8.5100,4600500
20130814,8.2700,8.5400,8.2600,8.5100,7546500
20130815,8.1400,8.3300,8.1400,8.2800,3369900
20130816,8.0900,8.3500,8.0400,8.1000,3686200
20130819,8.2600,8.2700,8.0000,8.0900,2233400
20130820,8.3800,8.3900,8.2000,8.2500,4170200
20130821,8.4000,8.4100,8.3000,8.3800,3393000
20130822,8.2800,8.4600,8.2200,8.3300,4552000
20130823,8.1900,8.3300,8.0500,8.2500,3674100
20130826,8.3900,8.3900,8.1500,8.1900,4040000
20130827,8.3900,8.4700,8.2700,8.3900,3220000
20130828,8.1800,8.3600,8.1500,8.3600,4054200
20130829,8.0600,8.2400,8.0500,8.1800,2956100
20130830,7.8800,8.1300,7.8700,8.0700,4848000
20130902,8.0500,8.0700,7.7900,7.8000,3470600
20130903,8.2100,8.2300,8.0000,8.0800,3371400
20130904,7.9100,8.2600,7.9100,8.2100,7656800
20130905,8.3300,8.6700,8.1000,8.1000,20533700
20130906,8.1700,8.3100,8.0000,8.1900,8836800
20130909,8.1600,8.2200,8.0500,8.1200,4683100
20130910,8.1600,8.2100,8.0600,8.1800,5037700
20130911,8.0500,8.1700,8.0000,8.1700,5383500
20130912,8.2000,8.2100,8.0000,8.0600,4788300
20130913,8.2200,8.2700,8.1000,8.2500,4193900
20130916,8.1900,8.2500,8.1100,8.2300,3070400
20130917,8.0100,8.1600,8.0000,8.1500,3098600
20130918,8.1200,8.1300,7.9800,8.0000,2193800
20130920,8.1200,8.1200,8.1200,8.1200,0
20130923,8.2500,8.2800,8.0400,8.1400,5802500
20130924,8.1600,8.2300,8.1300,8.2300,3763300
20130925,8.0500,8.1700,8.0300,8.1300,3744100
20130926,7.8500,8.0800,7.8400,8.0500,4539200
20130927,7.8500,7.9400,7.8300,7.8600,1971900
20130930,8.0000,8.0200,7.8300,7.8700,2363000
20131001,8.0000,8.0000,8.0000,8.0000,0
20131002,8.0000,8.0000,8.0000,8.0000,0
20131003,8.0000,8.0000,8.0000,8.0000,0
20131004,8.0000,8.0000,8.0000,8.0000,0
20131007,8.0000,8.0000,8.0000,8.0000,0
20131008,8.3400,8.3800,8.1000,8.1000,8045400
20131009,8.3000,8.4500,8.2600,8.3500,6435600
20131010,8.5200,8.6400,8.3000,8.3200,11485200
20131011,8.6100,8.7700,8.4800,8.5600,9623000
20131014,8.3900,8.5800,8.3000,8.5800,10210100
20131015,8.4500,8.5300,8.3100,8.4100,6718700
20131016,8.2100,8.4500,8.0900,8.4500,6124800
20131017,8.6900,8.8400,8.2400,8.2700,16272000
20131018,8.4000,8.6800,8.3600,8.6700,14432200
20131021,8.6400,8.6800,8.2600,8.4400,11080700
20131022,9.5000,9.5000,8.5800,8.6600,45546100
20131023,9.2800,9.7500,9.2200,9.7000,32543500
20131024,9.1900,9.6500,9.1000,9.1600,19122600
20131025,9.4400,9.4500,8.9100,9.1900,15447400
20131028,9.4000,9.6500,9.0200,9.4300,14394000
20131029,8.6500,9.3900,8.4600,9.3100,18097800
20131030,8.7600,8.7600,8.1200,8.5000,14193200
20131031,8.3500,8.6400,8.3000,8.6300,9792500
20131101,8.2500,8.4000,8.1000,8.2600,7516000
20131104,8.1900,8.3800,8.1700,8.2600,5258500
20131105,8.4500,8.5400,8.1300,8.2000,6287400
20131106,8.3000,8.5800,8.3000,8.4500,5702700
20131107,8.1800,8.3500,8.1500,8.3200,3514600
20131108,7.8500,8.1800,7.8400,8.1000,6723700
20131111,7.9300,7.9700,7.7200,7.8700,3635000
20131112,8.0000,8.0000,7.8200,7.9000,3347800
20131113,7.6800,8.0000,7.6600,8.0000,4667700
20131114,7.7900,7.8600,7.5000,7.6200,3728300
20131115,7.9800,8.0500,7.7500,7.8000,6265600
20131118,8.1300,8.1500,7.9500,8.0000,6556100
20131119,8.0700,8.1300,8.0200,8.1200,3955000
20131120,8.2200,8.2500,8.0400,8.0800,4582500
20131121,8.0600,8.2000,8.0100,8.2000,4592800
20131122,8.1200,8.2600,8.1000,8.1600,4950000
20131125,8.1000,8.1900,8.0500,8.1200,2816900
20131126,8.1100,8.1200,8.0600,8.1000,2493500
20131127,8.3300,8.3600,8.1200,8.1200,6234100
20131128,8.4500,8.4600,8.2700,8.3100,6142100
20131129,8.4400,8.5500,8.3400,8.4400,5703200
20131202,7.8200,8.2300,7.6900,8.2000,9264000
20131203,7.9500,8.0000,7.7500,7.7500,4707100
20131204,8.1200,8.1700,7.9300,7.9400,4561400
20131205,8.0400,8.1200,8.0000,8.0800,3927400
20131206,7.9500,8.0700,7.9500,8.0400,3938700
20131209,8.0200,8.0400,7.9500,7.9600,3029800
20131210,8.2300,8.2700,8.0200,8.0200,7322100
20131211,8.1800,8.2200,8.1000,8.2000,3849300
20131212,8.2000,8.2800,8.1400,8.1700,3131300
20131213,8.3600,8.4100,8.1800,8.1900,5888300
20131216,8.1300,8.4200,8.1200,8.4100,5833000
20131217,8.0700,8.1800,8.0300,8.1500,2883800
20131218,8.0500,8.1400,8.0000,8.0800,2081700
20131219,7.9400,8.1200,7.9300,8.0600,3134000
20131220,7.7200,7.9900,7.6800,7.9300,3650600
20131223,7.7400,7.8400,7.6100,7.7500,1926600
20131224,7.8200,7.9200,7.7100,7.7400,2479800
20131225,7.9700,7.9700,7.7800,7.8000,2552000
20131226,7.6700,7.9900,7.6500,7.9800,4650300
20131227,7.8200,7.8900,7.6500,7.6800,2963100
20131230,7.8700,7.9300,7.8200,7.9300,2177700
20131231,7.8900,7.9400,7.8200,7.8700,1799800
20140101,7.8900,7.8900,7.8900,7.8900,0
20140102,8.1000,8.1500,7.8800,7.9600,4684600
20140103,8.1300,8.1300,7.9400,8.1000,3925500
20140106,7.9300,8.1300,7.8500,8.0900,2859400
20140107,7.9600,8.0200,7.8000,7.8900,2233900
20140108,8.1800,8.2000,7.9400,7.9600,5400900
20140109,7.9400,8.1700,7.9100,8.1700,3717600
20140110,7.7300,7.9300,7.7000,7.9000,3073500
20140113,7.7400,7.8300,7.7200,7.7500,2043300
20140114,7.9300,7.9400,7.7500,7.7500,1707200
20140115,8.0300,8.1200,7.9000,7.9400,2493300
20140116,8.0700,8.1400,7.9200,8.0500,4350900
20140117,7.9200,8.0500,7.9100,8.0500,2315100
20140120,7.7400,7.9100,7.6600,7.9100,3216900
20140121,7.9100,7.9300,7.7400,7.7400,1456900
20140122,8.0200,8.0400,7.8600,7.9300,2894900
20140123,8.0100,8.1400,7.9900,8.0300,5850500
20140124,8.1200,8.1700,7.9500,7.9900,4949000
20140127,8.1700,8.1800,8.0000,8.1100,4183300
20140128,8.1600,8.2500,8.0700,8.1600,3492300
20140129,8.2600,8.2900,8.1500,8.1600,4641500
20140130,8.2100,8.3500,8.2100,8.2600,3832800
20140131,8.2100,8.2100,8.2100,8.2100,0
20140203,8.2100,8.2100,8.2100,8.2100,0
20140205,8.2100,8.2100,8.2100,8.2100,0
20140206,8.2100,8.2100,8.2100,8.2100,0
20140207,8.3400,8.3400,8.1100,8.2000,3686700
20140210,8.5700,8.6400,8.3400,8.3600,8922200
20140211,8.5500,8.6200,8.4200,8.5800,5790200
20140212,8.7400,8.8900,8.5000,8.5000,6594300
20140213,8.4300,8.7500,8.4200,8.7300,5472100
20140214,8.6300,8.6500,8.4000,8.4300,5237200
20140217,8.8300,8.8600,8.6500,8.6500,7552000
20140218,8.9000,8.9500,8.7000,8.8300,8469900
20140219,8.7600,8.9600,8.7300,8.8600,6078300
20140220,8.5000,8.7900,8.4900,8.7500,5998100
20140221,8.6000,8.6400,8.4100,8.5000,4074800
20140224,8.5900,8.6300,8.3500,8.5900,4850000
20140225,8.4800,8.8400,8.3900,8.6000,8635700
