20130226,17.1000,17.4900,17.1000,17.2000,2013000
20130227,16.7600,17.1900,16.6300,17.0400,2029000
20130228,17.0100,17.0500,16.7000,16.7600,1290400
20130301,17.5000,17.6800,17.0000,17.1600,3468600
20130304,17.0300,17.3500,16.9300,17.2900,3172300
20130305,17.3600,17.5400,16.9100,17.0300,3325600
20130306,17.9100,17.9700,17.4100,17.4100,5931500
20130307,17.8300,18.1200,17.5600,17.8800,4234900
20130308,17.3100,17.9900,17.2200,17.7500,2566100
20130311,17.2000,17.5100,17.1300,17.3000,1341300
20130312,16.6600,17.6000,16.3500,17.2600,3412500
20130313,16.2100,16.6300,16.0000,16.6300,2145400
20130314,16.4500,16.6800,16.2200,16.2500,1275900
20130315,16.4100,16.6800,16.0000,16.4900,1894000
20130318,16.4700,16.7300,16.2000,16.3800,1504700
20130319,16.5800,16.5800,16.0200,16.3900,1347000
20130320,16.8300,16.9200,16.4800,16.5800,1784400
20130321,16.8500,17.1000,16.6800,16.8300,1924400
20130322,17.0000,17.5800,16.8000,16.8600,2804300
20130325,16.7000,17.0900,16.4800,17.0900,1876000
20130326,16.7200,16.7500,16.4200,16.6400,1275100
20130327,16.7300,16.9100,16.6000,16.6000,1361600
20130328,16.2500,16.6100,16.2200,16.6100,1853100
20130329,16.4200,16.7800,16.3400,16.3500,1241300
20130401,16.7700,16.7900,16.3500,16.3500,1188600
20130402,16.4800,16.9000,16.4200,16.8100,1270300
20130403,16.4500,16.5800,16.3300,16.3700,787700
20130404,16.4500,16.4500,16.4500,16.4500,0
20130405,16.4500,16.4500,16.4500,16.4500,0
20130408,17.2900,18.1000,17.0000,18.1000,10726000
20130409,17.7100,18.8000,17.6100,18.8000,15345300
20130410,17.4500,17.9300,17.0300,17.3400,6268400
20130411,16.8000,17.4300,16.6000,17.3600,5294400
20130412,15.9500,16.5000,15.9500,16.5000,6514100
20130415,16.0800,16.2600,15.6500,15.9100,3934600
20130416,15.6800,15.8400,15.3000,15.8400,3899200
20130417,15.8200,15.8900,15.5100,15.5500,3096800
20130418,15.7700,15.9700,15.7300,15.8300,2494900
20130419,16.0900,16.1600,15.7000,15.8100,3057100
20130422,16.2400,16.3400,16.0500,16.0500,3208200
20130423,15.6900,16.5300,15.6600,16.2700,3326600
20130424,15.6500,15.8500,15.5900,15.7100,3214400
20130425,15.7000,15.9100,15.3800,15.7100,3397500
20130426,15.7100,15.8000,15.3400,15.5600,3556000
20130429,15.7100,15.7100,15.7100,15.7100,0
20130430,15.7100,15.7100,15.7100,15.7100,0
20130501,15.7100,15.7100,15.7100,15.7100,0
20130502,15.6000,15.7200,15.5300,15.6700,1859300
20130503,15.8000,15.9100,15.5900,15.6500,2403500
20130506,15.9500,16.0000,15.7200,15.9400,3174000
20130507,15.9200,15.9500,15.7800,15.9000,1922300
20130508,15.9500,16.0500,15.7200,15.9100,2833700
20130509,15.7100,15.9600,15.5700,15.9600,2704000
20130510,15.8300,15.8900,15.5500,15.7000,2685600
20130513,15.9900,16.1900,15.7100,15.8300,3004400
20130514,16.2000,16.4100,15.8300,15.9900,4105700
20130515,16.1600,16.3800,15.9900,16.1000,3025700
20130516,16.6300,16.6900,16.1400,16.2100,8901600
20130517,16.7300,16.8900,16.4500,16.5800,4012800
20130520,16.5900,16.8800,16.3900,16.7600,4396200
20130521,16.8600,16.9000,16.4200,16.5000,3706500
20130522,16.9100,17.0400,16.6500,16.8900,3305700
20130523,16.5900,17.0000,16.5900,16.8700,3275800
20130524,16.6800,16.8500,16.5500,16.5500,2350600
20130527,16.7800,16.8000,16.5900,16.7000,2467600
20130528,17.0700,17.3000,16.7100,16.7800,4388000
20130529,16.9400,17.1000,16.8300,17.1000,2741500
20130530,17.1800,17.2600,16.8500,16.9400,3094900
20130531,17.1200,17.3900,17.0500,17.2000,3293100
20130603,16.7700,17.2400,16.7500,17.1000,2893800
20130604,16.4300,16.8700,16.3600,16.7100,2527700
20130605,16.3500,16.5000,16.1600,16.5000,2197700
20130606,16.1300,16.4100,16.0100,16.3200,1829500
20130607,15.8000,16.2200,15.6300,16.1500,2536200
20130610,15.8000,15.8000,15.8000,15.8000,0
20130611,15.8000,15.8000,15.8000,15.8000,0
20130612,15.8000,15.8000,15.8000,15.8000,0
20130613,15.2700,15.5800,15.1000,15.5600,2341400
20130614,15.5900,15.6700,15.2700,15.3600,1615000
20130617,15.7700,15.9300,15.4900,15.6100,2690200
20130618,15.7600,15.8800,15.5100,15.7700,1259000
20130619,15.7800,15.8200,15.5300,15.7200,1490600
20130620,15.5500,15.8700,15.3200,15.7600,1180900
20130621,15.2400,15.4600,15.1700,15.3800,2293100
20130624,14.4700,15.1800,14.0300,15.1800,2118200
20130625,14.7500,14.7700,13.1100,14.2700,1842400
20130626,14.9500,15.0500,14.5100,14.6800,1445300
20130627,14.8500,15.1100,14.6100,14.9500,1300100
20130628,14.6500,14.9800,14.5000,14.6000,1163100
20130701,14.7600,14.7800,14.1300,14.6700,935700
20130702,15.0800,15.0900,14.7700,14.7700,1175700
20130703,15.5800,15.7500,14.8300,15.0000,2235400
20130704,15.2900,15.6500,15.2000,15.4900,1745300
20130705,15.1500,15.5000,15.0800,15.2200,1170800
20130708,14.9000,15.2600,14.5800,15.0000,1059800
20130709,14.9700,15.1300,14.7400,14.8200,768900
20130710,15.3200,15.3900,14.9700,14.9700,772700
20130711,15.5300,15.6600,15.2700,15.4400,2121000
20130712,15.2000,15.7900,15.1300,15.5200,2063600
20130715,15.4000,15.4700,15.1800,15.2600,1979800
20130716,15.6900,15.7100,15.3900,15.4000,2192300
20130717,16.1500,16.6000,15.6000,15.6100,4275400
20130718,16.5900,16.7500,16.0700,16.1400,3902600
20130719,16.2100,16.7500,16.1800,16.6200,3539300
20130722,17.0000,17.0200,16.1000,16.2100,3867900
20130723,17.3000,17.3100,16.8500,17.1200,3928400
20130724,17.4300,17.7500,17.0600,17.2500,4221900
20130725,16.8200,17.4400,16.5800,17.4400,3594700
20130726,17.0200,17.2900,16.7200,16.7800,1980100
20130729,17.0000,17.1900,16.8000,16.9000,1492500
20130730,17.1300,17.2200,16.5500,17.0000,1628700
20130731,16.9900,17.2100,16.9000,17.1800,1914300
20130801,17.2500,17.4000,16.9300,16.9500,3167200
20130802,17.8800,17.8800,17.0400,17.2500,5910200
20130805,19.1500,19.6700,17.7800,17.8800,11971800
20130806,19.4600,19.8500,19.1500,19.1500,9105800
20130807,19.6000,19.7300,18.9300,19.3400,5319100
20130808,20.1400,20.4800,19.4000,19.5100,6037800
20130809,20.2100,20.4900,19.8300,20.4000,4222700
20130812,19.6900,20.4300,19.2500,20.2500,4223400
20130813,20.0500,20.2000,19.3300,19.5400,3192300
20130814,20.0200,20.3000,19.6900,20.1200,2204700
20130815,19.3000,20.4300,19.3000,20.4300,2941200
20130816,18.1500,19.1500,18.0100,19.1000,5223400
20130819,18.6300,18.6800,17.9500,18.0600,1900800
20130820,18.7200,18.9200,18.2300,18.4900,2475200
20130821,19.2900,19.6200,18.8000,18.8100,2991500
20130822,19.5000,19.9000,19.1100,19.1500,3061500
20130823,18.7000,19.3900,18.5000,19.2900,3399600
20130826,20.0000,20.1800,18.7600,18.7600,4663900
20130827,19.9000,20.2000,19.8000,20.1500,2015300
20130828,19.6000,20.0400,19.6000,19.8100,2717100
20130829,20.3100,20.8200,19.6100,19.6100,3627900
20130830,19.9000,20.2200,19.5100,20.2000,2810200
20130902,20.9600,21.1000,19.5600,19.5600,5298800
20130903,21.9600,22.5200,20.5300,20.8700,7156900
20130904,22.0900,22.4400,21.6600,21.6900,3319800
20130905,21.9100,22.4500,21.8000,22.0000,2626900
20130906,21.8900,22.3000,21.8000,21.9200,2154600
20130909,21.4800,22.4900,21.1000,22.0100,3075800
20130910,21.4600,22.0800,21.1500,21.1500,2232400
20130911,21.0200,22.4400,20.8300,21.5000,3071500
20130912,21.0600,21.3600,20.6800,21.0700,1549800
20130913,21.1000,21.3500,20.8900,21.1200,1012900
20130916,21.4600,21.6000,21.0000,21.0200,1656900
20130917,21.5100,22.3000,21.3500,22.3000,2972800
20130918,21.8400,22.2800,21.5600,22.2800,1827900
20130920,21.8400,21.8400,21.8400,21.8400,0
20130923,23.1600,23.5000,21.9000,21.9000,3663000
20130924,23.4800,23.4900,22.9800,23.1900,2330700
20130925,23.4300,23.9800,23.2500,23.4800,2682300
20130926,23.4000,23.9500,23.2200,23.5600,2130400
20130927,23.9900,24.2800,23.3600,23.5100,2277800
20130930,23.5200,24.1800,23.3000,24.0100,2106500
20131001,23.5200,23.5200,23.5200,23.5200,0
20131002,23.5200,23.5200,23.5200,23.5200,0
20131003,23.5200,23.5200,23.5200,23.5200,0
20131004,23.5200,23.5200,23.5200,23.5200,0
20131007,23.5200,23.5200,23.5200,23.5200,0
20131008,23.8800,23.9700,23.3800,23.3800,1579900
20131009,23.2900,23.9500,23.0000,23.9000,2249000
20131010,22.9900,23.4900,22.5900,23.4900,2274700
20131011,23.6800,23.8000,22.5600,23.0000,2147100
20131014,23.0000,23.8500,22.9900,23.8500,1817900
20131015,22.2000,23.2900,21.7000,22.9500,4829000
20131016,22.1200,22.3000,21.8000,22.2100,2173400
20131017,22.4000,22.5500,22.0000,22.1500,1719200
20131018,22.4300,22.9800,22.4000,22.4600,1424700
20131021,23.5200,23.5500,22.4500,22.7500,2279000
20131022,23.6800,23.8200,23.0000,23.2800,3094400
20131023,22.6200,23.8000,22.3200,23.7100,1897200
20131024,22.5000,22.9600,22.3700,22.7800,1266800
20131025,22.6800,23.2200,22.4100,22.4100,1661200
20131028,22.8500,23.2700,22.7400,22.9000,531500
20131029,22.1600,23.1000,21.7000,22.6800,2302400
20131030,22.4600,22.9800,21.9500,22.0200,654300
20131031,22.3000,22.5700,21.9500,22.4600,1093900
20131101,22.6400,22.9000,22.0400,22.2000,1260100
20131104,23.2200,23.3800,22.4000,22.6000,1059100
20131105,23.6500,23.9500,23.0300,23.2000,1635200
20131106,23.3000,23.8600,23.3000,23.7000,1371500
20131107,23.3200,23.7800,23.3100,23.3100,1418400
20131108,22.6000,23.5600,22.3500,23.3200,1508400
20131111,22.6500,22.8700,21.8500,22.6100,775600
20131112,22.8100,23.4000,22.5200,22.8500,976200
20131113,23.4100,23.5000,22.7600,22.7600,2255700
20131114,23.4200,23.5400,22.9000,23.2800,1192900
20131115,23.8300,24.3600,23.1100,23.1100,3024500
20131118,23.9900,24.3500,23.6000,23.6100,2183100
20131119,23.9200,24.1900,23.6300,24.1900,1728300
20131120,23.1000,24.1300,22.6600,23.9700,3119600
20131121,23.2900,23.6000,22.8200,22.9900,1800100
20131122,23.8800,23.9200,23.1000,23.5000,3262200
20131125,25.4500,25.6500,23.7400,23.8000,7399900
20131126,25.0300,25.8800,24.8000,25.2300,8251300
20131127,25.1600,25.2800,24.7000,24.9000,1779100
20131128,25.9500,25.9800,25.0700,25.1000,2141500
20131129,25.8300,26.5000,25.7100,25.9300,2062600
20131202,24.5700,25.1600,24.2800,25.0000,2934000
20131203,25.0000,25.4600,24.4000,24.5000,2341300
20131204,25.2900,25.4500,24.8100,24.8100,2957100
20131205,26.6000,26.6000,25.1400,25.1500,3276500
20131206,26.3400,26.7400,26.0800,26.6200,1445500
20131209,26.5600,27.2000,25.8200,27.0000,1803400
20131210,26.2600,26.5000,25.8200,26.5000,1479400
20131211,25.9900,26.2000,25.8000,26.1100,919000
20131212,25.8200,26.7100,25.8100,26.7100,1230900
20131213,25.5800,25.8500,25.3400,25.7900,1083100
20131216,25.1800,25.9900,24.9100,25.7700,1114600
20131217,25.3900,25.5000,24.8200,25.1700,626300
20131218,25.4900,25.6800,25.2800,25.3900,756600
20131219,25.1700,26.4000,25.1500,26.4000,809800
20131220,24.3800,25.2500,24.3100,25.1000,1533100
20131223,24.6300,25.2600,24.3000,24.3000,1475300
20131224,24.5300,24.7400,24.4000,24.6300,673500
20131225,24.7500,25.0600,24.3700,24.5800,606400
20131226,25.0500,25.3600,24.5000,24.7500,964600
20131227,24.9500,25.1900,24.3900,25.0000,1216800
20131230,25.3600,25.5900,25.1000,25.1000,2199700
20131231,25.2800,25.5500,25.1800,25.3600,1007700
20140101,25.2800,25.2800,25.2800,25.2800,0
20140102,25.6500,25.8900,25.3000,25.3000,1285400
20140103,24.6500,25.7500,24.4700,25.6500,1747500
20140106,23.2600,24.6100,22.7200,24.6100,2295700
20140107,23.2800,23.5600,22.8000,23.1300,912400
20140108,22.9400,23.8200,22.8200,23.2800,1006700
20140109,23.0400,23.9100,22.6200,23.9100,1202500
20140110,23.2800,23.7500,22.8100,22.8300,1168100
20140113,22.3600,23.4000,22.2000,23.2800,1064100
20140114,21.8500,22.5400,21.4200,22.3600,2281300
20140115,21.8000,22.2800,21.6700,21.8600,1631400
20140116,21.9800,22.1600,21.7200,21.7200,956700
20140117,21.9500,22.3700,21.8000,22.0000,1104100
20140120,21.0100,22.1000,20.9700,22.1000,1180000
20140121,20.5100,22.5100,19.7200,21.0300,4090500
20140122,21.3000,21.3500,20.1000,20.2100,2261600
20140123,20.7500,21.2900,20.7500,21.2700,2684500
20140124,20.9900,21.1900,20.7500,20.9200,1787500
20140127,21.0000,21.3500,20.9000,20.9900,2024000
20140128,20.7000,21.8100,20.6000,21.0400,1710800
20140129,21.1500,21.2600,20.5000,20.8000,1891100
20140130,20.7400,20.8200,20.4500,20.8000,1442300
20140131,20.7400,20.7400,20.7400,20.7400,0
20140203,20.7400,20.7400,20.7400,20.7400,0
20140205,20.7400,20.7400,20.7400,20.7400,0
20140206,20.7400,20.7400,20.7400,20.7400,0
20140207,21.2900,21.4200,20.5000,20.6600,1964500
20140210,21.9000,21.9600,21.2900,21.5400,2473000
20140211,21.8700,22.1800,21.7000,22.1000,1950400
20140212,21.9600,22.0300,21.6600,21.8700,2017200
20140213,21.5000,21.9400,21.5000,21.9400,1915900
20140214,21.3800,21.8000,21.2800,21.4800,2734600
20140217,22.0700,22.0800,21.1300,21.5500,3494400
20140218,22.9900,23.3800,22.3000,22.6000,5370200
20140219,22.7200,23.1800,22.5500,23.0000,2717700
20140220,23.2300,23.6600,22.8500,23.0500,3475500
20140221,24.8300,25.1500,23.1400,23.5000,6003300
20140224,24.9400,25.4300,24.5400,24.8300,4141700
20140225,23.3600,24.9300,23.1500,24.9300,5387800
