20130226,8.6000,8.8950,8.4250,8.5000,10867800
20130227,7.9450,8.6450,7.9000,8.5050,16011000
20130228,7.9750,8.0150,7.6250,7.8700,9727400
20130301,8.0500,8.0800,7.8900,7.8950,6765100
20130304,7.8750,7.9950,7.7500,7.7750,9017600
20130305,8.1250,8.1400,7.7500,7.8500,8848000
20130306,8.4250,8.4900,8.0850,8.1350,9761500
20130307,8.2700,8.4300,8.1500,8.3850,6834600
20130308,8.2000,8.3750,8.1250,8.2500,6511600
20130311,8.4850,8.5600,8.0750,8.1000,9800200
20130312,8.1850,8.6200,8.0800,8.4050,10676900
20130313,8.2400,8.3100,8.0250,8.1850,4527700
20130314,8.7400,8.7800,8.2750,8.3050,14312900
20130315,8.5850,8.8900,8.5550,8.7500,10250100
20130318,8.8250,8.8950,8.5900,8.6250,8929100
20130319,9.2150,9.2450,8.7000,8.8500,11266600
20130320,9.1800,9.2300,8.9250,9.1500,12660500
20130321,9.1850,9.3500,9.0300,9.1750,9973200
20130322,9.0950,9.4400,9.0000,9.3000,7237900
20130325,9.5300,9.5400,8.9100,9.0650,12417100
20130326,9.5900,9.6800,9.3600,9.4500,9430600
20130327,9.6900,9.7400,9.5150,9.6250,7683000
20130328,9.3250,9.6300,9.2950,9.5850,7418900
20130329,9.4650,9.6150,9.3200,9.3200,5183600
20130401,9.3900,9.5150,9.0450,9.4500,5758400
20130402,8.7550,9.5550,8.7000,9.4750,9711500
20130403,8.8750,9.0900,8.6650,8.7000,6335800
20130404,8.8750,8.8750,8.8750,8.8750,0
20130405,8.8750,8.8750,8.8750,8.8750,0
20130408,8.9600,9.0550,8.3500,8.6250,4743800
20130409,9.2200,9.2750,8.9600,8.9600,4788000
20130410,9.1100,9.2500,8.9750,9.2000,2633700
20130411,9.1000,9.2100,9.0400,9.1400,2067100
20130412,9.1900,9.4750,9.0250,9.0500,5964400
20130415,8.7000,9.2350,8.6650,9.1750,8769700
20130416,8.8300,8.9250,8.6500,8.7000,4198200
20130417,9.1000,9.2800,8.8150,8.8550,7971400
20130418,9.2600,9.3350,9.0400,9.0400,5750800
20130419,9.4000,9.4850,9.1900,9.3300,5250100
20130422,9.5200,9.6450,9.2600,9.4800,7107100
20130423,9.0750,9.5250,9.0500,9.5150,6586200
20130424,9.6950,9.7350,9.0650,9.0650,10720200
20130425,9.6050,10.0000,9.5150,9.7500,11219000
20130426,9.1800,9.8150,9.1000,9.6000,8590600
20130429,9.1800,9.1800,9.1800,9.1800,0
20130430,9.1800,9.1800,9.1800,9.1800,0
20130501,9.1800,9.1800,9.1800,9.1800,0
20130502,9.4550,9.4650,9.0500,9.0500,4231500
20130503,9.6700,9.6850,9.4700,9.4700,5567600
20130506,9.9650,10.0500,9.5850,9.6800,8641800
20130507,9.8450,9.9750,9.6600,9.9000,6195400
20130508,10.2600,10.3200,9.7900,9.8950,9451600
20130509,10.2500,10.2900,10.0000,10.2400,7857800
20130510,10.0800,10.4450,10.0500,10.2000,9168000
20130513,10.2100,10.2150,9.8300,10.0500,6391200
20130514,9.9750,10.2300,9.7550,10.2300,6661200
20130515,10.0250,10.0650,9.8150,9.9400,7322200
20130516,9.9350,10.1000,9.8700,10.0250,6485700
20130517,10.2000,10.3100,9.8400,9.9250,8262000
20130520,10.6450,10.7800,10.2000,10.2000,12696100
20130521,10.7500,10.7850,10.5000,10.7850,7842200
20130522,10.5350,10.7150,10.3550,10.7150,7005400
20130523,10.5500,10.8400,10.4500,10.4550,9141800
20130524,10.8250,10.8700,10.5650,10.5750,7469400
20130527,10.9500,11.1300,10.6850,10.8450,9603000
20130528,10.6300,10.9250,10.5650,10.9000,7216200
20130529,10.6250,10.7100,10.3600,10.6500,6885500
20130530,10.5900,10.8000,10.3500,10.4500,6598800
20130531,10.3900,10.6700,10.3800,10.4000,5197300
20130603,10.8600,11.2600,10.4000,10.6800,16195500
20130604,10.2200,11.1900,10.0200,11.0200,13082500
20130605,10.6200,11.0800,10.0900,10.1000,17135600
20130606,10.1100,10.4800,9.9200,10.4800,10675700
20130607,9.5900,10.1000,9.3800,10.0000,12403200
20130610,9.5900,9.5900,9.5900,9.5900,0
20130611,9.5900,9.5900,9.5900,9.5900,0
20130612,9.5900,9.5900,9.5900,9.5900,0
20130613,9.2200,9.3900,8.7900,9.3100,6577100
20130614,9.5000,9.6000,9.2600,9.2600,5860200
20130617,9.2700,9.5700,9.2600,9.3000,8174400
20130618,9.2400,9.3900,9.0700,9.3000,3856600
20130619,9.4800,9.5000,9.0600,9.2000,3951100
20130620,9.2200,9.6200,9.2200,9.4800,5417500
20130621,9.0500,9.1900,8.7600,8.9800,3792900
20130624,8.5200,9.1400,8.2500,9.0400,5141400
20130625,8.6300,8.6900,7.6700,8.5400,8578200
20130626,8.7700,8.8200,8.3200,8.5100,4909400
20130627,8.6500,9.0900,8.6300,8.8000,6563900
20130628,8.7700,8.9200,8.3500,8.5800,3643300
20130701,8.8600,8.8800,8.6100,8.6300,3262100
20130702,9.3100,9.3300,8.8700,8.8700,8390100
20130703,9.3900,9.4800,9.0500,9.2000,6342900
20130704,9.3600,9.6000,9.2500,9.3600,5680000
20130705,9.1000,9.4700,9.0100,9.3600,4663600
20130708,8.2800,8.9900,8.2500,8.9900,7596600
20130709,8.2900,8.4800,8.1000,8.2000,4255700
20130710,8.6800,8.8900,8.2500,8.2900,6681000
20130711,9.2000,9.3200,8.6000,8.6000,8414500
20130712,9.1900,9.4500,9.1000,9.2500,7456200
20130715,9.3100,9.3900,9.1700,9.1700,5429500
20130716,9.4800,9.4800,9.1200,9.2500,8887300
20130717,9.3200,9.6800,9.2800,9.5600,8126700
20130718,9.1800,9.4200,9.1000,9.2800,4998800
20130719,9.3000,9.6500,9.2000,9.2500,12110700
20130722,9.4600,9.4800,9.1000,9.2800,5824400
20130723,9.8800,9.8800,9.3600,9.4600,12776300
20130724,9.8900,9.9800,9.6100,9.7800,11003200
20130725,10.3600,10.5800,9.7600,9.8600,17042600
20130726,10.4900,10.5000,9.9700,10.2000,12416700
20130729,10.2600,10.7000,10.1800,10.3700,13449300
20130730,9.7800,10.3500,9.6100,10.2200,10264400
20130731,9.7500,9.9500,9.6500,9.7800,5812800
20130801,10.0400,10.0400,9.7300,9.7800,7726800
20130802,9.9200,10.0800,9.8500,10.0800,5954700
20130805,10.0000,10.0400,9.8200,9.8600,4330000
20130806,10.5200,10.6600,10.0100,10.0100,12667200
20130807,10.2800,10.5900,10.2600,10.4800,8647200
20130808,10.3300,10.3900,10.0000,10.2100,5976400
20130809,10.3900,10.5600,10.1700,10.3300,6369200
20130812,10.4900,10.5300,10.3500,10.4200,5574100
20130813,10.3700,10.5100,10.3200,10.5000,4778800
20130814,10.4500,10.5400,10.1500,10.4100,6548800
20130815,10.1000,10.5300,10.1000,10.4400,5987400
20130816,9.8500,10.2700,9.8100,10.0000,5378200
20130819,9.8900,9.9800,9.7500,9.8300,4093100
20130820,9.8300,10.0800,9.8000,9.9900,4760000
20130821,9.7500,9.8600,9.7000,9.8000,3804700
20130822,9.9400,9.9700,9.7100,9.7300,3435700
20130823,9.8000,10.0300,9.6800,10.0000,3415900
20130826,10.1000,10.1100,9.8000,9.8000,4146400
20130827,9.8000,10.0300,9.6500,10.0200,10133200
20130828,9.2900,9.7000,9.2800,9.7000,11797500
20130829,9.3200,9.3600,9.1600,9.2900,3459600
20130830,9.1700,9.3700,9.0600,9.3000,3694800
20130902,9.2800,9.3300,9.0600,9.0600,2014400
20130903,9.3900,9.4400,9.2900,9.2900,2634100
20130904,9.2300,9.4400,9.2000,9.3900,2523200
20130905,9.3200,9.3500,9.1200,9.1900,2020200
20130906,9.3300,9.3900,9.2000,9.3200,2370100
20130909,9.4600,9.4700,9.3000,9.3300,3676800
20130910,9.4500,9.4800,9.3300,9.4800,3019400
20130911,9.2000,9.4500,9.1500,9.4100,4033000
20130912,9.1500,9.3200,9.1200,9.2300,2079400
20130913,9.2100,9.2300,9.1200,9.1500,1737200
20130916,9.1900,9.2900,9.1400,9.2900,1464300
20130917,8.9000,9.1900,8.8800,9.1500,3717900
20130918,9.0500,9.0600,8.8100,8.8900,1804000
20130920,9.0500,9.0500,9.0500,9.0500,0
20130923,9.2600,9.3200,9.0200,9.1400,3063900
20130924,9.4000,9.4000,9.1800,9.2600,3647700
20130925,9.9100,10.2600,9.4600,9.4600,14428300
20130926,9.8600,10.0700,9.7000,9.8500,7055800
20130927,9.9500,10.0500,9.7300,9.8000,5487900
20130930,9.8600,10.0400,9.7000,9.9000,3558100
20131001,9.8600,9.8600,9.8600,9.8600,0
20131002,9.8600,9.8600,9.8600,9.8600,0
20131003,9.8600,9.8600,9.8600,9.8600,0
20131004,9.8600,9.8600,9.8600,9.8600,0
20131007,9.8600,9.8600,9.8600,9.8600,0
20131008,9.8900,9.9300,9.6400,9.8800,3595600
20131009,10.0200,10.0300,9.7300,9.8900,5068900
20131010,10.1400,10.3100,10.0100,10.0300,8115800
20131011,10.1400,10.3400,10.0700,10.2000,6872900
20131014,10.1600,10.3000,10.0600,10.1700,5458100
20131015,9.9200,10.2400,9.8800,10.1900,5066400
20131016,10.0700,10.0900,9.7700,9.9200,5385000
20131017,9.9900,10.2400,9.9500,10.1300,3967000
20131018,10.0100,10.1000,9.8300,9.9900,2788700
20131021,10.1800,10.2000,9.9400,10.0100,4813400
20131022,10.7500,11.2000,10.3100,10.3100,20553800
20131023,10.7200,11.1800,10.5100,10.6000,13890800
20131024,10.1800,10.8000,10.1600,10.7200,9233400
20131025,10.2400,10.4100,10.1000,10.1800,5561800
20131028,9.3000,10.3700,9.2600,10.2600,8777800
20131029,9.0900,9.3800,8.8800,9.3200,6368500
20131030,9.3000,9.4500,9.0800,9.0800,3023300
20131031,9.2500,9.4200,9.2000,9.2800,2122700
20131101,9.1600,9.3500,9.0200,9.2500,2079100
20131104,9.3300,9.4700,9.2100,9.2100,1884200
20131105,9.5000,9.5600,9.2200,9.3000,2304300
20131106,9.3400,9.5400,9.3400,9.4400,2040400
20131107,9.2600,9.4700,9.2500,9.4100,1641000
20131108,9.0100,9.2400,9.0000,9.2400,1951100
20131111,9.1200,9.1300,8.9000,9.0800,1444900
20131112,8.9700,9.1300,8.9300,9.1300,2804000
20131113,8.4300,8.9600,8.4000,8.9000,5124400
20131114,8.7000,8.8200,8.4200,8.4600,2883800
20131115,8.7900,8.8500,8.6400,8.7500,3475800
20131118,8.9300,8.9900,8.8200,8.8200,3122800
20131119,8.9700,8.9700,8.7900,8.9300,4214400
20131120,9.2200,9.8000,9.1400,9.8000,8343900
20131121,9.2200,9.4400,8.9700,9.0300,6520400
20131122,9.0500,9.2200,9.0000,9.0900,4859100
20131125,9.0900,9.3300,8.9800,9.3000,4348600
20131126,9.0300,9.1200,9.0100,9.0700,2560200
20131127,9.1100,9.1200,8.8100,8.9600,4744500
20131128,9.0300,9.1800,9.0300,9.0800,5222900
20131129,9.0400,9.1300,9.0100,9.0100,2851900
20131202,8.5100,8.9500,8.4100,8.8900,4942900
20131203,8.7400,8.7500,8.5100,8.5500,1652700
20131204,8.8700,8.9000,8.6400,8.7400,2527000
20131205,8.8700,8.9800,8.8100,8.8700,1858300
20131206,8.9000,8.9700,8.8500,8.8500,1282200
20131209,8.9000,8.9600,8.8600,8.9500,1513500
20131210,9.0300,9.0600,8.8900,8.9500,2904700
20131211,8.9100,9.1000,8.8000,9.0900,2892400
20131212,8.9600,9.0000,8.7000,8.7400,4297700
20131213,8.9300,8.9900,8.8200,8.9300,2115900
20131216,8.9400,8.9800,8.8000,8.9800,3457000
20131217,9.0500,9.0600,8.8800,8.9000,3127400
20131218,9.1800,9.2700,9.0600,9.0600,6699400
20131219,9.2000,9.2100,9.0400,9.1800,4329900
20131220,9.0600,9.2100,8.9200,9.1800,5743000
20131223,9.2600,9.3000,8.8200,9.0600,7088900
20131224,9.2500,9.2700,9.1100,9.1800,6510000
20131225,9.2900,9.3200,9.1000,9.2200,6673500
20131226,9.0800,9.3000,9.0700,9.3000,4086500
20131227,9.1100,9.2100,9.0500,9.0600,2937800
20131230,8.8900,9.1800,8.8800,9.1200,3393000
20131231,9.0200,9.0800,8.8000,8.8800,2282100
20140101,9.0200,9.0200,9.0200,9.0200,0
20140102,9.0900,9.1500,8.8900,9.0100,1897900
20140103,8.9300,9.0900,8.9200,9.0800,1826600
20140106,8.7000,8.9300,8.5800,8.8400,2219300
20140107,8.6200,8.7300,8.5100,8.7100,1302100
20140108,8.5700,8.6900,8.5100,8.6600,1375000
20140109,8.7800,8.9300,8.5100,8.5100,2578200
20140110,8.8400,8.9400,8.7500,8.7700,2652500
20140113,9.1300,9.1900,8.8800,8.9000,4626100
20140114,9.4600,9.6400,9.2800,9.2800,9968100
20140115,9.6600,9.7300,9.4200,9.5000,8801200
20140116,9.5900,9.7100,9.4900,9.6600,4649600
20140117,9.2300,9.5900,9.2100,9.5900,4080100
20140120,9.3500,9.4300,9.1300,9.2300,3098000
20140121,9.6900,9.8000,9.2400,9.2700,5259000
20140122,9.7200,9.7600,9.5500,9.5600,4781100
20140123,9.7600,9.8600,9.6100,9.7000,4394900
20140124,10.1600,10.3600,9.6900,9.7000,9545500
20140127,10.1600,10.3600,9.9500,10.0000,7920600
20140128,9.8600,10.1400,9.7300,10.0800,5280800
20140129,9.8000,9.9400,9.5900,9.8600,6361700
20140130,9.8500,9.8500,9.6600,9.7100,2640100
20140131,9.8500,9.8500,9.8500,9.8500,0
20140203,9.8500,9.8500,9.8500,9.8500,0
20140205,9.8500,9.8500,9.8500,9.8500,0
20140206,9.8500,9.8500,9.8500,9.8500,0
20140207,9.8800,9.9600,9.7200,9.7900,3257100
20140210,10.0600,10.2600,9.8500,9.9300,6128500
20140211,9.7100,10.1100,9.6100,10.1000,7541700
20140212,9.8300,9.8500,9.6500,9.6700,4346000
20140213,10.4600,10.5500,9.7000,9.8300,11520600
20140214,10.5200,10.5200,10.2400,10.3400,8013400
20140217,10.4500,10.8100,10.3700,10.5400,9111000
20140218,10.5700,10.7500,10.3500,10.4500,6975800
20140219,10.7000,10.9900,10.5100,10.5700,8823300
20140220,10.3000,10.7400,10.2500,10.7400,6852100
20140221,10.2300,10.4400,10.1000,10.3000,3332900
20140224,10.2400,10.3300,9.9000,10.1300,3354400
20140225,9.8300,10.3700,9.6500,10.2400,5076400
