20130226,30.6000,33.7900,30.5000,33.4000,11400800
20130227,30.8800,31.6900,30.3300,30.5000,6740300
20130228,31.3900,31.8500,30.6000,31.0900,5407600
20130301,31.9500,31.9500,30.7000,31.3800,5085700
20130304,33.1300,34.8900,32.5000,32.5000,8508800
20130305,33.7900,33.9300,32.3000,33.0100,7070600
20130306,35.7300,35.8600,33.9100,33.9200,9636500
20130307,35.0000,37.1800,33.9300,35.8000,7189700
20130308,33.8000,36.1700,33.1100,35.0100,6415300
20130311,33.5800,34.3000,32.6000,33.1600,4672900
20130312,32.1300,33.4000,31.2500,33.1000,8669500
20130313,31.1900,32.0300,30.7300,32.0200,5387700
20130314,33.0700,33.1000,31.2000,31.2000,5786100
20130315,34.7100,35.6100,32.6100,32.8900,8689400
20130318,36.2100,36.6800,34.0800,34.6500,6699700
20130319,36.4000,36.9800,35.5600,35.6200,5102400
20130320,39.2300,39.8000,36.1800,36.2000,6130400
20130321,39.3100,39.9900,38.1500,38.9500,4663700
20130322,38.3400,39.3300,37.9700,38.8700,5508600
20130325,39.1400,39.2500,37.8000,38.6000,4042200
20130326,40.0000,40.1000,38.1100,38.8000,4820200
20130327,38.7500,39.9700,38.4000,39.7700,4396900
20130328,38.2000,39.3900,37.7700,38.4200,3237300
20130329,39.0200,39.4000,37.8900,38.0500,3225500
20130401,39.1000,39.9900,38.5500,39.0200,2464000
20130402,36.6400,39.1500,36.5000,38.8000,6499300
20130403,36.9000,37.1800,36.2100,36.5000,2175300
20130404,36.9000,36.9000,36.9000,36.9000,0
20130405,36.9000,36.9000,36.9000,36.9000,0
20130408,39.3500,39.6000,35.8500,36.0000,5733500
20130409,39.0900,39.7000,38.6800,39.4400,2477500
20130410,38.2800,39.9000,37.2400,39.0500,6010200
20130411,37.8300,38.4800,37.5500,38.1000,1744700
20130412,39.2500,39.8000,37.8300,37.8300,3871500
20130415,38.6100,39.7000,37.7000,39.7000,3278300
20130416,38.6200,38.8800,38.0000,38.0100,3611400
20130417,40.3900,40.5000,38.6600,38.6600,9513200
20130418,39.9000,40.2000,39.3100,40.0000,6121300
20130419,39.8600,40.3000,39.6000,39.6000,6119500
20130422,43.1000,43.2900,39.6300,39.9900,8312400
20130423,43.1600,43.2500,41.8000,42.7000,6365000
20130424,42.8500,43.5900,41.8000,42.9900,6412100
20130425,40.6000,43.9500,40.1500,42.5500,7948000
20130426,39.9900,41.1800,39.1800,41.0300,5890000
20130429,39.9900,39.9900,39.9900,39.9900,0
20130430,39.9900,39.9900,39.9900,39.9900,0
20130501,39.9900,39.9900,39.9900,39.9900,0
20130502,39.1000,39.5000,35.9900,36.5000,10406700
20130503,41.6600,42.4500,38.8000,39.0800,7037800
20130506,42.3300,43.2000,41.4200,41.4200,3309000
20130507,41.8700,42.1000,40.9000,42.0800,4823400
20130508,42.5500,43.0600,41.7000,41.9700,4115900
20130509,41.7300,42.9200,41.4700,42.5700,2699100
20130510,40.9700,42.1700,40.5000,41.6100,2396900
20130513,40.0800,41.0000,38.5100,40.3500,5132800
20130514,39.3300,40.3800,39.1000,40.0000,3421200
20130515,40.0000,40.0100,38.7000,39.7700,4860200
20130516,40.0500,41.1700,39.6800,40.0100,4826200
20130517,41.0200,41.0800,39.5000,40.2500,4988500
20130520,27.3300,28.1000,26.7000,27.3500,11688600
20130521,27.2700,27.8500,26.5500,27.5500,10896800
20130522,27.3900,27.8000,26.3800,27.1800,11404000
20130523,26.7900,27.3600,26.6000,27.1800,7600000
20130524,29.1700,29.2800,26.8000,26.8000,17410600
20130527,29.1100,29.2100,28.2800,28.9900,10965800
20130528,28.3800,29.1000,27.9000,28.8000,12667100
20130529,28.4900,28.8800,27.9500,28.3000,8882400
20130530,29.6800,29.6800,28.4400,28.6600,12937000
20130531,28.5000,30.3900,28.4500,29.8600,14200400
20130603,27.8400,29.8900,27.5300,29.3000,17307500
20130604,27.3400,27.7600,26.5500,27.7000,7604800
20130605,27.7300,27.8700,27.0800,27.2400,5360400
20130606,26.7300,27.6800,26.5800,27.5900,8101600
20130607,26.8300,27.1500,26.4800,26.7300,4457700
20130610,26.8300,26.8300,26.8300,26.8300,0
20130611,26.8300,26.8300,26.8300,26.8300,0
20130612,26.8300,26.8300,26.8300,26.8300,0
20130613,25.8000,26.3800,25.3600,26.3800,7246500
20130614,26.2000,26.3500,25.7300,26.0000,7369900
20130617,27.2000,27.4500,26.0000,26.2400,9532800
20130618,27.6100,27.9800,26.8000,27.1000,8374500
20130619,28.5200,28.9700,27.4500,27.8000,16130500
20130620,27.7000,28.8000,27.4500,28.5100,10588500
20130621,27.6700,28.4800,26.4000,27.0000,9334400
20130624,26.2300,27.6500,26.0500,27.6200,8010400
20130625,26.2300,27.1000,24.0000,26.0000,14926500
20130626,26.9500,26.9900,26.1600,26.3500,8431100
20130627,27.4000,28.5500,27.0300,27.1000,14073100
20130628,27.9500,28.3000,26.3300,26.9000,9034000
20130701,30.0400,30.3500,27.6000,27.8900,17029400
20130702,31.7500,31.8000,29.9200,29.9500,20457800
20130703,34.8300,34.8900,32.6600,33.7000,32567900
20130704,32.9200,33.9000,32.6000,33.1000,27107800
20130705,31.5000,33.2000,31.4700,32.5300,18141700
20130708,30.7500,32.4500,30.2000,30.8000,14000900
20130709,32.4100,32.7800,30.5200,30.7000,13344200
20130710,32.1800,32.7800,31.6900,32.4500,8820000
20130711,31.7000,32.3200,30.7500,32.3100,13840700
20130712,32.5100,33.3500,31.3800,31.5500,14030800
20130715,32.9000,33.1900,32.0500,32.4500,12009900
20130716,32.2700,33.2800,32.0000,32.8500,8959200
20130717,30.6800,32.0000,30.0000,32.0000,22532200
20130718,30.5000,31.0700,30.2400,30.3500,8169900
20130719,29.3700,30.6900,29.3600,30.5500,10951700
20130722,30.0300,30.4300,28.7600,28.8500,8022700
20130723,30.9400,30.9400,29.9100,30.0000,9678800
20130724,30.7100,31.3200,30.4800,30.9600,9918300
20130725,29.6600,31.0600,29.6000,30.7300,7725500
20130726,29.0800,29.7700,28.7000,29.4600,6761800
20130729,28.8200,29.7500,28.6200,29.0000,5031700
20130730,30.3000,30.3400,28.7500,28.7500,9394800
20130731,30.8000,31.0700,29.8900,30.3600,7636300
20130801,31.1800,31.4500,30.5500,30.6000,9248100
20130802,33.0900,33.1600,31.4500,31.4600,15395600
20130805,33.3700,35.3000,33.1700,35.3000,18179500
20130806,33.8000,34.8000,33.4100,33.5500,10796000
20130807,34.4100,35.3500,33.8000,34.8900,14792500
20130808,33.3900,34.1000,33.0000,34.1000,9660300
20130809,33.3600,34.0400,32.9800,33.2000,8072000
20130812,34.3700,34.8800,33.5400,33.5400,8335200
20130813,33.9800,34.7800,33.5000,34.4000,5191600
20130814,33.1800,34.2000,32.8600,33.9000,7588700
20130815,34.1300,34.8000,33.1000,33.4800,11204800
20130816,33.4100,35.3700,33.4100,34.2900,10491200
20130819,35.0900,35.1800,32.6100,33.0000,9838200
20130820,36.1500,36.8000,34.9200,35.0600,12532700
20130821,35.9700,36.3000,35.0000,35.8400,6656600
20130822,35.6000,36.0900,35.3700,35.9000,4701500
20130823,35.0100,35.9500,34.6100,35.5500,5909400
20130826,35.8900,36.3000,35.1500,35.1500,6607700
20130827,35.3500,36.0000,35.1000,35.8900,5420900
20130828,34.4300,35.2500,34.3000,35.2500,4841100
20130829,33.8800,34.6600,33.6000,34.6500,4384900
20130830,33.7700,34.5000,33.4500,33.8000,3855300
20130902,34.0500,35.2500,33.8500,34.2000,6652100
20130903,36.0000,36.0500,34.3000,34.3000,9406400
20130904,36.5900,36.6600,35.3500,36.0000,9216200
20130905,38.7700,39.4600,36.6800,36.9800,19074800
20130906,38.1800,39.3600,38.1000,38.7700,9090000
20130909,37.5000,38.1600,37.1300,37.7000,9909500
20130910,37.9400,38.3600,37.2100,37.4000,6204200
20130911,37.0000,37.7900,36.2100,37.7600,5716200
20130912,36.7000,37.2800,36.3800,37.1600,3825000
20130913,37.8100,38.5000,36.3800,36.4000,6007700
20130916,37.5300,38.3000,37.2800,37.8000,4606300
20130917,36.7700,37.6000,36.6700,37.5300,5234700
20130918,37.1400,38.4000,36.8000,37.0000,6249100
20130920,37.1400,37.1400,37.1400,37.1400,0
20130923,37.7500,37.8800,35.8900,36.8000,6682600
20130924,39.0100,39.0100,37.0600,37.3700,8367700
20130925,37.8000,39.0000,37.7800,38.9800,4722400
20130926,38.0800,38.9800,37.1500,37.1500,5015300
20130927,39.6000,39.9900,38.0000,38.0000,8472500
20130930,41.6000,41.7900,39.6300,39.6300,9279700
20131001,41.6000,41.6000,41.6000,41.6000,0
20131002,41.6000,41.6000,41.6000,41.6000,0
20131003,41.6000,41.6000,41.6000,41.6000,0
20131004,41.6000,41.6000,41.6000,41.6000,0
20131007,41.6000,41.6000,41.6000,41.6000,0
20131008,41.6200,42.8800,40.9500,41.4000,8287200
20131009,42.1200,42.5800,40.8800,41.6000,5276200
20131010,41.8200,43.1500,41.5900,42.1200,5861800
20131011,41.8300,43.1000,41.2000,41.9300,5736500
20131014,40.6900,42.5000,40.5300,42.0000,6126100
20131015,40.9800,41.6400,40.2700,40.4900,5087800
20131016,40.7000,42.4600,40.3000,40.5200,7741300
20131017,39.9600,41.1300,39.1000,40.7500,6253300
20131018,40.8300,40.9000,39.8500,40.0000,3851000
20131021,44.9100,44.9100,40.8300,40.8300,9150800
20131022,44.4300,45.4000,44.1000,45.3000,7553800
20131023,41.1300,45.1800,40.8800,44.2200,9674500
20131024,41.4000,42.5000,40.4100,41.2200,6709500
20131025,40.3000,42.8800,39.1100,42.2500,10817000
20131028,36.2700,36.2700,36.2700,36.2700,2683800
20131029,33.7500,35.4900,32.8000,33.5300,26889500
20131030,33.1300,34.4800,32.1600,33.2400,15627500
20131031,32.3600,32.8000,31.5300,32.0000,10503700
20131101,32.4800,32.7000,31.3900,32.0500,8874900
20131104,33.7000,34.3200,33.0300,33.3900,12244000
20131105,32.8700,33.4000,31.8600,33.4000,20901800
20131106,31.9100,32.9700,31.8100,32.7500,9836900
20131107,30.0800,31.9000,30.0400,31.6500,14744100
20131108,29.3500,30.5100,29.3100,29.8000,10157400
20131111,30.8300,31.1000,29.3400,29.4300,10005700
20131112,32.3600,32.5200,30.7500,30.7500,14770700
20131113,31.2600,32.3500,31.1800,32.3500,8087200
20131114,32.5200,32.5700,30.8300,30.8300,11653900
20131115,34.3500,34.7200,32.6000,32.7800,18386900
20131118,35.5700,36.8000,34.8600,36.3400,38802200
20131119,33.5700,35.2700,33.0300,35.2700,33285100
20131120,33.5700,33.8000,33.0300,33.2700,13866800
20131121,33.0800,33.5100,32.6100,33.5100,13167200
20131122,32.8700,33.4800,32.8000,33.0000,7980500
20131125,31.7100,33.0100,31.6200,32.9500,12337500
20131126,31.7300,32.1000,31.5700,31.7200,8811000
20131127,32.1100,32.1700,31.2400,31.7000,10481100
20131128,32.8400,33.1500,32.1600,32.1600,12606300
20131129,32.5400,32.9800,32.2700,32.9800,9290900
20131202,30.5300,32.1500,30.3000,31.5000,12301000
20131203,31.0600,31.3500,30.4000,30.5000,6689400
20131204,31.1900,31.5300,30.6000,31.0600,15785600
20131205,30.2000,31.0600,30.1800,31.0000,14026100
20131206,30.0000,30.1900,29.6000,29.8000,9094100
20131209,30.6800,30.7000,29.8700,30.1500,8022600
20131210,30.8700,31.4300,30.5100,30.7500,11869000
20131211,30.6600,30.9200,30.4100,30.7000,5094100
20131212,30.9300,31.3000,30.4600,30.5400,8617200
20131213,30.7900,31.0500,30.5000,30.7000,5405900
20131216,30.2600,30.8900,30.0900,30.7900,6491300
20131217,29.2500,30.4500,29.1800,30.2700,11852700
20131218,29.0400,29.4300,28.5500,29.2800,7127000
20131219,29.0900,29.4700,29.0100,29.3400,6396300
20131220,29.8100,30.0000,28.7300,29.0000,8323600
20131223,29.1200,29.7200,28.7700,29.4800,7305700
20131224,29.8800,30.5000,29.5000,29.5000,11995000
20131225,30.2900,30.2900,29.5100,29.6800,8734400
20131226,29.8000,31.0000,29.7800,30.6100,11266100
20131227,30.3600,30.5800,29.8400,29.8400,7423500
20131230,30.6200,30.9700,30.0000,30.5800,9189500
20131231,30.7000,30.8600,29.8900,30.3300,6808300
20140101,30.7000,30.7000,30.7000,30.7000,0
20140102,30.3500,30.7800,30.1800,30.7800,7631200
20140103,29.7400,30.3400,29.1300,30.3400,11393200
20140106,29.6500,29.9800,29.2300,29.5500,6892600
20140107,29.8300,30.0000,29.3200,29.3200,5056200
20140108,31.0100,31.5000,29.6000,29.8300,17213000
20140109,30.3000,31.2500,30.1000,30.8000,13591000
20140110,30.1000,31.1300,29.9900,29.9900,12271700
20140113,27.9700,30.2000,27.8500,30.1100,21051100
20140114,27.3100,28.2000,26.4200,28.0500,20883400
20140115,27.6900,27.8000,26.7800,27.1300,12564100
20140116,27.2900,27.8900,27.1300,27.6000,9910300
20140117,26.8800,27.4400,26.7100,27.3000,6672600
20140120,26.8000,27.1800,26.6900,26.9000,4520300
20140121,27.3300,27.3600,26.7200,26.7300,7061700
20140122,28.1500,28.2100,27.4500,27.5000,11162800
20140123,28.3300,29.1000,28.3100,28.3500,14350800
20140124,28.7400,28.9500,28.0200,28.2000,9244000
20140127,27.9400,28.6400,27.8600,28.5000,10661500
20140128,26.3000,27.6900,25.9400,27.6900,20850200
20140129,26.4700,26.6300,26.3000,26.4800,7677100
20140130,26.0100,26.4100,25.9600,26.3900,6373800
20140131,26.0100,26.0100,26.0100,26.0100,0
20140203,26.0100,26.0100,26.0100,26.0100,0
20140205,26.0100,26.0100,26.0100,26.0100,0
20140206,26.0100,26.0100,26.0100,26.0100,0
20140207,26.7600,26.7700,26.0800,26.0800,7600600
20140210,29.0400,29.2000,26.9800,26.9800,19117200
20140211,29.6800,30.3400,28.8800,29.2000,24021200
20140212,29.5100,29.9300,29.1100,29.3400,11262900
20140213,29.4500,30.2700,29.3100,29.5000,14153100
20140214,29.7100,29.8000,29.1100,29.4100,9281300
20140217,29.8000,30.0000,29.3100,29.8200,12346900
20140218,31.1300,31.5500,29.4300,29.8800,26067000
20140219,31.0900,31.9300,30.7600,30.9500,18328400
20140220,30.1300,31.4100,30.1000,31.2000,14038600
20140221,29.8600,30.4600,29.6600,30.1000,8930700
20140224,29.8000,29.9000,28.9000,29.6400,8812200
20140225,29.7600,31.1500,29.3000,30.0800,15551800
