20130226,9.0200,9.2600,9.0000,9.2200,1547500
20130227,8.9300,9.1200,8.9000,9.0200,1001900
20130228,9.2800,9.3000,8.8800,9.0000,1840100
20130301,9.4200,9.4600,9.2000,9.2500,1561100
20130304,8.9500,9.3500,8.8000,9.2900,2619300
20130305,9.0500,9.0600,8.8400,8.9500,2200500
20130306,9.5600,9.5700,9.0500,9.1100,3636200
20130307,9.8400,9.9500,9.3500,9.5600,5156100
20130308,10.1300,10.1700,9.7400,9.8500,6414800
20130311,9.9700,10.1000,9.9500,10.0800,3772300
20130312,9.9200,10.1600,9.6000,10.0200,5372100
20130313,10.4300,10.4600,9.7100,9.8500,7810300
20130314,10.3700,10.5000,10.2800,10.3100,4174700
20130315,10.6400,10.9600,10.2000,10.3800,10909300
20130318,10.6000,10.9400,10.4100,10.5400,9796000
20130319,10.4800,10.7500,10.4100,10.4900,8404800
20130320,10.6100,10.8700,10.3100,10.3800,16614700
20130321,10.9900,11.0700,10.5300,10.6300,17338900
20130322,11.2500,11.4000,10.8700,11.0000,16481400
20130325,10.9800,11.5000,10.7100,10.9100,16299100
20130326,11.2000,11.2500,10.7900,10.9000,17249100
20130327,11.3500,11.5600,11.0500,11.2200,20580600
20130328,11.2700,11.5800,10.9000,11.2700,18033000
20130329,11.0000,11.4900,10.9000,11.2600,17891200
20130401,11.2000,11.4900,10.8900,11.0900,15396500
20130402,10.9600,11.2100,10.9000,11.1500,14420900
20130403,11.0500,11.1800,10.8800,11.1800,16844900
20130404,11.0500,11.0500,11.0500,11.0500,0
20130405,11.0500,11.0500,11.0500,11.0500,0
20130408,10.2800,11.0000,9.9500,11.0000,16473100
20130409,10.2100,10.2400,9.8300,10.0000,16229600
20130410,10.1500,10.2400,9.9600,10.0200,14432600
20130411,10.0100,10.3500,9.9900,10.1800,12473900
20130412,10.0100,10.1200,9.9600,10.0600,10791000
20130415,10.0700,10.2300,9.9700,10.0600,11038500
20130416,9.3400,10.2700,9.2800,10.0800,11345500
20130417,9.1100,9.2600,8.8000,9.2000,9141400
20130418,8.8900,8.9900,8.8600,8.9000,4686800
20130419,9.0600,9.0800,8.9000,8.9400,5254700
20130422,8.8900,9.0000,8.8300,9.0000,4470500
20130423,8.5900,8.9300,8.5600,8.9000,4824000
20130424,8.7300,8.7400,8.5300,8.6000,3383600
20130425,8.5600,8.8100,8.5400,8.6900,4076700
20130426,8.2400,8.6300,8.1700,8.5800,3430900
20130429,8.2400,8.2400,8.2400,8.2400,0
20130430,8.2400,8.2400,8.2400,8.2400,0
20130501,8.2400,8.2400,8.2400,8.2400,0
20130502,8.2700,8.3000,8.1200,8.2400,1503100
20130503,8.3800,8.4600,8.2800,8.2800,2813100
20130506,8.5900,8.6200,8.3800,8.3800,3063400
20130507,8.5500,8.6200,8.4900,8.5900,2384900
20130508,8.9800,9.1100,8.5700,8.5800,7743700
20130509,8.9900,9.0600,8.8000,8.9700,3790800
20130510,9.0300,9.1500,8.8400,8.9700,3598700
20130513,8.9000,9.0300,8.7300,9.0300,3224100
20130514,8.7100,8.9000,8.6800,8.9000,2335400
20130515,8.9400,8.9400,8.7100,8.7100,2073500
20130516,8.9400,8.9400,8.9400,8.9400,0
20130517,9.3000,9.4900,9.1200,9.2700,8920200
20130520,9.3800,9.4800,9.1900,9.3100,5515600
20130521,9.8500,9.9300,9.3300,9.4500,6647000
20130522,9.6500,10.2100,9.5400,9.9000,5776900
20130523,9.6700,9.7800,9.4300,9.6500,3652500
20130524,9.8100,9.8800,9.6100,9.6700,3355400
20130527,10.2900,10.5000,9.8800,9.8800,7750000
20130528,10.1900,10.4400,10.0600,10.2800,3296000
20130529,10.6400,10.7700,9.9900,10.1900,7319100
20130530,11.2100,11.5300,10.5000,10.6000,12299700
20130531,11.1800,11.8100,11.0700,11.3800,9930800
20130603,10.6500,11.4400,10.6100,10.9700,7727300
20130604,10.8700,11.3000,10.4200,10.8800,7484200
20130605,10.7300,10.8700,10.5100,10.6800,3620600
20130606,10.1600,10.8500,10.0000,10.6900,5988500
20130607,10.1500,10.2200,9.9600,10.0500,6137800
20130610,10.1500,10.1500,10.1500,10.1500,0
20130611,10.1500,10.1500,10.1500,10.1500,0
20130612,10.1500,10.1500,10.1500,10.1500,0
20130613,9.5000,9.9300,9.3500,9.9300,3412700
20130614,9.9500,9.9800,9.5200,9.5500,3053500
20130617,10.1100,10.3800,9.8200,9.9600,3856700
20130618,10.6100,10.8200,9.9400,10.1700,4593500
20130619,10.8900,10.9400,10.3500,10.4800,6633800
20130620,10.8700,11.2800,10.6700,10.7600,7810100
20130621,11.9600,11.9600,10.6300,10.6800,12830800
20130624,12.4900,12.8300,11.6800,12.2000,19337800
20130625,12.1900,12.7600,11.2400,11.9000,19760700
20130626,13.0100,13.4000,11.6200,11.9200,21904100
20130627,11.9400,13.0800,11.8100,12.8500,17086800
20130628,11.4600,12.2000,11.0700,11.7400,11301300
20130701,12.6100,12.6100,11.3000,11.5000,11409000
20130702,13.0800,13.1900,12.5400,12.8000,16733700
20130703,13.1500,13.5200,12.4400,12.8000,14292300
20130704,12.8300,13.5800,12.7500,13.1700,11484400
20130705,12.1400,12.8800,12.0600,12.7000,8855800
20130708,11.3500,11.8600,11.1600,11.8000,7539300
20130709,11.8800,11.9900,11.1800,11.4800,6102100
20130710,12.0900,12.2000,11.6700,11.9000,5804200
20130711,12.0300,12.2800,11.8600,12.1000,6210500
20130712,12.6400,13.1000,11.9300,12.0000,9828500
20130715,13.0200,13.2000,12.4100,12.6800,7830500
20130716,13.6000,13.8900,12.8200,13.0200,10776000
20130717,13.0600,13.7400,12.9600,13.5500,7787100
20130718,13.5300,13.5600,12.7800,12.9700,7473700
20130719,12.7700,13.7500,12.7000,13.5000,8468000
20130722,13.0500,13.1800,12.3000,12.3900,4853700
20130723,14.1500,14.2100,12.7500,13.0500,12174700
20130724,14.1900,14.3500,13.7000,14.0000,9265700
20130725,14.2200,14.5700,13.4800,14.0200,12149500
20130726,13.7800,14.5500,13.7500,14.1600,8089400
20130729,13.4000,14.2000,13.3800,13.7000,5326800
20130730,13.2800,13.7000,12.6500,13.4500,5589000
20130731,13.1100,13.4800,12.9400,13.2800,3704100
20130801,14.0000,14.0800,13.0900,13.0900,6559500
20130802,13.7900,14.2700,13.7200,13.9000,6182600
20130805,14.0200,14.1500,13.6200,13.7300,4504500
20130806,14.4000,14.4900,13.9500,13.9500,7160700
20130807,13.8100,14.5000,13.8000,14.5000,5476400
20130808,13.7600,14.1800,13.6700,13.8100,4042000
20130809,13.5800,13.9000,13.3100,13.7300,4529100
20130812,13.7000,13.8600,13.4700,13.6000,3460000
20130813,13.9000,13.9100,13.4500,13.7200,5570500
20130814,13.7000,14.0400,13.6500,13.8500,4116800
20130815,13.1000,13.7800,13.1000,13.7100,4831200
20130816,12.5200,13.1800,12.4400,13.0500,5051300
20130819,12.9700,13.0000,12.3800,12.4900,2963200
20130820,12.8200,13.0700,12.7600,12.9500,2108700
20130821,13.0500,13.1900,12.8000,12.8000,2501900
20130822,13.0800,13.1600,12.8500,12.9900,2154900
20130823,13.0400,13.2600,12.8000,13.0800,2808900
20130826,13.2500,13.4500,12.9500,12.9500,2874800
20130827,13.0500,13.2600,12.8900,13.2600,2615500
20130828,12.8100,13.0600,12.8000,12.9300,2157500
20130829,13.0200,13.3900,12.9500,13.0500,3422000
20130830,11.7200,13.0000,11.7200,12.9800,6970700
20130902,11.9000,12.0000,11.5800,11.7000,2433200
20130903,12.0700,12.1800,11.8200,11.9200,1926100
20130904,11.8700,12.1200,11.7800,12.1100,2863000
20130905,11.9300,12.0300,11.7900,11.8700,2307300
20130906,11.8800,11.9900,11.7500,11.9200,1881500
20130909,12.1600,12.2700,11.8900,11.9600,3553100
20130910,12.3500,12.5700,12.1200,12.1200,2952500
20130911,11.8400,12.3000,11.7800,12.3000,3306700
20130912,11.5500,11.9900,11.3400,11.8400,4740100
20130913,11.6700,11.7000,11.3800,11.5700,2234700
20130916,11.7800,11.9600,11.6700,11.6900,1801500
20130917,12.0500,12.2600,11.6000,11.7800,4278800
20130918,12.1000,12.1900,11.8900,12.0300,2009900
20130920,12.1000,12.1000,12.1000,12.1000,0
20130923,12.4800,12.5100,12.0800,12.0800,3015400
20130924,12.4100,12.7200,12.3800,12.4800,3747000
20130925,12.5300,12.7600,12.3500,12.4100,3977900
20130926,12.4000,12.7200,12.4000,12.5200,2453300
20130927,12.1600,12.5700,12.1300,12.3900,2137800
20130930,12.5500,12.5700,12.1600,12.1600,1840600
20131001,12.5500,12.5500,12.5500,12.5500,0
20131002,12.5500,12.5500,12.5500,12.5500,0
20131003,12.5500,12.5500,12.5500,12.5500,0
20131004,12.5500,12.5500,12.5500,12.5500,0
20131007,12.5500,12.5500,12.5500,12.5500,0
20131008,12.8600,12.8600,12.5500,12.5500,2855100
20131009,13.2000,13.2000,12.7000,12.8200,3636200
20131010,13.0500,13.1900,12.9800,13.1900,2795400
20131011,13.2300,13.4500,13.0500,13.0800,3075400
20131014,13.3100,13.6300,13.1700,13.2300,3262500
20131015,12.9300,13.3900,12.8000,13.3200,3478800
20131016,12.9300,13.0700,12.8200,12.8700,2282800
20131017,12.9400,13.3500,12.8800,12.9400,2300600
20131018,12.8100,13.1000,12.6100,12.8100,1714900
20131021,13.3000,13.3000,12.8100,12.8500,2358300
20131022,13.0100,13.3900,12.9600,13.3000,2958500
20131023,12.5000,13.0800,12.4200,12.9600,3103500
20131024,12.4800,12.6800,12.3300,12.4500,1246900
20131025,11.9700,12.6500,11.8500,12.5500,2353500
20131028,11.9000,12.1200,11.7400,12.0000,1282100
20131029,10.9500,12.0800,10.7100,11.9000,3031500
20131030,11.0100,11.2400,10.9300,10.9300,2493800
20131031,11.0300,11.1000,10.7800,11.1000,1714400
20131101,10.7900,11.0600,10.7700,11.0300,2516300
20131104,10.6900,10.8500,10.4900,10.8000,2829800
20131105,10.9500,10.9500,10.5400,10.6400,2037800
20131106,11.0400,11.2300,10.8000,10.9400,3088900
20131107,10.7500,11.1200,10.7500,11.0900,1658000
20131108,10.6000,10.8700,10.5000,10.7000,1266700
20131111,10.7700,10.8300,10.4600,10.7100,1135900
20131112,10.9000,10.9600,10.6800,10.7700,2231800
20131113,11.9900,11.9900,11.9900,11.9900,2338700
20131114,13.1900,13.1900,12.6800,12.8900,9540400
20131115,14.5100,14.5100,14.5100,14.5100,3616400
20131118,15.9600,15.9600,15.9600,15.9600,1660500
20131119,17.5600,17.5600,17.5600,17.5600,2044500
20131120,19.3200,19.3200,18.4200,18.6800,38300700
20131121,19.3200,20.6700,19.3200,19.6700,41271600
20131122,21.2500,21.2500,18.6100,18.8000,29644200
20131125,20.3000,21.0400,19.7800,20.6500,31173300
20131126,20.0300,21.2900,19.7300,20.0000,31489400
20131127,20.1800,20.1900,19.3200,19.5000,21568700
20131128,20.2900,20.7000,19.7100,20.2500,21859300
20131129,20.5500,22.3200,20.1800,20.1800,34007100
20131202,18.5000,19.2000,18.5000,18.5000,16795600
20131203,17.6400,17.8700,16.7100,17.3000,20533400
20131204,17.7300,18.3500,17.4100,17.5500,17059800
20131205,17.1100,18.1800,17.0100,17.6200,13219300
20131206,17.9500,18.1800,17.0100,17.1500,16599400
20131209,18.1400,18.2700,17.6200,17.8300,12807400
20131210,17.1900,18.3000,16.8600,18.1400,15295900
20131211,17.3000,17.7300,16.7800,17.0600,11726600
20131212,17.0200,17.5600,16.9300,17.0100,9564000
20131213,17.0900,17.2900,16.5200,16.7000,7927600
20131216,18.0100,18.5900,17.0000,17.1500,20723500
20131217,17.6600,17.9600,17.0100,17.7700,14017700
20131218,16.9700,17.7300,16.9500,17.4100,8938100
20131219,16.3000,17.1000,15.8200,17.0000,14449400
20131220,16.1100,16.4000,16.0000,16.1000,6598700
20131223,16.5300,16.6200,15.5000,16.0100,8131100
20131224,16.3000,16.9400,16.0000,16.6000,14950200
20131225,16.7600,16.9100,15.6500,15.7200,12455700
20131226,16.0500,16.9700,15.9500,16.6000,9284200
20131227,16.6000,16.8500,15.7200,15.9700,9253900
20131230,16.9500,17.2600,16.4900,16.6800,14160700
20131231,16.2500,16.7000,16.1200,16.6600,7600800
20140101,16.2500,16.2500,16.2500,16.2500,0
20140102,16.7000,16.9100,16.1700,16.3000,9232100
20140103,16.8000,17.1900,16.4000,16.5100,10844300
20140106,15.8000,16.7800,15.6000,16.6000,7376100
20140107,15.8700,16.0400,15.6200,15.7000,3588000
20140108,16.9300,17.3400,15.7700,15.9600,13072800
20140109,16.2300,16.9700,16.2100,16.7000,9682600
20140110,16.1900,16.6600,16.0000,16.0400,5308800
20140113,16.7700,17.1800,16.0000,16.2000,8224800
20140114,17.6600,17.6900,16.7000,16.7500,15561000
20140115,17.7200,17.8600,17.2000,17.4800,10692700
20140116,17.4800,18.0900,17.3400,17.6000,8971000
20140117,17.2800,17.6700,16.9800,17.3100,6706800
20140120,17.1800,17.4000,16.8100,17.1500,5487100
20140121,17.7500,17.7800,17.1000,17.1800,7292500
20140122,17.9000,18.4700,17.6600,17.8000,13741700
20140123,18.2600,18.5800,17.5800,17.8000,13535500
20140124,18.8800,18.9200,18.0200,18.0900,12638400
20140127,18.3800,20.2500,18.3500,19.8000,16297400
20140128,17.3600,18.1500,17.2500,17.9100,10914900
20140129,17.6300,17.7400,17.1700,17.4000,6317900
20140130,17.4700,17.8800,17.3500,17.5900,4940600
20140131,17.4700,17.4700,17.4700,17.4700,0
20140203,17.4700,17.4700,17.4700,17.4700,0
20140205,17.4700,17.4700,17.4700,17.4700,0
20140206,17.4700,17.4700,17.4700,17.4700,0
20140207,17.7500,17.8000,16.9000,17.3200,5964800
20140210,18.5100,18.7300,17.8100,17.8200,9308500
20140211,18.7500,18.8400,18.2200,18.6000,10472000
20140212,18.8400,18.9200,18.3500,18.9000,7908000
20140213,18.0200,19.0800,18.0100,18.7000,10272300
20140214,18.3100,18.4300,17.8800,18.0900,5368000
20140217,19.0600,19.1900,18.4700,18.4700,10482100
20140218,18.7000,19.1400,18.6200,19.0700,8317300
20140219,19.6000,19.7400,18.7100,18.7100,17204700
20140220,18.5500,19.6000,18.5200,19.6000,11508700
20140221,18.8100,18.9800,18.2900,18.3600,5984100
20140224,18.6300,18.7800,18.3100,18.6000,4969700
20140225,17.9500,19.5800,17.7100,18.5700,12362600
