20130226,9.9800,10.2000,9.9800,10.2000,1279900
20130227,9.9900,10.1500,9.9000,10.0100,802400
20130228,10.1100,10.1400,9.8800,9.9900,1573700
20130301,10.2200,10.2500,9.9200,10.0400,1759100
20130304,10.0600,10.3500,9.9500,10.1500,1439100
20130305,10.2000,10.2300,9.9000,9.9600,1194600
20130306,10.6000,10.8900,10.1100,10.2400,3733600
20130307,10.4800,10.6600,10.3700,10.5000,2444000
20130308,10.3400,10.6100,10.2000,10.4700,1311600
20130311,10.2700,10.4000,10.2300,10.3900,429500
20130312,10.0700,10.4000,10.0000,10.3000,1266700
20130313,10.0400,10.1500,9.8000,10.1400,1398800
20130314,10.1600,10.2000,9.8000,9.9500,907900
20130315,10.1800,10.2400,10.0100,10.0300,612100
20130318,10.3800,10.4600,10.0900,10.1600,1797700
20130319,11.2900,11.3300,10.2700,10.2700,7682500
20130320,11.0100,11.3900,10.7000,11.3300,7653600
20130321,10.9500,11.1400,10.8200,10.9300,4641200
20130322,11.1600,11.1800,10.7000,10.9100,4223100
20130325,10.8200,11.1900,10.7300,11.1600,2156900
20130326,10.8000,10.8000,10.3700,10.7300,2517300
20130327,10.8100,10.8400,10.6100,10.7000,1279000
20130328,10.5600,10.7900,10.5000,10.6900,1839300
20130329,10.6300,10.7400,10.5100,10.5500,905900
20130401,10.7600,10.8400,10.4000,10.6900,1624200
20130402,10.7600,10.8300,10.5600,10.7600,857500
20130403,10.5100,10.8500,10.4700,10.7600,1170000
20130404,10.5100,10.5100,10.5100,10.5100,0
20130405,10.5100,10.5100,10.5100,10.5100,0
20130408,11.0000,11.0000,9.7000,10.3800,2329700
20130409,10.8800,11.1000,10.7200,10.8000,2006400
20130410,11.0000,11.1900,10.7100,10.7100,3904800
20130411,10.9200,11.1100,10.8200,11.0000,1382900
20130412,11.0200,11.0500,10.7200,11.0000,1737000
20130415,10.8700,11.0300,10.6600,11.0200,821000
20130416,10.9000,10.9300,10.5100,10.6900,821800
20130417,11.1700,11.2600,10.7900,10.7900,2384200
20130418,11.7300,12.0800,11.1000,11.1800,3623600
20130419,11.8800,11.9700,11.5000,11.6400,2947800
20130422,12.3600,12.4400,11.7000,11.8100,2976100
20130423,12.2200,12.5000,11.9600,12.3300,2386100
20130424,12.3000,12.4200,12.1000,12.1000,1599000
20130425,12.7800,12.9500,12.1400,12.3900,4635400
20130426,12.0700,12.8700,11.7700,12.6900,2261600
20130429,12.0700,12.0700,12.0700,12.0700,0
20130430,12.0700,12.0700,12.0700,12.0700,0
20130501,12.0700,12.0700,12.0700,12.0700,0
20130502,12.4000,12.4200,11.6100,11.8200,1429400
20130503,12.8100,12.8600,12.2600,12.3800,2000000
20130506,13.1400,13.2300,12.6300,12.8300,1600500
20130507,12.9300,13.2600,12.9100,13.0800,1177600
20130508,13.0100,13.3300,12.8800,12.9300,1465400
20130509,12.6800,13.1000,12.6000,13.0200,1221100
20130510,13.2600,13.3900,12.7000,12.7600,1904900
20130513,13.1300,13.3000,12.8600,13.2600,1211700
20130514,13.1000,13.3300,12.9000,12.9200,980800
20130515,13.2000,13.2800,13.0000,13.0000,809400
20130516,12.9200,13.2800,12.7000,13.2400,1347500
20130517,13.0500,13.2200,12.7000,12.9000,1334700
20130520,13.6500,13.7800,12.9200,12.9200,1646900
20130521,14.4100,14.4800,13.5600,13.6500,2521000
20130522,14.1000,14.6300,14.0100,14.3800,1328900
20130523,14.1300,14.3000,13.9600,14.1000,1246600
20130524,14.0800,14.2000,13.6700,14.1300,1172300
20130527,13.9400,14.1200,13.7400,14.0100,1087500
20130528,13.6000,14.0500,13.4800,13.9900,1597300
20130529,14.3000,14.3000,13.4800,13.6000,1570000
20130530,14.3200,14.5000,14.1200,14.4500,1410900
20130531,14.6500,14.8000,14.2300,14.5000,1702900
20130603,14.7000,15.0500,14.5200,14.6100,2224700
20130604,14.7000,14.7800,14.1200,14.6900,2051400
20130605,14.5300,14.8900,14.4700,14.6700,709800
20130606,14.9200,15.0000,14.4200,14.4200,2062200
20130607,14.6800,15.1700,14.4500,15.0000,2248100
20130610,14.6800,14.6800,14.6800,14.6800,0
20130611,14.6800,14.6800,14.6800,14.6800,0
20130612,14.6800,14.6800,14.6800,14.6800,0
20130613,14.4000,14.5900,13.2100,14.5100,1835700
20130614,14.9400,14.9800,14.1000,14.1000,1645800
20130617,15.9800,16.1900,15.0100,15.0100,3530800
20130618,16.1300,16.1900,15.4100,15.8200,2015700
20130619,16.4000,16.6000,15.8500,16.0800,2300000
20130620,15.9400,16.7000,15.5100,16.3500,1707600
20130621,16.7000,17.1500,15.5200,16.5000,5718200
20130624,15.4500,16.2500,15.0300,16.1200,3020400
20130625,15.6200,15.7800,13.9100,15.0300,3096600
20130626,16.2800,16.4000,15.1000,15.5800,3020700
20130627,16.9600,16.9900,16.0800,16.1200,4671100
20130628,16.5500,17.4500,16.4800,16.8000,4073200
20130701,16.9500,16.9900,16.2700,16.5500,2351400
20130702,17.1600,17.3000,16.8000,16.9500,3393300
20130703,17.2800,17.4300,16.5100,17.0900,2940700
20130704,16.9300,17.2600,16.8600,17.1000,2654900
20130705,16.3800,17.0000,16.3800,16.8100,1645900
20130708,16.7500,17.2500,15.6400,16.1000,2444000
20130709,16.9800,17.0800,16.4000,16.4000,1965600
20130710,16.8500,17.1900,16.5000,16.8800,2126100
20130711,16.7700,16.9900,16.6500,16.8900,2321200
20130712,17.2900,17.4000,16.5500,16.7700,4426300
20130715,17.5800,17.6300,17.0500,17.2900,3756500
20130716,17.5600,17.9000,17.3100,17.7700,2170300
20130717,17.0800,17.5600,17.0200,17.5600,2087900
20130718,17.1300,17.8700,17.0400,17.0500,1366000
20130719,16.8200,17.3600,16.8000,17.1500,1769500
20130722,16.8900,17.0500,16.1800,16.3000,1579000
20130723,16.9500,17.2500,16.7800,16.8900,1438900
20130724,17.3000,17.4300,16.9500,17.3000,3162600
20130725,16.1900,17.4200,16.1900,17.3100,2165400
20130726,16.4800,16.6600,15.2000,16.0700,2772100
20130729,15.5400,16.4600,15.3800,16.1600,1528200
20130730,15.9800,16.2000,15.4300,15.4400,1550800
20130731,15.8400,15.9900,15.6000,15.9900,877700
20130801,15.9100,16.0000,15.5500,15.6600,1324900
20130802,16.1900,16.3300,15.8500,15.9000,1658700
20130805,16.3600,16.4800,15.7500,16.0800,1375700
20130806,16.1400,16.3800,15.8500,16.2000,1234600
20130807,16.7700,16.9000,16.1000,16.1500,2353000
20130808,16.8200,17.1400,16.4600,16.5300,1847100
20130809,16.9800,17.0400,16.7100,16.8200,1652300
20130812,16.8800,17.3000,16.7900,17.0600,1759200
20130813,16.8000,17.1800,16.7300,16.9600,1177500
20130814,16.7000,16.8800,16.5300,16.8700,1275000
20130815,15.5000,16.6000,15.4700,16.6000,4299600
20130816,15.4900,15.8700,15.1300,15.3900,1930400
20130819,15.6400,15.7500,15.1400,15.4900,1093300
20130820,16.1500,16.2200,15.6000,15.7100,1358300
20130821,16.1400,16.2000,15.8200,16.0000,607300
20130822,15.8000,16.1100,15.2000,16.1100,1858900
20130823,15.4300,15.8000,15.3000,15.8000,955900
20130826,15.5400,15.5800,15.3800,15.5800,756400
20130827,15.8300,15.8400,15.5400,15.5500,975700
20130828,15.5000,15.7600,15.4000,15.6500,767400
20130829,15.9000,15.9900,15.6700,15.6700,1196300
20130830,15.4100,16.0700,15.3200,15.9600,954900
20130902,15.6800,15.8200,15.3200,15.5100,717400
20130903,15.7500,15.9800,15.6100,15.9800,1444700
20130904,16.8400,16.9000,15.7000,15.8800,3243900
20130905,16.7200,16.9600,16.6000,16.6600,1653300
20130906,16.8400,16.9100,16.5800,16.7000,1095300
20130909,17.0600,17.4000,16.7000,17.0000,2438700
20130910,16.9900,17.3700,16.6600,17.2000,2203500
20130911,17.2800,17.2900,16.3500,16.9900,2460000
20130912,17.1500,17.2800,16.9000,17.0900,1225300
20130913,17.3400,17.4500,17.0700,17.1500,1671300
20130916,17.2400,17.8300,17.2300,17.6000,939700
20130917,16.7100,17.3600,16.6200,17.0600,767200
20130918,17.0000,17.0200,16.5800,16.8900,977300
20130920,17.0000,17.0000,17.0000,17.0000,0
20130923,16.9500,17.0900,16.8000,17.0900,905600
20130924,17.7900,17.7900,16.9500,16.9500,2599800
20130925,18.5000,18.8000,17.6200,17.8000,3315800
20130926,18.6000,18.9200,18.2000,18.4300,1752800
20130927,18.4100,18.9700,18.2500,18.7500,1246900
20130930,19.2700,19.5000,18.4100,18.4100,2082200
20131001,19.2700,19.2700,19.2700,19.2700,0
20131002,19.2700,19.2700,19.2700,19.2700,0
20131003,19.2700,19.2700,19.2700,19.2700,0
20131004,19.2700,19.2700,19.2700,19.2700,0
20131007,19.2700,19.2700,19.2700,19.2700,0
20131008,18.9800,19.4800,18.8400,19.3000,1609200
20131009,19.6500,19.6600,18.5900,18.9800,1762500
20131010,19.6500,19.9800,19.1100,19.4200,2189200
20131011,19.5500,19.6700,19.3500,19.4100,870000
20131014,19.0100,19.6500,18.9500,19.6000,1702700
20131015,19.8300,20.1300,19.4300,19.6000,2220300
20131016,19.5000,19.8100,18.6100,19.8100,2450700
20131017,21.4300,21.4500,19.2000,19.4500,4182400
20131018,22.7000,23.1000,20.7700,21.0100,3836600
20131021,23.3400,23.8000,22.0100,22.5900,4121700
20131022,23.3400,23.8000,22.7000,23.0200,3263200
20131023,22.6000,23.5000,21.3300,23.0300,1931800
20131024,22.3500,22.4500,21.5600,22.3500,1411500
20131025,21.9900,22.4700,21.5800,22.2000,1586700
20131028,20.7600,22.4600,20.1000,22.0100,1885700
20131029,20.7900,20.8700,19.3800,20.7500,1662800
20131030,21.1500,21.3100,20.4000,20.8500,1281800
20131031,19.8100,21.1400,19.5500,21.0500,1592700
20131101,18.9600,19.8000,18.4700,19.5000,1229700
20131104,19.4800,19.7500,18.9700,18.9900,931500
20131105,20.3700,20.4600,18.8200,19.2600,849200
20131106,20.3700,20.8600,20.0200,20.3000,937700
20131107,20.4100,20.6700,19.8100,20.2600,775400
20131108,20.5500,20.6800,20.0100,20.2000,658000
20131111,21.4300,21.6400,20.3400,20.4000,972300
20131112,22.2700,22.3800,21.2100,21.4400,1409200
20131113,21.5000,22.4000,21.5000,22.1400,740100
20131114,21.6600,22.0000,21.3000,21.3800,762800
20131115,21.2800,22.3800,21.2600,21.9000,983000
20131118,22.2700,22.3900,21.2100,21.2800,2103700
20131119,22.8800,22.8800,22.2000,22.3000,2000400
20131120,23.0000,23.0500,22.4000,23.0000,1045900
20131121,23.1800,23.2500,22.2100,22.8000,1468500
20131122,23.1800,23.3000,22.6000,23.0000,1260200
20131125,22.6000,22.9800,22.4800,22.9800,1487300
20131126,22.8000,22.8500,21.9800,22.6000,1374400
20131127,22.9000,22.9700,22.4200,22.7800,934400
20131128,23.1300,23.5000,22.7000,22.8800,1667200
20131129,24.0800,24.2500,23.3000,23.5000,2728700
20131202,22.6600,23.7200,21.9100,23.2800,2077600
20131203,23.6200,23.9800,21.7000,22.5900,1579000
20131204,24.5600,25.1500,23.6900,23.6900,2325900
20131205,24.1500,24.8900,23.8600,24.8000,1602300
20131206,23.5800,24.0000,23.0600,23.9900,1189800
20131209,25.8300,25.9400,23.7200,23.7700,5490700
20131210,25.3000,25.7900,24.3000,25.6000,4296000
20131211,25.0600,25.4000,24.6000,24.8000,1569000
20131212,25.0500,25.4500,24.6000,24.7100,1405300
20131213,24.7900,25.0500,24.0000,24.6500,2118800
20131216,24.7100,24.7800,24.2000,24.5800,1180300
20131217,23.4900,24.6600,23.3000,24.5000,1963400
20131218,23.4100,23.8300,23.2100,23.4800,1179000
20131219,22.1000,23.6800,22.1000,23.2100,1125900
20131220,22.5300,22.6900,22.3700,22.3700,1073800
20131223,22.7000,22.9400,22.1000,22.7800,638100
20131224,23.3000,23.3900,22.6300,22.6300,869100
20131225,24.1400,24.2800,23.0200,23.4800,1295700
20131226,24.5000,25.3000,24.2000,24.9700,1747700
20131227,24.8500,25.0700,24.0200,24.5900,1139300
20131230,24.8600,25.3000,24.6000,24.9500,632700
20131231,24.6500,24.9900,24.1600,24.8600,733700
20140101,24.6500,24.6500,24.6500,24.6500,0
20140102,24.1600,24.6400,24.1000,24.4000,949700
20140103,23.1100,24.4000,22.8000,24.0500,1418900
20140106,21.5100,23.1200,21.1000,23.1200,1699800
20140107,21.8600,22.3600,21.2100,21.5100,1089200
20140108,22.7500,22.7700,21.6800,21.7200,1057600
20140109,22.3100,23.0500,22.2800,22.7200,786400
20140110,24.0500,24.5400,22.6000,22.6100,6447000
20140113,24.3300,24.7000,23.5500,23.9900,1743200
20140114,24.5700,24.8700,24.3000,24.7000,1913600
20140115,25.3700,25.6800,24.5100,24.5500,4092300
20140116,25.5300,25.7800,24.8200,25.7800,1952600
20140117,25.1800,25.4900,24.6000,25.4900,1010700
20140120,25.1000,25.2800,24.2800,24.8500,981600
20140121,25.3800,25.6000,24.7000,25.0300,2103600
20140122,25.6000,25.7600,25.1900,25.4000,2235100
20140123,26.1200,26.6000,25.4200,25.4700,3409300
20140124,27.4000,28.1200,25.9000,25.9900,4134500
20140127,27.3800,27.8600,26.5100,27.4500,2755300
20140128,28.1800,29.0000,26.8000,27.3800,3216800
20140129,29.7900,29.9900,28.3500,28.3500,4269700
20140130,29.9100,30.4000,29.4000,29.8400,2448900
20140131,29.9100,29.9100,29.9100,29.9100,0
20140203,29.9100,29.9100,29.9100,29.9100,0
20140205,29.9100,29.9100,29.9100,29.9100,0
20140206,29.9100,29.9100,29.9100,29.9100,0
20140207,30.1800,30.7000,29.2100,29.8100,2243600
20140210,30.5900,30.6600,29.6800,30.1900,3251200
20140211,29.0000,30.9900,28.0000,30.7300,4469200
20140212,28.8000,29.2700,28.4000,28.8000,2503600
20140213,28.2700,28.8900,27.8100,28.6700,1704600
20140214,28.7000,28.8500,27.9600,27.9600,2282000
20140217,30.0000,30.1400,28.7200,28.7200,3084900
20140218,30.1500,30.5200,29.4800,30.1500,1756500
20140219,29.0000,30.9800,28.8000,29.8800,2229300
20140220,28.0000,29.2000,27.8000,29.2000,2955100
20140221,28.1900,29.1000,27.8800,28.1700,1194400
20140224,30.8600,31.0000,28.1000,28.1800,3519900
20140225,30.8000,31.7000,29.6100,30.8700,3219800
