20130226,13.5556,14.2148,13.5185,13.9630,7312600
20130227,13.1926,13.7778,12.9259,13.5222,8793900
20130228,13.1926,13.3667,13.0370,13.0370,5581800
20130301,13.9815,13.9889,13.1111,13.1111,9942200
20130304,13.8741,14.1074,13.5741,13.8704,6728100
20130305,14.1111,14.3704,13.7111,14.0778,11480400
20130306,15.5148,15.5222,14.2222,14.2926,18458700
20130307,15.5556,15.6296,14.9000,15.4444,15639400
20130308,14.4148,15.5444,14.0407,15.5444,15487700
20130311,14.0444,14.3482,13.0074,13.5926,9804000
20130312,13.2370,14.2074,12.6667,14.0000,15495800
20130313,13.0222,13.5333,12.8148,13.1111,6765400
20130314,13.1111,13.4815,12.8889,12.8963,6958800
20130315,13.8518,14.3556,13.1852,13.2444,15065800
20130318,14.0000,14.2222,13.7185,13.8889,10014500
20130319,13.7037,14.0370,12.9630,13.9111,10216700
20130320,13.5852,13.7037,13.1926,13.5333,8370500
20130321,13.4074,13.9111,13.2444,13.6000,12740700
20130322,13.3259,13.4000,13.0444,13.3333,7101000
20130325,13.0370,13.3333,12.9556,13.3333,7532900
20130326,13.8296,13.8815,12.9037,12.9630,14032700
20130327,14.8000,15.0889,13.4815,13.7852,22976200
20130328,14.8148,15.5185,14.3482,14.5778,21454200
20130329,15.0444,15.4889,14.4518,14.7778,18094900
20130401,14.7778,15.1259,14.4518,14.9630,13250700
20130402,14.1482,14.8148,13.9185,14.6593,11718900
20130403,14.6963,14.7704,14.0222,14.0370,10877800
20130404,14.6963,14.6963,14.6963,14.6963,0
20130405,14.6963,14.6963,14.6963,14.6963,0
20130408,15.0889,15.3037,14.2370,14.5926,12265300
20130409,14.8667,15.0148,14.4963,15.0148,10390800
20130410,14.3333,14.8000,14.1482,14.8000,8322700
20130411,14.2963,14.6370,14.2963,14.3482,5704500
20130412,13.7778,14.4444,13.7704,14.3037,6181800
20130415,14.0000,14.2222,13.7037,13.7778,4223000
20130416,14.5704,14.6667,13.3407,13.8518,9994700
20130417,14.8444,15.0815,14.4593,14.5926,8887200
20130418,14.5778,15.0074,14.4296,14.7407,8891100
20130419,14.9778,15.0370,14.4518,14.4815,9333000
20130422,15.2815,15.3037,14.6815,15.0000,10253700
20130423,14.9704,15.4370,14.6741,15.3333,8935500
20130424,16.0000,16.3704,14.8889,15.2000,21013700
20130425,16.2222,17.1259,15.7704,15.8518,22566800
20130426,15.8741,16.5778,15.7852,16.0444,10135700
20130429,15.8741,15.8741,15.8741,15.8741,0
20130430,15.8741,15.8741,15.8741,15.8741,0
20130501,15.8741,15.8741,15.8741,15.8741,0
20130502,16.4963,16.5926,15.2963,15.6667,8764300
20130503,16.6000,17.1481,16.5037,16.5037,8499300
20130506,17.3185,17.5037,16.6000,16.6000,11490700
20130507,17.2296,17.6074,16.9259,17.2593,8819900
20130508,17.3556,17.6074,17.1037,17.2296,7523000
20130509,17.0074,17.5556,16.8148,17.2963,9102100
20130510,16.9407,17.1778,16.6667,16.9630,5082500
20130513,17.2296,17.3926,16.7852,16.8889,5003600
20130514,17.8519,17.8519,16.9926,17.3556,8882900
20130515,19.5185,19.6370,17.6667,17.9556,16444500
20130516,20.2222,20.8148,19.1259,19.4815,12908600
20130517,20.2963,21.2000,19.7037,20.2593,9934200
20130520,20.4296,20.9630,19.1111,20.1333,14629000
20130521,20.3333,20.4370,19.7778,20.2963,9523300
20130522,22.1481,22.2444,19.7926,20.0741,12808800
20130523,23.2963,23.8815,21.7259,22.0518,16251300
20130524,23.2889,23.5556,22.6815,23.0370,8090000
20130527,25.1111,25.2444,22.8074,23.5259,10576600
20130528,24.0741,25.5556,24.0667,25.0074,9744800
20130529,23.6296,24.6518,22.9704,23.9407,10849800
20130530,23.6148,24.2593,23.2519,23.5333,6088900
20130531,23.0074,24.1333,22.8074,23.7037,8693400
20130603,21.9037,23.1111,21.4815,22.6963,12603500
20130604,21.8815,22.3037,21.1111,21.9259,7364400
20130605,21.9482,22.2074,21.7037,21.8889,6011800
20130606,21.2222,21.9111,20.2222,21.8519,10074600
20130607,21.8000,21.8222,20.4444,21.0667,8739300
20130610,21.8000,21.8000,21.8000,21.8000,0
20130611,21.8000,21.8000,21.8000,21.8000,0
20130612,21.8000,21.8000,21.8000,21.8000,0
20130613,22.7926,22.8519,20.5556,21.4815,10612400
20130614,23.1111,23.3926,22.3704,22.5037,7706300
20130617,22.9630,23.5407,22.6296,22.9630,7900400
20130618,22.6667,23.1852,22.2889,22.9778,4662700
20130619,21.5407,22.5556,21.4815,22.5556,7061400
20130620,19.6444,21.4741,19.3926,21.4741,11816500
20130621,19.7852,20.3407,18.8519,19.0370,6860100
20130624,19.4148,20.1481,18.2593,19.3482,6778200
20130625,20.7037,20.8889,18.3704,19.1111,9807400
20130626,21.6148,22.1852,20.3926,20.7037,13162500
20130627,21.4074,22.0889,20.7333,21.6222,7657100
20130628,21.1111,21.7778,20.8593,21.2444,3235300
20130701,21.7852,21.8296,20.7704,21.0074,5692000
20130702,22.4741,22.5926,21.6370,21.8519,7587900
20130703,21.9704,22.4148,21.5630,22.1852,5296900
20130704,21.7333,21.9259,21.2000,21.6296,4217600
20130705,21.1926,22.0444,21.1556,21.7259,3077900
20130708,20.1481,21.0370,19.6296,20.7481,5660400
20130709,20.7407,20.9259,19.9259,20.0963,3687200
20130710,20.9259,21.0667,20.5185,20.5259,2407600
20130711,21.8148,22.1926,20.9333,21.1778,5207300
20130712,21.8963,22.1185,21.7333,21.8222,4138400
20130715,22.6518,22.7407,21.8519,21.8889,7015700
20130716,22.4296,22.7407,22.2815,22.6518,3430700
20130717,21.3037,22.6815,21.2444,22.3704,4441800
20130718,21.3926,21.6667,20.9259,21.1111,2639500
20130719,22.0370,22.0444,21.0296,21.3333,5350600
20130722,23.5556,23.7556,21.9037,22.0741,9401600
20130723,24.3630,24.6667,23.1852,23.2370,9802000
20130724,24.8741,25.8148,24.0741,24.7185,7122200
20130725,23.2593,24.9852,23.1926,24.9630,6106600
20130726,24.2815,24.2889,22.8889,23.2222,4046600
20130729,23.3259,24.1481,22.9630,24.1481,3933300
20130730,23.3407,23.7704,22.4444,23.1259,2857100
20130731,23.0000,23.7778,22.8222,23.2963,2097700
20130801,24.1704,24.5926,22.6148,22.6370,5719300
20130802,23.8519,24.3407,23.6667,24.1481,2290900
20130805,24.5630,24.7852,23.7037,23.8519,2721200
20130806,25.5185,25.9111,24.6222,24.6222,6137300
20130807,25.1852,26.0000,25.0370,25.3185,3482400
20130808,25.1852,25.9259,24.5704,25.4741,4210900
20130809,25.4815,25.5778,24.3704,25.2222,3113800
20130812,24.5704,25.7037,24.5111,25.6889,3479200
20130813,24.3482,24.7704,23.5556,24.6148,3476300
20130814,25.0296,25.2370,23.7111,24.2593,4976900
20130815,24.1852,24.8148,24.0741,24.8148,3216000
20130816,23.4000,24.3407,23.2889,24.0148,2852200
20130819,23.6444,23.8296,23.0370,23.0370,2034600
20130820,23.3037,23.8519,23.1852,23.6296,1751700
20130821,23.0667,23.5926,22.8148,23.3333,3389000
20130822,24.1556,24.3333,22.8148,23.0667,5998800
20130823,23.7185,24.2667,23.4667,24.0000,2349200
20130826,23.7037,24.1333,23.5556,23.7111,2309300
20130827,24.0074,24.4222,23.7037,23.8148,3770000
20130828,23.1704,24.0074,23.1704,23.7037,2774500
20130829,23.0370,23.5926,22.8963,23.1630,1847900
20130830,23.1037,23.2444,22.2222,23.1111,3282500
20130902,23.0370,23.3185,22.5926,22.7852,1885900
20130903,23.1407,23.3259,22.7556,23.0074,1353500
20130904,22.8222,23.2593,22.5926,23.2593,1799400
20130905,22.7852,22.8963,22.5926,22.7926,1460500
20130906,22.2074,23.0444,22.1111,22.7852,4532900
20130909,21.7852,22.1852,21.6889,22.1852,3744400
20130910,22.2444,22.4000,21.2593,21.7037,3722000
20130911,21.9333,22.2519,21.4889,22.0889,2424700
20130912,21.8900,22.2300,21.4600,21.4600,2575400
20130913,23.2200,23.9800,21.8600,21.9000,5807200
20130916,23.1300,23.6000,22.9400,23.2000,3972600
20130917,22.9800,23.4200,22.8000,23.0600,2260100
20130918,23.1100,23.1900,22.8400,22.9800,2360600
20130920,23.1100,23.1100,23.1100,23.1100,0
20130923,23.4500,23.7000,22.5200,23.1500,3910000
20130924,22.8800,23.5800,22.5600,23.4500,4143100
20130925,22.4000,22.6700,22.0400,22.6500,4177900
20130926,22.8100,23.0500,22.2000,22.2500,3929100
20130927,22.8600,23.1600,22.6500,22.8300,3494400
20130930,23.0300,23.0700,22.6100,22.8000,2032300
20131001,23.0300,23.0300,23.0300,23.0300,0
20131002,23.0300,23.0300,23.0300,23.0300,0
20131003,23.0300,23.0300,23.0300,23.0300,0
20131004,23.0300,23.0300,23.0300,23.0300,0
20131007,23.0300,23.0300,23.0300,23.0300,0
20131008,23.3100,23.6300,22.8300,23.0300,2793400
20131009,23.9600,24.1500,23.2100,23.4700,5464800
20131010,23.9600,24.0300,23.6600,23.9600,2949000
20131011,23.7000,24.1500,23.1200,24.0500,3445000
20131014,23.1800,23.6500,23.0200,23.6500,3545500
20131015,23.4200,24.3900,23.2400,23.6100,5273600
20131016,22.9000,23.2300,22.3000,23.2300,5531100
20131017,21.5700,23.0600,21.3000,22.8800,8398400
20131018,20.9900,21.6900,20.3000,21.2100,5999400
20131021,21.7000,21.8800,20.6100,20.9900,4376700
20131022,21.4500,21.7000,21.2800,21.6600,2614800
20131023,20.8300,21.6600,20.6700,21.3500,2659100
20131024,20.5700,21.0500,20.5300,20.7700,1984000
20131025,20.7900,21.4100,20.4800,20.5500,2766600
20131028,21.1100,21.2500,20.7000,20.7900,2416600
20131029,20.9000,21.5300,19.8800,21.1700,3018300
20131030,21.1300,21.3000,20.6300,20.8100,1975100
20131031,20.7800,21.1600,20.6000,21.1300,1314000
20131101,21.1700,21.4000,20.3300,20.7800,2200100
20131104,20.3900,21.1200,20.3600,21.1200,2749700
20131105,19.9600,20.5200,19.7600,20.3900,3857400
20131106,19.3900,20.2000,19.2200,20.0300,4851400
20131107,19.1600,19.3900,18.3500,19.3000,4241300
20131108,18.6100,18.9900,18.5200,18.9900,2236600
20131111,19.4300,19.4600,18.3000,18.4000,2690600
20131112,20.1400,20.2000,19.2500,19.4400,4902900
20131113,19.5800,20.1200,19.4000,20.1200,3328300
20131114,20.0000,20.3000,19.3600,19.5800,2479300
20131115,19.9700,20.3200,19.9000,19.9500,2785800
20131118,19.7600,20.2200,19.5900,20.0100,4742000
20131119,20.1100,20.1100,19.6000,19.7500,4122800
20131120,20.1500,20.2100,19.8900,20.1300,1858900
20131121,20.7500,20.8500,19.6500,20.0600,4799400
20131122,20.3400,21.1000,20.3400,20.5300,3298200
20131125,20.2000,20.6700,20.0700,20.3300,2738100
20131126,19.9900,20.5300,19.9000,20.2100,1985000
20131127,20.0100,20.2300,19.7900,19.9000,3223700
20131128,20.2000,20.2800,19.9000,20.0100,2730900
20131129,20.6300,20.7600,20.0800,20.2500,4260800
20131202,20.6900,20.7300,19.9000,20.2900,5102400
20131203,21.1300,21.1400,20.4200,20.6500,5609500
20131204,20.9400,21.5600,20.9000,21.1300,4584100
20131205,20.9300,21.0300,20.2800,20.8100,3119800
20131206,20.7000,20.9100,20.6100,20.9100,1575600
20131209,20.4800,20.8300,20.3900,20.7200,2528200
20131210,19.8500,20.5400,19.8000,20.5400,4334200
20131211,19.4200,19.8000,19.1800,19.8000,3068200
20131212,19.6000,19.7500,19.2900,19.4200,3041300
20131213,19.5000,19.7800,19.0000,19.7800,5066700
20131216,19.0300,19.4900,18.9800,19.4900,3039800
20131217,19.2100,19.3600,18.8100,19.0000,2757300
20131218,19.4900,19.5200,19.1800,19.2000,2786000
20131219,19.3700,19.6300,19.3600,19.4000,1678700
20131220,18.8500,19.5000,18.8100,19.3700,1822100
20131223,20.2100,20.2900,18.5800,18.8600,5838600
20131224,20.1800,20.4600,19.8100,20.2200,4503000
20131225,20.4000,20.6800,19.7200,20.1900,4117500
20131226,20.3300,20.7100,20.2200,20.3000,2262900
20131227,20.1200,20.3800,19.9200,20.2000,2271100
20131230,19.7400,20.2100,19.6800,20.0600,2896400
20131231,19.7700,20.0000,19.6700,19.7500,1649400
20140101,19.7700,19.7700,19.7700,19.7700,0
20140102,21.3000,21.4800,19.7000,19.7700,8403900
20140103,22.3800,22.5900,20.8500,21.1500,9037100
20140106,21.8000,22.6500,21.6100,22.6000,4402400
20140107,22.2300,22.5000,21.6000,21.6000,5401100
20140108,22.5900,22.7800,22.2400,22.2400,5663400
20140109,21.8600,23.2000,21.8000,22.5900,6216900
20140110,20.9800,21.9700,20.9000,21.7000,4644300
20140113,21.3500,21.6900,21.0200,21.0200,2968700
20140114,22.2500,22.3400,21.2400,21.3500,2893100
20140115,22.6300,22.7100,21.9500,22.2000,3667400
20140116,22.2000,22.7000,21.9000,22.6300,2759400
20140117,22.1200,22.9400,22.1100,22.4000,3246100
20140120,21.3900,22.3200,21.0100,22.0900,3211400
20140121,21.8300,21.8700,21.2000,21.5500,2519400
20140122,21.9500,22.2500,21.5600,21.8100,4530800
20140123,21.9500,22.2900,21.8500,21.9500,3289000
20140124,23.4500,23.5700,21.6800,21.9100,8774300
20140127,22.9800,23.4500,22.8200,23.1500,5069000
20140128,23.1600,23.4400,22.9000,23.1900,4119100
20140129,23.1200,23.4400,23.0600,23.1700,3025700
20140130,22.4400,23.1300,22.3500,23.1200,3167900
20140131,22.4400,22.4400,22.4400,22.4400,0
20140203,22.4400,22.4400,22.4400,22.4400,0
20140205,22.4400,22.4400,22.4400,22.4400,0
20140206,22.4400,22.4400,22.4400,22.4400,0
20140207,22.0400,22.6000,21.8100,22.4400,4392000
20140210,23.0900,23.1300,21.9300,22.0400,6932400
20140211,22.4300,23.3000,22.4000,23.0000,6079300
20140212,22.3800,22.7000,21.9800,22.5000,6008500
20140213,22.3700,22.6900,22.2600,22.3900,6271300
20140214,22.1000,22.5100,21.8000,22.3000,5671300
20140217,22.3400,22.6200,22.1100,22.1300,5302500
20140218,22.9500,22.9800,21.9600,22.3000,8468100
20140219,22.7300,23.2000,22.6000,22.9600,8181800
20140220,22.4700,22.9200,21.9700,22.8000,4946000
20140221,22.0700,22.4700,21.9500,22.3500,2907900
20140224,21.7600,21.9000,21.0100,21.9000,4435200
20140225,20.5200,21.9500,20.2300,21.5600,5630100
