20130226,12.6800,12.9700,12.6500,12.8000,744300
20130227,12.6000,12.8500,12.4800,12.7000,702200
20130228,12.8500,12.8800,12.6100,12.6200,662600
20130301,13.0900,13.2500,12.8100,12.8600,1359100
20130304,13.1000,13.1800,12.7400,12.9900,1684700
20130305,13.6500,13.9600,13.0300,13.0800,3513100
20130306,13.7500,13.8600,13.4100,13.6000,2252300
20130307,13.4100,13.7000,13.3200,13.7000,1212600
20130308,13.2500,13.5900,13.2200,13.4000,713600
20130311,13.3100,13.5400,13.2300,13.3400,649300
20130312,12.7200,13.3600,12.5500,13.2200,1220800
20130313,12.6900,12.7700,12.5100,12.6200,550600
20130314,12.6300,12.8200,12.5700,12.6900,419100
20130315,12.6300,12.8200,12.4600,12.5700,627500
20130318,12.4000,12.6600,12.4000,12.4700,418300
20130319,12.3500,12.5500,12.1600,12.4000,294000
20130320,12.7400,12.8500,12.3600,12.3600,687400
20130321,12.8800,12.9700,12.6200,12.7000,1055100
20130322,12.9700,13.0200,12.8100,12.8800,784300
20130325,13.0900,13.3500,12.9400,13.0900,1994100
20130326,13.1100,13.1600,12.5800,13.0900,1471100
20130327,13.4100,13.7400,12.9100,13.0600,2753300
20130328,12.8500,13.3200,12.8500,13.3200,1654900
20130329,12.5200,12.9500,12.4900,12.7600,1001200
20130401,12.6000,12.7500,12.5300,12.5400,584900
20130402,12.4800,12.7900,12.4400,12.5400,556600
20130403,12.4000,12.5500,12.3700,12.4500,460200
20130404,12.4000,12.4000,12.4000,12.4000,0
20130405,12.4000,12.4000,12.4000,12.4000,0
20130408,12.0300,12.2000,11.6400,12.2000,789100
20130409,12.1400,12.2500,12.0000,12.0500,456500
20130410,11.9400,12.2300,11.8100,12.1400,483400
20130411,11.9200,12.0600,11.9000,11.9900,389900
20130412,11.7200,12.0100,11.7000,11.9000,358500
20130415,11.7100,11.8600,11.5700,11.7600,384400
20130416,11.8800,11.8900,11.4000,11.6000,382500
20130417,11.9200,11.9500,11.7200,11.7800,336100
20130418,12.1000,12.1900,11.8000,11.9200,584100
20130419,12.3400,12.4400,12.1600,12.3000,1039400
20130422,12.2600,12.3500,12.1400,12.1500,722600
20130423,11.8900,12.3500,11.8500,12.2800,712800
20130424,12.2300,12.2500,11.9000,11.9000,710800
20130425,12.0900,12.2800,12.0500,12.2400,718300
20130426,12.1300,12.2900,12.0700,12.0900,642000
20130429,12.1300,12.1300,12.1300,12.1300,0
20130430,12.1300,12.1300,12.1300,12.1300,0
20130501,12.1300,12.1300,12.1300,12.1300,0
20130502,12.2700,12.2800,11.9500,12.0000,541000
20130503,12.4300,12.5500,12.2700,12.3400,921300
20130506,12.6000,12.6800,12.4100,12.4500,748200
20130507,12.4800,12.6000,12.4100,12.5800,750500
20130508,12.7700,12.7700,12.4800,12.5100,1327900
20130509,12.6900,12.7800,12.5700,12.7800,874700
20130510,12.7400,12.7800,12.4300,12.5300,1282000
20130513,12.9000,12.9400,12.6200,12.7200,1016600
20130514,12.8200,12.9000,12.6100,12.8700,1031300
20130515,13.0600,13.1800,12.7300,12.7300,1239000
20130516,13.5300,13.5500,13.0100,13.1000,2901200
20130517,13.9200,13.9800,13.3300,13.4700,3435900
20130520,13.9500,14.4500,13.8300,13.9800,3250000
20130521,14.0100,14.2300,13.7100,13.8600,2003800
20130522,14.1100,14.2300,13.8900,14.0100,1980800
20130523,13.7700,14.2000,13.7500,14.0300,1864400
20130524,14.0500,14.0500,13.7300,13.7300,1068700
20130527,14.1600,14.3000,13.9800,14.0500,1528400
20130528,13.9000,14.1600,13.7500,14.1400,1304100
20130529,13.9100,14.0700,13.7900,13.8600,941100
20130530,13.7800,14.0300,13.7300,13.8900,1135100
20130531,13.6800,13.9200,13.6800,13.7800,1178400
20130603,13.7500,13.8400,13.6000,13.6900,842900
20130604,13.3400,13.7000,13.2100,13.7000,1037800
20130605,13.4000,13.5200,13.2600,13.3400,506600
20130606,13.1900,13.4000,13.1700,13.4000,468600
20130607,12.9800,13.4900,12.9800,13.3300,559000
20130610,12.9800,12.9800,12.9800,12.9800,0
20130611,12.9800,12.9800,12.9800,12.9800,0
20130612,12.9800,12.9800,12.9800,12.9800,0
20130613,12.7900,13.1200,12.6300,12.9100,623600
20130614,13.0000,13.0800,12.7500,12.7500,666700
20130617,13.7500,13.9500,12.8700,13.0000,1754800
20130618,13.7500,13.8800,13.4600,13.7400,925500
20130619,13.9900,14.0300,13.4100,13.7000,1348400
20130620,13.3800,14.0300,13.3500,13.8000,1256200
20130621,13.9000,13.9000,13.0500,13.1300,1451400
20130624,14.5500,14.9800,13.7900,13.9700,6103200
20130625,15.0000,15.0000,13.1600,14.3000,6065800
20130626,15.2600,15.3500,14.8000,15.0200,6012800
20130627,14.6700,15.3200,14.6300,15.0500,3944900
20130628,14.2200,14.7700,14.1000,14.3900,2498800
20130701,15.6400,15.6400,14.3000,14.5000,4701400
20130702,16.2000,16.2000,15.4200,15.7700,6718900
20130703,15.9800,16.2900,15.5700,16.0000,3846100
20130704,16.2500,16.8300,15.7000,15.8000,4746500
20130705,16.4300,16.9800,15.6500,16.1900,4522200
20130708,15.4800,16.7800,15.3800,16.0000,3720400
20130709,15.6500,15.8000,15.0700,15.3400,2506700
20130710,16.4100,16.5000,15.2000,15.5500,4051900
20130711,16.1300,16.6300,15.9600,16.1500,3558100
20130712,15.9300,16.5500,15.9200,16.1000,2791200
20130715,16.1900,16.1900,15.5600,15.9300,3266000
20130716,16.8200,16.9700,16.0400,16.1100,4822700
20130717,16.0200,16.7400,16.0100,16.6200,3097600
20130718,16.4200,16.4200,15.6200,15.8500,2338200
20130719,16.1300,16.5000,15.8300,16.2600,2129600
20130722,15.8900,16.2000,15.6200,15.8000,2042200
20130723,16.4000,16.4700,15.8200,15.8200,2342200
20130724,17.2900,17.2900,16.2200,16.3500,3985500
20130725,16.2900,17.3500,16.2900,17.3000,3063000
20130726,15.4200,16.0500,15.1900,15.6800,3061900
20130729,14.9800,15.4500,14.9000,15.4500,1708700
20130730,15.0300,15.4000,14.5000,15.0200,1598800
20130731,14.8800,15.3600,14.8100,15.1100,1374800
20130801,15.4300,15.4700,14.8600,14.9900,1716800
20130802,15.3700,15.6300,15.3200,15.4900,1888100
20130805,15.5200,15.6800,15.3500,15.3700,1856600
20130806,15.6300,15.7500,15.3500,15.5700,1810200
20130807,15.8900,16.1700,15.6000,15.6300,2724100
20130808,15.5900,15.8900,15.4600,15.8000,1593400
20130809,15.3800,15.7500,15.1600,15.5900,1574400
20130812,15.4500,15.5200,15.2600,15.3900,1208400
20130813,15.8800,15.9000,15.4100,15.4500,1936100
20130814,16.0700,16.1500,15.7600,15.8800,2177200
20130815,16.5600,16.9300,15.9000,15.9700,4700500
20130816,15.8800,16.8200,15.8000,16.3100,3274300
20130819,16.2700,16.3900,15.5700,15.7100,1689200
20130820,16.0500,16.3900,16.0000,16.1800,1399300
20130821,16.1000,16.2800,15.6600,16.0500,1650100
20130822,16.2200,16.4100,15.9200,16.0000,1288500
20130823,15.9800,16.6200,15.8000,16.2300,1802900
20130826,16.2800,16.4500,16.0200,16.1000,1952100
20130827,16.7300,16.8900,16.2200,16.2800,3042500
20130828,16.4000,16.6000,16.3600,16.6000,1943500
20130829,16.0400,16.5200,15.9000,16.4000,1676900
20130830,15.0000,16.0100,14.7600,16.0100,2816800
20130902,15.0500,15.1500,14.8000,14.8500,1178600
20130903,15.2600,15.2900,15.0100,15.1100,801200
20130904,15.2100,15.3400,15.1700,15.2600,734200
20130905,15.3400,15.4400,15.2100,15.2600,784900
20130906,15.5600,15.5800,15.2700,15.3400,1088400
20130909,15.7200,15.8500,15.3600,15.5800,1314900
20130910,15.4600,15.7400,15.4000,15.7200,1172700
20130911,15.1700,15.5400,14.9000,15.4200,973800
20130912,15.5200,15.5500,15.1100,15.1600,1107300
20130913,16.0800,17.0700,15.4500,15.4500,4296100
20130916,16.2700,16.2700,15.8100,16.0200,2455500
20130917,16.1400,16.5200,15.9100,16.2700,1677500
20130918,16.5000,16.7200,16.1500,16.1600,1877400
20130920,16.5000,16.5000,16.5000,16.5000,0
20130923,16.5800,16.6500,16.2500,16.5000,1941800
20130924,16.2700,16.5500,16.0100,16.5300,1687400
20130925,16.0800,16.3700,16.0400,16.2800,1080000
20130926,16.0600,16.3000,15.8500,16.0000,999300
20130927,15.9000,16.1900,15.8000,16.0000,706100
20130930,16.3800,16.4800,15.9000,15.9000,1323200
20131001,16.3800,16.3800,16.3800,16.3800,0
20131002,16.3800,16.3800,16.3800,16.3800,0
20131003,16.3800,16.3800,16.3800,16.3800,0
20131004,16.3800,16.3800,16.3800,16.3800,0
20131007,16.3800,16.3800,16.3800,16.3800,0
20131008,16.8600,16.8700,16.2900,16.3000,2364700
20131009,16.7700,17.0300,16.6700,16.7000,1597300
20131010,17.0800,17.1000,16.4400,16.7500,2329700
20131011,17.1400,17.5000,16.9100,17.0400,3032300
20131014,17.5400,17.9000,17.0100,17.1500,2752900
20131015,16.9100,17.5600,16.8000,17.5600,2641000
20131016,17.1300,17.1700,16.6000,16.9500,1744200
20131017,18.5000,18.6800,17.0100,17.2000,5949000
20131018,18.3800,18.6000,18.0800,18.6000,3465800
20131021,18.6000,18.7800,18.1500,18.3800,3160700
20131022,18.3500,18.8200,18.1300,18.6800,2538200
20131023,17.1000,18.4400,17.0100,18.3500,3109200
20131024,17.1500,17.3900,16.9100,17.0100,1200700
20131025,16.8900,17.3200,16.7200,17.1600,1037900
20131028,17.3000,17.3000,16.9500,16.9500,915800
20131029,16.9300,17.9400,16.2200,17.4000,2172900
20131030,17.7400,17.7600,16.6800,16.8000,1877900
20131031,17.5700,18.0500,17.4100,17.5900,2082600
20131101,17.2500,17.5100,16.8300,17.5100,1322800
20131104,17.6100,17.6500,17.0500,17.0500,1240900
20131105,17.9300,18.0600,17.5200,17.5300,2252500
20131106,17.9400,18.3900,17.7500,17.8600,2245600
20131107,17.9500,18.1500,17.7000,17.8100,1405300
20131108,18.3200,18.7900,17.8000,17.9000,3603300
20131111,19.0700,19.1300,17.8500,18.3000,3513300
20131112,18.9500,19.5700,18.8200,18.9900,4758300
20131113,18.9000,19.4100,18.5200,18.7300,2812100
20131114,20.0300,20.1700,18.6100,18.8800,4163100
20131115,20.5200,20.7700,19.7800,20.0300,4357800
20131118,20.5000,20.8900,20.2300,20.6000,2759400
20131119,20.7000,21.2000,20.3100,20.4500,2726500
20131120,20.2700,20.7700,20.1100,20.5200,2649600
20131121,20.4100,20.5700,20.0200,20.0900,2296400
20131122,20.2600,20.6800,20.2200,20.2500,1575300
20131125,21.6500,21.7100,20.0100,20.0600,3502500
20131126,21.3500,22.0900,21.0600,21.3500,3972200
20131127,21.3800,21.8900,21.1500,21.1700,2045100
20131128,22.7600,22.9800,21.2700,21.2900,3436200
20131129,23.7000,24.9400,22.3300,22.7000,7496100
20131202,21.3300,22.2200,21.3300,21.7100,4158800
20131203,21.9900,22.4500,19.5500,20.0100,5250500
20131204,22.5300,24.1500,21.5600,21.6100,4791000
20131205,23.4100,23.8500,22.0700,22.4000,4066700
20131206,21.6500,23.4500,21.0900,23.2800,3867900
20131209,23.0600,23.0600,21.3900,21.5900,3476100
20131210,23.5100,24.2500,22.8100,23.0800,5424000
20131211,24.3000,24.3900,22.6600,23.3100,5461500
20131212,25.6800,26.0000,23.6900,24.0200,7073800
20131213,24.5000,25.9700,24.2000,24.8900,11160900
20131216,24.1000,24.8900,23.4500,24.3500,5697000
20131217,24.4800,24.9400,24.0000,24.0000,7653200
20131218,23.0500,24.4700,22.6000,24.3300,5955500
20131219,21.5500,23.6400,21.5300,22.8300,4316300
20131220,21.4500,21.9100,20.6100,21.5600,4094700
20131223,21.5100,22.0800,20.6200,21.3000,4185100
20131224,22.3000,22.8400,21.4600,21.6000,4993000
20131225,24.4000,24.4900,22.5100,22.7600,8247300
20131226,22.9300,24.2600,22.8000,24.0000,6706100
20131227,23.3000,23.8800,22.7100,22.7900,3970900
20131230,23.6000,23.8800,23.3000,23.7000,3063100
20131231,22.2200,23.3900,22.1100,23.1700,3555900
20140101,22.2200,22.2200,22.2200,22.2200,0
20140102,22.4400,22.7700,21.5600,22.1500,2363300
20140103,22.2300,22.7200,22.1100,22.1500,2078500
20140106,20.6100,22.0500,20.6000,22.0500,3281900
20140107,20.8500,21.1800,20.2100,20.4600,2025900
20140108,21.5000,21.5400,20.8100,21.0500,2179200
20140109,21.1000,21.4500,20.7000,21.3800,2213000
20140110,20.2000,21.2800,19.7000,20.7900,1531300
20140113,20.0000,20.4400,19.8000,20.0900,1536200
20140114,20.5300,20.5700,20.0000,20.1500,1192900
20140115,21.1500,21.1900,20.1700,20.5300,2282300
20140116,20.8800,21.1200,20.7600,21.0300,1322200
20140117,20.8200,21.3700,20.7800,21.0500,1569200
20140120,19.7000,20.8000,19.6200,20.5200,1739100
20140121,19.9700,20.2400,19.6300,19.6300,1178900
20140122,20.4900,20.6900,19.9200,19.9700,1512900
20140123,20.9900,21.1900,20.4700,20.4800,1970600
20140124,20.9900,21.3200,20.8200,20.8200,2200700
20140127,21.3300,21.5700,20.6500,20.8700,1829000
20140128,20.8100,21.5000,20.6600,21.3300,1256500
20140129,21.2000,21.2000,20.8000,20.8100,912300
20140130,20.8000,21.3000,20.7300,21.2200,834900
20140131,20.8000,20.8000,20.8000,20.8000,0
20140203,20.8000,20.8000,20.8000,20.8000,0
20140205,20.8000,20.8000,20.8000,20.8000,0
20140206,20.8000,20.8000,20.8000,20.8000,0
20140207,21.0700,21.0700,20.3500,20.3500,1109300
20140210,22.9200,23.1800,21.1100,21.2000,4383600
20140211,22.5600,22.9100,21.8600,22.7100,2658800
20140212,23.0400,23.1800,22.4100,22.5100,2032600
20140213,22.6100,23.3900,22.5400,22.9200,2703100
20140214,22.9500,22.9700,22.2200,22.8000,1928000
20140217,23.2700,23.3000,22.8500,22.9000,2183200
20140218,22.7800,23.3000,22.5500,23.3000,2347600
20140219,22.5400,22.9500,22.3000,22.7500,1899600
20140220,21.8500,22.6000,21.6500,22.3600,1594200
20140221,21.8100,22.0300,21.3900,21.8500,1420800
20140224,21.9800,22.0000,21.5000,21.8000,1264200
20140225,20.2500,22.1800,19.7800,22.1500,2493200
