20130226,10.6800,10.6800,10.4200,10.5500,4656700
20130227,10.8400,11.4400,10.7000,11.0300,10176400
20130228,11.5100,11.9200,10.8000,10.8000,21520000
20130301,11.8800,12.1800,11.1000,11.2500,19787100
20130304,11.8000,12.4900,11.6300,11.9000,16582500
20130305,11.8600,11.9600,11.3000,11.6800,12166600
20130306,11.6200,11.8300,11.4800,11.7300,9468200
20130307,11.2700,11.7000,11.2400,11.6000,7347400
20130308,11.4500,11.5500,11.0600,11.2600,5647200
20130311,11.2300,11.5800,11.1200,11.3500,4809600
20130312,11.4600,11.6000,11.1500,11.2300,8700300
20130313,11.6000,11.6000,11.1800,11.3600,6461700
20130314,11.4000,11.8800,11.4000,11.5100,8265900
20130315,10.4900,11.1800,10.4400,11.1200,10166700
20130318,10.0000,10.3900,10.0000,10.2600,4452800
20130319,10.0800,10.0900,9.5800,9.9800,4282400
20130320,10.2500,10.3200,9.9500,10.0000,3733700
20130321,10.3100,10.3800,10.1600,10.2700,3555800
20130322,10.2700,10.3700,10.1900,10.3200,2806100
20130325,10.2000,10.3600,10.1800,10.2900,2488400
20130326,10.0600,10.1500,9.9200,10.1500,2457900
20130327,10.1400,10.1600,10.0100,10.0600,2021300
20130328,9.5800,10.0700,9.5000,10.0700,2842100
20130329,9.5500,9.7500,9.5000,9.5200,1548300
20130401,9.5200,9.6600,9.4100,9.4100,1270700
20130402,9.6000,9.7600,9.5200,9.5200,1751900
20130403,10.0500,10.1300,9.6000,9.6000,4408200
20130404,10.0500,10.0500,10.0500,10.0500,0
20130405,10.0500,10.0500,10.0500,10.0500,0
20130408,10.0200,10.2000,9.7300,9.8600,4067800
20130409,10.0200,10.1200,9.9100,9.9800,2461800
20130410,10.1100,10.1800,9.9300,9.9900,2959800
20130411,10.0100,10.3200,9.9600,10.1100,3164500
20130412,9.6400,10.0300,9.6100,10.0000,2358100
20130415,9.6200,9.7100,9.5100,9.6000,1159600
20130416,9.5500,9.6500,9.2200,9.5800,1408100
20130417,9.6500,9.7100,9.5200,9.5400,1119800
20130418,9.8200,9.8600,9.5600,9.6500,1511300
20130419,10.1300,10.2900,9.8200,9.8200,4771400
20130422,10.2200,10.2700,10.0100,10.1200,3193500
20130423,10.1300,10.3100,10.0200,10.2400,2992200
20130424,10.2000,10.2700,10.0600,10.1900,2348100
20130425,10.0600,10.2500,10.0600,10.2200,2379800
20130426,10.1000,10.2400,10.0600,10.0600,1331800
20130429,10.1000,10.1000,10.1000,10.1000,0
20130430,10.1000,10.1000,10.1000,10.1000,0
20130501,10.1000,10.1000,10.1000,10.1000,0
20130502,10.3100,10.3200,9.9300,10.1200,2451200
20130503,10.6400,10.6500,10.3100,10.3200,4552300
20130506,10.7700,10.9500,10.6000,10.6100,4792500
20130507,11.0400,11.0400,10.6500,10.7000,4035400
20130508,11.0400,11.0400,11.0400,11.0400,0
20130509,11.0400,11.0400,11.0400,11.0400,0
20130510,11.0400,11.0400,11.0400,11.0400,0
20130513,11.0400,11.0400,11.0400,11.0400,0
20130514,9.8500,10.4500,9.8500,10.3500,8392300
20130515,9.8700,9.8800,9.6100,9.6700,4222300
20130516,9.8100,9.8700,9.7200,9.7500,3385700
20130517,10.0700,10.1400,9.7700,9.8000,3976000
20130520,10.1300,10.2700,10.0400,10.0400,4581100
20130521,10.4200,10.4300,10.0800,10.1500,5111100
20130522,10.3000,10.4600,10.2200,10.4300,3532500
20130523,10.1600,10.3900,10.1500,10.3000,3331300
20130524,10.6600,10.7000,10.1500,10.1500,5517500
20130527,10.6300,10.7000,10.4200,10.6300,4105400
20130528,10.7000,10.8600,10.5000,10.5900,5120800
20130529,10.5800,10.7500,10.5600,10.6500,3110900
20130530,10.5400,10.6000,10.4600,10.5900,2235400
20130531,10.7000,10.8200,10.5200,10.5200,4172500
20130603,10.8300,10.8800,10.4100,10.7300,6157300
20130604,10.8700,11.3600,10.8500,10.9800,11779100
20130605,10.3200,10.7500,10.1200,10.7500,5042300
20130606,9.9800,10.3500,9.9800,10.2500,2932800
20130607,10.1400,10.2300,9.9500,10.0000,1912100
20130610,10.1400,10.1400,10.1400,10.1400,0
20130611,10.1400,10.1400,10.1400,10.1400,0
20130612,10.1400,10.1400,10.1400,10.1400,0
20130613,9.7200,10.1000,9.5000,10.1000,2195400
20130614,9.8000,9.8700,9.7300,9.7300,1367100
20130617,9.9000,9.9200,9.6500,9.7900,1387900
20130618,10.0600,10.1400,9.8300,9.8300,1398200
20130619,9.8500,10.1100,9.7300,10.0100,1095100
20130620,9.4400,9.8800,9.4100,9.7400,1468800
20130621,9.2700,9.4200,9.0300,9.4200,1355100
20130624,8.8900,9.3200,8.8000,9.2000,2595400
20130625,8.6700,9.0000,8.1000,8.6000,1658900
20130626,9.5000,9.5400,8.4600,8.6800,3254000
20130627,9.2000,9.7900,9.1600,9.4200,2270200
20130628,9.3100,9.4600,8.9500,9.1800,1056000
20130701,9.1900,9.3900,9.0300,9.3000,1242400
20130702,9.2900,9.3000,9.0200,9.2100,1075100
20130703,9.3900,9.5600,9.0100,9.2900,1671700
20130704,9.3900,9.5600,9.2000,9.2600,1231600
20130705,9.2400,9.4900,9.2200,9.4900,1079700
20130708,8.9500,9.2000,8.8100,9.0400,970300
20130709,8.9700,9.1500,8.9000,9.0000,433200
20130710,9.1600,9.1700,8.9000,8.9800,775000
20130711,9.4400,9.6100,9.1000,9.1100,1701700
20130712,9.4800,9.5700,9.3600,9.4200,1194400
20130715,9.6400,9.7600,9.4400,9.5200,1830900
20130716,9.9400,10.0000,9.6400,9.6400,2420600
20130717,9.5800,9.9300,9.5800,9.9100,1819800
20130718,9.5500,9.6900,9.4300,9.5800,1032800
20130719,10.1500,10.4000,9.4900,9.5500,4244800
20130722,10.3700,10.4600,9.8300,10.0400,5853900
20130723,10.3700,10.5700,10.1700,10.3000,3840300
20130724,10.4100,10.5400,10.1300,10.3500,2494100
20130725,10.0400,10.8700,9.9500,10.4100,3874500
20130726,9.9000,10.0400,9.6300,9.7400,1562700
20130729,9.8500,10.0700,9.7100,9.9500,1195700
20130730,9.8800,9.9900,9.6200,9.8300,1225400
20130731,9.9000,10.1000,9.8100,9.8100,808000
20130801,10.0700,10.0700,9.9000,9.9400,1658400
20130802,10.1900,10.3300,9.9900,10.0100,1793900
20130805,10.3500,10.4800,10.1100,10.2400,1902200
20130806,10.3200,10.3800,10.1500,10.3400,1698300
20130807,10.4400,10.6600,10.2400,10.2900,3111100
20130808,10.2800,10.4500,10.2100,10.3800,1588100
20130809,10.3400,10.4500,10.1800,10.3000,1562600
20130812,10.4800,10.5000,10.1900,10.3500,2196000
20130813,10.7100,10.8900,10.3300,10.4700,4106500
20130814,10.7500,10.8700,10.4800,10.6200,3539200
20130815,10.5500,10.8000,10.4500,10.6800,2133000
20130816,10.1400,10.6000,10.0300,10.4600,2029500
20130819,10.3300,10.3700,10.0000,10.1300,1053600
20130820,10.5000,10.6300,10.2600,10.2800,1902900
20130821,10.6200,10.6600,10.4000,10.4000,1980900
20130822,10.4000,10.7000,10.3600,10.6200,1828800
20130823,10.6100,10.6500,10.2000,10.4000,2173700
20130826,10.7400,11.0900,10.6400,10.8400,3421500
20130827,10.7400,10.8200,10.5000,10.7000,2303100
20130828,10.9900,11.0800,10.6200,10.6900,5583700
20130829,10.7200,11.1500,10.6600,11.1500,3212600
20130830,10.2700,10.7600,10.2200,10.6900,2863000
20130902,10.3800,10.4700,10.2000,10.2000,1297100
20130903,10.6400,10.6800,10.3100,10.3100,1899300
20130904,10.5100,10.6400,10.4500,10.6400,1090900
20130905,10.4700,10.6000,10.3600,10.5100,1478500
20130906,10.5700,10.6500,10.4000,10.5200,1268400
20130909,10.5300,10.6700,10.5100,10.6700,1542000
20130910,10.4100,10.6000,10.2900,10.5500,2182800
20130911,10.4000,10.6200,10.2500,10.4800,1766000
20130912,10.4700,10.6700,10.4000,10.4700,1950800
20130913,10.4100,10.5300,10.3300,10.4200,1248400
20130916,10.3500,10.4600,10.3000,10.4400,1135800
20130917,10.2600,10.4000,10.2300,10.3500,1015800
20130918,10.4100,10.5000,10.2000,10.2600,1040300
20130920,10.4100,10.4100,10.4100,10.4100,0
20130923,10.5400,10.5400,10.3100,10.4300,1280200
20130924,10.5500,10.6300,10.4700,10.5700,1490500
20130925,10.5800,10.6000,10.4300,10.5800,1139400
20130926,10.2800,10.6900,10.2600,10.6000,1206300
20130927,10.1500,10.3600,10.1500,10.2800,1071300
20130930,10.3500,10.4200,10.1300,10.1300,583400
20131001,10.3500,10.3500,10.3500,10.3500,0
20131002,10.3500,10.3500,10.3500,10.3500,0
20131003,10.3500,10.3500,10.3500,10.3500,0
20131004,10.3500,10.3500,10.3500,10.3500,0
20131007,10.3500,10.3500,10.3500,10.3500,0
20131008,10.5000,10.5000,10.2500,10.3500,948300
20131009,10.4900,10.5100,10.3600,10.5000,1307600
20131010,10.4700,10.7500,10.4200,10.4500,2293300
20131011,10.6500,10.6800,10.5000,10.5500,1849200
20131014,10.9200,10.9900,10.6700,10.6700,3794300
20131015,10.7200,11.0400,10.7100,10.9300,2533100
20131016,11.1300,11.5200,10.7100,10.7300,7297300
20131017,11.3800,11.7400,11.0000,11.2800,6994700
20131018,11.2700,11.6500,11.1600,11.3000,4235600
20131021,11.2300,11.3700,10.9000,11.3000,4318200
20131022,11.4800,11.8400,11.1700,11.2100,4551000
20131023,11.0700,11.4900,10.9200,11.4900,3283000
20131024,10.9000,11.1700,10.8600,11.0000,1309300
20131025,11.1300,11.1500,10.8200,10.9200,1978700
20131028,11.3700,11.7500,11.1600,11.3400,3660200
20131029,10.5700,11.4900,10.2300,11.4900,3710800
20131030,10.6700,10.7800,10.4300,10.4300,1907400
20131031,10.8900,10.9600,10.5500,10.6700,2217400
20131101,11.9800,11.9800,10.7900,10.8500,13365100
20131104,12.2700,12.4900,11.8500,12.0300,16845200
20131105,12.3300,12.4100,11.8700,12.0100,10005600
20131106,12.4700,13.1800,12.1200,12.2000,14492700
20131107,13.2400,13.5000,12.2300,12.3900,15626900
20131108,12.5000,13.1700,12.5000,12.9800,9987400
20131111,13.3700,13.5000,12.3100,12.4300,12046100
20131112,14.3800,14.7100,13.1300,13.2800,16845200
20131113,14.4800,15.0000,13.7100,14.2000,12240400
20131114,14.5200,14.6900,14.0800,14.1000,10402600
20131115,13.8100,15.8100,13.7400,14.4000,18275200
20131118,13.8400,14.0000,13.4100,13.8100,12350800
20131119,14.3500,14.5000,13.6500,13.7700,11666900
20131120,13.9100,14.2700,13.6600,14.2700,8699700
20131121,13.4200,13.8000,13.2000,13.8000,9014900
20131122,13.7900,13.9400,13.4200,13.5000,6646300
20131125,13.6800,13.9500,13.3300,13.8500,4924400
20131126,14.6800,14.9900,13.5300,13.7300,13514500
20131127,14.6400,14.7600,14.3000,14.5200,6256700
20131128,15.0000,15.7400,14.4900,14.5900,13061600
20131129,15.1100,15.2900,14.6300,15.0100,8544500
20131202,13.6000,14.8000,13.6000,14.5000,7492500
20131203,13.5000,13.7800,12.6400,13.2300,5948900
20131204,13.2400,13.9600,13.2000,13.5900,5862200
20131205,13.3600,13.5100,13.2000,13.2200,3527800
20131206,13.2900,13.3800,12.8000,13.3100,3492900
20131209,13.5700,13.6400,13.2300,13.2700,3433400
20131210,13.3200,13.6300,13.2600,13.6000,2640300
20131211,12.9000,13.4000,12.8400,13.4000,2629700
20131212,12.9200,13.1100,12.8800,12.9500,2218800
20131213,13.1000,13.1700,12.6400,12.8900,3016900
20131216,13.1800,13.5900,13.0500,13.1000,4081800
20131217,12.9100,13.3000,12.8500,12.9100,2033800
20131218,13.0100,13.2300,12.6900,12.8100,2229200
20131219,12.9500,13.2700,12.8100,13.1900,1715000
20131220,13.6500,14.1800,12.9100,13.0600,8982700
20131223,14.4600,14.5000,13.6800,13.9300,12454300
20131224,14.7000,14.9800,14.1000,14.3200,9413600
20131225,14.5600,14.9000,14.3700,14.7900,6453500
20131226,13.9500,14.7300,13.9300,14.5000,5520600
20131227,15.3500,15.3500,13.8600,13.8600,18972900
20131230,15.8900,15.9800,14.8500,15.3400,17485800
20131231,15.7500,16.2000,15.1100,15.6500,11967000
20140101,15.7500,15.7500,15.7500,15.7500,0
20140102,16.0600,16.8000,15.5600,15.7200,12144400
20140103,15.7000,16.6800,15.6300,16.1200,8457600
20140106,14.4600,15.7000,14.3000,15.7000,8213900
20140107,14.7600,14.9900,14.2300,14.4500,4631500
20140108,14.6500,14.9500,14.5600,14.6100,3974900
20140109,13.8300,14.7900,13.8000,14.7300,5532700
20140110,13.7900,14.0700,13.5500,13.6000,3163400
20140113,14.0000,14.1600,13.5900,13.7000,2185300
20140114,14.5600,14.9800,13.9500,14.0000,4381200
20140115,14.7500,14.9200,14.5500,14.6000,3475500
20140116,14.4300,14.8300,14.4000,14.8300,3146500
20140117,14.9900,15.2800,14.4400,14.5000,5568700
20140120,15.9400,16.4500,15.2800,16.4500,11737300
20140121,16.1300,16.2700,15.6100,15.8500,8824800
20140122,16.0000,16.4800,15.8000,16.0000,7048200
20140123,16.2200,16.7700,15.8800,15.9000,8644400
20140124,16.3900,16.7000,15.7200,16.1800,9419700
20140127,16.5100,17.1800,16.1500,16.2000,8143000
20140128,15.9100,16.7800,15.9000,16.4600,5867000
20140129,16.2100,16.4900,15.8200,15.8800,4984500
20140130,15.6800,16.3100,15.4600,16.0100,4145500
20140131,15.6800,15.6800,15.6800,15.6800,0
20140203,15.6800,15.6800,15.6800,15.6800,0
20140205,15.6800,15.6800,15.6800,15.6800,0
20140206,15.6800,15.6800,15.6800,15.6800,0
20140207,15.6700,15.7700,15.2800,15.5600,6663700
20140210,16.5600,16.7300,15.6800,15.8300,10899600
20140211,17.2800,17.4900,16.3800,16.4000,13488300
20140212,17.2300,17.7800,16.9500,17.1700,9409900
20140213,17.1000,17.5400,16.8600,17.1800,7803300
20140214,17.3200,17.7600,17.0900,17.2400,7141200
20140217,17.5500,17.6900,17.0500,17.3400,7829200
20140218,16.8300,17.7300,16.5500,17.4900,11520600
20140219,16.7500,17.0500,16.5400,16.8100,5773900
20140220,16.0000,16.8700,16.0000,16.7800,6566500
20140221,15.9100,16.4400,15.7800,16.0000,5117900
20140224,16.4100,16.4900,15.7900,15.8700,4235000
20140225,15.1700,16.5700,15.0000,16.4900,7126200
