20130226,17.1083,17.7917,17.0500,17.7917,7575300
20130227,17.1000,17.3833,16.9583,17.1667,2937300
20130228,17.3417,17.3750,17.0750,17.0833,2555000
20130301,17.6167,17.6250,17.0417,17.3167,5290100
20130304,17.2167,17.4917,17.1250,17.4083,3417400
20130305,17.8583,17.8583,17.2167,17.2167,4730400
20130306,18.3333,18.4833,17.6833,17.9083,5281400
20130307,18.0417,18.4583,17.8833,18.3000,3219100
20130308,17.7833,18.2667,17.7750,17.9917,1531000
20130311,17.4250,17.8083,17.2833,17.8083,2329100
20130312,16.9667,17.5417,16.7333,17.3500,2470900
20130313,16.8250,17.0583,16.5833,16.8250,1423200
20130314,16.9417,17.2500,16.7500,16.7500,1190600
20130315,17.0417,17.3333,16.9583,16.9583,1338300
20130318,16.7500,17.2167,16.6667,16.9833,1130800
20130319,16.6667,16.7333,16.5417,16.5417,1796000
20130320,17.1667,17.3083,16.6583,16.6583,1393700
20130321,17.2917,17.5000,17.0917,17.2667,1361300
20130322,17.1750,17.4083,17.0250,17.3417,816800
20130325,17.5167,17.5417,17.1833,17.1833,1242700
20130326,17.4167,17.5667,17.1500,17.5667,901400
20130327,17.6250,17.9667,17.4250,17.4833,2203900
20130328,17.0917,17.6667,17.0833,17.4667,1365600
20130329,16.8000,17.2667,16.6667,17.1000,906800
20130401,16.9583,17.0500,16.7083,16.7500,455900
20130402,16.6083,17.0667,16.5750,17.0000,939600
20130403,16.1833,16.6500,16.0000,16.5500,1330700
20130404,16.1833,16.1833,16.1833,16.1833,0
20130405,16.1833,16.1833,16.1833,16.1833,0
20130408,16.0333,16.0833,15.7500,15.9917,1713800
20130409,15.9583,16.2333,15.8250,16.1500,1998600
20130410,15.6583,15.9583,15.4333,15.9167,2156100
20130411,15.9750,16.1500,15.7750,15.8250,1805500
20130412,15.7750,15.9917,15.6250,15.9917,1560500
20130415,15.4583,15.7500,15.1750,15.7500,1702200
20130416,15.6167,15.6500,15.1583,15.3333,893000
20130417,15.6250,15.7583,15.5333,15.6167,942500
20130418,15.6667,15.7750,15.4583,15.5917,1098200
20130419,16.0083,16.1000,15.6250,15.6583,1900700
20130422,15.8333,16.0250,15.6417,15.9083,2651500
20130423,15.4333,15.9083,15.3917,15.8333,1630600
20130424,15.8000,15.8333,15.4333,15.4333,1742700
20130425,15.7667,16.0833,15.7167,15.7333,2353200
20130426,15.9250,16.0500,15.7667,15.8417,1563200
20130429,15.9250,15.9250,15.9250,15.9250,0
20130430,15.9250,15.9250,15.9250,15.9250,0
20130501,15.9250,15.9250,15.9250,15.9250,0
20130502,15.7500,15.9667,15.5750,15.9250,1155400
20130503,16.1167,16.1167,15.6667,15.7167,1840400
20130506,16.4417,16.4417,16.1500,16.2500,1969700
20130507,16.4000,16.5333,16.2583,16.4750,1283000
20130508,16.4667,16.5000,16.2833,16.3083,1228000
20130509,16.3167,16.4750,16.0750,16.4667,1992100
20130510,16.3333,16.3750,16.0917,16.2333,1610300
20130513,16.3583,16.4083,16.2083,16.3583,1337500
20130514,16.5750,16.7417,16.2917,16.2917,2477300
20130515,16.9250,16.9500,16.5917,16.5917,2347600
20130516,16.8333,17.2333,16.7583,16.8417,2979400
20130517,17.1500,17.2750,16.7750,16.8667,2351600
20130520,17.5833,17.8167,17.1500,17.1500,4063000
20130521,17.7333,17.7500,17.4250,17.6250,2300500
20130522,17.7750,18.0750,17.6583,17.7167,3027200
20130523,17.7750,17.9167,17.6500,17.7500,2703900
20130524,17.6167,17.8667,17.3167,17.6750,2130300
20130527,18.3667,18.4083,17.5833,17.6250,4197200
20130528,18.4167,18.5667,18.1500,18.3917,1956600
20130529,18.3750,18.5167,18.2500,18.3333,1959300
20130530,18.6583,18.7500,18.2500,18.3333,1893200
20130531,18.2500,19.0417,18.2500,18.5750,2623900
20130603,18.2667,18.5083,18.1083,18.2500,2332500
20130604,18.2833,18.6667,18.0833,18.2667,2306900
20130605,18.1667,18.5833,18.0917,18.3000,2377900
20130606,17.7500,18.2000,17.6667,18.0333,2073800
20130607,17.8167,18.2750,17.6500,17.8167,2095900
20130610,17.8167,17.8167,17.8167,17.8167,0
20130611,17.8167,17.8167,17.8167,17.8167,0
20130612,17.8167,17.8167,17.8167,17.8167,0
20130613,17.2250,17.6667,17.0833,17.6583,2890300
20130614,17.6250,17.6500,17.2750,17.2750,2180700
20130617,17.4250,17.7917,17.3167,17.6417,2170900
20130618,16.6800,17.1500,16.6800,16.9700,1717900
20130619,15.9700,16.6500,15.2100,16.6000,2781600
20130620,15.5900,16.0000,15.5000,15.9900,1361000
20130621,14.9000,15.5000,14.3500,15.3000,3776800
20130624,14.2900,14.9100,14.0000,14.8500,2867500
20130625,14.1300,14.2500,13.0900,14.2000,2852400
20130626,14.4200,14.6100,13.9600,13.9600,2783900
20130627,14.0500,14.6500,14.0100,14.4300,2188000
20130628,14.0500,14.4400,13.7000,13.9500,1126700
20130701,14.1700,14.5000,13.8200,14.0000,3512800
20130702,15.1400,15.2700,14.0500,14.2000,4292300
20130703,15.2300,15.4900,14.8600,15.0100,2612200
20130704,15.5000,15.9900,15.1800,15.2200,2984400
20130705,15.1500,15.7200,15.1000,15.6000,1803900
20130708,14.3000,15.0700,14.3000,15.0700,3082200
20130709,14.4500,14.7300,14.0300,14.3100,2393300
20130710,14.8700,14.8800,14.3600,14.4800,1389500
20130711,15.4000,15.7100,14.8300,14.8300,2563200
20130712,15.4900,15.7400,15.3600,15.3800,2573700
20130715,16.0500,16.1600,15.3200,15.4200,2831500
20130716,16.0900,16.6800,15.9600,16.6800,2144000
20130717,15.8900,16.5700,15.8200,16.1300,1656000
20130718,16.1500,16.4500,15.8100,15.9200,1972700
20130719,15.8000,16.2600,15.8000,16.0500,2313300
20130722,15.9700,15.9700,15.6100,15.6200,1039200
20130723,16.3600,16.4400,15.9500,15.9700,1542800
20130724,16.6200,16.7000,16.2000,16.3700,1949900
20130725,16.8300,17.0500,16.3600,16.6800,1890300
20130726,16.4300,16.8200,16.2800,16.5700,1349300
20130729,15.9200,16.3500,15.7000,16.3500,1095900
20130730,16.4000,16.4000,15.4000,15.8900,1481900
20130731,16.4300,16.7800,16.3200,16.4200,1274900
20130801,16.8000,16.8000,16.4300,16.5100,1069800
20130802,17.0900,17.2000,16.8000,16.8200,2792700
20130805,17.0700,17.1500,16.8300,17.0900,1427900
20130806,17.3600,17.5000,16.9700,17.0000,1318900
20130807,16.9000,17.4600,16.8400,17.3600,1861600
20130808,17.2000,17.3900,16.8000,16.9900,1249900
20130809,17.4400,18.1100,17.2900,17.5500,3202200
20130812,17.8000,17.8400,17.2000,17.4200,1747500
20130813,17.8200,18.1700,17.6200,17.7700,1332600
20130814,17.8300,17.9600,17.6100,17.7600,1240700
20130815,17.0200,17.8000,16.9800,17.6500,2088300
20130816,16.9900,17.4200,16.8800,17.0100,1873200
20130819,17.2000,17.2000,16.7900,16.7900,844000
20130820,16.8000,17.3800,16.7400,17.2000,1395400
20130821,16.7300,16.9000,16.5000,16.8500,1720500
20130822,16.7000,16.9500,16.5700,16.6700,993700
20130823,16.9500,17.1900,16.4800,16.7000,1132500
20130826,17.5400,17.5500,16.8500,16.9900,1558200
20130827,17.4200,17.6700,17.2000,17.5500,827400
20130828,16.9500,17.3800,16.9100,17.2000,1290800
20130829,16.8000,17.1000,16.7100,16.9600,791400
20130830,16.3000,17.0300,16.0200,16.9600,1027400
20130902,16.6200,16.7200,16.2800,16.3000,629100
20130903,16.6900,16.8000,16.4000,16.6000,803100
20130904,16.4800,16.7200,16.3600,16.6500,1437800
20130905,16.6900,16.7200,16.2200,16.5100,1574900
20130906,16.7200,16.8400,16.5200,16.6000,1062100
20130909,16.6500,16.8300,16.5200,16.7000,2186400
20130910,16.3500,16.7400,16.2600,16.6000,2084400
20130911,16.1200,16.4100,15.9400,16.3500,2375700
20130912,16.1700,16.3500,16.0200,16.1800,980000
20130913,16.2900,16.3600,15.9800,16.1500,1316700
20130916,16.5400,16.6100,16.2300,16.2800,1340500
20130917,16.3600,16.5500,16.3200,16.5500,611700
20130918,16.9900,17.0500,16.3100,16.3500,2211200
20130920,16.9900,16.9900,16.9900,16.9900,0
20130923,17.6200,17.6200,16.8800,17.0800,3475200
20130924,17.7600,17.8000,17.3200,17.6200,2140400
20130925,17.3800,17.7000,17.3200,17.7000,1930200
20130926,17.4800,18.1000,17.3200,17.4000,2660100
20130927,18.1800,18.1800,17.3600,17.3700,2925200
20130930,18.7000,18.8800,18.0100,18.1200,3413300
20131001,18.7000,18.7000,18.7000,18.7000,0
20131002,18.7000,18.7000,18.7000,18.7000,0
20131003,18.7000,18.7000,18.7000,18.7000,0
20131004,18.7000,18.7000,18.7000,18.7000,0
20131007,18.7000,18.7000,18.7000,18.7000,0
20131008,18.8300,19.1900,18.3800,18.5000,2626400
20131009,18.8600,18.9500,18.5400,18.8300,1064500
20131010,19.2000,19.4600,18.7600,18.9400,2738700
20131011,19.6000,19.7500,18.8900,19.2100,2906300
20131014,19.7100,19.8600,19.3300,19.5700,2930100
20131015,20.5000,20.8600,19.5100,19.6800,4328900
20131016,19.9000,20.8000,19.7000,20.4800,3108100
20131017,19.6500,20.4000,19.5100,19.9500,2909000
20131018,20.2400,20.2900,19.5000,19.7600,2597800
20131021,21.2500,21.3000,20.0200,20.1000,4709900
20131022,21.0700,21.4900,20.6600,21.2600,3760100
20131023,19.8900,21.2500,19.5600,20.7500,3089900
20131024,18.5500,19.5700,18.4200,19.4100,3890500
20131025,17.2500,19.0000,16.8500,19.0000,6529300
20131028,17.3300,17.4300,17.0000,17.3000,1842600
20131029,16.8000,17.5500,16.2000,17.3300,3181100
20131030,17.0200,17.0900,16.7000,16.8000,2197400
20131031,16.9700,17.4900,16.8000,16.9500,1818100
20131101,16.7900,17.1000,16.2900,16.9200,2222400
20131104,16.5900,16.8200,16.5300,16.7300,1624200
20131105,16.9500,16.9800,16.3000,16.5100,1651800
20131106,16.5100,17.0400,16.5000,16.8500,2222900
20131107,15.6500,16.8000,15.5000,16.6000,3943600
20131108,15.1400,15.8500,15.0300,15.7600,4096700
20131111,15.4100,15.5800,15.0100,15.1200,1494400
20131112,15.6400,15.7100,15.4000,15.4500,1591400
20131113,15.4000,15.6600,15.3500,15.6600,992400
20131114,15.9800,16.0000,15.3500,15.3500,2603600
20131115,16.4000,16.7700,15.8300,15.9000,3271200
20131118,16.8300,16.9000,16.3900,16.5500,3051100
20131119,16.8300,17.1400,16.6800,16.7500,1882200
20131120,16.8900,16.9900,16.7500,16.8300,1262200
20131121,16.7400,16.9400,16.5800,16.9400,1532000
20131122,16.7400,16.8800,16.5300,16.7400,922500
20131125,17.0300,17.0600,16.6300,16.6700,1828100
20131126,17.5800,17.8500,16.9900,17.0100,3272700
20131127,17.6600,17.9200,17.4500,17.7700,1870300
20131128,17.9900,18.1700,17.5200,17.5800,2012100
20131129,18.3400,18.4500,17.9200,17.9900,2001600
20131202,18.0000,18.2000,17.0000,17.6300,4490100
20131203,18.5900,18.6700,17.6000,17.8000,2676700
20131204,18.4000,18.8800,18.3100,18.4900,1709300
20131205,18.2200,18.7000,17.9300,18.4100,1456300
20131206,18.3000,18.3500,17.9100,18.0800,1325500
20131209,18.6500,18.7800,18.1000,18.2800,1438000
20131210,18.5600,18.8500,18.4500,18.6200,1132800
20131211,17.7800,18.5500,17.6800,18.5000,2142800
20131212,18.1000,18.2200,17.7800,17.8000,1654400
20131213,18.7000,18.8000,17.8400,17.8400,2304600
20131216,18.5300,19.0600,18.3100,18.6800,1944800
20131217,18.0900,18.6000,17.9000,18.5800,2054800
20131218,17.9500,18.2800,17.7000,18.0100,1742700
20131219,17.5600,18.2500,17.5600,17.9700,1421100
20131220,17.4400,17.8500,17.1000,17.5800,1289800
20131223,17.7000,17.9000,17.1400,17.4400,1157100
20131224,18.2900,18.4900,17.7600,17.7600,1655400
20131225,18.5800,18.6500,18.1800,18.3100,1587800
20131226,17.9000,18.7600,17.8900,18.6000,1523400
20131227,18.6400,18.6400,17.7800,17.8900,1861100
20131230,19.2000,19.5000,18.7000,18.7000,3177100
20131231,19.0200,19.3900,18.9200,19.0300,1389700
20140101,19.0200,19.0200,19.0200,19.0200,0
20140102,19.0200,19.1900,18.6300,18.9500,1885000
20140103,18.7600,19.0900,18.6600,18.9800,1870700
20140106,18.6000,18.9900,18.4800,18.7200,1626900
20140107,18.7700,18.7900,18.4000,18.4700,1462100
20140108,19.2900,19.4200,18.6800,18.6800,2336700
20140109,18.8100,19.6400,18.8100,19.2500,2475000
20140110,18.0600,18.7500,17.9200,18.7500,3054800
20140113,18.0600,18.2100,17.8100,18.0500,1192800
20140114,18.5800,18.7100,17.8100,18.0000,1611800
20140115,19.1100,19.2300,18.5100,18.6600,2098200
20140116,18.7300,19.2700,18.7000,19.1000,1539600
20140117,18.9500,19.0000,18.5100,18.7700,1390200
20140120,18.9600,19.4200,18.7300,18.8200,2491200
20140121,18.9100,19.1800,18.7300,18.9000,1642500
20140122,19.9500,20.0700,18.9000,18.9000,4453100
20140123,20.0100,20.4500,19.7300,19.9600,3396000
20140124,20.1800,20.7500,20.1000,20.1100,3103900
20140127,19.9700,20.3500,19.8500,19.9500,2096000
20140128,20.6400,20.7000,19.6500,19.9000,2948600
20140129,20.7900,20.9900,20.4000,20.6200,2480700
20140130,20.0800,20.7700,19.9900,20.6000,2024900
20140131,20.0800,20.0800,20.0800,20.0800,0
20140203,20.0800,20.0800,20.0800,20.0800,0
20140205,20.0800,20.0800,20.0800,20.0800,0
20140206,20.0800,20.0800,20.0800,20.0800,0
20140207,20.5400,20.5400,19.5000,19.8000,2066400
20140210,21.1600,21.4000,20.3000,20.4800,4198200
20140211,19.4100,21.3900,19.3900,21.3000,9103800
20140212,19.7000,19.8400,19.0800,19.4200,5168100
20140213,18.7100,19.5100,18.6500,19.5000,5113400
20140214,19.0500,19.1700,18.7900,18.7900,2908700
20140217,19.2300,19.4200,18.9300,19.1500,3613200
20140218,19.3200,19.4900,19.0400,19.2300,3062800
20140219,19.0500,19.3200,18.8000,19.2800,2985800
20140220,18.6000,19.0900,18.5500,19.0400,2404700
20140221,18.5600,18.8300,18.4000,18.6400,1770900
20140224,18.3200,18.5100,18.0300,18.5100,2914100
20140225,17.9500,18.6200,17.8000,18.3200,3232000
