20130226,7.0000,7.0900,6.9600,7.0200,1086500
20130227,7.0500,7.0600,6.9600,6.9900,1054900
20130228,7.1800,7.2000,7.0100,7.0100,2485100
20130301,7.2300,7.2500,7.1100,7.1800,2149600
20130304,7.0200,7.2300,6.9700,7.2100,1834400
20130305,7.3500,7.3500,7.0400,7.0400,3464400
20130306,7.4000,7.4300,7.3200,7.3400,3224000
20130307,7.3100,7.4100,7.2400,7.4000,2173000
20130308,7.2400,7.3400,7.2000,7.3100,1443500
20130311,7.2400,7.2900,7.2000,7.2800,1006400
20130312,6.9600,7.2800,6.8700,7.2600,2092000
20130313,6.8200,6.9700,6.7800,6.9100,1003600
20130314,6.8300,6.9100,6.8100,6.8300,585700
20130315,6.9300,7.1000,6.8000,6.8800,1277900
20130318,6.5100,6.8700,6.4600,6.8700,2595800
20130319,6.5100,6.5500,6.3400,6.5100,869200
20130320,6.6600,6.6800,6.4800,6.5400,967600
20130321,6.7000,6.7400,6.6200,6.6600,1140800
20130322,6.7100,6.7500,6.6200,6.7000,680700
20130325,6.7100,6.7800,6.6500,6.7100,638400
20130326,6.6300,6.7100,6.5600,6.7100,699100
20130327,6.6100,6.6900,6.5800,6.6300,876800
20130328,6.3900,6.6100,6.3900,6.6100,824400
20130329,6.3900,6.4300,6.3500,6.4000,627900
20130401,6.4400,6.4700,6.3700,6.3700,488100
20130402,6.3500,6.4900,6.3500,6.4500,616200
20130403,6.2800,6.4200,6.2400,6.3700,628200
20130404,6.2800,6.2800,6.2800,6.2800,0
20130405,6.2800,6.2800,6.2800,6.2800,0
20130408,6.2600,6.2800,6.1300,6.2800,551400
20130409,6.3100,6.3300,6.2000,6.2300,465700
20130410,6.3100,6.3400,6.2200,6.3400,351300
20130411,6.3100,6.3400,6.3000,6.3000,320700
20130412,6.3600,6.4200,6.3200,6.3200,744400
20130415,6.2300,6.3800,6.1600,6.3600,510700
20130416,6.2800,6.2800,6.1500,6.1900,373100
20130417,6.3400,6.3500,6.2500,6.3100,622400
20130418,6.3800,6.4100,6.2800,6.3400,586000
20130419,6.4700,6.5200,6.3400,6.3400,834500
20130422,6.4900,6.5000,6.3900,6.4500,1008800
20130423,6.3200,6.5200,6.2800,6.4900,658900
20130424,6.4400,6.4500,6.2700,6.3300,650300
20130425,6.3800,6.5100,6.3600,6.4300,877600
20130426,6.3000,6.4400,6.3000,6.3600,436900
20130429,6.3000,6.3000,6.3000,6.3000,0
20130430,6.3000,6.3000,6.3000,6.3000,0
20130501,6.3000,6.3000,6.3000,6.3000,0
20130502,6.3400,6.3500,6.2200,6.2800,297800
20130503,6.4100,6.4700,6.3000,6.3500,660300
20130506,6.5300,6.5400,6.4000,6.4200,1003300
20130507,6.5000,6.5800,6.4700,6.5000,563100
20130508,6.6200,6.6500,6.5000,6.5500,1344700
20130509,6.6100,6.6400,6.5100,6.5800,958800
20130510,6.7500,6.7600,6.5700,6.5900,1520000
20130513,6.8900,6.9100,6.4500,6.6600,2453000
20130514,6.7800,7.0900,6.7000,6.8900,2249900
20130515,6.7200,6.7900,6.6100,6.7800,1582100
20130516,6.9200,6.9200,6.7100,6.7100,2358500
20130517,6.9500,7.0000,6.8400,6.8800,1586200
20130520,7.0400,7.0800,6.9300,6.9500,1808600
20130521,7.4400,7.6400,7.0000,7.0400,7846500
20130522,7.3800,7.6300,7.3100,7.3100,4503100
20130523,7.1800,7.4500,7.1700,7.3300,3549100
20130524,7.3300,7.4000,7.1500,7.1800,3477200
20130527,7.3200,7.4300,7.2300,7.3700,3045800
20130528,7.2600,7.3400,7.1400,7.3200,1986300
20130529,7.3000,7.3200,7.1900,7.2700,1964300
20130530,7.2800,7.3700,7.2300,7.2500,1062400
20130531,7.2200,7.3500,7.2000,7.2900,1532300
20130603,7.2900,7.5700,7.1900,7.2300,4516400
20130604,7.4000,7.4300,7.0800,7.2500,3701500
20130605,7.5900,7.8000,7.3500,7.3600,8278700
20130606,7.2400,7.5900,7.2000,7.4800,3358300
20130607,7.0700,7.2800,7.0000,7.2400,2579200
20130610,7.0700,7.0700,7.0700,7.0700,0
20130611,7.0700,7.0700,7.0700,7.0700,0
20130612,7.0700,7.0700,7.0700,7.0700,0
20130613,6.7800,6.9700,6.7400,6.9600,1859600
20130614,6.9000,6.9200,6.8000,6.8100,976500
20130617,6.9300,7.1000,6.8500,6.9300,1124700
20130618,7.1900,7.4200,6.8800,6.9200,2687100
20130619,7.2600,7.4400,7.0900,7.1600,4084100
20130620,7.0600,7.2600,7.0600,7.2200,1449300
20130621,7.0900,7.2600,6.8000,6.9000,2185400
20130624,6.9500,7.2800,6.7800,7.1000,4094400
20130625,7.0200,7.1600,6.2700,6.8100,6224700
20130626,7.3400,7.3900,6.8800,7.0200,6833400
20130627,7.2100,7.4300,7.1300,7.3500,5611900
20130628,6.6400,7.0600,6.6000,7.0200,4134200
20130701,6.7000,6.7500,6.5100,6.6400,1868900
20130702,6.7100,6.7300,6.6100,6.6600,1948200
20130703,6.4900,6.6800,6.3200,6.6800,2577000
20130704,6.5100,6.6600,6.3900,6.4500,1753000
20130705,6.5300,6.6100,6.4900,6.5300,1294100
20130708,6.1800,6.4800,6.1800,6.4700,1324400
20130709,6.2400,6.3600,6.1400,6.1500,759000
20130710,6.4500,6.4600,6.2300,6.2600,1216100
20130711,6.5600,6.6300,6.4000,6.4600,1761600
20130712,6.4500,6.6300,6.4500,6.5500,1315200
20130715,6.6300,6.6400,6.4100,6.4100,1466700
20130716,6.6500,6.7000,6.5600,6.6300,1382300
20130717,6.6000,6.7500,6.6000,6.6500,1660100
20130718,6.5600,6.6500,6.5100,6.6100,1036400
20130719,6.6100,6.8300,6.5600,6.6200,2637600
20130722,6.7600,6.7800,6.5900,6.6900,1474800
20130723,6.8500,6.8800,6.7300,6.7700,1987300
20130724,6.9100,6.9500,6.7400,6.8200,1863600
20130725,6.7500,6.9400,6.7100,6.9000,1719600
20130726,7.0300,7.0300,6.6800,6.7000,3366100
20130729,7.1700,7.2500,6.9500,7.0500,3997400
20130730,7.1200,7.1500,6.8800,7.1200,2228700
20130731,6.9400,7.1700,6.9300,7.0200,3215500
20130801,7.2900,7.3000,6.9400,6.9400,4330600
20130802,7.3900,7.5700,7.2200,7.2900,6732800
20130805,7.4500,7.7400,7.3300,7.4000,7046000
20130806,7.4700,7.6000,7.3600,7.3700,4294000
20130807,7.4800,7.7000,7.3600,7.4700,3954700
20130808,7.5200,7.6300,7.3200,7.4700,4991700
20130809,7.4200,7.6600,7.3300,7.4800,4711900
20130812,7.4000,7.4600,7.2600,7.3800,3571900
20130813,7.4900,7.5800,7.3500,7.3800,3589900
20130814,7.3500,7.6700,7.3400,7.5100,3873100
20130815,7.2500,7.3900,7.2000,7.3200,3442400
20130816,7.0800,7.3800,7.0600,7.2200,3590500
20130819,7.7900,7.7900,7.0500,7.0800,13390600
20130820,8.4000,8.5500,8.0500,8.1000,27838000
20130821,8.5100,8.5100,8.1200,8.1800,17165800
20130822,8.3200,8.4900,8.2500,8.3800,11735600
20130823,8.1100,8.5800,7.9000,8.3000,13770800
20130826,8.3100,8.3800,8.0100,8.0500,10093200
20130827,8.3400,8.4200,8.1500,8.2000,8648300
20130828,8.5900,9.1500,8.1000,8.2200,17529200
20130829,8.2300,8.5800,8.1700,8.4800,8560300
20130830,7.8200,8.3800,7.7800,8.2500,11157300
20130902,7.9300,7.9700,7.6800,7.8500,4984900
20130903,7.9400,7.9900,7.8500,7.9200,5001900
20130904,7.9300,8.0100,7.7800,7.9400,5096700
20130905,8.0000,8.0200,7.8000,7.8800,5212400
20130906,7.9400,8.1400,7.8800,7.9400,6588900
20130909,7.9400,8.0200,7.8800,7.9100,4422500
20130910,8.3000,8.4000,8.0000,8.0000,9048900
20130911,7.9500,8.3400,7.9000,8.3400,7549000
20130912,7.8300,8.0700,7.8100,7.9000,4372200
20130913,7.8800,7.8800,7.7100,7.8300,3347200
20130916,7.8700,7.9900,7.7400,7.8800,2662300
20130917,7.7500,7.9500,7.7500,7.8700,2110800
20130918,7.7800,7.8600,7.7000,7.7000,1337700
20130920,7.7800,7.7800,7.7800,7.7800,0
20130923,7.9600,7.9700,7.7500,7.7600,3655000
20130924,8.0500,8.1200,7.9500,8.0000,4157600
20130925,7.8800,8.1000,7.8500,8.0500,3441700
20130926,7.5600,7.9200,7.5600,7.8800,3365000
20130927,7.5400,7.7000,7.5400,7.5900,1541600
20130930,7.6900,7.7200,7.5600,7.5600,1508800
20131001,7.6900,7.6900,7.6900,7.6900,0
20131002,7.6900,7.6900,7.6900,7.6900,0
20131003,7.6900,7.6900,7.6900,7.6900,0
20131004,7.6900,7.6900,7.6900,7.6900,0
20131007,7.6900,7.6900,7.6900,7.6900,0
20131008,7.9000,7.9000,7.7400,7.8300,2362400
20131009,7.9400,8.0100,7.8400,7.8400,2749000
20131010,7.9100,8.0400,7.8600,7.9500,2463600
20131011,8.0800,8.0800,7.9400,7.9400,3994100
20131014,8.0800,8.2000,8.0000,8.0700,3338200
20131015,8.0100,8.1700,7.9600,8.0900,2939800
20131016,7.8000,8.0100,7.7500,8.0100,2556400
20131017,7.8000,7.9100,7.6900,7.6900,2153100
20131018,7.8700,7.8800,7.7300,7.7300,1464000
20131021,8.2500,8.3200,7.8900,7.8900,6076600
20131022,8.1100,8.3000,8.0700,8.3000,4361800
20131023,7.8800,8.1900,7.8200,8.0700,3554700
20131024,7.9300,7.9700,7.7700,7.8200,2046600
20131025,7.6700,8.0200,7.6700,7.9300,2596700
20131028,7.5000,7.7000,7.4300,7.6200,2102400
20131029,7.1900,7.5800,7.0200,7.5200,2315200
20131030,7.3300,7.3400,7.1800,7.1900,1368200
20131031,7.3100,7.3800,7.2300,7.2700,1139200
20131101,7.2800,7.3100,7.1000,7.2100,1087200
20131104,7.3700,7.3700,7.2000,7.2200,1036100
20131105,7.4300,7.4400,7.2100,7.3300,1225800
20131106,7.3800,7.5400,7.3800,7.4200,1226000
20131107,7.2500,7.4000,7.2000,7.4000,1137700
20131108,7.2100,7.4000,7.1800,7.2000,861600
20131111,7.3000,7.3600,7.1700,7.2400,939800
20131112,7.4500,7.4600,7.2600,7.2700,1449600
20131113,7.3100,7.4500,7.3100,7.4500,839700
20131114,7.4800,7.5000,7.2800,7.3100,1635500
20131115,7.6700,7.7800,7.5100,7.6000,2940000
20131118,7.7500,7.8300,7.6100,7.6700,2475700
20131119,7.7000,7.7900,7.6600,7.7500,1739400
20131120,7.8100,7.8100,7.6600,7.6600,1996400
20131121,7.7200,7.7800,7.6500,7.7800,1786900
20131122,7.6600,7.7500,7.6300,7.7200,2031000
20131125,7.7000,7.7600,7.6200,7.6700,1725600
20131126,7.8500,7.9400,7.7200,7.7200,2890600
20131127,7.8900,7.9500,7.8100,7.8800,2472700
20131128,8.0400,8.1300,7.8800,7.9400,4507700
20131129,8.2100,8.3300,8.0000,8.0100,6735700
20131202,7.9400,8.4700,7.8200,8.0000,8465400
20131203,8.1900,8.2200,7.7700,7.8000,3948700
20131204,8.4200,8.4700,8.1500,8.2000,7265400
20131205,8.3400,8.4800,8.2000,8.4200,6032700
20131206,8.2600,8.4300,8.2000,8.3400,3509500
20131209,8.3000,8.3600,8.1700,8.3600,3326400
20131210,8.2600,8.4500,8.2300,8.3000,3509400
20131211,8.0600,8.2600,8.0100,8.2600,3323700
20131212,8.3300,8.3800,8.0400,8.0400,3115800
20131213,8.2700,8.4500,8.2300,8.2900,3156900
20131216,8.1600,8.5800,8.1600,8.3000,4031000
20131217,8.1700,8.2900,8.0600,8.2100,2242000
20131218,8.1600,8.2400,8.0800,8.1700,1489400
20131219,7.9600,8.2500,7.9500,8.1600,2582700
20131220,8.0000,8.1100,7.8700,7.8700,2758700
20131223,7.9500,8.0100,7.8700,7.9500,1915600
20131224,8.0600,8.1200,7.9100,7.9500,1765600
20131225,8.2900,8.2900,8.0400,8.0600,2264900
20131226,8.3100,8.4200,8.1300,8.2600,3209900
20131227,8.4400,8.5400,8.2500,8.3000,4967500
20131230,8.5800,8.6800,8.4200,8.5300,5011700
20131231,8.2400,8.5600,8.2400,8.5500,3682900
20140101,8.2400,8.2400,8.2400,8.2400,0
20140102,8.9800,9.0600,8.3300,8.3300,20763600
20140103,8.8500,8.9600,8.7000,8.7900,12158600
20140106,8.0800,8.7600,7.9800,8.7300,10337400
20140107,8.0600,8.1900,7.9200,8.0300,5864800
20140108,8.1400,8.1900,7.9900,8.0600,5339800
20140109,7.8100,8.1900,7.7900,8.1400,4365700
20140110,7.5800,7.8000,7.5200,7.8000,3982300
20140113,7.6600,7.7200,7.5000,7.6200,2027500
20140114,7.8500,7.8500,7.5900,7.6900,2754800
20140115,7.9500,7.9800,7.8000,7.8400,2347800
20140116,7.9200,8.0300,7.9100,7.9500,1700500
20140117,7.8100,7.9200,7.8000,7.8700,1642400
20140120,7.9500,7.9700,7.6800,7.8200,1472400
20140121,8.0700,8.1000,7.9500,7.9500,2553000
20140122,8.2100,8.2400,8.0400,8.0800,3345000
20140123,8.2600,8.3200,8.1700,8.2100,3126300
20140124,8.3100,8.4600,8.1800,8.2200,3769600
20140127,8.1900,8.3500,8.1700,8.2400,3032000
20140128,8.4000,8.4200,8.1500,8.1700,3594700
20140129,8.4000,8.4800,8.3200,8.3900,2271000
20140130,8.2200,8.4500,8.1900,8.4000,2379900
20140131,8.2200,8.2200,8.2200,8.2200,0
20140203,8.2200,8.2200,8.2200,8.2200,0
20140205,8.2200,8.2200,8.2200,8.2200,0
20140206,8.2200,8.2200,8.2200,8.2200,0
20140207,8.3700,8.3900,8.1000,8.2100,2956900
20140210,8.5900,8.6400,8.3700,8.3700,4335500
20140211,8.7100,8.7900,8.4800,8.5900,5699600
20140212,8.8400,8.8500,8.5000,8.7100,5679800
20140213,8.6500,8.9400,8.6400,8.8000,6117300
20140214,9.0100,9.0600,8.6600,8.6700,6473300
20140217,9.1000,9.2000,8.8300,9.0900,6604000
20140218,9.3700,9.5600,9.0200,9.0200,10963700
20140219,9.4500,9.4500,9.1400,9.2900,6908300
20140220,9.0600,9.4800,9.0300,9.4000,6200500
20140221,8.8300,9.1500,8.7200,9.0500,5561100
20140224,9.1600,9.1600,8.8000,8.8300,4900900
20140225,8.6500,9.3100,8.5600,9.2800,6902500
