20130226,21.0450,21.2900,20.8050,21.2900,1162200
20130227,20.8700,21.2500,20.6500,21.0450,577600
20130228,21.1950,21.2500,20.8500,21.0150,761400
20130301,21.3450,21.3500,21.0350,21.2500,1098000
20130304,20.6250,21.4850,20.6100,21.3600,1367700
20130305,20.8300,20.9250,20.5750,20.9050,1582000
20130306,21.4400,21.4950,20.7600,21.0000,2042200
20130307,21.5000,21.9650,21.2500,21.5000,2528500
20130308,20.8850,21.7400,20.8850,21.5600,1153200
20130311,20.3000,20.8500,20.2900,20.8500,1283600
20130312,19.7800,20.5350,19.5300,20.2600,976000
20130313,18.5850,19.7500,18.2500,19.7500,4296800
20130314,18.1650,18.6350,18.1050,18.3650,2888600
20130315,18.1750,18.6050,18.1000,18.2150,1589600
20130318,18.0500,18.4100,17.7500,18.2000,1377800
20130319,18.2500,18.3450,17.9750,18.1050,1614000
20130320,18.5000,18.7550,18.0350,18.2000,2729700
20130321,18.7500,19.1300,18.6050,18.7250,2980800
20130322,18.8200,18.9400,18.4500,18.7500,1233600
20130325,18.9950,19.4500,18.8000,19.0100,2062200
20130326,19.0750,19.2100,18.6500,19.0250,1579300
20130327,18.6250,19.2500,18.4950,19.1900,1609700
20130328,18.1400,18.5850,18.0000,18.5850,2020100
20130329,17.8300,18.2950,17.8050,18.1400,1780800
20130401,18.0900,18.2850,17.5000,17.8950,1364100
20130402,18.1950,18.4250,17.8050,18.1800,1326200
20130403,18.0650,18.2550,17.7650,18.0550,894800
20130404,18.0650,18.0650,18.0650,18.0650,0
20130405,18.0650,18.0650,18.0650,18.0650,0
20130408,18.5750,18.5750,17.5100,17.7750,1189500
20130409,18.2650,19.0500,18.1150,18.9050,2762800
20130410,18.5200,18.7400,18.1500,18.1750,1608100
20130411,18.5000,18.9900,18.3500,18.5500,2310400
20130412,18.1450,18.6350,18.0100,18.5000,1633400
20130415,17.2300,18.1250,17.1750,18.0000,1967500
20130416,16.6750,17.1750,16.4000,17.1750,3900200
20130417,16.8800,16.8850,16.6700,16.7000,1761700
20130418,16.7800,16.9900,16.6300,16.8800,1612000
20130419,17.5350,17.5350,16.7500,16.7500,2952900
20130422,18.1950,18.3500,17.4000,17.4000,3940900
20130423,18.0650,18.7050,17.6650,18.5500,3594000
20130424,18.8850,18.9500,18.1500,18.1500,4462800
20130425,18.7100,19.1000,18.6600,19.0000,3045200
20130426,18.6300,18.9900,18.5000,18.5000,1744300
20130429,18.6300,18.6300,18.6300,18.6300,0
20130430,18.6300,18.6300,18.6300,18.6300,0
20130501,18.6300,18.6300,18.6300,18.6300,0
20130502,18.0800,18.6250,17.8050,18.6250,2674600
20130503,18.3000,18.6050,18.1250,18.2450,3750800
20130506,18.7300,18.8000,18.4050,18.5100,2653800
20130507,19.0350,19.2850,18.5700,18.7400,2685900
20130508,19.7150,19.7700,19.0100,19.4000,4565000
20130509,19.6050,19.8400,19.3550,19.7300,2533200
20130510,19.9500,20.2000,19.5400,19.6600,3477300
20130513,19.9900,20.2500,19.6500,20.1750,2038000
20130514,19.4750,20.1250,19.2250,19.8400,2479700
20130515,19.2900,19.5250,19.0750,19.4950,2600000
20130516,19.3500,19.4600,18.9100,19.0000,3058500
20130517,18.9000,19.3200,18.5300,19.2500,5432000
20130520,19.1200,19.3400,18.6500,18.7300,5234100
20130521,19.5100,19.6400,19.2000,19.2200,4974600
20130522,19.0200,19.6400,18.9500,19.6000,3772100
20130523,18.5800,19.1000,18.5700,19.0300,3910600
20130524,18.7000,18.7800,18.4900,18.5000,2323600
20130527,19.1300,19.1800,18.6000,18.6900,3193000
20130528,19.0200,19.1900,18.7300,19.1800,3002300
20130529,18.9300,19.1000,18.8700,18.9700,2071900
20130530,18.6900,18.9300,18.5500,18.8000,2717300
20130531,18.7700,19.0000,18.2700,18.6800,4527700
20130603,18.3500,18.8600,18.3300,18.6900,2253400
20130604,17.3900,18.3500,17.2300,18.3300,3317100
20130605,17.4100,17.5900,17.2300,17.4500,1308400
20130606,17.1200,17.4100,17.0800,17.3900,1388200
20130607,16.8800,17.2800,16.6900,17.1900,1537600
20130610,16.8800,16.8800,16.8800,16.8800,0
20130611,16.8800,16.8800,16.8800,16.8800,0
20130612,16.8800,16.8800,16.8800,16.8800,0
20130613,16.1000,16.7500,15.7000,16.7000,1765100
20130614,16.4200,16.5000,16.0900,16.0900,1352700
20130617,17.6800,18.0100,16.4800,16.4800,5008500
20130618,17.5700,17.7500,17.2200,17.5000,2275200
20130619,17.2400,17.5100,16.8000,17.5000,1956100
20130620,16.4600,17.1800,16.3300,17.1000,1583500
20130621,16.2200,16.4500,15.8300,16.2800,1330000
20130624,15.5300,16.5000,15.2300,16.3100,1742600
20130625,15.3600,15.5800,13.9800,15.3500,2769600
20130626,15.4900,15.6500,15.0000,15.3600,1966300
20130627,14.6600,15.7800,14.6000,15.5500,2456000
20130628,14.6900,14.9600,14.1600,14.5000,1645100
20130701,15.0000,15.0400,14.5000,14.7900,1632200
20130702,15.2300,15.3500,14.9000,14.9000,1649700
20130703,14.9000,15.2500,14.6000,15.2500,1563400
20130704,15.1300,15.2800,14.6100,14.8200,1925500
20130705,15.1500,15.3300,15.0700,15.0900,1701900
20130708,14.4200,15.0900,14.3800,15.0900,1494800
20130709,14.4100,14.5600,14.3300,14.4200,874400
20130710,14.8400,14.8600,14.3600,14.4100,1130900
20130711,15.3600,15.5000,14.7700,14.8200,2352600
20130712,15.0600,15.4500,15.0500,15.3800,1825400
20130715,15.3600,15.4000,15.0300,15.1000,1584100
20130716,15.7400,15.8400,15.1900,15.3700,2545100
20130717,15.3600,15.7800,15.2500,15.7800,1706000
20130718,14.9600,15.3600,14.9300,15.2100,1464100
20130719,14.5300,15.1500,14.5100,14.9100,1521000
20130722,14.7200,14.7300,14.2800,14.4500,937200
20130723,15.2400,15.2500,14.6700,14.7300,1912700
20130724,15.3700,15.4500,14.9100,15.2400,2054500
20130725,16.1300,16.7900,15.2600,15.3000,5604400
20130726,16.7900,16.8400,15.8000,15.9000,6171800
20130729,15.6500,16.4700,15.6500,16.1800,6147500
20130730,15.2500,15.8300,14.8100,15.5100,2832200
20130731,15.3700,15.7600,15.1500,15.1800,1850600
20130801,15.6000,15.6500,15.3100,15.3600,2441100
20130802,15.7400,16.1300,15.6300,15.6300,2965700
20130805,15.9600,16.0800,15.7000,15.7200,2140000
20130806,16.3800,16.4400,15.9600,15.9800,3536700
20130807,16.9400,17.8000,16.4000,16.4000,6368900
20130808,16.7200,16.9900,16.6000,16.7400,2948700
20130809,16.9800,17.2500,16.3100,16.7500,3572000
20130812,16.7700,17.2000,16.5000,17.1100,3243200
20130813,16.6500,16.8800,16.5200,16.8800,2131800
20130814,16.7300,16.8000,16.5000,16.6500,2369800
20130815,16.2900,16.9000,16.2100,16.6400,2434700
20130816,15.7100,16.5300,15.6500,16.1600,2093600
20130819,16.0600,16.1500,15.4800,15.7000,1261300
20130820,15.8200,16.1000,15.7500,16.0700,1394400
20130821,16.0100,16.0600,15.7700,15.7700,1127700
20130822,16.0500,16.1800,15.9100,16.0000,956300
20130823,15.4100,16.1500,15.1000,16.0800,3164400
20130826,15.5300,15.5500,15.2200,15.4100,2177500
20130827,15.6700,15.7000,15.4500,15.5800,1581200
20130828,15.2100,15.6500,15.2000,15.6500,2287500
20130829,15.0600,15.3100,15.0600,15.2300,1635900
20130830,15.0500,15.2500,14.9600,15.0700,1508100
20130902,15.3100,15.3100,15.0800,15.0800,1321300
20130903,15.3900,15.3900,15.2300,15.3200,1357600
20130904,15.3200,15.5900,15.2300,15.3600,1276100
20130905,15.1900,15.3800,15.1600,15.3000,1327200
20130906,15.3800,15.4900,15.1200,15.1800,1302000
20130909,15.5100,15.6000,15.2100,15.3800,2295300
20130910,15.5800,15.6000,15.3900,15.5300,1859300
20130911,15.7300,15.7900,15.3300,15.5700,2796800
20130912,15.6600,15.9500,15.6100,15.6100,2056200
20130913,16.2400,16.2400,15.4300,15.7400,4768400
20130916,16.0200,16.2900,15.9600,16.2900,2766200
20130917,15.3900,16.0500,15.3400,16.0200,2514700
20130918,15.5000,15.5200,15.2800,15.3900,1511900
20130920,15.5000,15.5000,15.5000,15.5000,0
20130923,15.8000,15.9400,15.5000,15.5000,1970900
20130924,15.8100,15.8700,15.5700,15.8100,2011700
20130925,16.1500,16.3000,15.7000,15.8100,3930200
20130926,15.6900,16.1700,15.6800,16.1700,2173100
20130927,15.4000,15.7600,15.3500,15.6900,1876900
20130930,15.4500,15.5700,15.2900,15.4100,1201300
20131001,15.4500,15.4500,15.4500,15.4500,0
20131002,15.4500,15.4500,15.4500,15.4500,0
20131003,15.4500,15.4500,15.4500,15.4500,0
20131004,15.4500,15.4500,15.4500,15.4500,0
20131007,15.4500,15.4500,15.4500,15.4500,0
20131008,15.5900,15.6200,15.3000,15.4800,1491200
20131009,15.4400,15.5300,15.3300,15.5200,1819600
20131010,15.2400,15.5400,15.2000,15.4500,1541500
20131011,15.6600,15.7700,15.2700,15.2700,2244700
20131014,16.0700,16.2000,15.6900,15.7400,3672200
20131015,15.8900,16.1100,15.7200,16.0800,1834900
20131016,15.6800,15.9400,15.4100,15.9000,1835000
20131017,15.9600,16.0500,15.7000,15.7000,2712700
20131018,16.8700,17.0000,15.9700,15.9900,8874600
20131021,17.4900,17.6500,16.5500,16.9000,9169600
20131022,17.4000,17.9000,17.1500,17.3800,6556800
20131023,16.7800,17.8000,16.6000,17.4000,4440500
20131024,16.8000,16.9700,16.5000,16.6400,2549000
20131025,15.4100,16.3000,15.1500,15.7600,5227700
20131028,14.6800,15.3400,14.5000,15.1000,2606100
20131029,14.2700,14.9300,14.0500,14.6000,2337700
20131030,14.6800,14.7000,14.2600,14.3200,1254200
20131031,14.4800,14.6900,14.3300,14.6900,1192000
20131101,14.3500,14.5100,14.2000,14.5000,968100
20131104,14.3800,14.5100,14.2600,14.4100,1515400
20131105,14.3100,14.3600,14.0200,14.2500,1838900
20131106,14.2000,14.3900,14.0800,14.2500,2295800
20131107,13.9800,14.2400,13.9600,14.1900,1714400
20131108,13.7800,13.9400,13.7800,13.8000,1519300
20131111,14.0100,14.1100,13.7400,13.7400,1187500
20131112,14.0200,14.1100,13.8800,13.9800,996100
20131113,14.0200,14.1600,13.8200,14.0100,1220400
20131114,14.3200,14.3900,13.9100,13.9600,1448200
20131115,14.5400,14.7300,14.2600,14.2600,1996200
20131118,14.6800,14.7000,14.5900,14.5900,1831600
20131119,14.6900,14.6900,14.5500,14.6900,1349800
20131120,14.6800,14.7600,14.6100,14.7200,969400
20131121,14.5200,14.6600,14.3800,14.6600,1067200
20131122,14.6200,14.6800,14.4600,14.4600,881300
20131125,14.7400,14.9600,14.5500,14.6200,1461100
20131126,14.5900,14.8000,14.5000,14.7800,951500
20131127,14.8700,14.8900,14.5600,14.6500,1489000
20131128,14.9200,15.0000,14.7800,14.8500,1433400
20131129,15.3000,15.3600,14.9000,14.9000,2436800
20131202,14.2200,15.0000,14.0200,14.8900,2366400
20131203,14.5200,14.5400,13.9800,13.9900,983800
20131204,14.7900,14.8500,14.4000,14.5000,1603200
20131205,15.0300,15.2500,14.7400,14.8000,1735900
20131206,14.8900,15.1100,14.7600,15.0400,1032700
20131209,15.1600,15.1800,14.8700,14.8700,1201000
20131210,15.1000,15.4600,15.0800,15.1700,1851700
20131211,14.6500,15.1000,14.4800,15.1000,1863400
20131212,14.8100,14.8600,14.6300,14.6300,1152300
20131213,15.1600,15.2000,14.7500,14.7700,1885400
20131216,15.1600,15.4300,14.9800,15.1900,1897700
20131217,15.0600,15.2700,14.8800,15.1800,1153700
20131218,15.0200,15.1300,14.8600,15.0100,881600
20131219,14.8300,15.1700,14.8000,15.1000,948300
20131220,14.4200,14.8400,14.4000,14.8200,1104800
20131223,14.2400,14.4500,13.9500,14.3700,857600
20131224,14.3600,14.5300,14.2400,14.3500,489400
20131225,14.6900,14.7300,14.3600,14.3600,806200
20131226,14.2800,14.6800,14.2400,14.6800,1048400
20131227,14.5300,14.5700,14.2800,14.3600,836100
20131230,14.6900,14.7300,14.5500,14.6100,1057300
20131231,14.5300,14.6600,14.4000,14.6600,880900
20140101,14.5300,14.5300,14.5300,14.5300,0
20140102,14.5900,14.6000,14.4800,14.5600,1054100
20140103,14.2800,14.6400,14.2700,14.5900,1524400
20140106,14.0200,14.2600,13.8100,14.2600,1986200
20140107,14.0800,14.1300,13.8300,13.9300,1216200
20140108,14.1100,14.2500,13.8800,13.8800,1904300
20140109,14.1300,14.2800,14.0100,14.0100,1390600
20140110,13.9800,14.1700,13.9000,14.0700,1292700
20140113,14.0400,14.1600,13.9600,14.0000,672600
20140114,14.1800,14.1800,13.9800,14.0300,760100
20140115,14.4700,14.5500,12.7600,14.1500,2432300
20140116,14.7800,14.8500,14.0800,14.4900,4040300
20140117,14.9000,15.1000,14.4400,14.5000,4202500
20140120,14.5400,14.8500,14.4600,14.7000,1995100
20140121,14.9100,14.9400,14.4300,14.4300,1914600
20140122,14.8200,15.1900,14.7800,14.8400,2839900
20140123,15.0000,15.0300,14.7500,14.8700,2009400
20140124,14.9700,15.1400,14.9100,14.9600,1955800
20140127,14.7400,14.9400,14.7200,14.8300,1441600
20140128,14.5300,14.8400,14.4300,14.7400,1322900
20140129,14.6500,14.7300,14.5500,14.5500,1063100
20140130,14.8500,14.9500,14.6500,14.7500,1297600
20140131,14.8500,14.8500,14.8500,14.8500,0
20140203,14.8500,14.8500,14.8500,14.8500,0
20140205,14.8500,14.8500,14.8500,14.8500,0
20140206,14.8500,14.8500,14.8500,14.8500,0
20140207,15.1200,15.1400,14.6000,14.8000,1786700
20140210,15.5300,15.6000,15.0400,15.1800,2856700
20140211,15.4000,15.7100,15.3800,15.5400,3152200
20140212,16.2500,16.3500,15.3200,15.4000,6279000
20140213,16.1800,16.3000,15.9800,16.3000,3221700
20140214,16.3700,16.7400,16.0700,16.1700,3515200
20140217,16.5900,17.1000,16.2800,16.4500,3593500
20140218,16.4100,16.5800,16.2000,16.5800,2709900
20140219,16.5500,16.5500,16.0300,16.3500,3130500
20140220,16.0200,16.9500,15.9000,16.7700,3626500
20140221,15.7000,16.0800,15.4700,15.8500,1956700
20140224,15.7000,15.9400,15.5100,15.8600,1812600
20140225,14.9600,16.0000,14.7300,15.6300,2677900
