20130226,15.4000,16.0000,15.4000,15.8000,1090100
20130227,15.1500,15.6600,15.1100,15.4000,1420400
20130228,15.6800,15.6900,15.1000,15.4400,1420400
20130301,15.8500,15.8900,15.5500,15.6800,1280900
20130304,14.7400,15.6100,14.7000,15.6100,2223200
20130305,15.0600,15.1000,14.6100,14.7800,1010100
20130306,14.8700,15.1900,14.8100,14.9800,2961400
20130307,14.8100,15.1000,14.7100,14.8500,2643800
20130308,15.2000,15.7000,14.3800,14.8700,7750900
20130311,14.7000,15.1900,14.5000,15.1000,4485500
20130312,13.7600,14.7400,13.5600,14.7100,4564800
20130313,13.7700,13.8900,13.4500,13.5200,1267200
20130314,13.8800,13.9200,13.6900,13.8000,912700
20130315,13.6400,14.0000,13.5300,13.7800,1019500
20130318,13.2500,13.7000,13.2100,13.5600,1178200
20130319,13.3800,13.4000,13.1600,13.2500,952500
20130320,13.8100,13.8700,13.3500,13.4000,1496500
20130321,13.8800,13.9000,13.7100,13.8100,1496300
20130322,13.9000,13.9300,13.6900,13.8100,962300
20130325,13.7900,13.9500,13.7200,13.9000,897800
20130326,13.5700,13.7800,13.4100,13.7800,762600
20130327,13.7700,13.8300,13.5800,13.6700,665600
20130328,13.2100,13.6100,13.2100,13.6000,824200
20130329,13.1700,13.3500,13.1700,13.2300,533800
20130401,13.6200,13.6300,13.1700,13.1700,817000
20130402,13.5300,13.7100,13.5000,13.6800,674400
20130403,13.2500,13.5500,13.1500,13.5400,546200
20130404,13.2500,13.2500,13.2500,13.2500,0
20130405,13.2500,13.2500,13.2500,13.2500,0
20130408,13.1400,13.1500,12.7200,13.1300,374400
20130409,14.4500,14.4500,13.2100,13.2500,4612600
20130410,14.3900,14.6900,14.0900,14.3000,3178900
20130411,14.4100,14.8600,14.3400,14.4000,2935200
20130412,14.3400,14.5800,14.1000,14.4100,1290900
20130415,14.5200,14.5500,14.1100,14.1100,1333600
20130416,14.5800,14.6000,14.1000,14.4700,1222500
20130417,14.8200,14.8800,14.3900,14.4200,2035800
20130418,15.0400,15.1700,14.5700,14.8200,2134300
20130419,14.9800,15.3400,14.9000,15.0000,2602100
20130422,15.2100,15.2500,14.6000,14.7200,2281700
20130423,14.2400,15.1800,14.2300,15.1500,2181300
20130424,14.4400,14.4600,13.6900,14.2500,2985900
20130425,13.7400,14.3800,13.7000,14.3800,2103100
20130426,13.5600,13.8800,13.4800,13.7500,998500
20130429,13.5600,13.5600,13.5600,13.5600,0
20130430,13.5600,13.5600,13.5600,13.5600,0
20130501,13.5600,13.5600,13.5600,13.5600,0
20130502,13.8100,13.8100,13.3100,13.5000,827400
20130503,14.0100,14.1500,13.7800,13.9000,1131900
20130506,14.1600,14.1800,13.9400,14.0000,1255200
20130507,14.1600,14.2600,14.0500,14.1900,1121800
20130508,14.0600,14.2900,13.9600,14.2000,1267600
20130509,13.6900,14.1000,13.5600,14.0600,2112900
20130510,14.0400,14.0400,13.5800,13.6800,1583100
20130513,13.8400,14.0800,13.7600,14.0300,1616000
20130514,13.6900,13.9400,13.6000,13.8300,1134200
20130515,13.8000,13.8600,13.6300,13.6900,794100
20130516,14.7800,15.1600,13.7300,13.8000,5040400
20130517,15.8300,15.9600,14.6000,14.7200,8096400
20130520,16.9300,17.0000,15.5100,15.9000,9320000
20130521,17.3000,17.4000,16.3500,16.6000,4684700
20130522,16.5200,17.2600,16.3800,16.9000,3492900
20130523,16.8800,17.4500,16.4000,16.4800,4490000
20130524,17.1800,17.2900,16.4800,16.7500,2131600
20130527,18.9000,18.9000,17.0200,17.0700,6473500
20130528,19.4700,20.2900,18.9100,19.4500,6527800
20130529,19.6300,19.9900,19.0100,19.3300,3332800
20130530,20.3000,20.6800,19.2900,19.3600,2786700
20130531,19.7200,20.3000,19.4000,20.0000,2524200
20130603,18.7600,19.5900,18.5600,19.5900,3403200
20130604,17.9700,18.8000,17.3800,18.6300,4568700
20130605,18.1700,18.2700,17.6600,17.8000,1648600
20130606,18.0400,18.4300,17.7300,18.0000,1521500
20130607,17.6000,18.1800,17.1500,17.8600,3413100
20130610,17.6000,17.6000,17.6000,17.6000,0
20130611,17.6000,17.6000,17.6000,17.6000,0
20130612,17.6000,17.6000,17.6000,17.6000,0
20130613,16.2300,17.5000,15.8400,17.5000,4684300
20130614,16.6000,17.0600,16.1300,16.1300,4246700
20130617,16.6000,16.8000,16.3400,16.6500,2433000
20130618,16.6100,16.7100,15.9400,16.5800,2872000
20130619,16.7100,16.8900,16.3800,16.5000,2839600
20130620,15.6800,16.9700,15.5100,16.5500,3444700
20130621,15.4000,15.6300,14.9300,15.2500,3153800
20130624,14.2500,15.3600,13.8600,15.3600,2998500
20130625,14.2800,14.4100,13.3300,13.9900,3088800
20130626,14.7000,14.7600,14.1000,14.3000,5204000
20130627,14.3500,15.2800,14.3300,14.8000,4825800
20130628,15.5200,15.7900,13.9000,14.1000,8214000
20130701,15.9000,15.9600,15.1600,15.5000,5072500
20130702,15.9000,15.9800,15.5900,15.7200,3267100
20130703,15.6800,16.1900,15.2600,15.8000,3207800
20130704,16.3300,16.6800,15.4000,15.5400,5198700
20130705,16.4900,17.2000,16.1600,16.5600,5810800
20130708,15.0000,16.1800,15.0000,16.1800,3782300
20130709,14.5400,15.1800,14.3700,14.8500,2812400
20130710,15.1600,15.1900,14.4000,14.5100,3336300
20130711,15.9600,16.1200,15.0100,15.0800,4803900
20130712,15.8000,15.9800,15.5500,15.8000,2723400
20130715,16.2600,16.2600,15.7000,15.7900,2838600
20130716,16.2500,16.3600,15.8500,16.2700,2199100
20130717,15.7000,16.2200,15.6600,16.1000,2474600
20130718,15.2400,15.7500,15.2000,15.5700,2146300
20130719,14.8300,15.5100,14.8000,15.2000,2029900
20130722,14.9700,15.0500,14.6500,14.7500,1377100
20130723,16.1000,16.1100,14.6000,15.0000,3719600
20130724,16.2300,16.4500,15.7100,15.7800,4238500
20130725,15.6600,16.2900,15.6600,16.2300,2053900
20130726,15.7400,15.8600,15.4500,15.5900,1523100
20130729,15.1900,15.7000,15.0600,15.7000,1264800
20130730,14.9200,15.4600,14.6600,15.1900,1292600
20130731,15.1200,15.5700,15.0500,15.1800,1365500
20130801,15.7500,15.7600,14.9600,15.1600,1933600
20130802,16.2500,16.6000,15.9600,16.0000,4814400
20130805,16.6000,16.6800,16.1000,16.1500,3064500
20130806,16.6500,16.7600,16.2500,16.5000,2826800
20130807,16.4700,17.1800,16.3500,16.6500,3204900
20130808,17.6200,18.0500,16.1800,16.1800,5557700
20130809,17.9100,18.7200,17.5100,17.8500,5197900
20130812,18.1200,18.2500,17.5100,17.8100,3434200
20130813,17.9400,18.1500,17.8100,18.1000,1787900
20130814,18.4300,18.6800,17.7600,17.9200,3822000
20130815,17.8100,18.5000,17.6800,18.4100,2577200
20130816,16.7200,17.7300,16.6600,17.3000,2654000
20130819,17.1000,17.2000,16.6200,16.6200,1500900
20130820,17.3300,17.4500,17.0500,17.1000,1907700
20130821,16.9900,17.3100,16.6800,17.3000,1125400
20130822,17.1800,17.4600,16.9300,17.0500,886700
20130823,17.1900,17.4000,16.6000,17.1000,1753400
20130826,18.0700,18.2500,17.0200,17.4000,2898900
20130827,18.4600,18.6000,17.8800,17.9800,3518500
20130828,17.9400,18.3800,17.8700,18.3800,1476900
20130829,17.5600,18.0300,17.4200,17.7900,1025100
20130830,17.0500,17.8800,16.8600,17.5600,1036800
20130902,17.3300,17.3800,16.7000,17.0500,1241400
20130903,18.0500,18.0800,17.0500,17.0500,1901500
20130904,18.0500,18.3500,17.7500,17.9700,1709500
20130905,17.8500,18.0800,17.7500,17.8300,1073500
20130906,17.5100,17.9600,17.3200,17.7400,1135300
20130909,18.3600,18.5000,17.5000,17.5100,2063300
20130910,18.3000,18.5800,18.0500,18.3000,1637600
20130911,17.9300,18.3300,17.5200,18.3300,971200
20130912,18.5500,18.6600,17.8000,17.9800,2289400
20130913,17.9300,18.5800,17.7800,18.4000,2337000
20130916,17.0600,17.9300,17.0600,17.8300,2543600
20130917,17.3000,17.5700,16.9000,17.1600,1319300
20130918,17.1800,17.4400,17.1000,17.3000,1397300
20130920,17.1800,17.1800,17.1800,17.1800,0
20130923,17.4800,17.6600,17.0100,17.3000,913100
20130924,17.9000,17.9000,17.2200,17.3600,1316200
20130925,17.6600,18.1200,17.4300,17.8600,1361800
20130926,17.1000,17.6900,17.0500,17.5300,775400
20130927,17.1100,17.2900,16.9500,17.0500,477600
20130930,16.8000,17.2000,16.7500,17.1200,899600
20131001,16.8000,16.8000,16.8000,16.8000,0
20131002,16.8000,16.8000,16.8000,16.8000,0
20131003,16.8000,16.8000,16.8000,16.8000,0
20131004,16.8000,16.8000,16.8000,16.8000,0
20131007,16.8000,16.8000,16.8000,16.8000,0
20131008,17.3900,17.4100,16.7100,16.8000,715000
20131009,17.1700,17.3800,16.9300,17.2600,1251300
20131010,17.1900,17.2800,16.9800,17.1600,1118300
20131011,17.0100,17.3300,16.9000,17.1200,1949500
20131014,17.4200,17.6000,16.8900,17.0800,2067300
20131015,17.3800,17.4200,17.0800,17.4200,1313300
20131016,16.9900,17.4400,16.8500,17.3800,1689400
20131017,16.5400,17.1400,16.5000,17.0300,1388200
20131018,16.2700,16.6500,16.1500,16.5800,1479000
20131021,16.6900,16.7400,16.2100,16.3600,1141900
20131022,16.8300,17.3400,16.5200,16.6800,1912200
20131023,16.6200,17.1300,16.5000,16.9300,828000
20131024,16.8400,16.9900,16.5000,16.8000,603100
20131025,16.2500,16.8800,16.0300,16.8800,758300
20131028,15.7300,16.3600,15.5000,16.2500,1400700
20131029,15.2500,15.8500,15.0000,15.7300,1462100
20131030,15.5600,15.6500,15.0800,15.2500,589300
20131031,15.5900,15.9000,15.5000,15.5300,1086000
20131101,15.5800,15.6800,15.2200,15.5100,562900
20131104,15.7000,15.7300,15.5300,15.5800,528800
20131105,15.5800,15.7000,15.3900,15.7000,1322500
20131106,15.2800,15.6200,15.2600,15.5500,1267900
20131107,14.6100,15.3400,14.5600,15.2000,1975100
20131108,14.3700,14.6600,14.3400,14.5000,1211600
20131111,14.5800,14.6800,14.3700,14.4400,700800
20131112,14.7400,14.8300,14.5300,14.5300,1014100
20131113,14.3400,14.7200,14.2800,14.7000,852800
20131114,14.9300,15.0000,14.3200,14.4000,1290400
20131115,15.3900,15.6000,15.0100,15.0100,1940000
20131118,15.6600,15.8400,15.3000,15.5600,1907900
20131119,15.6100,15.6600,15.4200,15.6600,1232600
20131120,15.7600,15.8300,15.5400,15.6200,1227200
20131121,15.5200,15.7200,15.3900,15.7200,1197000
20131122,15.6200,15.7200,15.5000,15.5500,983800
20131125,15.8100,16.0900,15.5500,15.5800,2090800
20131126,16.0400,16.2500,15.7500,15.8100,1998200
20131127,16.2200,16.2800,15.9500,16.0000,1761900
20131128,16.4800,16.5800,16.1300,16.2300,2348100
20131129,17.0100,17.1600,16.4400,16.5000,3643900
20131202,15.9100,16.7000,15.6800,16.3300,3701500
20131203,17.0000,17.1000,15.6500,15.6500,2930700
20131204,17.2000,17.5500,16.8800,16.9000,3771700
20131205,17.4800,17.6500,16.9000,17.0000,3133400
20131206,17.3900,17.6000,17.2800,17.5800,2154200
20131209,17.5000,17.8000,17.3500,17.8000,2165200
20131210,17.1700,17.6000,17.1000,17.5200,2447900
20131211,17.1600,17.4600,16.9200,17.1800,2018200
20131212,17.2700,17.4900,17.0300,17.1200,1754300
20131213,17.6000,17.7700,17.1200,17.2000,2438900
20131216,17.0300,17.7700,17.0300,17.6600,2222900
20131217,17.1900,17.3500,17.0200,17.0200,1367100
20131218,16.9400,17.2800,16.7900,17.1300,1286400
20131219,16.8000,17.2500,16.8000,17.0000,948500
20131220,16.4700,16.9500,16.4100,16.8200,984100
20131223,16.6500,16.7400,16.0000,16.4800,964400
20131224,16.8600,17.0400,16.4200,16.4200,1223400
20131225,17.2600,17.4600,16.9900,16.9900,2251700
20131226,16.4400,17.3600,16.4400,17.3500,2872300
20131227,16.8000,16.9500,16.4500,16.4600,2688700
20131230,17.3600,17.4300,16.8800,17.0000,2558400
20131231,16.9300,17.3200,16.7100,17.2700,2199100
20140101,16.9300,16.9300,16.9300,16.9300,0
20140102,17.3500,17.3900,16.8800,17.0900,2390400
20140103,17.3500,17.4900,17.0500,17.3700,2215700
20140106,16.5500,17.3800,16.5500,17.3800,1655200
20140107,16.3600,16.6900,16.1500,16.3800,1642200
20140108,16.4300,16.6500,16.1600,16.3800,1672400
20140109,15.7100,16.5400,15.7000,16.4200,1936500
20140110,15.2000,15.7000,15.1300,15.5900,1495000
20140113,15.3000,15.4000,15.1600,15.1600,715100
20140114,15.5200,15.5300,15.2500,15.3800,927200
20140115,15.5800,15.6600,15.4400,15.5200,809600
20140116,15.8800,15.9900,15.5000,15.6100,1477000
20140117,15.7900,15.9200,15.4400,15.8600,1707900
20140120,15.2200,15.7700,15.1800,15.7700,1427200
20140121,15.5600,15.5800,15.2500,15.2500,810200
20140122,15.9700,16.0500,15.5600,15.5600,1362900
20140123,16.4100,16.4500,15.8300,15.8300,2014000
20140124,16.6600,16.9400,16.2600,16.3600,2363000
20140127,16.8600,16.8800,16.4100,16.5500,1931400
20140128,16.8400,17.1200,16.6100,16.8600,2009400
20140129,16.9200,16.9900,16.7600,16.8100,1139700
20140130,16.8900,17.0200,16.8200,16.8900,960900
20140131,16.8900,16.8900,16.8900,16.8900,0
20140203,16.8900,16.8900,16.8900,16.8900,0
20140205,16.8900,16.8900,16.8900,16.8900,0
20140206,16.8900,16.8900,16.8900,16.8900,0
20140207,16.9800,16.9900,16.5000,16.7000,1231100
20140210,17.3600,17.3700,16.9000,17.0100,2432600
20140211,17.2300,17.4700,17.0100,17.3000,1993000
20140212,17.7500,17.7800,17.1500,17.1600,2759900
20140213,17.1100,17.7100,17.0900,17.7100,1990100
20140214,17.4600,17.5800,17.0300,17.1300,2112800
20140217,17.9800,18.0800,17.5700,17.6300,2772900
20140218,18.0700,18.2500,17.7800,18.0200,2978000
20140219,17.6000,18.3000,17.4000,18.0100,3293700
20140220,17.1300,17.7400,17.1200,17.6800,2046600
20140221,17.3200,17.4600,16.9900,17.2000,1126100
20140224,16.9600,17.2500,16.7400,17.2500,1999800
20140225,16.2800,16.9800,16.1500,16.8500,2352500
