20130226,11.6600,11.9900,11.6500,11.8900,1095300
20130227,11.9500,12.3600,11.4500,11.6000,2086900
20130228,12.2800,12.3700,11.7600,11.7900,3418500
20130301,12.3200,12.3700,12.1000,12.1900,2007200
20130304,12.0000,12.3200,11.8400,12.3200,1593300
20130305,12.3500,12.4600,11.7000,11.7000,1901700
20130306,12.3800,12.5300,12.2900,12.4100,1626900
20130307,12.1100,12.6800,12.0200,12.3800,1383100
20130308,11.9500,12.1900,11.8600,12.1100,1151900
20130311,11.9800,12.0400,11.8700,12.0300,603600
20130312,11.5600,12.0300,11.4300,11.9300,968300
20130313,11.4200,11.6400,11.2500,11.6000,877400
20130314,11.4200,11.5700,11.4000,11.4500,444700
20130315,11.4300,11.6300,11.3000,11.4900,482400
20130318,11.2400,11.5000,11.2200,11.4300,397400
20130319,11.2900,11.3800,11.1600,11.3800,519600
20130320,11.6300,11.7900,11.3000,11.3100,709800
20130321,11.5900,11.7300,11.5300,11.5800,666800
20130322,11.7000,11.7500,11.5300,11.6600,581500
20130325,11.8000,11.9300,11.6100,11.7800,840500
20130326,11.6600,11.7900,11.5200,11.7400,570500
20130327,11.5500,11.7200,11.5200,11.6600,441500
20130328,11.1300,11.5900,11.1300,11.5900,681400
20130329,11.1400,11.2600,11.0000,11.2200,240000
20130401,11.3000,11.3000,10.9800,11.1400,311100
20130402,10.8400,11.3100,10.8300,11.3000,818800
20130403,10.6900,10.9300,10.6900,10.9000,375800
20130404,10.6900,10.6900,10.6900,10.6900,0
20130405,10.6900,10.6900,10.6900,10.6900,0
20130408,10.6000,10.6700,10.3600,10.6500,403200
20130409,10.7500,11.0000,10.5500,10.6000,368500
20130410,10.7300,10.8200,10.6300,10.7500,296900
20130411,10.7400,10.7900,10.6800,10.7600,210100
20130412,10.6000,10.7500,10.6000,10.6900,292800
20130415,10.2700,10.6000,10.2700,10.5800,331800
20130416,10.4700,10.4700,10.1000,10.1300,233400
20130417,10.4800,10.5300,10.3600,10.4800,143200
20130418,10.6500,10.6900,10.4500,10.4500,323600
20130419,10.8000,10.8500,10.6300,10.6500,465600
20130422,10.7300,10.8400,10.6800,10.6800,311100
20130423,10.4500,10.7700,10.4300,10.7700,346700
20130424,10.6600,10.6800,10.4500,10.4500,394300
20130425,10.6100,10.9300,10.6000,10.7000,505100
20130426,10.3600,10.6500,10.3500,10.5500,310200
20130429,10.3600,10.3600,10.3600,10.3600,0
20130430,10.3600,10.3600,10.3600,10.3600,0
20130501,10.3600,10.3600,10.3600,10.3600,0
20130502,10.4500,10.4500,10.2100,10.3600,259400
20130503,10.6300,10.6700,10.4400,10.5100,281900
20130506,10.7600,10.8300,10.6500,10.7500,502000
20130507,10.8700,10.9000,10.6900,10.8600,579300
20130508,10.8900,10.8900,10.7900,10.8800,551100
20130509,10.7800,10.8900,10.7000,10.8900,678800
20130510,10.9900,11.0600,10.7800,10.7800,1098500
20130513,11.1900,11.3300,11.0000,11.0000,1251900
20130514,11.0200,11.2300,10.9000,11.2300,680600
20130515,11.2700,11.3200,11.0000,11.0300,820700
20130516,11.3100,11.4000,11.2300,11.3200,865500
20130517,11.6400,11.7900,11.3600,11.3700,1848700
20130520,11.7300,11.7700,11.5900,11.6800,948100
20130521,12.1300,12.1300,11.7300,11.7300,1682300
20130522,11.8000,12.2800,11.7800,12.1200,1579500
20130523,11.7300,11.9000,11.6100,11.8000,1332000
20130524,11.6200,11.6700,11.3900,11.5400,1072000
20130527,11.6300,11.7000,11.5100,11.6300,819200
20130528,11.4200,11.6600,11.4000,11.6100,1311400
20130529,11.4500,11.5600,11.3800,11.4200,925100
20130530,11.4900,11.5000,11.3000,11.4100,1597600
20130531,11.6000,11.8200,11.5000,11.5000,1659300
20130603,11.4700,11.6800,11.4300,11.6000,1164400
20130604,11.1500,11.5100,11.1000,11.5100,960100
20130605,11.4400,11.5300,11.0900,11.1500,736500
20130606,11.4900,11.8000,11.3600,11.3800,2539700
20130607,11.4600,11.5100,11.1300,11.4800,1732200
20130610,11.4600,11.4600,11.4600,11.4600,0
20130611,11.4600,11.4600,11.4600,11.4600,0
20130612,11.4600,11.4600,11.4600,11.4600,0
20130613,11.0100,11.3000,10.6600,11.3000,1223500
20130614,11.1100,11.2900,10.9100,11.0100,710900
20130617,11.3200,11.5500,11.0900,11.2200,1109000
20130618,11.2700,11.3800,11.1000,11.2800,597500
20130619,11.1700,11.2800,10.9000,11.2800,790000
20130620,10.8000,11.1600,10.8000,11.1600,753200
20130621,10.6500,10.7300,10.5100,10.7000,594400
20130624,10.1500,10.6700,10.0500,10.6700,630800
20130625,10.0500,10.2400,9.4600,10.1600,988100
20130626,10.2000,10.2300,9.9200,10.0500,590600
20130627,10.0000,10.4200,9.9600,10.1900,603400
20130628,10.0700,10.2200,9.8000,9.9800,433400
20130701,10.3000,10.3200,10.0100,10.0500,429300
20130702,10.5000,10.5200,10.2100,10.3500,616800
20130703,10.6100,10.7200,10.2300,10.5000,738100
20130704,11.3500,11.6600,10.4900,10.5800,4160600
20130705,11.3700,11.7500,11.1900,11.4000,3905300
20130708,10.2300,10.5800,10.2300,10.2800,2766300
20130709,9.9900,10.0500,9.7200,9.9100,1227500
20130710,10.2400,10.2400,9.9100,10.0100,822300
20130711,10.4400,10.5600,10.1700,10.2100,1139800
20130712,10.4300,10.5700,10.3300,10.4100,1168800
20130715,10.5200,10.5900,10.2400,10.4200,790100
20130716,10.7500,10.7500,10.4100,10.4100,699900
20130717,10.5600,10.8500,10.5300,10.7500,657600
20130718,10.6300,10.6500,10.4000,10.5200,751200
20130719,10.4000,10.6900,10.3500,10.6900,761700
20130722,10.5700,10.6000,10.3700,10.4100,704700
20130723,10.8000,10.8900,10.5400,10.5400,872800
20130724,10.8500,10.8600,10.7200,10.7300,624100
20130725,11.1000,11.1500,10.7100,10.8300,1148300
20130726,11.2500,11.7400,10.8800,11.0000,5867000
20130729,10.9400,11.2900,10.8500,11.2300,1611800
20130730,10.7000,11.0400,10.3800,10.8900,1527200
20130731,10.8200,10.8700,10.6300,10.6300,1493800
20130801,10.9800,11.0400,10.6900,10.8000,1509600
20130802,10.9100,11.0700,10.8900,11.0000,2444100
20130805,11.1800,11.2700,10.8500,10.9400,2031900
20130806,11.3400,11.4800,11.1500,11.1900,2227800
20130807,11.2300,11.5000,11.2000,11.3300,1464800
20130808,11.3200,11.3700,11.1800,11.2300,1195300
20130809,11.3500,11.4700,11.1200,11.3000,1326100
20130812,11.3800,11.3800,11.2500,11.3700,1214600
20130813,11.5600,11.5600,11.3500,11.3500,1514700
20130814,11.3400,11.5800,11.3000,11.5600,1233100
20130815,11.2200,11.7400,11.2200,11.3000,1233600
20130816,11.0200,11.3800,10.9800,11.1200,1271900
20130819,11.1900,11.2000,10.9000,10.9300,812100
20130820,11.1700,11.3100,11.0400,11.1400,1118200
20130821,11.4200,11.4200,11.1100,11.2000,1168600
20130822,11.3300,11.4600,11.2900,11.3300,811500
20130823,11.2500,11.4200,11.1300,11.3600,1385300
20130826,11.6100,11.7000,11.1900,11.2500,2569900
20130827,11.6600,11.7200,11.4700,11.6100,2699400
20130828,11.7300,12.1100,11.4000,11.5200,3862300
20130829,11.8600,12.0500,11.6600,11.7400,2818300
20130830,11.9800,12.1000,11.6400,11.8600,3764400
20130902,11.7600,12.1500,11.5100,12.0000,1948700
20130903,11.9000,11.9400,11.6600,11.8400,1466600
20130904,11.7100,12.0000,11.6600,11.9200,1369200
20130905,11.7200,11.7800,11.5800,11.7100,1270800
20130906,12.3000,12.4500,11.6400,11.7200,4360600
20130909,12.1700,12.3300,12.0700,12.3200,2774400
20130910,12.2500,12.4200,12.1200,12.1700,2392600
20130911,11.9800,12.3200,11.8400,12.2300,2453200
20130912,12.2500,12.2900,11.9000,11.9700,1727700
20130913,12.2300,12.4000,12.0500,12.2700,1192400
20130916,12.4100,12.5400,12.0600,12.2300,2171100
20130917,12.1700,12.4700,12.1500,12.3200,1175000
20130918,12.3700,12.3800,12.0300,12.1700,1190300
20130920,12.3700,12.3700,12.3700,12.3700,0
20130923,12.4900,12.5800,12.2100,12.3300,1552100
20130924,12.2600,12.8000,12.2600,12.4700,2539000
20130925,12.5400,12.7700,12.1500,12.2500,2598400
20130926,12.1600,12.6300,12.1300,12.4700,1833300
20130927,12.2700,12.4000,12.0600,12.1300,1247000
20130930,12.3800,12.3900,12.2000,12.2900,1368600
20131001,12.3800,12.3800,12.3800,12.3800,0
20131002,12.3800,12.3800,12.3800,12.3800,0
20131003,12.3800,12.3800,12.3800,12.3800,0
20131004,12.3800,12.3800,12.3800,12.3800,0
20131007,12.3800,12.3800,12.3800,12.3800,0
20131008,12.4700,12.5500,12.3300,12.4500,1116100
20131009,12.5900,12.5900,12.3600,12.4100,1030700
20131010,12.2000,12.7500,12.2000,12.5700,1689700
20131011,12.3600,12.5000,12.2200,12.2200,1331500
20131014,12.5300,12.5500,12.3000,12.3000,1286800
20131015,12.4600,12.5600,12.3600,12.5300,948700
20131016,11.8000,12.4700,11.7800,12.3900,2491000
20131017,11.8400,12.0400,11.7900,11.9700,1406900
20131018,11.9000,11.9800,11.7300,11.8400,753800
20131021,12.2400,12.2600,11.9000,11.9100,1343300
20131022,12.0800,12.2700,12.0300,12.2700,1228100
20131023,11.7600,12.1400,11.7000,12.0600,1559000
20131024,11.7000,11.8400,11.6800,11.7600,805700
20131025,11.6900,11.9100,11.6300,11.7700,1064300
20131028,11.7300,11.7800,11.6600,11.6900,952000
20131029,11.4400,11.8500,11.2100,11.7600,1275400
20131030,11.7900,11.8300,11.4000,11.4500,1100500
20131031,11.8600,12.1000,11.7000,11.7700,2114800
20131101,11.7400,11.9800,11.6500,11.8000,1379300
20131104,12.1200,12.2000,11.7500,11.7500,2070700
20131105,12.3200,12.3300,11.8800,12.0500,2990700
20131106,12.1400,12.4500,12.1200,12.2700,2046100
20131107,12.1100,12.3700,12.0600,12.1700,1879400
20131108,12.3300,12.5500,12.0300,12.1200,3592900
20131111,13.2100,13.4000,12.1600,12.2500,5760900
20131112,13.8600,14.4400,13.0200,13.1600,9674100
20131113,13.9100,14.2000,13.5200,13.6600,6662700
20131114,15.3000,15.3000,13.7200,13.8200,8144200
20131115,16.8300,16.8300,15.7100,16.2000,8271200
20131118,16.8500,17.4600,16.1100,17.0000,12734200
20131119,16.3300,16.5900,16.0100,16.5200,8492100
20131120,16.4100,16.4800,16.0600,16.2000,6137800
20131121,15.7800,16.1900,15.4200,16.0000,6998200
20131122,15.9900,16.2800,15.6700,15.8300,4825700
20131125,16.2900,16.4000,15.9900,16.4000,5280900
20131126,16.3500,17.1700,15.8700,16.0800,7531400
20131127,16.0200,16.3400,15.9000,16.0500,4696100
20131128,16.7900,17.0600,15.9700,16.0500,7813200
20131129,16.9600,17.6500,16.6900,16.7600,8044200
20131202,15.2600,15.7200,15.2600,15.3000,4496600
20131203,14.5700,14.9800,13.7300,14.1000,6523600
20131204,14.5000,15.1300,14.3800,14.4600,4379900
20131205,14.5500,14.7400,14.3500,14.3700,2613200
20131206,14.4900,14.7700,14.4000,14.4900,2243300
20131209,14.9800,14.9800,14.4200,14.4200,3015400
20131210,15.1100,15.4900,14.9000,15.1700,3421500
20131211,15.0000,15.1700,14.7200,14.9300,2006000
20131212,15.2800,15.3700,15.0000,15.0000,2361400
20131213,15.3700,15.4000,14.9700,15.2400,2388100
20131216,14.6200,15.3000,14.6200,15.2500,1977600
20131217,14.3900,14.7100,14.3900,14.5200,1238600
20131218,14.4000,14.5800,14.2800,14.3500,950200
20131219,14.3200,14.6800,14.3000,14.4100,1051300
20131220,14.1700,14.4500,14.0000,14.3400,1259100
20131223,14.3200,14.4300,13.8700,14.0800,1112300
20131224,14.4900,14.7500,14.2400,14.2400,1472200
20131225,15.4500,15.6000,14.5900,14.5900,3508100
20131226,14.9000,15.4900,14.8700,15.3100,2578300
20131227,15.5500,15.6800,14.9800,14.9800,3061600
20131230,15.5600,15.9400,15.4200,15.6500,2364400
20131231,15.2100,15.6100,14.9400,15.4600,1518000
20140101,15.2100,15.2100,15.2100,15.2100,0
20140102,15.4700,15.4900,15.0000,15.2000,1634900
20140103,15.5900,15.5900,15.1700,15.4700,1975600
20140106,14.6900,15.7500,14.5800,15.6500,2323500
20140107,14.8800,15.0100,14.3900,14.6100,1496800
20140108,14.9400,15.2400,14.8300,14.9700,1396100
20140109,14.6800,15.2800,14.6000,15.0000,1616300
20140110,13.7800,14.6000,13.6700,14.6000,2048100
20140113,13.8800,13.9700,13.5900,13.9600,1310800
20140114,14.2500,14.2600,13.7500,13.8200,1212500
20140115,14.3600,14.4600,14.1200,14.1800,1202500
20140116,14.6000,14.7100,14.3000,14.4800,1379000
20140117,14.4400,14.5800,14.3100,14.5000,990500
20140120,14.3900,14.6900,14.2000,14.5000,1013500
20140121,14.5300,14.6200,14.3800,14.4200,904400
20140122,15.1700,15.1900,14.5300,14.5500,2342500
20140123,15.1800,15.2400,14.9400,15.2000,1910400
20140124,15.3400,15.4800,15.0200,15.0300,2063300
20140127,15.1400,15.3600,15.0800,15.3600,1262600
20140128,14.9000,15.2600,14.8900,15.1700,1285700
20140129,15.0500,15.1400,14.9000,14.9000,1026800
20140130,14.8600,15.1300,14.8100,15.0800,909600
20140131,14.8600,14.8600,14.8600,14.8600,0
20140203,14.8600,14.8600,14.8600,14.8600,0
20140205,14.8600,14.8600,14.8600,14.8600,0
20140206,14.8600,14.8600,14.8600,14.8600,0
20140207,15.0300,15.0400,14.5000,14.7500,922300
20140210,15.6600,15.8600,15.0600,15.0600,2999300
20140211,15.7600,15.8200,15.3100,15.6000,2889000
20140212,16.4400,16.4600,15.5700,15.7000,3639400
20140213,15.8400,16.4100,15.7500,16.4100,2460100
20140214,16.1200,16.3000,15.7800,15.8300,1807500
20140217,16.6500,16.6500,16.1600,16.1700,3115900
20140218,16.5000,16.8000,16.3700,16.6700,2970900
20140219,16.2600,16.6000,16.1200,16.5000,2209100
20140220,15.9800,16.3400,15.9000,16.2400,1654700
20140221,16.0700,16.3100,15.8800,15.9300,1364300
20140224,16.4000,16.4100,15.9500,16.1600,1396800
20140225,15.2800,16.6600,15.2100,16.4700,2538300
