20130226,8.8933,9.1867,8.8667,8.9800,3233400
20130227,9.2067,9.2800,8.9000,8.9000,6942000
20130228,9.2867,9.3467,9.0600,9.2067,7118800
20130301,9.4467,9.5133,9.2333,9.2533,7424700
20130304,9.0667,9.3933,8.9667,9.3467,5298200
20130305,9.5267,9.5267,9.0533,9.0667,6490300
20130306,9.7000,9.9400,9.3867,9.5467,11904100
20130307,9.5067,9.9000,9.4400,9.7333,7910800
20130308,9.5067,9.5067,9.5067,9.5067,0
20130311,9.5067,9.5067,9.5067,9.5067,0
20130312,9.5067,9.5067,9.5067,9.5067,0
20130313,9.5067,9.5067,9.5067,9.5067,0
20130314,9.5067,9.5067,9.5067,9.5067,0
20130315,9.5067,9.5067,9.5067,9.5067,0
20130318,9.5067,9.5067,9.5067,9.5067,0
20130319,9.5067,9.5067,9.5067,9.5067,0
20130320,9.5067,9.5067,9.5067,9.5067,0
20130321,9.5067,9.5067,9.5067,9.5067,0
20130322,9.5067,9.5067,9.5067,9.5067,0
20130325,9.5067,9.5067,9.5067,9.5067,0
20130326,9.5067,9.5067,9.5067,9.5067,0
20130327,9.5067,9.5067,9.5067,9.5067,0
20130328,9.5067,9.5067,9.5067,9.5067,0
20130329,9.5067,9.5067,9.5067,9.5067,0
20130401,9.5067,9.5067,9.5067,9.5067,0
20130402,9.5067,9.5067,9.5067,9.5067,0
20130403,9.5067,9.5067,9.5067,9.5067,0
20130404,9.5067,9.5067,9.5067,9.5067,0
20130405,9.5067,9.5067,9.5067,9.5067,0
20130408,9.5067,9.5067,9.5067,9.5067,0
20130409,9.5067,9.5067,9.5067,9.5067,0
20130410,9.5067,9.5067,9.5067,9.5067,0
20130411,9.5067,9.5067,9.5067,9.5067,0
20130412,9.5067,9.5067,9.5067,9.5067,0
20130415,9.5067,9.5067,9.5067,9.5067,0
20130416,9.5067,9.5067,9.5067,9.5067,0
20130417,9.5067,9.5067,9.5067,9.5067,0
20130418,9.5067,9.5067,9.5067,9.5067,0
20130419,9.5067,9.5067,9.5067,9.5067,0
20130422,9.5067,9.5067,9.5067,9.5067,0
20130423,9.5067,9.5067,9.5067,9.5067,0
20130424,9.5067,9.5067,9.5067,9.5067,0
20130425,9.5067,9.5067,9.5067,9.5067,0
20130426,9.5067,9.5067,9.5067,9.5067,0
20130429,9.5067,9.5067,9.5067,9.5067,0
20130430,9.5067,9.5067,9.5067,9.5067,0
20130501,9.5067,9.5067,9.5067,9.5067,0
20130502,9.5067,9.5067,9.5067,9.5067,0
20130503,9.5067,9.5067,9.5067,9.5067,0
20130506,9.5067,9.5067,9.5067,9.5067,0
20130507,9.5067,9.5067,9.5067,9.5067,0
20130508,9.5067,9.5067,9.5067,9.5067,0
20130509,9.5067,9.5067,9.5067,9.5067,0
20130510,9.5067,9.5067,9.5067,9.5067,0
20130513,9.5067,9.5067,9.5067,9.5067,0
20130514,9.5067,9.5067,9.5067,9.5067,0
20130515,9.5067,9.5067,9.5067,9.5067,0
20130516,9.5067,9.5067,9.5067,9.5067,0
20130517,9.5067,9.5067,9.5067,9.5067,0
20130520,9.5067,9.5067,9.5067,9.5067,0
20130521,9.5067,9.5067,9.5067,9.5067,0
20130522,9.5067,9.5067,9.5067,9.5067,0
20130523,9.5067,9.5067,9.5067,9.5067,0
20130524,9.5067,9.5067,9.5067,9.5067,0
20130527,9.5067,9.5067,9.5067,9.5067,0
20130528,10.3100,10.3100,10.3100,10.3100,310900
20130529,11.3400,11.3400,11.3400,11.3400,267600
20130530,12.4700,12.4700,12.4700,12.4700,2969500
20130531,13.7200,13.7200,13.7200,13.7200,10874300
20130603,14.5200,14.8800,14.0100,14.3400,36386000
20130604,15.8500,15.9700,14.1800,14.2900,34792800
20130605,15.0700,15.6200,14.8100,15.3900,19809200
20130606,15.3800,16.2300,15.0100,15.4000,22638600
20130607,14.6100,15.5800,14.5000,15.2700,15486700
20130610,14.6100,14.6100,14.6100,14.6100,0
20130611,14.6100,14.6100,14.6100,14.6100,0
20130612,14.6100,14.6100,14.6100,14.6100,0
20130613,16.0700,16.0700,14.3900,14.4000,23655500
20130614,16.1400,17.3500,15.5900,15.8000,30776200
20130617,17.2000,17.7400,15.8500,16.3100,24124100
20130618,17.5500,17.9500,16.5300,16.9000,19948400
20130619,17.9500,18.6200,17.2200,17.3000,20430600
20130620,16.3400,18.1900,16.2900,17.5800,18909900
20130621,17.3900,17.8500,15.7500,15.8700,23299200
20130624,17.1200,18.0700,16.5000,17.3900,23049700
20130625,16.5700,17.2800,15.4100,16.3300,23351600
20130626,18.0600,18.0800,16.0800,16.3500,26484000
20130627,17.1700,18.3200,16.7700,17.9400,25460200
20130628,16.1900,17.0800,16.0500,16.5000,14716500
20130701,16.8500,16.9500,15.6500,16.0700,12922200
20130702,18.5400,18.5400,16.6000,16.7300,26284000
20130703,18.7200,19.2600,17.6800,18.5500,27460100
20130704,18.0100,18.5800,17.8000,18.1200,16479400
20130705,18.1000,19.4700,18.1000,18.2500,20654400
20130708,17.0500,18.2400,16.3300,17.0000,14693400
20130709,17.3600,17.4900,16.6000,16.7000,9547100
20130710,17.4400,18.1800,17.4000,17.4600,10443300
20130711,17.8000,17.9500,16.8100,17.1000,13496600
20130712,17.9500,18.8000,17.5800,17.6500,16064700
20130715,19.0700,19.5500,18.0100,18.1600,20317800
20130716,19.2000,19.4500,18.5100,19.1000,14562900
20130717,19.7800,20.4000,18.8300,19.2300,21266600
20130718,21.7600,21.7600,20.2000,20.2000,26916900
20130719,22.6400,23.9300,21.2100,21.7600,28183700
20130722,23.1900,23.4700,21.9100,22.3000,19161400
20130723,22.9600,24.1000,22.7000,23.9000,14528100
20130724,22.7000,23.1200,22.0800,22.7100,15607000
20130725,21.2300,23.2900,21.0000,22.3200,16036800
20130726,20.9700,21.8000,20.0500,21.0000,11421700
20130729,21.2600,21.4500,20.1200,20.9500,9913100
20130730,19.9600,21.3700,19.1300,20.8400,11220500
20130731,19.4800,20.4500,19.3500,19.8500,7991300
20130801,21.1400,21.4100,19.5300,19.7300,13407700
20130802,20.8800,21.9300,20.7800,21.2200,10747900
20130805,20.9800,21.1000,20.3800,20.6900,6812500
20130806,21.7600,22.2900,21.1000,21.2900,12385800
20130807,21.6400,22.4400,21.3600,21.7800,9139400
20130808,21.1600,21.5900,20.8800,21.5000,6146300
20130809,20.7400,21.7800,20.2000,21.1800,7775100
20130812,20.4800,20.8500,19.9700,20.7500,7271400
20130813,20.9500,21.3200,20.4700,20.4800,6853600
20130814,21.7700,21.9800,20.4800,20.7500,11570300
20130815,21.3000,22.0000,21.3000,21.8000,8443300
20130816,20.0200,21.3800,20.0100,20.7800,7909100
20130819,20.4800,20.6600,19.5800,19.7200,5080200
20130820,20.6000,20.7900,20.1800,20.3600,5227700
20130821,20.6400,20.6500,20.1300,20.4800,4959900
20130822,21.5400,21.9000,20.5000,20.9000,12540200
20130823,21.3300,21.8600,20.8200,21.4000,9590300
20130826,22.5200,23.2000,21.2200,21.3000,14804900
20130827,23.0100,23.0100,22.0000,22.2800,13982900
20130828,23.3100,24.4500,22.7200,22.9000,17219400
20130829,22.6300,24.5100,22.3300,24.2000,14108200
20130830,20.3700,22.0000,20.3700,22.0000,16250400
20130902,20.3800,20.8700,19.6500,19.8000,6030400
20130903,20.8900,21.0900,20.2000,20.3800,5706100
20130904,20.3400,20.6800,20.1000,20.6800,5937700
20130905,20.7300,20.9500,19.8800,20.3400,6864700
20130906,20.4800,20.7300,20.2000,20.5400,4918600
20130909,20.6700,20.8500,20.2300,20.4000,5602400
20130910,20.3800,20.8800,20.2400,20.6000,4910600
20130911,18.3400,20.3000,18.3400,20.2700,11743600
20130912,17.9300,18.7600,17.5000,17.9300,7037800
20130913,19.2000,19.3000,18.2300,18.3900,9998000
20130916,19.2100,19.6000,18.8600,19.6000,5070500
20130917,18.6200,19.3800,18.6100,19.3800,4442900
20130918,18.8100,18.9000,18.2000,18.4900,3596800
20130920,18.8100,18.8100,18.8100,18.8100,0
20130923,19.9000,20.0000,18.8500,18.8500,6678800
20130924,19.9200,20.2800,19.7200,19.8400,6598400
20130925,19.4900,19.9000,19.2800,19.9000,4437100
20130926,18.5100,19.3800,18.4800,19.3800,4699400
20130927,18.3500,18.7700,18.3000,18.6100,2680700
20130930,19.6100,19.6500,18.3500,18.3500,6046000
20131001,19.6100,19.6100,19.6100,19.6100,0
20131002,19.6100,19.6100,19.6100,19.6100,0
20131003,19.6100,19.6100,19.6100,19.6100,0
20131004,19.6100,19.6100,19.6100,19.6100,0
20131007,19.6100,19.6100,19.6100,19.6100,0
20131008,20.4900,20.6500,20.0300,20.3000,9765600
20131009,21.1000,21.4000,20.0500,20.4000,9746300
20131010,21.5000,21.5200,20.5200,20.8000,10844500
20131011,21.1600,22.1800,21.0100,21.9900,10762200
20131014,20.7800,20.9700,20.4800,20.7100,6396400
20131015,21.1500,21.6400,20.9000,20.9100,6858300
20131016,21.1500,21.1500,21.1500,21.1500,0
20131017,21.1500,21.1500,21.1500,21.1500,0
20131018,21.1500,21.1500,21.1500,21.1500,0
20131021,21.1500,21.1500,21.1500,21.1500,0
20131022,21.1500,21.1500,21.1500,21.1500,0
20131023,21.1500,21.1500,21.1500,21.1500,0
20131024,22.2100,23.0000,19.0400,20.8900,12112100
20131025,20.1000,22.2000,19.9900,21.7000,6782400
20131028,19.0000,19.9900,18.5500,19.4000,5062500
20131029,17.5900,19.3000,17.1100,18.9900,5106600
20131030,17.9700,18.1500,17.2800,17.6800,3039200
20131031,17.1000,17.9000,16.5000,17.9000,5316500
20131101,16.4700,16.9300,16.1100,16.9200,3279700
20131104,16.8000,16.9600,16.1200,16.3000,2274400
20131105,17.2900,17.2900,16.6000,16.6100,3169700
20131106,17.9100,18.8700,17.3100,17.3100,6061300
20131107,17.6500,18.1900,17.5100,17.6800,2366900
20131108,17.9000,18.4400,17.6000,17.6000,2971800
20131111,18.6000,19.3000,17.9600,18.0000,4061100
20131112,18.2200,18.8000,17.8300,18.6400,2983200
20131113,17.7700,18.5000,17.7500,18.1900,2384000
20131114,18.2200,18.2200,17.5300,17.7800,2764700
20131115,18.5200,18.8000,18.3400,18.4100,3997400
20131118,18.9600,19.0400,18.3400,18.5300,4932400
20131119,18.8000,19.3700,18.7800,18.8100,4008800
20131120,18.8800,19.0800,18.6500,18.9500,2948000
20131121,18.3000,18.8000,18.2500,18.8000,3827900
20131122,18.0300,18.6000,18.0100,18.3100,2623800
20131125,17.9800,18.1800,17.6800,17.8100,1713600
20131126,18.4700,18.5000,18.0200,18.1400,2836600
20131127,18.7000,19.0000,18.5500,18.8500,4160500
20131128,18.7500,18.8800,18.5500,18.8000,3384800
20131129,18.7600,18.9100,18.6600,18.8000,3294200
20131202,16.8800,17.9900,16.8800,17.9900,5252400
20131203,17.3000,17.3500,15.8300,16.7400,4245200
20131204,17.1300,17.4300,17.0100,17.0100,2796000
20131205,16.6300,17.2300,16.5200,17.0000,3181800
20131206,16.8100,16.9900,16.6000,16.8800,2327800
20131209,17.0300,17.0700,16.7800,16.8100,1658800
20131210,16.9900,17.0900,16.8900,17.0300,1341000
20131211,16.7500,16.9900,16.5800,16.9900,1379400
20131212,17.2900,17.3800,16.5000,16.5000,2911400
20131213,17.1000,17.4300,17.0300,17.2800,1985100
20131216,17.9000,18.3500,17.3500,17.3600,5167800
20131217,17.0000,17.9300,17.0000,17.6500,2485600
20131218,16.8000,17.4000,16.7500,17.2700,1777000
20131219,16.9100,17.3900,16.8600,16.9000,1849400
20131220,16.9100,16.9100,16.9100,16.9100,0
20131223,16.3500,16.9500,15.8000,16.8700,1806800
20131224,16.5000,16.7000,16.2600,16.3300,1325300
20131225,17.4100,17.6600,16.6500,16.9600,3801400
20131226,17.0100,17.6500,16.9500,17.2000,2732000
20131227,17.1600,17.3600,16.7900,16.7900,1502000
20131230,17.5000,17.5100,17.1800,17.4000,2115900
20131231,17.3800,17.5800,17.0600,17.5500,1397500
20140101,17.3800,17.3800,17.3800,17.3800,0
20140102,17.8700,18.0700,17.1700,17.1800,3626100
20140103,18.0300,18.1400,17.6100,17.9000,4088300
20140106,18.2100,18.8900,17.9700,18.0500,6007300
20140107,18.3600,18.3900,17.4100,18.0500,3481400
20140108,19.0700,19.0700,18.2300,18.3500,6813400
20140109,18.6100,19.8000,18.5900,19.0700,8035800
20140110,17.5600,18.7200,17.4100,18.6100,4217000
20140113,16.9000,17.9000,16.5300,17.5000,3928300
20140114,17.7000,17.7900,16.8800,16.8800,2988700
20140115,18.4000,18.8400,17.7000,17.8500,4549000
20140116,18.2000,18.9700,18.1200,18.5200,4085100
20140117,18.5900,18.9700,18.0100,18.0800,4591800
20140120,19.1000,19.1800,18.3300,18.8000,5642100
20140121,19.1300,19.2000,18.6800,18.8800,5240500
20140122,19.6500,19.7700,18.9400,19.1500,7738600
20140123,21.6200,21.6200,19.7000,20.0000,19139300
20140124,21.3800,22.1000,21.3400,21.9800,14207400
20140127,21.0500,21.6000,20.5500,21.1800,9289500
20140128,21.6100,21.7000,20.6500,21.1600,5862400
20140129,22.5000,22.5500,21.2000,21.8400,11025700
20140130,21.5500,22.7900,21.5000,22.2500,6875300
20140131,21.5500,21.5500,21.5500,21.5500,0
20140203,21.5500,21.5500,21.5500,21.5500,0
20140205,21.5500,21.5500,21.5500,21.5500,0
20140206,21.5500,21.5500,21.5500,21.5500,0
20140207,22.5700,22.7700,20.9900,21.3100,7812900
20140210,23.4000,23.8800,22.7100,22.7100,10132000
20140211,25.2800,25.7400,23.4000,23.4000,18524000
20140212,24.6800,25.2000,24.0000,25.1500,10424400
20140213,23.7100,25.8900,23.6900,24.5000,10147100
20140214,24.7600,24.9500,23.7200,23.8500,10468300
20140217,26.8100,27.2300,24.7700,24.8600,11108900
20140218,26.8100,26.8100,26.8100,26.8100,0
20140219,26.8100,26.8100,26.8100,26.8100,0
20140220,26.8100,26.8100,26.8100,26.8100,0
20140221,26.8100,26.8100,26.8100,26.8100,0
20140224,26.8100,26.8100,26.8100,26.8100,0
20140225,26.8100,26.8100,26.8100,26.8100,0
