20130226,16.0500,16.3583,15.7667,16.1667,2965300
20130227,16.1667,16.1667,15.6833,16.0583,3105700
20130228,15.8500,16.2083,15.6667,16.1667,5493500
20130301,15.4333,15.9000,15.0750,15.8083,8156000
20130304,14.9833,15.4583,14.9000,15.2500,4590300
20130305,15.2083,15.2417,14.9583,15.1000,2560000
20130306,15.3083,15.3417,15.1000,15.2500,3789400
20130307,15.2167,15.5167,15.0833,15.3417,3964000
20130308,14.6167,15.2833,14.6083,15.1500,3536300
20130311,14.7000,14.7250,14.3583,14.5750,1653800
20130312,14.8417,14.9750,14.3333,14.6500,3639300
20130313,14.6583,15.0083,14.4250,15.0083,2595100
20130314,14.3250,14.7083,14.2917,14.6833,1604100
20130315,14.1333,14.4083,13.8333,14.4083,2617500
20130318,13.7500,14.1667,13.7000,14.1667,1542000
20130319,13.9167,13.9417,13.6000,13.7583,1152500
20130320,14.3333,14.3583,13.9167,13.9167,1905600
20130321,14.5583,14.5917,14.2750,14.3250,2751800
20130322,14.3833,14.5417,14.3750,14.5417,1848000
20130325,14.3750,14.4667,14.3500,14.3750,1121400
20130326,14.0917,14.4083,13.9917,14.3833,1842400
20130327,14.1167,14.3333,14.0667,14.3250,1398100
20130328,13.6417,14.0083,13.6333,14.0083,1497400
20130329,13.6667,13.7417,13.5417,13.6833,1001600
20130401,13.7750,13.9500,13.6250,13.6667,771100
20130402,14.0000,14.2917,13.8417,13.9167,2024300
20130403,13.6583,14.0583,13.6250,14.0000,1162100
20130404,13.6583,13.6583,13.6583,13.6583,0
20130405,13.6583,13.6583,13.6583,13.6583,0
20130408,13.7917,13.7917,13.1833,13.3167,1231900
20130409,13.8750,14.0750,13.7417,13.7417,1184300
20130410,13.7833,13.9583,13.6333,13.8917,860000
20130411,13.6583,13.9000,13.6417,13.9000,755600
20130412,13.4000,13.7167,13.3667,13.5833,971100
20130415,13.4083,13.4083,13.2083,13.3333,684500
20130416,13.6417,13.6583,13.2500,13.3333,884800
20130417,13.6500,13.7417,13.5083,13.5833,915700
20130418,13.8250,13.8750,13.4667,13.4667,1332700
20130419,14.0667,14.1417,13.7500,13.7500,1773300
20130422,12.6583,13.3000,12.6583,13.3000,8117900
20130423,12.2500,12.5667,12.2500,12.5167,3284400
20130424,12.3000,12.3750,12.1333,12.2250,2782400
20130425,12.0083,12.3667,12.0083,12.3167,2232700
20130426,11.8000,12.1250,11.8000,12.0417,1648000
20130429,11.8000,11.8000,11.8000,11.8000,0
20130430,11.8000,11.8000,11.8000,11.8000,0
20130501,11.8000,11.8000,11.8000,11.8000,0
20130502,11.8500,11.8500,11.7250,11.7667,1031000
20130503,12.1083,12.1833,11.8583,11.8750,1580300
20130506,12.2333,12.3083,12.0417,12.0917,2112500
20130507,12.1750,12.2417,12.0583,12.2083,1468300
20130508,12.3417,12.3583,12.1667,12.1750,2202400
20130509,12.1750,12.3750,12.0917,12.3667,1481700
20130510,12.2667,12.3167,12.1083,12.1750,1232100
20130513,12.4083,12.4500,12.2083,12.2833,1990700
20130514,12.1583,12.4250,12.0833,12.4250,1568500
20130515,12.4500,12.4583,12.2500,12.2583,2670100
20130516,12.7000,12.7333,12.3250,12.4583,3438100
20130517,12.7500,12.8000,12.5917,12.7000,2343900
20130520,12.9750,13.0750,12.7333,12.7333,2871300
20130521,13.0917,13.1250,12.9000,13.0000,2575100
20130522,13.0667,13.3000,12.9417,13.1250,3032000
20130523,12.3400,12.4900,12.2800,12.4900,2034000
20130524,12.3700,12.4400,12.1900,12.3000,1549200
20130527,12.3600,12.4500,12.2300,12.2300,1752000
20130528,12.5000,12.5300,12.1800,12.3600,2242500
20130529,12.4100,12.5400,12.3500,12.4900,1553600
20130530,12.6100,12.7000,12.3200,12.3200,2424000
20130531,12.4200,12.6600,12.4100,12.6000,1654800
20130603,12.5000,12.6000,12.3000,12.4100,1707600
20130604,12.2000,12.5400,12.0800,12.4900,1631700
20130605,12.1900,12.2600,12.0800,12.1400,956200
20130606,11.7300,12.2500,11.5100,12.2500,1336700
20130607,11.3500,11.8400,11.3200,11.8400,1329900
20130610,11.3500,11.3500,11.3500,11.3500,0
20130611,11.3500,11.3500,11.3500,11.3500,0
20130612,11.3500,11.3500,11.3500,11.3500,0
20130613,11.0400,11.2900,10.7400,11.1100,1070400
20130614,11.2500,11.2700,11.0000,11.0700,1043100
20130617,11.1100,11.3000,11.0700,11.2600,628400
20130618,11.1000,11.2200,11.0000,11.1700,645600
20130619,10.9500,11.0600,10.7000,11.0600,714600
20130620,10.7100,11.0400,10.6900,10.9400,585300
20130621,10.9200,10.9600,10.4700,10.5000,1123200
20130624,10.2900,10.9900,10.2200,10.9200,1040000
20130625,10.0400,10.5300,9.4200,10.2000,1255600
20130626,10.0700,10.1400,9.8400,10.0500,974600
20130627,10.0100,10.4900,10.0100,10.0300,1493400
20130628,9.8100,10.1100,9.6300,9.9000,909600
20130701,9.7800,9.8900,9.5600,9.8300,1218900
20130702,10.0700,10.0800,9.7200,9.8100,1075700
20130703,9.9500,10.1000,9.8400,10.0700,1086100
20130704,10.0800,10.3500,9.9000,9.9300,1242500
20130705,10.0600,10.2100,10.0500,10.1000,830200
20130708,9.4400,10.0300,9.4400,9.9600,1002700
20130709,9.5000,9.5800,9.4500,9.4500,563300
20130710,9.8700,9.9900,9.4600,9.4600,913200
20130711,10.0600,10.1800,9.7900,9.7900,1177600
20130712,9.9800,10.2500,9.9600,10.0600,949800
20130715,10.4000,10.4700,9.9200,9.9800,1839200
20130716,10.4700,10.4700,10.2400,10.3500,1483800
20130717,10.1200,10.4700,10.1200,10.4700,1017100
20130718,10.1400,10.2500,10.0300,10.0800,924900
20130719,11.1500,11.1500,10.1000,10.1700,6363300
20130722,11.7100,11.7900,10.9200,11.0200,6842500
20130723,12.1900,12.3000,11.4400,11.6600,8030800
20130724,12.0900,12.3400,11.9200,12.0700,5107300
20130725,11.6200,12.1900,11.6000,12.0700,3461800
20130726,12.0400,12.2000,11.3900,11.5600,3023800
20130729,11.6800,11.9300,11.5500,11.9300,1625500
20130730,12.6200,12.7300,11.4400,11.7100,7161100
20130731,12.3700,12.9600,12.2100,12.5100,5537000
20130801,12.6000,13.1000,12.4300,12.9000,7071000
20130802,12.4100,12.9600,12.3700,12.4000,5283600
20130805,12.2300,12.3800,12.0300,12.2800,3705600
20130806,12.2600,12.5100,12.2000,12.2800,2679400
20130807,12.0800,12.3500,11.7200,12.2500,3856400
20130808,12.1400,12.1500,11.9000,12.0800,2253600
20130809,11.9500,12.2600,11.8200,12.1300,2033900
20130812,12.0800,12.1200,11.8800,11.9900,2096300
20130813,12.1400,12.2600,11.9500,12.0000,2322300
20130814,11.8800,12.2000,11.7700,12.1200,2180600
20130815,11.5700,11.9400,11.5200,11.8200,2243700
20130816,11.4500,11.8500,11.4500,11.4500,2037900
20130819,11.7000,11.7500,11.3000,11.4100,1360700
20130820,12.0000,12.1400,11.7500,11.7500,2943500
20130821,12.0200,12.0900,11.7900,12.0200,1424700
20130822,12.1800,12.2000,11.8900,12.0200,2154700
20130823,11.8500,12.2700,11.5200,12.0700,2016900
20130826,11.8800,11.9500,11.6500,11.7000,1418700
20130827,11.8800,12.0300,11.8000,11.9200,1350700
20130828,11.5000,11.8400,11.4500,11.8400,2211200
20130829,11.5300,11.6400,11.3900,11.5300,876600
20130830,11.2600,11.6100,11.2400,11.5300,1402900
20130902,11.5000,11.5200,11.2000,11.2400,900100
20130903,11.5900,11.6400,11.4000,11.5100,818500
20130904,11.5800,11.6400,11.4200,11.6000,819000
20130905,11.5100,11.6200,11.4600,11.4600,816700
20130906,11.3900,11.5700,11.3000,11.5400,1055500
20130909,11.6300,11.6600,11.3600,11.3900,1235500
20130910,11.6100,11.6700,11.4800,11.6300,1281800
20130911,11.4800,11.6600,11.3600,11.5500,1391700
20130912,11.4900,11.5600,11.4000,11.4500,870800
20130913,12.2800,12.4500,11.4800,11.4800,6561600
20130916,12.3900,12.4500,12.1200,12.1800,3722100
20130917,12.0500,12.5700,12.0200,12.5700,2811100
20130918,12.2300,12.3000,11.8100,11.9600,2009200
20130920,12.2300,12.2300,12.2300,12.2300,0
20130923,12.3200,12.3800,12.0500,12.1600,2390100
20130924,12.1800,12.3300,12.0600,12.3300,1470600
20130925,11.9000,12.2500,11.8800,12.1800,1458500
20130926,11.6400,12.0400,11.6000,11.8800,1315100
20130927,11.6400,11.7200,11.5300,11.5500,1090400
20130930,11.6200,11.6800,11.5000,11.5800,855400
20131001,11.6200,11.6200,11.6200,11.6200,0
20131002,11.6200,11.6200,11.6200,11.6200,0
20131003,11.6200,11.6200,11.6200,11.6200,0
20131004,11.6200,11.6200,11.6200,11.6200,0
20131007,11.6200,11.6200,11.6200,11.6200,0
20131008,11.9200,11.9800,11.5800,11.6300,1300700
20131009,12.0400,12.0400,11.8100,11.8200,1504900
20131010,11.7800,12.0700,11.7700,12.0400,1595200
20131011,12.0700,12.0700,11.7800,11.7800,1866700
20131014,12.1700,12.2700,12.0600,12.0600,2259700
20131015,12.0700,12.2000,11.9300,12.2000,1643700
20131016,11.9200,12.1800,11.8000,12.0800,1441900
20131017,12.5400,12.9000,12.3200,12.3400,8996800
20131018,12.3200,12.6300,12.2300,12.5600,3335700
20131021,12.8000,12.8600,12.2300,12.3200,5304900
20131022,13.2500,13.3000,12.6900,12.8000,7311300
20131023,12.6000,13.4400,12.5400,13.3600,4495300
20131024,12.7500,12.9400,12.2500,12.5900,2776200
20131025,12.2000,12.8000,12.2000,12.7000,2158000
20131028,11.7300,12.3500,11.6800,12.2100,1996000
20131029,10.9800,11.8700,10.5600,11.7000,2797300
20131030,11.0200,11.0400,10.7300,10.8900,1691000
20131031,11.0400,11.2800,10.8600,11.0500,1792500
20131101,10.9900,11.0800,10.8300,11.0800,928400
20131104,11.1200,11.1300,10.9300,10.9900,759700
20131105,11.1900,11.2200,10.9800,11.1900,798400
20131106,11.0800,11.3500,11.0800,11.2000,1511900
20131107,10.7100,11.0600,10.7100,11.0600,1261200
20131108,10.4100,10.7700,10.3800,10.6800,1094600
20131111,10.6900,10.7200,10.0000,10.4300,862200
20131112,10.9700,11.0700,10.6000,10.6100,1322600
20131113,10.9100,11.1100,10.7400,10.9800,1173600
20131114,11.2600,11.3400,10.8000,10.9100,1767900
20131115,11.4300,11.6400,11.1300,11.2600,2165900
20131118,11.5900,11.7500,11.3800,11.4600,1726400
20131119,11.5900,11.7300,11.4100,11.5800,1773400
20131120,11.8500,11.9100,11.4700,11.5500,1900200
20131121,11.6300,11.8500,11.5000,11.8500,1508700
20131122,11.7000,11.8000,11.5300,11.6300,1261500
20131125,11.9500,12.0300,11.5900,11.6900,1731600
20131126,11.8400,11.9900,11.7500,11.9300,1274000
20131127,12.1000,12.2200,11.8300,11.9000,2062600
20131128,11.9800,12.2900,11.9800,12.1200,2089200
20131129,12.3500,12.3700,11.9700,12.0400,2518300
20131202,11.3000,12.0800,11.2500,11.8700,2798200
20131203,11.6200,11.6700,11.0600,11.1200,1180800
20131204,12.2300,12.5000,11.6000,11.6500,3056300
20131205,12.5500,12.5800,12.1300,12.1300,3434400
20131206,12.3400,12.5300,12.2600,12.5300,2389600
20131209,12.6500,12.7100,12.2600,12.3900,3494000
20131210,12.7600,12.8900,12.5200,12.6200,3613700
20131211,12.4100,12.7300,12.2500,12.7300,2657600
20131212,12.3700,12.5000,12.2700,12.3200,1495200
20131213,12.6800,12.6900,12.2100,12.2900,2214200
20131216,12.4300,12.8500,12.3500,12.7000,2408800
20131217,12.3800,12.5400,12.2200,12.4600,1175900
20131218,12.4600,12.4800,12.2600,12.3800,1433800
20131219,12.2000,12.5800,12.1600,12.4000,1191300
20131220,11.8300,12.2600,11.8200,12.2100,1659000
20131223,11.8100,12.0500,11.6100,11.8300,1031200
20131224,11.9100,12.0500,11.7800,11.8400,923200
20131225,12.3500,12.3800,11.9200,11.9200,1628500
20131226,12.0800,12.3500,12.0600,12.3100,1494100
20131227,12.6500,12.7900,12.0000,12.0500,3501200
20131230,12.8700,12.8900,12.6200,12.7500,3206300
20131231,12.7400,12.8400,12.4700,12.8400,1987000
20140101,12.7400,12.7400,12.7400,12.7400,0
20140102,13.1200,13.1500,12.5600,12.6600,3098100
20140103,13.1000,13.4400,12.9900,13.0600,5914400
20140106,12.6400,13.0600,12.5300,12.9200,2849800
20140107,12.6600,12.8200,12.4600,12.5300,2270000
20140108,13.1000,13.2000,12.6300,12.6600,2871300
20140109,12.5800,13.3200,12.5800,13.1100,2342500
20140110,12.5500,12.7500,12.3300,12.4600,1590800
20140113,12.4600,12.7200,12.4000,12.5100,1113200
20140114,12.8800,12.8800,12.4300,12.4500,1182500
20140115,13.2800,13.3000,12.8200,12.9700,3343000
20140116,13.2900,13.3900,13.1100,13.2800,2870800
20140117,13.1900,13.4400,13.1100,13.2000,2303000
20140120,12.9700,13.3500,12.8100,13.1800,1972700
20140121,13.6500,13.7500,12.8100,12.8100,5152100
20140122,13.6800,13.7200,13.4400,13.6200,4057700
20140123,13.5700,13.6800,13.4300,13.4500,3519100
20140124,13.7000,13.9300,13.4500,13.5500,4147100
20140127,13.8100,13.9800,13.2800,13.5900,3337800
20140128,13.6200,13.9500,13.5000,13.8200,2293300
20140129,13.7400,13.7800,13.5900,13.7000,1545200
20140130,13.6200,13.7400,13.4000,13.7400,1937800
20140131,13.6200,13.6200,13.6200,13.6200,0
20140203,13.6200,13.6200,13.6200,13.6200,0
20140205,13.6200,13.6200,13.6200,13.6200,0
20140206,13.6200,13.6200,13.6200,13.6200,0
20140207,13.8200,13.8500,13.2500,13.4800,2143800
20140210,13.9900,14.0900,13.7700,13.8000,5296100
20140211,13.6000,14.1000,13.5200,14.0900,5393800
20140212,13.7900,13.8000,13.4300,13.5500,4068200
20140213,13.3100,13.7400,13.3100,13.7300,3473000
20140214,13.5400,13.5700,13.3400,13.3400,2431500
20140217,13.9200,13.9500,13.5500,13.5600,4824900
20140218,14.0200,14.2100,13.7500,13.9200,7415200
20140219,14.5900,14.8600,14.0200,14.0200,10495800
20140220,14.4700,14.8000,14.2000,14.5000,6233100
20140221,14.3000,14.6600,14.0100,14.4800,3314000
20140224,14.1700,14.2800,13.8400,14.2800,2487000
20140225,13.2000,14.2900,13.1700,14.1700,3994000
