20130226,15.5700,16.2500,15.5000,16.0950,4594400
20130227,15.2100,15.7850,15.0750,15.6050,3578200
20130228,15.9050,15.9050,14.9000,15.4600,3861300
20130301,16.1400,16.3750,15.9100,16.0050,7745200
20130304,14.5250,15.6450,14.5250,15.6450,13333900
20130305,14.6800,14.7750,14.0300,14.2900,6248200
20130306,14.6400,14.8500,14.5500,14.7900,4604800
20130307,14.1200,14.6900,14.0000,14.6050,6445700
20130308,14.1500,14.3550,14.1000,14.1500,4241100
20130311,14.3100,14.4450,14.0300,14.1550,3755100
20130312,13.6850,14.4000,13.4450,14.3250,4313400
20130313,13.5200,13.8100,13.3750,13.7400,3125600
20130314,13.6950,13.9000,13.1900,13.3500,5730900
20130315,13.9100,14.0250,13.4900,13.6850,5641500
20130318,13.5800,13.9850,13.5000,13.7450,4049100
20130319,14.0700,14.1500,13.3550,13.5800,2533400
20130320,14.6800,14.7000,14.0350,14.0750,4826100
20130321,14.6750,14.9500,14.4500,14.6500,5011600
20130322,14.4500,14.7500,14.2500,14.6850,2189700
20130325,14.2250,14.5000,13.9600,14.4500,3854400
20130326,14.1800,14.3150,13.9800,14.1500,2367700
20130327,14.0950,14.3400,14.0000,14.1950,1760100
20130328,13.5950,13.9950,13.0200,13.9000,4407800
20130329,14.0500,14.0600,13.6250,13.6250,6092000
20130401,14.2800,14.5100,14.0500,14.0500,3722300
20130402,14.0400,14.3850,13.8850,14.1650,1960500
20130403,14.1900,14.2750,13.6400,13.9900,2011400
20130404,14.1900,14.1900,14.1900,14.1900,0
20130405,14.1900,14.1900,14.1900,14.1900,0
20130408,14.6650,14.7150,13.6250,13.7400,4043200
20130409,14.9000,15.5000,14.8150,14.9950,6584700
20130410,15.3400,15.6200,14.9050,14.9500,7342400
20130411,15.1550,15.6750,14.6500,15.4700,5810000
20130412,15.2950,15.5250,15.0950,15.0950,2844000
20130415,15.2950,15.5800,15.2000,15.2950,2997300
20130416,15.1000,15.1950,14.8100,15.0250,3766100
20130417,15.7700,15.7700,14.9500,15.0450,7244800
20130418,15.7400,15.9250,15.5550,15.7500,4127300
20130419,16.2650,16.4050,15.7650,15.8900,7235600
20130422,16.9350,17.0750,16.1250,16.2250,7422500
20130423,16.0150,17.0150,15.9100,17.0000,6717800
20130424,16.5000,16.8000,15.9650,16.0500,6376800
20130425,15.6150,16.4200,15.2550,16.4150,9326500
20130426,15.1950,15.7200,15.0000,15.6150,5513600
20130429,15.1950,15.1950,15.1950,15.1950,0
20130430,15.1950,15.1950,15.1950,15.1950,0
20130501,15.1950,15.1950,15.1950,15.1950,0
20130502,16.2700,16.2900,14.9800,15.0900,6298000
20130503,16.9600,17.1850,16.3150,16.3250,9068200
20130506,17.0650,17.1550,16.5800,17.0500,7198100
20130507,16.9500,17.0650,16.7200,17.0650,5368400
20130508,17.2500,17.2500,16.6750,16.9550,5741100
20130509,16.8200,17.1600,16.4750,17.1550,6318200
20130510,16.5000,16.9800,16.2500,16.6000,5488900
20130513,16.5000,16.5000,16.5000,16.5000,0
20130514,17.1000,17.6900,16.8550,17.3750,15400300
20130515,16.9250,17.0050,16.5550,16.6750,8350000
20130516,17.6150,17.6400,16.7550,16.9400,10516000
20130517,18.5150,18.8800,17.3500,17.5000,12596600
20130520,19.0500,19.4500,18.3350,18.4250,10800900
20130521,19.0400,19.1450,18.7000,19.0550,8484200
20130522,18.3400,19.1950,18.1500,19.0900,9797300
20130523,18.0750,18.4400,17.9100,18.1350,9945300
20130524,19.4000,19.4250,18.3100,18.4500,10098300
20130527,19.4950,19.7500,18.8200,19.2950,15577000
20130528,18.9200,19.4950,18.7500,19.4000,7602500
20130529,18.8500,19.3200,18.6050,19.1000,7995000
20130530,18.1500,18.9900,17.8100,18.7700,10301900
20130531,18.2000,18.6300,18.1000,18.2200,7167200
20130603,17.5100,18.3200,17.3700,18.2000,8724200
20130604,17.1000,17.5100,16.8900,17.4800,6378800
20130605,17.2200,17.4400,17.0500,17.1700,3893200
20130606,16.6000,17.1800,16.5700,17.1800,4117200
20130607,16.8500,17.0000,16.2600,16.6100,4469200
20130610,16.8500,16.8500,16.8500,16.8500,0
20130611,16.8500,16.8500,16.8500,16.8500,0
20130612,16.8500,16.8500,16.8500,16.8500,0
20130613,16.3500,16.7100,15.7000,16.4300,4643500
20130614,16.8500,16.9300,16.3100,16.3800,5570500
20130617,16.9700,17.2600,16.5000,16.8800,5168500
20130618,16.8100,17.3100,16.8000,16.9600,3802200
20130619,16.3300,16.6500,15.9900,16.6500,6845200
20130620,15.7900,16.6000,15.5600,16.4300,5814400
20130621,15.4000,15.6500,14.9300,15.5800,4870700
20130624,14.1200,15.3400,13.9000,15.3400,6520400
20130625,13.8000,14.2000,12.7100,13.8800,8282100
20130626,14.3500,14.3700,13.7300,13.9900,6966400
20130627,14.3500,15.3000,14.3500,14.5000,8621100
20130628,15.0700,15.4600,14.0000,14.1700,9904600
20130701,15.3200,15.4200,14.6600,14.9000,5672600
20130702,15.7200,15.8000,15.1400,15.2100,5755000
20130703,15.3500,15.6500,15.0600,15.6500,6636100
20130704,15.3800,15.7200,14.8800,15.1000,4744300
20130705,15.6000,16.0000,15.4300,15.6000,5609800
20130708,14.5200,15.4500,14.4500,15.1600,4263400
20130709,14.8200,15.0800,14.6200,14.8500,3180700
20130710,15.1600,15.1600,14.4800,14.8200,4497600
20130711,15.6700,15.7600,15.0100,15.0500,6918500
20130712,15.5300,15.9000,15.4600,15.6000,5744100
20130715,15.7600,15.8500,15.5400,15.5500,4508200
20130716,16.3500,16.3500,15.6900,15.8100,6441500
20130717,15.6000,16.2500,15.5700,16.2500,5971100
20130718,15.0000,15.5700,14.7100,15.4900,7416700
20130719,14.5500,15.1200,14.5000,15.1200,4523300
20130722,14.7200,14.7600,14.2800,14.4000,3920500
20130723,15.0500,15.1800,14.7500,14.7600,4888400
20130724,14.7900,15.2300,14.3300,15.0500,7816800
20130725,14.3900,14.9300,14.2900,14.8000,5414200
20130726,13.8700,14.2200,13.7300,14.2200,5963600
20130729,12.9500,13.8700,12.6800,13.8700,10379400
20130730,12.4800,13.0100,12.3300,12.9500,8361700
20130731,12.8000,13.1500,12.6800,12.7000,6785100
20130801,13.3600,13.4000,12.7500,12.8900,8394800
20130802,13.8600,14.1500,13.5000,13.5900,11345800
20130805,13.8600,13.8600,13.8600,13.8600,0
20130806,13.8600,13.8600,13.8600,13.8600,0
20130807,13.8600,13.8600,13.8600,13.8600,0
20130808,15.2500,15.2500,14.0500,14.5800,12760600
20130809,15.5300,15.9400,15.2100,15.8500,16510900
20130812,15.4200,15.6300,15.2800,15.3300,9800900
20130813,15.7600,15.7600,15.1000,15.4200,7999700
20130814,15.2500,15.8400,15.0600,15.7000,6617400
20130815,14.8000,15.2900,14.6400,15.0800,6694500
20130816,14.3000,15.1000,14.2900,14.6700,5784600
20130819,14.5100,14.5500,14.0100,14.3000,4690700
20130820,14.2100,14.6400,14.0900,14.4800,3950900
20130821,14.4000,14.4700,13.9600,14.1700,3682100
20130822,14.2900,14.5300,14.2100,14.3300,3822700
20130823,13.9600,14.4000,13.8000,14.3100,6356500
20130826,15.2200,15.3400,14.0600,14.0600,10873100
20130827,15.2300,15.2700,14.9500,15.1200,7011000
20130828,14.7400,15.0900,14.7000,15.0100,5118100
20130829,14.8600,15.0200,14.6500,14.8300,3521100
20130830,14.8900,15.3600,14.7500,14.7500,6379800
20130902,14.6200,14.8800,14.2500,14.8100,3881800
20130903,14.9500,15.1600,14.4900,14.4900,4369300
20130904,15.4600,15.6500,14.9500,14.9500,9506600
20130905,15.3500,15.4500,15.1200,15.3500,8231400
20130906,15.1400,15.3500,15.0400,15.2600,4816300
20130909,15.3300,15.4000,15.0700,15.0800,5870500
20130910,15.0700,15.4300,14.9600,15.4300,5020700
20130911,14.7100,15.0100,14.6500,15.0100,4733400
20130912,14.2100,14.7600,14.1500,14.6000,5075800
20130913,14.3200,14.3800,14.1500,14.2900,3281900
20130916,14.5200,14.5400,14.2900,14.3200,3040800
20130917,14.6500,15.1600,14.5100,14.6500,7458400
20130918,14.6000,14.6500,14.2700,14.6500,2859400
20130920,14.6000,14.6000,14.6000,14.6000,0
20130923,14.8800,14.9000,14.3500,14.5600,3934500
20130924,14.6200,14.8700,14.4500,14.7700,4120400
20130925,14.1900,14.6700,14.1300,14.6300,5860200
20130926,14.0400,14.3700,13.9800,14.2100,3446500
20130927,14.0600,14.3200,13.9900,14.1000,2985000
20130930,14.1600,14.2200,14.0200,14.1000,2303100
20131001,14.1600,14.1600,14.1600,14.1600,0
20131002,14.1600,14.1600,14.1600,14.1600,0
20131003,14.1600,14.1600,14.1600,14.1600,0
20131004,14.1600,14.1600,14.1600,14.1600,0
20131007,14.1600,14.1600,14.1600,14.1600,0
20131008,14.4200,14.4800,13.8000,14.1000,5096800
20131009,14.3900,14.5900,14.2900,14.5800,4518700
20131010,14.1300,14.4500,14.1000,14.4500,3288400
20131011,14.3600,14.4400,14.1900,14.3600,2826700
20131014,14.9500,15.0100,14.4300,14.4500,8629600
20131015,14.8900,14.9900,14.6300,14.9500,5175700
20131016,14.3200,14.8000,14.2200,14.8000,3993400
20131017,14.8500,15.0900,14.3300,14.4500,7875600
20131018,15.2700,15.3700,14.6000,14.8400,11352000
20131021,16.2300,16.3100,15.1600,15.3200,16466800
20131022,16.2600,17.4700,16.1500,16.3100,18138400
20131023,16.2600,16.6000,15.8600,16.2400,10128900
20131024,16.4900,16.7700,16.2000,16.2400,9577900
20131025,15.9900,16.6300,15.5500,16.4800,8421900
20131028,15.1900,15.8800,14.9800,15.6700,6403400
20131029,14.5200,15.4500,14.0300,15.1700,7532600
20131030,14.7600,14.8600,14.4000,14.5000,3399700
20131031,14.8700,15.4500,14.7500,14.9000,5805000
20131101,14.7300,14.9200,14.3000,14.7100,3782600
20131104,15.0000,15.3700,14.8700,15.0000,4078300
20131105,15.1600,15.3500,14.5000,14.8300,4616400
20131106,15.0000,15.4800,15.0000,15.1000,4038700
20131107,14.7000,15.1700,14.5100,14.8500,3621000
20131108,14.3800,14.7300,14.2900,14.6500,3009500
20131111,14.3800,14.5400,14.1600,14.3300,2368500
20131112,14.4600,14.5800,14.3000,14.4100,2900000
20131113,14.4500,14.8100,14.3500,14.4200,3480600
20131114,14.7800,14.8000,14.1200,14.3200,4120200
20131115,15.2300,15.2300,14.6100,14.7900,6817800
20131118,15.4500,15.6400,15.2400,15.5100,8001300
20131119,15.8900,15.9800,15.2000,15.3700,8702500
20131120,15.9600,16.1300,15.7000,15.8000,7340800
20131121,15.4800,15.8800,15.1900,15.8300,8924300
20131122,15.5200,15.6600,15.3100,15.4000,5209900
20131125,15.5300,15.8300,15.3600,15.4300,5261800
20131126,15.2400,15.6000,15.1500,15.5000,4154600
20131127,15.5200,15.5700,15.1300,15.1900,4510000
20131128,15.3800,15.6700,15.3000,15.4900,7229800
20131129,15.6200,15.6500,15.2500,15.4500,5577600
20131202,14.2200,15.3000,14.0600,15.0500,10027000
20131203,14.5400,14.6000,14.0000,14.1000,3796500
20131204,14.8600,15.0700,14.4100,14.4100,5770200
20131205,14.8200,15.0200,14.6200,14.8200,2921000
20131206,16.3000,16.3000,14.9600,14.9900,35580100
20131209,17.1300,17.5000,15.9000,16.1100,40837400
20131210,16.6000,17.1100,16.4600,17.1100,26314300
20131211,16.7900,17.0600,16.4100,16.4900,21700900
20131212,16.6000,17.4400,16.5300,16.8000,19165800
20131213,17.1100,17.1500,16.2500,16.3100,15692500
20131216,16.6600,17.4700,16.5800,17.4100,14170900
20131217,17.2700,17.8500,16.5000,16.5100,26478600
20131218,17.5500,17.6000,16.8800,17.0100,16706600
20131219,17.0700,18.5900,17.0300,17.8900,22535600
20131220,15.9800,16.9300,15.8900,16.8000,16532000
20131223,16.1600,16.4700,15.5100,16.0700,9866100
20131224,15.7200,16.3600,15.5300,16.0400,10692700
20131225,16.3800,16.3900,15.6000,15.7800,9194200
20131226,16.0500,16.6000,15.9800,16.4200,8645300
20131227,16.5000,16.5500,15.9200,16.0000,8158200
20131230,16.7200,16.8000,16.3200,16.5500,8802900
20131231,16.9600,17.1200,16.4700,16.6000,9889000
20140101,16.9600,16.9600,16.9600,16.9600,0
20140102,16.7500,17.0200,16.5700,16.9000,8688500
20140103,16.7600,17.1000,16.7400,16.8200,11842400
20140106,15.7600,16.5900,15.7000,16.5900,9845300
20140107,15.9000,16.0900,15.5500,15.6000,3857000
20140108,15.7600,16.2100,15.6000,15.9100,5889700
20140109,15.1400,15.8800,15.1100,15.7600,6908200
20140110,14.7200,15.1400,14.5500,15.0500,5336900
20140113,14.2100,14.8400,14.1000,14.7400,7531500
20140114,14.8300,14.8600,14.3000,14.3000,5909500
20140115,15.0200,15.2800,14.8700,15.1700,7015600
20140116,14.9700,15.2200,14.7700,15.0500,4796500
20140117,14.4700,15.0700,14.3000,15.0000,5508900
20140120,14.2300,14.6600,14.1200,14.3900,5109100
20140121,14.4700,14.5600,14.1300,14.5000,8716200
20140122,14.9100,14.9900,14.3000,14.3800,9653000
20140123,14.8200,15.1100,14.7600,14.8700,10059400
20140124,15.1000,15.2000,14.6800,14.7000,10470000
20140127,14.5600,15.1500,14.4000,14.9900,12304800
20140128,14.3300,14.6900,14.2200,14.6000,8067100
20140129,14.4200,14.5500,14.3000,14.3500,5865600
20140130,14.1800,14.4500,14.1100,14.4200,6540600
20140131,14.1800,14.1800,14.1800,14.1800,0
20140203,14.1800,14.1800,14.1800,14.1800,0
20140205,14.1800,14.1800,14.1800,14.1800,0
20140206,14.1800,14.1800,14.1800,14.1800,0
20140207,14.2700,14.2800,13.7800,14.1000,13246000
20140210,15.0100,15.0900,14.3300,14.3400,13698900
20140211,15.2500,15.5500,14.9000,14.9700,17281000
20140212,15.7300,15.8600,15.2200,15.5200,16098800
20140213,15.2600,15.8400,15.2000,15.6400,11777800
20140214,15.9000,15.9400,15.2600,15.2600,13428700
20140217,16.0700,16.1200,15.7700,16.0000,12962900
20140218,16.3600,16.4600,15.7700,16.2000,17764900
20140219,15.8800,16.3800,15.8000,16.3700,14935500
20140220,15.2900,16.0400,15.2600,15.9700,12933200
20140221,15.4800,15.5300,15.1700,15.2900,6453700
20140224,14.9900,15.4700,14.9000,15.4000,10962200
20140225,14.3500,15.1100,14.1500,15.0800,12910000
