20130226,17.4200,18.0200,17.4100,17.8900,4495000
20130227,17.9400,18.0500,17.4800,17.5000,4382100
20130228,18.9900,19.4500,17.4800,18.0300,10141600
20130301,19.2900,19.5500,18.6600,18.7500,10459400
20130304,20.1700,21.0900,19.1300,19.3000,13372200
20130305,20.3200,20.6800,19.3000,19.6900,8481400
20130306,20.2700,20.9800,19.8100,20.3100,6954300
20130307,19.2000,20.2700,18.9300,20.0000,6200400
20130308,19.4100,19.6400,19.0000,19.1000,4027200
20130311,19.3600,19.9500,19.3500,19.4200,3371000
20130312,18.1900,19.2000,17.8100,19.1000,5228700
20130313,18.3300,18.4500,17.6900,18.3000,3575600
20130314,17.7900,18.4300,17.7800,18.2000,2972700
20130315,17.3800,17.9800,17.1500,17.6900,3877600
20130318,17.3200,17.5400,17.1500,17.2100,2317300
20130319,17.5600,17.7300,17.2100,17.2500,2386400
20130320,17.8600,17.8700,17.3300,17.6800,2935400
20130321,18.4400,18.8700,17.8800,17.9000,4961800
20130322,18.4900,18.6500,18.1500,18.3000,3294100
20130325,18.0100,18.5800,17.9900,18.4900,2720700
20130326,17.4300,17.9300,17.2000,17.9300,3078100
20130327,17.4100,17.7500,17.2400,17.3800,1980400
20130328,16.8500,17.4700,16.6000,17.4500,2204000
20130329,16.5900,17.1300,16.5000,16.8000,1803500
20130401,15.6400,16.2600,15.2500,16.2600,4098300
20130402,15.4100,15.7200,15.3900,15.6000,2343200
20130403,15.1700,15.6300,15.0100,15.4100,1856600
20130404,15.1700,15.1700,15.1700,15.1700,0
20130405,15.1700,15.1700,15.1700,15.1700,0
20130408,14.9400,14.9500,14.2200,14.7600,2138600
20130409,15.5800,15.6000,14.8000,14.9800,2817100
20130410,15.4200,15.5800,15.1000,15.5800,1852100
20130411,15.6900,16.5000,15.3900,15.5500,3487400
20130412,15.1400,15.6000,15.1100,15.5000,1950300
20130415,14.7800,15.2400,14.3100,15.1700,1513100
20130416,14.9300,14.9700,14.5200,14.5200,1422700
20130417,14.9900,15.0900,14.7500,14.9000,1402100
20130418,15.5500,15.6800,14.7500,14.8500,3048400
20130419,15.6800,15.8700,15.4100,15.5000,3365000
20130422,15.1800,15.4600,15.1600,15.4600,2425000
20130423,14.5200,15.2600,14.5200,15.1800,1963300
20130424,14.7900,14.8500,14.4000,14.5100,1551700
20130425,14.2500,14.7600,14.2200,14.7600,2120000
20130426,13.4600,14.4900,13.4200,14.2400,1962600
20130429,13.4600,13.4600,13.4600,13.4600,0
20130430,13.4600,13.4600,13.4600,13.4600,0
20130501,13.4600,13.4600,13.4600,13.4600,0
20130502,13.8200,13.9800,13.5200,13.5200,1527800
20130503,14.1700,14.3600,13.8200,13.8200,1707300
20130506,14.4000,14.4500,14.0700,14.2900,2357600
20130507,14.3800,14.5500,14.2000,14.4000,1745300
20130508,14.5200,14.9000,14.3400,14.3600,2342200
20130509,14.4000,14.7500,14.1400,14.5000,2593100
20130510,14.7100,14.7700,14.2700,14.3900,2550600
20130513,14.4700,14.7500,14.4000,14.7300,1699100
20130514,14.0800,14.5600,14.0100,14.5500,1767900
20130515,14.7100,14.7200,14.0300,14.0800,3436000
20130516,15.6500,15.9400,14.6000,14.6200,7136600
20130517,15.5500,15.6600,15.2300,15.6600,4393700
20130520,15.9000,15.9200,15.3800,15.5000,4507400
20130521,16.0000,16.1600,15.6700,15.9700,5215800
20130522,15.8100,16.0000,15.5800,15.9900,3809500
20130523,15.4200,15.9500,15.4000,15.7300,3164500
20130524,16.1100,16.5800,15.4000,15.4000,5196000
20130527,15.9400,16.1800,15.6000,16.0000,3693700
20130528,15.8600,15.9300,15.6100,15.8900,2314200
20130529,15.9500,16.1800,15.8200,15.8600,3001000
20130530,15.8500,16.1000,15.6700,15.7900,2555300
20130531,15.6400,15.9700,15.6400,15.8700,2364400
20130603,15.2000,15.6700,15.1500,15.6000,2194400
20130604,14.8900,15.3200,14.8100,15.2000,1801400
20130605,14.6800,15.0500,14.6200,15.0500,1165400
20130606,14.3800,14.7800,14.3600,14.6800,1213200
20130607,14.0400,14.5800,13.7300,14.1800,1360400
20130610,14.0400,14.0400,14.0400,14.0400,0
20130611,14.0400,14.0400,14.0400,14.0400,0
20130612,14.0400,14.0400,14.0400,14.0400,0
20130613,13.2000,13.9000,12.6500,13.7100,1396400
20130614,13.3800,13.4500,13.2200,13.4000,1264200
20130617,13.8900,13.9800,13.1500,13.3800,2018100
20130618,13.6500,14.0800,13.4800,13.7800,1291700
20130619,13.6900,13.9900,13.0100,13.4800,1677300
20130620,13.0300,13.6500,13.0200,13.5500,1116500
20130621,12.7200,12.8900,12.3500,12.7900,1132700
20130624,11.8800,12.9400,11.5300,12.6000,1568000
20130625,11.6300,11.9500,10.8200,11.8000,1813100
20130626,11.8100,11.8500,11.4500,11.6600,1177000
20130627,11.6300,12.1800,11.6300,11.8600,1602500
20130628,11.5400,11.9000,11.3400,11.5300,1066400
20130701,11.8500,11.9600,11.4900,11.5800,1128800
20130702,12.7500,12.7800,11.7200,11.8500,3667700
20130703,12.5500,12.6500,12.3500,12.5000,2294900
20130704,12.4700,12.7100,12.0000,12.4500,1881700
20130705,12.6100,12.9500,12.4200,12.4200,3079000
20130708,11.7500,12.4900,11.7000,12.3100,2040200
20130709,11.9000,11.9500,11.5200,11.7800,1213800
20130710,13.0900,13.0900,11.7400,11.8800,5432600
20130711,13.4000,13.5300,12.7600,12.8000,6278000
20130712,13.1900,13.8000,13.1900,13.3900,4115100
20130715,13.3300,13.4800,12.8500,13.0000,3502100
20130716,13.7500,13.8600,13.0300,13.2500,4455000
20130717,14.0800,15.0000,14.0000,14.5100,7293400
20130718,13.8100,13.8600,13.3400,13.7500,3963200
20130719,14.5000,15.1900,14.2200,14.5300,8091900
20130722,14.9400,15.5100,14.6800,15.2100,7588200
20130723,15.1400,15.4500,14.2200,14.8400,7080700
20130724,14.8000,14.9400,14.3700,14.8900,5471600
20130725,14.2300,14.8000,14.2000,14.7000,2831500
20130726,14.1800,14.3900,13.7000,14.0500,2564800
20130729,14.3400,14.5300,13.7600,14.1400,2699400
20130730,14.0000,14.3700,13.6800,14.3000,1768400
20130731,13.8400,14.2500,13.8200,14.1000,1295900
20130801,14.4500,14.4700,13.8300,13.8300,2370200
20130802,14.2100,14.6300,14.2000,14.6100,2132000
20130805,14.5900,14.5900,14.0700,14.2900,2834900
20130806,15.3100,15.3800,14.4000,14.5400,6262900
20130807,15.3700,15.8300,15.1000,15.1800,7915900
20130808,15.5800,15.7900,15.0800,15.3700,5762700
20130809,16.1400,16.5300,15.5100,15.6800,10418000
20130812,16.0300,16.3800,15.7200,16.1400,5905300
20130813,16.7700,16.8500,16.0100,16.0900,9527400
20130814,16.4500,17.9600,16.3000,17.4000,12712900
20130815,15.4000,15.9900,15.3800,15.7700,7178400
20130816,14.7800,15.4200,14.7600,15.2200,4034000
20130819,14.9100,14.9900,14.3900,14.3900,2049400
20130820,14.7500,15.0600,14.6600,14.8500,2188400
20130821,14.9300,14.9400,14.4700,14.6000,1879000
20130822,14.8600,15.0900,14.7600,14.8200,2163200
20130823,14.3900,14.9200,14.0900,14.8600,3214700
20130826,14.7100,14.7500,14.2500,14.2500,2115400
20130827,14.7600,14.8300,14.6400,14.8000,1983200
20130828,14.4100,14.7400,14.4000,14.6100,2041500
20130829,14.4700,14.5700,14.3700,14.4000,1419500
20130830,13.7000,14.4900,13.6100,14.4900,2549500
20130902,14.6200,14.7500,13.3100,13.7000,4235600
20130903,15.9100,16.0800,14.5000,14.6000,9861800
20130904,15.8000,16.4600,15.6000,16.3100,9091400
20130905,16.8000,17.2900,15.0800,15.3400,12171600
20130906,17.4200,18.0000,16.2800,16.8000,15999900
20130909,17.2500,18.2000,16.7500,16.9900,11421100
20130910,17.1700,17.9000,16.4500,16.9500,9815200
20130911,16.6800,17.6600,16.2500,16.9200,7626000
20130912,16.4000,16.9700,16.3700,16.3700,3457700
20130913,16.3500,16.6300,16.1000,16.4800,2819000
20130916,16.2700,16.4600,16.1900,16.4600,1877900
20130917,15.7300,16.2400,15.6800,16.2000,3527000
20130918,15.7600,15.9800,15.6300,15.8500,1772900
20130920,15.7600,15.7600,15.7600,15.7600,0
20130923,16.3100,16.3300,15.8100,15.8100,2719200
20130924,16.3700,16.4700,16.0500,16.3100,3013900
20130925,16.8800,17.3100,16.1700,16.1700,6871700
20130926,16.0800,16.9600,15.9300,16.8700,3877500
20130927,15.1300,16.0000,15.0500,15.8600,3194600
20130930,15.5500,15.6200,15.2000,15.2000,1781900
20131001,15.5500,15.5500,15.5500,15.5500,0
20131002,15.5500,15.5500,15.5500,15.5500,0
20131003,15.5500,15.5500,15.5500,15.5500,0
20131004,15.5500,15.5500,15.5500,15.5500,0
20131007,15.5500,15.5500,15.5500,15.5500,0
20131008,16.6100,16.6500,15.3700,15.5000,4440500
20131009,17.0800,17.2300,16.2000,16.3900,6178100
20131010,16.8200,17.8000,16.7500,17.5000,6816700
20131011,16.6900,17.4500,16.6100,17.0300,4007400
20131014,18.3600,18.3600,16.5100,16.6100,10139400
20131015,17.9700,18.7700,17.6300,18.7600,9974500
20131016,16.7400,17.6500,16.5000,17.6200,5543500
20131017,17.7300,18.2000,16.8800,17.0600,7574200
20131018,17.0500,17.3800,16.6000,17.2700,3819300
20131021,17.5500,17.7500,16.7800,17.0000,4614500
20131022,18.6400,19.3100,17.3500,17.4600,13234700
20131023,17.4700,18.5000,17.2500,18.5000,7827400
20131024,17.9900,18.9000,17.0800,17.3500,8260600
20131025,17.6500,17.9000,16.8000,17.6200,5208700
20131028,17.2500,18.4800,17.2500,17.8400,4682700
20131029,17.4800,17.5300,16.0100,16.9600,6386300
20131030,18.4100,18.8800,17.4800,17.7600,9840400
20131031,17.4000,18.1500,17.3100,17.6000,4596600
20131101,16.8800,17.3400,16.4100,17.3400,2854500
20131104,17.3300,17.4800,16.6400,16.6400,2413000
20131105,17.8700,18.0900,16.8200,17.1500,4757100
20131106,17.2800,18.1300,17.2700,17.7300,4287600
20131107,17.0300,17.3300,16.8400,17.0900,2781800
20131108,16.7500,17.0600,16.4500,16.7000,2745300
20131111,17.4800,17.6600,16.4300,16.6400,3738100
20131112,17.0300,17.4000,16.7800,17.3900,3736800
20131113,17.1400,17.9900,17.0000,17.2800,5786300
20131114,17.5900,17.7300,16.7000,16.9000,5099700
20131115,19.3500,19.3500,17.8800,18.0000,16112800
20131118,21.2900,21.2900,19.3500,19.7000,18310200
20131119,20.3700,20.9000,20.1200,20.5000,11931300
20131120,20.5700,20.7500,19.9600,20.3800,8829500
20131121,20.0300,20.9000,19.8000,20.4000,7582000
20131122,19.4600,20.0000,19.3800,19.8700,5366900
20131125,19.6500,20.2000,19.0200,19.3500,5775300
20131126,20.1500,20.1700,19.4100,19.5100,5194900
20131127,19.6600,20.3200,19.5900,20.3000,4792700
20131128,19.6500,20.1300,19.6100,19.9500,4588100
20131129,19.8000,19.9300,19.4000,19.6100,4435700
20131202,17.8200,18.9400,17.8200,18.7000,5849600
20131203,18.0000,18.0700,17.1000,17.4900,3283400
20131204,18.9600,19.1800,18.0100,18.0100,6009900
20131205,19.1400,19.3800,18.7700,19.1800,5790100
20131206,19.4300,19.9700,18.9300,19.1900,5078500
20131209,19.9900,20.1100,19.0200,19.1600,6049100
20131210,19.2000,20.1800,19.1900,20.1600,5044300
20131211,18.7700,19.1300,18.4300,18.9500,3290900
20131212,18.7400,18.9600,18.6500,18.8800,1867200
20131213,18.9000,18.9700,18.3500,18.7300,2412500
20131216,18.2600,18.9800,18.1800,18.7300,2050700
20131217,18.2500,18.5600,18.1800,18.2800,1736700
20131218,18.8800,18.8900,18.1800,18.2500,3274300
20131219,18.9100,19.5400,18.8500,19.2500,5017600
20131220,18.4900,18.6900,18.2000,18.4900,2113600
20131223,17.4500,18.4900,17.1000,18.4900,2121300
20131224,17.3900,17.6800,17.1000,17.4000,1813000
20131225,17.8600,17.8600,17.1000,17.5500,2032200
20131226,17.3300,18.0400,17.3300,17.7600,1941000
20131227,17.5900,17.7500,17.2200,17.3000,1364500
20131230,17.6500,17.9600,17.5900,17.6200,1322200
20131231,17.7700,17.7800,17.2900,17.5400,1704400
20140101,17.7700,17.7700,17.7700,17.7700,0
20140102,18.0100,18.1400,17.6100,17.6600,1520000
20140103,17.6000,17.9900,17.5000,17.8600,1561300
20140106,16.8000,17.5800,16.7800,17.5500,1595500
20140107,16.9900,17.1700,16.7800,16.8100,871800
20140108,17.0600,17.3100,16.9900,16.9900,1048300
20140109,17.0200,17.5000,17.0100,17.2100,1424100
20140110,17.0800,17.2500,16.8000,17.0000,1074200
20140113,17.2000,17.3500,17.0200,17.1500,892900
20140114,17.5700,17.7600,17.2100,17.3400,2270500
20140115,17.6400,17.7700,17.2500,17.4200,1881900
20140116,17.4700,17.7000,17.4500,17.5500,1170200
20140117,16.9300,17.4600,16.9000,17.3200,1439000
20140120,16.9500,17.3900,16.9300,17.1500,959800
20140121,17.0300,17.2200,16.9300,16.9500,773900
20140122,17.5100,17.5900,17.0100,17.1800,1815800
20140123,17.7200,17.9600,17.4000,17.6600,2109200
20140124,17.8000,17.9000,17.4800,17.5600,1706200
20140127,17.8500,17.8900,17.5800,17.7100,1353400
20140128,17.4500,17.9400,17.4400,17.8300,1220200
20140129,17.4100,17.6400,17.3300,17.5500,1059800
20140130,17.5000,17.5800,17.3400,17.4800,701900
20140131,17.5000,17.5000,17.5000,17.5000,0
20140203,17.5000,17.5000,17.5000,17.5000,0
20140205,17.5000,17.5000,17.5000,17.5000,0
20140206,17.5000,17.5000,17.5000,17.5000,0
20140207,17.8000,17.8000,17.3100,17.3800,1306800
20140210,18.1200,18.1900,17.7100,17.7100,2647000
20140211,18.1600,18.4900,17.9900,18.0800,2941600
20140212,19.3600,19.6500,18.1600,18.3100,6691700
20140213,18.5500,19.1500,18.5000,19.0000,4081600
20140214,18.6300,18.9000,18.4200,18.4300,2335900
20140217,18.9100,19.0400,18.6800,18.6800,2406800
20140218,18.8400,19.3500,18.7400,19.0000,3329900
20140219,18.8400,18.9900,18.4900,18.7900,1951000
20140220,18.3400,19.1100,18.2100,18.8600,1733600
20140221,18.3600,18.5900,18.1500,18.3400,1197200
20140224,18.5200,18.5200,18.1600,18.5000,1452700
20140225,17.9300,19.0800,17.8000,18.5200,3476000
