20130226,15.5400,15.8600,15.5100,15.7000,650000
20130227,15.6200,15.7000,15.4200,15.5400,654100
20130228,17.1800,17.1800,15.6200,15.6200,6870300
20130301,17.3200,18.3000,16.7100,17.0000,5391800
20130304,16.3300,17.1600,16.3000,17.1600,2696500
20130305,16.5500,16.5900,16.1200,16.4200,1848300
20130306,16.6000,16.9700,16.4000,16.5300,2272900
20130307,16.6400,16.6400,15.9700,16.6000,2548900
20130308,17.2400,17.5300,16.5800,16.6300,4484700
20130311,16.7200,17.3000,16.6600,17.3000,1542500
20130312,16.1500,16.8800,16.0800,16.7300,1545200
20130313,15.4000,16.1700,14.8800,16.1700,1926600
20130314,15.1400,15.3200,15.0600,15.2900,920100
20130315,15.1100,15.3600,14.6800,15.1600,987100
20130318,14.5200,15.1800,14.5000,14.8900,833300
20130319,14.5800,14.6900,14.2500,14.6200,424600
20130320,15.1800,15.2000,14.5800,14.6100,1129800
20130321,15.2900,15.3600,15.1000,15.2200,937900
20130322,15.0900,15.3300,15.0200,15.2600,677900
20130325,15.1300,15.2000,14.9000,14.9800,560900
20130326,15.0700,15.2700,14.9000,15.0900,715300
20130327,14.9500,15.1600,14.8000,15.0000,681200
20130328,14.2200,14.9900,14.2100,14.9900,762800
20130329,14.2000,14.3600,14.1800,14.1800,381800
20130401,14.1100,14.3300,13.8000,14.3300,465800
20130402,13.9900,14.2600,13.9400,14.1200,472700
20130403,13.7400,14.0800,13.6500,13.9900,395300
20130404,13.7400,13.7400,13.7400,13.7400,0
20130405,13.7400,13.7400,13.7400,13.7400,0
20130408,13.6900,13.7500,13.0000,13.6500,571900
20130409,13.7900,13.8600,13.6000,13.6700,531600
20130410,14.0100,14.1700,13.7900,13.7900,712400
20130411,14.1500,14.3600,13.9800,14.1300,692900
20130412,14.0900,14.2700,13.9200,14.1600,381900
20130415,13.4300,14.0000,13.3200,14.0000,562600
20130416,13.4700,13.5000,13.1200,13.3600,340800
20130417,13.5400,13.6600,13.3500,13.4800,295500
20130418,13.4700,13.5900,13.3600,13.5200,333300
20130419,14.1400,14.2300,13.4700,13.5000,1113200
20130422,14.1300,14.1400,13.8000,14.0000,716900
20130423,13.6600,14.1000,13.6000,14.1000,607400
20130424,13.9400,14.0300,13.6200,13.6200,424900
20130425,13.7900,14.1100,13.7800,13.8700,582100
20130426,13.5000,13.8700,13.4800,13.8200,407500
20130429,13.5000,13.5000,13.5000,13.5000,0
20130430,13.5000,13.5000,13.5000,13.5000,0
20130501,13.5000,13.5000,13.5000,13.5000,0
20130502,13.4000,13.6500,13.2600,13.5000,251600
20130503,13.6900,13.8100,13.4800,13.8100,383300
20130506,14.9700,14.9700,13.5300,13.6900,1887300
20130507,14.5600,14.8900,14.4300,14.6900,1788700
20130508,14.5900,14.6500,14.3800,14.4500,967800
20130509,15.2200,15.5500,14.4700,14.5900,2874000
20130510,15.2700,15.3200,14.9100,15.0200,1433000
20130513,14.8100,15.3500,14.7500,15.1500,1147000
20130514,14.4500,14.9500,14.3000,14.9500,1139900
20130515,14.6600,14.7200,14.3800,14.3900,693200
20130516,14.6900,15.1300,14.6800,14.7100,1173500
20130517,14.8000,14.8400,14.5000,14.7000,1186300
20130520,15.3000,15.5000,14.7500,14.8000,2191700
20130521,15.6700,15.6800,15.1800,15.3100,2165100
20130522,15.2000,15.9300,15.0300,15.7000,1805500
20130523,15.2600,15.4900,15.0600,15.2100,1141100
20130524,15.5500,15.5500,15.2100,15.2700,1083300
20130527,15.5700,15.7700,15.4800,15.5600,1036800
20130528,15.6000,15.9400,15.5000,15.5900,1684800
20130529,16.1200,16.3600,15.3900,15.6100,2666400
20130530,15.8800,16.2900,15.8200,16.0100,1395800
20130531,15.5800,15.9800,15.5800,15.8800,968400
20130603,15.4000,15.6400,15.3300,15.4800,645600
20130604,15.0300,15.3400,14.7500,15.3100,989900
20130605,15.1100,15.1500,14.8100,14.8200,495200
20130606,14.8100,15.3000,14.8000,15.1000,510800
20130607,14.9000,15.0400,14.7000,14.8000,501800
20130610,14.9000,14.9000,14.9000,14.9000,0
20130611,14.9000,14.9000,14.9000,14.9000,0
20130612,14.9000,14.9000,14.9000,14.9000,0
20130613,14.0000,14.9300,13.7000,14.9300,616100
20130614,14.2900,14.4000,14.0100,14.0100,554100
20130617,14.4100,14.5500,14.1500,14.3000,456700
20130618,14.3500,14.4600,14.3000,14.4500,306600
20130619,14.2500,14.3600,13.9600,14.3500,442100
20130620,14.0600,14.2300,14.0300,14.1000,311900
20130621,14.1500,14.1500,13.6700,13.9600,343100
20130624,14.0500,14.2700,13.7000,14.2700,609600
20130625,13.6000,14.0900,12.6500,14.0000,595300
20130626,14.4800,14.8700,13.3600,13.5200,1278400
20130627,14.5400,14.9100,14.4900,14.4900,1508200
20130628,15.9900,15.9900,14.0800,14.5400,4736600
20130701,16.5400,17.2200,15.3300,15.7000,5228700
20130702,16.3000,17.0400,15.9200,16.0300,4018800
20130703,16.3200,16.6400,15.9200,15.9200,2815900
20130704,15.8500,16.6000,15.6200,16.0300,2684700
20130705,15.5100,16.1300,15.5100,15.7000,2108600
20130708,14.0000,15.2800,14.0000,15.0100,1972600
20130709,14.1700,14.2800,13.8700,14.0100,1032800
20130710,14.4900,14.5900,14.0200,14.1400,1084200
20130711,14.8900,14.9300,14.4000,14.5700,1536900
20130712,14.5200,15.0300,14.5000,14.8000,1046800
20130715,14.8800,14.9400,14.5500,14.5700,818100
20130716,15.2000,15.2800,14.6100,14.9000,1392200
20130717,15.5900,15.5900,14.9900,15.2800,2057800
20130718,15.3000,15.6000,15.1800,15.6000,1302100
20130719,14.3000,15.4600,14.2500,15.3000,1392600
20130722,14.4600,14.5100,14.0200,14.3100,1028500
20130723,14.6500,14.8200,14.4600,14.4600,799600
20130724,16.1200,16.1200,14.4700,14.6500,2887400
20130725,16.5700,17.3000,16.1800,16.4900,6342200
20130726,16.1700,16.5700,15.6100,16.5200,2745600
20130729,15.5100,16.1500,15.4000,16.1500,1809400
20130730,17.0600,17.0600,15.5100,15.5100,3378500
20130731,16.6500,17.9800,16.4500,17.0700,5387900
20130801,16.9600,17.1900,16.1500,16.4600,3465700
20130802,17.9100,18.0900,16.7500,16.8500,4799800
20130805,17.9600,18.2400,17.4100,17.7000,3270400
20130806,17.5100,17.8800,17.3500,17.7000,2816300
20130807,19.2600,19.2600,17.5100,17.5200,4862500
20130808,19.6500,20.2000,18.5800,19.3000,6179900
20130809,19.4100,20.1800,18.7300,19.3000,4291700
20130812,18.9000,19.2900,18.4100,19.1200,3089000
20130813,19.1500,19.2600,18.5200,18.8500,2504300
20130814,18.3000,19.1400,18.2800,19.0200,2986200
20130815,18.6800,18.9800,17.9800,18.3000,3111800
20130816,17.6300,18.7600,17.2400,18.4900,2781300
20130819,17.9500,17.9700,17.2700,17.6000,1664600
20130820,18.7400,18.8300,17.6800,17.9300,2833500
20130821,18.4300,18.7500,18.2400,18.7400,1543900
20130822,18.1400,18.6200,18.0100,18.4000,1349100
20130823,17.7500,18.5500,17.5000,18.1500,1745400
20130826,18.3500,18.3600,17.4000,17.7000,1831400
20130827,18.2900,18.6000,18.0600,18.3000,1459700
20130828,17.7900,18.2000,17.7000,18.1100,1439400
20130829,17.7100,18.0400,17.6100,17.6800,991900
20130830,16.8400,17.9300,16.6100,17.6100,1718700
20130902,17.0400,17.0800,16.3800,16.7300,881500
20130903,17.0600,17.1800,16.8600,17.0500,748500
20130904,16.9100,17.3600,16.8000,17.0700,980600
20130905,17.1500,17.1500,16.7600,16.9200,1064800
20130906,18.3300,18.4800,17.0100,17.0900,3411800
20130909,18.1000,18.3200,17.3600,18.3200,1821600
20130910,17.9000,18.2000,17.7000,18.2000,1314400
20130911,17.6800,18.3700,17.6100,17.9000,1347500
20130912,18.2600,18.3000,17.5000,17.7000,1692300
20130913,17.8800,18.3600,17.7100,18.1600,1002000
20130916,17.4800,18.1600,17.4000,18.1500,1201000
20130917,17.0300,17.4800,16.9300,17.4800,895500
20130918,17.2300,17.3100,16.8900,16.9800,508200
20130920,17.2300,17.2300,17.2300,17.2300,0
20130923,17.4000,17.5200,17.1100,17.2300,711800
20130924,17.3400,17.4800,17.1200,17.4700,679100
20130925,17.2000,17.5200,17.1600,17.3000,654300
20130926,17.0500,17.2900,17.0500,17.2200,576900
20130927,16.9400,17.2000,16.9300,17.0500,539100
20130930,17.1000,17.1700,16.8000,16.8000,448300
20131001,17.1000,17.1000,17.1000,17.1000,0
20131002,17.1000,17.1000,17.1000,17.1000,0
20131003,17.1000,17.1000,17.1000,17.1000,0
20131004,17.1000,17.1000,17.1000,17.1000,0
20131007,17.1000,17.1000,17.1000,17.1000,0
20131008,17.3100,17.4000,17.1800,17.1800,534600
20131009,17.6900,17.7900,17.2300,17.3100,1253200
20131010,17.5600,17.8800,17.4600,17.6300,899300
20131011,18.0600,18.2000,17.5200,17.5200,1789400
20131014,17.8900,18.2000,17.7300,18.0600,1019600
20131015,17.6700,17.9900,17.5800,17.9000,831700
20131016,17.0000,17.7200,16.8300,17.5100,817300
20131017,17.2600,17.3800,16.9600,17.1000,518500
20131018,17.1600,17.3200,17.0100,17.2400,452200
20131021,18.3400,18.4900,17.0500,17.1500,2545000
20131022,17.9500,18.4700,17.8900,18.1000,2135100
20131023,17.1200,18.1500,17.0000,17.9500,1256500
20131024,16.6300,17.0000,16.5000,17.0000,1087000
20131025,16.7800,16.9500,16.5400,16.6600,599200
20131028,16.7500,16.8600,16.6200,16.8500,330200
20131029,15.5000,16.8500,15.0900,16.7000,850300
20131030,15.7000,15.7500,15.3800,15.5000,551900
20131031,15.8200,15.8900,15.5500,15.6000,412900
20131101,15.9500,16.3600,15.3600,15.7100,588400
20131104,16.0800,16.1500,15.7400,15.9500,222600
20131105,16.1900,16.2800,15.5500,15.9000,505500
20131106,16.3000,16.4900,16.0300,16.0300,641400
20131107,16.2700,16.3800,16.1000,16.3800,389400
20131108,16.1500,16.3800,16.1300,16.1300,349000
20131111,16.3600,16.4500,15.5500,16.0200,514600
20131112,16.6000,16.9900,16.1700,16.3600,921200
20131113,16.2200,16.5800,16.2100,16.4500,469900
20131114,16.6800,16.8000,16.0300,16.2000,850300
20131115,16.9400,17.3500,16.6300,16.7000,1199000
20131118,17.8000,18.3500,16.8000,17.0000,1973600
20131119,17.9800,18.1800,17.3600,17.8000,1465100
20131120,17.7200,17.9800,17.5500,17.9800,740700
20131121,17.4300,17.8800,17.3600,17.6100,712400
20131122,19.1700,19.1700,17.7000,17.8000,2743400
20131125,19.5800,19.6000,18.5000,19.4800,4611000
20131126,20.3100,21.5400,19.1300,19.1300,6976000
20131127,20.1400,20.7800,19.6800,20.1000,3529400
20131128,22.1500,22.1500,19.8000,20.0200,4477500
20131129,23.8800,24.3500,21.1000,21.4000,6344400
20131202,21.4900,22.9700,21.4900,22.2000,4297500
20131203,20.5100,21.3500,19.3400,19.9900,4046900
20131204,20.7100,21.4600,19.7300,20.5100,3617000
20131205,19.8900,20.4700,19.6100,20.4600,2525000
20131206,20.2400,20.8600,19.6500,19.8000,2307500
20131209,21.3100,21.4500,20.1100,20.3300,3101100
20131210,20.6500,21.2100,20.6200,21.1100,2013600
20131211,19.9200,20.5800,19.8800,20.5800,1566600
20131212,20.6000,20.8400,19.9800,19.9800,1810800
20131213,20.9900,21.3000,20.2200,20.4000,2517800
20131216,20.3700,21.1900,20.3200,20.9000,1495800
20131217,19.2500,20.6000,19.2400,20.3000,1449300
20131218,19.9800,20.1000,18.9000,19.2500,1203800
20131219,19.6400,20.2000,19.5500,19.7900,983000
20131220,19.8900,20.1600,19.5500,19.8000,992500
20131223,19.6000,20.0900,19.0100,20.0000,622300
20131224,20.2400,20.4500,19.5800,19.6000,1399400
20131225,21.3000,21.6000,20.1100,20.1800,3104800
20131226,20.4700,21.3000,20.3300,20.8100,1891000
20131227,20.5800,20.8900,20.2800,20.4300,1231000
20131230,20.7900,21.1800,20.5500,20.7200,1027000
20131231,19.7800,20.7000,19.6000,20.7000,1265700
20140101,19.7800,19.7800,19.7800,19.7800,0
20140102,20.0100,20.1000,19.6500,20.1000,611900
20140103,20.2800,20.3500,19.6400,20.0300,1111400
20140106,19.7300,20.2000,19.7000,19.9500,755400
20140107,19.9500,20.0400,19.3700,19.3700,622800
20140108,20.2400,20.6900,19.9600,19.9600,1806300
20140109,19.4100,20.2400,19.4100,20.2400,1376800
20140110,19.4200,19.7000,19.2200,19.3900,462200
20140113,19.5300,19.7000,19.4000,19.4200,454800
20140114,19.8200,19.8200,19.4100,19.7000,607000
20140115,20.0900,20.5500,19.8500,20.0000,1129200
20140116,20.2100,20.3700,19.8100,20.1000,896000
20140117,20.9000,21.5000,20.3100,20.6000,3323000
20140120,21.3800,21.4800,20.3100,20.5000,2385800
20140121,21.1600,21.6300,21.0000,21.3200,1819700
20140122,21.4400,21.5500,21.0100,21.1100,1822600
20140123,21.1500,21.5000,20.7500,21.4400,1931700
20140124,20.8900,21.4000,20.8600,20.9300,1272100
20140127,20.8900,20.8900,20.8900,20.8900,0
20140128,20.4400,22.0000,20.3600,21.0100,1743400
20140129,20.0300,20.3100,19.6000,20.3000,1350500
20140130,20.0100,20.1800,19.8100,19.8500,414700
20140131,20.0100,20.0100,20.0100,20.0100,0
20140203,20.0100,20.0100,20.0100,20.0100,0
20140205,20.0100,20.0100,20.0100,20.0100,0
20140206,20.0100,20.0100,20.0100,20.0100,0
20140207,20.6500,20.7800,19.8100,20.0100,956200
20140210,21.2000,21.6800,20.6500,20.6500,1864200
20140211,21.0200,21.5500,20.6200,21.2500,1661700
20140212,22.2300,22.5000,20.8200,21.0400,3672600
20140213,21.5800,22.2400,21.5200,22.2300,1950600
20140214,21.8000,21.8600,20.9800,21.5100,1775500
20140217,22.6100,22.9500,21.3000,21.7100,3357300
20140218,22.4600,23.3900,22.2000,22.3400,2674900
20140219,21.8800,22.7800,21.6500,22.3400,1845500
20140220,21.0000,22.1700,21.0000,21.6800,1340500
20140221,21.9500,21.9900,20.7300,21.0000,1515100
20140224,21.9100,22.3600,21.4500,21.7500,1495400
20140225,20.0800,22.1200,19.7200,21.8900,1712700
