20130226,5.9417,6.0167,5.8833,5.9167,62782400
20130227,5.9083,5.9750,5.8583,5.9333,29683900
20130228,6.0250,6.0833,5.8667,5.9083,59037900
20130301,6.0083,6.0417,5.9333,5.9833,42992600
20130304,5.9500,6.0833,5.9083,6.0250,80519000
20130305,5.9583,6.0000,5.8417,5.9667,55691600
20130306,6.0500,6.0667,5.9000,5.9583,49709900
20130307,6.0917,6.2500,6.0083,6.1250,62422300
20130308,6.1583,6.2083,6.0583,6.1250,55881400
20130311,6.1250,6.1833,6.0667,6.1250,22682800
20130312,6.2250,6.3750,6.1250,6.1333,92117296
20130313,6.2250,6.3500,6.2000,6.2333,74870000
20130314,6.2000,6.2750,6.1167,6.1833,44542500
20130315,6.2750,6.3250,6.1667,6.1917,52619300
20130318,5.9667,6.2917,5.9583,6.2417,66272900
20130319,6.1250,6.1917,5.9583,5.9667,64340400
20130320,6.1750,6.2333,6.1083,6.1083,54897600
20130321,6.2667,6.3083,6.1167,6.1667,86545600
20130322,6.4333,6.4417,6.2500,6.2500,118542496
20130325,6.3333,6.4167,6.2833,6.4083,65288700
20130326,6.2000,6.3333,6.1083,6.3333,58476100
20130327,6.2250,6.3917,6.1833,6.2250,79901000
20130328,6.1833,6.2083,6.0833,6.1833,49379600
20130329,6.1583,6.2250,6.1417,6.1917,25413300
20130401,6.1500,6.1750,6.0917,6.1417,33654700
20130402,6.0417,6.1417,6.0083,6.1333,49554700
20130403,6.0333,6.1000,6.0000,6.0500,32675500
20130404,6.0333,6.0333,6.0333,6.0333,0
20130405,6.0333,6.0333,6.0333,6.0333,0
20130408,6.0000,6.0333,5.9250,5.9833,38615200
20130409,6.0000,6.0500,5.9667,6.0417,37441900
20130410,5.9667,6.0250,5.9417,6.0000,39387300
20130411,5.9833,6.0250,5.9583,5.9750,30840300
20130412,5.8917,6.0167,5.8750,5.9833,35217900
20130415,5.7167,5.8750,5.6750,5.8333,58249300
20130416,5.7250,5.7833,5.6583,5.6667,37286800
20130417,5.7167,5.7500,5.6583,5.7333,20065500
20130418,5.6833,5.7750,5.6583,5.6833,28612000
20130419,5.7833,5.8417,5.6833,5.7083,46710100
20130422,5.7500,5.8167,5.7167,5.7667,37913000
20130423,5.5250,5.7500,5.5000,5.7500,66531900
20130424,5.6167,5.6500,5.5417,5.5417,34049200
20130425,5.6500,5.6833,5.5667,5.6167,33747300
20130426,5.6083,5.6667,5.5667,5.6417,22241900
20130429,5.6083,5.6083,5.6083,5.6083,0
20130430,5.6083,5.6083,5.6083,5.6083,0
20130501,5.6083,5.6083,5.6083,5.6083,0
20130502,5.5667,5.6083,5.5500,5.5917,23598000
20130503,5.6417,5.6667,5.5750,5.5833,32799400
20130506,5.7417,5.7750,5.6417,5.6667,37832100
20130507,5.7083,5.7500,5.6667,5.7500,26746700
20130508,5.7083,5.7833,5.6833,5.7250,33890400
20130509,5.5917,5.7333,5.5833,5.7167,54144600
20130510,5.5667,5.6250,5.4917,5.6000,72533504
20130513,5.5750,5.6500,5.5417,5.5583,36072900
20130514,5.5083,5.5833,5.4833,5.5833,45150400
20130515,5.5167,5.5250,5.4833,5.5083,17890200
20130516,5.5583,5.5667,5.4833,5.5167,32394600
20130517,5.6500,5.6667,5.5417,5.5583,46627800
20130520,5.7583,5.7917,5.6500,5.6583,48820300
20130521,5.7083,5.7500,5.6750,5.7333,37235700
20130522,5.6833,5.7417,5.6667,5.7083,28601600
20130523,5.6250,5.6667,5.6250,5.6583,35251500
20130524,5.5833,5.6667,5.5583,5.6333,42722500
20130527,5.6000,5.6417,5.5667,5.5750,32499000
20130528,5.6667,5.6750,5.5750,5.6000,40617300
20130529,5.6667,5.7083,5.6583,5.6750,38635000
20130530,5.6250,5.6583,5.5917,5.6583,45736000
20130531,5.6167,5.6500,5.6000,5.6333,26537900
20130603,5.6167,5.6500,5.5750,5.6083,27192300
20130604,5.6083,5.6333,5.5750,5.6167,31592600
20130605,5.5917,5.6333,5.5750,5.5917,19266300
20130606,5.5917,5.6083,5.5667,5.5917,23969600
20130607,5.5000,5.5917,5.4917,5.5917,31777400
20130610,5.5000,5.5000,5.5000,5.5000,0
20130611,5.5000,5.5000,5.5000,5.5000,0
20130612,5.5000,5.5000,5.5000,5.5000,0
20130613,5.3250,5.4750,5.1667,5.4750,54437600
20130614,5.2417,5.3417,5.2250,5.3167,60040800
20130617,5.2917,5.3167,5.2333,5.2500,46210200
20130618,5.2917,5.3083,5.2583,5.3083,28101000
20130619,4.6800,4.7700,4.6200,4.7700,32647300
20130620,4.5000,4.7100,4.4900,4.6600,38478300
20130621,4.4500,4.5400,4.3900,4.4500,46773100
20130624,4.2100,4.4700,4.1700,4.4500,69930800
20130625,4.1900,4.2600,4.0600,4.2000,62868100
20130626,4.1000,4.2100,4.0500,4.1900,59105900
20130627,4.1100,4.1600,4.0800,4.1300,48526400
20130628,4.1800,4.2300,4.1000,4.1100,60142900
20130701,4.2700,4.2900,4.1500,4.1500,67563904
20130702,4.2400,4.2700,4.1400,4.2700,79692000
20130703,4.2500,4.2700,4.1000,4.2100,107829504
20130704,4.2200,4.2600,4.1700,4.2100,56541200
20130705,4.1900,4.2600,4.1800,4.2200,49533700
20130708,4.1400,4.1900,4.1200,4.1800,40966800
20130709,4.3300,4.3400,4.1200,4.1300,125256400
20130710,4.6100,4.6900,4.3100,4.3300,184187200
20130711,4.6500,4.7400,4.5600,4.5800,188369792
20130712,4.5900,4.6300,4.5100,4.6300,81345600
20130715,4.5600,4.6200,4.5200,4.5900,61998400
20130716,4.5000,4.5600,4.4300,4.5600,67761800
20130717,4.4500,4.5800,4.4300,4.4800,84745200
20130718,4.4000,4.4600,4.3600,4.4400,66667500
20130719,4.4500,4.4700,4.3400,4.4300,75464896
20130722,4.4500,4.4800,4.3500,4.3800,61540000
20130723,4.4800,4.5100,4.4100,4.4200,79216304
20130724,4.4300,4.4800,4.4000,4.4500,36931600
20130725,4.3800,4.4600,4.3400,4.4500,66258900
20130726,4.3500,4.3700,4.3200,4.3500,37183400
20130729,4.2600,4.3300,4.2300,4.3100,40415600
20130730,4.3700,4.3700,4.2600,4.2900,52510500
20130731,4.3800,4.4000,4.3500,4.3600,27533000
20130801,4.4300,4.4500,4.3800,4.4000,34945000
20130802,4.4400,4.4800,4.4000,4.4500,23229900
20130805,4.4600,4.4600,4.3700,4.4500,33421600
20130806,4.4400,4.4600,4.4000,4.4300,35860000
20130807,4.3900,4.4500,4.3700,4.4300,43740000
20130808,4.3700,4.4000,4.3500,4.3800,26416400
20130809,4.3900,4.4100,4.3300,4.3900,34578200
20130812,4.5300,4.5400,4.3900,4.4000,63810600
20130813,4.5400,4.5600,4.4900,4.5300,37012900
20130814,4.5300,4.5700,4.5100,4.5500,36587100
20130815,4.5000,4.5600,4.4900,4.5300,26343500
20130816,4.5200,4.9500,4.4500,4.5000,123948000
20130819,4.5000,4.5200,4.4600,4.4700,47809500
20130820,4.4300,4.5100,4.4100,4.4900,50360000
20130821,4.4300,4.4500,4.3900,4.4500,29116700
20130822,4.4000,4.4400,4.3800,4.4100,25221900
20130823,4.3600,4.4300,4.3300,4.4200,32884200
20130826,4.4300,4.4900,4.3600,4.3800,49335200
20130827,4.4000,4.4400,4.3900,4.4300,31127800
20130828,4.4400,4.4600,4.4000,4.4000,51349600
20130829,4.4300,4.4700,4.4100,4.4600,32166900
20130830,4.4100,4.4500,4.3800,4.4200,55704900
20130902,4.4100,4.4300,4.3700,4.4100,39266200
20130903,4.4500,4.4600,4.4000,4.4100,43417700
20130904,4.4700,4.4900,4.4200,4.4400,45147000
20130905,4.4700,4.4800,4.4200,4.4700,34999700
20130906,4.5000,4.5200,4.4500,4.4600,42577700
20130909,4.6100,4.6600,4.5000,4.5000,104670000
20130910,4.6500,4.6700,4.5500,4.6100,93173696
20130911,4.6900,4.7800,4.6500,4.6600,116493400
20130912,4.6400,4.6800,4.5500,4.6300,98058096
20130913,4.5800,4.6500,4.5400,4.6300,54888100
20130916,4.5800,4.6000,4.5500,4.5800,35267500
20130917,4.4700,4.5800,4.4600,4.5700,44210800
20130918,4.4600,4.5200,4.4400,4.4800,38366600
20130920,4.4600,4.4600,4.4600,4.4600,0
20130923,4.4900,4.5100,4.4600,4.4800,31869500
20130924,4.4900,4.5500,4.4700,4.5100,42892500
20130925,4.4500,4.4900,4.4500,4.4800,42309500
20130926,4.4100,4.4800,4.4000,4.4500,39142200
20130927,4.4400,4.4500,4.4000,4.4100,29475800
20130930,4.4400,4.4500,4.4100,4.4300,20322400
20131001,4.4400,4.4400,4.4400,4.4400,0
20131002,4.4400,4.4400,4.4400,4.4400,0
20131003,4.4400,4.4400,4.4400,4.4400,0
20131004,4.4400,4.4400,4.4400,4.4400,0
20131007,4.4400,4.4400,4.4400,4.4400,0
20131008,4.4700,4.4800,4.4100,4.4100,31243300
20131009,4.4900,4.4900,4.4400,4.4600,22452700
20131010,4.4400,4.4900,4.4100,4.4900,31797600
20131011,4.4700,4.5100,4.4400,4.4500,37966200
20131014,4.4500,4.4800,4.4300,4.4700,37494500
20131015,4.4200,4.4600,4.4100,4.4500,36800800
20131016,4.3800,4.4300,4.3700,4.4200,35272000
20131017,4.3800,4.4100,4.3600,4.3900,28038800
20131018,4.3700,4.3900,4.3600,4.3800,20040600
20131021,4.4000,4.4200,4.3700,4.3700,27522300
20131022,4.3900,4.4100,4.3800,4.4000,18661000
20131023,4.3600,4.4300,4.3600,4.3900,24417000
20131024,4.3200,4.3800,4.3100,4.3600,36404000
20131025,4.2700,4.3300,4.2500,4.3200,32590100
20131028,4.2800,4.3000,4.2400,4.2800,21375900
20131029,4.3400,4.4000,4.2700,4.2800,69716496
20131030,4.4900,4.5000,4.3500,4.3700,106879800
20131031,4.5100,4.5600,4.4500,4.5100,70538496
20131101,4.5300,4.5600,4.4700,4.4900,53605800
20131104,4.5200,4.5500,4.5000,4.5400,30970500
20131105,4.6200,4.6700,4.4900,4.5200,119384000
20131106,4.7200,4.8400,4.6300,4.7000,187806704
20131107,4.7900,4.7900,4.6500,4.7100,100785600
20131108,4.7800,4.7900,4.6600,4.7300,78734496
20131111,4.7700,4.7800,4.6900,4.7500,55448900
20131112,4.7600,4.7800,4.7300,4.7400,47326000
20131113,4.6800,4.7300,4.6200,4.7200,84040496
20131114,4.6400,4.6800,4.6100,4.6700,39500900
20131115,4.7600,4.7800,4.6100,4.6200,101240800
20131118,4.9400,4.9500,4.7500,4.7800,108663504
20131119,4.9500,5.1000,4.9200,4.9200,94423296
20131120,4.9300,5.0400,4.8700,5.0100,54998700
20131121,5.0200,5.0500,4.8100,4.9100,81621600
20131122,5.0500,5.0900,4.9300,5.0100,117965000
20131125,4.8500,4.9600,4.8200,4.8500,160309696
20131126,4.7200,4.8300,4.6900,4.8000,107289104
20131127,4.7200,4.7500,4.6600,4.7200,88936000
20131128,4.8000,4.8500,4.7000,4.7300,99906600
20131129,4.7800,4.8000,4.7500,4.8000,41449100
20131202,5.0100,5.0300,4.7000,4.7700,190615504
20131203,4.9300,4.9900,4.9000,4.9500,95191904
20131204,4.9400,4.9800,4.9100,4.9200,66962300
20131205,4.9300,4.9500,4.9100,4.9300,40618000
20131206,4.9200,4.9300,4.8500,4.9200,38989700
20131209,4.9500,5.0200,4.8900,4.9200,62769200
20131210,4.8500,4.9600,4.8300,4.9400,60646900
20131211,4.7400,4.8400,4.6700,4.8400,78091904
20131212,4.8100,4.8700,4.7000,4.7100,60613600
20131213,4.7500,4.8300,4.7300,4.7500,39402900
20131216,4.7000,4.7800,4.6800,4.7500,33952400
20131217,4.6900,4.7300,4.6800,4.6900,28635900
20131218,4.6700,4.7200,4.6500,4.6900,28714400
20131219,4.6100,4.7200,4.6000,4.6800,35977000
20131220,4.5500,4.6500,4.5100,4.6200,53271800
20131223,4.6100,4.6600,4.5000,4.5500,29134300
20131224,4.5700,4.6400,4.5200,4.6200,31969900
20131225,4.5800,4.6100,4.5400,4.5700,22612100
20131226,4.4800,4.5900,4.4200,4.5900,69155200
20131227,4.4800,4.5200,4.4100,4.4800,37525300
20131230,4.4300,4.5100,4.4200,4.5000,36003600
20131231,4.4800,4.5000,4.4100,4.4100,42844200
20140101,4.4800,4.4800,4.4800,4.4800,0
20140102,4.4600,4.4900,4.4400,4.4600,34716700
20140103,4.3800,4.4400,4.3500,4.4300,38122900
20140106,4.4800,4.4900,4.3000,4.3600,65410500
20140107,4.4000,4.4500,4.3900,4.4300,44528700
20140108,4.3900,4.4600,4.3600,4.4100,34388900
20140109,4.4000,4.4400,4.3600,4.4000,23632100
20140110,4.4200,4.4500,4.3900,4.3900,27551900
20140113,4.4800,4.4900,4.3900,4.4300,44062000
20140114,4.5900,4.6000,4.4500,4.4600,70843696
20140115,4.6500,4.6600,4.5400,4.5800,46615500
20140116,4.6200,4.6500,4.6000,4.6400,21152900
20140117,4.6600,4.6800,4.5900,4.6100,49037500
20140120,4.6200,4.6600,4.5000,4.6600,29532500
20140121,4.6100,4.6500,4.5600,4.5800,20238600
20140122,4.6500,4.6600,4.5900,4.6000,37143100
20140123,4.5800,4.6200,4.5400,4.6100,37685500
20140124,4.6000,4.6100,4.5500,4.5700,28579900
20140127,4.5200,4.5700,4.4900,4.5700,33444600
20140128,4.4900,4.5600,4.4800,4.5400,23967000
20140129,4.4900,4.5200,4.4700,4.4900,29583100
20140130,4.4600,4.5000,4.4500,4.4900,14031300
20140131,4.4600,4.4600,4.4600,4.4600,0
20140203,4.4600,4.4600,4.4600,4.4600,0
20140205,4.4600,4.4600,4.4600,4.4600,0
20140206,4.4600,4.4600,4.4600,4.4600,0
20140207,4.4700,4.4800,4.4000,4.4400,16970600
20140210,4.5200,4.5200,4.4600,4.4700,47180200
20140211,4.5400,4.5700,4.4800,4.5100,53933400
20140212,4.5200,4.5800,4.5000,4.5400,34119000
20140213,4.5000,4.5400,4.5000,4.5300,28434500
20140214,4.5300,4.5400,4.4900,4.5000,19865900
20140217,4.5700,4.5800,4.5100,4.5400,53158900
20140218,4.5300,4.5900,4.5100,4.5600,55271300
20140219,4.7000,4.8500,4.5000,4.5200,147369792
20140220,5.1700,5.1700,5.0500,5.0500,185242496
20140221,5.0100,5.1500,4.8000,5.1000,255360800
20140224,4.8200,4.9700,4.6900,4.9100,128374000
20140225,4.8900,5.0200,4.7400,4.8000,125441696
