20130226,2.8500,2.9300,2.8300,2.9200,46788600
20130227,2.8700,2.8900,2.8400,2.8600,20729000
20130228,2.9000,2.9100,2.8500,2.9000,33252100
20130301,2.9300,2.9500,2.8800,2.8900,32678900
20130304,2.8200,2.9300,2.8000,2.8900,38992100
20130305,2.8500,2.8600,2.8100,2.8300,21108000
20130306,2.9000,2.9200,2.8300,2.8800,28339100
20130307,2.8600,2.9400,2.8400,2.8900,31476700
20130308,2.8400,2.8800,2.8200,2.8500,20043300
20130311,2.8500,2.8800,2.8200,2.8700,18613500
20130312,2.9000,2.9100,2.6900,2.8500,63152600
20130313,2.9000,2.9000,2.9000,2.9000,0
20130314,2.7800,2.9000,2.7700,2.9000,49086000
20130315,2.7500,2.8100,2.7200,2.7600,19256900
20130318,2.6700,2.7500,2.6500,2.7300,21911000
20130319,2.6600,2.6900,2.6100,2.6700,14675000
20130320,2.7000,2.7100,2.6400,2.6600,17179100
20130321,2.7100,2.7600,2.6800,2.7000,20932300
20130322,2.7300,2.7300,2.6800,2.6900,15742300
20130325,2.6900,2.7400,2.6800,2.7300,15233200
20130326,2.6500,2.6900,2.6200,2.6900,14982700
20130327,2.6400,2.6700,2.6100,2.6400,14487200
20130328,2.5300,2.6200,2.5200,2.6200,21566800
20130329,2.5400,2.5500,2.5000,2.5300,10963400
20130401,2.5400,2.5500,2.5100,2.5300,9107700
20130402,2.5200,2.5600,2.5000,2.5400,13592100
20130403,2.4800,2.5300,2.4600,2.5200,11947100
20130404,2.4800,2.4800,2.4800,2.4800,0
20130405,2.4800,2.4800,2.4800,2.4800,0
20130408,2.4700,2.4700,2.4200,2.4700,10617500
20130409,2.5100,2.5400,2.4800,2.4800,10255700
20130410,2.5000,2.5300,2.4800,2.5100,10487200
20130411,2.5400,2.5600,2.4900,2.5000,15667500
20130412,2.4900,2.5400,2.4800,2.5300,7783700
20130415,2.4300,2.4800,2.4200,2.4700,9289500
20130416,2.4500,2.4700,2.3800,2.3800,6675000
20130417,2.4500,2.4600,2.4200,2.4500,6202200
20130418,2.4700,2.4700,2.4200,2.4500,7670300
20130419,2.5000,2.5100,2.4600,2.4700,11105500
20130422,2.5000,2.5400,2.4700,2.4700,13855100
20130423,2.4100,2.5000,2.4100,2.5000,14264400
20130424,2.4600,2.4600,2.4100,2.4100,9577300
20130425,2.4100,2.4400,2.4000,2.4400,14242800
20130426,2.3600,2.4300,2.3500,2.4100,9095400
20130429,2.3600,2.3600,2.3600,2.3600,0
20130430,2.3600,2.3600,2.3600,2.3600,0
20130501,2.3600,2.3600,2.3600,2.3600,0
20130502,2.4200,2.4300,2.3300,2.3700,13377600
20130503,2.4200,2.4500,2.4000,2.4000,13372600
20130506,2.4300,2.4400,2.4000,2.4100,12445300
20130507,2.4200,2.4300,2.4000,2.4300,10364500
20130508,2.4200,2.4400,2.4000,2.4200,12001900
20130509,2.4400,2.4700,2.4000,2.4200,19295500
20130510,2.4800,2.4800,2.4200,2.4400,16864700
20130513,2.5200,2.5500,2.4500,2.4700,27903600
20130514,2.4900,2.5100,2.4500,2.5100,17277100
20130515,2.4900,2.4900,2.4600,2.4800,12242300
20130516,2.5000,2.5100,2.4600,2.4800,18567300
20130517,2.5200,2.5200,2.4700,2.5000,18497600
20130520,2.5200,2.5300,2.4900,2.5100,21107600
20130521,2.5200,2.5300,2.4900,2.5200,20347300
20130522,2.5500,2.5600,2.5000,2.5200,27118000
20130523,2.5200,2.5600,2.5100,2.5400,23104700
20130524,2.5200,2.5300,2.4900,2.5100,16787800
20130527,2.5100,2.5300,2.5000,2.5100,16535900
20130528,2.5500,2.5600,2.5000,2.5100,24406500
20130529,2.5400,2.5600,2.5200,2.5400,22756600
20130530,2.5200,2.5400,2.5000,2.5300,16105900
20130531,2.5000,2.5300,2.4900,2.5200,13065400
20130603,2.5000,2.5100,2.4800,2.5000,11431200
20130604,2.4400,2.5000,2.4200,2.5000,15822700
20130605,2.4300,2.4400,2.4200,2.4300,7952800
20130606,2.4100,2.4400,2.4000,2.4400,7891600
20130607,2.3700,2.4200,2.3500,2.4100,10827800
20130610,2.3700,2.3700,2.3700,2.3700,0
20130611,2.3700,2.3700,2.3700,2.3700,0
20130612,2.3700,2.3700,2.3700,2.3700,0
20130613,2.3100,2.3600,2.2900,2.3600,13502000
20130614,2.3200,2.3300,2.3000,2.3100,9730800
20130617,2.3100,2.3300,2.2900,2.3200,6921100
20130618,2.3100,2.3300,2.3000,2.3100,6530900
20130619,2.2800,2.3200,2.2400,2.3100,11162300
20130620,2.2000,2.2700,2.1900,2.2700,8392100
20130621,2.1900,2.2100,2.1500,2.1900,7220300
20130624,2.0200,2.2000,1.9900,2.1900,17613700
20130625,1.9700,2.0100,1.8500,2.0100,22498800
20130626,1.9700,1.9900,1.9400,1.9700,8623800
20130627,1.9500,2.0100,1.9400,1.9700,9783400
20130628,1.9600,1.9800,1.8900,1.9400,8316900
20130701,1.9800,1.9900,1.9400,1.9500,7014100
20130702,1.9800,1.9900,1.9400,1.9800,7770500
20130703,1.9400,1.9700,1.9200,1.9700,8106100
20130704,1.9700,1.9900,1.9100,1.9400,9301400
20130705,2.0000,2.0200,1.9500,1.9700,12471400
20130708,1.9200,2.0000,1.9200,2.0000,9761900
20130709,1.9300,1.9400,1.9100,1.9100,5280400
20130710,1.9900,1.9900,1.9300,1.9600,8307600
20130711,2.0500,2.0900,1.9800,2.0000,24717600
20130712,2.0000,2.0500,1.9900,2.0500,13230200
20130715,2.0300,2.0400,1.9900,2.0000,9600600
20130716,2.0600,2.0600,2.0100,2.0300,13475500
20130717,2.0300,2.0700,2.0200,2.0500,15087600
20130718,2.0100,2.0300,1.9900,2.0200,11189900
20130719,1.9400,2.0300,1.9300,2.0100,14298300
20130722,1.9500,1.9600,1.9100,1.9400,9499900
20130723,2.0000,2.0000,1.9400,1.9400,9105900
20130724,1.9800,2.0000,1.9600,1.9900,11629600
20130725,1.9700,1.9900,1.9600,1.9800,10510100
20130726,1.9600,1.9800,1.9500,1.9700,7410200
20130729,1.9300,1.9500,1.9200,1.9500,11493600
20130730,1.9200,1.9500,1.9000,1.9300,11528400
20130731,1.9200,1.9400,1.9100,1.9300,7040200
20130801,1.9600,1.9600,1.9100,1.9200,14790700
20130802,1.9400,1.9700,1.9400,1.9700,9484300
20130805,2.0100,2.0600,1.9400,1.9400,19584000
20130806,2.0600,2.1200,1.9700,1.9800,34241100
20130807,2.0100,2.0600,2.0000,2.0500,20038700
20130808,2.0500,2.0800,2.0100,2.0200,17546400
20130809,2.0400,2.0600,2.0100,2.0400,11940100
20130812,2.0800,2.0900,2.0300,2.0400,21100800
20130813,2.1100,2.1200,2.0700,2.1000,23018200
20130814,2.0800,2.1100,2.0700,2.1100,18895500
20130815,2.0500,2.0900,2.0500,2.0800,13163600
20130816,2.0500,2.0500,2.0500,2.0500,0
20130819,2.0000,2.0300,1.9500,1.9800,22180800
20130820,2.0000,2.0400,1.9900,2.0300,13535400
20130821,2.0000,2.0100,1.9900,2.0000,8274800
20130822,2.0000,2.0200,1.9900,2.0000,11258700
20130823,2.0200,2.0300,1.9500,2.0100,17299300
20130826,2.0600,2.0700,2.0100,2.0200,23877900
20130827,2.0800,2.1100,2.0500,2.0500,23547100
20130828,2.0800,2.0900,2.0500,2.0700,15094300
20130829,2.1000,2.1200,2.0500,2.0700,25709600
20130830,2.0700,2.1200,2.0600,2.1000,21423200
20130902,2.1200,2.1700,2.0600,2.0700,31263500
20130903,2.1400,2.1600,2.1200,2.1300,21103300
20130904,2.1100,2.1400,2.0900,2.1300,29581800
20130905,2.1100,2.1300,2.0900,2.1100,20802500
20130906,2.1100,2.1300,2.1000,2.1200,17153900
20130909,2.1400,2.1600,2.1000,2.1200,28477800
20130910,2.1900,2.2200,2.1300,2.1400,43496300
20130911,2.4100,2.4100,2.1900,2.1900,89542496
20130912,2.3900,2.5100,2.3300,2.5000,107578800
20130913,2.2900,2.3700,2.2700,2.3600,47961400
20130916,2.2900,2.3200,2.2700,2.2700,24484100
20130917,2.2000,2.2900,2.1900,2.2900,27463100
20130918,2.2500,2.2600,2.1900,2.1900,20611400
20130920,2.2500,2.2500,2.2500,2.2500,0
20130923,2.2500,2.2600,2.2200,2.2500,16075600
20130924,2.2100,2.2600,2.1700,2.2500,22176000
20130925,2.2200,2.2400,2.1800,2.2000,18691900
20130926,2.1600,2.2300,2.1500,2.2200,20678300
20130927,2.1600,2.1700,2.1400,2.1500,11861500
20130930,2.1600,2.1700,2.1400,2.1600,9559000
20131001,2.1600,2.1600,2.1600,2.1600,0
20131002,2.1600,2.1600,2.1600,2.1600,0
20131003,2.1600,2.1600,2.1600,2.1600,0
20131004,2.1600,2.1600,2.1600,2.1600,0
20131007,2.1600,2.1600,2.1600,2.1600,0
20131008,2.2200,2.2300,2.1400,2.1600,17037000
20131009,2.2200,2.2400,2.1900,2.2200,18054600
20131010,2.1900,2.2200,2.1500,2.2000,22555700
20131011,2.2300,2.2400,2.1700,2.1700,22027200
20131014,2.2500,2.2600,2.2000,2.2300,24258200
20131015,2.2300,2.2500,2.2100,2.2500,16159800
20131016,2.1700,2.2300,2.1500,2.2200,20593100
20131017,2.1900,2.2000,2.1600,2.1800,18132200
20131018,2.1900,2.2000,2.1500,2.1900,17740800
20131021,2.2100,2.2100,2.1700,2.1900,16739000
20131022,2.2600,2.2800,2.1900,2.2000,32384000
20131023,2.2200,2.3000,2.2100,2.2500,30992900
20131024,2.1800,2.2100,2.1700,2.2000,12318200
20131025,2.1500,2.2000,2.1400,2.1800,13182000
20131028,2.1600,2.1700,2.1400,2.1500,6710500
20131029,2.1100,2.1900,2.0600,2.1600,18987000
20131030,2.1400,2.1400,2.0800,2.0900,8372700
20131031,2.1400,2.1400,2.1100,2.1300,8152900
20131101,2.1300,2.1400,2.1100,2.1400,6374800
20131104,2.1100,2.1300,2.1000,2.1200,8064500
20131105,2.1200,2.1200,2.0700,2.1200,11966400
20131106,2.0900,2.1200,2.0800,2.1100,11730800
20131107,2.0900,2.1000,2.0700,2.0800,8711900
20131108,2.0600,2.0900,2.0400,2.0900,8754600
20131111,2.0700,2.0800,2.0400,2.0600,6073200
20131112,2.0900,2.0900,2.0500,2.0600,8412800
20131113,2.0200,2.0900,2.0200,2.0800,11292200
20131114,2.0400,2.0500,2.0100,2.0200,10351900
20131115,2.0700,2.0800,2.0300,2.0300,12101200
20131118,2.1100,2.1100,2.0600,2.0800,14989700
20131119,2.1000,2.1100,2.0800,2.1100,10560100
20131120,2.1200,2.1300,2.0900,2.1000,11585700
20131121,2.1100,2.1200,2.0900,2.1100,9732000
20131122,2.1400,2.1500,2.0900,2.1100,21764600
20131125,2.1200,2.1400,2.1100,2.1200,10079600
20131126,2.1500,2.1600,2.1100,2.1100,17997700
20131127,2.1400,2.1600,2.1300,2.1500,11381500
20131128,2.1500,2.1800,2.1400,2.1400,13947800
20131129,2.1700,2.1900,2.1300,2.1500,18466500
20131202,2.1300,2.1900,2.1100,2.1500,20277200
20131203,2.1400,2.1400,2.0700,2.1100,15976500
20131204,2.1700,2.1800,2.1200,2.1300,21036200
20131205,2.1800,2.2000,2.1400,2.1700,17019600
20131206,2.1900,2.2100,2.1500,2.1700,18004500
20131209,2.1800,2.2000,2.1700,2.1800,11805500
20131210,2.1700,2.1900,2.1600,2.1900,11421100
20131211,2.1300,2.1700,2.1200,2.1600,10761100
20131212,2.1300,2.1500,2.1200,2.1300,7513300
20131213,2.1300,2.1400,2.1100,2.1200,6851600
20131216,2.0800,2.1400,2.0800,2.1300,10681700
20131217,2.0700,2.0900,2.0600,2.0800,8917100
20131218,2.0700,2.0700,2.0700,2.0700,0
20131219,2.0700,2.0700,2.0700,2.0700,0
20131220,2.0700,2.0700,2.0700,2.0700,0
20131223,2.0700,2.0700,2.0700,2.0700,0
20131224,2.0700,2.0700,2.0700,2.0700,0
20131225,2.0700,2.0700,2.0700,2.0700,0
20131226,2.0700,2.0700,2.0700,2.0700,0
20131227,2.0700,2.0700,2.0700,2.0700,0
20131230,2.0700,2.0700,2.0700,2.0700,0
20131231,2.0700,2.0700,2.0700,2.0700,0
20140101,2.0700,2.0700,2.0700,2.0700,0
20140102,2.0700,2.0700,2.0700,2.0700,0
20140103,2.0700,2.0700,2.0700,2.0700,0
20140106,2.0700,2.0700,2.0700,2.0700,0
20140107,2.0700,2.0700,2.0700,2.0700,0
20140108,2.0700,2.0700,2.0700,2.0700,0
20140109,2.0700,2.0700,2.0700,2.0700,0
20140110,2.0700,2.0700,2.0700,2.0700,0
20140113,2.0700,2.0700,2.0700,2.0700,0
20140114,2.0700,2.0700,2.0700,2.0700,0
20140115,2.0700,2.0700,2.0700,2.0700,0
20140116,2.0700,2.0700,2.0700,2.0700,0
20140117,2.0700,2.0700,2.0700,2.0700,0
20140120,2.0700,2.0700,2.0700,2.0700,0
20140121,2.0700,2.0700,2.0700,2.0700,0
20140122,2.0700,2.0700,2.0700,2.0700,0
20140123,2.0700,2.0700,2.0700,2.0700,0
20140124,2.0700,2.0700,2.0700,2.0700,0
20140127,2.0700,2.0700,2.0700,2.0700,0
20140128,2.0700,2.0700,2.0700,2.0700,0
20140129,2.0700,2.0700,2.0700,2.0700,0
20140130,2.0700,2.0700,2.0700,2.0700,0
20140131,2.0700,2.0700,2.0700,2.0700,0
20140203,2.0700,2.0700,2.0700,2.0700,0
20140205,2.0700,2.0700,2.0700,2.0700,0
20140206,2.0700,2.0700,2.0700,2.0700,0
20140207,2.0700,2.0700,2.0700,2.0700,0
20140210,2.0700,2.0700,2.0700,2.0700,0
20140211,2.0700,2.0700,2.0700,2.0700,0
20140212,2.0700,2.0700,2.0700,2.0700,0
20140213,2.0700,2.0700,2.0700,2.0700,0
20140214,2.0700,2.0700,2.0700,2.0700,0
20140217,2.0700,2.0700,2.0700,2.0700,0
20140218,2.0700,2.0700,2.0700,2.0700,0
20140219,2.0700,2.0700,2.0700,2.0700,0
20140220,2.0700,2.0700,2.0700,2.0700,0
20140221,2.0700,2.0700,2.0700,2.0700,0
20140224,2.0700,2.0700,2.0700,2.0700,0
20140225,2.0700,2.0700,2.0700,2.0700,0
