20130226,4.7700,4.8400,4.5000,4.5600,10514700
20130227,4.8900,5.1800,4.7400,4.7600,14226700
20130228,4.8700,4.9000,4.7300,4.8300,7537900
20130301,5.3600,5.3600,4.8300,4.9000,25847100
20130304,5.3700,5.6400,5.1900,5.3600,30964400
20130305,5.4200,5.6800,5.2000,5.3500,20514400
20130306,5.4300,5.5700,5.3000,5.3800,12611400
20130307,5.8400,5.9700,5.2700,5.4200,29058300
20130308,5.6200,5.9500,5.5900,5.7900,18819700
20130311,5.6000,5.7000,5.4000,5.6800,13837400
20130312,5.3900,5.8500,5.2600,5.5800,14300400
20130313,5.2300,5.3800,5.1400,5.3300,8862400
20130314,5.2500,5.3100,5.2000,5.2400,4976300
20130315,5.3900,5.5400,5.1700,5.2900,8982100
20130318,5.3000,5.5100,5.2000,5.3300,7718400
20130319,5.3900,5.4500,5.2400,5.3100,6028600
20130320,5.5600,5.5800,5.3100,5.3800,7227800
20130321,5.6000,5.7300,5.5000,5.5500,10260700
20130322,5.4700,5.7300,5.4300,5.6000,8768000
20130325,5.4200,5.6000,5.4000,5.4700,6482800
20130326,5.2300,5.3800,5.1700,5.3800,8363200
20130327,5.2400,5.2800,5.1400,5.2100,4644700
20130328,4.9900,5.2000,4.9900,5.2000,6054200
20130329,5.1000,5.3300,5.0300,5.3300,3480300
20130401,5.0500,5.1400,5.0000,5.0500,3392500
20130402,5.0900,5.1000,5.0200,5.0500,3308600
20130403,4.9400,5.1400,4.9200,5.1100,3125700
20130404,4.9400,4.9400,4.9400,4.9400,0
20130405,4.9400,4.9400,4.9400,4.9400,0
20130408,4.8400,4.9000,4.7100,4.9000,3096900
20130409,4.9300,4.9800,4.8300,4.8300,2223300
20130410,5.0400,5.0500,4.8900,4.9300,2092100
20130411,4.9300,5.0500,4.9200,5.0300,1601200
20130412,4.7900,4.9600,4.7600,4.9200,1988000
20130415,4.7100,4.8200,4.6900,4.7600,1763100
20130416,4.8100,4.8200,4.6700,4.7000,1675000
20130417,4.9400,5.0000,4.7900,4.8300,3897000
20130418,4.9000,5.0400,4.8400,4.9400,3249000
20130419,4.9900,5.0100,4.8700,4.8800,3489900
20130422,5.0000,5.0200,4.9200,4.9200,2658100
20130423,4.7600,5.0300,4.7200,5.0000,3028600
20130424,4.8900,4.9200,4.6800,4.7400,2672000
20130425,4.6800,4.8400,4.6300,4.8300,4197300
20130426,4.6200,4.7800,4.5700,4.7000,3010600
20130429,4.6200,4.6200,4.6200,4.6200,0
20130430,4.6200,4.6200,4.6200,4.6200,0
20130501,4.6200,4.6200,4.6200,4.6200,0
20130502,4.6800,4.6800,4.5500,4.6300,1410300
20130503,4.7300,4.8100,4.6700,4.6800,1559400
20130506,4.7800,4.8100,4.7300,4.7400,2067400
20130507,4.8200,4.8300,4.7400,4.7900,1791800
20130508,4.8800,4.8900,4.7900,4.8000,2608500
20130509,4.8000,4.9300,4.7500,4.8700,3226400
20130510,4.7900,4.8300,4.6900,4.7800,3437500
20130513,4.7700,4.7900,4.7200,4.7500,1738100
20130514,5.2500,5.2500,4.7600,4.7900,6918000
20130515,5.4400,5.5500,5.3000,5.3200,23871900
20130516,5.4600,5.4700,5.2400,5.3600,12947800
20130517,5.4900,5.5800,5.3600,5.4400,13260400
20130520,5.5400,5.8500,5.4800,5.5400,13760700
20130521,5.4500,5.5800,5.4100,5.5800,10206100
20130522,5.6100,5.8600,5.4100,5.4500,15903600
20130523,5.4900,5.6300,5.4500,5.5200,6935800
20130524,5.6700,5.7800,5.4800,5.4900,9076600
20130527,5.6600,5.7200,5.5700,5.6500,7890600
20130528,5.7300,5.9500,5.6500,5.6800,13577000
20130529,5.8200,5.8800,5.6100,5.7300,9906500
20130530,6.0900,6.1500,5.6800,5.8100,17324500
20130531,5.9300,6.2900,5.9300,6.0100,17444100
20130603,5.8000,5.9700,5.7900,5.9500,7575200
20130604,5.6800,5.8600,5.5800,5.8000,6382000
20130605,5.7300,5.7500,5.5900,5.6800,4096400
20130606,5.4500,5.7500,5.3500,5.7500,6473300
20130607,5.5000,5.5300,5.3400,5.4500,3421000
20130610,5.5000,5.5000,5.5000,5.5000,0
20130611,5.5000,5.5000,5.5000,5.5000,0
20130612,5.5000,5.5000,5.5000,5.5000,0
20130613,5.2400,5.4400,5.1000,5.4400,4213300
20130614,5.2600,5.3400,5.2100,5.2500,2733600
20130617,5.3700,5.4100,5.1900,5.2700,3117500
20130618,5.3200,5.4200,5.2600,5.4000,2084900
20130619,5.2500,5.3100,5.1500,5.2800,2876700
20130620,5.0400,5.2400,5.0300,5.2000,2448600
20130621,4.9800,5.0000,4.8500,4.9800,2660800
20130624,4.5200,4.9700,4.4900,4.9700,3436200
20130625,4.4600,4.5600,4.0700,4.4000,4973500
20130626,4.5000,4.5700,4.4000,4.4200,3279800
20130627,4.3900,4.5500,4.3600,4.5200,3190300
20130628,4.3700,4.4700,4.2200,4.3600,1929000
20130701,4.4700,4.4800,4.3400,4.3700,2117800
20130702,4.6200,4.6700,4.4800,4.4800,4165800
20130703,4.6500,4.6600,4.4900,4.6300,3156000
20130704,4.7400,4.8500,4.6500,4.8200,5351400
20130705,4.6700,4.7700,4.6300,4.7000,3553300
20130708,4.3500,4.6000,4.3400,4.6000,3792800
20130709,4.3900,4.4200,4.2500,4.3300,1785700
20130710,4.8300,4.8300,4.3600,4.3900,7651100
20130711,4.8900,4.9400,4.7800,4.9200,8436400
20130712,4.9400,5.0000,4.8100,4.8500,5750800
20130715,4.9500,5.0000,4.8600,4.9300,4744000
20130716,4.9200,4.9500,4.8100,4.9500,4101700
20130717,4.7300,4.9200,4.7200,4.9200,3370700
20130718,4.7500,4.8500,4.6600,4.7300,2806800
20130719,4.4700,4.8000,4.4500,4.7600,3741700
20130722,4.5900,4.6000,4.3400,4.4600,2840300
20130723,4.7100,4.7400,4.5800,4.5800,3445000
20130724,4.6900,4.7100,4.5500,4.7100,3444600
20130725,4.8200,4.9000,4.6700,4.6900,5807000
20130726,4.7400,4.8000,4.6500,4.8000,2997600
20130729,4.5300,4.7200,4.5100,4.5800,2868700
20130730,4.5700,4.6200,4.4500,4.5300,2205600
20130731,4.6000,4.6500,4.5400,4.5700,1933200
20130801,4.7000,4.7500,4.5400,4.6200,3227500
20130802,4.7300,4.7800,4.6600,4.7100,2674100
20130805,4.8600,4.8800,4.6700,4.7300,4367200
20130806,5.0900,5.1800,4.7900,4.8600,8071000
20130807,4.9300,5.1200,4.9000,5.0500,5980200
20130808,4.9800,5.1100,4.9000,4.9400,6654400
20130809,5.0300,5.0800,4.9100,4.9700,5335900
20130812,5.1500,5.1800,5.0300,5.0500,7229800
20130813,5.2600,5.4000,5.0800,5.1500,7867900
20130814,5.2600,5.3500,5.1600,5.2300,7308900
20130815,5.1700,5.3800,5.1600,5.2600,6450100
20130816,4.9600,5.2600,4.9300,5.1100,7224200
20130819,5.2700,5.3000,4.9400,4.9400,8898500
20130820,5.2200,5.4000,5.1600,5.2000,7988400
20130821,5.2200,5.2700,5.1300,5.1900,4034700
20130822,5.4200,5.4900,5.1600,5.1600,9341600
20130823,5.2800,5.6900,5.1600,5.5300,12216600
20130826,5.8100,5.8100,5.2500,5.3100,17750600
20130827,6.1400,6.3900,5.9700,6.0800,38254900
20130828,6.6200,6.7500,6.0200,6.0600,47246300
20130829,6.4900,6.6800,6.2600,6.5000,33636300
20130830,6.6700,7.0400,6.4300,6.4900,36740000
20130902,6.2700,7.0000,6.0300,6.8500,24556400
20130903,6.3900,6.4700,6.1300,6.2000,14172200
20130904,6.6500,6.8800,6.2200,6.3900,28808500
20130905,6.3700,6.5200,6.2800,6.5000,16171000
20130906,7.0100,7.0100,6.3100,6.3300,28910200
20130909,6.9300,7.6500,6.9100,7.1800,44238500
20130910,7.1300,7.3200,6.7300,6.7300,33044800
20130911,7.0200,7.4800,6.7000,7.0400,25884000
20130912,6.9200,7.1500,6.8100,6.9100,12196000
20130913,6.6500,6.9900,6.5000,6.9100,16069200
20130916,6.6700,6.8800,6.5100,6.6100,10435300
20130917,6.2300,6.6200,6.1600,6.6200,13684600
20130918,6.3200,6.5000,6.2100,6.2100,10249500
20130920,6.3200,6.3200,6.3200,6.3200,0
20130923,6.4500,6.6100,6.3300,6.3300,9441100
20130924,6.6700,6.8100,6.2500,6.4800,17060500
20130925,6.8700,7.0000,6.5000,6.6100,25073700
20130926,6.2200,6.7600,6.1800,6.7500,17610400
20130927,5.9300,6.1800,5.8300,6.0600,8692900
20130930,6.0700,6.1400,5.9600,5.9800,4782500
20131001,6.0700,6.0700,6.0700,6.0700,0
20131002,6.0700,6.0700,6.0700,6.0700,0
20131003,6.0700,6.0700,6.0700,6.0700,0
20131004,6.0700,6.0700,6.0700,6.0700,0
20131007,6.0700,6.0700,6.0700,6.0700,0
20131008,6.1700,6.3200,6.1200,6.2700,6664200
20131009,6.3800,6.4100,6.0200,6.1500,10731200
20131010,6.2200,6.3200,6.2000,6.2700,8271300
20131011,6.4900,6.5200,6.2100,6.2200,13212800
20131014,6.5000,6.6800,6.4500,6.5200,11670400
20131015,6.4100,6.5000,6.2100,6.5000,9018600
20131016,6.0200,6.3600,5.9600,6.3600,7905700
20131017,6.0100,6.1600,5.9000,6.1000,5506300
20131018,6.0100,6.1200,5.9000,5.9800,4089100
20131021,6.2400,6.3100,6.0100,6.0600,7158300
20131022,6.0900,6.2600,6.0700,6.2000,5766600
20131023,6.0000,6.2000,5.9100,6.0800,4281900
20131024,5.9900,6.1700,5.9500,6.0100,3231000
20131025,5.6900,6.0300,5.6000,5.9800,5711800
20131028,5.7500,5.8500,5.5600,5.7200,3361000
20131029,5.4900,5.8400,5.2800,5.7300,5416100
20131030,5.5000,5.6200,5.4500,5.5200,5962000
20131031,5.3200,5.5200,5.2600,5.4800,6726800
20131101,5.2800,5.3800,5.1800,5.2700,4329900
20131104,5.3400,5.3700,5.2400,5.2800,3850700
20131105,5.4400,5.4400,5.2400,5.3200,4364000
20131106,5.3600,5.4900,5.3500,5.4400,3138600
20131107,5.2300,5.3500,5.2000,5.3500,3282400
20131108,5.2800,5.3300,5.1500,5.2100,2709400
20131111,5.2200,5.2800,5.1500,5.2500,2394400
20131112,5.3200,5.3200,5.1900,5.2100,3183700
20131113,5.0800,5.3000,5.0600,5.3000,4396300
20131114,5.1200,5.1200,5.0100,5.0600,2719000
20131115,5.2900,5.3600,5.0700,5.0800,5547100
20131118,5.4300,5.4400,5.2700,5.3000,5038600
20131119,5.6800,5.7700,5.3400,5.4000,10721000
20131120,5.6300,5.6700,5.5600,5.6500,4897500
20131121,5.5800,5.6500,5.5100,5.6000,4128700
20131122,5.4700,5.6000,5.4300,5.5800,3962000
20131125,5.6700,5.7800,5.4500,5.4900,6677000
20131126,5.5900,5.6900,5.5400,5.6800,3882800
20131127,5.6900,5.7300,5.5500,5.5900,4938300
20131128,5.7100,5.8500,5.6600,5.7100,6332600
20131129,5.7300,5.7700,5.6500,5.6900,3996100
20131202,5.3900,5.6500,5.1800,5.6000,5856400
20131203,5.5100,5.5400,5.3000,5.3000,3221100
20131204,5.7000,5.8400,5.5000,5.5300,8691500
20131205,5.7700,5.9500,5.7200,5.7500,8034400
20131206,5.8600,5.9600,5.6900,5.7500,7741700
20131209,6.0800,6.1300,5.9100,5.9300,10179200
20131210,6.3500,6.6900,6.1600,6.1700,21503800
20131211,6.6600,6.9800,6.0800,6.2000,24789200
20131212,6.5500,6.8400,6.4600,6.6000,15217700
20131213,6.3400,6.6100,6.2900,6.5000,9605300
20131216,6.0400,6.4100,6.0100,6.3500,10017800
20131217,6.0200,6.1500,5.9800,6.0300,5381200
20131218,6.0800,6.2400,6.0200,6.0700,5734500
20131219,5.8700,6.1800,5.8000,6.1200,5930300
20131220,5.9000,6.0900,5.8500,5.8700,4706700
20131223,5.6900,5.9600,5.3300,5.9000,5389600
20131224,5.6500,5.7400,5.5500,5.6900,2979200
20131225,5.7000,5.7800,5.5900,5.6600,3149600
20131226,5.5500,5.7100,5.5000,5.6800,3515400
20131227,5.7800,5.8100,5.5500,5.5800,4915900
20131230,6.0400,6.0900,5.8000,5.8000,5802100
20131231,6.1600,6.2200,5.8700,6.0000,6009100
20140101,6.1600,6.1600,6.1600,6.1600,0
20140102,6.0800,6.2300,6.0300,6.1500,4696900
20140103,5.8600,6.1200,5.5200,6.0800,4957900
20140106,5.6600,5.8600,5.5900,5.8600,3272300
20140107,5.6800,5.8000,5.6000,5.6000,2200700
20140108,5.5600,5.7200,5.5100,5.6800,3647800
20140109,5.5400,5.6500,5.4600,5.5400,2873400
20140110,5.4900,5.5600,5.3600,5.5200,2324900
20140113,5.3300,5.5300,5.2800,5.4600,3433800
20140114,5.4300,5.4300,5.2600,5.2700,2069400
20140115,5.4000,5.4300,5.3100,5.4100,1858900
20140116,5.4500,5.4800,5.3600,5.4400,2418500
20140117,5.2800,5.4600,5.2500,5.4500,2192200
20140120,5.2800,5.3500,5.2100,5.2400,1336700
20140121,5.3500,5.3600,5.2600,5.2800,1329000
20140122,5.5200,5.5400,5.3000,5.3800,2633700
20140123,5.4900,5.5400,5.4400,5.4900,2034000
20140124,5.5800,5.6000,5.4500,5.4500,2396600
20140127,5.5600,5.6200,5.4500,5.5200,2758100
20140128,5.6200,5.6300,5.5000,5.5600,2751600
20140129,5.6100,5.6500,5.5300,5.6400,2605900
20140130,6.1700,6.1700,5.5000,5.5600,9633000
20140131,6.1700,6.1700,6.1700,6.1700,0
20140203,6.1700,6.1700,6.1700,6.1700,0
20140205,6.1700,6.1700,6.1700,6.1700,0
20140206,6.1700,6.1700,6.1700,6.1700,0
20140207,6.2700,6.3200,6.1300,6.2000,13218600
20140210,6.3300,6.4000,6.1500,6.2100,9096300
20140211,6.2300,6.5800,6.1700,6.3300,10715300
20140212,6.2700,6.3400,6.0300,6.1800,8815600
20140213,6.3600,6.5700,6.1600,6.2500,14670400
20140214,6.3800,6.5200,6.3200,6.4900,7867700
20140217,6.4700,6.5100,6.2500,6.3800,11062900
20140218,6.4100,6.4500,6.3200,6.4400,8231900
20140219,6.7200,6.7200,6.3600,6.4100,16047200
20140220,6.3000,6.8800,6.2700,6.6900,12250600
20140221,6.2000,6.3300,6.0700,6.2600,8689200
20140224,6.2400,6.2500,6.0800,6.1700,4091600
20140225,5.8800,6.2900,5.8100,6.2600,6684200
