20130226,4.4900,4.5900,4.4800,4.5400,5821400
20130227,4.5200,4.5600,4.4900,4.4900,3377300
20130228,4.6100,4.6200,4.5100,4.5200,7699900
20130301,4.6600,4.7400,4.6000,4.6200,9139200
20130304,4.3200,4.5700,4.2600,4.5700,12669800
20130305,4.3600,4.3700,4.2800,4.3200,5224800
20130306,4.4000,4.4100,4.3200,4.3600,5963400
20130307,4.4000,4.4800,4.3300,4.4000,7777300
20130308,4.3800,4.4300,4.3600,4.4000,4926400
20130311,4.3400,4.4000,4.3100,4.4000,3540800
20130312,4.2500,4.3900,4.1400,4.3300,6992900
20130313,4.2400,4.2900,4.1800,4.2300,4404600
20130314,4.3500,4.4400,4.2000,4.2400,6626100
20130315,4.2700,4.3600,4.2300,4.3500,4598500
20130318,4.2000,4.3000,4.1800,4.2900,3093200
20130319,4.2100,4.2300,4.1300,4.2000,2629400
20130320,4.3100,4.3300,4.2000,4.2100,4730700
20130321,4.3700,4.4300,4.2800,4.3100,8032400
20130322,4.3800,4.4300,4.3000,4.3600,6431000
20130325,4.3600,4.4100,4.3200,4.3800,4085900
20130326,4.2900,4.3700,4.2700,4.3400,5004200
20130327,4.3300,4.3600,4.2800,4.2900,3881500
20130328,4.1600,4.3100,4.1200,4.3100,5248700
20130329,4.1900,4.2200,4.1500,4.1700,2263900
20130401,4.1900,4.2500,4.1500,4.1800,2797400
20130402,4.1700,4.2300,4.1500,4.1900,3656000
20130403,4.0800,4.2000,4.0800,4.1700,3870400
20130404,4.0800,4.0800,4.0800,4.0800,0
20130405,4.0800,4.0800,4.0800,4.0800,0
20130408,3.9500,4.0600,3.8500,4.0600,4169000
20130409,4.0600,4.0700,3.9400,3.9400,5651100
20130410,4.0200,4.0400,3.9900,4.0300,3489200
20130411,4.0400,4.1300,4.0200,4.0300,4166900
20130412,4.0400,4.0900,4.0000,4.0000,2394200
20130415,4.0500,4.1300,4.0100,4.0400,2939300
20130416,4.0900,4.0900,3.9400,4.0000,3891700
20130417,4.1200,4.1400,4.0700,4.1000,3271000
20130418,4.1100,4.1500,4.0700,4.1100,3078500
20130419,4.1500,4.1600,4.0900,4.1000,5337200
20130422,4.0800,4.1300,4.0600,4.1300,3792400
20130423,3.9700,4.1000,3.9600,4.0800,3964600
20130424,4.0300,4.0500,3.9600,4.0000,2249800
20130425,3.9400,4.0500,3.9300,4.0500,3545700
20130426,3.8500,3.9600,3.8300,3.9400,3414400
20130429,3.8500,3.8500,3.8500,3.8500,0
20130430,3.8500,3.8500,3.8500,3.8500,0
20130501,3.8500,3.8500,3.8500,3.8500,0
20130502,3.8700,3.9100,3.8500,3.8500,1934700
20130503,3.9500,3.9600,3.8700,3.8700,2598600
20130506,3.9900,4.0100,3.9500,3.9500,2810900
20130507,4.0000,4.0400,3.9800,4.0100,2583900
20130508,4.1200,4.1300,3.9800,4.0000,6404400
20130509,4.0500,4.1200,4.0300,4.0500,4643200
20130510,4.1500,4.3500,4.1400,4.1700,10220200
20130513,4.1000,4.1700,4.0800,4.1000,4501100
20130514,4.3000,4.3400,4.0600,4.1300,14451100
20130515,4.2900,4.3300,4.2200,4.2800,8098100
20130516,4.3000,4.3100,4.2100,4.2700,8356500
20130517,4.3300,4.4000,4.3100,4.3100,9423100
20130520,4.3300,4.3500,4.2500,4.3000,7303800
20130521,4.4400,4.5300,4.2800,4.3100,14210800
20130522,4.4000,4.4400,4.3500,4.4000,9001200
20130523,4.5500,4.7200,4.4100,4.4700,25194700
20130524,4.5000,4.5600,4.4600,4.4600,8507400
20130527,4.4400,4.5600,4.4100,4.5100,9293100
20130528,4.7000,4.7700,4.4200,4.4500,28355500
20130529,4.7200,4.7800,4.6500,4.7300,18666000
20130530,4.7000,4.7500,4.6500,4.6900,7935300
20130531,4.6800,4.8000,4.6400,4.6700,9558400
20130603,4.6200,4.7500,4.6200,4.6900,5609600
20130604,4.5600,4.6400,4.4500,4.6200,9032200
20130605,4.4800,4.5400,4.4200,4.5400,3921100
20130606,4.4000,4.4700,4.3800,4.4200,4724900
20130607,4.4200,4.4400,4.3100,4.4000,4342900
20130610,4.4200,4.4200,4.4200,4.4200,0
20130611,4.4200,4.4200,4.4200,4.4200,0
20130612,4.4200,4.4200,4.4200,4.4200,0
20130613,4.2600,4.3800,4.1900,4.3800,2957800
20130614,4.3000,4.3300,4.2600,4.2800,2610000
20130617,4.4000,4.7300,4.3700,4.5600,10696800
20130618,4.4000,4.4200,4.2500,4.3500,7370300
20130619,4.4800,4.4900,4.2700,4.3600,5794600
20130620,4.4800,4.7300,4.4300,4.5400,15964600
20130621,4.5700,4.5800,4.3100,4.3100,9068000
20130624,4.3300,4.7000,4.2300,4.6200,14402700
20130625,4.0400,4.2400,3.9000,4.2300,26304600
20130626,3.9000,4.0200,3.8000,4.0000,16358800
20130627,3.8900,4.0500,3.8600,3.9000,12018700
20130628,3.8800,3.9800,3.8100,3.8900,7167900
20130701,3.9000,3.9300,3.8000,3.8800,7091100
20130702,4.0000,4.0600,3.8900,3.9700,11473700
20130703,3.9100,3.9800,3.8000,3.9800,11326600
20130704,3.9200,4.0300,3.8600,3.9500,13781900
20130705,4.3100,4.3100,3.8900,3.9000,24392700
20130708,4.1600,4.4400,4.1400,4.3100,33662900
20130709,4.0800,4.0900,3.9100,4.0000,20791800
20130710,4.2700,4.4800,4.1800,4.2200,31476700
20130711,4.3400,4.4000,4.1800,4.1900,22743200
20130712,4.2500,4.4100,4.2400,4.3300,14355100
20130715,4.3300,4.4300,4.1600,4.2400,15393400
20130716,4.3200,4.3500,4.2300,4.3000,8365500
20130717,4.4000,4.4600,4.2900,4.3400,22338700
20130718,4.4300,4.6500,4.3000,4.3500,24711200
20130719,4.1300,4.4300,4.1000,4.4100,19178100
20130722,4.1200,4.1600,4.0100,4.0900,10782900
20130723,4.1700,4.2000,4.0600,4.1100,9252200
20130724,4.1000,4.1800,4.0700,4.1700,8145600
20130725,4.0700,4.1300,4.0000,4.1000,7219000
20130726,4.0900,4.1500,4.0200,4.0700,5039000
20130729,4.0400,4.1200,4.0200,4.0900,4673900
20130730,4.0600,4.1100,3.9600,4.0600,6109500
20130731,4.0700,4.1600,4.0600,4.1100,4260600
20130801,4.1200,4.1300,4.0500,4.0600,5376800
20130802,4.1200,4.1800,4.1000,4.1400,6413400
20130805,4.1500,4.1600,4.0900,4.1200,5104700
20130806,4.2000,4.2300,4.1000,4.1600,8250300
20130807,4.2200,4.3400,4.1600,4.2000,13685600
20130808,4.1500,4.2600,4.1100,4.2000,8655600
20130809,4.1300,4.2000,4.0900,4.1500,5357500
20130812,4.2000,4.2100,4.1200,4.1300,5480600
20130813,4.2600,4.3300,4.1700,4.2100,10649600
20130814,4.2800,4.3400,4.2200,4.2400,11828900
20130815,4.1900,4.3000,4.1700,4.2800,7817600
20130816,4.1300,4.2900,4.1100,4.1600,8907800
20130819,4.1700,4.1800,4.1100,4.1300,3768200
20130820,4.1300,4.2000,4.1100,4.1700,5086400
20130821,4.1600,4.1700,4.1200,4.1400,3862700
20130822,4.1500,4.2200,4.1100,4.1500,5195200
20130823,4.1300,4.2200,4.0800,4.1500,5918600
20130826,4.3000,4.3100,4.1100,4.1300,14735900
20130827,4.3900,4.4200,4.2500,4.2800,19541900
20130828,4.3800,4.5000,4.2700,4.3300,20878100
20130829,4.8200,4.8200,4.4300,4.4300,67220600
20130830,5.3000,5.3000,4.7800,4.8500,80550200
20130902,4.7700,5.3600,4.7700,5.2900,50472700
20130903,4.6000,4.6600,4.4900,4.6300,34530500
20130904,4.6000,4.7400,4.5700,4.5700,24864300
20130905,4.5100,4.7600,4.4700,4.6800,28767800
20130906,4.5700,4.6200,4.4400,4.4800,24354700
20130909,4.6400,4.7000,4.5100,4.5700,27430900
20130910,4.7700,4.8200,4.6100,4.6500,33295100
20130911,4.6600,4.9300,4.6200,4.8000,24748700
20130912,4.7600,4.8900,4.5200,4.6100,27884100
20130913,4.7800,4.8600,4.6700,4.7000,21590100
20130916,4.7400,4.8000,4.6600,4.7600,14759500
20130917,4.5100,4.7400,4.5000,4.7300,13964800
20130918,4.5200,4.5700,4.4500,4.4900,9683900
20130920,4.5200,4.5200,4.5200,4.5200,0
20130923,4.5700,4.5800,4.4800,4.5600,10901900
20130924,4.7200,4.7400,4.5000,4.5600,20346000
20130925,4.5700,4.7300,4.5500,4.6900,15700500
20130926,4.4100,4.5700,4.4000,4.5700,10558900
20130927,4.4600,4.5000,4.4100,4.4300,5601000
20130930,4.5200,4.5500,4.4400,4.4600,5468600
20131001,4.5200,4.5200,4.5200,4.5200,0
20131002,4.5200,4.5200,4.5200,4.5200,0
20131003,4.5200,4.5200,4.5200,4.5200,0
20131004,4.5200,4.5200,4.5200,4.5200,0
20131007,4.5200,4.5200,4.5200,4.5200,0
20131008,4.9700,4.9700,4.4800,4.5400,43882100
20131009,5.1400,5.4400,4.9300,5.0000,68118304
20131010,5.1000,5.6100,5.0800,5.6100,49824300
20131011,5.4300,5.4900,5.1000,5.1600,56486400
20131014,5.2100,5.3100,5.1300,5.3000,37388700
20131015,5.0900,5.1600,4.9300,5.1600,28045700
20131016,4.8500,5.0900,4.8100,5.0600,19636900
20131017,4.8000,4.9400,4.7700,4.8800,13436600
20131018,4.8500,4.9300,4.7300,4.8300,10887800
20131021,4.9500,4.9600,4.8100,4.8900,12288600
20131022,5.4500,5.4500,5.0800,5.0800,68323296
20131023,5.1300,5.5000,5.0400,5.5000,43844300
20131024,4.9500,5.0800,4.8500,5.0800,16729300
20131025,4.9800,5.0300,4.8800,4.9200,12370300
20131028,4.8300,4.9900,4.7600,4.9200,12810500
20131029,4.7300,4.8000,4.4500,4.8000,17200300
20131030,5.0200,5.1000,4.6200,4.6800,20841300
20131031,4.8900,5.1600,4.8500,4.9200,20040300
20131101,4.9600,5.0200,4.7000,4.8100,14484200
20131104,5.0000,5.1200,4.8700,4.9300,16800100
20131105,5.1500,5.2300,4.9200,4.9800,23468100
20131106,4.8900,5.1700,4.8800,5.0700,20053800
20131107,4.8200,4.9500,4.8000,4.8800,10194800
20131108,4.9100,4.9600,4.7200,4.8000,10015900
20131111,4.9300,4.9400,4.7300,4.8400,8780400
20131112,5.2800,5.4200,5.0300,5.1900,60320700
20131113,4.9900,5.1600,4.8500,5.0800,41804600
20131114,5.0800,5.0800,4.8900,4.9400,21542600
20131115,5.2800,5.3800,5.0500,5.1000,37417600
20131118,5.3700,5.4200,5.1900,5.3300,35446100
20131119,5.2600,5.4000,5.1900,5.3400,27814400
20131120,5.5300,5.7500,5.2100,5.2100,46006200
20131121,5.6900,5.9900,5.4500,5.4800,57835300
20131122,5.3500,5.7200,5.3300,5.7100,35749200
20131125,5.4000,5.6500,5.3500,5.3800,24723300
20131126,5.3000,5.4900,5.2200,5.4200,19570800
20131127,5.3500,5.3500,5.2100,5.2800,13498800
20131128,5.3500,5.4300,5.3300,5.3400,13356200
20131129,5.3400,5.4000,5.2700,5.3600,11904300
20131202,5.1300,5.3300,4.8700,5.1800,24420900
20131203,5.2600,5.2700,5.0000,5.0800,16177800
20131204,5.4300,5.5700,5.2600,5.2700,29364600
20131205,5.3300,5.4300,5.2900,5.3900,15032200
20131206,5.2900,5.4300,5.2600,5.3000,10586200
20131209,5.2300,5.3300,5.2100,5.2800,8549900
20131210,5.2600,5.3200,5.1800,5.2300,12112100
20131211,5.2400,5.4300,5.1900,5.2600,16955500
20131212,5.1900,5.2600,5.0800,5.1500,13908700
20131213,5.3000,5.3400,5.1400,5.1900,13563400
20131216,5.1700,5.4400,5.1500,5.4200,15058700
20131217,5.1100,5.2400,5.1000,5.1300,9019900
20131218,5.0000,5.2000,4.9600,5.1000,10443100
20131219,4.8800,5.0700,4.8500,5.0100,10975500
20131220,4.8300,4.9200,4.7500,4.8800,7293100
20131223,4.7000,4.8600,4.6300,4.8300,6493600
20131224,4.7500,4.8000,4.6900,4.7200,5376200
20131225,4.7900,4.8000,4.7100,4.7600,5250300
20131226,4.6500,4.8000,4.6400,4.7700,5121300
20131227,4.8400,4.8500,4.6600,4.6700,8498800
20131230,4.8700,4.9600,4.8000,4.8900,9811300
20131231,4.8700,4.9900,4.8300,4.8600,6377700
20140101,4.8700,4.8700,4.8700,4.8700,0
20140102,4.8100,4.9000,4.7800,4.8800,5261800
20140103,4.6800,4.8200,4.6700,4.8200,5918700
20140106,4.4500,4.6700,4.4200,4.6600,7585500
20140107,4.4500,4.5200,4.4200,4.4600,4872700
20140108,4.3300,4.4900,4.2900,4.4500,6635700
20140109,4.3000,4.4000,4.2900,4.3400,4850400
20140110,4.2400,4.3600,4.2200,4.3000,4454500
20140113,4.2000,4.2900,4.1500,4.2600,3660600
20140114,4.3200,4.3300,4.1300,4.2100,5462500
20140115,4.2600,4.3100,4.2300,4.2900,4285600
20140116,4.3400,4.4400,4.2300,4.2300,6852400
20140117,4.2800,4.3300,4.2500,4.3100,4451700
20140120,4.3000,4.3600,4.2300,4.2600,3231900
20140121,4.3700,4.4100,4.2900,4.2900,4088400
20140122,4.4800,4.4800,4.3400,4.3500,6181900
20140123,4.4300,4.4900,4.4200,4.4800,4877000
20140124,4.6100,4.6700,4.4400,4.4500,12162400
20140127,4.4800,4.5600,4.4600,4.5100,6765100
20140128,4.5300,4.5400,4.4400,4.4700,4544500
20140129,4.5100,4.5500,4.4600,4.5100,4043000
20140130,4.4700,4.5100,4.4300,4.5000,3393400
20140131,4.4700,4.4700,4.4700,4.4700,0
20140203,4.4700,4.4700,4.4700,4.4700,0
20140205,4.4700,4.4700,4.4700,4.4700,0
20140206,4.4700,4.4700,4.4700,4.4700,0
20140207,4.6000,4.6700,4.3900,4.4500,6208100
20140210,4.6600,4.7300,4.5500,4.6000,9915700
20140211,4.7500,4.8000,4.6100,4.6200,12749900
20140212,4.9700,5.1600,4.7700,4.8500,24125300
20140213,4.7600,4.9500,4.7600,4.8900,12528200
20140214,4.8100,4.8600,4.7200,4.7400,8178800
20140217,4.8200,4.8500,4.7200,4.8200,8356900
20140218,5.0300,5.0800,4.7000,4.8200,23171100
20140219,4.9500,5.0700,4.8600,4.9400,18100600
20140220,4.8400,4.9900,4.8300,4.9200,9758300
20140221,4.8600,4.9900,4.8000,4.8400,8088400
20140224,4.6000,4.8300,4.5600,4.8200,10995400
20140225,4.4300,4.7400,4.3800,4.6100,11408100
