20130226,4.1700,4.2700,4.1100,4.2400,14328700
20130227,4.1100,4.2000,4.0600,4.1700,11033500
20130228,4.1800,4.2000,4.0900,4.0900,8208000
20130301,4.2200,4.2300,4.1300,4.1700,9492000
20130304,4.2600,4.3500,4.1800,4.2700,15977800
20130305,4.4000,4.4900,4.2500,4.2600,30637300
20130306,4.5700,4.7000,4.4200,4.4800,32129300
20130307,4.5700,4.6300,4.4800,4.5200,21344000
20130308,4.4900,4.6300,4.4800,4.5700,14313100
20130311,4.6300,4.6600,4.4100,4.4100,20862000
20130312,4.6700,4.8100,4.5600,4.6300,32620800
20130313,4.4800,4.6600,4.4500,4.6100,18338200
20130314,4.4000,4.4700,4.3600,4.4000,9446100
20130315,4.3500,4.5000,4.3200,4.4000,11752300
20130318,4.4600,4.5100,4.3200,4.3300,28597800
20130319,4.5700,4.7000,4.4700,4.4900,22701800
20130320,4.6000,4.6300,4.4700,4.5500,16407400
20130321,4.5900,4.6300,4.5300,4.6000,9386500
20130322,4.5600,4.6500,4.4900,4.6100,10539800
20130325,4.5100,4.5700,4.4600,4.5500,5634400
20130326,4.4800,4.5500,4.4300,4.4800,7252400
20130327,4.5400,4.5400,4.4400,4.5000,9753100
20130328,4.3200,4.5500,4.2000,4.5000,24591100
20130329,4.3400,4.4100,4.2200,4.3900,13443100
20130401,4.3600,4.4300,4.2600,4.2700,9404300
20130402,4.3500,4.4500,4.3300,4.3600,9510200
20130403,4.3500,4.4100,4.3000,4.4000,14394000
20130404,4.3500,4.3500,4.3500,4.3500,0
20130405,4.3500,4.3500,4.3500,4.3500,0
20130408,4.3500,4.3800,4.2200,4.2900,12423800
20130409,4.3800,4.4600,4.3300,4.3800,11538800
20130410,4.4500,4.5200,4.3500,4.3500,12122000
20130411,4.5200,4.5200,4.4400,4.4500,13337400
20130412,4.3600,4.5800,4.3200,4.5000,13530800
20130415,4.3400,4.4100,4.3000,4.3400,6434300
20130416,4.1700,4.4000,4.1400,4.4000,33536700
20130417,4.1600,4.1700,4.0000,4.1600,27337500
20130418,4.1500,4.1600,4.0400,4.0900,11415600
20130419,4.2500,4.2600,4.1100,4.1300,13335300
20130422,4.2100,4.2300,4.1600,4.2200,13273800
20130423,4.1000,4.2100,4.0700,4.1800,12194700
20130424,4.1700,4.2000,4.1000,4.1200,10252800
20130425,4.2400,4.3000,4.1400,4.1800,15489200
20130426,4.1500,4.2900,4.1300,4.2800,7370900
20130429,4.1500,4.1500,4.1500,4.1500,0
20130430,4.1500,4.1500,4.1500,4.1500,0
20130501,4.1500,4.1500,4.1500,4.1500,0
20130502,4.2000,4.2200,4.0000,4.0800,10181800
20130503,4.2500,4.3100,4.2100,4.2100,9398700
20130506,4.2800,4.3100,4.2400,4.2500,13210800
20130507,4.3300,4.3500,4.2300,4.2300,11490700
20130508,4.3000,4.3800,4.3000,4.3600,7290000
20130509,4.3000,4.3200,4.2400,4.2800,9117300
20130510,4.2700,4.3500,4.2000,4.2600,11952600
20130513,4.2500,4.2900,4.2200,4.2800,9346700
20130514,4.1500,4.2600,4.1100,4.2300,14099500
20130515,4.1300,4.1600,4.1000,4.1500,5474600
20130516,4.1600,4.1600,4.1000,4.1200,26150100
20130517,4.3100,4.3200,4.1300,4.1600,39260600
20130520,4.3400,4.4000,4.2400,4.3200,36518500
20130521,4.2400,4.3700,4.2100,4.3200,41300800
20130522,4.0400,4.2200,3.9600,4.2200,88791504
20130523,3.9800,4.0300,3.9500,4.0200,29748800
20130524,3.9800,4.0100,3.9200,4.0000,24380400
20130527,3.9500,3.9800,3.9200,3.9800,19056800
20130528,4.0200,4.0200,3.9300,3.9500,21613700
20130529,4.0300,4.0400,4.0000,4.0300,25676600
20130530,3.9700,4.0300,3.9700,4.0300,14848500
20130531,3.9200,4.0000,3.9100,3.9600,23939700
20130603,3.9500,4.0000,3.9200,3.9200,13677100
20130604,3.8800,3.9600,3.8600,3.9500,15756400
20130605,3.9000,3.9400,3.8700,3.8800,11435800
20130606,3.8500,3.9000,3.8400,3.9000,9835000
20130607,3.7900,3.8800,3.7600,3.8600,8971900
20130610,3.7900,3.7900,3.7900,3.7900,0
20130611,3.7900,3.7900,3.7900,3.7900,0
20130612,3.7900,3.7900,3.7900,3.7900,0
20130613,3.5000,3.7500,3.4600,3.7500,23860400
20130614,3.4600,3.5300,3.4100,3.5100,21883700
20130617,3.4400,3.4800,3.4300,3.4700,14090500
20130618,3.4400,3.4600,3.4200,3.4600,10800600
20130619,3.3600,3.4300,3.2800,3.4200,21510800
20130620,3.2900,3.3300,3.2700,3.3300,13780700
20130621,3.3100,3.3200,3.2200,3.2600,13217400
20130624,3.1100,3.3000,3.1000,3.3000,19228600
20130625,3.0800,3.1200,2.8100,3.0300,23546200
20130626,3.0400,3.1000,2.9600,3.0800,18592300
20130627,3.1600,3.2300,3.0500,3.0600,30235400
20130628,3.1500,3.2100,3.1100,3.1500,21885700
20130701,3.1900,3.2000,3.1200,3.1500,12498400
20130702,3.1900,3.2000,3.1600,3.1900,8895200
20130703,2.9900,3.1700,2.8800,3.1700,83055296
20130704,2.9500,2.9800,2.8500,2.9300,63785900
20130705,2.9900,3.0200,2.9000,2.9500,46963100
20130708,2.8700,2.9500,2.8600,2.9500,33152800
20130709,2.8900,2.9300,2.8600,2.8800,22668200
20130710,2.9700,2.9700,2.8900,2.9000,28916500
20130711,3.1600,3.1700,2.9800,2.9800,63648200
20130712,3.1300,3.2800,3.1000,3.1900,60826600
20130715,3.1500,3.2000,3.1200,3.1200,30724700
20130716,3.1200,3.1500,3.0200,3.1500,51728900
20130717,3.0800,3.1300,3.0500,3.1000,38670500
20130718,3.0200,3.0800,3.0100,3.0800,42143900
20130719,3.0500,3.1300,3.0000,3.1000,76417296
20130722,2.9600,3.0300,2.9300,3.0300,35479300
20130723,3.0200,3.0300,2.9300,2.9800,44300700
20130724,2.9800,3.0100,2.9300,3.0000,37684500
20130725,2.9500,2.9800,2.9300,2.9700,30947500
20130726,2.9400,2.9700,2.9200,2.9400,25778800
20130729,2.8800,2.9300,2.8500,2.9300,34855200
20130730,2.9200,2.9600,2.8700,2.8700,30169500
20130731,2.9300,2.9700,2.9000,2.9500,22299300
20130801,2.9800,2.9800,2.9200,2.9400,37776000
20130802,3.0000,3.0200,2.9700,2.9900,38513900
20130805,3.0200,3.0300,2.9800,3.0000,32337900
20130806,3.1900,3.2800,2.9900,3.0200,93188096
20130807,3.1500,3.2400,3.1300,3.1800,54160300
20130808,3.1300,3.1800,3.1100,3.1500,27761000
20130809,3.1500,3.1700,3.0700,3.1400,39543300
20130812,3.2000,3.2000,3.1300,3.1500,38497400
20130813,3.2300,3.3000,3.2000,3.2000,38909800
20130814,3.1800,3.2400,3.1600,3.2300,29755600
20130815,3.1600,3.2300,3.1400,3.1800,25843500
20130816,3.1300,3.4800,3.1200,3.1500,58644700
20130819,3.1100,3.1300,3.0800,3.1000,28142000
20130820,3.1200,3.1700,3.0900,3.1100,26240400
20130821,3.1200,3.1300,3.1000,3.1200,16088300
20130822,3.0900,3.1400,3.0700,3.1100,25541500
20130823,3.0200,3.1000,2.9800,3.0900,27737800
20130826,3.0600,3.0700,3.0100,3.0300,25679400
20130827,3.0700,3.0700,3.0300,3.0500,20443400
20130828,3.0500,3.0700,3.0200,3.0400,27768400
20130829,3.0700,3.0800,3.0400,3.0500,23142300
20130830,3.1200,3.1600,3.0400,3.0700,52326200
20130902,3.1500,3.1700,3.1100,3.1300,31506600
20130903,3.1700,3.1800,3.1300,3.1500,36229800
20130904,3.1500,3.1700,3.1300,3.1600,27237800
20130905,3.0900,3.1600,3.0700,3.1500,26502600
20130906,3.0700,3.1100,3.0600,3.0800,27293900
20130909,3.1300,3.1600,3.0600,3.0700,45135800
20130910,3.2500,3.2500,3.1400,3.1500,72602304
20130911,3.3300,3.4400,3.2600,3.2700,107156600
20130912,3.3400,3.3700,3.2500,3.3300,71721104
20130913,3.2700,3.3200,3.2600,3.3100,42278700
20130916,3.2400,3.3000,3.2200,3.2900,33223700
20130917,3.1700,3.2600,3.1600,3.2400,25444800
20130918,3.2000,3.2100,3.1500,3.1700,21744600
20130920,3.2000,3.2000,3.2000,3.2000,0
20130923,3.2300,3.2400,3.1800,3.2000,25833500
20130924,3.1700,3.2200,3.1500,3.2200,23347000
20130925,3.1400,3.1700,3.1200,3.1600,21982200
20130926,3.0500,3.1300,3.0400,3.1200,24810000
20130927,3.0600,3.0700,3.0300,3.0500,16680300
20130930,3.0900,3.1000,3.0500,3.0700,10785200
20131001,3.0900,3.0900,3.0900,3.0900,0
20131002,3.0900,3.0900,3.0900,3.0900,0
20131003,3.0900,3.0900,3.0900,3.0900,0
20131004,3.0900,3.0900,3.0900,3.0900,0
20131007,3.0900,3.0900,3.0900,3.0900,0
20131008,3.1300,3.1400,3.0600,3.0900,16446000
20131009,3.1400,3.1400,3.1000,3.1200,14969900
20131010,3.0800,3.1400,3.0600,3.1400,20509300
20131011,3.1100,3.1400,3.0800,3.1000,20283100
20131014,3.1500,3.1600,3.1100,3.1200,23431300
20131015,3.2300,3.3000,3.1300,3.1500,95239504
20131016,3.2900,3.3500,3.1900,3.2100,115264304
20131017,3.2000,3.3100,3.1800,3.2900,66534600
20131018,3.1700,3.2100,3.1500,3.2100,26382300
20131021,3.2300,3.2500,3.1400,3.1800,40688800
20131022,3.2500,3.2700,3.1700,3.2200,47550900
20131023,3.1500,3.2600,3.1400,3.2400,39148000
20131024,3.1600,3.1900,3.1300,3.1300,20514600
20131025,3.1200,3.2000,3.1100,3.1700,24657900
20131028,3.1500,3.1600,3.1100,3.1300,15917100
20131029,3.2600,3.2900,3.1400,3.1500,66769600
20131030,3.4200,3.5300,3.2500,3.2900,160383200
20131031,3.2800,3.3800,3.2700,3.3800,81360496
20131101,3.2800,3.3100,3.2400,3.2900,40903400
20131104,3.2900,3.3300,3.2600,3.2900,31010100
20131105,3.2800,3.3000,3.2100,3.2900,43358000
20131106,3.2400,3.3000,3.2400,3.2600,30451100
20131107,3.3000,3.3300,3.2100,3.2400,45362500
20131108,3.2600,3.3200,3.2400,3.2800,28598100
20131111,3.2600,3.2800,3.2300,3.2500,14023700
20131112,3.2800,3.2900,3.2400,3.2700,21047300
20131113,3.1400,3.2700,3.1400,3.2700,39869100
20131114,3.1300,3.1600,3.1100,3.1500,25693000
20131115,3.1900,3.2200,3.1300,3.1400,35218900
20131118,3.2500,3.2500,3.1700,3.2000,56169200
20131119,3.2300,3.2600,3.2100,3.2400,41958000
20131120,3.2200,3.2500,3.1800,3.2400,34280100
20131121,3.2000,3.2100,3.1600,3.2100,32909300
20131122,3.1800,3.2200,3.1700,3.1900,29444100
20131125,3.1700,3.1900,3.1600,3.1600,16176800
20131126,3.1700,3.1900,3.1500,3.1800,15840000
20131127,3.1700,3.1900,3.1500,3.1600,23181200
20131128,3.2100,3.2300,3.1700,3.1800,36353200
20131129,3.1800,3.2100,3.1700,3.2000,29266800
20131202,3.2100,3.2500,3.1600,3.1700,59154200
20131203,3.3000,3.3100,3.1900,3.2100,89803296
20131204,3.3000,3.3600,3.2600,3.2800,78185200
20131205,3.2800,3.3300,3.2700,3.3000,37884700
20131206,3.2500,3.3000,3.2400,3.2800,31887700
20131209,3.2500,3.2800,3.2400,3.2600,21498900
20131210,3.2400,3.2700,3.2200,3.2500,23184300
20131211,3.1900,3.2500,3.1800,3.2400,27740600
20131212,3.2100,3.2300,3.1700,3.1800,21885600
20131213,3.1900,3.2100,3.1600,3.1900,24648500
20131216,3.1400,3.2000,3.1400,3.1900,24820200
20131217,3.1400,3.1600,3.1300,3.1500,17314400
20131218,3.1300,3.1500,3.1200,3.1400,15123800
20131219,3.0800,3.1500,3.0700,3.1500,24241800
20131220,3.0300,3.0900,3.0000,3.0800,22740900
20131223,3.0100,3.0400,2.9500,3.0300,16290600
20131224,3.0000,3.0400,2.9700,3.0100,19933100
20131225,3.0100,3.0200,2.9800,3.0000,15192500
20131226,2.9400,3.0100,2.9300,3.0000,17428500
20131227,3.0000,3.0000,2.9400,2.9500,18746100
20131230,2.9800,3.0200,2.9800,3.0000,12561500
20131231,3.0200,3.0200,2.9800,2.9800,12215100
20140101,3.0200,3.0200,3.0200,3.0200,0
20140102,3.0000,3.0200,2.9900,3.0000,10155300
20140103,2.9900,3.0100,2.9600,3.0000,12999900
20140106,2.8900,2.9900,2.8900,2.9900,20906700
20140107,2.8800,2.9000,2.8500,2.9000,16096700
20140108,2.8700,2.9100,2.8600,2.8800,11238300
20140109,2.8400,2.9000,2.8400,2.8600,13881400
20140110,2.8700,2.8900,2.8100,2.8400,21066400
20140113,2.8600,2.8900,2.8400,2.8700,10985200
20140114,2.8900,2.8900,2.8400,2.8600,9673200
20140115,2.8700,2.8900,2.8500,2.8900,7894100
20140116,2.9000,2.9300,2.8600,2.8700,17557000
20140117,2.8600,2.9100,2.8500,2.9000,12526900
20140120,2.8400,2.8700,2.8200,2.8500,11512300
20140121,2.8700,2.8900,2.8300,2.8300,16091400
20140122,2.9500,2.9500,2.8600,2.8800,22863400
20140123,2.9500,3.0300,2.9500,3.0000,32080900
20140124,2.9600,3.0000,2.9300,2.9400,29547700
20140127,2.9600,2.9800,2.9400,2.9400,19198400
20140128,3.0100,3.0100,2.9600,2.9700,23122500
20140129,3.0200,3.0500,3.0000,3.0000,16527900
20140130,2.9700,3.0200,2.9600,3.0200,10118800
20140131,2.9700,2.9700,2.9700,2.9700,0
20140203,2.9700,2.9700,2.9700,2.9700,0
20140205,2.9700,2.9700,2.9700,2.9700,0
20140206,2.9700,2.9700,2.9700,2.9700,0
20140207,3.0000,3.0000,2.9200,2.9500,10471700
20140210,3.0400,3.0600,3.0000,3.0000,26330100
20140211,3.0600,3.0600,3.0200,3.0300,19721200
20140212,3.0400,3.0600,3.0200,3.0500,19796500
20140213,2.9900,3.0400,2.9800,3.0300,25469600
20140214,3.0100,3.0100,2.9600,2.9900,18227800
20140217,3.0100,3.0300,3.0000,3.0100,28015500
20140218,2.9600,3.0100,2.9400,3.0100,28522900
20140219,3.0000,3.0200,2.9500,2.9600,21458700
20140220,3.0100,3.0500,3.0000,3.0100,37796500
20140221,3.0100,3.0400,2.9700,3.0000,25358800
20140224,2.9200,3.0100,2.9100,3.0000,24196000
20140225,2.8900,2.9600,2.8800,2.9400,28124300
