20130226,6.8500,7.0100,6.8400,6.9100,1388800
20130227,7.0000,7.0000,6.8000,6.8400,1721200
20130228,7.2400,7.2800,6.9500,6.9900,3493900
20130301,7.2300,7.2800,7.1300,7.2400,2223800
20130304,6.7300,7.0500,6.5100,7.0500,4009600
20130305,6.7800,6.8600,6.6100,6.7200,1914200
20130306,6.7800,6.9000,6.7000,6.8600,1862700
20130307,7.4600,7.4600,6.6800,6.7700,7147000
20130308,8.2100,8.2100,7.5500,7.5500,8479200
20130311,8.2100,8.2100,8.2100,8.2100,0
20130312,8.2100,8.2100,8.2100,8.2100,0
20130313,8.2100,8.2100,8.2100,8.2100,0
20130314,8.2100,8.2100,8.2100,8.2100,0
20130315,8.2100,8.2100,8.2100,8.2100,0
20130318,8.2100,8.2100,8.2100,8.2100,0
20130319,8.2100,8.2100,8.2100,8.2100,0
20130320,8.2100,8.2100,8.2100,8.2100,0
20130321,8.2100,8.2100,8.2100,8.2100,0
20130322,8.2100,8.2100,8.2100,8.2100,0
20130325,8.2100,8.2100,8.2100,8.2100,0
20130326,8.2100,8.2100,8.2100,8.2100,0
20130327,8.2100,8.2100,8.2100,8.2100,0
20130328,8.2100,8.2100,8.2100,8.2100,0
20130329,8.2100,8.2100,8.2100,8.2100,0
20130401,8.2100,8.2100,8.2100,8.2100,0
20130402,8.2100,8.2100,8.2100,8.2100,0
20130403,8.2100,8.2100,8.2100,8.2100,0
20130404,8.2100,8.2100,8.2100,8.2100,0
20130405,8.2100,8.2100,8.2100,8.2100,0
20130408,8.2100,8.2100,8.2100,8.2100,0
20130409,8.2100,8.2100,8.2100,8.2100,0
20130410,8.2100,8.2100,8.2100,8.2100,0
20130411,8.2100,8.2100,8.2100,8.2100,0
20130412,8.2100,8.2100,8.2100,8.2100,0
20130415,8.2100,8.2100,8.2100,8.2100,0
20130416,8.2100,8.2100,8.2100,8.2100,0
20130417,8.2100,8.2100,8.2100,8.2100,0
20130418,8.2100,8.2100,8.2100,8.2100,0
20130419,8.2100,8.2100,8.2100,8.2100,0
20130422,8.2100,8.2100,8.2100,8.2100,0
20130423,8.2100,8.2100,8.2100,8.2100,0
20130424,8.2100,8.2100,8.2100,8.2100,0
20130425,8.2100,8.2100,8.2100,8.2100,0
20130426,8.2100,8.2100,8.2100,8.2100,0
20130429,8.2100,8.2100,8.2100,8.2100,0
20130430,8.2100,8.2100,8.2100,8.2100,0
20130501,8.2100,8.2100,8.2100,8.2100,0
20130502,8.2100,8.2100,8.2100,8.2100,0
20130503,8.2100,8.2100,8.2100,8.2100,0
20130506,8.2100,8.2100,8.2100,8.2100,0
20130507,8.2100,8.2100,8.2100,8.2100,0
20130508,8.2100,8.2100,8.2100,8.2100,0
20130509,8.2100,8.2100,8.2100,8.2100,0
20130510,8.2100,8.2100,8.2100,8.2100,0
20130513,8.2100,8.2100,8.2100,8.2100,0
20130514,8.2100,8.2100,8.2100,8.2100,0
20130515,8.2100,8.2100,8.2100,8.2100,0
20130516,8.2100,8.2100,8.2100,8.2100,0
20130517,8.2100,8.2100,8.2100,8.2100,0
20130520,8.2100,8.2100,8.2100,8.2100,0
20130521,8.2100,8.2100,8.2100,8.2100,0
20130522,8.2100,8.2100,8.2100,8.2100,0
20130523,8.3800,8.5300,7.4100,8.0000,13828500
20130524,8.0800,8.4100,7.9300,8.1500,8224100
20130527,8.0000,8.1900,7.8700,8.0000,5462800
20130528,8.4700,8.6000,7.8700,8.0100,10206800
20130529,8.3000,8.4300,8.2200,8.3400,5228400
20130530,8.2100,8.4500,8.1100,8.2400,3543300
20130531,7.9800,8.3000,7.9000,8.1800,3838800
20130603,8.1000,8.1600,7.9200,7.9900,3012700
20130604,7.8400,8.1500,7.7900,8.1500,2663400
20130605,7.8300,7.9100,7.7200,7.7900,1626100
20130606,7.5300,7.8300,7.5100,7.8300,2709900
20130607,7.2800,7.6500,7.1800,7.5700,2681100
20130610,7.2800,7.2800,7.2800,7.2800,0
20130611,7.2800,7.2800,7.2800,7.2800,0
20130612,7.2800,7.2800,7.2800,7.2800,0
20130613,6.9200,7.2800,6.8000,7.2700,2362600
20130614,7.1000,7.1800,6.9700,6.9800,1370900
20130617,7.2600,7.3700,6.9700,7.0900,2402600
20130618,7.2300,7.3500,7.1500,7.2100,1757300
20130619,7.1500,7.1600,6.8700,7.1200,1481000
20130620,6.9800,7.1300,6.9600,7.0600,1579600
20130621,6.9200,7.0000,6.7500,6.8100,1483900
20130624,6.3000,6.8800,6.2300,6.8800,2066500
20130625,6.0900,6.3000,5.7000,6.2300,2232000
20130626,6.0800,6.2500,6.0400,6.1500,1685900
20130627,5.8000,6.2300,5.8000,6.1500,6039700
20130628,5.8500,6.0400,5.6000,5.7700,3681800
20130701,5.8900,5.9100,5.6200,5.7700,2456400
20130702,5.8900,5.9500,5.7400,5.8000,2383300
20130703,5.9400,6.0100,5.8100,5.8400,2664400
20130704,6.0100,6.1300,5.8400,5.8600,2849500
20130705,6.1800,6.4000,6.0100,6.0100,3542900
20130708,5.9200,6.1600,5.9100,6.0300,2162600
20130709,5.8500,5.9200,5.7100,5.9000,1511700
20130710,6.0300,6.0600,5.7600,5.8200,2361800
20130711,6.2100,6.3000,6.0200,6.0200,3424400
20130712,6.2000,6.3800,6.1300,6.2000,2345000
20130715,6.2600,6.3300,6.1600,6.1600,1398900
20130716,6.3100,6.3400,6.1900,6.3400,1672700
20130717,6.4100,6.6000,6.2000,6.2800,3047200
20130718,6.2000,6.4000,6.2000,6.3300,1877800
20130719,5.9400,6.2300,5.9000,6.2300,1865000
20130722,6.0400,6.0500,5.8600,5.9700,1335900
20130723,6.1700,6.1900,5.9400,6.0000,1794600
20130724,6.1900,6.2000,5.9100,6.1000,1847500
20130725,6.3800,6.4000,6.1100,6.2300,2566600
20130726,6.2700,6.4800,6.1800,6.3500,1969800
20130729,6.0700,6.2300,6.0300,6.2300,1019000
20130730,6.1100,6.2000,6.0400,6.0400,815500
20130731,6.1000,6.4000,6.1000,6.2200,1111400
20130801,6.2200,6.2600,6.0300,6.0500,1153600
20130802,6.2500,6.4100,6.2100,6.3000,2012600
20130805,6.2900,6.3300,6.1200,6.2400,1206500
20130806,6.3500,6.3800,6.2000,6.2500,1345800
20130807,6.3000,6.4700,6.3000,6.3500,2528100
20130808,6.3500,6.4200,6.2800,6.3000,1211700
20130809,6.9900,6.9900,6.3500,6.3500,4369100
20130812,7.5600,7.6900,7.2100,7.3500,10576800
20130813,7.4700,7.5000,7.2600,7.4000,3909100
20130814,7.2100,7.5500,7.1900,7.4500,3037500
20130815,7.4300,7.4700,7.2000,7.2300,2972700
20130816,7.1500,7.3800,7.1000,7.3800,2808000
20130819,7.2200,7.2500,7.0600,7.1600,2347900
20130820,7.1000,7.2400,7.0000,7.2300,2561300
20130821,7.1400,7.1700,7.0000,7.0500,1617000
20130822,7.1900,7.2100,7.0500,7.1400,1921600
20130823,7.1300,7.2300,6.9900,7.1900,1659300
20130826,7.1900,7.2000,7.0500,7.1100,1391400
20130827,7.2800,7.4700,7.1200,7.1200,2297200
20130828,7.1200,7.2700,7.0900,7.1900,1563300
20130829,7.2100,7.2500,7.0300,7.1100,1437400
20130830,7.9300,7.9300,7.1000,7.2200,5504000
20130902,7.4600,8.0700,7.1400,8.0700,4682100
20130903,7.5500,7.7700,7.2800,7.2800,2621400
20130904,7.3900,7.6600,7.3000,7.5500,2137000
20130905,7.2600,7.4600,7.2200,7.2200,1545200
20130906,7.2600,7.3200,7.1600,7.2000,1935200
20130909,7.3200,7.4800,7.0700,7.2000,2163000
20130910,7.3800,7.4500,7.2000,7.3000,1864800
20130911,7.4700,7.8000,7.3000,7.3900,3446800
20130912,7.5700,7.7900,7.3100,7.4000,2975100
20130913,7.6700,7.7100,7.4800,7.5000,2450200
20130916,7.4400,7.7600,7.4300,7.7200,1942400
20130917,7.1800,7.5100,7.1300,7.5100,2488600
20130918,7.3000,7.3000,7.0700,7.1500,1518800
20130920,7.3000,7.3000,7.3000,7.3000,0
20130923,7.3100,7.3400,7.2000,7.2800,1134700
20130924,7.2300,7.3100,7.1500,7.2800,1038300
20130925,7.2100,7.3200,7.1600,7.1600,1263600
20130926,7.1100,7.2800,7.0800,7.1800,1303800
20130927,7.1000,7.2100,7.0700,7.1800,1231600
20130930,7.1800,7.2000,7.0600,7.1800,748500
20131001,7.1800,7.1800,7.1800,7.1800,0
20131002,7.1800,7.1800,7.1800,7.1800,0
20131003,7.1800,7.1800,7.1800,7.1800,0
20131004,7.1800,7.1800,7.1800,7.1800,0
20131007,7.1800,7.1800,7.1800,7.1800,0
20131008,7.2200,7.2500,7.1200,7.1500,1233900
20131009,7.4100,7.5700,7.1600,7.2200,2170300
20131010,7.4400,7.4400,7.3000,7.3700,1471900
20131011,7.4400,7.5200,7.3700,7.4600,1474000
20131014,7.4600,7.4900,7.3500,7.4200,1601900
20131015,7.3300,7.5200,7.3200,7.4700,1314700
20131016,7.1300,7.3100,7.1200,7.3100,1271800
20131017,7.1200,7.2200,7.1100,7.1500,1020300
20131018,7.2000,7.2300,7.1000,7.1200,647900
20131021,7.1800,7.2600,7.0400,7.1800,1446600
20131022,7.1700,7.2000,7.0800,7.1800,1185000
20131023,7.0100,7.1800,7.0000,7.1500,1235200
20131024,6.7700,7.0300,6.7600,7.0100,1487400
20131025,6.7200,6.8000,6.6000,6.7800,1055500
20131028,6.7900,6.8300,6.7000,6.7500,855500
20131029,6.5900,6.8600,6.3500,6.7600,1299700
20131030,6.7600,6.7700,6.5000,6.5600,906700
20131031,6.8000,7.0500,6.6800,6.7300,1322600
20131101,6.8100,6.9400,6.7000,6.8900,706100
20131104,6.7600,6.8900,6.6000,6.6000,763000
20131105,6.7700,6.8200,6.6400,6.6900,666400
20131106,6.6800,6.8300,6.6800,6.7500,586100
20131107,6.5400,6.7000,6.4800,6.6800,929800
20131108,6.5000,6.5600,6.4000,6.5000,629300
20131111,6.4400,6.5200,6.4100,6.4500,510400
20131112,6.4400,6.5000,6.3800,6.4300,735800
20131113,6.4200,6.4700,6.3400,6.4500,597100
20131114,6.2700,6.4100,6.2100,6.4100,906700
20131115,6.3900,6.5400,6.2800,6.3100,919900
20131118,6.5400,6.5700,6.3400,6.3800,1438200
20131119,6.5000,6.5900,6.4100,6.5400,1064800
20131120,7.1500,7.1500,6.8000,6.8000,3619000
20131121,7.0500,7.1900,6.9000,7.0000,4644600
20131122,6.7900,6.9900,6.7500,6.9900,2633200
20131125,6.7900,6.8500,6.6500,6.6800,1398200
20131126,6.7200,6.8500,6.7000,6.7900,1234800
20131127,6.7600,6.8000,6.6200,6.6700,1394400
20131128,6.8000,6.8600,6.7000,6.7000,1394500
20131129,6.8500,6.9500,6.7700,6.7700,1574900
20131202,6.2600,6.7400,6.2500,6.7400,2690100
20131203,6.3900,6.4300,6.2500,6.2700,971900
20131204,6.4600,6.5800,6.3900,6.4000,1282900
20131205,6.5100,6.7000,6.4300,6.4500,1678100
20131206,6.4700,6.6500,6.4400,6.6500,1230800
20131209,6.5100,6.6200,6.4400,6.5400,822200
20131210,6.5600,6.5900,6.4900,6.5300,1032000
20131211,6.4700,6.5500,6.4500,6.5100,765500
20131212,6.5000,6.5600,6.4600,6.4600,587200
20131213,6.4800,6.5500,6.4500,6.4800,732500
20131216,6.3600,6.5400,6.3200,6.5100,1225000
20131217,6.2900,6.4000,6.2800,6.4000,666500
20131218,6.3400,6.4000,6.2600,6.3600,617100
20131219,6.3900,6.4800,6.3400,6.3600,855900
20131220,6.2300,6.3900,6.0000,6.3900,793900
20131223,6.0100,6.2500,6.0000,6.2200,999500
20131224,6.0700,6.1000,5.9600,6.0500,823500
20131225,6.0700,6.1000,5.9800,6.0700,361300
20131226,6.1900,6.3900,6.0900,6.1000,1311200
20131227,6.1900,6.1900,6.1900,6.1900,0
20131230,6.1900,6.1900,6.1900,6.1900,0
20131231,6.1900,6.1900,6.1900,6.1900,0
20140101,6.1900,6.1900,6.1900,6.1900,0
20140102,6.1900,6.1900,6.1900,6.1900,0
20140103,6.1900,6.1900,6.1900,6.1900,0
20140106,6.1900,6.1900,6.1900,6.1900,0
20140107,6.1900,6.1900,6.1900,6.1900,0
20140108,6.1900,6.1900,6.1900,6.1900,0
20140109,6.1900,6.1900,6.1900,6.1900,0
20140110,6.1900,6.1900,6.1900,6.1900,0
20140113,6.1900,6.1900,6.1900,6.1900,0
20140114,6.1900,6.1900,6.1900,6.1900,0
20140115,6.1900,6.1900,6.1900,6.1900,0
20140116,6.1900,6.1900,6.1900,6.1900,0
20140117,6.1900,6.1900,6.1900,6.1900,0
20140120,6.1900,6.1900,6.1900,6.1900,0
20140121,6.1900,6.1900,6.1900,6.1900,0
20140122,6.1900,6.1900,6.1900,6.1900,0
20140123,6.1900,6.1900,6.1900,6.1900,0
20140124,6.1900,6.1900,6.1900,6.1900,0
20140127,6.1900,6.1900,6.1900,6.1900,0
20140128,6.1900,6.1900,6.1900,6.1900,0
20140129,6.1900,6.1900,6.1900,6.1900,0
20140130,6.1900,6.1900,6.1900,6.1900,0
20140131,6.1900,6.1900,6.1900,6.1900,0
20140203,6.1900,6.1900,6.1900,6.1900,0
20140205,6.1900,6.1900,6.1900,6.1900,0
20140206,6.1900,6.1900,6.1900,6.1900,0
20140207,6.1900,6.1900,6.1900,6.1900,0
20140210,6.1900,6.1900,6.1900,6.1900,0
20140211,6.1900,6.1900,6.1900,6.1900,0
20140212,6.1900,6.1900,6.1900,6.1900,0
20140213,6.1900,6.1900,6.1900,6.1900,0
20140214,6.1900,6.1900,6.1900,6.1900,0
20140217,6.1900,6.1900,6.1900,6.1900,0
20140218,6.1900,6.1900,6.1900,6.1900,0
20140219,6.1900,6.1900,6.1900,6.1900,0
20140220,6.1900,6.1900,6.1900,6.1900,0
20140221,6.1900,6.1900,6.1900,6.1900,0
20140224,6.1900,6.1900,6.1900,6.1900,0
20140225,6.1900,6.1900,6.1900,6.1900,0
