20130226,11.9900,12.5400,11.7100,11.9000,4605600
20130227,11.6100,12.2500,11.3100,11.9000,4175200
20130228,11.8500,11.9200,11.3100,11.5800,2138500
20130301,12.2400,12.4700,11.7800,11.7800,3155400
20130304,11.5900,12.8000,11.3800,12.3000,4735000
20130305,12.4500,12.4900,11.6000,11.6000,3962300
20130306,12.7000,13.0600,12.3000,12.4000,4560900
20130307,12.7000,12.9800,12.2600,12.7000,3003200
20130308,12.2900,12.7000,12.1800,12.5000,1819900
20130311,12.3100,12.5900,12.1800,12.3000,1442600
20130312,11.5200,12.3400,11.1100,12.2200,4090200
20130313,11.2200,11.5000,11.1300,11.4500,2222300
20130314,11.2000,11.4000,11.0800,11.1500,1313000
20130315,11.3100,11.7000,11.0200,11.1300,2454700
20130318,11.8400,11.9500,11.2800,11.3900,6194300
20130319,11.5800,11.8000,11.1000,11.7000,4133900
20130320,11.8000,11.8400,11.2900,11.6000,3434200
20130321,12.2900,12.3000,11.7200,11.8600,4455800
20130322,12.3700,12.6800,12.0500,12.0500,5079900
20130325,12.2400,12.4900,11.9300,12.3800,2732300
20130326,12.2700,12.5000,12.0700,12.1800,2314700
20130327,12.3100,12.4400,12.0800,12.2800,2473200
20130328,11.7500,12.2900,11.6700,12.2000,2438400
20130329,11.3600,12.0000,11.2100,11.7500,2944200
20130401,11.4200,11.6800,11.3300,11.3600,1469900
20130402,11.0800,11.6000,10.9400,11.5800,2476400
20130403,11.1000,11.2900,11.0000,11.1800,1104900
20130404,11.1000,11.1000,11.1000,11.1000,0
20130405,11.1000,11.1000,11.1000,11.1000,0
20130408,11.4400,11.4500,10.8000,11.1000,1662000
20130409,11.3500,11.5700,11.2800,11.4500,1471300
20130410,11.1900,11.3400,11.0200,11.3400,1266300
20130411,11.0700,11.2900,11.0500,11.2800,844100
20130412,10.8600,11.1700,10.8200,11.0500,1018300
20130415,10.6600,10.9200,10.6000,10.8600,1126900
20130416,10.8900,10.9400,10.4600,10.6500,817100
20130417,11.1300,11.1400,10.7900,10.8600,1220000
20130418,11.1500,11.1900,11.0100,11.1300,1222100
20130419,11.3100,11.4000,11.0700,11.1200,1527700
20130422,11.7200,11.8500,11.2700,11.2700,2511900
20130423,11.3100,11.8000,11.2500,11.7800,1606300
20130424,11.5900,11.6500,11.2200,11.2900,1693900
20130425,11.7400,12.0900,11.4500,11.5800,3500800
20130426,11.7500,12.0500,11.6500,11.8200,2187700
20130429,11.7500,11.7500,11.7500,11.7500,0
20130430,11.7500,11.7500,11.7500,11.7500,0
20130501,11.7500,11.7500,11.7500,11.7500,0
20130502,11.5300,11.7000,11.3000,11.7000,1287600
20130503,11.7800,11.9100,11.2800,11.5900,2342200
20130506,11.8900,11.9800,11.7100,11.8100,3094700
20130507,11.7800,12.0300,11.6700,11.9100,2303700
20130508,11.6600,11.8800,11.5800,11.8800,2327400
20130509,10.9800,11.6800,10.9400,11.6800,5203500
20130510,11.2800,11.3400,10.7800,11.0100,3584200
20130513,11.1000,11.2600,11.0000,11.2500,1383600
20130514,10.9900,11.1700,10.9200,11.1400,1144100
20130515,11.1800,11.1800,10.9600,11.0800,1352200
20130516,11.2500,11.3200,11.1000,11.1700,1608700
20130517,11.7000,11.8000,11.0700,11.2500,3328400
20130520,11.8900,12.0000,11.6800,11.7200,4591400
20130521,12.0700,12.1000,11.6300,11.8800,4006700
20130522,11.9000,12.0700,11.8000,12.0400,2605600
20130523,11.7400,11.9700,11.7000,11.8000,2209800
20130524,12.5600,12.6000,11.7400,11.7600,5975200
20130527,13.0700,13.1000,12.4200,12.6000,7236900
20130528,12.8400,13.5000,12.7700,13.0800,8062100
20130529,12.9500,13.0200,12.6100,12.9600,4824100
20130530,13.3000,13.6500,12.7600,12.9000,6594700
20130531,13.1000,13.4000,13.0100,13.3500,3788000
20130603,12.7800,13.0500,12.6400,13.0000,3592900
20130604,12.2500,12.7700,12.0800,12.6800,3048500
20130605,12.2800,12.5000,12.1500,12.2500,1749400
20130606,11.5900,12.3000,11.5300,12.2000,4406800
20130607,11.2800,11.7300,11.1100,11.5400,2433000
20130610,11.2800,11.2800,11.2800,11.2800,0
20130611,11.2800,11.2800,11.2800,11.2800,0
20130612,11.2800,11.2800,11.2800,11.2800,0
20130613,11.2300,11.2800,10.7800,11.2800,1809100
20130614,11.4100,11.5100,11.2100,11.2700,1805900
20130617,11.5400,11.6500,11.2000,11.3600,1487200
20130618,11.5400,11.6900,11.3700,11.5400,1197700
20130619,11.2500,11.5300,11.1200,11.5200,1166900
20130620,10.8900,11.3800,10.8100,11.1700,1533500
20130621,10.4800,10.7300,10.3000,10.3000,1929900
20130624,9.5200,10.5000,9.4400,10.5000,2516400
20130625,9.4000,9.5200,8.6000,9.4500,2587700
20130626,9.7100,9.7500,9.1300,9.3700,2718600
20130627,9.6900,9.8600,9.0000,9.6900,2320800
20130628,9.6300,9.7500,9.2800,9.4100,1134800
20130701,9.8900,9.9000,9.5200,9.6600,1270500
20130702,10.2400,10.3300,9.7600,9.8800,2166800
20130703,10.4100,10.4300,10.0000,10.1000,1989300
20130704,10.4300,10.5500,10.2500,10.4200,1484600
20130705,10.1600,10.6700,10.1100,10.4300,1174600
20130708,9.5900,10.0900,9.3900,10.0900,1869300
20130709,9.6600,9.9900,9.4700,9.4700,883400
20130710,10.0200,10.0800,9.5200,9.6300,1040700
20130711,10.3100,10.4400,10.0800,10.1700,1613500
20130712,10.1700,10.6700,10.1000,10.3000,1673700
20130715,10.5400,10.6500,10.1100,10.1200,2170500
20130716,10.5800,10.6800,10.4000,10.5500,1639900
20130717,10.3300,10.6800,10.2600,10.5600,1375700
20130718,10.7000,11.1700,10.5000,10.5000,3814800
20130719,10.3000,10.8000,10.3000,10.5800,2799000
20130722,10.3600,10.4000,9.8500,10.2200,1584900
20130723,10.6600,10.6900,10.1800,10.3400,2152100
20130724,10.7900,10.8000,10.4900,10.6600,1963500
20130725,10.3900,10.8900,10.3400,10.8000,1734300
20130726,10.4500,10.5100,10.1800,10.3000,1101200
20130729,10.0400,10.4300,10.0300,10.4300,1058200
20130730,10.1000,10.2100,9.8000,10.2100,1104700
20130731,10.1700,10.2600,10.0600,10.1800,758300
20130801,10.3600,10.3700,10.0600,10.0600,1409300
20130802,11.1800,11.3900,10.2800,10.3000,6412400
20130805,11.2900,11.3800,10.8700,11.0000,3719400
20130806,11.1900,11.2900,11.0000,11.2900,1908800
20130807,11.1400,11.5000,11.0000,11.1700,2488300
20130808,11.3500,11.4500,11.0800,11.3000,2483500
20130809,11.1900,11.4200,11.0000,11.2600,1611000
20130812,11.2300,11.2800,11.0100,11.2800,1626300
20130813,11.5000,11.5100,11.1200,11.2900,2426100
20130814,11.3000,11.5500,11.2500,11.4900,1928200
20130815,11.0700,11.3500,11.0600,11.2900,1454300
20130816,10.7300,11.2600,10.7300,10.9800,2315300
20130819,10.7700,10.8000,10.5100,10.5300,1293000
20130820,10.5700,10.8700,10.5200,10.7500,1613600
20130821,10.7900,11.0000,10.5100,10.5500,1759500
20130822,10.9100,11.0500,10.8000,10.8300,1456900
20130823,10.7700,10.9100,10.4100,10.9100,1222300
20130826,11.1400,11.2000,10.9200,11.0600,3203300
20130827,11.5400,11.6900,11.0500,11.1400,4755900
20130828,11.7600,11.9700,11.3400,11.4400,5018600
20130829,11.8300,12.1300,11.6000,11.8800,4037400
20130830,11.2100,11.8000,11.1100,11.6800,3844700
20130902,11.6600,11.6800,11.1200,11.1200,2580500
20130903,11.7900,11.8000,11.5200,11.6000,2633500
20130904,11.7800,12.0100,11.6000,11.8100,3674400
20130905,12.3300,12.4700,11.6000,11.7600,6810500
20130906,12.1900,12.6700,12.0600,12.1900,5143800
20130909,11.9800,12.2800,11.8500,12.2200,3859700
20130910,11.9000,12.0800,11.7200,11.9800,3747400
20130911,11.6500,11.9900,11.5300,11.9200,2186500
20130912,11.7100,11.8200,11.6000,11.6000,1508800
20130913,11.8200,11.8200,11.5400,11.7200,1545900
20130916,11.9100,12.1600,11.8300,11.8300,2482000
20130917,11.6000,11.9000,11.6000,11.8800,1596300
20130918,11.9300,11.9400,11.5800,11.5900,1810100
20130920,11.9300,11.9300,11.9300,11.9300,0
20130923,12.0600,12.2500,11.9500,11.9600,2568900
20130924,12.3500,12.3800,11.9100,12.0000,3829200
20130925,12.0400,12.3400,12.0000,12.3400,3084200
20130926,12.3600,12.7600,11.7500,11.9300,6694100
20130927,12.7000,12.7900,12.2800,12.2900,4842900
20130930,12.9100,12.9200,12.4500,12.6800,4220200
20131001,12.9100,12.9100,12.9100,12.9100,0
20131002,12.9100,12.9100,12.9100,12.9100,0
20131003,12.9100,12.9100,12.9100,12.9100,0
20131004,12.9100,12.9100,12.9100,12.9100,0
20131007,12.9100,12.9100,12.9100,12.9100,0
20131008,12.6700,12.9000,12.5900,12.8500,4108600
20131009,12.9200,12.9500,12.5300,12.6700,3502600
20131010,12.5700,12.9000,12.5000,12.8000,2773500
20131011,12.5800,12.7000,12.5000,12.6800,2236500
20131014,12.8200,12.8400,12.3000,12.5100,3055500
20131015,12.7300,13.4900,12.7100,13.1500,5552100
20131016,11.9900,12.6400,11.9800,12.6100,4112900
20131017,11.9900,12.2800,11.7500,12.1200,3126600
20131018,12.0400,12.1600,11.9300,11.9300,1866600
20131021,12.5200,12.6400,12.0400,12.0400,3291200
20131022,12.1700,12.5600,12.0800,12.5600,2654900
20131023,11.7900,12.2400,11.6600,12.2000,2779900
20131024,11.7800,11.9300,11.6500,11.8000,1575100
20131025,11.6900,11.8600,11.5800,11.8300,1421800
20131028,11.6500,11.7700,11.5700,11.6300,900600
20131029,11.0100,11.7000,10.5900,11.7000,2423700
20131030,10.9300,11.0000,10.7100,10.9800,1929000
20131031,10.6600,10.9700,10.6000,10.9400,1644600
20131101,10.6400,10.7200,10.5400,10.6200,2024100
20131104,10.6800,10.7700,10.6300,10.6500,1231800
20131105,10.8600,10.8700,10.6000,10.6800,1331800
20131106,10.7100,10.8700,10.7000,10.8100,1442800
20131107,10.4600,10.7100,10.3200,10.7100,1867200
20131108,10.2200,10.4500,10.0800,10.4500,1340800
20131111,10.3500,10.3700,10.1200,10.1900,836400
20131112,10.6100,10.6500,10.4000,10.4500,1297300
20131113,10.2900,10.6000,10.2700,10.6000,873300
20131114,10.4600,10.4900,10.2400,10.3000,869500
20131115,10.6600,10.7700,10.4800,10.5000,1483400
20131118,11.2900,11.4800,10.6600,10.6600,3546500
20131119,11.1700,11.3500,10.9800,11.3500,1907000
20131120,11.2000,11.2600,11.0900,11.1600,1199600
20131121,11.1100,11.2000,11.0100,11.1500,1240900
20131122,10.9800,11.1500,10.9700,11.1100,974800
20131125,11.0700,11.1300,10.8300,10.9700,1000300
20131126,11.2700,11.4300,11.0400,11.0400,1850100
20131127,11.3800,11.3900,11.1500,11.2800,2029400
20131128,11.3400,11.4800,11.3100,11.4800,1844000
20131129,11.3300,11.4000,11.2700,11.3800,1221600
20131202,10.5200,11.0700,10.3300,10.9000,2709600
20131203,10.7200,10.7800,10.2700,10.4800,1391000
20131204,10.8900,10.9400,10.6000,10.7800,1599100
20131205,10.7000,10.8700,10.6300,10.8500,1462500
20131206,10.7300,10.7800,10.6300,10.6300,852300
20131209,10.8000,10.8500,10.7200,10.7900,1092000
20131210,10.9300,11.0400,10.8000,10.8100,1620700
20131211,10.6400,11.0800,10.4300,10.9100,2174300
20131212,10.6500,10.7200,10.5100,10.6700,1337700
20131213,10.6900,10.7400,10.5000,10.6500,1365400
20131216,10.5500,10.7500,10.5000,10.6600,1226500
20131217,10.6000,10.6800,10.4900,10.6200,1031500
20131218,10.6700,10.7400,10.5400,10.5400,847100
20131219,10.5200,10.8600,10.5000,10.7300,1117200
20131220,10.3800,10.5900,10.3000,10.5800,1127400
20131223,10.4000,10.5800,10.0800,10.4000,1377500
20131224,10.5000,10.5100,10.3100,10.3900,1016600
20131225,10.4300,10.5400,10.3200,10.4800,1090000
20131226,10.2100,10.4800,10.1700,10.4800,903200
20131227,10.3600,10.5100,10.1700,10.2000,1617100
20131230,10.2900,10.4600,10.2700,10.4000,1360200
20131231,10.2400,10.3300,10.1700,10.3300,1441800
20140101,10.2400,10.2400,10.2400,10.2400,0
20140102,10.5400,10.5800,10.1800,10.2400,3239400
20140103,10.6300,10.8400,10.5000,10.5000,3189500
20140106,10.7400,10.9500,10.5400,10.6400,4053900
20140107,11.2500,11.6800,10.7400,10.7600,6437100
20140108,11.1900,11.4000,11.1200,11.2800,2219600
20140109,10.7400,11.2700,10.7000,11.1700,3249600
20140110,11.2900,11.3300,10.6300,10.6400,5725400
20140113,11.0300,11.2800,10.9400,11.1300,3555600
20140114,11.4900,11.5100,11.0000,11.0000,4619800
20140115,11.5500,11.6600,11.2500,11.4800,3614300
20140116,11.5900,11.8300,11.4500,11.4500,3048000
20140117,11.5000,11.6600,11.3200,11.5000,1687600
20140120,11.2800,11.6600,11.1600,11.4700,2491700
20140121,11.6400,11.7200,11.1500,11.1500,2545800
20140122,11.8900,12.0000,11.5700,11.6200,2894000
20140123,11.9200,12.0000,11.7800,11.9000,2386100
20140124,12.4700,12.7100,11.8300,11.9000,5502000
20140127,12.5100,12.6400,12.3000,12.3800,2229700
20140128,12.4200,12.5900,12.1200,12.4900,2001300
20140129,12.8000,12.9400,12.3700,12.3800,2578300
20140130,12.7600,12.9900,12.6800,12.8000,1325500
20140131,12.7600,12.7600,12.7600,12.7600,0
20140203,12.7600,12.7600,12.7600,12.7600,0
20140205,12.7600,12.7600,12.7600,12.7600,0
20140206,12.7600,12.7600,12.7600,12.7600,0
20140207,12.9300,13.0200,12.5300,12.5700,2500100
20140210,13.4000,13.5100,12.9800,13.0300,5197000
20140211,13.4000,13.4000,13.4000,13.4000,0
20140212,13.4000,13.4000,13.4000,13.4000,0
20140213,13.4000,13.4000,13.4000,13.4000,0
20140214,13.4000,13.4000,13.4000,13.4000,0
20140217,13.4000,13.4000,13.4000,13.4000,0
20140218,13.4000,13.4000,13.4000,13.4000,0
20140219,13.4000,13.4000,13.4000,13.4000,0
20140220,13.4000,13.4000,13.4000,13.4000,0
20140221,13.4000,13.4000,13.4000,13.4000,0
20140224,13.4000,13.4000,13.4000,13.4000,0
20140225,13.4000,13.4000,13.4000,13.4000,0
