20130226,2.2300,2.2700,2.2200,2.2700,7647100
20130227,2.2500,2.2500,2.2200,2.2200,4500700
20130228,2.2800,2.2800,2.2400,2.2500,4767400
20130301,2.2900,2.3100,2.2700,2.2800,8248900
20130304,2.2400,2.2900,2.2200,2.2800,8578600
20130305,2.2600,2.2700,2.2400,2.2400,6995600
20130306,2.2900,2.3000,2.2600,2.2600,9135900
20130307,2.2800,2.3000,2.2600,2.2800,6938400
20130308,2.2700,2.2900,2.2700,2.2800,3489600
20130311,2.2800,2.2900,2.2700,2.2700,5609200
20130312,2.2500,2.2900,2.2300,2.2700,8611500
20130313,2.2300,2.2500,2.2200,2.2500,4563200
20130314,2.2400,2.2500,2.2200,2.2300,4170500
20130315,2.2400,2.2500,2.2200,2.2400,7225400
20130318,2.2100,2.2300,2.2000,2.2300,4664000
20130319,2.2100,2.2200,2.2000,2.2100,3898700
20130320,2.2400,2.2400,2.2100,2.2100,4880200
20130321,2.2400,2.2400,2.2200,2.2400,6414000
20130322,2.2400,2.2400,2.2200,2.2400,5274300
20130325,2.2400,2.2500,2.2300,2.2400,4116200
20130326,2.2200,2.2400,2.2100,2.2300,4576600
20130327,2.2300,2.2400,2.2100,2.2200,3932100
20130328,2.1800,2.2300,2.1800,2.2300,6772100
20130329,2.1700,2.1900,2.1700,2.1800,2803000
20130401,2.1700,2.1900,2.1700,2.1700,3185300
20130402,2.1800,2.1900,2.1700,2.1800,3237600
20130403,2.1800,2.1900,2.1700,2.1800,3363300
20130404,2.1800,2.1800,2.1800,2.1800,0
20130405,2.1800,2.1800,2.1800,2.1800,0
20130408,2.1700,2.1800,2.1500,2.1800,3594500
20130409,2.1800,2.1800,2.1600,2.1700,2508200
20130410,2.2000,2.2000,2.1700,2.1800,3499500
20130411,2.2000,2.2100,2.1900,2.1900,3177900
20130412,2.1800,2.2100,2.1800,2.2000,3096800
20130415,2.1600,2.1900,2.1500,2.1800,3426800
20130416,2.1800,2.1800,2.1500,2.1500,3131600
20130417,2.1700,2.1800,2.1600,2.1800,2253600
20130418,2.1800,2.1800,2.1600,2.1700,1815200
20130419,2.2100,2.2100,2.1700,2.1800,7944700
20130422,2.2000,2.2100,2.1900,2.2000,4471600
20130423,2.1700,2.2100,2.1600,2.2000,4960900
20130424,2.1800,2.1900,2.1600,2.1700,4000800
20130425,2.1700,2.2000,2.1700,2.1800,5917300
20130426,2.1700,2.1900,2.1700,2.1800,3332900
20130429,2.1700,2.1700,2.1700,2.1700,0
20130430,2.1700,2.1700,2.1700,2.1700,0
20130501,2.1700,2.1700,2.1700,2.1700,0
20130502,2.1800,2.1800,2.1600,2.1700,3454700
20130503,2.2000,2.2100,2.1700,2.1800,5499400
20130506,2.2100,2.2100,2.1800,2.2000,5319400
20130507,2.2100,2.2200,2.1900,2.2100,6003900
20130508,2.2200,2.2200,2.2000,2.2100,5062000
20130509,2.1900,2.2200,2.1900,2.2200,4381400
20130510,2.2100,2.2100,2.1800,2.1900,3957300
20130513,2.2300,2.2300,2.2000,2.2000,8034600
20130514,2.2100,2.2300,2.2000,2.2200,4887900
20130515,2.2100,2.2100,2.2000,2.2100,2281200
20130516,2.2200,2.2300,2.2000,2.2100,7244300
20130517,2.2400,2.2400,2.2100,2.2200,6649200
20130520,2.2500,2.2600,2.2300,2.2400,10810200
20130521,2.2800,2.2900,2.2400,2.2500,16093300
20130522,2.2600,2.2800,2.2500,2.2800,9438900
20130523,2.2500,2.2700,2.2400,2.2500,9117400
20130524,2.2600,2.2600,2.2400,2.2400,4067600
20130527,2.2500,2.2700,2.2400,2.2700,4245100
20130528,2.2600,2.2700,2.2400,2.2500,6795900
20130529,2.2700,2.2700,2.2500,2.2600,4836200
20130530,2.2500,2.2700,2.2500,2.2700,4366500
20130531,2.2400,2.2700,2.2400,2.2500,6234600
20130603,2.2600,2.2700,2.2400,2.2400,5917000
20130604,2.2600,2.2700,2.2400,2.2600,7733200
20130605,2.2500,2.2600,2.2500,2.2600,4052400
20130606,2.2400,2.2600,2.2400,2.2600,4275200
20130607,2.2400,2.2500,2.2100,2.2400,6583100
20130610,2.2400,2.2400,2.2400,2.2400,0
20130611,2.2400,2.2400,2.2400,2.2400,0
20130612,2.2400,2.2400,2.2400,2.2400,0
20130613,2.2000,2.2300,2.1700,2.2300,9338300
20130614,2.0900,2.1000,2.0700,2.1000,5391300
20130617,2.0700,2.0900,2.0500,2.0900,6145300
20130618,2.0600,2.0700,2.0400,2.0700,3527700
20130619,2.0700,2.0800,2.0400,2.0600,6908500
20130620,2.0200,2.0700,2.0000,2.0700,5638200
20130621,2.0200,2.0200,1.9900,2.0200,6758100
20130624,1.9300,2.0200,1.9200,2.0200,8585900
20130625,1.9000,1.9400,1.8100,1.9200,10241200
20130626,1.8900,1.9000,1.8700,1.8900,5055400
20130627,1.8900,1.9200,1.8800,1.9000,5815700
20130628,1.9000,1.9200,1.8600,1.8700,4979800
20130701,1.9100,1.9200,1.8800,1.9000,3863900
20130702,1.9000,1.9100,1.8800,1.9100,4683700
20130703,1.8900,1.9100,1.8700,1.8900,5280100
20130704,1.9100,1.9200,1.8800,1.9000,5080100
20130705,1.9200,1.9300,1.9000,1.9100,5426600
20130708,1.8800,1.9100,1.8700,1.8900,4510900
20130709,1.8900,1.8900,1.8700,1.8800,2386300
20130710,1.9100,1.9200,1.8700,1.8900,4466500
20130711,1.9600,1.9700,1.9100,1.9200,9960000
20130712,1.9200,1.9600,1.9200,1.9500,5953100
20130715,1.9300,1.9400,1.9100,1.9200,5095300
20130716,1.9400,1.9400,1.9100,1.9300,4349700
20130717,1.9200,1.9500,1.9200,1.9300,3728800
20130718,1.9100,1.9300,1.9000,1.9200,4562700
20130719,1.8800,1.9100,1.8800,1.9000,5670600
20130722,1.8800,1.8800,1.8600,1.8700,5790800
20130723,1.9100,1.9200,1.8700,1.8800,6973400
20130724,1.9000,1.9200,1.8900,1.9100,3386600
20130725,1.8900,1.9100,1.8900,1.9000,3296100
20130726,1.8900,1.9000,1.8700,1.8900,2946400
20130729,1.8700,1.8900,1.8600,1.8900,3055700
20130730,1.8800,1.8900,1.8600,1.8700,2378800
20130731,1.8700,1.8900,1.8700,1.8700,2994100
20130801,1.9000,1.9000,1.8700,1.8700,4792300
20130802,1.9000,1.9100,1.8900,1.9000,4617900
20130805,1.9100,1.9100,1.8900,1.9000,3648000
20130806,1.9200,1.9300,1.8900,1.9100,6821500
20130807,1.9100,1.9200,1.9000,1.9200,5025200
20130808,1.9200,1.9200,1.9000,1.9100,4039500
20130809,1.9100,1.9200,1.9000,1.9100,4539100
20130812,1.9400,1.9500,1.9000,1.9100,9215200
20130813,1.9600,1.9600,1.9300,1.9400,8619800
20130814,1.9500,1.9700,1.9300,1.9600,8468000
20130815,1.9300,1.9600,1.9300,1.9400,5170600
20130816,1.9400,2.0000,1.9100,1.9300,9802500
20130819,1.9400,1.9500,1.9100,1.9300,6776900
20130820,1.9400,1.9500,1.9200,1.9400,6133000
20130821,1.9300,1.9400,1.9100,1.9300,3768000
20130822,1.9300,1.9400,1.9200,1.9300,4652800
20130823,1.9300,1.9500,1.9100,1.9300,6078800
20130826,1.9600,1.9700,1.9200,1.9300,10130100
20130827,2.0200,2.0300,1.9500,1.9600,22076800
20130828,2.0000,2.0400,1.9900,2.0000,13970300
20130829,2.0600,2.1000,1.9900,2.0000,24270800
20130830,2.1400,2.1600,2.0400,2.0400,45142600
20130902,2.0600,2.1600,2.0600,2.1500,24661700
20130903,2.0900,2.0900,2.0500,2.0600,16684200
20130904,2.1000,2.1200,2.0800,2.0800,13529100
20130905,2.0600,2.1100,2.0600,2.1000,8126300
20130906,2.0700,2.0800,2.0500,2.0600,8324200
20130909,2.1100,2.1200,2.0600,2.0700,13878900
20130910,2.1600,2.1800,2.0900,2.1100,20655200
20130911,2.1900,2.2100,2.1600,2.1600,33383500
20130912,2.2600,2.3200,2.1300,2.1800,57311400
20130913,2.2000,2.2500,2.1900,2.2300,28168000
20130916,2.1800,2.2200,2.1700,2.2000,11877900
20130917,2.1400,2.2100,2.1400,2.1800,13736600
20130918,2.1500,2.1800,2.1200,2.1400,10543300
20130920,2.1500,2.1500,2.1500,2.1500,0
20130923,2.1700,2.1700,2.1400,2.1600,9032500
20130924,2.1500,2.1700,2.1200,2.1700,11762200
20130925,2.1100,2.1500,2.1100,2.1400,15838800
20130926,2.0700,2.1100,2.0600,2.1100,8006700
20130927,2.0700,2.0800,2.0600,2.0600,5906100
20130930,2.0900,2.0900,2.0600,2.0800,4112500
20131001,2.0900,2.0900,2.0900,2.0900,0
20131002,2.0900,2.0900,2.0900,2.0900,0
20131003,2.0900,2.0900,2.0900,2.0900,0
20131004,2.0900,2.0900,2.0900,2.0900,0
20131007,2.0900,2.0900,2.0900,2.0900,0
20131008,2.1100,2.1100,2.0700,2.0900,4823500
20131009,2.1600,2.1600,2.0900,2.1000,13657200
20131010,2.1300,2.1600,2.1000,2.1600,10097700
20131011,2.1400,2.1500,2.1200,2.1300,6751800
20131014,2.1600,2.1700,2.1300,2.1400,9750300
20131015,2.1500,2.1700,2.1300,2.1600,5859800
20131016,2.1100,2.1400,2.1000,2.1400,6981700
20131017,2.1300,2.1400,2.1100,2.1100,5892100
20131018,2.1200,2.1300,2.1100,2.1300,3606200
20131021,2.1400,2.1400,2.1100,2.1200,6475500
20131022,2.1200,2.1400,2.1100,2.1400,4366300
20131023,2.1500,2.1500,2.1100,2.1300,11181900
20131024,2.1200,2.1600,2.1000,2.1500,11109300
20131025,2.0900,2.1200,2.0700,2.1000,8297200
20131028,2.0800,2.0900,2.0700,2.0900,3617400
20131029,2.0600,2.1100,2.0300,2.0900,9465500
20131030,2.0900,2.0900,2.0400,2.0600,5447800
20131031,2.0800,2.0900,2.0700,2.0900,4398500
20131101,2.0800,2.0900,2.0600,2.0800,3105000
20131104,2.1000,2.1100,2.0800,2.0800,3471000
20131105,2.1000,2.1000,2.0700,2.0900,3979500
20131106,2.0800,2.1000,2.0700,2.1000,3856200
20131107,2.0700,2.0800,2.0700,2.0700,2743000
20131108,2.0500,2.0800,2.0500,2.0700,2777800
20131111,2.0500,2.0600,2.0400,2.0500,2502800
20131112,2.0600,2.0700,2.0500,2.0500,2364700
20131113,2.0400,2.0700,2.0300,2.0600,4311000
20131114,2.0300,2.0400,2.0200,2.0400,4113500
20131115,2.0500,2.0700,2.0200,2.0300,6291400
20131118,2.0900,2.0900,2.0500,2.0600,6293100
20131119,2.0900,2.0900,2.0700,2.0800,4253500
20131120,2.0900,2.1000,2.0700,2.0800,5117200
20131121,2.1300,2.1400,2.0700,2.0900,15828100
20131122,2.1100,2.1400,2.1000,2.1300,7665800
20131125,2.1400,2.1500,2.1000,2.1200,11157800
20131126,2.1400,2.1600,2.1200,2.1400,10848300
20131127,2.1500,2.1500,2.1200,2.1400,5474100
20131128,2.1600,2.1700,2.1500,2.1500,11303600
20131129,2.1600,2.1700,2.1500,2.1600,7689900
20131202,2.1400,2.1600,2.1300,2.1500,19707200
20131203,2.1500,2.1600,2.1200,2.1300,6574600
20131204,2.1800,2.1900,2.1500,2.1500,15450700
20131205,2.1800,2.1900,2.1600,2.1700,9102500
20131206,2.1800,2.1900,2.1700,2.1800,7755600
20131209,2.1900,2.2000,2.1800,2.1800,11209900
20131210,2.1800,2.1900,2.1700,2.1900,5137700
20131211,2.1500,2.1900,2.1500,2.1800,7818700
20131212,2.1600,2.1700,2.1400,2.1500,3836800
20131213,2.1700,2.1700,2.1500,2.1600,4162700
20131216,2.1400,2.1700,2.1300,2.1700,6667700
20131217,2.1500,2.1600,2.1300,2.1300,5230300
20131218,2.1400,2.1600,2.1400,2.1500,3404900
20131219,2.1500,2.1600,2.1400,2.1400,4902900
20131220,2.1300,2.1500,2.1200,2.1400,5340600
20131223,2.1000,2.1300,2.0900,2.1300,3461200
20131224,2.1000,2.1200,2.1000,2.1000,2177900
20131225,2.1200,2.1200,2.0900,2.1000,2423900
20131226,2.1000,2.1100,2.0700,2.1100,4669800
20131227,2.1000,2.1200,2.0900,2.0900,3470400
20131230,2.1000,2.1200,2.1000,2.1100,4063400
20131231,2.1400,2.1500,2.0800,2.1000,8199900
20140101,2.1400,2.1400,2.1400,2.1400,0
20140102,2.1400,2.1500,2.1100,2.1300,4835400
20140103,2.1500,2.1500,2.1200,2.1400,10474200
20140106,2.1000,2.1500,2.1000,2.1400,3293900
20140107,2.1100,2.1200,2.0900,2.1000,2799400
20140108,2.0800,2.1200,2.0800,2.1100,2800100
20140109,2.1000,2.1100,2.0700,2.0800,5491300
20140110,2.0600,2.1000,2.0500,2.0900,2917300
20140113,2.0600,2.0800,2.0400,2.0500,2092200
20140114,2.0700,2.0700,2.0400,2.0600,1974700
20140115,2.0700,2.0800,2.0600,2.0700,1408900
20140116,2.0600,2.0800,2.0600,2.0700,1556100
20140117,2.0500,2.0700,2.0400,2.0700,1942200
20140120,2.0400,2.0500,2.0200,2.0400,1585000
20140121,2.0400,2.0600,2.0400,2.0400,1508300
20140122,2.0800,2.0900,2.0400,2.0400,3123800
20140123,2.0800,2.1000,2.0700,2.0800,2777600
20140124,2.0900,2.1100,2.0700,2.0700,3100100
20140127,2.0700,2.0900,2.0600,2.0900,2553900
20140128,2.0600,2.0800,2.0500,2.0700,3897600
20140129,2.0700,2.0800,2.0600,2.0600,1901300
20140130,2.0600,2.0700,2.0600,2.0700,1055700
20140131,2.0600,2.0600,2.0600,2.0600,0
20140203,2.0600,2.0600,2.0600,2.0600,0
20140205,2.0600,2.0600,2.0600,2.0600,0
20140206,2.0600,2.0600,2.0600,2.0600,0
20140207,2.0700,2.0700,2.0400,2.0600,2131000
20140210,2.1100,2.1100,2.0600,2.0600,5683300
20140211,2.1100,2.1200,2.0900,2.1000,4555600
20140212,2.1200,2.1200,2.1000,2.1200,4032700
20140213,2.1100,2.1200,2.0900,2.1100,5202700
20140214,2.1100,2.1200,2.0900,2.1000,3735600
20140217,2.1400,2.1400,2.1100,2.1200,7361100
20140218,2.1100,2.1400,2.1000,2.1400,5960900
20140219,2.1200,2.1300,2.0900,2.1100,5697200
20140220,2.1500,2.1700,2.1200,2.1300,15179900
20140221,2.1100,2.1500,2.1100,2.1500,7379900
20140224,2.0800,2.1100,2.0800,2.1100,7726000
20140225,2.0500,2.0900,2.0400,2.0800,6143500
