20130226,4.5900,4.6800,4.5800,4.6300,3301900
20130227,4.6100,4.6400,4.5800,4.5900,3492500
20130228,4.6900,4.7000,4.6000,4.6200,4532400
20130301,4.6800,4.6900,4.6300,4.6900,3235700
20130304,4.5200,4.6500,4.5100,4.6400,5312400
20130305,4.5700,4.5900,4.5100,4.5200,3544900
20130306,4.6400,4.6600,4.5600,4.5900,4728900
20130307,4.6200,4.7000,4.6000,4.6500,4216000
20130308,4.6500,4.7000,4.6000,4.6400,3583700
20130311,4.6200,4.6600,4.6000,4.6400,1971800
20130312,4.6500,4.7600,4.6000,4.6400,7576300
20130313,4.5600,4.6500,4.5300,4.6400,2782000
20130314,4.5000,4.5700,4.4800,4.5600,2690700
20130315,4.5600,4.6200,4.5200,4.5300,3755000
20130318,4.4400,4.5500,4.4100,4.5100,3735200
20130319,4.3900,4.4700,4.3400,4.4400,5666500
20130320,4.4800,4.4800,4.3700,4.3900,4143300
20130321,4.5200,4.5500,4.4500,4.4700,4110100
20130322,4.5300,4.5800,4.4900,4.5200,3251800
20130325,4.5100,4.5400,4.4900,4.5200,2543100
20130326,4.4900,4.5100,4.4500,4.4800,3053300
20130327,4.5100,4.5300,4.4600,4.4900,1725300
20130328,4.3900,4.5000,4.3700,4.5000,3692800
20130329,4.3800,4.4000,4.3500,4.3900,2714800
20130401,4.3700,4.4000,4.3600,4.3900,2210200
20130402,4.3300,4.4100,4.2900,4.3800,3665100
20130403,4.3300,4.3500,4.2800,4.3500,1955700
20130404,4.3300,4.3300,4.3300,4.3300,0
20130405,4.3300,4.3300,4.3300,4.3300,0
20130408,4.3000,4.3000,4.2300,4.2900,2315100
20130409,4.3600,4.3700,4.2900,4.2900,2341300
20130410,4.3600,4.3800,4.3400,4.3400,1568100
20130411,4.3700,4.4300,4.3600,4.3800,2483800
20130412,4.3200,4.3700,4.3200,4.3600,1612200
20130415,4.2700,4.3100,4.2500,4.3000,1944100
20130416,4.3000,4.3000,4.2300,4.2500,1490300
20130417,4.2800,4.3200,4.2300,4.3000,1150500
20130418,4.3000,4.3100,4.2600,4.2700,1140500
20130419,4.3700,4.3900,4.2900,4.2900,1834000
20130422,4.3400,4.3800,4.3100,4.3500,1544700
20130423,4.2800,4.3700,4.2700,4.3400,2121500
20130424,4.3100,4.3200,4.2400,4.2800,1650600
20130425,4.2500,4.2900,4.2200,4.2900,2133100
20130426,4.2300,4.2700,4.2200,4.2500,1153000
20130429,4.2300,4.2300,4.2300,4.2300,0
20130430,4.2300,4.2300,4.2300,4.2300,0
20130501,4.2300,4.2300,4.2300,4.2300,0
20130502,4.1700,4.1900,4.1400,4.1900,1964200
20130503,4.1900,4.2200,4.1500,4.1700,1960800
20130506,4.2300,4.2300,4.1800,4.2100,2457200
20130507,4.2400,4.2400,4.1800,4.2100,2305100
20130508,4.2200,4.2600,4.2000,4.2400,1572800
20130509,4.1900,4.2200,4.1700,4.2200,1951000
20130510,4.2100,4.2100,4.1600,4.2000,1942800
20130513,4.2500,4.2700,4.1800,4.2000,3305700
20130514,4.1800,4.2400,4.1700,4.2300,1539300
20130515,4.2100,4.2100,4.1800,4.1900,1058600
20130516,4.2400,4.2400,4.1900,4.2100,1849700
20130517,4.2900,4.3200,4.2300,4.2400,3311900
20130520,4.3300,4.3600,4.2900,4.3300,4254800
20130521,4.3700,4.3700,4.2900,4.3200,3663600
20130522,4.3900,4.3900,4.3200,4.3600,3957400
20130523,4.4200,4.7400,4.4000,4.7400,14688200
20130524,4.3900,4.4400,4.3300,4.3800,5906000
20130527,4.3400,4.3900,4.3400,4.3900,2956500
20130528,4.3700,4.3700,4.2800,4.3500,3513400
20130529,4.3500,4.3900,4.3400,4.3600,2418100
20130530,4.3500,4.3600,4.3200,4.3500,2583800
20130531,4.3100,4.3600,4.2800,4.3500,4210800
20130603,4.2600,4.3000,4.2500,4.2900,4815500
20130604,4.1700,4.2600,4.1400,4.2500,5197600
20130605,4.1500,4.1800,4.1300,4.1600,2879600
20130606,4.1000,4.1400,4.0900,4.1300,3745200
20130607,4.0700,4.1200,4.0400,4.1000,2973800
20130610,4.0700,4.0700,4.0700,4.0700,0
20130611,4.0700,4.0700,4.0700,4.0700,0
20130612,4.0700,4.0700,4.0700,4.0700,0
20130613,3.9400,4.0500,3.9300,4.0500,3694700
20130614,3.9700,3.9800,3.9500,3.9800,1813100
20130617,3.9900,4.0300,3.9600,3.9700,3645600
20130618,3.9700,4.0100,3.9600,4.0000,1627400
20130619,4.0200,4.0600,3.9700,3.9800,6166200
20130620,3.8700,4.0100,3.8600,4.0100,4970700
20130621,3.8200,3.8500,3.7700,3.8000,2952600
20130624,3.5800,3.8300,3.5700,3.8200,4799700
20130625,3.5000,3.5800,3.3400,3.5800,4400000
20130626,3.5300,3.5300,3.4600,3.5300,2300900
20130627,3.4900,3.5700,3.4600,3.5300,2416300
20130628,3.4800,3.5300,3.4000,3.4900,2309200
20130701,3.5600,3.5800,3.4800,3.5000,4087900
20130702,3.5600,3.5700,3.5300,3.5500,1927900
20130703,3.5000,3.5600,3.4800,3.5600,1963500
20130704,3.5500,3.5500,3.4400,3.4700,2732400
20130705,3.5300,3.5700,3.5100,3.5300,2269300
20130708,3.4200,3.5100,3.4100,3.5100,2286400
20130709,3.4300,3.4400,3.4000,3.4100,1086900
20130710,3.5000,3.5100,3.4200,3.4300,1970900
20130711,3.6000,3.6300,3.4800,3.5000,5093600
20130712,3.5300,3.6100,3.5300,3.6000,2329400
20130715,3.5700,3.5900,3.5200,3.5300,2235400
20130716,3.5700,3.5800,3.5300,3.5700,2017500
20130717,3.5400,3.6300,3.5300,3.5600,2393000
20130718,3.4700,3.5500,3.4600,3.5200,2495200
20130719,3.4400,3.4900,3.4200,3.4700,2425000
20130722,3.3700,3.4300,3.3500,3.4300,3725100
20130723,3.4500,3.4600,3.3700,3.3800,2919000
20130724,3.4200,3.4600,3.3800,3.4400,2321500
20130725,3.4200,3.4800,3.3800,3.4200,5925500
20130726,3.3600,3.4100,3.3500,3.4100,3113600
20130729,3.3100,3.3500,3.3000,3.3500,2914300
20130730,3.3400,3.3500,3.3100,3.3100,1616700
20130731,3.3300,3.3800,3.3100,3.3400,1499500
20130801,3.3900,3.3900,3.3300,3.3300,2550200
20130802,3.3900,3.4100,3.3800,3.3900,2391300
20130805,3.5400,3.5900,3.3800,3.3800,8687100
20130806,3.5300,3.5400,3.4600,3.5200,5037800
20130807,3.5100,3.6000,3.4900,3.5100,5640400
20130808,3.4900,3.5200,3.4600,3.5100,1965600
20130809,3.5100,3.5200,3.4700,3.4900,2090200
20130812,3.5800,3.5800,3.5000,3.5100,3615700
20130813,3.6900,3.7100,3.5700,3.5900,8509700
20130814,3.6500,3.7000,3.6300,3.6900,3728400
20130815,3.6500,3.7200,3.6300,3.6500,4614600
20130816,3.6400,3.7300,3.5900,3.6300,4888600
20130819,3.6600,3.6600,3.5700,3.6000,2672600
20130820,3.5700,3.6300,3.5600,3.6200,4006100
20130821,3.5500,3.5700,3.5100,3.5600,3005700
20130822,3.5300,3.5500,3.5100,3.5300,2554300
20130823,3.5400,3.5900,3.5100,3.5300,2419300
20130826,3.8900,3.8900,3.5300,3.5400,20384800
20130827,3.9700,4.0800,3.8200,3.9000,25282400
20130828,4.1600,4.2600,3.8400,3.9000,28712500
20130829,4.0700,4.1400,4.0300,4.0600,13082700
20130830,4.4800,4.4800,4.0300,4.0700,46003600
20130902,4.2600,4.6000,4.1300,4.5700,28650100
20130903,4.1100,4.2300,4.0600,4.1900,15425100
20130904,4.2100,4.2600,4.1000,4.1200,11859200
20130905,4.2000,4.2400,4.1000,4.1900,10664800
20130906,4.5600,4.6200,4.1600,4.1900,34452100
20130909,5.0200,5.0200,4.5500,4.5600,50563000
20130910,5.5200,5.5200,5.1200,5.2300,76089696
20130911,5.4700,6.0700,5.3100,5.7600,73521104
20130912,5.3000,5.5000,5.1300,5.3000,37724100
20130913,5.0200,5.2100,4.8500,5.2100,37780800
20130916,4.9600,5.0900,4.9200,5.0200,22848700
20130917,4.7700,5.0200,4.6700,5.0000,23258100
20130918,4.8000,4.9100,4.7800,4.7800,17945800
20130920,4.8000,4.8000,4.8000,4.8000,0
20130923,4.9300,4.9900,4.8300,4.8900,17006200
20130924,4.9200,5.0600,4.7200,4.9200,28615000
20130925,4.8100,5.0500,4.7600,4.8900,26054600
20130926,4.4600,4.8500,4.4200,4.8100,22100600
20130927,4.4500,4.5100,4.3600,4.4600,14930000
20130930,4.4800,4.5100,4.4100,4.4600,9772400
20131001,4.4800,4.4800,4.4800,4.4800,0
20131002,4.4800,4.4800,4.4800,4.4800,0
20131003,4.4800,4.4800,4.4800,4.4800,0
20131004,4.4800,4.4800,4.4800,4.4800,0
20131007,4.4800,4.4800,4.4800,4.4800,0
20131008,4.5100,4.5600,4.3800,4.4800,11716800
20131009,4.6900,4.7500,4.4600,4.5000,19792100
20131010,4.5500,4.6900,4.5100,4.6900,14564600
20131011,4.6500,4.6500,4.5200,4.5600,15862100
20131014,4.6300,4.7300,4.6100,4.6300,12915600
20131015,4.5600,4.6300,4.5100,4.6300,12434400
20131016,4.3600,4.5300,4.3000,4.5300,14699800
20131017,4.4000,4.4300,4.3300,4.3700,10210500
20131018,4.6300,4.8400,4.4500,4.4800,38681400
20131021,4.5300,4.6100,4.3100,4.4500,27402900
20131022,4.4100,4.4800,4.3800,4.4800,14324100
20131023,4.3100,4.4900,4.3000,4.4300,10981200
20131024,4.3000,4.3500,4.2700,4.3300,5097900
20131025,4.2500,4.3300,4.2100,4.3100,6735600
20131028,4.4200,4.4800,4.2100,4.2100,16098500
20131029,4.2600,4.3800,4.0900,4.3700,11292300
20131030,4.3000,4.3500,4.1800,4.2000,6682300
20131031,4.2500,4.3200,4.2400,4.2800,5533300
20131101,4.2500,4.3000,4.1800,4.2300,5341000
20131104,4.2400,4.2800,4.2200,4.2600,3927100
20131105,4.2700,4.2800,4.1700,4.2400,5090800
20131106,4.2100,4.2800,4.2100,4.2600,6123200
20131107,4.1600,4.2300,4.1600,4.2000,4171800
20131108,4.0700,4.2000,4.0700,4.1600,6045200
20131111,4.1100,4.1800,4.0100,4.0700,5052000
20131112,4.1600,4.1700,4.1000,4.1300,4912600
20131113,4.1200,4.3700,4.0600,4.2000,7728200
20131114,4.1300,4.1400,4.0600,4.1000,3884700
20131115,4.2000,4.3000,4.1100,4.1300,7096600
20131118,4.3200,4.3800,4.2400,4.2400,9806000
20131119,4.3200,4.3400,4.2800,4.3200,4613900
20131120,4.3600,4.3800,4.2800,4.3200,6428600
20131121,4.4100,4.4800,4.2900,4.3400,13666400
20131122,4.4100,4.4600,4.3500,4.4300,10481300
20131125,4.3600,4.4600,4.3200,4.3800,5772800
20131126,4.3900,4.4500,4.3400,4.3400,5502300
20131127,4.3700,4.4100,4.3200,4.3800,5042300
20131128,4.3900,4.4200,4.3600,4.3700,5887500
20131129,4.5700,4.5800,4.4200,4.4300,17188700
20131202,4.4400,4.6500,4.4000,4.5000,14592300
20131203,4.5900,4.6500,4.3800,4.4000,12100800
20131204,5.0500,5.0500,4.5800,4.5900,18563400
20131205,5.0700,5.4000,5.0600,5.3000,43606800
20131206,4.9500,5.1500,4.9200,5.0700,16996000
20131209,4.9700,5.1200,4.9300,4.9600,11331500
20131210,5.0100,5.1300,4.9600,4.9600,9620700
20131211,5.0300,5.0900,4.9400,5.0100,12137100
20131212,5.0900,5.1900,5.0000,5.0300,12087400
20131213,5.3200,5.4900,5.0400,5.0900,21279400
20131216,4.9600,5.2800,4.7900,5.2500,24762400
20131217,4.7800,4.9400,4.6700,4.9000,16681100
20131218,4.7300,4.8200,4.7000,4.7800,6205800
20131219,4.6300,4.7700,4.6000,4.7600,7572100
20131220,4.6100,4.7200,4.5300,4.6400,5931600
20131223,4.6300,4.6900,4.5600,4.6100,4672100
20131224,4.7500,4.8300,4.6800,4.6800,7555900
20131225,4.7800,4.8100,4.6900,4.7900,3848300
20131226,4.6000,4.7600,4.5900,4.7600,3936800
20131227,4.8400,4.9900,4.5400,4.5800,8501700
20131230,4.7700,4.8700,4.7500,4.8400,4219500
20131231,4.8700,4.8900,4.7100,4.7500,5139800
20140101,4.8700,4.8700,4.8700,4.8700,0
20140102,4.7900,4.9300,4.7700,4.8600,4808500
20140103,4.6400,4.7100,4.5700,4.7000,7324700
20140106,4.4100,4.6100,4.3800,4.6100,7009000
20140107,4.4100,4.5200,4.3200,4.3800,4316800
20140108,4.3800,4.4500,4.3300,4.3800,3529000
20140109,4.3700,4.4500,4.3400,4.3600,3099200
20140110,4.2000,4.3600,4.2000,4.3000,4228100
20140113,4.1800,4.2700,4.1300,4.1800,2840600
20140114,4.2600,4.2600,4.1500,4.1700,2055800
20140115,4.1800,4.2500,4.1500,4.2500,2424500
20140116,4.2000,4.2500,4.1500,4.2000,2078000
20140117,4.2000,4.2300,4.1600,4.2200,1855000
20140120,4.1300,4.1900,4.1000,4.1800,2285300
20140121,4.1700,4.1900,4.1100,4.1200,1542900
20140122,4.2700,4.2800,4.1500,4.1500,3228700
20140123,4.2400,4.2800,4.2200,4.2700,2753300
20140124,4.2600,4.3400,4.2200,4.2400,3478000
20140127,4.1400,4.2600,4.1300,4.2200,5037000
20140128,4.1600,4.2000,4.1300,4.1400,2141800
20140129,4.1800,4.2100,4.1400,4.1500,1741900
20140130,4.1400,4.2000,4.1100,4.1800,2105700
20140131,4.1400,4.1400,4.1400,4.1400,0
20140203,4.1400,4.1400,4.1400,4.1400,0
20140205,4.1400,4.1400,4.1400,4.1400,0
20140206,4.1400,4.1400,4.1400,4.1400,0
20140207,4.2700,4.2800,4.1100,4.1100,4144400
20140210,4.3500,4.3700,4.2700,4.2700,5032800
20140211,4.4000,4.4300,4.2800,4.3600,5515300
20140212,4.4100,4.4300,4.3300,4.3800,4833100
20140213,4.3400,4.4000,4.3000,4.3800,4554600
20140214,4.3900,4.3900,4.3000,4.3300,3880400
20140217,4.4200,4.4300,4.3700,4.3800,4860200
20140218,4.3800,4.4300,4.3500,4.4300,4467000
20140219,4.4400,4.5000,4.3500,4.3800,9828600
20140220,4.5300,4.6300,4.4400,4.4600,12862700
20140221,4.4000,4.5300,4.3000,4.5300,6803000
20140224,4.2000,4.3800,4.1900,4.3400,7854100
20140225,4.1400,4.2600,4.1100,4.2000,4336600
