20130226,3.4900,3.5500,3.4800,3.5400,82826000
20130227,3.5200,3.5200,3.4800,3.4900,61197200
20130228,3.5600,3.5700,3.5000,3.5100,70670304
20130301,3.5300,3.5700,3.5000,3.5600,80499696
20130304,3.4500,3.5400,3.4400,3.5100,101420200
20130305,3.4700,3.4800,3.4300,3.4600,68776496
20130306,3.5500,3.5800,3.4600,3.4800,99070600
20130307,3.5000,3.5500,3.4800,3.5500,88490096
20130308,3.4800,3.5300,3.4700,3.5000,51934500
20130311,3.4500,3.4900,3.4500,3.4900,44663300
20130312,3.4300,3.4900,3.4100,3.4600,72563296
20130313,3.3700,3.4400,3.3500,3.4300,69340496
20130314,3.3700,3.3900,3.3500,3.3600,39928000
20130315,3.4100,3.4200,3.3300,3.3700,91804096
20130318,3.3500,3.4000,3.3400,3.3900,50893300
20130319,3.3700,3.3700,3.3300,3.3600,59407000
20130320,3.4200,3.4300,3.3600,3.3600,79082096
20130321,3.4400,3.4500,3.4200,3.4400,55542800
20130322,3.4800,3.5700,3.4700,3.4900,154395696
20130325,3.5200,3.5400,3.4800,3.5000,83951104
20130326,3.6100,3.6400,3.5100,3.5200,205137600
20130327,3.5800,3.6500,3.5600,3.6400,97702896
20130328,3.5200,3.5800,3.5000,3.5500,103300800
20130329,3.5300,3.5800,3.5100,3.5200,67127504
20130401,3.5700,3.5900,3.5100,3.5200,65111600
20130402,3.5800,3.6300,3.5500,3.5700,83305800
20130403,3.6600,3.6800,3.5700,3.5800,184791696
20130404,3.6600,3.6600,3.6600,3.6600,0
20130405,3.6600,3.6600,3.6600,3.6600,0
20130408,3.6100,3.6400,3.5800,3.6000,96848400
20130409,3.5900,3.6400,3.5700,3.6300,72918600
20130410,3.5800,3.6100,3.5300,3.5900,56952400
20130411,3.5200,3.6100,3.5100,3.5900,57792500
20130412,3.4900,3.5300,3.4700,3.5100,52812800
20130415,3.4500,3.5100,3.4200,3.4800,61949400
20130416,3.4600,3.4700,3.4100,3.4400,58231600
20130417,3.4600,3.5000,3.4100,3.4700,42174400
20130418,3.4700,3.4900,3.4300,3.4400,52956200
20130419,3.5300,3.5500,3.4600,3.4700,82276600
20130422,3.5900,3.6000,3.5000,3.5500,124196200
20130423,3.5200,3.5900,3.5100,3.5800,69530896
20130424,3.6400,3.6500,3.5200,3.5300,157492400
20130425,3.6400,3.6700,3.6100,3.6300,102091696
20130426,3.5700,3.6700,3.5500,3.6500,117328704
20130429,3.5700,3.5700,3.5700,3.5700,0
20130430,3.5700,3.5700,3.5700,3.5700,0
20130501,3.5700,3.5700,3.5700,3.5700,0
20130502,3.5800,3.6100,3.5500,3.5600,42544700
20130503,3.6400,3.6600,3.5800,3.5800,108630800
20130506,3.7200,3.8100,3.6900,3.7000,200843296
20130507,3.6900,3.7500,3.6800,3.7100,83781296
20130508,3.7100,3.7400,3.6800,3.7100,66107200
20130509,3.6400,3.7200,3.6100,3.7100,106378704
20130510,3.6600,3.6600,3.6000,3.6300,53546200
20130513,3.6700,3.6800,3.6200,3.6500,55233500
20130514,3.6000,3.6600,3.5800,3.6500,64665600
20130515,3.6100,3.6300,3.5900,3.6100,35334000
20130516,3.6900,3.7200,3.6000,3.6200,95511600
20130517,3.7100,3.7300,3.6500,3.6900,102830800
20130520,3.7400,3.7700,3.6900,3.7100,99051904
20130521,3.7100,3.7400,3.6700,3.7200,90666200
20130522,3.7400,3.7800,3.6600,3.7100,122829800
20130523,3.6600,3.7500,3.6500,3.7200,106366000
20130524,3.6800,3.7000,3.6600,3.6700,66184000
20130527,3.7900,3.7900,3.6600,3.6800,156516992
20130528,3.8500,3.8600,3.7700,3.7900,195653904
20130529,3.8100,3.8700,3.8000,3.8400,95326496
20130530,3.8300,3.8500,3.7900,3.8000,82444896
20130531,3.7600,3.8700,3.7400,3.8400,84097296
20130603,3.7700,3.8200,3.7500,3.7500,59440000
20130604,3.6900,3.8000,3.6800,3.8000,107207504
20130605,3.6900,3.7100,3.6500,3.7000,61469300
20130606,3.6600,3.6800,3.6500,3.6700,51170000
20130607,3.6000,3.6800,3.5700,3.6600,75067600
20130610,3.6000,3.6000,3.6000,3.6000,0
20130611,3.6000,3.6000,3.6000,3.6000,0
20130612,3.6000,3.6000,3.6000,3.6000,0
20130613,3.5400,3.5700,3.4900,3.5600,66317200
20130614,3.5700,3.5800,3.5300,3.5500,44660700
20130617,3.5500,3.5800,3.5500,3.5700,31294200
20130618,3.5500,3.5800,3.5300,3.5700,39238600
20130619,3.5200,3.5500,3.4800,3.5400,43564700
20130620,3.4000,3.5000,3.3800,3.5000,66658200
20130621,3.3500,3.4100,3.2900,3.3700,92024896
20130624,3.2200,3.3700,3.1400,3.3400,106141504
20130625,3.1500,3.2200,2.9700,3.1900,177142000
20130626,3.0800,3.1500,2.9800,3.1500,180635696
20130627,3.1000,3.1600,3.0500,3.0800,126948496
20130628,3.1200,3.1400,3.0600,3.0800,159197104
20130701,3.0800,3.0900,3.0200,3.0800,65433400
20130702,3.0700,3.0800,3.0200,3.0800,97758704
20130703,3.1200,3.1300,3.0100,3.0600,110460096
20130704,3.1000,3.1300,3.0800,3.0800,72359200
20130705,3.1000,3.1200,3.0900,3.1100,45976100
20130708,3.0400,3.0800,3.0200,3.0800,63658200
20130709,3.0500,3.0700,3.0200,3.0300,36774800
20130710,3.1300,3.1500,3.0300,3.0500,74795296
20130711,3.2200,3.2700,3.1200,3.1300,140460800
20130712,3.1900,3.2700,3.1900,3.2100,98296600
20130715,3.2000,3.2800,3.1800,3.2200,103574800
20130716,3.1900,3.2100,3.1400,3.2000,67393000
20130717,3.1300,3.2000,3.1000,3.1900,115755904
20130718,3.0700,3.1200,3.0400,3.1100,85748096
20130719,3.0700,3.1400,3.0600,3.0800,88686496
20130722,3.1100,3.1200,3.0500,3.0700,91817600
20130723,3.1800,3.1900,3.1100,3.1200,108717504
20130724,3.1500,3.1700,3.1000,3.1700,109100800
20130725,3.1100,3.1800,3.1100,3.1500,78173904
20130726,3.0800,3.1100,3.0500,3.1100,57471800
20130729,3.2100,3.2200,3.0500,3.0600,173405904
20130730,3.1800,3.2300,3.1500,3.1900,128021200
20130731,3.1500,3.2300,3.1400,3.2300,80529000
20130801,3.2000,3.2100,3.1400,3.1700,83830600
20130802,3.2000,3.2300,3.1800,3.2200,64886800
20130805,3.1900,3.2100,3.1500,3.2000,76024400
20130806,3.2400,3.2700,3.1700,3.1800,94981000
20130807,3.2400,3.2800,3.2000,3.2300,84627600
20130808,3.2400,3.2500,3.2100,3.2200,48103600
20130809,3.3100,3.3900,3.2500,3.3500,197041296
20130812,3.3700,3.3700,3.2700,3.2900,176529296
20130813,3.3500,3.4100,3.3200,3.3500,156593296
20130814,3.3100,3.3600,3.2800,3.3600,120391600
20130815,3.2900,3.3400,3.2800,3.3300,118708096
20130816,3.3000,3.6200,3.2500,3.2900,241834592
20130819,3.3200,3.3300,3.2500,3.2900,98907600
20130820,3.2700,3.3300,3.2500,3.3100,92395696
20130821,3.2600,3.2800,3.2400,3.2600,65997300
20130822,3.2500,3.2900,3.2300,3.2500,117066304
20130823,3.2100,3.2700,3.1700,3.2700,104300200
20130826,3.2400,3.2500,3.1900,3.2100,90560304
20130827,3.2400,3.2500,3.2100,3.2400,64315900
20130828,3.2100,3.2400,3.1800,3.2200,97065600
20130829,3.2100,3.2200,3.1800,3.2100,67125600
20130830,3.2400,3.2700,3.1900,3.2000,110820000
20130902,3.2500,3.2700,3.2100,3.2400,94893600
20130903,3.2600,3.2700,3.2400,3.2500,98165400
20130904,3.2600,3.2700,3.2400,3.2500,67839400
20130905,3.2200,3.2600,3.2100,3.2600,70187400
20130906,3.2500,3.2700,3.2000,3.2100,93237600
20130909,3.3100,3.3300,3.2300,3.2500,191148192
20130910,3.3500,3.3800,3.2800,3.3000,187371696
20130911,3.4000,3.4500,3.3500,3.3700,245841600
20130912,3.4300,3.4900,3.3800,3.3900,197319392
20130913,3.3900,3.4500,3.3600,3.4300,121103296
20130916,3.4100,3.4500,3.3800,3.3900,113323904
20130917,3.3200,3.4300,3.3100,3.4200,113176096
20130918,3.4800,3.5200,3.3000,3.3300,187175296
20130920,3.4800,3.4800,3.4800,3.4800,0
20130923,3.4500,3.4700,3.4100,3.4500,133284704
20130924,3.3800,3.4400,3.3500,3.4400,133230704
20130925,3.3300,3.3900,3.3200,3.3800,93901904
20130926,3.2500,3.3300,3.2400,3.3200,132382304
20130927,3.2700,3.3300,3.2400,3.2500,81068800
20130930,3.2800,3.2900,3.2500,3.2600,73182896
20131001,3.2800,3.2800,3.2800,3.2800,0
20131002,3.2800,3.2800,3.2800,3.2800,0
20131003,3.2800,3.2800,3.2800,3.2800,0
20131004,3.2800,3.2800,3.2800,3.2800,0
20131007,3.2800,3.2800,3.2800,3.2800,0
20131008,3.6100,3.6100,3.4000,3.4500,555660992
20131009,3.5700,3.6300,3.5200,3.6000,345571488
20131010,3.4700,3.5300,3.4200,3.5200,236316304
20131011,3.5000,3.5100,3.4600,3.4800,164732496
20131014,3.4800,3.5000,3.4500,3.5000,115260000
20131015,3.5200,3.5800,3.4500,3.4800,178055200
20131016,3.4100,3.5100,3.4000,3.5100,124281200
20131017,3.3900,3.4500,3.3800,3.4300,77344000
20131018,3.4100,3.4400,3.3700,3.3900,58080200
20131021,3.4600,3.4700,3.3800,3.4100,92151104
20131022,3.4200,3.4600,3.4000,3.4500,69590000
20131023,3.3700,3.4500,3.3600,3.4200,88452896
20131024,3.4400,3.4400,3.3300,3.3400,116784000
20131025,3.3600,3.4400,3.3300,3.4200,114480704
20131028,3.3500,3.3800,3.3300,3.3600,77764896
20131029,3.3300,3.4000,3.2900,3.3600,155130400
20131030,3.3700,3.3800,3.3300,3.3400,85836800
20131031,3.4400,3.4600,3.3500,3.3700,139267200
20131101,3.4100,3.4400,3.4000,3.4400,56731900
20131104,3.4000,3.4400,3.3800,3.4300,52669500
20131105,3.3900,3.4000,3.3400,3.3800,64736000
20131106,3.3700,3.4100,3.3600,3.3800,58414400
20131107,3.3300,3.3800,3.3200,3.3700,54395900
20131108,3.3100,3.3500,3.2900,3.3300,55403400
20131111,3.2800,3.3200,3.2600,3.3100,42140000
20131112,3.3100,3.3100,3.2800,3.3000,49825100
20131113,3.2200,3.3000,3.2100,3.2900,85605696
20131114,3.2400,3.2500,3.2000,3.2200,53811900
20131115,3.2800,3.3100,3.2300,3.2400,90706896
20131118,3.3400,3.3500,3.2700,3.2900,111433504
20131119,3.3300,3.3700,3.3100,3.3400,64448900
20131120,3.3700,3.3700,3.3200,3.3400,78107600
20131121,3.3400,3.3600,3.3100,3.3500,62801000
20131122,3.3300,3.3600,3.3100,3.3500,67454096
20131125,3.2900,3.3300,3.2900,3.3100,81304096
20131126,3.2900,3.3100,3.2800,3.2900,54299700
20131127,3.3200,3.3200,3.2700,3.2900,57926900
20131128,3.3500,3.3800,3.3000,3.3200,132337296
20131129,3.4400,3.4700,3.3300,3.3600,227154496
20131202,3.4100,3.4900,3.3700,3.4100,174830400
20131203,3.4400,3.4800,3.3700,3.4000,103779904
20131204,3.5000,3.5200,3.4300,3.4500,180527296
20131205,3.4300,3.5500,3.4100,3.5500,231202800
20131206,3.3900,3.4200,3.3800,3.4100,86530496
20131209,3.3800,3.4200,3.3600,3.4100,86351504
20131210,3.3800,3.3900,3.3600,3.3800,51039500
20131211,3.3200,3.3700,3.3100,3.3600,69984600
20131212,3.3600,3.3700,3.3200,3.3200,66425100
20131213,3.3300,3.3600,3.3200,3.3300,53830600
20131216,3.2700,3.3400,3.2700,3.3300,65756700
20131217,3.2500,3.2900,3.2400,3.2800,52702500
20131218,3.2500,3.2700,3.2300,3.2500,43524900
20131219,3.2400,3.2800,3.2300,3.2600,72625504
20131220,3.2000,3.2500,3.1900,3.2400,74427000
20131223,3.2000,3.2300,3.1600,3.2000,45830100
20131224,3.2100,3.3000,3.1900,3.2600,75501200
20131225,3.2200,3.2300,3.1900,3.2200,41163600
20131226,3.1700,3.2200,3.1600,3.2100,39087100
20131227,3.2000,3.2100,3.1600,3.1700,48991100
20131230,3.1900,3.2300,3.1900,3.2000,44102200
20131231,3.2100,3.2200,3.1900,3.1900,41515700
20140101,3.2100,3.2100,3.2100,3.2100,0
20140102,3.2300,3.2400,3.2000,3.2100,51712500
20140103,3.1700,3.2300,3.1500,3.2200,63621300
20140106,3.0800,3.1600,3.0700,3.1600,71743000
20140107,3.0900,3.1000,3.0700,3.0800,38032000
20140108,3.0500,3.1100,3.0200,3.1000,70589400
20140109,3.0200,3.0700,3.0200,3.0500,42615800
20140110,3.0000,3.0200,2.9800,3.0100,63766900
20140113,3.0100,3.0200,2.9800,3.0000,37384100
20140114,3.0400,3.0400,2.9900,3.0100,40881600
20140115,3.0300,3.0400,2.9900,3.0400,43649000
20140116,3.0100,3.0400,3.0000,3.0200,52211100
20140117,2.9900,3.0100,2.9800,3.0100,38217600
20140120,2.9800,2.9900,2.9600,2.9800,43149600
20140121,3.0100,3.0200,2.9700,2.9800,39492600
20140122,3.0500,3.0600,2.9900,3.0100,74197296
20140123,3.0200,3.0500,3.0100,3.0500,56090900
20140124,3.0300,3.0500,2.9900,3.0100,77247200
20140127,2.9900,3.0100,2.9800,3.0100,62433500
20140128,3.0300,3.0500,2.9900,3.0000,60245900
20140129,3.0400,3.0500,3.0200,3.0500,42597100
20140130,3.0000,3.0400,2.9900,3.0300,46388700
20140131,3.0000,3.0000,3.0000,3.0000,0
20140203,3.0000,3.0000,3.0000,3.0000,0
20140205,3.0000,3.0000,3.0000,3.0000,0
20140206,3.0000,3.0000,3.0000,3.0000,0
20140207,3.0300,3.0300,2.9900,2.9900,38117300
20140210,3.0600,3.0800,3.0300,3.0300,98152096
20140211,3.0800,3.0900,3.0300,3.0500,113147800
20140212,3.0900,3.1200,3.0600,3.0700,95089104
20140213,3.0700,3.1000,3.0600,3.1000,68626896
20140214,3.0800,3.0900,3.0600,3.0700,67041800
20140217,3.1500,3.1700,3.0700,3.0900,139474304
20140218,3.0800,3.1400,3.0800,3.1400,98902600
20140219,3.1200,3.1300,3.0800,3.0800,76886896
20140220,3.1400,3.1700,3.1100,3.1200,133275600
20140221,3.1400,3.1600,3.0900,3.1500,82582600
20140224,3.0700,3.1200,3.0300,3.1200,107931600
20140225,3.0100,3.0800,2.9800,3.0700,91114496
