20130226,6.4300,6.6900,6.4000,6.6000,26048600
20130227,6.4600,6.5900,6.3900,6.5200,18750200
20130228,6.6100,6.6300,6.4200,6.4500,23839200
20130301,6.6700,6.6800,6.4900,6.6100,24770200
20130304,6.6600,6.8500,6.5900,6.6500,55767400
20130305,6.8000,6.9900,6.6200,6.6800,37516900
20130306,6.9900,7.1400,6.9300,6.9500,41264100
20130307,7.0500,7.0800,6.8500,6.9200,35316700
20130308,6.9500,7.1100,6.9400,7.0800,12787100
20130311,6.8200,6.9600,6.7800,6.9000,21761100
20130312,6.8000,6.9900,6.6900,6.8400,34605900
20130313,6.6800,6.8100,6.5700,6.7900,16144600
20130314,6.6600,6.7000,6.5100,6.5200,9568800
20130315,6.7600,6.8000,6.5600,6.6500,17963300
20130318,6.8900,6.9400,6.6700,6.7600,24227400
20130319,7.0800,7.1700,6.9000,6.9000,35642700
20130320,6.9500,7.1500,6.8900,7.0700,43758700
20130321,6.9200,7.0200,6.8900,6.9600,19407100
20130322,6.9500,6.9800,6.8000,6.9500,15810300
20130325,6.8700,6.9900,6.8100,6.9800,14796400
20130326,6.8200,6.8600,6.6900,6.8100,18199800
20130327,6.9600,6.9700,6.7800,6.8100,21430100
20130328,6.7900,6.9800,6.7100,6.9100,22241400
20130329,6.9000,6.9600,6.8000,6.8500,15815500
20130401,6.7800,6.8600,6.7200,6.8300,8849100
20130402,6.7900,6.9300,6.7500,6.7500,16529400
20130403,6.8000,6.8800,6.7300,6.8200,11701600
20130404,6.8000,6.8000,6.8000,6.8000,0
20130405,6.8000,6.8000,6.8000,6.8000,0
20130408,6.7100,6.7900,6.6600,6.6800,13930200
20130409,6.7000,6.7900,6.6500,6.7700,13824200
20130410,6.5600,6.7100,6.4500,6.6800,31329700
20130411,6.5400,6.5900,6.4900,6.5600,13993400
20130412,6.4800,6.5900,6.4200,6.5200,20829900
20130415,6.3900,6.5200,6.3500,6.4800,15630100
20130416,6.2000,6.4500,6.1800,6.4100,35134800
20130417,6.2400,6.2700,6.1200,6.2100,23812700
20130418,6.3700,6.3800,6.2100,6.2300,17633300
20130419,6.5100,6.5600,6.3700,6.3800,23297000
20130422,6.4800,6.5200,6.3600,6.4800,27151400
20130423,6.5000,6.5200,6.3900,6.4800,23817700
20130424,6.5700,6.6000,6.3800,6.5500,31503800
20130425,6.5500,6.5800,6.4300,6.5700,18419300
20130426,6.3700,6.5600,6.3000,6.5400,17036000
20130429,6.3700,6.3700,6.3700,6.3700,0
20130430,6.3700,6.3700,6.3700,6.3700,0
20130501,6.3700,6.3700,6.3700,6.3700,0
20130502,6.4900,6.5100,6.3600,6.3700,16523600
20130503,6.6900,6.7500,6.5100,6.5400,27727000
20130506,6.7800,6.8300,6.6900,6.7000,21887300
20130507,6.9000,6.9300,6.7800,6.7900,21236400
20130508,6.9200,7.0400,6.8800,6.9600,29124100
20130509,7.0100,7.0400,6.9000,6.9200,24088500
20130510,6.8800,7.0100,6.8000,6.9100,29214700
20130513,6.7900,6.9100,6.7500,6.8600,18531000
20130514,6.8200,6.8600,6.7000,6.7600,18055400
20130515,6.8700,6.9000,6.7600,6.7900,11138400
20130516,6.9700,7.0000,6.7900,6.8400,16467100
20130517,7.1700,7.2400,6.9600,6.9700,29344800
20130520,7.0900,7.1900,7.0000,7.1800,27427500
20130521,6.9000,7.0700,6.8000,7.0000,33060500
20130522,6.5000,6.8500,6.4500,6.8400,109893400
20130523,6.4800,6.5500,6.4600,6.5100,48553500
20130524,6.4300,6.5300,6.3900,6.5300,42426400
20130527,6.4500,6.4700,6.3700,6.4200,30743900
20130528,6.5300,6.5400,6.3900,6.4400,36022400
20130529,6.5600,6.5900,6.4800,6.5400,36142800
20130530,6.5000,6.6000,6.4900,6.5400,25835300
20130531,6.4100,6.5400,6.4000,6.5000,28311700
20130603,6.3900,6.4500,6.3800,6.4200,25337500
20130604,6.3100,6.4100,6.2700,6.4000,24400800
20130605,6.3600,6.3800,6.3000,6.3100,12577800
20130606,6.2800,6.3600,6.2700,6.3600,13629900
20130607,6.2000,6.3500,6.1800,6.3100,20141800
20130610,6.2000,6.2000,6.2000,6.2000,0
20130611,6.2000,6.2000,6.2000,6.2000,0
20130612,6.2000,6.2000,6.2000,6.2000,0
20130613,5.6700,6.1100,5.5800,6.0700,60362500
20130614,5.6100,5.7200,5.4900,5.7000,41627200
20130617,5.5200,5.6100,5.5100,5.6100,26299600
20130618,5.5000,5.5700,5.4500,5.5500,24991200
20130619,5.4000,5.4900,5.2700,5.4900,41005300
20130620,5.4200,5.4400,5.2900,5.3700,34790200
20130621,5.4700,5.4900,5.3100,5.3500,24608200
20130624,5.1000,5.4600,5.0900,5.4500,35038400
20130625,5.1900,5.2300,4.7600,5.0200,38696400
20130626,5.0900,5.1900,5.0100,5.1500,42996500
20130627,5.3300,5.4900,5.1300,5.1300,59140300
20130628,5.3400,5.4800,5.2700,5.3300,32456900
20130701,5.3600,5.4600,5.3000,5.3400,23188100
20130702,5.4300,5.4400,5.3300,5.3700,16518400
20130703,5.2600,5.4200,5.1500,5.4200,27667400
20130704,5.1600,5.2300,4.9000,5.0400,24730600
20130705,5.3100,5.3200,5.1600,5.1600,19814900
20130708,5.1900,5.2800,5.1600,5.2800,16584000
20130709,5.2800,5.3100,5.2100,5.2300,11868600
20130710,5.3500,5.3900,5.2600,5.2800,16873800
20130711,5.6400,5.6600,5.3600,5.3600,38164600
20130712,5.5000,5.6900,5.4200,5.6800,24278300
20130715,5.4700,5.5600,5.4300,5.4500,22603800
20130716,5.4600,5.5000,5.3900,5.4400,17773000
20130717,5.4500,5.5000,5.4300,5.4600,12482200
20130718,5.3700,5.4600,5.3100,5.4300,27809600
20130719,5.2900,5.4200,5.2800,5.3900,17146300
20130722,5.2300,5.2900,5.1400,5.2500,16605200
20130723,5.3200,5.3700,5.2200,5.2500,17519400
20130724,5.2000,5.3300,5.1200,5.3100,21560300
20130725,5.1400,5.2300,5.1100,5.2200,18781100
20130726,5.2400,5.2500,5.1000,5.1100,18289000
20130729,5.2900,5.2900,5.1600,5.1900,18639100
20130730,5.4100,5.5000,5.3200,5.3300,27338400
20130731,5.3500,5.5900,5.3500,5.5000,30377200
20130801,5.5700,5.5800,5.3800,5.4000,42569600
20130802,5.5000,5.6400,5.4500,5.6000,27480200
20130805,5.6100,5.6400,5.4700,5.5300,30297100
20130806,5.8700,5.9000,5.5500,5.6000,54530100
20130807,5.8000,5.8900,5.7500,5.7900,35774200
20130808,5.7800,5.8100,5.7100,5.8000,25287500
20130809,5.7600,5.8400,5.5800,5.7800,35880600
20130812,5.8600,5.8800,5.7400,5.8000,33619200
20130813,5.7900,5.9200,5.7800,5.8600,29130200
20130814,5.7100,5.8200,5.7000,5.7900,18680400
20130815,5.6900,5.8000,5.6700,5.7400,14721700
20130816,5.7200,6.2600,5.6100,5.7000,38010600
20130819,5.5500,5.6900,5.4500,5.6900,47801800
20130820,5.5100,5.6500,5.4700,5.5800,30401700
20130821,5.5100,5.5600,5.4700,5.5600,17491300
20130822,5.4800,5.5400,5.4400,5.4900,15264400
20130823,5.4000,5.5100,5.3400,5.4900,16644500
20130826,5.4900,5.5100,5.3600,5.4000,21236100
20130827,5.5100,5.5200,5.4500,5.4800,14949500
20130828,5.5200,5.5400,5.4500,5.4700,20641900
20130829,5.4500,5.5300,5.4300,5.5300,16439700
20130830,5.4700,5.5300,5.4300,5.4400,20869100
20130902,5.4900,5.5300,5.4500,5.4700,17276200
20130903,5.5200,5.5300,5.4600,5.5100,19252000
20130904,5.4900,5.5000,5.4600,5.5000,19466000
20130905,5.4200,5.5100,5.4100,5.4900,18718800
20130906,5.3300,5.4400,5.3100,5.4100,28371700
20130909,5.4500,5.4700,5.3000,5.3400,27980300
20130910,5.5800,5.5800,5.4300,5.4600,39266300
20130911,5.7000,5.7500,5.5500,5.5900,71360896
20130912,5.7100,5.7500,5.5800,5.6600,48551000
20130913,5.6100,5.7000,5.5700,5.6700,26999000
20130916,5.6200,5.6600,5.5900,5.6500,26726200
20130917,5.4900,5.6200,5.4800,5.6200,22075300
20130918,5.5300,5.5500,5.4800,5.5200,12501200
20130920,5.5300,5.5300,5.5300,5.5300,0
20130923,5.6200,5.6400,5.5400,5.5400,15532900
20130924,5.5000,5.6100,5.4600,5.6000,15609800
20130925,5.4900,5.5300,5.4500,5.4900,11722300
20130926,5.4400,5.5400,5.4100,5.5100,16568400
20130927,5.3700,5.4400,5.3400,5.4100,14136200
20130930,5.3700,5.4200,5.3400,5.3800,6323600
20131001,5.3700,5.3700,5.3700,5.3700,0
20131002,5.3700,5.3700,5.3700,5.3700,0
20131003,5.3700,5.3700,5.3700,5.3700,0
20131004,5.3700,5.3700,5.3700,5.3700,0
20131007,5.3700,5.3700,5.3700,5.3700,0
20131008,5.4900,5.5000,5.3400,5.3600,20467100
20131009,5.4800,5.5200,5.4500,5.4500,10753300
20131010,5.4400,5.5000,5.3600,5.4700,16495300
20131011,5.5000,5.5000,5.4200,5.4700,12912000
20131014,5.4900,5.5300,5.4600,5.5100,18049300
20131015,5.6600,5.7200,5.4900,5.4900,44210000
20131016,5.6700,5.7500,5.6300,5.6400,38522900
20131017,5.6600,5.7200,5.6100,5.6900,24170700
20131018,5.7100,5.7300,5.6200,5.6300,21694900
20131021,5.7800,5.7800,5.7000,5.7100,24045100
20131022,5.8900,5.9100,5.7800,5.7900,28832100
20131023,5.5500,5.8200,5.5200,5.7000,40477900
20131024,5.5000,5.6100,5.4900,5.5300,22713900
20131025,5.4000,5.5500,5.3400,5.4900,23948800
20131028,5.4500,5.4500,5.3500,5.4200,13857300
20131029,5.5600,5.6300,5.4400,5.4600,31640700
20131030,5.8500,6.0500,5.5600,5.6000,70484704
20131031,5.7700,5.8400,5.6700,5.8300,32799700
20131101,5.7900,5.8300,5.7300,5.8000,26083900
20131104,5.8000,5.9400,5.7600,5.8300,18940800
20131105,5.7800,5.8100,5.7000,5.7500,18849300
20131106,5.7300,5.8300,5.7200,5.7500,12829800
20131107,5.7600,5.8000,5.6800,5.7200,9033300
20131108,5.7400,5.8500,5.6100,5.7200,14210200
20131111,5.6900,5.7400,5.6300,5.7000,8940500
20131112,5.6800,5.7100,5.6100,5.6900,13971600
20131113,5.5200,5.6500,5.4300,5.6100,16827300
20131114,5.4300,5.5200,5.4200,5.5200,12178900
20131115,5.4700,5.5400,5.4300,5.4300,40327500
20131118,5.5500,5.5600,5.4400,5.4900,48031100
20131119,5.5400,5.5700,5.5100,5.5500,28317200
20131120,5.5600,5.5700,5.5200,5.5400,15282600
20131121,5.5400,5.5400,5.4900,5.5400,13004300
20131122,5.5000,5.5500,5.4800,5.5500,17735400
20131125,5.4300,5.4900,5.3900,5.4600,28987100
20131126,5.4500,5.4900,5.4200,5.4400,12298400
20131127,5.4900,5.5200,5.4400,5.4600,11572900
20131128,5.5200,5.5500,5.4800,5.5100,20067000
20131129,5.5000,5.5300,5.4800,5.5200,10286000
20131202,5.5500,5.6100,5.4900,5.5100,30366100
20131203,5.6400,5.6900,5.5400,5.5700,36677200
20131204,5.6400,5.6900,5.6000,5.6100,36267900
20131205,5.6100,5.6500,5.5900,5.6400,14886100
20131206,5.5600,5.6200,5.5400,5.6100,16263400
20131209,5.5400,5.5900,5.5300,5.5900,11640700
20131210,5.5500,5.5700,5.5200,5.5400,11080400
20131211,5.4300,5.5400,5.4000,5.5200,22682700
20131212,5.4100,5.4400,5.3900,5.4400,14662700
20131213,5.3600,5.3900,5.3400,5.3800,19883500
20131216,5.2700,5.3800,5.2600,5.3800,21008100
20131217,5.3000,5.3000,5.2600,5.2700,10984100
20131218,5.2800,5.3000,5.2500,5.3000,9142100
20131219,5.2000,5.3200,5.2000,5.3100,11134300
20131220,5.0600,5.2300,5.0300,5.2300,17060000
20131223,5.1000,5.1300,5.0300,5.0600,8705400
20131224,5.0900,5.1600,5.0500,5.1200,7349600
20131225,5.0800,5.1200,5.0600,5.1000,7733100
20131226,4.9700,5.0900,4.9300,5.0600,17164500
20131227,5.0400,5.0400,4.9700,5.0100,15955300
20131230,5.0000,5.0600,4.9900,5.0400,24811300
20131231,5.0600,5.0800,4.9700,4.9800,12918300
20140101,5.0600,5.0600,5.0600,5.0600,0
20140102,5.0500,5.1000,5.0100,5.0300,11596200
20140103,4.9800,5.0600,4.8900,5.0200,14202900
20140106,4.7700,4.9700,4.7100,4.9700,28026400
20140107,4.7200,4.7600,4.6800,4.7200,21955000
20140108,4.7600,4.7700,4.6700,4.7500,19228600
20140109,4.7500,4.8200,4.7100,4.7400,18820100
20140110,4.8600,4.8700,4.7200,4.7400,27874100
20140113,4.8800,4.9100,4.8300,4.8600,12235800
20140114,4.8900,4.9000,4.8100,4.8700,11005900
20140115,4.7700,4.8900,4.7300,4.8900,16451500
20140116,4.8100,4.8400,4.7500,4.7500,14318600
20140117,4.7400,4.8000,4.7300,4.8000,11191100
20140120,4.6900,4.7600,4.6800,4.7400,11230800
20140121,4.7600,4.7900,4.7000,4.7000,10893100
20140122,4.8600,4.8700,4.7500,4.7800,13404200
20140123,4.9100,4.9500,4.8500,4.8700,17350600
20140124,4.9300,4.9700,4.8900,4.8900,14202800
20140127,4.9700,4.9700,4.8900,4.9100,15892900
20140128,4.8600,4.9500,4.8400,4.9400,30282600
20140129,4.9300,4.9400,4.8500,4.8800,11555800
20140130,4.8700,4.9100,4.8500,4.9100,6483700
20140131,4.8700,4.8700,4.8700,4.8700,0
20140203,4.8700,4.8700,4.8700,4.8700,0
20140205,4.8700,4.8700,4.8700,4.8700,0
20140206,4.8700,4.8700,4.8700,4.8700,0
20140207,4.8200,4.8400,4.7300,4.7900,18237200
20140210,4.8900,4.9300,4.8200,4.8600,17926600
20140211,4.9500,4.9700,4.8700,4.9000,20490300
20140212,4.9400,4.9700,4.9100,4.9700,12829600
20140213,4.9000,4.9500,4.9000,4.9400,17264600
20140214,4.9200,4.9400,4.8900,4.9100,14804700
20140217,4.9400,4.9600,4.9300,4.9500,14686800
20140218,4.8800,4.9500,4.8700,4.9300,12643300
20140219,4.9200,4.9300,4.8400,4.8900,15862900
20140220,4.9500,5.0000,4.9100,4.9200,24608700
20140221,4.8600,4.9700,4.8500,4.9500,14721600
20140224,4.7700,4.8500,4.7300,4.8500,15781900
20140225,4.7000,4.8000,4.6900,4.7900,18421900
