20130226,4.5700,4.9400,4.5700,4.8000,5595400
20130227,4.5700,4.6400,4.3400,4.5700,6323500
20130228,4.7600,4.7900,4.4600,4.5600,4820200
20130301,4.9000,4.9900,4.7000,4.7600,6347800
20130304,4.9000,4.9000,4.9000,4.9000,0
20130305,4.9000,4.9000,4.9000,4.9000,0
20130306,4.9000,4.9000,4.9000,4.9000,0
20130307,4.8500,5.3000,4.5600,5.3000,33189400
20130308,4.5000,4.8500,4.4600,4.6600,16548700
20130311,4.4100,4.5600,4.3500,4.4100,6296700
20130312,4.2800,4.5500,4.2100,4.4200,6037200
20130313,4.2800,4.3600,4.2100,4.2600,4997600
20130314,4.2700,4.3300,4.2200,4.2800,2915600
20130315,4.1300,4.2900,4.1000,4.2700,4554800
20130318,4.0500,4.1500,4.0300,4.1000,2693900
20130319,4.4600,4.4600,4.0500,4.0700,8518300
20130320,4.9100,4.9100,4.7000,4.7000,16616100
20130321,5.4000,5.4000,5.1500,5.2000,60352600
20130322,5.3500,5.5900,5.1800,5.5200,40743600
20130325,5.3500,5.4500,5.2000,5.2500,28568700
20130326,5.5600,5.8100,5.2500,5.3000,44588100
20130327,5.3700,5.4500,5.1200,5.4100,34096300
20130328,5.2300,5.5600,5.1400,5.2800,31156900
20130329,5.2300,5.4500,5.0900,5.2000,24879400
20130401,4.8800,5.1300,4.7900,5.1300,22152500
20130402,4.9600,4.9900,4.8300,4.9000,17695600
20130403,4.6100,5.0200,4.4900,4.9300,20038100
20130404,4.6100,4.6100,4.6100,4.6100,0
20130405,4.6100,4.6100,4.6100,4.6100,0
20130408,4.6200,4.6300,4.4100,4.5300,10956100
20130409,4.7500,4.8700,4.5800,4.6000,18912900
20130410,4.6900,4.7000,4.5200,4.6900,10417300
20130411,4.6300,4.7600,4.6200,4.6800,7361200
20130412,4.5800,4.7200,4.5100,4.6400,5568700
20130415,4.6400,4.6500,4.4100,4.5000,6431900
20130416,4.7100,4.7400,4.5200,4.5700,7309500
20130417,4.6700,4.7700,4.6000,4.6900,5287400
20130418,5.1400,5.1400,4.6100,4.6200,29765200
20130419,5.2400,5.2600,5.0400,5.0600,33309200
20130422,5.0000,5.0700,4.8800,5.0500,20511300
20130423,4.8900,5.0400,4.8400,5.0000,10134400
20130424,4.9800,4.9900,4.8000,4.9000,10294600
20130425,4.5800,4.9500,4.5600,4.9500,11901200
20130426,4.3100,4.5500,4.2900,4.5100,10167100
20130429,4.3100,4.3100,4.3100,4.3100,0
20130430,4.3100,4.3100,4.3100,4.3100,0
20130501,4.3100,4.3100,4.3100,4.3100,0
20130502,4.3800,4.4100,4.1600,4.3000,6423400
20130503,4.4300,4.5400,4.3600,4.3600,6946300
20130506,4.4500,4.4900,4.3600,4.4200,5071300
20130507,4.5000,4.6500,4.4700,4.4900,7400200
20130508,4.4800,4.5800,4.4200,4.5300,5898900
20130509,4.5800,4.6300,4.3300,4.4700,8836000
20130510,4.5500,4.5800,4.4300,4.5600,5935000
20130513,4.5700,4.5900,4.4400,4.5800,5386100
20130514,4.5100,4.5500,4.4600,4.5300,4184500
20130515,4.4500,4.5300,4.3500,4.5200,5919500
20130516,4.5700,4.6500,4.3600,4.4100,10096100
20130517,4.5900,4.6500,4.4800,4.5100,8353300
20130520,4.5900,4.6300,4.3900,4.4500,12538200
20130521,4.8000,4.9000,4.4800,4.5100,17374600
20130522,4.7100,4.7700,4.6600,4.7400,8048700
20130523,4.6900,4.8300,4.6100,4.6900,8401500
20130524,4.7000,4.7600,4.6500,4.6600,4582600
20130527,4.7700,4.8700,4.7400,4.7600,7618200
20130528,4.8200,4.8400,4.6500,4.7700,8651800
20130529,4.9500,5.0600,4.7300,4.7800,15481800
20130530,4.8800,4.9900,4.8500,4.9000,8413200
20130531,4.8000,4.9600,4.8000,4.8600,5710400
20130603,4.7500,4.8200,4.7200,4.8000,5276600
20130604,4.5300,4.7500,4.5200,4.7100,5882600
20130605,4.5700,4.6200,4.5000,4.5300,2733000
20130606,4.4500,4.5800,4.4300,4.5800,2472700
20130607,4.7200,4.9000,4.4500,4.4700,12472900
20130610,4.7200,4.7200,4.7200,4.7200,0
20130611,4.7200,4.7200,4.7200,4.7200,0
20130612,4.7200,4.7200,4.7200,4.7200,0
20130613,4.4800,4.6600,4.3000,4.6200,5254400
20130614,4.5300,4.5500,4.4300,4.4400,2739900
20130617,4.7300,4.7500,4.4900,4.4900,6293000
20130618,4.8100,4.9200,4.7100,4.7600,7702100
20130619,4.9700,4.9800,4.7300,4.7500,13571400
20130620,4.7400,4.9200,4.7300,4.9200,7067900
20130621,4.5300,4.6200,4.3300,4.6200,6037700
20130624,4.0800,4.5100,4.0800,4.4600,7765600
20130625,4.0000,4.1600,3.6700,4.0800,10173100
20130626,3.9800,4.0500,3.8200,3.9500,6347000
20130627,3.8500,4.0100,3.8300,3.9500,6455600
20130628,3.8600,3.9300,3.7600,3.8000,3396700
20130701,3.9100,3.9400,3.8300,3.8600,2370100
20130702,3.9800,4.0000,3.8700,3.9100,3220800
20130703,3.8800,3.9900,3.8200,3.9900,3391000
20130704,3.9800,4.0200,3.8100,3.8800,4726100
20130705,3.9500,4.0700,3.9300,4.0000,4064600
20130708,3.7100,3.8700,3.6900,3.8700,4173100
20130709,3.6900,3.7400,3.5800,3.7100,3563100
20130710,3.8100,3.8500,3.6600,3.7100,3213900
20130711,3.9100,3.9500,3.7900,3.7900,4335700
20130712,3.8600,4.0100,3.8500,3.8800,3670300
20130715,3.9400,3.9800,3.8100,3.8500,2906500
20130716,4.0000,4.0100,3.9000,3.9000,5191600
20130717,3.9400,4.0000,3.9000,4.0000,3780500
20130718,3.9300,3.9800,3.8800,3.9500,2806000
20130719,4.3200,4.3200,3.8900,3.9500,13865900
20130722,4.3000,4.3800,4.1400,4.3800,12558900
20130723,4.3000,4.3300,4.2200,4.2700,7435700
20130724,4.2200,4.2800,4.1100,4.2600,6591100
20130725,4.3200,4.6200,4.1700,4.2000,11440500
20130726,4.2700,4.3300,4.2000,4.2500,4080200
20130729,4.0600,4.2600,4.0000,4.2600,4126600
20130730,4.1100,4.3900,4.0000,4.0500,4998600
20130731,4.1100,4.2200,4.0500,4.0500,3289400
20130801,4.2000,4.2100,4.1100,4.1100,3876700
20130802,4.2100,4.2900,4.1900,4.2100,3025700
20130805,4.2700,4.2900,4.1800,4.2000,2842700
20130806,4.3000,4.3400,4.2400,4.2700,3432000
20130807,4.3100,4.3700,4.2700,4.2700,3405700
20130808,4.4300,4.5300,4.2400,4.2800,6653200
20130809,4.4500,4.4900,4.3400,4.4300,3820800
20130812,4.5200,4.6000,4.4400,4.4800,5556800
20130813,4.7200,4.8800,4.4500,4.5300,10540000
20130814,4.6200,4.7400,4.5700,4.6900,5993300
20130815,4.4800,4.6500,4.4700,4.6500,4216800
20130816,4.5900,4.7800,4.4000,4.4200,7956900
20130819,4.7400,4.7500,4.4300,4.5200,6883700
20130820,4.7200,4.7400,4.6200,4.7300,3932600
20130821,4.7700,4.8600,4.6900,4.7100,5440900
20130822,4.9000,5.0700,4.7200,4.7200,10394300
20130823,4.8500,4.9700,4.7100,4.8700,6556100
20130826,4.8800,4.9400,4.7800,4.7900,4586300
20130827,4.8300,4.8900,4.7300,4.8600,4526800
20130828,4.7300,4.8300,4.6800,4.8100,4681000
20130829,4.6000,4.7700,4.5800,4.6600,4886700
20130830,4.4400,4.6700,4.4300,4.6000,5163200
20130902,4.5700,4.6000,4.3400,4.3400,3582300
20130903,4.6000,4.6500,4.5200,4.5700,2773700
20130904,4.5000,4.6100,4.5000,4.6100,2676900
20130905,4.4900,4.5800,4.4600,4.5500,2431200
20130906,4.5000,4.5300,4.4600,4.4900,2211100
20130909,4.4900,4.5200,4.4300,4.5000,3332600
20130910,4.5500,4.5600,4.4500,4.5000,2897300
20130911,4.4600,4.5900,4.4200,4.5500,3892600
20130912,4.4900,4.5000,4.4100,4.4500,2634600
20130913,4.4900,4.4900,4.4100,4.4800,3364500
20130916,4.7000,4.8500,4.5000,4.5200,9598700
20130917,4.5700,4.7800,4.5500,4.6900,3679700
20130918,4.6500,4.6900,4.5100,4.5100,2949900
20130920,4.6500,4.6500,4.6500,4.6500,0
20130923,4.7500,4.8700,4.6600,4.6700,5259300
20130924,4.7200,4.7800,4.6800,4.7500,4248300
20130925,4.6300,4.7800,4.6100,4.7600,4262300
20130926,4.4400,4.6600,4.4200,4.6000,3547900
20130927,4.4600,4.5400,4.4400,4.4500,1872500
20130930,4.6400,4.6600,4.4500,4.5000,2442800
20131001,4.6400,4.6400,4.6400,4.6400,0
20131002,4.6400,4.6400,4.6400,4.6400,0
20131003,4.6400,4.6400,4.6400,4.6400,0
20131004,4.6400,4.6400,4.6400,4.6400,0
20131007,4.6400,4.6400,4.6400,4.6400,0
20131008,4.7800,4.8100,4.6000,4.6400,5275600
20131009,4.7700,4.8500,4.7000,4.7800,4003100
20131010,4.7200,4.8300,4.6800,4.8000,4015900
20131011,4.7300,4.7700,4.6700,4.7000,3401500
20131014,4.6500,4.7400,4.6300,4.7000,3725000
20131015,5.1200,5.1200,4.6600,4.6800,9664100
20131016,5.2300,5.5900,5.1600,5.2000,25091900
20131017,5.0600,5.4400,5.0100,5.2400,13228300
20131018,5.5700,5.5700,4.9100,5.0000,22230600
20131021,5.8400,6.1100,5.5300,5.7800,41541000
20131022,5.9600,6.3000,5.6400,5.7000,32660900
20131023,5.8000,6.0500,5.6200,5.8700,21208000
20131024,5.6000,5.8200,5.5400,5.7100,12101400
20131025,5.7800,6.0400,5.5200,5.5500,15617600
20131028,5.4200,5.7200,5.2600,5.6200,11863100
20131029,5.1800,5.5400,4.9600,5.3800,10695300
20131030,5.2700,5.3600,4.8800,5.1500,9436200
20131031,5.0900,5.3700,5.0200,5.1500,6995500
20131101,5.1800,5.2300,4.9900,5.0600,5399500
20131104,5.2300,5.2800,5.1100,5.1700,3957100
20131105,5.2600,5.2700,5.0900,5.2000,6451400
20131106,5.1300,5.3100,5.0800,5.2100,6836400
20131107,4.9300,5.1200,4.9000,5.1000,7243600
20131108,5.0100,5.0300,4.8500,4.8800,4360400
20131111,5.0600,5.0800,4.9400,4.9900,3832800
20131112,5.1000,5.1200,5.0200,5.0700,3108000
20131113,5.1100,5.3000,5.0100,5.0600,6202700
20131114,5.1000,5.1300,4.9500,5.0200,4750800
20131115,5.1800,5.2500,5.0200,5.1000,4275500
20131118,5.2700,5.3100,5.1400,5.1800,6694400
20131119,5.2700,5.3500,5.2000,5.2500,5158000
20131120,5.3800,5.4000,5.2100,5.3300,6566500
20131121,5.2600,5.3500,5.2500,5.3500,4825600
20131122,5.1500,5.2700,5.1100,5.2600,4646700
20131125,5.0900,5.1900,5.0500,5.1500,3492000
20131126,5.1300,5.1300,5.0600,5.1200,2467300
20131127,5.2200,5.2600,5.1100,5.1300,4439900
20131128,5.2200,5.2700,5.1900,5.2200,3896600
20131129,5.2500,5.2600,5.1900,5.2400,3457800
20131202,4.7300,5.1100,4.7300,5.1100,10630900
20131203,4.7000,4.7300,4.4900,4.5800,5612900
20131204,4.7200,4.7700,4.6300,4.6900,4481100
20131205,4.6900,4.7600,4.6500,4.7100,3535500
20131206,4.7300,4.7300,4.5700,4.6800,3996800
20131209,4.6800,4.7500,4.6600,4.7100,2547600
20131210,4.6700,4.7000,4.6200,4.6900,2584900
20131211,4.6100,4.7000,4.5800,4.6800,2229000
20131212,4.6100,4.6400,4.5500,4.6100,2843100
20131213,4.7500,4.8700,4.5600,4.5900,6763800
20131216,4.6300,4.7700,4.6100,4.7000,3074300
20131217,4.6000,4.6500,4.5500,4.6400,1374700
20131218,4.6400,4.6600,4.6000,4.6500,1113300
20131219,4.5300,4.6700,4.5100,4.6500,2050200
20131220,4.3100,4.5500,4.2500,4.5300,5116700
20131223,4.2300,4.3500,4.2200,4.3000,1787800
20131224,4.2700,4.3100,4.2200,4.2200,1481800
20131225,4.3000,4.3300,4.2500,4.2700,1926900
20131226,4.1100,4.3200,4.1000,4.3100,2646100
20131227,4.2000,4.2300,4.0700,4.0800,1966800
20131230,4.2200,4.2700,4.1800,4.2000,1551500
20131231,4.6400,4.6400,4.2300,4.2500,12185000
20140101,4.6400,4.6400,4.6400,4.6400,0
20140102,4.5600,4.6400,4.4600,4.5300,6931700
20140103,4.6500,4.7200,4.4800,4.5600,8362000
20140106,4.4100,4.6100,4.3200,4.6100,5860100
20140107,4.3000,4.4300,4.2500,4.4300,3845600
20140108,4.3700,4.4300,4.3100,4.3400,2744800
20140109,4.4100,4.4800,4.2500,4.3500,3305500
20140110,4.2600,4.3800,4.2200,4.3500,2157600
20140113,4.1800,4.3300,4.1300,4.2400,1753800
20140114,4.3100,4.3200,4.1400,4.1800,2932200
20140115,4.3600,4.4000,4.2700,4.2800,2635500
20140116,4.4000,4.6000,4.3300,4.3500,4256300
20140117,4.4200,4.5000,4.3600,4.3900,2602000
20140120,4.4300,4.5100,4.3900,4.3900,2461600
20140121,4.4600,4.4900,4.3800,4.4200,2520400
20140122,4.5400,4.5600,4.4400,4.4500,3966000
20140123,4.5500,4.5800,4.5000,4.5300,3238900
20140124,4.6400,4.6900,4.5200,4.5800,5135600
20140127,4.5300,4.6200,4.5000,4.6200,3129600
20140128,4.4700,4.5600,4.4700,4.4900,2502200
20140129,4.6300,4.6800,4.5300,4.5300,4515600
20140130,4.5300,4.6000,4.5100,4.5800,1921000
20140131,4.5300,4.5300,4.5300,4.5300,0
20140203,4.5300,4.5300,4.5300,4.5300,0
20140205,4.5300,4.5300,4.5300,4.5300,0
20140206,4.5300,4.5300,4.5300,4.5300,0
20140207,4.6600,4.6800,4.4600,4.5300,3823400
20140210,4.8100,4.8200,4.6200,4.6600,7101300
20140211,4.9200,5.1400,4.7600,4.8100,10191900
20140212,4.9500,4.9800,4.8200,4.9800,6845600
20140213,4.9200,5.1400,4.9100,4.9900,10082800
20140214,5.1200,5.2400,4.7600,4.9200,10018500
20140217,5.1600,5.2300,5.0600,5.1300,9613200
20140218,5.1000,5.1700,5.0600,5.1400,6032200
20140219,5.0600,5.1300,4.9700,5.1000,6092500
20140220,4.9000,5.0900,4.8700,5.0100,7820500
20140221,4.9300,5.2000,4.8900,4.9700,5369200
20140224,5.0600,5.1200,4.8700,5.0000,6943100
20140225,4.7800,5.1000,4.7600,5.0300,6619200
