20130226,14.8333,15.2722,14.7389,15.1667,10638500
20130227,14.7167,14.9944,14.4444,14.8000,7625500
20130228,15.3222,15.3333,14.7611,14.7611,8873600
20130301,15.2778,15.3611,15.0556,15.3222,5437800
20130304,14.5278,15.4722,14.2222,15.2778,10813600
20130305,14.8500,14.8889,14.3778,14.5000,7269800
20130306,14.8056,14.9833,14.5278,14.9833,7171300
20130307,14.5889,14.8333,14.4778,14.7833,6045400
20130308,14.4333,14.8222,14.2778,14.7222,6413200
20130311,14.4167,14.4278,14.1667,14.2444,4596800
20130312,14.2611,14.4944,14.0000,14.4167,5957300
20130313,13.8556,14.1667,13.7667,14.0722,5823200
20130314,13.9444,14.3611,13.7556,13.8222,4372400
20130315,14.6333,14.8111,13.9167,13.9444,12188000
20130318,14.2667,14.7722,14.0778,14.4444,5172000
20130319,14.5444,14.5611,14.2500,14.4444,3274600
20130320,14.9500,14.9778,14.5278,14.5444,8511100
20130321,14.9111,15.0833,14.8556,14.9778,4424600
20130322,14.9778,15.0833,14.7722,15.0000,3521500
20130325,15.1500,15.3889,15.0333,15.1111,7580400
20130326,15.7333,15.9278,15.3889,15.6722,21112400
20130327,16.0444,16.3667,15.6444,15.7111,11733500
20130328,16.0000,16.2667,15.4667,15.9444,12541300
20130329,15.8944,16.1111,15.7111,16.0611,4876300
20130401,15.7389,15.8944,15.6556,15.7222,4149700
20130402,15.5722,15.9944,15.4222,15.7500,5116900
20130403,15.3833,15.7500,15.3333,15.6167,6545000
20130404,15.3833,15.3833,15.3833,15.3833,0
20130405,15.3833,15.3833,15.3833,15.3833,0
20130408,15.1278,15.2556,14.3778,14.8778,26716300
20130409,15.3333,15.3944,15.0111,15.0833,9072400
20130410,15.0944,15.4722,14.9333,15.4722,6995600
20130411,15.2500,15.4278,15.0556,15.3333,3673000
20130412,15.1444,15.3611,15.1000,15.2500,3493800
20130415,15.1222,15.2778,14.9111,15.1667,2828900
20130416,15.3889,15.4167,14.9722,15.0556,3784500
20130417,15.8278,15.9167,15.3722,15.3889,7784400
20130418,15.9944,16.1056,15.6944,15.8333,4919000
20130419,15.9778,16.2222,15.8778,16.0000,8414800
20130422,16.0222,16.2222,15.9778,16.0444,5743800
20130423,15.9333,16.1389,14.9444,15.8611,14144100
20130424,15.7222,15.8611,15.3889,15.8611,9426200
20130425,15.3222,15.7778,15.3056,15.7167,8085500
20130426,15.3167,15.5278,15.1278,15.3389,5666400
20130429,15.3167,15.3167,15.3167,15.3167,0
20130430,15.3167,15.3167,15.3167,15.3167,0
20130501,15.3167,15.3167,15.3167,15.3167,0
20130502,15.2667,15.4778,14.8333,15.2222,6567600
20130503,16.1167,16.2056,15.3889,15.4111,12174700
20130506,16.2167,16.3556,16.0000,16.1889,7408400
20130507,16.6556,16.9444,16.1167,16.1444,10959700
20130508,16.6056,16.8111,16.4389,16.8111,6822000
20130509,17.8222,18.2667,16.7667,16.7667,31486200
20130510,18.0278,18.3944,17.6667,17.7167,15082100
20130513,18.0444,18.3778,17.8889,18.1111,8559800
20130514,17.9000,18.1611,17.2278,18.0556,12523000
20130515,18.7100,18.8500,17.1500,17.1500,10517900
20130516,18.0300,18.7000,17.8600,18.3600,13586300
20130517,18.1400,18.3000,17.6000,18.0500,9773500
20130520,18.4900,18.5500,17.7800,18.1400,10949800
20130521,19.0500,19.4600,18.3200,18.4900,11131400
20130522,18.8600,19.6600,18.7100,19.2500,9989000
20130523,18.2100,18.7900,18.0000,18.7900,12785100
20130524,18.1500,18.5300,17.8500,18.2100,8193000
20130527,18.1900,18.4800,18.1000,18.2000,7148100
20130528,17.9600,18.3700,17.9200,18.2100,9978600
20130529,18.3900,18.6400,18.0500,18.0800,16875700
20130530,18.5100,18.7300,18.2100,18.3700,9578700
20130531,18.1000,18.6800,18.0400,18.4800,7827900
20130603,17.5600,18.2400,17.3100,18.1900,11065300
20130604,17.8200,18.1900,17.4800,17.8000,10829800
20130605,18.3800,18.3900,17.8000,17.8500,12574700
20130606,18.4800,18.9500,18.4000,18.4000,13209700
20130607,18.0100,18.7300,17.6700,18.3000,8639500
20130610,18.0100,18.0100,18.0100,18.0100,0
20130611,18.0100,18.0100,18.0100,18.0100,0
20130612,18.0100,18.0100,18.0100,18.0100,0
20130613,17.2800,17.6500,16.8000,17.5000,11126900
20130614,17.4100,17.5100,17.0300,17.2600,4863500
20130617,18.0900,18.1500,17.5100,17.5100,10020400
20130618,18.4000,18.5800,17.8800,18.0700,9006600
20130619,18.5200,18.7100,17.9400,18.3000,7435300
20130620,18.0800,18.9700,18.0100,18.4000,9348200
20130621,18.2900,18.5100,17.4500,17.7500,6224900
20130624,17.5000,18.1500,17.4800,18.1500,8759400
20130625,17.4900,17.6000,15.9000,17.2900,11348200
20130626,17.9700,18.0500,17.1800,17.6600,9522100
20130627,18.1700,18.5600,17.8800,17.8800,8587200
20130628,18.3300,18.5200,17.8200,18.1000,6819700
20130701,19.1400,19.1600,18.1000,18.3000,11536500
20130702,20.0500,20.2000,19.0000,19.1400,12043200
20130703,19.4000,20.0400,19.0000,20.0000,11500600
20130704,18.8900,19.2000,18.5500,19.1900,11698300
20130705,19.1800,19.2300,18.5000,19.0000,9570000
20130708,18.4000,19.0000,18.3500,19.0000,6904500
20130709,17.8300,18.4700,17.6500,18.1700,7299000
20130710,18.0300,18.1800,17.6700,17.8200,7908800
20130711,18.8000,19.1000,18.0000,18.0500,10690300
20130712,18.2900,18.9300,18.2200,18.7500,6911900
20130715,18.9800,19.5000,18.9300,19.1600,14340900
20130716,19.2000,19.5000,18.8800,18.9900,10088600
20130717,18.7200,19.2000,18.6500,19.2000,5997300
20130718,18.4200,18.6800,18.2800,18.3200,5251000
20130719,18.1200,18.4900,18.1000,18.4000,7672100
20130722,18.5400,18.6000,17.8000,18.0400,4378900
20130723,18.7500,18.9600,18.4600,18.4600,5130800
20130724,18.9700,19.1600,18.5800,18.7500,7792700
20130725,18.5700,19.1100,18.5500,18.9600,4919900
20130726,17.9200,18.5500,17.7000,18.4100,9264900
20130729,17.1900,17.9200,17.1500,17.9100,7981400
20130730,17.4100,17.5000,16.9700,17.1900,6922300
20130731,17.3100,17.8000,17.0200,17.5200,6079200
20130801,17.5800,17.6500,17.1500,17.3000,6939500
20130802,17.5700,17.7600,17.3700,17.6500,6993100
20130805,17.7000,17.7000,16.9500,17.2000,13778500
20130806,17.9500,18.0800,17.2700,17.6000,12770600
20130807,17.5300,17.9600,17.4500,17.8600,8278400
20130808,17.2900,17.6000,17.1800,17.4800,7553200
20130809,17.0700,17.4400,16.9000,17.2800,10202300
20130812,17.8200,17.8700,17.3000,17.3000,15006600
20130813,17.8200,17.9400,17.7000,17.9000,6366300
20130814,17.9700,18.3100,17.7200,17.9300,10008600
20130815,17.6000,17.9800,17.5200,17.8000,4714000
20130816,17.3200,18.7500,17.2700,17.5500,7546900
20130819,17.5700,17.6500,17.2700,17.4800,3657800
20130820,18.1500,18.3200,17.3000,17.3100,16296500
20130821,18.0300,18.2800,17.9400,18.0000,4201800
20130822,17.9200,18.2500,17.7500,17.9100,5089500
20130823,17.7200,18.0900,17.4000,17.9200,5912800
20130826,18.0600,18.1000,17.5800,17.7000,5310700
20130827,18.1600,18.1700,17.9500,18.1000,4176500
20130828,17.8000,18.1900,17.4800,18.1900,10378500
20130829,17.4800,17.8000,17.4000,17.8000,6335900
20130830,17.3000,17.5800,17.2000,17.4100,7009000
20130902,17.8700,17.9300,17.3000,17.3000,8782100
20130903,18.5800,18.6700,18.0200,18.0200,18302100
20130904,18.4000,18.5000,18.1800,18.5000,6685400
20130905,18.3900,18.5500,18.1900,18.3800,5401300
20130906,19.0000,19.3200,18.3300,18.4000,13911900
20130909,19.1100,19.8500,19.0000,19.2200,14274800
20130910,19.4100,19.6000,18.8600,19.2100,8140400
20130911,19.4200,19.8300,19.0200,19.4900,13087200
20130912,18.7200,19.4000,18.6200,19.2000,14666200
20130913,18.8700,18.9500,18.5000,18.8500,7417200
20130916,18.8200,19.0000,18.6000,19.0000,5335000
20130917,18.5000,18.8300,18.4500,18.8300,5603700
20130918,18.2800,18.9600,17.9400,18.9000,13594300
20130920,18.2800,18.2800,18.2800,18.2800,0
20130923,18.9700,19.0900,18.6400,19.0000,14013800
20130924,19.3200,19.3600,18.9100,19.1800,11845700
20130925,18.7300,19.5000,18.5600,19.5000,11335000
20130926,18.3800,18.6500,18.3100,18.6500,5874900
20130927,18.3800,18.7300,18.2900,18.3800,5812700
20130930,18.4000,18.6200,18.1600,18.5400,3950600
20131001,18.4000,18.4000,18.4000,18.4000,0
20131002,18.4000,18.4000,18.4000,18.4000,0
20131003,18.4000,18.4000,18.4000,18.4000,0
20131004,18.4000,18.4000,18.4000,18.4000,0
20131007,18.4000,18.4000,18.4000,18.4000,0
20131008,18.6200,18.7300,17.6900,18.2200,14846800
20131009,18.2900,18.4500,18.0700,18.4000,11249300
20131010,17.8400,18.3600,17.7300,18.3600,15037800
20131011,17.9500,18.0800,17.6900,17.9400,18231000
20131014,17.8200,18.0200,17.6800,17.9900,14505800
20131015,17.9800,18.0200,17.6400,17.8000,15670600
20131016,17.4700,17.9200,17.2800,17.9200,12824400
20131017,17.4100,17.6500,17.3700,17.6000,8519800
20131018,17.3600,17.5700,17.3000,17.4700,6944600
20131021,17.7800,17.7900,17.4000,17.5000,8494000
20131022,17.8300,17.9700,17.5900,17.8000,9526200
20131023,17.9300,18.1500,17.6600,17.8600,12228600
20131024,17.8900,18.1300,17.6800,17.9200,10237300
20131025,17.7700,17.9600,17.6500,17.9100,7303500
20131028,17.1700,17.7600,16.8000,17.7600,11205000
20131029,16.2400,17.0900,15.4500,16.9700,30300100
20131030,16.3200,16.3500,15.8000,16.0700,10046000
20131031,15.9900,16.4600,15.8800,16.3400,8917600
20131101,16.2900,16.4900,15.9000,16.2300,8320100
20131104,16.3900,16.8800,16.3200,16.5500,8517800
20131105,16.5800,16.6300,16.2000,16.3900,5462900
20131106,16.5000,16.6300,16.4100,16.5800,4106500
20131107,15.9700,16.5000,15.9100,16.4500,8100800
20131108,16.1000,16.1800,15.8000,16.0000,3297400
20131111,15.9900,16.1400,15.9300,16.0900,3347800
20131112,16.0000,16.1300,15.8200,16.0600,4371000
20131113,15.7400,15.9900,15.6600,15.9400,4058500
20131114,15.5900,15.8500,15.5000,15.8000,5388000
20131115,15.7700,15.8900,15.6000,15.6000,10159200
20131118,16.3100,16.3400,15.7300,15.8300,16604400
20131119,15.9400,16.3100,15.7600,16.2900,14582500
20131120,15.7700,16.0500,15.7400,15.8700,9795000
20131121,15.9900,15.9900,15.7000,15.7800,7465400
20131122,15.8600,16.0900,15.7800,16.0500,5668900
20131125,16.0200,16.0400,15.7400,15.8600,7123400
20131126,16.3800,16.4700,15.9200,16.0200,10329200
20131127,17.1500,17.2500,16.7000,16.7000,21296100
20131128,17.1300,17.2400,16.9200,17.1600,8569700
20131129,17.1700,17.6800,17.1200,17.3700,13984000
20131202,16.8900,17.5900,16.7000,17.0000,10872800
20131203,17.4800,17.5200,17.2000,17.2000,14895600
20131204,18.0700,18.2600,17.4800,17.4800,16245600
20131205,18.3600,18.6000,18.0700,18.0700,12133600
20131206,18.1500,18.7400,18.0500,18.3700,8768700
20131209,18.0800,18.4100,17.9100,18.1500,7667400
20131210,18.1600,18.4100,18.0800,18.0800,6856100
20131211,17.6600,18.1600,17.3100,18.0500,10378800
20131212,17.8300,17.9700,17.5000,17.5000,5442900
20131213,18.1900,18.2300,17.6000,17.6000,5939600
20131216,18.2600,18.7200,18.1000,18.1200,14193800
20131217,18.1500,18.5300,17.9900,18.3000,4848700
20131218,17.7300,18.2000,17.7000,18.0400,4555000
20131219,17.5400,17.8500,17.3400,17.8000,5313100
20131220,17.0200,17.6600,16.9600,17.5800,7732700
20131223,17.4500,17.4700,17.0400,17.0400,5391300
20131224,17.5200,17.5600,17.2800,17.4800,7215300
20131225,17.7500,17.8500,17.4000,17.5500,4278800
20131226,17.6200,17.9800,17.6200,17.7300,4667200
20131227,17.9000,18.0100,17.5700,17.6200,6053500
20131230,17.3400,17.9900,16.7400,17.9900,13475300
20131231,17.5600,17.8100,17.3100,17.3200,9726100
20140101,17.5600,17.5600,17.5600,17.5600,0
20140102,17.5200,17.6500,17.2800,17.5600,5839400
20140103,17.6500,17.7500,17.2700,17.3100,6396000
20140106,17.2900,17.5300,16.9900,17.5300,6180300
20140107,17.3200,17.3900,17.0300,17.0300,3857600
20140108,17.1200,17.5200,17.0200,17.3000,4606600
20140109,17.0200,17.3100,17.0000,17.0500,3787700
20140110,16.9700,17.1600,16.6800,17.0300,4915400
20140113,17.2200,17.2800,16.9700,16.9700,4405300
20140114,17.8100,17.9400,17.2100,17.2200,6223400
20140115,18.1900,18.4700,17.8000,17.8000,13855900
20140116,18.4000,18.5000,18.0300,18.1900,8961400
20140117,18.2800,18.4500,18.1800,18.2200,6983300
20140120,17.5900,18.3000,17.5000,18.2600,5770800
20140121,17.6900,17.9700,17.5700,17.7000,3600900
20140122,18.0900,18.1000,17.8000,17.8100,3826900
20140123,18.4800,18.4900,18.0300,18.0500,6461200
20140124,18.1900,18.5600,18.1100,18.5000,7280400
20140127,17.9700,18.2700,17.9100,18.0400,3807900
20140128,18.1800,18.5400,17.9100,17.9700,3863100
20140129,18.1600,18.3100,17.9000,18.1000,3409800
20140130,17.9400,18.1600,17.9000,18.0000,1676900
20140131,17.9400,17.9400,17.9400,17.9400,0
20140203,17.9400,17.9400,17.9400,17.9400,0
20140205,17.9400,17.9400,17.9400,17.9400,0
20140206,17.9400,17.9400,17.9400,17.9400,0
20140207,18.0100,18.0800,17.7000,17.7800,2284400
20140210,19.4000,19.8100,18.2400,18.2400,23939800
20140211,19.2900,20.1700,19.1800,19.3800,19568700
20140212,18.9300,19.5000,18.8300,19.4300,10434500
20140213,19.4500,19.7700,19.0000,19.1500,18084000
20140214,19.5900,19.8000,19.0100,19.2200,9254100
20140217,19.7800,19.9500,19.4100,19.8700,8247500
20140218,19.1600,19.7500,19.0300,19.6700,10413000
20140219,18.8300,19.3800,18.8000,19.2000,9934900
20140220,18.4200,18.9800,18.2900,18.9200,9061900
20140221,18.4600,18.6000,18.2600,18.4000,5362100
20140224,17.5200,18.3600,17.5000,18.3500,14579600
20140225,17.0900,17.6600,16.4700,17.5200,20907300
