20130226,10.1100,10.2200,9.9600,10.0500,1996800
20130227,10.0300,10.1500,10.0200,10.1000,1124300
20130228,10.2300,10.2400,10.0200,10.0500,1593900
20130301,10.4300,10.5600,10.1900,10.2400,3281800
20130304,10.0900,10.4000,9.9700,10.3600,1902000
20130305,10.4900,10.5200,9.9800,10.0900,2956900
20130306,10.6800,10.8300,10.4400,10.4900,3619400
20130307,10.7900,10.8600,10.5000,10.6900,2929700
20130308,10.6100,10.9800,10.5700,10.8000,2319100
20130311,10.4100,10.5800,10.3600,10.4300,1402000
20130312,10.1700,10.5000,10.0100,10.4200,1424800
20130313,10.0500,10.2900,9.9900,10.1900,1298700
20130314,10.1300,10.2600,10.0500,10.0800,1335100
20130315,10.1600,10.3300,10.0000,10.1500,1445900
20130318,10.2300,10.3100,10.1000,10.2000,1234900
20130319,10.3500,10.3700,10.1000,10.2200,1219600
20130320,10.5500,10.5600,10.3000,10.3500,2333900
20130321,10.5600,10.6800,10.4600,10.5100,1869000
20130322,10.5500,10.5900,10.4200,10.5100,1116800
20130325,10.6500,10.7800,10.5500,10.5500,1937100
20130326,10.4600,10.6000,10.3800,10.6000,1322200
20130327,10.5000,10.5800,10.4500,10.4500,1125800
20130328,9.9900,10.5000,9.9700,10.4200,1884700
20130329,10.0200,10.1000,9.9900,10.0500,971000
20130401,9.8600,10.0900,9.8500,10.0100,1073400
20130402,9.7000,9.9600,9.6200,9.8800,1534000
20130403,9.7800,9.8000,9.6300,9.7500,696500
20130404,9.7800,9.7800,9.7800,9.7800,0
20130405,9.7800,9.7800,9.7800,9.7800,0
20130408,9.5400,9.7400,9.3500,9.7400,1515300
20130409,9.5300,9.6800,9.4700,9.5100,1111400
20130410,9.5300,9.6000,9.4500,9.5300,685900
20130411,9.5100,9.6000,9.4800,9.5900,483900
20130412,9.3700,9.6100,9.3200,9.5100,827500
20130415,9.5000,9.5000,9.3100,9.4800,793900
20130416,9.6200,9.6400,9.4000,9.4800,732200
20130417,9.5900,9.6500,9.5200,9.6200,503400
20130418,9.6000,9.6900,9.5100,9.5400,732600
20130419,9.7200,9.7400,9.5800,9.5800,815600
20130422,9.7600,9.8300,9.6500,9.7700,1237200
20130423,9.4000,9.7600,9.3500,9.7600,1110100
20130424,9.5300,9.5500,9.3500,9.3500,844000
20130425,9.2800,9.6400,9.2000,9.5100,1693900
20130426,9.5300,9.5700,9.2200,9.2200,1088400
20130429,9.5300,9.5300,9.5300,9.5300,0
20130430,9.5300,9.5300,9.5300,9.5300,0
20130501,9.5300,9.5300,9.5300,9.5300,0
20130502,10.0500,10.2800,9.5300,9.5300,4484100
20130503,10.1700,10.2200,9.9500,10.0000,2527500
20130506,10.2600,10.3500,10.1200,10.1200,2461700
20130507,10.3400,10.4000,10.1300,10.2000,2257100
20130508,10.2700,10.4000,10.1500,10.3400,2390000
20130509,10.4800,10.5200,10.1900,10.2800,3327600
20130510,10.7700,10.8800,10.3900,10.4400,4625500
20130513,11.5000,11.5800,10.7000,10.7300,7400200
20130514,11.3200,11.5600,11.1600,11.5000,5022100
20130515,11.4500,11.4700,11.1400,11.3100,3006100
20130516,11.8700,11.9700,11.3100,11.4700,5158800
20130517,11.7600,12.1700,11.6800,11.8500,5919400
20130520,11.7900,12.3000,11.5200,11.7600,6102000
20130521,11.9400,12.0700,11.5700,11.7300,4250000
20130522,11.9400,12.1300,11.8000,11.9100,2798800
20130523,12.0300,12.1600,11.8500,11.9000,3174400
20130524,12.0200,12.2500,11.7800,12.0200,3238700
20130527,12.1300,12.2100,11.9000,12.0200,2472200
20130528,12.8400,13.1000,12.0000,12.1100,7205100
20130529,12.7100,13.0600,12.5100,12.7100,3937500
20130530,12.7200,12.7400,12.5200,12.6300,2165600
20130531,12.3800,12.9300,12.3200,12.7200,2650700
20130603,11.9100,12.5000,11.9000,12.4200,3318700
20130604,12.0100,12.1000,11.8600,11.9200,2486600
20130605,12.1100,12.1900,11.9300,12.0100,1773400
20130606,11.4400,12.1100,11.4200,12.0500,2971300
20130607,11.4000,11.5400,11.1300,11.3600,1939900
20130610,11.4000,11.4000,11.4000,11.4000,0
20130611,11.4000,11.4000,11.4000,11.4000,0
20130612,11.4000,11.4000,11.4000,11.4000,0
20130613,11.0100,11.4000,10.8500,11.2000,2304400
20130614,11.3000,11.3600,11.0000,11.0100,1595200
20130617,11.3200,11.5100,11.2100,11.3000,1364500
20130618,11.4800,11.5800,11.3000,11.3000,1328900
20130619,11.4500,11.4700,11.2500,11.4100,1749000
20130620,11.1600,11.5300,11.1300,11.3300,1688500
20130621,11.6700,11.7600,10.8000,10.9000,2395100
20130624,11.7900,11.8200,11.0800,11.6800,3833400
20130625,12.5300,12.8400,11.5600,11.6700,10093500
20130626,12.6600,12.6800,12.1600,12.3800,6562600
20130627,11.9600,12.6800,11.8700,12.6300,5779700
20130628,11.2600,11.7600,11.2100,11.7600,5033000
20130701,11.5600,11.6600,11.0100,11.1300,2765700
20130702,11.7000,11.7400,11.4100,11.4500,2334300
20130703,12.1800,12.2300,11.5500,11.7100,4179100
20130704,12.1900,12.3000,11.8000,11.9900,2941200
20130705,11.8200,12.1800,11.7800,12.0800,2565300
20130708,11.2100,11.6000,11.1400,11.6000,2070900
20130709,11.4200,11.4600,11.1600,11.2100,1389000
20130710,11.8200,11.8300,11.2300,11.4100,1703500
20130711,12.0500,12.2800,11.7600,11.7600,3842800
20130712,12.0200,12.5100,12.0100,12.0800,3610200
20130715,12.4900,12.5500,11.9500,11.9500,4015000
20130716,12.7000,12.7900,12.3200,12.4900,3811100
20130717,11.9400,12.7200,11.9200,12.6700,4488700
20130718,13.1200,13.1300,11.9300,11.9400,6969200
20130719,12.6800,13.5700,12.6600,12.8800,9244100
20130722,13.2900,13.3300,12.1600,12.5000,5620800
20130723,13.3800,13.4700,13.0400,13.1300,4622300
20130724,13.4900,13.6400,13.1100,13.3800,4055200
20130725,12.8300,13.5500,12.8100,13.5100,4276000
20130726,13.0900,13.2800,12.7100,12.8400,3230900
20130729,12.8900,13.0400,12.6000,13.0100,1968900
20130730,12.8700,13.0500,12.4800,12.9700,2251000
20130731,12.4900,12.8200,12.2700,12.6000,4175100
20130801,12.6400,12.6500,12.3100,12.5000,3518500
20130802,12.5400,12.7500,12.5100,12.6400,3240100
20130805,12.6600,12.6700,12.2600,12.6000,3424600
20130806,12.6900,12.7700,12.4700,12.6600,3172000
20130807,12.9000,12.9400,12.3400,12.6600,5546000
20130808,12.4800,12.8800,12.4200,12.8100,4200500
20130809,12.3600,12.5500,12.2400,12.5000,3368600
20130812,12.5000,12.5500,12.2400,12.4000,2117600
20130813,12.4200,12.4800,12.3500,12.4800,1738600
20130814,12.4400,12.5400,12.3400,12.4000,1938300
20130815,12.0500,12.5100,12.0100,12.4600,3341200
20130816,11.6200,12.2700,11.6100,11.9300,2875700
20130819,11.7400,11.8200,11.5200,11.5700,1389800
20130820,11.6500,11.8400,11.5200,11.7500,1592000
20130821,11.7000,11.7300,11.5500,11.6400,1683700
20130822,11.8700,11.8900,11.6800,11.7500,1892100
20130823,11.7000,11.9500,11.5600,11.8800,1778100
20130826,11.8900,11.9000,11.6100,11.7500,1612400
20130827,11.9400,11.9400,11.8000,11.8800,1448000
20130828,11.6400,11.9700,11.6300,11.9100,1803400
20130829,11.4900,11.6900,11.2800,11.6400,2810200
20130830,11.8300,11.8800,11.3600,11.4800,2921200
20130902,11.9200,11.9500,11.6300,11.8300,2510600
20130903,11.9500,12.0200,11.8500,11.9300,2473300
20130904,11.8800,11.9600,11.8600,11.8600,1231800
20130905,11.9800,12.0900,11.8500,11.8800,2297800
20130906,12.5300,12.9700,12.1600,12.1700,6835400
20130909,12.3500,12.5300,12.2100,12.3500,3917300
20130910,12.3400,12.5200,12.2100,12.2600,3510800
20130911,11.9900,12.3300,11.9500,12.3300,3238100
20130912,12.0700,12.0800,11.9100,11.9700,1891300
20130913,11.7600,12.0700,11.6800,12.0100,2178700
20130916,11.8200,11.9000,11.7500,11.7500,1082500
20130917,11.6000,11.8400,11.5600,11.8000,1328400
20130918,11.7600,11.7700,11.5700,11.6000,705700
20130920,11.7600,11.7600,11.7600,11.7600,0
20130923,11.9000,11.9300,11.7400,11.7700,1402300
20130924,11.6900,11.9200,11.6600,11.8800,1878100
20130925,11.4100,11.6600,11.3700,11.6600,2653700
20130926,11.4000,11.5800,11.3800,11.3900,1147500
20130927,11.4200,11.5700,11.4100,11.4100,896000
20130930,11.5300,11.6100,11.4100,11.4600,840300
20131001,11.5300,11.5300,11.5300,11.5300,0
20131002,11.5300,11.5300,11.5300,11.5300,0
20131003,11.5300,11.5300,11.5300,11.5300,0
20131004,11.5300,11.5300,11.5300,11.5300,0
20131007,11.5300,11.5300,11.5300,11.5300,0
20131008,11.7300,11.7700,11.5300,11.5500,1479400
20131009,11.6900,11.7500,11.6500,11.7400,1542700
20131010,11.8900,12.3900,11.5800,11.6700,4529800
20131011,11.8600,11.9300,11.7000,11.7200,3180100
20131014,12.0500,12.1400,11.8200,11.8300,3019900
20131015,12.3900,12.4500,11.9800,12.0400,6312700
20131016,12.3600,12.5400,12.1600,12.2300,6078000
20131017,12.5300,12.5600,12.2200,12.3600,6214200
20131018,12.3400,12.6300,12.2800,12.5000,2746400
20131021,12.4200,12.5900,12.3100,12.3500,3151900
20131022,12.2300,12.4200,12.2000,12.4200,2571300
20131023,12.5300,12.5600,12.1900,12.2400,3893100
20131024,12.1500,12.4700,12.0400,12.3800,2409000
20131025,12.0900,12.3700,12.0300,12.1000,1861600
20131028,12.1900,12.2000,11.9200,12.0300,1252300
20131029,11.4300,12.2700,10.9700,12.2200,3441100
20131030,11.4500,11.4800,11.2300,11.2700,1294100
20131031,11.2400,11.4500,11.1300,11.3000,1208000
20131101,11.1900,11.3300,11.0200,11.2100,748400
20131104,11.3200,11.3900,11.1600,11.2000,740400
20131105,11.3800,11.4400,11.2200,11.2300,876000
20131106,11.2500,11.4100,11.2200,11.3800,836500
20131107,10.9600,11.3500,10.8900,11.2500,1346400
20131108,10.5100,10.9900,10.5000,10.8900,1560800
20131111,10.7100,10.7700,10.4700,10.5100,889300
20131112,10.7100,10.7800,10.6500,10.7500,613100
20131113,10.6300,10.7500,10.5600,10.7000,595100
20131114,10.7500,10.7700,10.6000,10.6600,545700
20131115,10.9500,11.1500,10.7000,10.7500,1037300
20131118,11.1500,11.1900,10.9600,11.1000,1283900
20131119,11.1500,11.2400,11.0700,11.1800,819600
20131120,11.2300,11.2600,11.0800,11.1100,859000
20131121,11.2200,11.2200,11.0700,11.1900,792800
20131122,11.1600,11.3300,11.1300,11.2200,597200
20131125,11.3100,11.3700,11.0400,11.1000,921900
20131126,11.1600,11.3500,11.1200,11.2900,626900
20131127,11.1800,11.2300,11.0900,11.2000,1019400
20131128,11.2500,11.3200,11.1800,11.1800,1492000
20131129,11.2600,11.3000,11.2200,11.2200,1108600
20131202,10.4600,11.1000,10.2300,10.9700,1964800
20131203,10.7100,10.7700,10.3200,10.5000,1047700
20131204,10.8200,10.8900,10.6200,10.7000,1274400
20131205,10.8200,10.8900,10.7100,10.8000,867200
20131206,10.8100,10.8800,10.7200,10.8200,630500
20131209,10.8300,10.8700,10.7400,10.8500,1113100
20131210,10.6600,10.8300,10.6300,10.8000,1115900
20131211,10.5300,10.6300,10.4900,10.6300,760600
20131212,10.6900,10.7500,10.5400,10.5400,796500
20131213,10.7300,10.7800,10.6100,10.7100,565300
20131216,10.5900,10.8000,10.5100,10.7900,1032600
20131217,10.6000,10.7100,10.5400,10.5400,825000
20131218,10.5400,10.6400,10.4800,10.6400,739400
20131219,10.3800,10.6200,10.3800,10.6000,504200
20131220,10.2900,10.4800,10.2700,10.3400,685700
20131223,10.0800,10.3200,9.9800,10.3000,904700
20131224,10.1900,10.2000,10.0000,10.0300,691900
20131225,10.2400,10.2800,10.0900,10.1300,628600
20131226,10.0500,10.2400,10.0100,10.2400,886600
20131227,10.1200,10.1700,10.0000,10.0000,838600
20131230,10.0700,10.2000,10.0200,10.2000,896400
20131231,10.1700,10.2400,10.0200,10.1000,712000
20140101,10.1700,10.1700,10.1700,10.1700,0
20140102,10.2700,10.2700,10.0800,10.1200,1181200
20140103,10.1900,10.2600,10.1600,10.2600,1267800
20140106,10.2400,10.3500,10.1100,10.1800,2328200
20140107,10.4300,10.4400,10.2000,10.2700,2648300
20140108,10.3900,10.5200,10.3100,10.4900,1234900
20140109,10.4400,10.6500,10.3600,10.4100,1622000
20140110,10.3300,10.4900,10.2000,10.4900,1219100
20140113,10.4100,10.4300,10.3200,10.3200,836500
20140114,10.5200,10.5600,10.2200,10.4000,619600
20140115,10.6000,10.6300,10.5000,10.5700,908000
20140116,10.5300,10.6700,10.5000,10.6000,722300
20140117,10.4900,10.5500,10.4000,10.5000,607100
20140120,10.3400,10.4600,10.3000,10.4000,602000
20140121,10.5300,10.5500,10.3400,10.3400,510500
20140122,10.6600,10.6800,10.5300,10.5300,733600
20140123,10.6700,10.7000,10.5300,10.5900,874600
20140124,10.7300,10.7500,10.6100,10.6100,1046800
20140127,10.6900,10.8000,10.6000,10.7100,556900
20140128,10.7000,10.7800,10.6200,10.6300,726000
20140129,10.6800,10.7400,10.6300,10.7000,677600
20140130,10.6300,10.7200,10.5500,10.7200,489200
20140131,10.6300,10.6300,10.6300,10.6300,0
20140203,10.6300,10.6300,10.6300,10.6300,0
20140205,10.6300,10.6300,10.6300,10.6300,0
20140206,10.6300,10.6300,10.6300,10.6300,0
20140207,10.6800,10.6900,10.4500,10.5400,621400
20140210,10.9700,11.0400,10.6500,10.6500,1963700
20140211,10.9700,11.0500,10.8800,10.9400,1341000
20140212,10.9900,11.0100,10.8800,10.9500,2035500
20140213,11.0400,11.2800,10.9500,10.9500,2082400
20140214,11.1700,11.1800,10.9300,11.0400,1587700
20140217,11.2100,11.2600,11.1200,11.1600,1454600
20140218,11.3500,11.4000,10.9300,11.2100,2495800
20140219,11.2700,11.3900,11.2300,11.3900,1469000
20140220,11.0900,11.3000,11.0100,11.2700,1192700
20140221,10.7900,11.1800,10.6400,11.1100,3449900
20140224,10.7900,10.8400,10.6600,10.7800,1281800
20140225,10.5200,10.8300,10.3500,10.8100,2097500
