20130226,6.6100,6.8000,6.5900,6.7900,7814700
20130227,6.6500,6.6800,6.5000,6.6100,7377800
20130228,6.7300,6.7400,6.5600,6.6500,7084500
20130301,6.6800,6.7300,6.6200,6.7000,7181600
20130304,6.1600,6.6200,6.1000,6.6200,10788600
20130305,6.2400,6.2600,6.1200,6.1200,4577400
20130306,6.2600,6.2900,6.1500,6.2800,6058100
20130307,6.4900,6.6500,6.1700,6.2500,15436200
20130308,6.5900,6.6400,6.3500,6.4100,13678500
20130311,6.9200,6.9700,6.3900,6.5000,26112100
20130312,7.5700,7.6000,6.8100,6.8100,67557200
20130313,7.2700,7.4000,7.2100,7.3000,27863000
20130314,7.5200,7.6500,7.1500,7.2300,54371600
20130315,7.4000,7.7500,7.1200,7.4200,45912200
20130318,7.4100,7.5600,7.1500,7.3300,39801100
20130319,7.6200,7.7100,7.1800,7.3500,47558700
20130320,7.6100,7.6600,7.4300,7.5500,41142600
20130321,7.4400,7.6200,7.3300,7.5600,30544500
20130322,7.1800,7.4000,7.1200,7.4000,22603900
20130325,7.3100,7.4200,7.0800,7.2000,20164100
20130326,7.1100,7.2600,7.0700,7.2600,12558100
20130327,7.6000,7.8200,7.0800,7.1000,50000700
20130328,7.2000,7.4900,7.1500,7.4300,23501300
20130329,6.4800,6.9000,6.4800,6.5500,29328000
20130401,6.2500,6.2900,6.0300,6.2500,18472600
20130402,6.2800,6.3700,6.1500,6.2000,12432500
20130403,5.9500,6.2700,5.8700,6.2700,14143300
20130404,5.9500,5.9500,5.9500,5.9500,0
20130405,5.9500,5.9500,5.9500,5.9500,0
20130408,5.8900,5.9200,5.7100,5.9000,8935200
20130409,5.9800,6.0800,5.8600,5.8700,8705800
20130410,6.2400,6.2800,5.9700,5.9900,14139300
20130411,6.1200,6.3000,6.1000,6.2500,8283500
20130412,5.9800,6.1500,5.9700,6.1200,6495700
20130415,5.8300,5.9500,5.7600,5.9500,6021300
20130416,5.9300,5.9400,5.7100,5.7500,4135900
20130417,5.9100,6.0200,5.7700,6.0000,5790800
20130418,5.8600,5.9600,5.8000,5.8700,5010000
20130419,6.0100,6.0400,5.8400,5.8800,7829600
20130422,6.0600,6.1000,5.8800,5.9600,8236200
20130423,5.8900,6.2200,5.8800,6.0100,10691800
20130424,5.9900,6.0200,5.8000,5.8000,5734500
20130425,5.8700,6.0700,5.8600,6.0700,6217900
20130426,5.6600,5.9800,5.6500,5.8700,5593000
20130429,5.6600,5.6600,5.6600,5.6600,0
20130430,5.6600,5.6600,5.6600,5.6600,0
20130501,5.6600,5.6600,5.6600,5.6600,0
20130502,5.6200,5.7700,5.5300,5.6400,4699900
20130503,5.7400,5.7800,5.6200,5.6200,5137800
20130506,5.9000,5.9000,5.7600,5.7800,5613300
20130507,6.0300,6.0400,5.8200,5.9200,8622800
20130508,5.9500,6.0900,5.9200,6.0000,6339200
20130509,5.8300,5.9900,5.7600,5.9700,6147000
20130510,5.8900,5.9500,5.7500,5.8000,6992900
20130513,5.8300,5.8900,5.7600,5.8600,4943100
20130514,5.7200,5.8100,5.6500,5.8000,6195300
20130515,5.7100,5.7600,5.6700,5.7300,4359300
20130516,5.7900,5.8000,5.6400,5.7100,5716400
20130517,6.0000,6.0500,5.7000,5.7800,13281100
20130520,6.1400,6.1600,5.9200,6.0000,17676800
20130521,6.1300,6.2000,6.0300,6.1200,12264000
20130522,6.1600,6.2100,6.0300,6.1000,12954900
20130523,6.0100,6.1500,6.0000,6.1100,8202900
20130524,6.0400,6.0900,5.9700,6.0100,6213300
20130527,5.9900,6.0700,5.9700,6.0500,5674000
20130528,6.1000,6.1100,5.8800,6.0000,11778900
20130529,6.0800,6.1800,6.0700,6.1000,9839400
20130530,6.0400,6.1000,6.0000,6.0700,5799700
20130531,6.0100,6.1000,6.0000,6.0400,7045200
20130603,6.0400,6.0700,5.9500,6.0000,5390800
20130604,5.8500,6.0500,5.8000,6.0500,5740900
20130605,5.8300,5.8700,5.7800,5.8500,3506000
20130606,5.7400,5.8700,5.7000,5.7500,3815800
20130607,5.6000,5.8000,5.5300,5.7300,4454000
20130610,5.6000,5.6000,5.6000,5.6000,0
20130611,5.6000,5.6000,5.6000,5.6000,0
20130612,5.6000,5.6000,5.6000,5.6000,0
20130613,5.3600,5.5800,5.2500,5.5800,3555800
20130614,5.4100,5.4500,5.3600,5.3600,3020400
20130617,5.4300,5.5300,5.4100,5.4500,2581000
20130618,5.4100,5.4700,5.3700,5.4200,2464700
20130619,5.4500,5.4800,5.2200,5.4100,3765700
20130620,5.1900,5.4200,5.1500,5.3800,2606200
20130621,5.1600,5.1800,5.0300,5.1600,2598500
20130624,4.6900,5.1900,4.6800,5.1900,3670700
20130625,4.5600,4.7900,4.2200,4.6600,5198500
20130626,4.5700,4.6400,4.4700,4.5600,3219300
20130627,4.4800,4.6500,4.4600,4.5700,4092700
20130628,4.4700,4.6200,4.3500,4.5000,3054600
20130701,4.5400,4.5600,4.4400,4.4800,2545500
20130702,4.7100,4.7500,4.5200,4.5200,5952800
20130703,4.6200,4.6800,4.5500,4.6100,3764700
20130704,4.7400,4.8400,4.5200,4.5500,6047600
20130705,4.8800,4.9300,4.6800,4.7000,8918600
20130708,4.7700,4.8400,4.7300,4.8400,6680500
20130709,4.9400,5.0000,4.6700,4.7700,6378000
20130710,5.0500,5.0800,4.8600,4.9500,6991500
20130711,5.1700,5.2300,4.9800,5.0200,10187700
20130712,5.0100,5.1600,4.9900,5.1600,6395400
20130715,5.0100,5.0800,4.9500,5.0000,3765200
20130716,4.9800,5.0200,4.8900,5.0100,4246900
20130717,4.9800,5.1000,4.9400,4.9800,3830400
20130718,4.8000,4.9700,4.7900,4.9300,3680700
20130719,4.7200,4.9300,4.5400,4.7800,3703600
20130722,4.7400,4.7500,4.6000,4.6500,2364500
20130723,4.8600,4.9100,4.7000,4.7200,3243400
20130724,4.9200,5.0600,4.8300,4.8600,5653600
20130725,4.8800,4.9800,4.8200,4.9000,3369900
20130726,4.8600,4.8800,4.8100,4.8500,1988200
20130729,4.6900,4.8500,4.6500,4.8500,2523100
20130730,4.8200,4.8300,4.6800,4.6800,3451400
20130731,4.8900,4.9000,4.7700,4.8200,3349200
20130801,5.3400,5.3800,4.8300,4.9000,25555600
20130802,5.5000,5.5500,5.2600,5.2800,27443900
20130805,5.4000,5.5500,5.3400,5.4700,20575000
20130806,5.3900,5.4500,5.2800,5.4000,14638700
20130807,5.2400,5.4000,5.2300,5.3700,12702600
20130808,5.1600,5.2500,5.0800,5.2200,9129100
20130809,5.2700,5.3000,5.1600,5.1800,8757800
20130812,5.6600,5.7000,5.2300,5.2500,23773700
20130813,5.5000,5.6100,5.4200,5.6100,14945100
20130814,5.4000,5.5500,5.3600,5.4700,9846400
20130815,5.3300,5.4600,5.3100,5.3700,5379000
20130816,5.2800,5.4600,5.2700,5.3200,6594800
20130819,5.4200,5.4300,5.2400,5.2400,6007000
20130820,5.2800,5.4800,5.2600,5.4100,5912000
20130821,5.3600,5.4300,5.2400,5.2800,4773300
20130822,5.3900,5.4600,5.2900,5.3300,5673900
20130823,5.3100,5.4400,5.2000,5.3800,5783400
20130826,5.4400,5.5700,5.2900,5.2900,9359600
20130827,5.4800,5.4900,5.4000,5.4600,4819600
20130828,5.5200,5.5800,5.4200,5.4200,8087000
20130829,5.3400,5.4900,5.3200,5.4500,6176500
20130830,5.2500,5.3600,5.2100,5.3200,5331100
20130902,5.3100,5.3400,5.2100,5.2500,2973900
20130903,5.3800,5.3800,5.2800,5.2800,3566100
20130904,5.4200,5.4300,5.3300,5.3800,4379700
20130905,5.3500,5.4300,5.3400,5.4100,3513100
20130906,5.4400,5.5100,5.3100,5.3300,6234800
20130909,5.5000,5.5200,5.4400,5.4600,6848100
20130910,5.5500,5.5900,5.4400,5.5000,8547900
20130911,5.5500,5.6800,5.4800,5.5500,11690500
20130912,5.6500,5.7700,5.5000,5.5000,12397900
20130913,5.4800,5.7100,5.4700,5.6400,6962000
20130916,5.3800,5.5400,5.3700,5.4900,4173200
20130917,5.2700,5.4700,5.2500,5.3500,4150100
20130918,5.3000,5.3500,5.2400,5.2700,2924900
20130920,5.3000,5.3000,5.3000,5.3000,0
20130923,5.3900,5.4400,5.3000,5.3200,3249300
20130924,5.3700,5.4300,5.3300,5.4100,3248100
20130925,5.3100,5.4100,5.2900,5.3500,3342900
20130926,5.2600,5.3600,5.2400,5.3100,2571600
20130927,5.2900,5.3500,5.2300,5.2600,3167900
20130930,5.3200,5.3400,5.2600,5.3000,2128400
20131001,5.3200,5.3200,5.3200,5.3200,0
20131002,5.3200,5.3200,5.3200,5.3200,0
20131003,5.3200,5.3200,5.3200,5.3200,0
20131004,5.3200,5.3200,5.3200,5.3200,0
20131007,5.3200,5.3200,5.3200,5.3200,0
20131008,5.3700,5.4000,5.2800,5.3300,3774400
20131009,5.5200,5.5300,5.3600,5.3600,6814500
20131010,5.6600,5.7100,5.4700,5.5100,13376100
20131011,5.7000,5.7400,5.6000,5.6000,16014100
20131014,5.7200,5.7900,5.6200,5.6500,15837400
20131015,5.5100,5.6900,5.4900,5.6800,9594400
20131016,5.3500,5.4900,5.3300,5.4500,5062800
20131017,5.4800,5.6000,5.3800,5.3800,5653000
20131018,5.4300,5.5200,5.3900,5.4200,3019700
20131021,5.4900,5.5400,5.4000,5.4900,4047600
20131022,5.6400,5.6500,5.4300,5.4900,9757900
20131023,5.6200,5.6800,5.4600,5.6400,7465000
20131024,5.4600,5.5800,5.4300,5.5700,3865400
20131025,5.2400,5.5000,5.2300,5.4600,4191400
20131028,5.0100,5.2900,4.9800,5.2800,4898800
20131029,4.9200,5.0800,4.5100,5.0100,6680700
20131030,5.0000,5.0600,4.7900,4.8600,4001300
20131031,5.0100,5.0500,4.9200,5.0100,2479300
20131101,5.0300,5.1500,4.9600,4.9900,2654200
20131104,5.0200,5.0500,4.9500,5.0100,1506900
20131105,5.0200,5.1000,4.8500,5.0200,2217000
20131106,5.1300,5.2400,5.0200,5.0200,4075000
20131107,5.1700,5.2800,5.0700,5.1400,5040100
20131108,5.0800,5.1700,5.0200,5.1600,2804800
20131111,5.1600,5.2000,5.0200,5.0800,2244600
20131112,5.3900,5.6000,5.1100,5.1300,11925800
20131113,5.2600,5.3800,5.2100,5.3500,6088700
20131114,5.3000,5.4000,5.1900,5.2000,4382700
20131115,5.8300,5.8300,5.2500,5.2800,27651000
20131118,5.8200,5.9000,5.7200,5.7800,20618700
20131119,6.4000,6.4000,5.6700,5.8200,47320100
20131120,6.4000,6.6500,6.1700,6.2700,48262400
20131121,6.1300,6.3000,6.0800,6.3000,28913900
20131122,5.9700,6.1500,5.9300,6.0000,19208100
20131125,6.0400,6.0900,5.9200,5.9800,13768500
20131126,6.0400,6.1500,5.9300,6.0100,11114600
20131127,6.0200,6.0700,5.9100,6.0300,11174100
20131128,5.9700,6.2000,5.9600,6.0700,13445100
20131129,5.9500,6.0300,5.9200,6.0200,8725500
20131202,5.4000,5.8300,5.3600,5.7800,16780700
20131203,5.5400,5.5600,5.3100,5.3800,9160500
20131204,5.5800,5.6500,5.4500,5.5000,9693500
20131205,5.6100,5.6900,5.5300,5.5700,7256500
20131206,5.5700,5.6400,5.4600,5.5800,6655500
20131209,5.6200,5.6500,5.5200,5.5200,5772200
20131210,5.5400,5.6400,5.5200,5.6400,5511700
20131211,5.4000,5.5500,5.3600,5.5500,6104200
20131212,5.4800,5.5200,5.3800,5.4000,3977000
20131213,5.4500,5.4900,5.4000,5.4300,3071300
20131216,5.3000,5.4500,5.2600,5.4300,4704200
20131217,5.2000,5.3400,5.1800,5.2800,4721400
20131218,5.2300,5.3000,5.1900,5.1900,2550800
20131219,5.2200,5.3000,5.2000,5.2600,2336200
20131220,5.1400,5.2500,5.1300,5.2100,2284900
20131223,5.1000,5.1600,5.0000,5.1000,2252300
20131224,5.1200,5.1700,5.0700,5.1500,2251200
20131225,5.1900,5.2100,5.0800,5.1400,3210200
20131226,4.9900,5.1900,4.9800,5.1900,2569500
20131227,5.0900,5.1400,4.9500,4.9900,2484900
20131230,5.0900,5.1600,5.0700,5.1000,1775100
20131231,5.1600,5.2200,5.0700,5.0700,3222200
20140101,5.1600,5.1600,5.1600,5.1600,0
20140102,5.1700,5.2000,5.1300,5.1500,2474700
20140103,5.2700,5.2900,5.1500,5.1500,4504700
20140106,4.9900,5.3000,4.9900,5.2400,4063600
20140107,4.9200,5.0400,4.8800,4.9000,2736000
20140108,4.9200,5.0000,4.8800,4.9300,2178200
20140109,4.8200,5.0400,4.8000,4.9200,3118400
20140110,4.7100,4.8300,4.6700,4.7800,2525600
20140113,4.6800,4.8000,4.6500,4.7200,1686300
20140114,4.7500,4.7500,4.6200,4.6700,2640900
20140115,4.7500,4.7700,4.6800,4.7500,2256600
20140116,4.8000,4.8200,4.7000,4.7400,2799300
20140117,4.6400,4.7900,4.6300,4.7900,2173300
20140120,4.6200,4.6700,4.5900,4.6400,1543300
20140121,4.6700,4.7100,4.6100,4.6200,1625700
20140122,4.7800,4.7900,4.6700,4.6700,2827000
20140123,5.0000,5.0800,4.7300,4.7800,8649200
20140124,5.0400,5.0800,4.9400,4.9500,4566300
20140127,5.0700,5.2100,4.9500,5.0300,8323900
20140128,4.9800,5.1000,4.9300,5.0700,3792900
20140129,5.1500,5.2300,4.9600,4.9600,11780000
20140130,5.4200,5.5000,5.0600,5.0800,23251500
20140131,5.4200,5.4200,5.4200,5.4200,0
20140203,5.4200,5.4200,5.4200,5.4200,0
20140205,5.4200,5.4200,5.4200,5.4200,0
20140206,5.4200,5.4200,5.4200,5.4200,0
20140207,5.4900,5.5900,5.2800,5.3600,25338000
20140210,5.4900,5.6000,5.3900,5.4900,20192200
20140211,5.3800,5.5000,5.2500,5.4600,14851400
20140212,5.4100,5.4200,5.2600,5.3400,9306700
20140213,5.2600,5.3900,5.2500,5.3900,6574900
20140214,5.2800,5.3100,5.2000,5.2600,4740100
20140217,5.3400,5.3500,5.2200,5.2900,5606700
20140218,5.2500,5.3500,5.1500,5.3400,8046500
20140219,5.2700,5.3700,5.2200,5.2200,7924500
20140220,5.8000,5.8000,5.2900,5.2900,35263100
20140221,5.4400,5.7400,5.3200,5.7400,22449200
20140224,5.3200,5.4900,5.2900,5.3300,10704700
20140225,5.0900,5.3600,5.0000,5.3000,9504000
