20130226,3.3400,3.4200,3.3200,3.4200,19316800
20130227,3.3400,3.3900,3.3100,3.3400,11915600
20130228,3.4200,3.4300,3.3400,3.3600,12980400
20130301,3.4100,3.4300,3.3600,3.4200,14279600
20130304,3.3200,3.4200,3.3000,3.3800,16999700
20130305,3.3800,3.3900,3.3100,3.3200,16926600
20130306,3.4400,3.4500,3.3400,3.3800,22456100
20130307,3.3700,3.4300,3.3600,3.4300,18571100
20130308,3.3700,3.3900,3.3500,3.3800,6684600
20130311,3.3400,3.3800,3.3300,3.3700,6962600
20130312,3.2900,3.3800,3.2500,3.3500,14190200
20130313,3.2200,3.2900,3.2200,3.2900,11180900
20130314,3.2300,3.2800,3.2100,3.2100,10408800
20130315,3.3400,3.4300,3.2800,3.3000,38655900
20130318,3.3100,3.3500,3.2600,3.3100,18214500
20130319,3.3200,3.3500,3.3000,3.3500,11937500
20130320,3.3800,3.4000,3.3000,3.3200,17670300
20130321,3.4400,3.4400,3.3900,3.4200,20819200
20130322,3.4500,3.4700,3.4100,3.4300,17863300
20130325,3.4200,3.4600,3.4100,3.4500,15090100
20130326,3.3700,3.4200,3.3300,3.4000,10479200
20130327,3.3600,3.4100,3.3400,3.3600,9983900
20130328,3.2500,3.3400,3.2300,3.3400,17627000
20130329,3.2400,3.2800,3.2300,3.2300,7383000
20130401,3.2300,3.2600,3.2200,3.2300,7127600
20130402,3.1700,3.2600,3.1600,3.2400,18025300
20130403,3.1000,3.2000,3.0700,3.1900,23609800
20130404,3.1000,3.1000,3.1000,3.1000,0
20130405,3.1000,3.1000,3.1000,3.1000,0
20130408,3.0000,3.0200,2.9400,3.0100,47815200
20130409,3.0200,3.0400,2.9900,3.0000,18551600
20130410,3.0300,3.0400,3.0100,3.0200,14461300
20130411,3.0900,3.1100,3.0400,3.0400,22236100
20130412,3.0600,3.0900,3.0500,3.0900,7468900
20130415,3.0500,3.0800,3.0400,3.0500,9607600
20130416,3.1600,3.1800,3.0300,3.0600,20763900
20130417,3.1400,3.1600,3.1100,3.1400,7754800
20130418,3.1700,3.2200,3.1200,3.1400,13807500
20130419,3.1900,3.2200,3.1500,3.1800,19272100
20130422,3.2000,3.2300,3.1600,3.1700,15148100
20130423,3.1300,3.2100,3.1000,3.2000,11050500
20130424,3.2100,3.2100,3.1200,3.1300,16512400
20130425,3.1200,3.2100,3.1100,3.2000,11277800
20130426,3.0600,3.1600,3.0500,3.1300,7822300
20130429,3.0600,3.0600,3.0600,3.0600,0
20130430,3.0600,3.0600,3.0600,3.0600,0
20130501,3.0600,3.0600,3.0600,3.0600,0
20130502,3.0200,3.0400,2.9800,3.0400,10919600
20130503,3.0500,3.0900,3.0200,3.0200,10195400
20130506,3.0500,3.0800,3.0300,3.0500,14352600
20130507,3.0400,3.0600,3.0200,3.0500,9444200
20130508,3.0600,3.0800,3.0400,3.0500,8076800
20130509,3.0500,3.0600,3.0300,3.0500,7344400
20130510,3.0600,3.0700,3.0300,3.0500,6853600
20130513,3.0400,3.0700,3.0200,3.0600,8252800
20130514,3.0200,3.0400,3.0000,3.0400,8669300
20130515,3.0000,3.0300,2.9800,3.0200,16170200
20130516,3.0100,3.0300,2.9700,3.0000,12796100
20130517,3.0500,3.0600,3.0000,3.0100,21043800
20130520,3.0600,3.0800,3.0500,3.0500,17654100
20130521,3.0700,3.0700,3.0400,3.0600,14217200
20130522,3.0700,3.0800,3.0500,3.0700,13273400
20130523,3.0300,3.0800,3.0300,3.0700,15404500
20130524,3.0600,3.0600,3.0300,3.0400,10590800
20130527,3.0500,3.0600,3.0400,3.0500,8783100
20130528,3.1200,3.1500,3.0400,3.0500,26407800
20130529,3.1100,3.1300,3.0900,3.1100,13943900
20130530,3.0900,3.1100,3.0800,3.1100,10207900
20130531,3.0600,3.1200,3.0600,3.1000,11579200
20130603,3.0700,3.1000,3.0600,3.0700,9186500
20130604,3.0500,3.0800,3.0300,3.0600,8658900
20130605,3.0300,3.0500,3.0200,3.0300,6230900
20130606,3.0200,3.0400,3.0100,3.0300,6444200
20130607,2.9900,3.0400,2.9800,3.0200,9524200
20130610,2.9900,2.9900,2.9900,2.9900,0
20130611,2.9900,2.9900,2.9900,2.9900,0
20130612,2.9900,2.9900,2.9900,2.9900,0
20130613,2.9200,2.9800,2.9000,2.9800,16685300
20130614,2.9300,2.9400,2.9100,2.9200,8425200
20130617,2.9000,2.9400,2.8900,2.9300,10493200
20130618,2.8900,2.9200,2.8800,2.9000,8665200
20130619,2.8600,2.9000,2.8200,2.8900,11354200
20130620,2.7600,2.8500,2.7500,2.8400,9916400
20130621,2.7200,2.7500,2.6800,2.7300,9099000
20130624,2.5400,2.7200,2.5200,2.7100,13510100
20130625,2.5500,2.6000,2.4100,2.5200,23250400
20130626,2.5100,2.5700,2.4600,2.5300,14477600
20130627,2.5200,2.5400,2.4900,2.5200,11026500
20130628,2.5600,2.5800,2.5000,2.5200,10733600
20130701,2.5900,2.6000,2.5400,2.5700,6170800
20130702,2.5700,2.6100,2.5500,2.6000,5642900
20130703,2.5100,2.5700,2.5000,2.5700,5877300
20130704,2.5500,2.6200,2.4700,2.5000,11682500
20130705,2.5300,2.5900,2.5200,2.5400,9982000
20130708,2.4300,2.5100,2.4200,2.5000,10932300
20130709,2.4100,2.4300,2.4000,2.4200,7851800
20130710,2.4600,2.4700,2.4000,2.4200,8018700
20130711,2.5400,2.5700,2.4500,2.4600,20985000
20130712,2.4900,2.5600,2.4900,2.5400,14796600
20130715,2.5100,2.5400,2.4800,2.5100,12350000
20130716,2.4900,2.5000,2.4600,2.5000,10578200
20130717,2.4500,2.5000,2.4300,2.4800,15067100
20130718,2.4100,2.4400,2.4000,2.4300,16917900
20130719,2.4000,2.4400,2.3900,2.4100,13279500
20130722,2.3800,2.4000,2.3500,2.4000,7235000
20130723,2.4400,2.4500,2.3700,2.3900,10367700
20130724,2.4100,2.4300,2.3700,2.4300,14851600
20130725,2.3900,2.4200,2.3700,2.4100,10495200
20130726,2.3700,2.3900,2.3600,2.3700,8211600
20130729,2.3200,2.3700,2.3100,2.3600,10412300
20130730,2.3400,2.3600,2.3100,2.3300,6746000
20130731,2.3200,2.3600,2.3200,2.3300,6906300
20130801,2.3600,2.3700,2.3100,2.3400,9228000
20130802,2.3500,2.3800,2.3400,2.3700,8478600
20130805,2.3700,2.3800,2.3400,2.3600,9791900
20130806,2.3800,2.3900,2.3500,2.3700,14362100
20130807,2.3600,2.3900,2.3600,2.3700,13173000
20130808,2.3600,2.3800,2.3500,2.3600,8035700
20130809,2.3600,2.3800,2.3400,2.3600,10372600
20130812,2.4300,2.4300,2.3600,2.3700,30757600
20130813,2.4800,2.5200,2.4100,2.4200,41967300
20130814,2.4600,2.5200,2.4400,2.4700,21264800
20130815,2.4500,2.4800,2.4400,2.4500,11299700
20130816,2.4200,2.7000,2.4000,2.4500,51406400
20130819,2.4500,2.4800,2.3900,2.4100,15654900
20130820,2.4100,2.4600,2.4000,2.4500,8634700
20130821,2.4000,2.4300,2.3800,2.4300,9533900
20130822,2.3800,2.4200,2.3700,2.3900,8350400
20130823,2.4000,2.4400,2.3500,2.4000,20005500
20130826,2.4900,2.5100,2.3800,2.4100,46841500
20130827,2.7400,2.7400,2.4600,2.4700,144048608
20130828,2.9000,2.9900,2.6400,2.6800,165340000
20130829,2.7500,2.8600,2.7300,2.8500,77655904
20130830,2.8100,2.8900,2.7100,2.7500,81692496
20130902,2.7400,2.9500,2.7200,2.8700,55117600
20130903,2.7200,2.7400,2.6600,2.7300,29267200
20130904,2.7300,2.7800,2.6800,2.7000,32078900
20130905,2.6900,2.7600,2.6600,2.7600,26345500
20130906,2.8300,2.8700,2.6800,2.6900,84603904
20130909,3.0400,3.0900,2.8200,2.8600,118541504
20130910,3.3400,3.3400,2.9500,2.9900,135125504
20130911,3.2100,3.4800,3.1800,3.3000,153681200
20130912,3.2100,3.2700,3.1200,3.1700,65446800
20130913,3.4300,3.5300,3.3500,3.4200,201437200
20130916,3.2600,3.3500,3.2200,3.3000,93259296
20130917,3.0300,3.2400,3.0100,3.2400,69328704
20130918,3.1100,3.1500,3.0100,3.0300,40310600
20130920,3.1100,3.1100,3.1100,3.1100,0
20130923,3.1700,3.2100,3.0700,3.1200,52552200
20130924,3.1900,3.2500,3.0500,3.1700,69134200
20130925,3.1100,3.2300,3.0800,3.2200,57682000
20130926,2.8800,3.0700,2.8700,3.0600,54853600
20130927,2.9200,2.9500,2.8500,2.8600,20532700
20130930,2.9300,2.9800,2.9000,2.9500,18951300
20131001,2.9300,2.9300,2.9300,2.9300,0
20131002,2.9300,2.9300,2.9300,2.9300,0
20131003,2.9300,2.9300,2.9300,2.9300,0
20131004,2.9300,2.9300,2.9300,2.9300,0
20131007,2.9300,2.9300,2.9300,2.9300,0
20131008,2.9200,2.9400,2.8100,2.9100,24607700
20131009,3.0000,3.0000,2.8700,2.9000,33658000
20131010,2.9700,3.1400,2.9600,3.1000,34003200
20131011,3.1600,3.2100,2.9500,3.0000,65654300
20131014,3.1200,3.1700,3.0500,3.1700,33555200
20131015,3.1000,3.1700,3.0800,3.1000,29495100
20131016,3.0300,3.1400,2.9400,3.1100,43789700
20131017,2.9600,3.0600,2.9400,3.0200,29252000
20131018,2.9500,2.9900,2.9200,2.9400,14179200
20131021,2.9800,3.0000,2.9400,2.9500,17048300
20131022,3.0000,3.0800,2.9600,2.9800,30612800
20131023,2.9100,3.0300,2.9000,3.0000,23984700
20131024,2.8800,2.9400,2.8600,2.9100,16185700
20131025,2.8100,2.9000,2.7900,2.8700,16873900
20131028,2.8000,2.8200,2.7600,2.8000,12313700
20131029,2.8000,2.8400,2.6700,2.8100,24752900
20131030,2.8800,2.8900,2.8100,2.8200,27336600
20131031,2.8500,2.8600,2.8200,2.8600,16717900
20131101,2.8700,2.8900,2.8300,2.8600,14195600
20131104,2.8400,2.9000,2.8300,2.8700,8510600
20131105,2.8400,2.8500,2.7700,2.8500,13858400
20131106,2.8000,2.8300,2.7800,2.8300,11456500
20131107,2.7400,2.8100,2.7200,2.8000,16361800
20131108,2.6800,2.7500,2.6700,2.7400,16210100
20131111,2.7100,2.7300,2.6200,2.6600,13957200
20131112,2.7200,2.7300,2.6900,2.7000,8032900
20131113,2.6800,2.7300,2.6500,2.7000,12435800
20131114,2.6900,2.7000,2.6500,2.6700,8992100
20131115,2.7700,2.7900,2.6800,2.7100,21837600
20131118,2.8300,2.8300,2.7500,2.7700,18928700
20131119,2.8200,2.8500,2.8000,2.8300,14811700
20131120,2.8900,2.9000,2.8100,2.8400,23337100
20131121,2.9500,3.0300,2.8500,2.8700,43841600
20131122,2.9000,3.0200,2.8900,2.9800,24329800
20131125,2.9000,2.9400,2.8700,2.9100,13464800
20131126,2.9300,2.9600,2.8800,2.9000,17567600
20131127,2.9600,2.9800,2.9200,2.9200,16061400
20131128,2.9600,3.0000,2.9500,2.9700,20261200
20131129,2.9700,2.9900,2.9500,2.9600,11018000
20131202,2.8600,2.9500,2.8200,2.9500,20208900
20131203,2.9000,2.9000,2.8500,2.8600,12969700
20131204,3.0700,3.1200,2.8700,2.9000,49443300
20131205,3.0000,3.0600,2.9900,3.0400,30283300
20131206,2.9800,3.0200,2.9700,3.0100,13003600
20131209,2.9600,3.0200,2.9600,3.0000,13183900
20131210,3.0000,3.0500,2.9700,2.9700,17419600
20131211,2.9200,2.9800,2.8800,2.9700,17492800
20131212,2.9100,2.9400,2.8800,2.9100,15655900
20131213,2.8700,2.9100,2.8500,2.8800,23777800
20131216,2.8100,2.8800,2.8000,2.8600,14731900
20131217,2.8000,2.8200,2.7800,2.8000,8305900
20131218,2.8000,2.8200,2.7800,2.8000,7653700
20131219,2.7800,2.8300,2.7700,2.8100,7675300
20131220,2.7200,2.8000,2.7000,2.7800,13691500
20131223,2.7200,2.7400,2.6800,2.7200,7294700
20131224,2.7400,2.7700,2.7200,2.7300,7520300
20131225,2.7500,2.7600,2.7200,2.7600,4189600
20131226,2.7200,2.7700,2.7000,2.7500,8098100
20131227,2.7500,2.7600,2.6900,2.7000,9866300
20131230,2.7500,2.7700,2.7400,2.7600,5699000
20131231,2.7700,2.7700,2.7300,2.7400,8332900
20140101,2.7700,2.7700,2.7700,2.7700,0
20140102,2.7500,2.7900,2.7400,2.7900,7108600
20140103,2.7000,2.7500,2.6800,2.7400,9926900
20140106,2.6000,2.7000,2.5800,2.7000,14969700
20140107,2.6100,2.6600,2.5800,2.5900,7514100
20140108,2.6000,2.6400,2.5800,2.6200,6781000
20140109,2.5800,2.6200,2.5600,2.5800,9183600
20140110,2.5000,2.5900,2.4800,2.5900,20626500
20140113,2.5100,2.5200,2.4700,2.5000,7835200
20140114,2.5300,2.5300,2.4800,2.5100,7233400
20140115,2.5100,2.5300,2.5000,2.5300,4798800
20140116,2.5200,2.5400,2.4800,2.5100,9635100
20140117,2.4800,2.5200,2.4600,2.5200,8234300
20140120,2.4900,2.4900,2.4600,2.4800,6122100
20140121,2.5400,2.5500,2.4800,2.4800,8589500
20140122,2.6000,2.6000,2.5300,2.5500,15434500
20140123,2.5800,2.6100,2.5700,2.5900,7921500
20140124,2.6000,2.6100,2.5600,2.5600,8023700
20140127,2.5700,2.5900,2.5500,2.5900,9584600
20140128,2.5900,2.6200,2.5500,2.5700,11728000
20140129,2.5700,2.6100,2.5600,2.6000,7097200
20140130,2.5300,2.5800,2.5200,2.5800,7362300
20140131,2.5300,2.5300,2.5300,2.5300,0
20140203,2.5300,2.5300,2.5300,2.5300,0
20140205,2.5300,2.5300,2.5300,2.5300,0
20140206,2.5300,2.5300,2.5300,2.5300,0
20140207,2.5400,2.5600,2.4900,2.5100,6974100
20140210,2.6000,2.6100,2.5500,2.5500,13106800
20140211,2.6200,2.6500,2.5900,2.6000,16460700
20140212,2.6300,2.6400,2.6100,2.6200,11901700
20140213,2.6500,2.6800,2.6100,2.6300,18281300
20140214,2.6700,2.6800,2.6400,2.6500,13120100
20140217,2.6900,2.7000,2.6700,2.6700,12310000
20140218,2.6700,2.6900,2.6300,2.6800,16259400
20140219,2.7400,2.7700,2.6400,2.6600,33919300
20140220,2.6800,2.7400,2.6800,2.7200,22478300
20140221,2.6300,2.6900,2.6100,2.6800,13330400
20140224,2.5800,2.6100,2.5500,2.6100,10770100
20140225,2.5100,2.5900,2.5000,2.5800,14269400
