20130226,15.3100,15.9500,15.2800,15.8100,7514600
20130227,15.0900,15.4400,15.0000,15.3300,6881300
20130228,15.3700,15.4000,15.0400,15.2000,5638700
20130301,15.3600,15.4700,15.2500,15.3600,6913400
20130304,14.8800,15.2900,14.8000,15.2600,6924000
20130305,15.4900,15.5000,14.7800,14.7800,8528000
20130306,15.5700,15.7500,15.4500,15.4500,5510500
20130307,15.8400,16.0200,15.4200,15.5000,10598600
20130308,15.5000,15.9400,15.4000,15.8000,8679700
20130311,15.9900,16.0000,15.2400,15.5000,11340100
20130312,15.9100,16.1800,15.5800,15.9600,12274700
20130313,15.5900,15.9200,15.2700,15.9200,5228900
20130314,15.4200,15.7200,15.3600,15.4900,4163300
20130315,15.4300,15.7000,15.1400,15.5000,7407800
20130318,15.3300,15.6100,15.2000,15.2500,3941900
20130319,15.3300,15.4300,14.9400,15.3500,3871200
20130320,15.9100,15.9200,15.2600,15.3000,9893600
20130321,16.0200,16.1000,15.8500,15.9100,7443400
20130322,15.9700,16.1800,15.8700,15.9800,6628000
20130325,16.1600,16.2300,15.9400,16.0300,8146700
20130326,16.1900,16.2000,15.7600,16.1500,6864500
20130327,15.4700,16.1500,15.4000,16.1500,16091800
20130328,15.3300,15.5500,14.9900,15.2900,6106700
20130329,15.4500,15.5200,15.2500,15.2900,2947400
20130401,15.1200,15.4300,15.0800,15.4200,4569800
20130402,14.9200,15.2200,14.8300,15.1500,5377500
20130403,14.4300,14.9700,14.2400,14.9700,10468600
20130404,14.4300,14.4300,14.4300,14.4300,0
20130405,14.4300,14.4300,14.4300,14.4300,0
20130408,13.9700,14.0000,13.5800,13.9300,7466100
20130409,14.2200,14.3200,13.9100,13.9100,3888700
20130410,14.1700,14.3700,14.0800,14.2100,2665600
20130411,14.3100,14.3900,14.2200,14.2600,3691500
20130412,14.1600,14.3500,14.0800,14.3000,2149600
20130415,14.1900,14.2700,13.7300,14.0200,4885500
20130416,14.4200,14.4400,14.0000,14.0300,2421100
20130417,14.3800,14.5600,14.3000,14.3400,2649400
20130418,14.4400,14.5400,14.2100,14.2700,3628400
20130419,14.6800,14.7500,14.4400,14.4400,3342900
20130422,14.5700,14.5800,14.3000,14.5000,4987200
20130423,14.1600,14.6000,14.1300,14.5900,2932600
20130424,14.2700,14.2900,14.0900,14.1800,4870300
20130425,14.3200,14.5300,14.2100,14.4900,6158500
20130426,14.0300,14.4000,13.9600,14.2600,4055200
20130429,14.0300,14.0300,14.0300,14.0300,0
20130430,14.0300,14.0300,14.0300,14.0300,0
20130501,14.0300,14.0300,14.0300,14.0300,0
20130502,14.0600,14.1300,13.8500,14.1300,2081200
20130503,14.2400,14.3800,14.0600,14.0600,4272200
20130506,14.6600,14.7000,14.3000,14.3900,6184300
20130507,14.6400,14.7000,14.5200,14.6600,3176100
20130508,14.8000,15.0000,14.6000,14.8000,6955500
20130509,14.8500,14.9400,14.7000,14.8700,3480300
20130510,15.0400,15.0500,14.7600,14.9600,6717600
20130513,15.1000,15.1300,14.9000,15.0400,3667400
20130514,14.6900,15.1200,14.6600,15.1200,3816500
20130515,14.9900,15.0300,14.7100,14.7900,2883500
20130516,15.0300,15.1500,14.8300,15.1400,4741000
20130517,15.0900,15.1700,14.9200,15.0300,4768200
20130520,15.3900,15.5500,15.0600,15.1000,9601600
20130521,15.4000,15.4500,15.2700,15.3100,3303100
20130522,15.2200,15.5000,15.1400,15.4300,6144500
20130523,14.9100,15.2400,14.9100,15.2000,4985400
20130524,14.9900,15.0500,14.8800,14.9300,3892200
20130527,14.8000,15.0900,14.7200,15.0200,10224700
20130528,15.9500,16.0000,14.8100,14.9000,23061000
20130529,15.7200,15.9800,15.6100,15.8600,11977900
20130530,15.6800,15.9400,15.5900,15.6600,9179600
20130531,15.6600,16.0000,15.6300,15.8500,7181300
20130603,15.6300,15.8000,15.5300,15.6800,6497200
20130604,15.4800,15.7300,15.2200,15.6300,8313800
20130605,15.6700,15.8000,15.5000,15.5000,6323300
20130606,15.4500,15.6500,15.3400,15.6500,5875400
20130607,14.9400,15.6800,14.8200,15.4100,6043200
20130610,14.9400,14.9400,14.9400,14.9400,0
20130611,14.9400,14.9400,14.9400,14.9400,0
20130612,14.9400,14.9400,14.9400,14.9400,0
20130613,14.6200,14.6500,14.2000,14.6000,5688100
20130614,14.6300,14.8000,14.5500,14.8000,4295100
20130617,14.5400,14.6500,14.4400,14.6300,3593900
20130618,14.8000,14.8800,14.5100,14.5400,4129200
20130619,15.1300,15.1400,14.7000,14.7500,7778600
20130620,14.8400,15.1000,14.8200,15.1000,5126400
20130621,14.8800,15.0200,14.1600,14.6000,5374800
20130624,14.1700,14.8600,14.0000,14.8600,4966600
20130625,13.5000,14.1700,12.8000,14.0900,8081700
20130626,13.3700,13.6800,13.2800,13.5300,6658100
20130627,13.0800,13.6000,13.0000,13.4800,5645400
20130628,13.0700,13.4000,12.9400,13.0700,4697400
20130701,13.2500,13.2600,13.0000,13.1100,2941900
20130702,13.4400,13.5500,12.9200,13.2000,10637100
20130703,13.6900,13.7600,13.1000,13.3500,7428600
20130704,13.8000,13.9600,13.4800,13.5900,8014000
20130705,13.3900,13.7500,13.3500,13.5900,3943500
20130708,13.3600,13.5500,13.0300,13.2000,4522100
20130709,13.3100,13.3800,13.1200,13.2800,3160700
20130710,13.6700,13.7900,13.2000,13.2600,4980700
20130711,14.1200,14.2800,13.6300,13.6600,7580500
20130712,14.0800,14.2100,13.9500,14.1200,4921400
20130715,14.4400,14.4700,14.0000,14.0500,7580000
20130716,15.0900,15.1600,14.3000,14.5500,12386600
20130717,14.7000,15.0600,14.6500,14.9000,9005000
20130718,14.7500,15.0600,14.5000,14.6500,7370700
20130719,14.3600,14.9000,14.3000,14.8800,6181500
20130722,15.1000,15.4100,14.5000,14.5000,11807900
20130723,15.2800,15.4300,14.9100,14.9500,10342800
20130724,15.8900,16.0400,15.3000,15.4900,15299300
20130725,15.6300,15.9900,15.3500,15.8000,5667100
20130726,15.3900,15.7400,15.2500,15.4000,5427800
20130729,16.0500,16.1200,15.1200,15.3000,12675800
20130730,16.0800,16.2400,15.5300,16.0500,8832200
20130731,15.8400,16.4700,15.6700,16.0100,9230800
20130801,15.9800,16.0400,15.6000,15.7000,6661800
20130802,16.2800,16.3000,15.8800,16.1000,9078500
20130805,16.7300,16.9500,16.2900,16.3000,11752100
20130806,17.3400,17.5000,16.6100,16.7000,14897400
20130807,17.0800,17.4000,16.8300,17.2100,5777900
20130808,17.0400,17.1900,16.9000,16.9800,3740300
20130809,17.0100,17.3000,16.5900,17.0000,5719400
20130812,17.0700,17.1200,16.8000,16.9000,5799300
20130813,16.8200,17.0500,16.7200,17.0300,4431700
20130814,16.5800,16.8300,16.3800,16.7900,4930400
20130815,16.5900,16.8700,16.4500,16.5500,2199000
20130816,16.0500,16.6600,15.9800,16.5000,5084700
20130819,16.6700,16.7200,15.9000,15.9900,4580000
20130820,16.8700,17.1000,16.5000,16.6700,6565200
20130821,16.9400,17.0300,16.6000,16.9800,4585400
20130822,16.9500,17.0400,16.7100,16.9000,5849100
20130823,16.9900,17.1800,16.7600,16.9500,4780700
20130826,17.0800,17.1500,16.8500,16.9900,4913500
20130827,16.9300,17.0500,16.8700,17.0500,2333200
20130828,16.8600,16.9400,16.5100,16.8900,3595600
20130829,16.8200,17.0200,16.6400,17.0200,1599600
20130830,17.0100,17.3500,16.5800,16.7100,8163900
20130902,17.1700,17.4000,16.9600,17.0600,5380600
20130903,17.9400,18.1800,17.1100,17.2000,7465800
20130904,17.8100,18.1800,17.6100,17.9500,5969000
20130905,17.8500,17.9700,17.6500,17.8000,2131900
20130906,17.9300,18.1000,17.7300,17.7300,3745700
20130909,17.6800,18.1400,17.5800,18.0200,6085900
20130910,17.6700,17.7900,17.4500,17.7000,4209100
20130911,17.2100,17.6800,17.1300,17.6800,3692700
20130912,17.1400,17.4300,17.0700,17.1700,2299200
20130913,17.5200,17.5400,17.1000,17.1800,3172700
20130916,18.2800,18.3700,17.6500,17.8200,8943500
20130917,17.7700,18.3400,17.7600,18.3000,3982600
20130918,18.0200,18.3700,17.6500,17.6900,7455600
20130920,18.0200,18.0200,18.0200,18.0200,0
20130923,17.7900,18.1300,17.7300,18.1000,6416200
20130924,18.0000,18.0900,17.7000,17.8000,7484500
20130925,17.7700,18.0200,17.5400,18.0000,5429100
20130926,16.9300,18.0000,16.9000,17.7500,6478500
20130927,16.7500,17.0700,16.6000,16.9100,6617900
20130930,16.8200,16.9900,16.5500,16.7800,3741400
20131001,16.8200,16.8200,16.8200,16.8200,0
20131002,16.8200,16.8200,16.8200,16.8200,0
20131003,16.8200,16.8200,16.8200,16.8200,0
20131004,16.8200,16.8200,16.8200,16.8200,0
20131007,16.8200,16.8200,16.8200,16.8200,0
20131008,16.9900,17.0500,16.5200,16.7900,4863600
20131009,17.1000,17.4300,16.8500,16.9500,4471200
20131010,17.8100,17.9200,17.0300,17.1000,8865600
20131011,17.7900,18.2000,17.5600,17.8000,6817800
20131014,18.4000,18.5000,17.8400,17.9000,9915900
20131015,18.4000,18.4000,18.4000,18.4000,0
20131016,19.2100,20.2200,18.5900,19.0500,18655600
20131017,18.8400,19.4800,18.6100,19.2100,8063900
20131018,18.5900,19.5000,18.2100,18.7500,11720600
20131021,19.5700,19.7000,18.4900,18.4900,11425500
20131022,19.2900,19.8200,19.0000,19.5700,6771000
20131023,19.1400,19.5800,18.8500,19.2800,4903300
20131024,19.0500,19.5000,18.8600,19.2300,4769800
20131025,18.0000,19.1300,17.7000,18.9500,9653200
20131028,18.0000,18.2500,17.3500,18.0000,4365300
20131029,17.4000,18.1800,16.7500,17.9900,7556800
20131030,17.6300,17.7600,17.3500,17.4700,3916400
20131031,17.6100,17.8300,17.5200,17.5200,4144800
20131101,19.2300,19.3700,17.5000,17.6100,9770100
20131104,18.9700,19.6000,18.7500,19.5700,6680200
20131105,18.9700,19.2000,18.6000,18.9000,3880900
20131106,19.2300,19.5000,18.9500,19.0700,6068500
20131107,18.9900,19.7800,18.9000,19.0600,5346100
20131108,18.7500,19.1900,18.3500,18.7800,3381100
20131111,18.7500,19.0000,18.7000,18.7400,2273200
20131112,18.5600,18.9000,18.3500,18.7800,2203500
20131113,17.8200,18.7300,17.8000,18.5000,2567500
20131114,17.7900,18.2400,17.4000,17.8400,3378500
20131115,18.0900,18.1900,17.4900,17.4900,4268800
20131118,17.9800,18.5500,17.8900,18.1000,5881700
20131119,18.2600,18.2900,17.9000,18.0200,4736600
20131120,18.6800,18.7300,18.0600,18.3000,3245700
20131121,18.4100,18.6500,18.2600,18.5600,3321300
20131122,18.4300,18.6000,18.2800,18.4100,1785700
20131125,18.2900,18.6800,18.1400,18.4200,2992000
20131126,18.2800,18.4000,17.9700,18.2900,3152200
20131127,18.3900,18.4400,18.1800,18.2700,2453500
20131128,18.4300,18.8300,18.3800,18.5800,8726800
20131129,18.5100,18.9800,18.3900,18.6000,3730500
20131202,17.2700,18.6000,16.8000,18.3000,9455500
20131203,17.6200,17.9900,17.0100,17.2800,4354100
20131204,17.9400,17.9900,17.5000,17.6000,6963100
20131205,17.2800,18.0100,17.0500,18.0100,7071300
20131206,17.6800,17.8500,17.2500,17.4700,4870600
20131209,17.6700,17.7600,17.3000,17.6800,5031500
20131210,17.2500,17.7300,17.1800,17.6300,6558700
20131211,17.2300,17.5800,17.0000,17.2600,4001300
20131212,17.3600,17.5700,17.0600,17.2200,2241100
20131213,17.3800,17.4800,17.2100,17.3900,2989600
20131216,17.5100,17.6300,17.2800,17.4000,3284900
20131217,17.0100,17.5600,16.8900,17.5000,5461100
20131218,17.0600,17.1700,16.9700,17.0100,1523500
20131219,16.8400,17.1400,16.8000,17.0500,1785000
20131220,16.4000,16.8800,16.3300,16.8200,3812800
20131223,17.0000,17.0800,16.3700,16.4900,7118200
20131224,17.5000,17.5500,16.9500,16.9500,5825500
20131225,17.5500,17.6800,17.4000,17.5000,2030300
20131226,17.3700,17.5800,17.1400,17.5500,3018900
20131227,17.4400,17.6500,17.3200,17.3700,3032100
20131230,17.4600,17.6000,17.4000,17.5500,2123000
20131231,17.6200,17.8500,17.3100,17.4600,3502200
20140101,17.6200,17.6200,17.6200,17.6200,0
20140102,17.5000,17.7000,17.3700,17.6300,2991100
20140103,17.6900,17.7700,17.3700,17.4100,3037900
20140106,17.2400,17.7000,17.2100,17.6500,2464300
20140107,17.7300,17.7400,17.1500,17.1900,3348000
20140108,17.5000,17.9700,17.2500,17.7800,4434100
20140109,17.1200,17.6200,16.7000,17.4900,4648400
20140110,16.8500,17.1700,16.7000,17.1200,3778600
20140113,16.9400,17.0500,16.7000,16.7000,1594700
20140114,17.2800,17.3600,16.8600,16.9900,2433200
20140115,17.4700,17.8400,17.2800,17.3200,4581200
20140116,17.2500,17.4900,17.1000,17.4700,3770700
20140117,16.9800,17.5000,16.7400,17.2400,3459900
20140120,17.2300,17.3300,16.8000,16.9800,2778200
20140121,17.8200,17.9800,17.1600,17.2300,5770800
20140122,18.2900,18.6800,17.6000,17.8100,9680500
20140123,18.2600,18.3900,17.9000,18.3900,5931100
20140124,18.1100,18.5700,18.0200,18.0900,10272900
20140127,17.7300,18.0800,17.6700,18.0000,5439400
20140128,18.0000,18.1000,17.6000,17.7700,3704200
20140129,18.7700,19.0000,17.9100,17.9500,11403800
20140130,18.4900,18.7800,18.4200,18.5500,6030000
20140131,18.4900,18.4900,18.4900,18.4900,0
20140203,18.4900,18.4900,18.4900,18.4900,0
20140205,18.4900,18.4900,18.4900,18.4900,0
20140206,18.4900,18.4900,18.4900,18.4900,0
20140207,18.7100,18.8300,18.2500,18.3300,5705300
20140210,20.1500,20.3200,18.8300,18.9900,17440800
20140211,20.1000,20.5000,19.7800,19.8800,15245800
20140212,19.7800,20.2200,19.6000,20.2200,9880700
20140213,19.3100,19.9100,19.2000,19.7900,7953600
20140214,19.4300,19.7100,19.2500,19.2500,7568700
20140217,20.3900,20.7800,19.4600,19.6800,14951600
20140218,20.1100,21.2000,20.0500,20.7700,14921600
20140219,20.7200,20.8800,20.1100,20.2800,11284400
20140220,19.8900,20.9000,19.6600,20.9000,10977600
20140221,19.4400,19.9200,19.4000,19.7200,6208700
20140224,20.1900,20.2700,19.2100,19.4600,8195300
20140225,20.0700,21.1500,19.8300,20.2100,14555200
