20130226,12.9300,13.1600,12.8200,13.1000,6109700
20130227,12.8000,13.0600,12.6600,12.9700,5117300
20130228,13.1800,13.2500,12.7500,12.8100,6864200
20130301,13.2700,13.4800,13.0700,13.1800,6773600
20130304,13.2800,13.8200,13.1200,13.1500,13077000
20130305,13.4000,13.5700,12.8100,13.2600,8092300
20130306,13.4800,13.5600,13.3000,13.4000,7585700
20130307,13.2900,13.5800,13.1600,13.4800,5685000
20130308,13.0000,13.4500,12.9300,13.2600,5236700
20130311,12.8500,13.0200,12.7500,13.0200,4345500
20130312,12.9000,13.3700,12.7700,13.1500,8502500
20130313,12.5100,12.7600,12.1700,12.6800,6412000
20130314,12.5300,12.6800,12.3200,12.4800,3371200
20130315,12.4400,12.7500,12.3000,12.5500,3459500
20130318,12.3800,12.5200,12.3000,12.4800,2691300
20130319,12.5500,12.5600,12.3600,12.3600,2809400
20130320,12.9400,12.9600,12.5500,12.5800,8112400
20130321,13.6300,14.1600,13.0200,13.0200,25159900
20130322,13.8000,14.0900,13.3600,13.5000,14985800
20130325,13.7900,13.9500,13.5700,13.7500,6631500
20130326,13.5200,13.8100,13.5000,13.7700,5054300
20130327,13.3700,13.6400,13.2800,13.4900,4443300
20130328,13.0300,13.4100,12.9600,13.3000,4891400
20130329,12.7100,13.1800,12.1400,13.0400,5828800
20130401,12.6600,12.9000,12.6000,12.6000,3663900
20130402,12.7900,13.0100,12.7000,12.9500,4270300
20130403,12.4300,12.9000,12.3500,12.8500,3687600
20130404,12.4300,12.4300,12.4300,12.4300,0
20130405,12.4300,12.4300,12.4300,12.4300,0
20130408,12.3200,12.4300,11.9900,12.4000,2927400
20130409,12.5100,12.5800,12.3200,12.4000,3040300
20130410,12.3400,12.5100,12.2200,12.5100,2140400
20130411,12.3600,12.5000,12.3300,12.3500,2080300
20130412,12.1300,12.4500,12.0400,12.4500,3798500
20130415,11.5800,12.1200,11.4900,12.1200,5195000
20130416,11.7200,11.7300,11.3500,11.5300,4560000
20130417,11.8200,11.8600,11.5500,11.7100,3192600
20130418,11.8300,11.8800,11.6700,11.7800,2507800
20130419,12.0700,12.1500,11.8100,11.8300,4012700
20130422,11.9500,12.0500,11.8200,12.0000,3156200
20130423,11.6300,12.1500,11.5600,11.9800,3402100
20130424,11.7600,11.8500,11.5300,11.5300,2380300
20130425,11.4300,11.7800,11.3900,11.7600,4991800
20130426,10.6200,11.4000,10.5800,11.4000,10787300
20130429,10.6200,10.6200,10.6200,10.6200,0
20130430,10.6200,10.6200,10.6200,10.6200,0
20130501,10.6200,10.6200,10.6200,10.6200,0
20130502,10.1900,10.6200,10.0800,10.6200,11911800
20130503,10.3300,10.3800,10.1900,10.2500,6028700
20130506,10.4900,10.5800,10.3400,10.4000,5311000
20130507,10.5200,10.6400,10.4000,10.5700,7094200
20130508,11.1500,11.3000,10.5500,10.5500,18364700
20130509,10.8600,11.1200,10.6300,11.1200,12182700
20130510,10.7700,10.9300,10.6800,10.8500,6903900
20130513,10.9000,10.9900,10.7000,10.7500,7250900
20130514,10.7100,10.8700,10.5700,10.8700,5677800
20130515,10.6900,10.7500,10.5800,10.7000,3417400
20130516,10.8200,10.8500,10.5800,10.6600,6199900
20130517,10.9200,10.9300,10.7700,10.8500,7066400
20130520,11.0300,11.1800,10.9300,10.9500,7976100
20130521,11.1400,11.1800,11.0100,11.0400,6850500
20130522,11.0800,11.2000,11.0200,11.1800,5669600
20130523,10.8600,11.0700,10.8100,11.0700,6252400
20130524,10.9700,11.0700,10.8000,10.8100,5310800
20130527,11.1100,11.1600,10.9800,10.9800,6078700
20130528,11.2300,11.2500,11.0100,11.1300,6721700
20130529,11.2100,11.4800,11.1900,11.3000,9045700
20130530,11.2700,11.3500,11.1300,11.1900,6681100
20130531,10.9500,11.1500,10.9500,11.1400,4157600
20130603,10.9500,11.0600,10.8400,10.9400,3978600
20130604,10.6200,11.0000,10.6100,10.9400,4402900
20130605,10.6800,10.7300,10.6100,10.6500,2420800
20130606,10.4700,10.7000,10.4200,10.6500,3172700
20130607,10.2700,10.5600,10.1600,10.4800,3242300
20130610,10.2700,10.2700,10.2700,10.2700,0
20130611,10.2700,10.2700,10.2700,10.2700,0
20130612,10.2700,10.2700,10.2700,10.2700,0
20130613,9.9700,10.2400,9.8500,10.2400,3182700
20130614,10.2400,10.3700,9.9600,9.9600,3290700
20130617,10.1500,10.2600,10.0300,10.1900,2087900
20130618,10.2200,10.2600,10.1200,10.1700,1571700
20130619,10.0800,10.1900,9.9000,10.1900,2199900
20130620,9.8400,10.0200,9.8000,10.0200,2069600
20130621,9.8900,9.9900,9.3500,9.7700,2547900
20130624,9.2300,9.8100,9.1100,9.8000,2948200
20130625,8.8700,9.1500,8.3100,9.0400,4711400
20130626,8.9400,8.9900,8.7000,8.9900,2343200
20130627,8.8000,9.1000,8.8000,8.9500,2623900
20130628,8.7600,8.9800,8.5400,8.7500,1761600
20130701,8.8900,8.9200,8.6500,8.7600,1716200
20130702,8.9600,8.9600,8.7900,8.8900,1881500
20130703,8.8300,8.9600,8.6400,8.9600,2626300
20130704,8.8800,8.9900,8.6300,8.8100,3175000
20130705,9.1100,9.2600,8.8800,8.8900,5179100
20130708,9.0400,9.1100,8.9000,9.0800,3297600
20130709,9.1900,9.2000,8.9400,8.9700,3057800
20130710,9.5000,9.5200,9.2000,9.2300,5762300
20130711,10.0300,10.1400,9.3000,9.4400,11252600
20130712,9.9400,10.0300,9.6800,10.0300,9979300
20130715,10.2500,10.4500,9.8400,9.9400,13668000
20130716,10.2100,10.4300,10.0600,10.2000,9868300
20130717,9.7800,10.4800,9.7500,10.0900,7994100
20130718,9.4500,9.6900,9.4000,9.5000,4576100
20130719,9.1500,9.5700,9.0900,9.4300,3774100
20130722,9.2200,9.2400,8.9100,9.0100,2184500
20130723,9.4100,9.5000,9.2100,9.2200,2688200
20130724,9.6700,9.7900,9.1900,9.4200,5095700
20130725,9.4400,9.6600,9.4300,9.6000,2776300
20130726,9.3300,9.5400,9.3000,9.4400,1630200
20130729,9.1000,9.2600,9.0100,9.2600,2097800
20130730,9.2500,9.4100,9.0000,9.0900,2720300
20130731,9.2100,9.4500,9.1600,9.4000,1958200
20130801,9.3300,9.3500,9.2200,9.2600,2510200
20130802,9.3700,9.4200,9.3100,9.4000,3067800
20130805,9.5500,9.6400,9.4300,9.5000,4132600
20130806,9.5700,9.6000,9.4400,9.5500,4295400
20130807,10.2300,10.4400,9.4600,9.5800,15008200
20130808,10.0700,10.3700,9.9000,10.0600,10558400
20130809,9.9200,10.1700,9.7500,10.0700,6380300
20130812,10.0800,10.0900,9.8800,9.9300,6214300
20130813,10.2400,10.3300,9.9600,10.0800,7756600
20130814,10.1700,10.2100,9.9500,10.2000,8056900
20130815,10.4200,10.6000,10.1000,10.1000,16545400
20130816,10.1600,10.5200,10.1100,10.2900,10864900
20130819,10.1600,10.2500,9.8100,10.2100,7372700
20130820,10.3600,10.3700,10.0800,10.1600,9111300
20130821,10.2500,10.3800,10.0800,10.3800,4959500
20130822,10.0000,10.2500,9.9600,10.2500,5803900
20130823,9.9300,10.0900,9.7100,10.0400,4302900
20130826,10.0500,10.0800,9.9300,9.9500,3634200
20130827,10.0700,10.0800,9.9600,10.0800,4782800
20130828,9.8500,10.0400,9.8400,10.0000,5734200
20130829,10.2400,10.3000,9.9200,9.9200,14117200
20130830,9.9600,10.2400,9.9000,10.2400,7914100
20130902,9.9700,9.9800,9.7600,9.9200,4247400
20130903,10.0700,10.1200,9.9100,9.9300,4762900
20130904,10.0800,10.1500,9.9600,10.1500,4221100
20130905,10.0000,10.1400,9.9700,10.0600,3821000
20130906,9.9700,10.0700,9.9200,9.9800,3421900
20130909,10.1100,10.1200,9.9500,9.9600,5442700
20130910,10.3100,10.3400,10.1000,10.1100,9031900
20130911,10.4900,10.8600,10.1300,10.3100,17308900
20130912,10.3700,10.4300,10.2300,10.2500,7506000
20130913,10.3400,10.4300,10.2300,10.3400,5236900
20130916,10.1700,10.3900,10.1000,10.3000,5680900
20130917,9.9700,10.1800,9.9500,10.1500,4036800
20130918,10.0300,10.0400,9.9100,9.9500,2087300
20130920,10.0300,10.0300,10.0300,10.0300,0
20130923,10.1200,10.1300,9.9600,10.0500,3249800
20130924,10.3200,10.4300,9.9500,10.1000,7497500
20130925,10.0300,10.2400,9.9900,10.2200,4288800
20130926,9.8600,10.0900,9.8600,9.9800,2770600
20130927,9.8700,9.9600,9.8500,9.8800,2073300
20130930,9.9200,9.9900,9.8600,9.8600,1548500
20131001,9.9200,9.9200,9.9200,9.9200,0
20131002,9.9200,9.9200,9.9200,9.9200,0
20131003,9.9200,9.9200,9.9200,9.9200,0
20131004,9.9200,9.9200,9.9200,9.9200,0
20131007,9.9200,9.9200,9.9200,9.9200,0
20131008,10.0400,10.0900,9.8800,9.9000,2373200
20131009,10.1200,10.1300,9.9500,9.9900,3543600
20131010,10.0100,10.1700,9.9800,10.1400,2845700
20131011,10.1700,10.2400,10.0100,10.0100,4561600
20131014,10.3300,10.3600,10.1100,10.1800,8160800
20131015,10.2900,10.3900,10.1500,10.3000,4742400
20131016,9.9200,10.2900,9.8800,10.2900,4902300
20131017,10.3400,10.3800,9.9500,10.0000,14206600
20131018,10.1900,10.3300,10.1200,10.3200,5397500
20131021,10.5200,10.5900,10.1300,10.2000,12265000
20131022,10.8300,11.1100,10.4100,10.4500,26591000
20131023,10.4000,10.8000,10.3400,10.7200,12493500
20131024,10.3300,10.5600,10.2200,10.3600,6704900
20131025,10.1700,10.3800,10.0500,10.3800,7057000
20131028,10.2700,10.3100,10.0800,10.1900,4616100
20131029,9.7600,10.3800,9.6300,10.2500,7514800
20131030,9.9400,10.0500,9.7100,9.7600,4936000
20131031,10.1600,10.1800,9.7000,9.8500,5958000
20131101,10.1200,10.2900,10.0300,10.0700,5626100
20131104,10.2400,10.3600,10.0200,10.1200,5353300
20131105,10.3400,10.3500,10.0600,10.2100,5431800
20131106,10.1800,10.4200,10.1600,10.3800,4724600
20131107,9.9600,10.1700,9.9500,10.1500,3920700
20131108,9.9000,10.0600,9.8200,9.9100,2136200
20131111,9.9900,10.0000,9.8200,9.9000,1435400
20131112,10.2200,10.2500,9.9300,10.0100,3514000
20131113,9.9200,10.1900,9.9000,10.1900,3195000
20131114,9.9600,10.0400,9.8200,9.8200,2757000
20131115,10.1100,10.2500,9.9600,9.9600,6301100
20131118,10.2800,10.2900,10.1300,10.1300,6316400
20131119,10.3600,10.4300,10.1600,10.3000,8162400
20131120,10.3800,10.4100,10.2400,10.3000,6128400
20131121,10.2300,10.3600,10.1900,10.3300,4577100
20131122,10.4300,10.4500,10.2200,10.2500,9356400
20131125,10.3100,10.6500,10.3000,10.3800,9595500
20131126,10.2000,10.3000,10.1500,10.2500,6171500
20131127,10.5700,10.6800,10.1700,10.2200,11904400
20131128,10.4900,10.6500,10.4800,10.4900,9162100
20131129,10.5600,10.6400,10.4800,10.5000,5893800
20131202,10.7400,10.8800,10.2500,10.4600,16765000
20131203,11.0400,11.0800,10.4700,10.5800,16747100
20131204,10.9800,11.3600,10.9600,11.0800,19804800
20131205,11.2200,11.4600,10.9000,10.9600,14768400
20131206,10.9100,11.3100,10.8100,11.1000,9668200
20131209,11.0800,11.1200,10.7900,10.9300,8066800
20131210,11.2400,11.4500,10.9400,11.0700,11138400
20131211,11.1200,11.3800,10.9800,11.1800,7337100
20131212,11.1600,11.2600,11.0200,11.0600,7199900
20131213,10.8900,11.1400,10.8000,11.1400,8405100
20131216,10.6400,10.9600,10.6000,10.8300,5900900
20131217,10.5000,10.6900,10.4500,10.6500,4295400
20131218,10.5200,10.6600,10.4500,10.4800,3489100
20131219,10.5200,10.8500,10.4700,10.7700,4178700
20131220,10.2800,10.6300,10.0700,10.6000,4236400
20131223,10.4300,10.4600,10.1400,10.2800,2891000
20131224,10.5700,10.6000,10.3100,10.4300,4411100
20131225,10.4900,10.5700,10.4000,10.5400,3506400
20131226,10.1900,10.5100,10.0900,10.4900,4153300
20131227,10.2600,10.3400,10.1500,10.2300,2894300
20131230,10.1900,10.3300,10.1300,10.2900,2963000
20131231,10.3200,10.3800,9.9500,10.2200,4335700
20140101,10.3200,10.3200,10.3200,10.3200,0
20140102,10.1900,10.2600,10.0700,10.1600,3186700
20140103,9.9900,10.2000,9.9400,10.1400,3866100
20140106,10.0100,10.2800,9.9600,10.0400,5187800
20140107,9.7900,9.9400,9.7100,9.9400,2613600
20140108,9.6300,9.9500,9.6000,9.8800,2604100
20140109,9.6100,9.7400,9.5800,9.6300,2882200
20140110,9.2700,9.6200,9.2300,9.5500,3194000
20140113,9.1200,9.3300,9.0500,9.2600,2364000
20140114,9.2800,9.3000,9.1300,9.1300,1651200
20140115,9.2600,9.3000,9.1800,9.2800,1424700
20140116,9.2900,9.3800,9.2200,9.2800,1532400
20140117,9.3200,9.3500,9.1900,9.2800,1768400
20140120,9.2100,9.4100,9.1900,9.4100,1693700
20140121,9.3400,9.3600,9.1600,9.2300,1714200
20140122,9.5400,9.5500,9.2800,9.3400,4064900
20140123,9.5600,9.6000,9.4000,9.5700,4042200
20140124,9.7500,9.8400,9.4900,9.5500,4287700
20140127,9.6300,9.8000,9.6200,9.6400,2049800
20140128,9.5300,9.7000,9.4800,9.6100,2419500
20140129,9.5600,9.6300,9.4800,9.4800,1981900
20140130,9.3900,9.5500,9.3800,9.5100,1733500
20140131,9.3900,9.3900,9.3900,9.3900,0
20140203,9.3900,9.3900,9.3900,9.3900,0
20140205,9.3900,9.3900,9.3900,9.3900,0
20140206,9.3900,9.3900,9.3900,9.3900,0
20140207,9.5200,9.5800,9.3000,9.3900,2957800
20140210,9.7300,9.7800,9.5700,9.5700,5275200
20140211,9.8700,9.8700,9.6800,9.7300,4801500
20140212,9.9500,10.0500,9.7300,9.8500,5461900
20140213,9.8900,10.0400,9.8300,9.9000,5812500
20140214,9.9500,10.0000,9.8000,9.8800,3215400
20140217,10.2300,10.3500,9.9300,10.0000,9392400
20140218,10.0800,10.2800,10.0500,10.1900,7727200
20140219,10.0000,10.1800,9.9000,10.0500,6913300
20140220,10.0100,10.1100,9.8300,10.0000,5844400
20140221,9.9700,10.0400,9.8100,10.0400,3636700
20140224,10.3100,10.4800,9.8200,9.9400,16118900
20140225,9.7500,10.3000,9.3800,10.2600,10944600
