20130226,19.9300,20.4000,19.8600,20.2000,16866500
20130227,20.2000,20.3600,19.9600,20.0000,11406500
20130228,20.8900,20.9400,20.1400,20.2900,22193800
20130301,20.5600,20.9500,20.3000,20.8100,20304300
20130304,18.8300,19.9000,18.6000,19.3700,43196100
20130305,19.0900,19.1600,18.6800,18.8500,19916600
20130306,19.2900,19.5100,18.8000,19.4000,22126900
20130307,19.9700,20.2400,18.8900,19.2000,38932700
20130308,19.6500,19.9400,19.4800,19.8400,16999400
20130311,19.1700,19.6500,19.1000,19.6500,14763800
20130312,18.7800,19.4500,18.4400,19.2000,16942500
20130313,18.8600,19.0700,18.6500,18.7400,9487400
20130314,19.2700,19.3000,18.6800,18.7800,12345600
20130315,18.9400,19.5000,18.8200,19.1900,15420900
20130318,18.2800,18.9500,18.2600,18.8100,11469600
20130319,18.5300,18.6500,18.2300,18.3600,8106800
20130320,19.1700,19.2500,18.5000,18.5700,16527600
20130321,19.1300,19.4400,19.0100,19.2000,14888100
20130322,19.0400,19.1800,18.9100,19.1300,10157300
20130325,18.9700,19.3000,18.8400,19.2000,11386100
20130326,18.5800,18.9500,18.4800,18.9300,12180300
20130327,18.6300,18.8300,18.4700,18.6200,8388500
20130328,18.0600,18.4500,17.9500,18.4400,14229700
20130329,17.8400,18.2200,17.8100,18.1300,8889900
20130401,18.0200,18.1500,17.7100,17.8200,7243100
20130402,17.7500,18.2500,17.6300,18.0000,11239500
20130403,17.9100,18.0400,17.7900,17.8600,7502100
20130404,17.9100,17.9100,17.9100,17.9100,0
20130405,17.9100,17.9100,17.9100,17.9100,0
20130408,17.6200,17.6900,17.2100,17.6000,9625600
20130409,17.9000,18.0300,17.6200,17.6600,8159400
20130410,18.1900,18.2000,17.7800,17.9300,9040700
20130411,17.9000,18.3000,17.8900,18.2100,7457400
20130412,17.7000,18.0400,17.6200,17.9000,5422900
20130415,17.3000,17.5500,17.2400,17.5000,8037100
20130416,17.4900,17.5800,16.9600,17.0000,8312100
20130417,17.4800,17.5300,17.2200,17.4900,6378500
20130418,17.4800,17.6600,17.2000,17.3000,6892300
20130419,18.0300,18.0900,17.5000,17.5000,15598400
20130422,18.1800,18.2100,17.9000,18.0900,9843600
20130423,17.6200,18.2800,17.6100,18.1200,11503700
20130424,17.9300,18.0400,17.5100,17.6900,7890200
20130425,18.0000,18.4300,17.6200,17.8000,17041400
20130426,17.7100,18.3000,17.7000,18.0500,8618800
20130429,17.7100,17.7100,17.7100,17.7100,0
20130430,17.7100,17.7100,17.7100,17.7100,0
20130501,17.7100,17.7100,17.7100,17.7100,0
20130502,17.0400,17.7000,16.9800,17.7000,11839100
20130503,17.1200,17.4400,17.0000,17.1500,9893600
20130506,17.4600,17.6000,17.2900,17.3000,11546600
20130507,17.7400,17.9600,17.1000,17.4500,15939800
20130508,17.6300,17.9300,17.5100,17.7500,9285200
20130509,17.1400,17.6800,17.0000,17.6300,18389800
20130510,17.2400,17.3400,17.0000,17.0800,14683700
20130513,17.0500,17.3000,17.0100,17.2800,10760300
20130514,16.6300,17.0400,16.5300,17.0400,14851500
20130515,16.4100,16.7100,16.3100,16.6500,15863400
20130516,16.7300,16.7500,16.1700,16.3500,16368800
20130517,17.6300,17.8000,16.5600,16.7500,32584400
20130520,17.4200,17.6400,17.3600,17.5500,24780900
20130521,17.5200,17.7700,17.3200,17.4300,18596500
20130522,17.5900,17.6900,17.3500,17.5300,16885400
20130523,16.9000,17.4800,16.8600,17.4800,24469100
20130524,16.9400,17.1500,16.6700,16.9700,14887500
20130527,16.6500,16.9400,16.5900,16.8700,15078100
20130528,17.0900,17.1500,16.4800,16.6400,20677500
20130529,16.8400,17.1600,16.8000,17.0900,17048300
20130530,16.8400,16.9800,16.6500,16.7600,9883900
20130531,16.6700,17.0300,16.6100,16.8500,12134700
20130603,16.8900,17.0400,16.6000,16.6200,13733500
20130604,16.6000,16.8500,16.5400,16.8500,9458100
20130605,16.5500,16.7300,16.5100,16.6100,6249500
20130606,16.4400,16.7500,16.4300,16.4900,8501900
20130607,16.0600,16.5500,15.9000,16.5000,13418100
20130610,16.0600,16.0600,16.0600,16.0600,0
20130611,16.0600,16.0600,16.0600,16.0600,0
20130612,16.0600,16.0600,16.0600,16.0600,0
20130613,15.1400,15.9100,14.9800,15.9100,12449500
20130614,15.0900,15.2400,14.9800,15.1800,10130800
20130617,14.8500,15.1800,14.7200,15.1000,9062000
20130618,14.8600,14.9700,14.7600,14.8500,6647100
20130619,14.7600,14.9800,14.1500,14.8000,16378900
20130620,14.0300,14.5900,14.0000,14.4400,10371400
20130621,13.7500,13.9800,13.5600,13.7000,10431700
20130624,12.4800,13.7000,12.4700,13.7000,15380000
20130625,12.3800,12.7800,11.4800,12.4700,20185500
20130626,12.5100,12.6200,12.2000,12.3800,15234700
20130627,12.3900,12.9400,12.3000,12.5800,13486600
20130628,12.6500,12.9600,12.1100,12.4000,15565800
20130701,11.8300,12.0300,11.5900,12.0000,9546000
20130702,11.6400,11.8800,11.5300,11.8200,11609600
20130703,11.8300,11.9500,11.5400,11.6600,13610900
20130704,12.4500,12.8500,11.5000,11.6800,30283400
20130705,12.2700,12.5700,12.2500,12.3800,16142600
20130708,11.6700,12.0500,11.6600,11.9800,13037500
20130709,11.8500,12.0400,11.6200,11.6800,10945400
20130710,12.5000,12.5300,11.7100,11.9000,23880600
20130711,13.2300,13.3600,12.5100,12.6100,39244100
20130712,12.6200,13.1000,12.5800,13.1000,26674600
20130715,12.6700,12.9200,12.5100,12.5800,17537900
20130716,12.6800,12.7000,12.4200,12.6100,12482600
20130717,12.5900,13.0800,12.5500,12.6000,19179000
20130718,12.2000,12.5700,12.1500,12.5000,14501700
20130719,11.7800,12.3600,11.7600,12.2700,12958500
20130722,11.8300,11.9700,11.5400,11.6600,7915100
20130723,12.1800,12.3400,11.8200,11.8700,13516300
20130724,11.9200,12.1800,11.7300,12.1500,11527000
20130725,12.0700,12.3400,11.9200,12.0200,13141500
20130726,11.8300,11.9700,11.7400,11.9600,7839600
20130729,11.7200,11.9200,11.6900,11.8700,7910300
20130730,11.9000,12.0800,11.7600,11.8800,9504500
20130731,12.0200,12.1000,11.9000,11.9400,7631500
20130801,12.3800,12.5200,12.0000,12.0000,18005700
20130802,12.5200,12.7400,12.2300,12.4000,21802100
20130805,12.6100,12.7400,12.3200,12.4500,17124900
20130806,12.5900,12.7300,12.3400,12.5500,17690500
20130807,12.7200,13.0300,12.5100,12.5900,26965900
20130808,12.5900,12.7900,12.5300,12.6200,11918900
20130809,12.8700,13.0800,12.6000,12.6500,24215600
20130812,14.1600,14.1600,12.9200,12.9900,57915800
20130813,13.9500,14.3500,13.8400,14.2800,42075900
20130814,13.8600,14.3700,13.7000,14.0100,31468600
20130815,13.6000,13.9800,13.5600,13.7000,17450200
20130816,13.3900,14.3300,13.3700,13.4800,27032700
20130819,13.6500,13.7500,13.0600,13.2500,17673400
20130820,13.2900,13.6600,13.1600,13.5800,14867000
20130821,13.5500,13.6800,13.1600,13.4000,13415400
20130822,13.4800,13.7600,13.3700,13.4100,12200600
20130823,13.2500,13.6800,13.0500,13.5800,12918000
20130826,13.5800,13.6600,13.3000,13.3400,11557100
20130827,13.6800,13.7500,13.4300,13.5000,11144200
20130828,14.1100,14.3300,13.5200,13.5900,43072300
20130829,13.6300,13.9900,13.4800,13.9400,23068200
20130830,13.3700,13.6100,13.2900,13.5300,14311400
20130902,13.4700,13.6500,13.0500,13.4100,14620900
20130903,13.7000,13.7200,13.4200,13.4900,12489000
20130904,13.8100,13.9600,13.5600,13.7300,15740300
20130905,13.4500,13.7700,13.4100,13.7100,9658500
20130906,13.4900,13.6300,13.4100,13.4500,7262600
20130909,13.8700,13.9700,13.5100,13.5300,21549200
20130910,14.2400,14.3500,13.8000,13.9500,34449100
20130911,14.5000,14.7400,14.1800,14.3000,41729600
20130912,14.2500,14.4600,14.1100,14.4600,20996600
20130913,13.9800,14.2500,13.9500,14.2400,18262700
20130916,13.8400,14.1900,13.8000,14.1500,12203000
20130917,13.4000,13.9000,13.3900,13.8700,17482100
20130918,13.4300,13.5200,13.2500,13.4000,9602100
20130920,13.4300,13.4300,13.4300,13.4300,0
20130923,13.7000,13.7100,13.5000,13.5000,10804400
20130924,13.3100,13.7000,13.1900,13.7000,15641900
20130925,13.2900,13.4500,13.2200,13.2800,11769500
20130926,13.0800,13.3900,13.0600,13.2500,9876100
20130927,13.2900,13.4800,13.1000,13.1100,10614300
20130930,13.2500,13.4100,13.1800,13.3500,6182200
20131001,13.2500,13.2500,13.2500,13.2500,0
20131002,13.2500,13.2500,13.2500,13.2500,0
20131003,13.2500,13.2500,13.2500,13.2500,0
20131004,13.2500,13.2500,13.2500,13.2500,0
20131007,13.2500,13.2500,13.2500,13.2500,0
20131008,13.3300,13.3400,13.0800,13.2000,7575000
20131009,13.2600,13.3300,13.1700,13.2900,7410600
20131010,13.0300,13.3000,12.9800,13.2800,12137400
20131011,13.1800,13.2700,13.0900,13.0900,8342000
20131014,13.4800,13.5600,13.1800,13.2400,15904400
20131015,13.5600,13.8100,13.3700,13.5500,17647900
20131016,13.1200,13.4900,13.0900,13.4900,11317100
20131017,13.4400,13.8300,13.1500,13.2200,21047800
20131018,13.5900,13.6600,13.3200,13.4500,12550200
20131021,13.7700,13.8700,13.4500,13.7000,19739700
20131022,13.9500,14.1300,13.5000,13.7000,28292200
20131023,14.0000,14.2000,13.7700,13.9000,26976200
20131024,13.4800,13.9300,13.4400,13.8800,15055300
20131025,13.1300,13.5800,13.0600,13.5300,13939900
20131028,12.2900,13.1800,11.9400,13.1500,23404300
20131029,12.0500,12.4000,11.8200,12.2000,15172900
20131030,12.2300,12.2400,11.8500,12.0300,9749800
20131031,12.0300,12.1800,11.9600,12.1800,7505800
20131101,12.1200,12.2400,11.9900,12.0800,5937300
20131104,12.0300,12.2300,11.9400,12.2300,6652400
20131105,12.0400,12.0500,11.8400,12.0000,6715000
20131106,12.1200,12.3400,11.9300,12.0200,11999700
20131107,12.1700,12.2500,11.9400,12.1000,10656400
20131108,11.9800,12.2100,11.9600,12.1800,6498800
20131111,11.9000,12.0000,11.8400,11.9900,4200500
20131112,12.2000,12.3000,11.8800,11.8800,10009400
20131113,11.9200,12.1500,11.9100,12.1000,6088100
20131114,12.0600,12.1700,11.9200,11.9200,5697900
20131115,12.2000,12.3300,11.9800,12.1000,12227000
20131118,12.5700,12.6100,12.2000,12.2900,17053500
20131119,12.4600,12.6200,12.4100,12.5000,10910200
20131120,12.4800,12.5900,12.3700,12.5100,7248000
20131121,12.7700,12.9500,12.4600,12.4900,22086600
20131122,12.6300,12.9700,12.6000,12.8500,13363200
20131125,12.4500,12.6800,12.4100,12.6400,8237200
20131126,12.3600,12.5400,12.3200,12.4500,6219900
20131127,12.5800,12.6100,12.3200,12.4400,11053500
20131128,12.7700,13.0000,12.7600,12.9000,24494600
20131129,12.6400,12.7700,12.6000,12.7700,9952600
20131202,12.2800,12.5900,12.1500,12.4100,13685700
20131203,12.4700,12.5100,12.2900,12.3000,7402300
20131204,12.6800,12.8000,12.4300,12.4900,12458600
20131205,12.7800,12.9900,12.7100,12.7200,15921600
20131206,12.6600,12.8500,12.5600,12.7900,10429300
20131209,12.6100,12.7700,12.5500,12.6800,7213800
20131210,12.5100,12.6900,12.4300,12.6500,7621400
20131211,12.2800,12.4900,12.2000,12.4800,8579500
20131212,12.2700,12.3400,12.2000,12.2300,7074300
20131213,12.1100,12.2800,12.1000,12.1500,8078200
20131216,11.8700,12.1600,11.8500,12.0200,8965800
20131217,11.9400,12.0200,11.8600,11.9500,4606200
20131218,11.9400,12.0000,11.8800,11.9900,3917100
20131219,11.9300,12.1500,11.9300,11.9900,5238400
20131220,11.5800,12.0700,11.5400,11.9400,7015200
20131223,11.4600,11.6700,11.3600,11.6100,5200800
20131224,11.3000,11.5300,11.1900,11.4900,10905600
20131225,11.2200,11.3200,11.1000,11.2500,7815400
20131226,10.7100,11.2200,10.6300,11.2100,17748000
20131227,10.7600,10.8600,10.5700,10.7000,11589800
20131230,10.4900,10.8300,10.4500,10.8000,11167800
20131231,10.6700,11.0900,10.3200,10.4600,14874900
20140101,10.6700,10.6700,10.6700,10.6700,0
20140102,10.5400,10.5800,10.4600,10.5700,9565800
20140103,10.3100,10.4900,10.2900,10.4700,7723700
20140106,9.8100,10.2800,9.7800,10.2800,12159200
20140107,9.7700,9.8800,9.7200,9.7800,6376000
20140108,9.5400,9.8700,9.4900,9.8300,11584200
20140109,9.5500,9.7100,9.3800,9.5200,11595800
20140110,9.4400,9.6000,9.3400,9.5200,9564900
20140113,9.5000,9.5800,9.3400,9.4400,5337200
20140114,9.6000,9.6500,9.4000,9.4800,6504100
20140115,9.4600,9.6200,9.3900,9.5700,6284600
20140116,9.5300,9.6400,9.3800,9.4700,8021300
20140117,8.9300,9.4200,8.9000,9.4000,18997500
20140120,8.8200,8.9200,8.7500,8.9000,10146800
20140121,8.8600,8.9300,8.8000,8.8000,6964800
20140122,9.1600,9.1800,8.8100,8.8600,13702000
20140123,9.0000,9.1600,8.9800,9.1300,8887300
20140124,9.1400,9.2200,8.9600,9.0000,13310400
20140127,9.4700,9.5200,9.1000,9.1400,20295300
20140128,9.3700,9.4600,9.2000,9.4600,13190600
20140129,9.1800,9.3600,9.1400,9.3000,8187500
20140130,8.9900,9.1700,8.9200,9.1600,6932700
20140131,8.9900,8.9900,8.9900,8.9900,0
20140203,8.9900,8.9900,8.9900,8.9900,0
20140205,8.9900,8.9900,8.9900,8.9900,0
20140206,8.9900,8.9900,8.9900,8.9900,0
20140207,9.0700,9.1100,8.8700,8.9100,5452400
20140210,9.3300,9.3600,9.0800,9.1100,11714000
20140211,9.6300,9.7600,9.2200,9.3300,26566500
20140212,9.5200,9.5900,9.4300,9.5000,14012400
20140213,9.4300,9.6900,9.4100,9.5100,14355600
20140214,9.5100,9.6000,9.3600,9.3900,9572000
20140217,9.6300,9.6500,9.4200,9.5500,15687900
20140218,9.3800,9.5900,9.3700,9.5600,12249300
20140219,9.4900,9.5600,9.3700,9.3800,10252600
20140220,9.5800,9.7500,9.4700,9.5000,24387100
20140221,9.3200,9.6000,9.3000,9.5900,12437100
20140224,8.8900,9.2900,8.8500,9.2900,13924800
20140225,8.5900,8.9600,8.5600,8.9200,12510700
