20130226,17.1800,17.7000,17.1000,17.7000,8802600
20130227,17.3000,17.5000,17.0800,17.1800,4094200
20130228,17.7000,17.7500,17.2600,17.3800,6259900
20130301,17.4800,17.7300,17.2000,17.7200,6229200
20130304,16.5900,17.5000,16.4700,17.1400,8084700
20130305,16.7600,16.8500,16.6000,16.6000,4596700
20130306,16.9700,17.0100,16.7700,16.9900,4658900
20130307,17.4200,17.7000,16.6200,16.8200,11029700
20130308,17.7500,18.4600,17.1000,17.3600,13868000
20130311,17.8700,18.1800,17.4500,17.7500,7601400
20130312,17.7900,18.2300,17.6900,17.7600,13512000
20130313,17.6900,18.0700,17.5300,17.8400,5997500
20130314,19.4600,19.4600,17.1700,17.5300,38133600
20130315,18.8500,19.5100,18.5600,19.2000,35772700
20130318,18.8600,19.3600,18.6000,18.7000,30783100
20130319,19.1100,19.1500,18.5100,18.7500,26615400
20130320,19.2600,19.3500,18.7300,18.9900,34685600
20130321,18.7200,19.1300,18.5500,19.1300,21506500
20130322,18.9100,19.2500,18.4100,18.5900,21836700
20130325,18.5000,19.1000,18.4800,18.6700,16785700
20130326,17.5400,18.3700,17.5300,18.3500,17090100
20130327,17.4000,17.7000,17.2900,17.5400,9381300
20130328,17.3700,17.6000,16.7300,17.1800,10610600
20130329,17.0200,17.4900,17.0000,17.3700,6175000
20130401,16.9400,17.2100,16.7500,16.8800,4167000
20130402,17.0600,17.2500,16.8500,16.9500,3955600
20130403,16.8500,17.2300,16.7800,17.1800,5094100
20130404,16.8500,16.8500,16.8500,16.8500,0
20130405,16.8500,16.8500,16.8500,16.8500,0
20130408,16.4200,16.5300,16.0800,16.4900,5594400
20130409,16.6300,16.7500,16.4500,16.4900,3687600
20130410,16.9000,16.9300,16.6100,16.6800,4273900
20130411,16.5100,17.0700,16.5000,16.9700,3531400
20130412,16.3700,16.6500,16.3400,16.5200,2342700
20130415,15.8400,16.3700,15.7500,16.1600,4457600
20130416,16.0100,16.1500,15.5000,15.6800,3889100
20130417,15.9000,16.1300,15.6400,16.1000,3231700
20130418,15.8600,16.2900,15.6400,15.7600,3241500
20130419,16.3000,16.3600,15.8300,15.8600,5600800
20130422,16.1500,16.3000,16.0000,16.2000,4078500
20130423,15.6500,16.2100,15.6400,16.1500,4027400
20130424,15.9000,16.0600,15.6800,15.7500,2984700
20130425,15.6300,15.9800,15.6100,15.7700,3864800
20130426,15.1700,15.6300,15.1200,15.5500,5920100
20130429,15.1700,15.1700,15.1700,15.1700,0
20130430,15.1700,15.1700,15.1700,15.1700,0
20130501,15.1700,15.1700,15.1700,15.1700,0
20130502,14.1000,15.1300,13.9600,15.1000,8894100
20130503,14.2300,14.4500,14.0900,14.1000,6525000
20130506,14.3500,14.5100,14.2900,14.3100,4434300
20130507,14.6100,14.7700,14.1500,14.3700,6380400
20130508,14.5300,14.7900,14.4700,14.6600,4460700
20130509,14.2400,14.5900,14.0800,14.5600,5273600
20130510,14.4000,14.4700,14.0900,14.1600,3757800
20130513,14.3600,14.4900,14.2600,14.4400,3039100
20130514,14.0900,14.3500,14.0500,14.3500,3542200
20130515,14.0300,14.2500,13.9000,14.1000,4115500
20130516,14.3900,14.4000,13.7900,14.0300,7041600
20130517,15.1200,15.4900,14.2000,14.4000,15859400
20130520,14.8800,15.0600,14.7500,14.9900,9511300
20130521,14.9300,15.1100,14.8000,14.8500,5894200
20130522,14.9700,15.1300,14.7500,14.9100,6612100
20130523,14.5900,14.9700,14.5600,14.9700,5555200
20130524,14.6800,14.8000,14.5300,14.5900,3576200
20130527,14.3800,14.7500,14.3700,14.7000,4611800
20130528,14.7700,14.8700,14.3400,14.3800,7067700
20130529,14.6400,14.8500,14.6200,14.7700,4993000
20130530,14.5700,14.7500,14.5500,14.6000,3556700
20130531,14.4700,14.8300,14.4100,14.6000,4650600
20130603,14.5500,14.7400,14.3600,14.4300,4040200
20130604,14.1400,14.5000,14.1300,14.5000,4119200
20130605,14.1500,14.2900,14.1100,14.1400,2455700
20130606,14.0700,14.2900,14.0600,14.1200,2933300
20130607,13.6100,14.1700,13.6000,14.0600,5186000
20130610,13.6100,13.6100,13.6100,13.6100,0
20130611,13.6100,13.6100,13.6100,13.6100,0
20130612,13.6100,13.6100,13.6100,13.6100,0
20130613,12.7400,13.5400,12.4100,13.5400,5040300
20130614,12.5700,12.8100,12.4700,12.7400,4966700
20130617,12.4800,12.7300,12.3800,12.6800,4489100
20130618,12.3700,12.6300,12.2100,12.5400,3422700
20130619,12.5000,12.6600,11.9200,12.3500,6654900
20130620,11.6200,12.3600,11.6000,12.3600,7495800
20130621,10.7100,11.2000,10.1300,11.2000,14110500
20130624,9.7400,10.6600,9.7300,10.6600,10344100
20130625,9.6900,9.9500,9.0100,9.6800,12967400
20130626,9.5100,9.7200,9.3100,9.6900,9445500
20130627,9.3900,9.8200,9.3100,9.5300,11136700
20130628,9.4000,9.8500,9.0600,9.2600,11507700
20130701,9.4900,9.5100,9.1900,9.3100,6519800
20130702,9.4100,9.5600,9.2400,9.5300,5628800
20130703,9.1700,9.3900,9.0400,9.3900,7983500
20130704,9.4400,9.6500,8.8400,9.1000,15813600
20130705,9.4000,9.6700,9.2800,9.4100,10991600
20130708,8.8300,9.2100,8.8200,9.2100,7312000
20130709,8.9800,9.1300,8.7600,8.8000,4640400
20130710,9.8800,9.8800,8.9200,8.9900,17683200
20130711,10.7600,10.7900,9.9500,10.0100,31394300
20130712,10.2300,10.6000,10.2100,10.6000,18755900
20130715,10.2600,10.5000,10.0400,10.2700,12488700
20130716,10.2900,10.3400,10.1200,10.2000,9629200
20130717,10.1100,10.5700,10.0500,10.2700,13098900
20130718,9.7300,10.0500,9.7200,9.9900,10389200
20130719,9.2900,10.0100,9.2600,9.7700,9551300
20130722,9.4100,9.4200,9.0600,9.1400,6356100
20130723,9.9200,10.3300,9.3500,9.3800,11913700
20130724,9.8000,9.9900,9.4300,9.8200,9486100
20130725,10.1000,10.5000,9.6900,9.7400,15166000
20130726,9.8700,10.0200,9.7500,9.9900,8199000
20130729,9.5800,9.7500,9.5100,9.7300,5974800
20130730,9.2700,9.5800,9.1300,9.2000,11022100
20130731,9.3100,9.4400,9.2100,9.2100,5970200
20130801,9.6100,9.9900,9.2200,9.3100,10962500
20130802,9.8100,9.9700,9.5000,9.6100,13449700
20130805,10.0300,10.3500,9.6700,9.7500,11555300
20130806,10.1300,10.2500,9.7700,9.9600,12578500
20130807,10.0900,10.3700,9.9300,10.0100,14440500
20130808,9.9800,10.2200,9.9100,10.0200,8508400
20130809,10.2700,10.4400,9.9800,10.0200,15781800
20130812,11.3000,11.3000,10.2500,10.2700,39490800
20130813,11.0800,11.3600,10.9000,11.2500,23290900
20130814,10.9400,11.4200,10.8700,11.0200,20766600
20130815,10.7700,11.0200,10.7500,10.8800,9902500
20130816,10.5500,11.5900,10.5300,10.6600,17071400
20130819,10.6900,10.7500,10.3600,10.4900,8807300
20130820,10.4300,10.6100,10.3300,10.4000,8761300
20130821,10.7000,11.0000,10.3000,10.3600,13304200
20130822,10.4800,10.7000,10.4200,10.5600,8068300
20130823,10.2200,10.7000,10.0000,10.6000,10737500
20130826,10.5000,10.5500,10.2200,10.2200,8043200
20130827,10.6200,10.6400,10.3700,10.5500,7139500
20130828,10.6900,10.9000,10.4400,10.5300,13121600
20130829,10.4400,10.6800,10.3700,10.5800,7359000
20130830,10.3200,10.5600,10.2600,10.4400,7835100
20130902,10.5000,10.5800,10.2500,10.3100,7488600
20130903,10.5700,10.7200,10.4400,10.5000,8548400
20130904,10.5200,10.7500,10.3500,10.5400,8950100
20130905,10.2800,10.4800,10.2700,10.4800,6579600
20130906,10.2900,10.4100,10.1800,10.2100,4594000
20130909,10.5000,10.5500,10.2400,10.3000,8023700
20130910,10.9400,11.0500,10.5800,10.7100,18520300
20130911,11.0900,11.2900,10.8500,10.9800,20320600
20130912,11.0200,11.0900,10.8600,11.0000,10109600
20130913,10.9100,11.1500,10.9000,10.9600,8816800
20130916,10.7500,11.0700,10.7000,10.9100,6422100
20130917,10.4000,10.7700,10.3600,10.7700,5677100
20130918,10.4100,10.5000,10.3400,10.3500,3562900
20130920,10.4100,10.4100,10.4100,10.4100,0
20130923,10.5800,10.6400,10.4700,10.4800,3782100
20130924,10.3900,10.5800,10.3100,10.5800,4641700
20130925,10.3600,10.5500,10.3000,10.4200,3920300
20130926,10.2900,10.4800,10.2700,10.3600,4282700
20130927,10.7200,10.8800,10.3000,10.3300,10560400
20130930,10.6000,10.8500,10.5000,10.7500,5355400
20131001,10.6000,10.6000,10.6000,10.6000,0
20131002,10.6000,10.6000,10.6000,10.6000,0
20131003,10.6000,10.6000,10.6000,10.6000,0
20131004,10.6000,10.6000,10.6000,10.6000,0
20131007,10.6000,10.6000,10.6000,10.6000,0
20131008,10.6400,10.6600,10.2800,10.5400,5324400
20131009,10.4300,10.6400,10.3800,10.5800,7365000
20131010,10.3300,10.5000,10.2200,10.4500,7205500
20131011,10.4600,10.5000,10.3500,10.3700,5052000
20131014,10.6600,10.6800,10.4500,10.4600,7663900
20131015,10.7200,10.8200,10.5500,10.6600,8391400
20131016,10.3900,10.7100,10.3600,10.7100,4835100
20131017,10.8700,11.3900,10.4200,10.4600,15913900
20131018,10.7400,11.0700,10.6300,10.8200,7148800
20131021,10.9000,11.1800,10.6000,10.7300,8981900
20131022,11.3700,11.5000,10.7900,10.7900,20666900
20131023,11.2500,11.5600,11.1200,11.2800,14772200
20131024,10.7600,11.1900,10.7300,11.1800,8705200
20131025,10.5700,10.8300,10.4400,10.7100,6571700
20131028,10.3100,10.7500,10.1900,10.5400,6774700
20131029,10.2000,10.5200,10.0000,10.3000,6198300
20131030,10.3300,10.3800,10.0200,10.2300,5346000
20131031,10.1200,10.3200,10.0800,10.2500,4396300
20131101,10.2400,10.2900,10.1000,10.1900,3532500
20131104,10.1700,10.3400,10.1000,10.2400,3195100
20131105,10.1300,10.1500,9.9300,10.0900,4274300
20131106,10.1700,10.4000,10.0300,10.0600,5052100
20131107,10.1200,10.3000,10.0900,10.0900,3820300
20131108,9.6800,10.1200,9.6500,10.0900,4672400
20131111,9.5600,9.6900,9.3800,9.6900,4007200
20131112,9.7000,9.7900,9.4600,9.5700,3271200
20131113,9.3400,9.7000,9.3200,9.7000,3299700
20131114,9.4100,9.5500,9.3600,9.3800,3602300
20131115,9.5800,9.6700,9.3800,9.3800,4049100
20131118,9.8200,9.8400,9.5100,9.5100,5984900
20131119,9.8000,9.8600,9.7100,9.8600,3700400
20131120,9.8700,9.9600,9.7900,9.9000,3430300
20131121,10.1700,10.3500,9.8000,9.8100,9923200
20131122,10.1500,10.3700,10.1000,10.2000,4640400
20131125,10.0600,10.1600,10.0100,10.0100,3242400
20131126,9.9600,10.1400,9.9200,10.1400,3183900
20131127,10.1200,10.1400,9.8900,9.9700,5877400
20131128,10.4200,10.5900,10.3000,10.3000,13069900
20131129,10.2700,10.4000,10.2000,10.4000,5186600
20131202,9.9400,10.2800,9.8100,10.1600,5279800
20131203,10.0700,10.1400,9.9000,9.9400,3362000
20131204,10.2000,10.2700,10.0800,10.1700,3992200
20131205,10.2000,10.3800,10.1400,10.2000,4757200
20131206,10.1000,10.2500,10.0300,10.2100,4088400
20131209,10.1000,10.2000,10.0700,10.0800,2384700
20131210,10.0100,10.2000,10.0000,10.1500,2900500
20131211,9.8200,10.0900,9.8000,10.0000,3472600
20131212,9.8200,9.9700,9.8200,9.8300,2151000
20131213,9.7300,9.7900,9.7100,9.7800,2547400
20131216,9.5300,9.8000,9.5000,9.8000,3595300
20131217,9.5300,9.6100,9.5100,9.5500,2404300
20131218,9.4900,9.6000,9.4300,9.6000,2366000
20131219,9.4500,9.6900,9.4300,9.5100,2897700
20131220,9.2400,9.5500,9.1000,9.5500,3237700
20131223,9.0700,9.2300,8.9600,9.1900,2297700
20131224,9.1600,9.1800,8.9900,9.1100,3516300
20131225,9.0300,9.1700,8.9100,9.1500,3339300
20131226,8.7500,9.0600,8.6600,9.0600,4991000
20131227,8.8100,8.8800,8.6700,8.7500,3397500
20131230,8.7400,8.8600,8.7300,8.8200,2057700
20131231,8.8800,9.1000,8.6900,8.7200,3188600
20140101,8.8800,8.8800,8.8800,8.8800,0
20140102,8.6500,8.8600,8.5500,8.8500,5112200
20140103,8.6900,8.7100,8.5000,8.6200,4414300
20140106,8.3500,8.6800,8.3200,8.6800,4101700
20140107,8.0800,8.3600,7.9900,8.3000,4382000
20140108,7.9500,8.2000,7.9400,8.0400,3913600
20140109,7.7000,7.9500,7.6900,7.9300,5558400
20140110,7.7400,7.7800,7.5900,7.6700,4178000
20140113,7.7900,7.8800,7.7000,7.7600,2352000
20140114,7.7600,7.8800,7.6800,7.7900,2539300
20140115,7.5900,7.8400,7.5700,7.8000,3412200
20140116,7.6700,7.8000,7.5000,7.5600,4230200
20140117,7.3700,7.6300,7.3600,7.6300,4984600
20140120,7.3300,7.4000,7.3000,7.3200,2191700
20140121,7.4900,7.5400,7.3600,7.3600,2668700
20140122,7.6400,7.6600,7.4600,7.4800,3145700
20140123,7.5600,7.6400,7.5400,7.6400,2551100
20140124,7.6800,7.7500,7.5100,7.5400,3170400
20140127,7.6000,7.7500,7.5300,7.6100,3920200
20140128,7.6100,7.6500,7.5500,7.6000,2511200
20140129,7.5400,7.6700,7.5100,7.6500,1956900
20140130,7.3300,7.5500,7.3000,7.5200,2470700
20140131,7.3300,7.3300,7.3300,7.3300,0
20140203,7.3300,7.3300,7.3300,7.3300,0
20140205,7.3300,7.3300,7.3300,7.3300,0
20140206,7.3300,7.3300,7.3300,7.3300,0
20140207,7.2800,7.3500,7.1900,7.3000,3690000
20140210,7.4300,7.4700,7.2800,7.3000,5516300
20140211,7.7000,7.7600,7.3400,7.4100,10369700
20140212,7.5800,7.6900,7.5400,7.6900,7087800
20140213,7.6300,7.7300,7.5700,7.5800,7149600
20140214,7.6500,7.7100,7.5600,7.6000,3972200
20140217,7.7500,7.8200,7.6100,7.6700,8170800
20140218,7.5400,7.7200,7.5000,7.7200,7111500
20140219,7.6100,7.6600,7.5200,7.5500,5030700
20140220,7.6300,7.7500,7.5800,7.6100,6923900
20140221,7.4700,7.7000,7.4000,7.6000,4539000
20140224,7.0900,7.4000,7.0000,7.4000,7315500
20140225,6.7900,7.1300,6.7200,7.0900,5832000
