20130226,4.0600,4.2000,4.0400,4.1500,3817700
20130227,4.0600,4.1000,4.0200,4.0600,3197100
20130228,4.1300,4.1500,4.0600,4.0600,4017200
20130301,4.2700,4.2700,4.1200,4.1400,8156000
20130304,4.4600,4.7000,4.2300,4.2500,25882700
20130305,4.4800,4.4900,4.2300,4.4000,13861900
20130306,4.4800,4.5500,4.4000,4.4500,9695200
20130307,4.3400,4.5200,4.3000,4.4600,7668500
20130308,4.3600,4.4200,4.3000,4.3500,4565100
20130311,4.3800,4.4000,4.3300,4.3500,3394200
20130312,4.5300,4.5800,4.3600,4.3800,14683800
20130313,4.3700,4.5500,4.3300,4.5100,9424900
20130314,4.3500,4.4600,4.2900,4.3000,5294200
20130315,4.2700,4.3700,4.2000,4.3400,4863000
20130318,4.1500,4.2900,4.1100,4.2500,4662800
20130319,4.2000,4.2100,4.1100,4.1100,2355500
20130320,4.2900,4.2900,4.1700,4.2200,3293000
20130321,4.3200,4.3600,4.2500,4.2700,3397900
20130322,4.3300,4.3500,4.2500,4.3000,3814300
20130325,4.4700,4.6000,4.3200,4.3200,11372500
20130326,4.5700,4.6700,4.3800,4.4000,14659200
20130327,4.5200,4.5900,4.4400,4.4900,9475300
20130328,4.3300,4.4800,4.3000,4.4700,6555600
20130329,4.6600,4.7600,4.2900,4.3300,18882000
20130401,4.5800,4.8900,4.5500,4.7600,18775400
20130402,4.8400,4.8800,4.5100,4.5800,22442500
20130403,4.6900,4.8200,4.6100,4.7400,12020400
20130404,4.6900,4.6900,4.6900,4.6900,0
20130405,4.6900,4.6900,4.6900,4.6900,0
20130408,4.7100,4.7400,4.4500,4.5000,10100300
20130409,4.6200,4.7400,4.5800,4.6900,8077200
20130410,4.6800,4.6800,4.5200,4.5900,6105700
20130411,4.5100,4.7200,4.4900,4.6600,7514500
20130412,4.3500,4.5500,4.3200,4.5200,7005400
20130415,4.4100,4.4700,4.2900,4.3300,5687400
20130416,4.4600,4.4700,4.3100,4.3900,3082900
20130417,4.4900,4.5100,4.4200,4.4700,3277100
20130418,4.4200,4.4900,4.4100,4.4800,3334000
20130419,4.5300,4.6600,4.3800,4.4000,7587700
20130422,4.5800,4.5900,4.4800,4.4900,5181500
20130423,4.3800,4.6000,4.3700,4.5800,5082700
20130424,4.4500,4.4800,4.3600,4.3900,3911000
20130425,4.2400,4.4500,4.2200,4.4300,6295900
20130426,3.9700,4.2300,3.9300,4.1900,9695500
20130429,3.9700,3.9700,3.9700,3.9700,0
20130430,3.9700,3.9700,3.9700,3.9700,0
20130501,3.9700,3.9700,3.9700,3.9700,0
20130502,3.9700,4.0100,3.9500,3.9700,2243300
20130503,4.0100,4.0500,3.9700,3.9700,2907600
20130506,4.0600,4.0700,4.0000,4.0000,3587300
20130507,4.0300,4.0500,3.9600,4.0400,3730000
20130508,4.0400,4.0600,4.0000,4.0300,3044100
20130509,4.0000,4.0400,3.9700,4.0400,3484700
20130510,4.0400,4.0500,3.9500,3.9700,3972200
20130513,4.0700,4.0800,4.0000,4.0200,3708300
20130514,4.0400,4.0700,4.0000,4.0700,2270700
20130515,4.0600,4.0800,4.0400,4.0400,2825900
20130516,4.0600,4.0800,4.0100,4.0700,3966100
20130517,4.1000,4.1200,4.0500,4.0700,4730600
20130520,4.1500,4.1500,4.0700,4.0700,3836500
20130521,4.2200,4.2400,4.1200,4.1600,5891200
20130522,4.1700,4.2300,4.1500,4.2100,4134200
20130523,4.1000,4.1700,4.1000,4.1600,4416600
20130524,4.1200,4.1400,4.0700,4.1200,3442600
20130527,4.1700,4.1700,4.0900,4.1200,3823500
20130528,4.2200,4.2300,4.1200,4.1600,6332400
20130529,4.2600,4.2600,4.1800,4.2300,5193100
20130530,4.2200,4.2600,4.2100,4.2600,3198400
20130531,4.2600,4.2800,4.1900,4.2200,4397100
20130603,4.3600,4.4000,4.2400,4.2600,7814000
20130604,4.2300,4.4400,4.2100,4.3300,4677100
20130605,4.1900,4.2500,4.1800,4.2400,2397700
20130606,4.3000,4.4200,4.1900,4.1900,6851900
20130607,4.1100,4.3300,4.1000,4.3000,4666000
20130610,4.1100,4.1100,4.1100,4.1100,0
20130611,4.1100,4.1100,4.1100,4.1100,0
20130612,4.1100,4.1100,4.1100,4.1100,0
20130613,3.8500,4.0500,3.8300,4.0500,3609600
20130614,3.9200,3.9600,3.8300,3.8400,1759900
20130617,3.9900,4.0100,3.9000,3.9200,1609400
20130618,3.9700,4.0100,3.8800,3.9800,1411400
20130619,3.9300,3.9700,3.7100,3.9700,3032400
20130620,3.7400,3.9300,3.7300,3.8600,2529400
20130621,3.7300,3.8200,3.6200,3.7000,2798100
20130624,3.4300,3.7300,3.3600,3.7000,3411200
20130625,3.3900,3.4900,3.0900,3.4200,6162500
20130626,3.4200,3.4300,3.2900,3.3600,2892300
20130627,3.4100,3.4700,3.3200,3.3900,3090900
20130628,3.3900,3.4400,3.3000,3.3700,2400300
20130701,3.4100,3.4200,3.3200,3.3800,2594900
20130702,3.4700,3.4800,3.3600,3.4400,2235500
20130703,3.4500,3.4600,3.3400,3.4600,2472800
20130704,3.4500,3.4900,3.3700,3.4500,2127300
20130705,3.4400,3.4900,3.4300,3.4500,1522200
20130708,3.2600,3.4200,3.1900,3.3800,3145500
20130709,3.3200,3.3500,3.2200,3.2300,1578500
20130710,3.5600,3.5700,3.2600,3.2600,5412600
20130711,3.6400,3.7400,3.4900,3.5400,6124400
20130712,3.6500,3.6800,3.5600,3.6300,2273800
20130715,3.6700,3.7300,3.6100,3.6700,2212900
20130716,3.6900,3.7100,3.6200,3.6500,2426200
20130717,3.6100,3.6700,3.5500,3.6700,2047100
20130718,3.5000,3.6000,3.4800,3.5900,1573900
20130719,3.3800,3.5500,3.3600,3.5000,1684100
20130722,3.4600,3.4800,3.3000,3.3800,1837600
20130723,3.5400,3.5500,3.4200,3.4600,1615500
20130724,3.6500,3.6700,3.4400,3.5400,2475300
20130725,3.5700,3.6500,3.5600,3.6300,1273300
20130726,3.4900,3.5800,3.4500,3.5800,1530500
20130729,3.4500,3.4700,3.3800,3.4300,1509000
20130730,3.4600,3.4600,3.3400,3.4400,949900
20130731,3.6600,3.6800,3.4300,3.4400,4823200
20130801,3.7100,3.8000,3.6400,3.6900,5421400
20130802,3.6300,3.7200,3.6100,3.7000,1899400
20130805,3.6000,3.6600,3.4900,3.6300,10290800
20130806,3.6600,3.6600,3.5100,3.5500,5880700
20130807,3.5700,3.6500,3.5500,3.6200,3685400
20130808,3.5600,3.6300,3.5300,3.5700,2666400
20130809,3.6600,3.7200,3.5500,3.5500,5901100
20130812,3.7100,3.7300,3.6300,3.6300,3863600
20130813,3.7500,3.8000,3.6900,3.7100,4652900
20130814,3.8200,3.9500,3.7500,3.7500,7942500
20130815,3.8400,3.8900,3.7700,3.8600,4506900
20130816,3.8300,3.9100,3.7300,3.8200,4502700
20130819,4.0600,4.1200,3.7400,3.8000,8607500
20130820,4.1200,4.1300,3.9100,4.0200,6867300
20130821,4.0800,4.1200,4.0000,4.0600,4042500
20130822,4.0100,4.0800,4.0100,4.0700,2443800
20130823,3.9600,4.0500,3.9300,4.0200,2923000
20130826,4.1000,4.1800,3.9400,3.9600,4403800
20130827,4.0200,4.1400,3.9900,4.1000,4217500
20130828,3.9100,4.0900,3.9000,4.0400,5518400
20130829,3.9400,3.9500,3.8500,3.9000,3465600
20130830,3.9500,4.0300,3.8800,3.9000,3090600
20130902,4.1900,4.3000,3.8900,3.9300,9810200
20130903,4.4900,4.5500,4.1200,4.1400,21033100
20130904,4.5300,4.6000,4.3800,4.4500,13975000
20130905,4.5200,4.5400,4.4000,4.5100,6339000
20130906,4.4300,4.5100,4.3200,4.5000,7766800
20130909,4.3400,4.4400,4.3000,4.4300,7801500
20130910,4.4000,4.4000,4.3000,4.3300,6939700
20130911,4.3700,4.4900,4.3100,4.3900,5117000
20130912,4.3000,4.3600,4.2600,4.3300,4301700
20130913,4.3500,4.3700,4.2500,4.3000,2667900
20130916,4.3100,4.3700,4.3000,4.3500,2125700
20130917,4.0800,4.3100,4.0600,4.3100,4496700
20130918,4.1600,4.2100,4.0700,4.0800,2622000
20130920,4.1600,4.1600,4.1600,4.1600,0
20130923,4.2300,4.2400,4.1300,4.1300,2849700
20130924,4.1400,4.2100,4.0900,4.2100,2766600
20130925,4.2100,4.2900,4.1000,4.1300,4110000
20130926,4.0000,4.2300,3.9700,4.1500,4407100
20130927,4.0300,4.1100,3.9500,3.9600,3066500
20130930,4.0500,4.0900,4.0300,4.0800,1863300
20131001,4.0500,4.0500,4.0500,4.0500,0
20131002,4.0500,4.0500,4.0500,4.0500,0
20131003,4.0500,4.0500,4.0500,4.0500,0
20131004,4.0500,4.0500,4.0500,4.0500,0
20131007,4.0500,4.0500,4.0500,4.0500,0
20131008,4.3000,4.3300,4.0400,4.0400,5993700
20131009,4.5400,4.5900,4.3000,4.3000,11114100
20131010,4.4300,4.5500,4.4100,4.5400,4243500
20131011,4.6600,4.7800,4.4800,4.5000,10585000
20131014,4.5600,4.6600,4.5000,4.6400,4817800
20131015,4.4800,4.5600,4.4000,4.5600,3926100
20131016,4.6400,4.6800,4.4200,4.4200,6837300
20131017,4.5200,4.6500,4.5100,4.6300,3569100
20131018,4.5900,4.8800,4.4800,4.5300,7431400
20131021,4.4300,4.6400,4.4000,4.5600,11157200
20131022,4.4700,4.4800,4.3600,4.4600,5895100
20131023,4.4300,4.5500,4.3600,4.4500,4016300
20131024,4.1300,4.5000,4.1000,4.4900,7962300
20131025,4.1300,4.1900,4.0300,4.1300,5036800
20131028,4.1400,4.2000,4.0600,4.1300,4076000
20131029,3.9500,4.1500,3.8100,4.1300,6742300
20131030,4.0000,4.0100,3.9100,3.9600,2288500
20131031,3.9800,4.0200,3.9500,3.9900,1555100
20131101,4.0100,4.0500,3.9300,3.9800,1765000
20131104,4.0200,4.0700,3.9700,4.0100,1569200
20131105,4.0400,4.0600,3.9500,4.0200,1998800
20131106,4.0100,4.0700,3.9800,4.0200,1616400
20131107,3.9600,4.0500,3.9400,4.0300,2515700
20131108,3.9300,3.9600,3.8500,3.9300,2622800
20131111,3.9100,3.9500,3.8500,3.9200,1592200
20131112,3.9600,3.9700,3.8900,3.9100,1449800
20131113,3.8300,3.9600,3.8000,3.9600,3046700
20131114,3.8600,3.8600,3.7500,3.8200,1668600
20131115,3.9300,3.9500,3.8200,3.8600,2665700
20131118,3.9900,4.0100,3.9000,3.9500,3468500
20131119,4.0200,4.0300,3.9600,3.9700,2745400
20131120,4.1000,4.1000,3.9800,4.0200,2952900
20131121,4.0800,4.1600,4.0300,4.1600,3260000
20131122,4.1000,4.1200,4.0400,4.0700,3156300
20131125,4.0700,4.1000,4.0500,4.0800,1983500
20131126,4.0700,4.1300,4.0300,4.0600,2508700
20131127,4.1000,4.1100,4.0500,4.0600,1762800
20131128,4.0900,4.1500,4.0800,4.1100,2374000
20131129,4.0900,4.1200,4.0600,4.0700,1919600
20131202,3.8200,4.0500,3.8000,4.0500,4434500
20131203,3.8800,3.9000,3.8000,3.8500,2405100
20131204,3.9100,3.9500,3.8700,3.8800,3861600
20131205,3.9500,3.9500,3.8900,3.9100,2144900
20131206,3.9400,3.9500,3.9100,3.9100,1431600
20131209,3.9500,3.9700,3.9300,3.9400,1852600
20131210,3.9500,3.9800,3.9300,3.9700,1987200
20131211,3.8900,3.9700,3.8700,3.9400,1685700
20131212,3.9200,3.9400,3.8700,3.8900,1249100
20131213,3.9600,4.0000,3.9000,3.9200,1523100
20131216,4.1900,4.2500,3.8800,3.9600,13722200
20131217,4.1100,4.1800,4.0500,4.1500,6084000
20131218,4.1300,4.2300,4.0600,4.1200,5591300
20131219,3.8500,4.2200,3.8000,4.1500,9666600
20131220,3.7900,3.9000,3.7700,3.8900,5976800
20131223,3.9200,3.9500,3.7800,3.7800,4553300
20131224,4.3100,4.3100,3.8600,3.9200,17078600
20131225,4.3600,4.4800,4.2200,4.3500,15972300
20131226,4.3100,4.4500,4.2200,4.3100,10548600
20131227,4.2800,4.3300,4.2000,4.3100,12383700
20131230,4.4200,4.5400,4.3000,4.3000,16897700
20131231,4.4400,4.5600,4.3300,4.4100,10772400
20140101,4.4400,4.4400,4.4400,4.4400,0
20140102,4.3600,4.4700,4.3000,4.4300,7879100
20140103,4.5300,4.6600,4.2900,4.3500,14112500
20140106,4.4500,4.6200,4.4000,4.5300,11322500
20140107,4.4000,4.4700,4.3000,4.4500,6450500
20140108,4.5500,4.7400,4.3500,4.4200,13707000
20140109,4.5200,4.5400,4.3600,4.5200,7183800
20140110,4.5000,4.5600,4.3600,4.4700,9353400
20140113,4.4600,4.5200,4.4100,4.5100,6038800
20140114,4.5000,4.5100,4.3900,4.4800,6884300
20140115,4.6000,4.8100,4.5000,4.6700,21504100
20140116,4.5600,4.7100,4.5100,4.6200,9081900
20140117,4.6000,4.7800,4.5200,4.5900,14281200
20140120,4.5500,4.6000,4.5000,4.6000,6685500
20140121,4.6000,4.6500,4.5200,4.5700,10837000
20140122,4.8000,4.9500,4.5000,4.6800,20131600
20140123,4.7000,4.9800,4.6300,4.9800,15693200
20140124,4.6600,4.7500,4.5500,4.6500,19794900
20140127,4.4000,4.6600,4.3600,4.6600,12421800
20140128,4.4100,4.5100,4.3800,4.5000,8941000
20140129,4.3600,4.4100,4.2800,4.4100,8303700
20140130,4.3100,4.3700,4.3000,4.3500,3445500
20140131,4.3100,4.3100,4.3100,4.3100,0
20140203,4.3100,4.3100,4.3100,4.3100,0
20140205,4.3100,4.3100,4.3100,4.3100,0
20140206,4.3100,4.3100,4.3100,4.3100,0
20140207,4.4300,4.4400,4.2800,4.3300,4501000
20140210,4.4900,4.5100,4.4200,4.4300,7371900
20140211,4.4600,4.5100,4.4300,4.4900,5827100
20140212,4.4900,4.5000,4.4300,4.4600,6192400
20140213,4.6100,4.6400,4.4700,4.5100,11083400
20140214,4.7000,4.7200,4.5400,4.6300,12386000
20140217,4.7500,4.8200,4.7100,4.7800,16297600
20140218,4.7300,4.7800,4.6700,4.7100,10349800
20140219,4.7000,4.7600,4.6200,4.7600,7741400
20140220,4.7000,4.7800,4.5800,4.7000,9253900
20140221,4.6400,4.7400,4.6100,4.6600,6124900
20140224,4.4900,4.6300,4.4600,4.6300,7881700
20140225,4.3300,4.5400,4.2900,4.4600,8013700
