20130226,7.7100,7.9800,7.6900,7.8700,10017400
20130227,7.7700,7.8800,7.7300,7.7400,6118200
20130228,8.0200,8.0500,7.7600,7.8200,11485300
20130301,7.9700,8.1100,7.8000,8.0100,8749500
20130304,7.5800,7.8000,7.5600,7.7000,15724700
20130305,7.6400,7.7100,7.5100,7.5900,17214300
20130306,7.6500,7.6800,7.5400,7.6700,15736300
20130307,7.6000,7.6800,7.5500,7.6100,8535500
20130308,7.6500,7.6700,7.6000,7.6600,6502600
20130311,7.5900,7.6400,7.5300,7.6400,7750600
20130312,7.4900,7.6500,7.4300,7.5900,10383000
20130313,7.8300,7.9000,7.5500,7.5500,28670200
20130314,7.8000,7.8500,7.6600,7.7600,13495900
20130315,7.7900,7.9300,7.6900,7.7400,11460900
20130318,7.6500,7.8200,7.6400,7.7300,7107100
20130319,7.7000,7.7500,7.6000,7.6900,6398900
20130320,7.8800,7.9200,7.6900,7.7100,11357200
20130321,7.8700,7.9200,7.8300,7.8800,6637000
20130322,8.0400,8.0900,7.8200,7.8600,12837900
20130325,8.1900,8.3100,8.0500,8.1000,17141100
20130326,8.1600,8.3400,8.1300,8.2200,22787100
20130327,8.4600,8.5100,8.1000,8.1700,25289500
20130328,8.1200,8.3900,8.0600,8.3400,21015500
20130329,8.0700,8.2000,8.0300,8.2000,7116100
20130401,8.0700,8.2000,8.0000,8.0400,11707000
20130402,7.7500,8.1200,7.6900,8.0400,19658900
20130403,7.7500,7.8600,7.7200,7.7800,7340200
20130404,7.7500,7.7500,7.7500,7.7500,0
20130405,7.7500,7.7500,7.7500,7.7500,0
20130408,7.7500,7.7800,7.6600,7.6800,9084900
20130409,7.8300,7.9700,7.7500,7.7500,11793500
20130410,7.8400,7.8700,7.7700,7.8400,5385200
20130411,7.7800,7.9000,7.7700,7.9000,5582200
20130412,7.8500,7.8900,7.7600,7.7600,6816600
20130415,7.6300,7.8800,7.6000,7.8500,7674500
20130416,7.6200,7.6700,7.4900,7.5200,14609800
20130417,7.5500,7.6400,7.4500,7.6200,10122300
20130418,7.5500,7.6200,7.4600,7.5000,4890600
20130419,7.7500,7.7800,7.5200,7.5800,12292700
20130422,7.7400,7.8200,7.7100,7.7300,11574500
20130423,7.5600,7.7700,7.5300,7.7700,8381700
20130424,7.7400,7.7500,7.5600,7.5800,8783600
20130425,7.6800,7.8100,7.6200,7.7300,8186600
20130426,7.7200,7.7500,7.6700,7.7300,7682400
20130429,7.7200,7.7200,7.7200,7.7200,0
20130430,7.7200,7.7200,7.7200,7.7200,0
20130501,7.7200,7.7200,7.7200,7.7200,0
20130502,7.6200,7.6700,7.5700,7.6200,5378900
20130503,7.8000,7.8300,7.6400,7.6700,11586000
20130506,7.9100,7.9500,7.8100,7.8200,10291800
20130507,7.8800,7.9400,7.8300,7.9000,5414800
20130508,7.8800,7.9800,7.8300,7.9000,9125300
20130509,7.7000,7.8900,7.6400,7.8900,15013400
20130510,7.7200,7.7400,7.6600,7.6700,6909300
20130513,7.6800,7.7300,7.6400,7.7100,8811700
20130514,7.6100,7.6800,7.6000,7.6800,5608500
20130515,7.7000,7.7300,7.6200,7.6200,5301200
20130516,7.8200,7.8200,7.6400,7.6800,9632800
20130517,8.1000,8.1300,7.8500,7.8600,19721600
20130520,8.1200,8.2100,8.1000,8.1200,12060100
20130521,8.1900,8.2400,8.1300,8.1500,10243000
20130522,8.1700,8.2600,8.1300,8.1900,16034200
20130523,7.5300,7.7000,7.5000,7.7000,8630000
20130524,7.5300,7.6300,7.4400,7.6000,7432800
20130527,7.5000,7.5700,7.4700,7.5400,10404300
20130528,7.6400,7.6700,7.5000,7.6000,9072500
20130529,7.6900,7.7000,7.6300,7.6400,10096200
20130530,7.6000,7.7000,7.5600,7.6900,9609500
20130531,7.5400,7.6600,7.5100,7.6100,7587900
20130603,7.5400,7.6000,7.5000,7.5400,7067900
20130604,7.4000,7.5600,7.3800,7.5300,8490300
20130605,7.4100,7.4400,7.3600,7.4000,4936700
20130606,7.3600,7.4300,7.3300,7.4100,6404900
20130607,7.1900,7.4000,7.1300,7.3700,7765800
20130610,7.1900,7.1900,7.1900,7.1900,0
20130611,7.1900,7.1900,7.1900,7.1900,0
20130612,7.1900,7.1900,7.1900,7.1900,0
20130613,7.0000,7.1600,6.9000,7.1100,7553200
20130614,6.9600,7.0400,6.9400,7.0100,5531300
20130617,6.9700,7.0300,6.9700,7.0000,6547700
20130618,6.8000,7.0200,6.7900,7.0100,12112900
20130619,6.8700,6.8800,6.7500,6.8400,13700500
20130620,6.5900,6.8900,6.5700,6.8400,10903800
20130621,6.4300,6.4700,6.2300,6.4500,9036400
20130624,6.1500,6.4100,5.9500,6.4100,16329600
20130625,6.0700,6.1300,5.7100,6.0500,10309700
20130626,6.0400,6.0900,5.8700,6.0900,6948100
20130627,6.0700,6.2300,6.0200,6.0600,9307000
20130628,6.1100,6.2200,5.9700,6.0100,7285100
20130701,6.1300,6.1800,6.0200,6.1000,5233000
20130702,6.1000,6.1500,6.0500,6.1500,5045000
20130703,6.0000,6.1000,5.9200,6.1000,5051900
20130704,6.0500,6.1000,5.9400,5.9700,5028100
20130705,6.1000,6.1700,6.0400,6.0900,4820700
20130708,5.9000,6.0600,5.8800,6.0500,4889400
20130709,5.9300,5.9700,5.9000,5.9000,2057100
20130710,6.0500,6.0600,5.9000,5.9300,5184300
20130711,6.2800,6.3500,6.0300,6.0800,10000900
20130712,6.1100,6.3100,6.0900,6.2800,7138700
20130715,6.2200,6.2800,6.0900,6.0900,7762300
20130716,6.2000,6.2100,6.0900,6.2000,5831400
20130717,6.1000,6.2000,6.1000,6.1900,7641800
20130718,5.9400,6.1200,5.8800,6.1000,10816400
20130719,5.7900,5.9700,5.7800,5.9500,10319800
20130722,5.7900,5.8000,5.6900,5.7300,6289000
20130723,5.9100,5.9500,5.7500,5.7900,7912900
20130724,5.8100,5.9100,5.7300,5.9000,7334300
20130725,5.7700,5.8900,5.7300,5.8400,6240800
20130726,5.7600,5.7900,5.7300,5.7400,3979400
20130729,5.6500,5.7500,5.6300,5.7500,5883500
20130730,5.7300,5.8300,5.6400,5.6800,6560400
20130731,5.7600,5.8600,5.7400,5.7900,4148600
20130801,5.8500,5.8600,5.7600,5.8100,6561900
20130802,5.8600,5.9100,5.8400,5.8800,6409000
20130805,5.9200,5.9400,5.8100,5.8600,5781200
20130806,5.9800,6.0200,5.8600,5.9100,9869200
20130807,6.0400,6.1500,6.0400,6.0400,13161300
20130808,6.0000,6.0700,5.9300,5.9500,6791700
20130809,5.9600,6.0500,5.9100,6.0400,5182900
20130812,6.1000,6.1200,5.9700,6.0000,8394500
20130813,6.1300,6.1500,6.0800,6.1000,7087000
20130814,6.0800,6.2000,6.0600,6.1300,7712400
20130815,6.0200,6.0900,6.0000,6.0700,6407600
20130816,6.0300,6.6200,5.9500,6.0100,17951300
20130819,6.1100,6.1200,5.9900,6.0000,6437600
20130820,6.1400,6.2300,6.1200,6.2000,9821800
20130821,6.2600,6.2700,6.1100,6.1800,9021000
20130822,6.6700,6.8500,6.2400,6.3000,39852900
20130823,6.5900,6.6900,6.3800,6.5700,23747800
20130826,6.7400,6.8400,6.5400,6.5500,20936700
20130827,7.1800,7.2700,6.7000,6.7400,39562900
20130828,7.0100,7.3800,6.9400,7.2200,42847400
20130829,6.9200,7.0900,6.8700,7.0900,20165000
20130830,6.7200,6.9900,6.6700,6.9800,24151800
20130902,6.7300,6.8100,6.6600,6.7100,12536100
20130903,6.8000,6.8300,6.7100,6.7500,12303500
20130904,6.7200,6.7800,6.6600,6.7400,11811100
20130905,6.7600,6.8000,6.6700,6.7200,8780500
20130906,6.9800,6.9900,6.7200,6.7500,18785100
20130909,7.3500,7.5500,7.0000,7.0300,43281200
20130910,7.4700,7.5000,7.2200,7.3600,30926300
20130911,7.7400,8.2200,7.5100,7.5100,67113800
20130912,8.0800,8.2600,7.7000,7.7500,61959600
20130913,7.9700,8.3200,7.9200,8.0300,40809600
20130916,7.9300,8.1800,7.8900,8.0500,30027100
20130917,7.5700,7.9700,7.5200,7.9400,29609200
20130918,7.8000,7.8400,7.5300,7.5800,22088500
20130920,7.8000,7.8000,7.8000,7.8000,0
20130923,7.8600,7.8700,7.6000,7.7200,21098600
20130924,7.6500,7.8500,7.5100,7.8100,21228700
20130925,7.4500,7.6800,7.3500,7.6100,25362200
20130926,7.1900,7.5500,7.1400,7.4200,22856100
20130927,7.3800,7.4500,7.1800,7.1900,15309700
20130930,7.3000,7.4500,7.2600,7.3800,9563800
20131001,7.3000,7.3000,7.3000,7.3000,0
20131002,7.3000,7.3000,7.3000,7.3000,0
20131003,7.3000,7.3000,7.3000,7.3000,0
20131004,7.3000,7.3000,7.3000,7.3000,0
20131007,7.3000,7.3000,7.3000,7.3000,0
20131008,7.5000,7.5600,7.2100,7.2700,14614800
20131009,7.4700,7.5500,7.3800,7.5000,13550100
20131010,7.7900,7.9400,7.4200,7.4800,37449800
20131011,8.5700,8.5700,7.8600,7.9200,108706800
20131014,8.6100,8.8200,8.4600,8.8000,65973600
20131015,9.0100,9.0400,8.4000,8.7700,70418496
20131016,8.4900,8.9200,8.2000,8.8000,49612400
20131017,8.3800,8.7300,8.3200,8.5400,23703900
20131018,9.2200,9.2200,9.2200,9.2200,26124400
20131021,9.6400,9.7900,9.2800,9.7900,94827904
20131022,9.2800,10.1300,9.1700,9.5200,79871696
20131023,9.0000,9.4900,8.7700,9.1700,47450800
20131024,8.9800,9.1000,8.8000,8.9000,26568800
20131025,8.4000,9.0500,8.2900,9.0000,38608400
20131028,8.5100,8.5800,8.2600,8.3100,26364500
20131029,8.0900,8.5700,7.8000,8.4900,36851000
20131030,8.2500,8.2700,8.0500,8.1200,17947000
20131031,7.9700,8.3300,7.9200,8.3300,20009300
20131101,8.0600,8.1500,7.9100,7.9400,11722900
20131104,8.1300,8.2800,8.0800,8.1200,11813500
20131105,8.2900,8.3200,7.9600,8.1000,16602200
20131106,8.4900,8.7000,8.1800,8.2400,31201700
20131107,8.3600,8.5400,8.3100,8.3600,17375100
20131108,7.9300,8.3500,7.8900,8.3000,22923600
20131111,7.7100,7.9600,7.6500,7.8900,17193700
20131112,7.8000,7.8200,7.6400,7.7500,15920500
20131113,7.4200,7.7300,7.4100,7.7000,20888700
20131114,7.5800,7.6800,7.4000,7.4200,12380200
20131115,7.8100,7.9500,7.6000,7.6400,21038100
20131118,8.1300,8.1600,7.8200,7.9000,25198300
20131119,8.0600,8.1800,8.0000,8.1600,16118000
20131120,8.0600,8.1700,7.9400,8.1300,13214300
20131121,7.8800,7.9900,7.7800,7.9900,19498900
20131122,7.9700,7.9700,7.8500,7.8800,11873600
20131125,8.0500,8.1600,7.8700,7.9000,17439900
20131126,7.9400,8.1500,7.8700,8.0200,15882300
20131127,7.8400,7.9400,7.7200,7.9400,23463900
20131128,7.9100,8.0300,7.8300,7.8500,20125100
20131129,7.8800,7.9600,7.8300,7.9100,12296600
20131202,7.8900,8.1800,7.8100,7.8700,34035900
20131203,7.9900,8.0400,7.7300,7.8900,16624900
20131204,8.2300,8.2800,7.9400,7.9600,29883700
20131205,8.1900,8.3100,8.1200,8.2500,17304200
20131206,8.2500,8.3300,8.1600,8.1800,14999000
20131209,8.2800,8.3500,8.2000,8.2500,12923300
20131210,8.2000,8.3300,8.1500,8.2900,12084900
20131211,7.9000,8.1800,7.8300,8.1600,19658500
20131212,7.9200,8.0500,7.8700,7.9700,15069900
20131213,7.8600,7.9300,7.8100,7.8500,15403000
20131216,7.6200,7.8800,7.6100,7.8600,17909700
20131217,7.6500,7.7100,7.6000,7.6500,7713600
20131218,7.6600,7.7100,7.6300,7.6800,5333900
20131219,7.5400,7.7400,7.5000,7.7000,7722200
20131220,7.4400,7.6000,7.4100,7.5600,10156000
20131223,7.4000,7.4900,7.3800,7.4300,5344500
20131224,7.4000,7.5200,7.3300,7.4400,6938900
20131225,7.5200,7.5300,7.3800,7.4200,6224600
20131226,7.2600,7.5200,7.2400,7.4700,10693300
20131227,7.3700,7.4200,7.2600,7.2600,6803600
20131230,7.4100,7.4900,7.3600,7.4200,7833400
20131231,7.5000,7.5300,7.3300,7.3600,7200800
20140101,7.5000,7.5000,7.5000,7.5000,0
20140102,7.5000,7.5600,7.4300,7.5000,5802000
20140103,7.3600,7.4800,7.3200,7.4600,6565800
20140106,6.9400,7.3300,6.9100,7.3200,14603800
20140107,6.9700,7.0400,6.9100,6.9100,5817100
20140108,6.9700,7.0600,6.9200,6.9700,6956700
20140109,6.8100,6.9900,6.8000,6.9400,8400600
20140110,6.7600,6.8300,6.7000,6.8100,8044000
20140113,6.6400,6.8200,6.5800,6.7700,7252200
20140114,6.6400,6.6400,6.6400,6.6400,0
20140115,6.6400,6.6400,6.6400,6.6400,0
20140116,6.6400,6.6400,6.6400,6.6400,0
20140117,6.6400,6.6400,6.6400,6.6400,0
20140120,6.6400,6.6400,6.6400,6.6400,0
20140121,6.6400,6.6400,6.6400,6.6400,0
20140122,6.6400,6.6400,6.6400,6.6400,0
20140123,6.6400,6.6400,6.6400,6.6400,0
20140124,6.6400,6.6400,6.6400,6.6400,0
20140127,6.6400,6.6400,6.6400,6.6400,0
20140128,6.6400,6.6400,6.6400,6.6400,0
20140129,6.6400,6.6400,6.6400,6.6400,0
20140130,6.6400,6.6400,6.6400,6.6400,0
20140131,6.6400,6.6400,6.6400,6.6400,0
20140203,6.6400,6.6400,6.6400,6.6400,0
20140205,6.6400,6.6400,6.6400,6.6400,0
20140206,6.6400,6.6400,6.6400,6.6400,0
20140207,6.6400,6.6400,6.6400,6.6400,0
20140210,6.6400,6.6400,6.6400,6.6400,0
20140211,6.6400,6.6400,6.6400,6.6400,0
20140212,6.6400,6.6400,6.6400,6.6400,0
20140213,6.6400,6.6400,6.6400,6.6400,0
20140214,6.6400,6.6400,6.6400,6.6400,0
20140217,6.6400,6.6400,6.6400,6.6400,0
20140218,6.6400,6.6400,6.6400,6.6400,0
20140219,6.6400,6.6400,6.6400,6.6400,0
20140220,7.3000,7.3000,7.2300,7.3000,34600700
20140221,7.4100,7.7600,7.2000,7.2900,66923200
20140224,6.9300,7.3100,6.8500,7.3000,36988100
20140225,6.7000,6.9900,6.6600,6.9500,28305600
