20130226,7.4100,7.6400,7.3600,7.4800,4266000
20130227,7.1900,7.4500,7.1700,7.3900,5291400
20130228,7.2700,7.2800,7.1000,7.2000,3054400
20130301,7.4200,7.4200,7.2300,7.2600,3141100
20130304,7.2600,7.4200,7.1700,7.3900,3259600
20130305,7.4700,7.5000,7.1900,7.2700,4010300
20130306,7.5400,7.7600,7.4700,7.4900,6588800
20130307,7.4800,7.5900,7.3600,7.5300,4340600
20130308,7.4200,7.5700,7.4200,7.4900,2115000
20130311,7.4900,7.5100,7.3200,7.4100,1969000
20130312,7.2200,7.5400,7.1100,7.4900,3317000
20130313,7.2100,7.2600,7.1000,7.2200,1840000
20130314,7.3300,7.3400,7.2000,7.2000,2323200
20130315,7.3500,7.4700,7.2300,7.3300,2863500
20130318,7.2600,7.5400,7.2500,7.3400,2335000
20130319,7.1800,7.3000,6.9500,7.2500,3111800
20130320,7.3000,7.3200,7.1400,7.1800,3033400
20130321,7.4500,7.6000,7.3600,7.3900,7572200
20130322,7.5600,7.6700,7.4000,7.4200,6173500
20130325,7.5000,7.5900,7.4600,7.5000,2798200
20130326,7.7000,7.7500,7.4100,7.4700,7989000
20130327,7.6600,7.7800,7.5900,7.6900,5852600
20130328,7.4300,7.6200,7.4300,7.6100,5179000
20130329,7.7300,7.8000,7.4600,7.4600,10364700
20130401,7.7400,7.8500,7.6200,7.7700,5568500
20130402,7.4100,7.8000,7.3300,7.7600,7193600
20130403,7.4300,7.6300,7.3500,7.4100,5203400
20130404,7.4300,7.4300,7.4300,7.4300,0
20130405,7.4300,7.4300,7.4300,7.4300,0
20130408,7.7600,7.7700,7.4000,7.5500,10006300
20130409,7.6300,7.7500,7.5800,7.6800,7424600
20130410,7.5100,7.6200,7.3900,7.6000,4197300
20130411,7.5700,7.5800,7.4000,7.4700,3479600
20130412,7.2000,7.5800,7.1900,7.5800,4477200
20130415,6.8600,7.0800,6.8200,6.9500,6082100
20130416,6.7000,6.7800,6.5500,6.7500,4282000
20130417,6.7000,6.7500,6.6100,6.7300,2614100
20130418,6.6400,6.7100,6.5700,6.6600,2766600
20130419,6.7400,6.7800,6.6200,6.6300,3205700
20130422,6.8200,6.9600,6.8000,6.8500,4979100
20130423,6.5400,6.8000,6.5000,6.7700,4103100
20130424,6.5900,6.6500,6.5500,6.5600,2644800
20130425,6.7600,6.9300,6.6100,6.6300,6415000
20130426,6.7000,6.8800,6.6100,6.7200,2949700
20130429,6.7000,6.7000,6.7000,6.7000,0
20130430,6.7000,6.7000,6.7000,6.7000,0
20130501,6.7000,6.7000,6.7000,6.7000,0
20130502,6.5300,6.6700,6.5100,6.6700,2656200
20130503,6.6900,6.7200,6.4700,6.5800,2711400
20130506,6.8300,6.8600,6.6700,6.6700,3184800
20130507,6.8500,6.8600,6.7500,6.8000,2374300
20130508,6.8400,6.8800,6.7800,6.8300,2305700
20130509,6.7600,6.8600,6.7000,6.8400,2157600
20130510,7.0900,7.1300,6.7300,6.7600,6091800
20130513,7.0900,7.0900,7.0900,7.0900,0
20130514,7.8000,7.8000,7.2300,7.2600,8479800
20130515,7.8900,8.3000,7.7800,8.1200,27214500
20130516,7.7900,7.9400,7.7000,7.7300,12586300
20130517,8.0300,8.2500,7.7100,7.7400,14559100
20130520,7.9600,8.0600,7.8000,8.0200,8514000
20130521,8.0000,8.0500,7.8000,7.9200,7809900
20130522,8.0400,8.2000,7.9500,8.0000,8661400
20130523,8.0300,8.1200,7.9200,7.9900,5091400
20130524,8.3600,8.6400,7.9900,7.9900,13210500
20130527,8.5500,8.6500,8.2900,8.2900,9996200
20130528,8.4600,8.5200,8.3000,8.5100,7745700
20130529,8.4100,8.6000,8.3800,8.4800,5177200
20130530,8.6700,8.7700,8.3300,8.4100,9860700
20130531,9.0500,9.5400,8.6000,8.6500,18862100
20130603,9.6400,9.8600,9.0400,9.1200,19296600
20130604,9.3900,9.6400,9.2000,9.6400,12896400
20130605,10.3100,10.3300,9.4100,9.4600,26988900
20130606,10.1400,10.4200,10.0000,10.1000,15793100
20130607,9.3700,10.2800,9.2400,10.1100,18880400
20130610,9.3700,9.3700,9.3700,9.3700,0
20130611,9.3700,9.3700,9.3700,9.3700,0
20130612,9.3700,9.3700,9.3700,9.3700,0
20130613,9.5600,9.6500,8.7500,9.1800,14900000
20130614,9.4100,9.8900,9.2800,9.5000,16521300
20130617,9.6600,9.7500,9.1100,9.3500,12683200
20130618,9.6800,9.7900,9.3600,9.6000,7355400
20130619,9.3300,9.6000,9.1600,9.6000,7817400
20130620,8.8900,9.4600,8.8200,9.2100,7829100
20130621,8.8000,9.0000,8.4900,8.6100,7432600
20130624,8.3400,8.9200,8.2000,8.7100,8306800
20130625,8.4700,8.6000,7.6200,8.3400,11316500
20130626,8.7800,8.8400,8.3200,8.4600,8045700
20130627,8.4100,8.9200,8.3800,8.7500,7056000
20130628,8.2800,8.5600,8.1200,8.3500,5846000
20130701,8.4700,8.4900,8.1200,8.2000,4058000
20130702,8.6400,8.7400,8.3600,8.4400,5404300
20130703,8.5400,8.6000,8.2100,8.5800,4883400
20130704,9.0400,9.0800,8.3600,8.4800,11723000
20130705,8.8200,9.1000,8.8100,9.0400,5209700
20130708,8.4400,8.7500,8.3800,8.6000,4835500
20130709,8.4600,8.6200,8.3700,8.4400,2565300
20130710,8.6700,8.6800,8.4000,8.4000,3169300
20130711,8.8500,9.0700,8.6000,8.6500,8422100
20130712,8.6700,8.9500,8.6300,8.8100,5877000
20130715,9.1000,9.2800,8.8200,8.8200,9007700
20130716,9.2400,9.2500,9.0100,9.1300,4985900
20130717,9.1500,9.4600,9.1200,9.2000,7556300
20130718,9.0500,9.2800,9.0300,9.1900,4379600
20130719,8.7800,9.1100,8.7500,9.0200,5781900
20130722,8.8600,8.8800,8.6000,8.6500,3053200
20130723,9.1300,9.1300,8.8000,8.8500,5199000
20130724,9.1200,9.1800,8.8900,9.1000,4750300
20130725,9.0700,9.2900,8.9900,9.1200,6169100
20130726,8.8500,9.1600,8.7000,9.0200,4345800
20130729,8.4700,8.8000,8.4300,8.8000,4722300
20130730,8.4700,8.6200,8.3000,8.5000,3351900
20130731,8.3900,8.6500,8.2900,8.5500,3939000
20130801,8.7000,8.7400,8.3100,8.4000,6977300
20130802,8.6300,8.7300,8.5700,8.6600,4102100
20130805,9.0300,9.1000,8.5700,8.6400,8773900
20130806,9.0700,9.1400,8.9300,9.0000,6520200
20130807,9.0400,9.2300,8.8800,9.0700,7057000
20130808,8.9900,9.0900,8.8500,9.0000,6266100
20130809,9.1600,9.2800,8.9300,9.1900,7193100
20130812,9.1700,9.2000,9.0400,9.1900,4872600
20130813,9.3400,9.4500,9.0600,9.1700,8752700
20130814,9.1100,9.3400,9.0900,9.3400,5825100
20130815,8.9700,9.2400,8.9700,9.0800,5284700
20130816,8.6400,9.1000,8.6200,8.9000,5967800
20130819,8.7400,8.7500,8.5600,8.5900,3306000
20130820,8.6900,8.8400,8.6400,8.7500,3265100
20130821,8.7600,8.8000,8.6000,8.6900,2836100
20130822,8.8000,8.9500,8.7000,8.8000,3619200
20130823,8.7100,8.9000,8.5300,8.8000,2911200
20130826,8.8500,8.8700,8.6500,8.7100,3604500
20130827,9.1000,9.1100,8.8500,8.8500,6137700
20130828,8.8300,9.0700,8.7300,9.0100,6325600
20130829,8.9300,9.0700,8.8300,8.9200,4483500
20130830,8.5800,8.9600,8.5000,8.9000,7198000
20130902,8.6500,8.7300,8.4700,8.5900,2863500
20130903,8.8100,8.8200,8.6200,8.6500,2873000
20130904,8.9200,8.9900,8.7400,8.8300,3948900
20130905,8.8400,8.9900,8.8000,8.9400,3491100
20130906,8.8400,8.9500,8.7200,8.8400,3626200
20130909,8.7500,8.8400,8.6600,8.8000,6000300
20130910,8.8700,8.9200,8.6600,8.7600,5040700
20130911,9.1700,9.2100,8.7200,8.8700,12395600
20130912,9.0800,9.2800,9.0000,9.1100,7556100
20130913,9.0900,9.2400,8.9300,9.0800,7100000
20130916,9.7700,9.8700,9.1100,9.1200,17939600
20130917,9.6000,10.2300,9.5000,9.8900,21535000
20130918,9.4100,9.7700,9.3800,9.7500,8316400
20130920,9.4100,9.4100,9.4100,9.4100,0
20130923,9.4500,9.5000,9.2600,9.4400,8004500
20130924,9.2900,9.4400,9.2800,9.4400,5399000
20130925,9.3800,9.4500,9.1200,9.2500,7295300
20130926,9.1500,9.4200,9.1300,9.3500,4844300
20130927,9.2800,9.4900,9.1500,9.1500,6653000
20130930,9.3700,9.4500,9.1600,9.3500,4349800
20131001,9.3700,9.3700,9.3700,9.3700,0
20131002,9.3700,9.3700,9.3700,9.3700,0
20131003,9.3700,9.3700,9.3700,9.3700,0
20131004,9.3700,9.3700,9.3700,9.3700,0
20131007,9.3700,9.3700,9.3700,9.3700,0
20131008,9.4800,9.4900,9.2100,9.3900,5309000
20131009,9.5000,9.5000,9.3600,9.4000,5590000
20131010,9.3700,9.6600,9.3700,9.5300,7065600
20131011,9.4100,9.4500,9.3100,9.3900,4281600
20131014,9.3200,9.4200,9.2200,9.4000,5718900
20131015,9.7400,9.7700,9.4200,9.5000,13485800
20131016,9.2300,9.6600,9.2100,9.6200,8281400
20131017,9.1200,9.4100,9.1100,9.3000,5084800
20131018,9.1300,9.2500,9.1100,9.1300,2942600
20131021,9.2900,9.3000,9.1400,9.1400,4000900
20131022,9.2200,9.4200,9.1600,9.3000,4188300
20131023,8.8900,9.3400,8.8700,9.2600,5645800
20131024,8.7600,8.9400,8.7400,8.8800,3066400
20131025,8.4300,8.9000,8.4000,8.7400,4460400
20131028,8.5500,8.5800,8.3900,8.4300,2487100
20131029,8.2400,8.6400,8.0500,8.6000,4119800
20131030,8.3700,8.3800,8.1600,8.2000,2158400
20131031,8.3200,8.5000,8.2200,8.3700,2418000
20131101,8.3500,8.4000,8.2700,8.3200,1238000
20131104,8.4000,8.4500,8.3200,8.3500,1253100
20131105,8.3900,8.3900,8.1900,8.3800,2186400
20131106,8.3300,8.4500,8.3000,8.3800,2095000
20131107,8.1700,8.3700,8.1600,8.3500,1485400
20131108,8.0300,8.2400,7.9500,8.1500,2448700
20131111,8.0900,8.1200,7.9000,8.0400,1458400
20131112,8.2000,8.2500,8.0500,8.1100,2107800
20131113,8.0100,8.1900,8.0000,8.1900,1706100
20131114,8.0300,8.0600,7.8700,8.0000,2013100
20131115,8.2000,8.3000,8.0100,8.0500,3012100
20131118,8.4200,8.4500,8.1700,8.2500,3336800
20131119,8.3700,8.4500,8.3200,8.4500,1851300
20131120,8.4300,8.5000,8.3700,8.3700,1699700
20131121,8.4700,8.4800,8.3400,8.4200,2103500
20131122,8.5300,8.6400,8.4500,8.4900,3525400
20131125,8.4500,8.5500,8.3100,8.5200,1694300
20131126,8.5000,8.5300,8.4100,8.4600,1862100
20131127,8.5900,8.6200,8.4300,8.5300,2550000
20131128,8.6100,8.6900,8.5500,8.6000,2164500
20131129,8.9400,8.9900,8.5600,8.6600,7382300
20131202,8.4500,8.8700,8.4000,8.7600,5906200
20131203,8.6600,8.7200,8.4000,8.4000,3400100
20131204,8.8300,8.9200,8.5200,8.6600,4529600
20131205,8.8900,9.0400,8.8000,8.9300,3493500
20131206,8.9200,8.9800,8.8000,8.9600,2322300
20131209,9.0900,9.1500,8.8500,8.9500,3970800
20131210,9.2700,9.3200,9.0300,9.1100,7396700
20131211,9.1900,9.4000,9.1000,9.2100,5911400
20131212,9.3700,9.4700,9.1100,9.1500,6443900
20131213,9.3600,9.4500,9.2800,9.3400,3734600
20131216,8.9800,9.3700,8.9500,9.3200,5503900
20131217,8.9500,9.1400,8.9000,8.9500,3299500
20131218,8.8600,9.0300,8.8500,8.8900,1569600
20131219,8.6400,8.9500,8.6000,8.9000,2723600
20131220,8.5900,8.7500,8.5500,8.6300,1917500
20131223,8.6600,8.7700,8.4900,8.6200,2028300
20131224,8.6100,8.6900,8.5300,8.6800,2776800
20131225,8.6300,8.6300,8.5000,8.6300,1610100
20131226,8.3600,8.6300,8.2200,8.6300,2222100
20131227,8.4600,8.5500,8.3500,8.4200,1953200
20131230,8.5300,8.6400,8.4000,8.4300,1699100
20131231,8.6100,8.6500,8.4000,8.4300,1579100
20140101,8.6100,8.6100,8.6100,8.6100,0
20140102,8.5500,8.6500,8.4800,8.5900,1833300
20140103,8.3500,8.5500,8.2700,8.5100,2150700
20140106,8.0000,8.3500,8.0000,8.3500,3561600
20140107,8.1100,8.1300,7.9100,8.0000,956500
20140108,8.0300,8.2200,8.0000,8.1700,2062300
20140109,7.9000,8.0900,7.9000,8.0400,1784600
20140110,7.6600,7.9200,7.5900,7.9200,2029300
20140113,7.6600,7.6900,7.5400,7.6500,1242800
20140114,7.8500,7.8500,7.6300,7.6800,1091700
20140115,7.8000,7.8700,7.7400,7.8200,985100
20140116,7.8000,7.8500,7.7300,7.8500,949000
20140117,7.9000,7.9300,7.6100,7.7500,2142100
20140120,7.7700,7.8000,7.6600,7.7900,1820400
20140121,7.7800,7.8100,7.7100,7.7700,1518500
20140122,7.9500,8.0900,7.7600,7.7800,2123500
20140123,7.9500,8.0400,7.9300,7.9600,1574000
20140124,8.1700,8.2200,7.9100,7.9600,2071800
20140127,8.0400,8.1800,8.0200,8.1400,1638600
20140128,8.0300,8.1800,7.9500,8.0100,1627100
20140129,8.0900,8.1500,8.0400,8.0400,1175800
20140130,7.9600,8.1500,7.9200,8.1500,1016500
20140131,7.9600,7.9600,7.9600,7.9600,0
20140203,7.9600,7.9600,7.9600,7.9600,0
20140205,7.9600,7.9600,7.9600,7.9600,0
20140206,7.9600,7.9600,7.9600,7.9600,0
20140207,7.8800,7.9600,7.7000,7.9000,3957300
20140210,8.3300,8.4900,7.8700,7.8700,5575000
20140211,8.3500,8.4000,8.2400,8.3000,2956500
20140212,8.4100,8.4600,8.3500,8.3500,2660400
20140213,8.3000,8.4600,8.2800,8.4000,2669400
20140214,8.3400,8.4300,8.2900,8.3300,2673900
20140217,8.5300,8.6500,8.3000,8.3600,6031200
20140218,8.6400,8.6500,8.3500,8.5000,6003700
20140219,8.8900,8.9700,8.5500,8.6600,6355600
20140220,8.9900,9.3100,8.7800,8.8400,14250200
20140221,8.9500,9.0200,8.7200,8.9700,6364500
20140224,9.0500,9.1000,8.6800,8.8600,5424600
20140225,8.8700,9.2400,8.7500,9.0500,13197200
