20130226,23.7200,25.9500,23.6800,25.1100,11234000
20130227,26.0900,26.0900,23.6000,23.7700,10550300
20130228,28.0000,28.7000,26.7300,27.2000,15244700
20130301,29.1700,30.0900,27.5000,27.7000,11999900
20130304,29.7300,30.1000,28.1500,29.0000,9586500
20130305,32.7000,32.7000,29.1600,29.3100,11709200
20130306,31.3500,34.2100,30.7000,32.3000,16879400
20130307,29.4700,32.0500,28.2600,30.8500,16742800
20130308,28.9300,30.5000,27.8500,29.4800,15065400
20130311,29.2200,29.7500,28.0100,28.5200,10977800
20130312,31.2000,31.9800,29.7000,30.2000,13357800
20130313,28.0800,31.6800,28.0800,31.0100,17028100
20130314,26.2400,27.7100,25.5500,26.7700,15792300
20130315,26.3000,26.9700,25.7300,26.1000,9999700
20130318,25.7100,26.6000,25.1000,25.6800,9119100
20130319,25.0200,26.4500,24.3200,25.8800,13212900
20130320,25.5600,25.9200,24.6000,24.9800,8621200
20130321,26.2800,26.7700,25.2000,25.3000,10817200
20130322,23.6500,26.6600,23.6500,26.2700,23779200
20130325,23.9200,24.2700,23.1800,23.3600,13286300
20130326,23.8000,24.7400,23.6000,23.9200,11629700
20130327,23.8900,24.3400,22.9200,23.3600,10691100
20130328,23.6700,24.2700,23.2100,23.6900,8530100
20130329,22.4100,24.0000,21.9400,23.5000,12513600
20130401,24.6500,24.6500,22.9000,23.0500,14012200
20130402,23.6100,25.4600,23.4600,25.2000,15222100
20130403,25.9500,25.9700,24.0300,24.0600,17749600
20130404,25.9500,25.9500,25.9500,25.9500,0
20130405,25.9500,25.9500,25.9500,25.9500,0
20130408,28.5500,28.5500,25.4400,25.7900,16926500
20130409,28.5500,28.5500,28.5500,28.5500,0
20130410,27.9600,29.5400,27.0000,28.3000,17476600
20130411,28.2400,29.3600,26.8800,27.6900,11545800
20130412,27.8100,28.9800,27.6800,28.5000,8863600
20130415,26.0800,27.7900,25.3600,27.5000,11915400
20130416,25.9300,25.9800,24.7000,25.3500,6917500
20130417,28.5200,28.5200,25.3000,26.0000,12947900
20130418,30.0200,30.8000,28.8000,28.9800,17347200
20130419,30.1800,31.7400,30.1000,31.2000,14580500
20130422,33.2000,33.2000,29.7000,30.1400,12285800
20130423,32.6900,34.3400,32.0800,33.7000,12537500
20130424,35.9600,35.9600,33.9200,33.9200,12748300
20130425,34.8300,38.6600,34.6800,36.0100,20160400
20130426,35.7200,36.5000,34.7200,35.6000,14299400
20130429,35.7200,35.7200,35.7200,35.7200,0
20130430,35.7200,35.7200,35.7200,35.7200,0
20130501,35.7200,35.7200,35.7200,35.7200,0
20130502,33.0700,35.3300,32.5100,34.6000,13602100
20130503,33.3900,33.8800,32.2500,33.1100,11895200
20130506,36.7300,36.7300,33.5900,33.5900,12047600
20130507,37.8300,38.3500,36.8100,37.3500,12348800
20130508,37.8200,38.0800,36.4000,37.5000,8585200
20130509,34.4000,40.6000,34.2000,37.8800,23003400
20130510,34.5600,35.5000,32.7100,33.5000,14018300
20130513,34.1700,34.4000,33.0000,33.8000,9781900
20130514,35.5100,37.0000,33.7100,34.0000,14063600
20130515,35.6600,36.1300,34.3000,34.8500,9089600
20130516,35.4800,36.0400,34.4000,35.6600,6765900
20130517,35.1900,35.8700,34.6000,35.1800,6836200
20130520,33.1500,34.4000,32.5500,34.0000,12551500
20130521,33.4100,33.9800,32.1900,33.1000,9359900
20130522,33.3000,33.7900,32.7400,33.3000,6328800
20130523,34.6100,35.6800,33.5200,33.5900,11352700
20130524,33.9700,34.7900,33.2400,34.3000,6816300
20130527,34.3800,34.9900,33.2200,34.3000,6948100
20130528,34.6200,35.3500,34.2000,34.4000,6523600
20130529,33.9600,34.8000,33.5300,34.4600,6864700
20130530,32.8900,33.7300,32.7800,33.5000,6992400
20130531,34.5200,35.8500,33.2100,33.2200,10727000
20130603,34.7200,35.5000,33.8800,33.8800,6207800
20130604,35.2500,36.7100,34.8800,35.7100,7504800
20130605,35.1900,35.9200,34.6000,35.6700,4676800
20130606,36.6600,36.9700,34.5100,35.1300,8189100
20130607,38.6200,39.8600,36.6500,36.6500,10805200
20130610,38.6200,38.6200,38.6200,38.6200,0
20130611,38.6200,38.6200,38.6200,38.6200,0
20130612,38.6200,38.6200,38.6200,38.6200,0
20130613,37.0700,38.4200,35.5500,37.9500,7166800
20130614,37.6000,37.9700,35.8200,36.9400,6469700
20130617,34.2300,37.7000,34.0100,37.3500,8550700
20130618,34.4100,35.2500,33.0200,33.5000,6654600
20130619,34.5900,34.8800,34.0200,34.4200,3496900
20130620,34.5300,34.9300,32.6000,34.6500,6430600
20130621,33.7700,34.4500,33.2300,33.3500,3047100
20130624,30.9500,34.2900,30.8300,33.6800,6395900
20130625,29.3900,30.0000,27.8600,29.9200,11308000
20130626,32.3000,32.3200,29.6500,30.4500,7973100
20130627,32.4600,33.9600,31.6600,32.5200,7455900
20130628,32.1900,33.4900,30.9900,32.3000,4617700
20130701,33.3300,33.5800,32.6000,33.0500,3595100
20130702,33.6000,33.7900,32.6800,33.3200,4707400
20130703,33.4200,34.0000,32.8000,33.8000,3629200
20130704,35.5400,36.5000,33.6000,34.0000,7392100
20130705,32.4300,35.8100,32.0100,35.1000,6708400
20130708,34.4800,35.6700,31.7800,31.8000,8219400
20130709,32.3600,33.6500,31.5500,31.5500,7951400
20130710,33.9900,34.5000,33.0300,33.8500,5774400
20130711,33.6100,34.1600,32.0100,33.7000,14074200
20130712,31.1800,32.9800,30.7600,32.9800,17112800
20130715,30.7800,31.7000,29.7100,31.5000,8480900
20130716,31.4400,31.4900,30.6600,30.9400,6933200
20130717,30.0400,31.2900,28.8900,31.2900,14205100
20130718,28.8600,29.7700,28.2000,29.3300,6180500
20130719,27.9600,29.9700,27.9000,29.5300,7077800
20130722,27.1600,27.8500,26.3700,27.3200,7674400
20130723,29.3000,29.5500,27.3700,27.3700,9547200
20130724,29.1100,29.8000,28.5600,29.0800,6460600
20130725,27.9300,29.4000,27.8800,29.2500,5175900
20130726,29.0000,29.5300,27.0800,27.0800,9017000
20130729,28.6400,29.4600,28.3000,28.3000,4329300
20130730,28.8900,29.5600,28.5200,28.5200,4434000
20130731,28.2300,29.3800,28.2000,29.3500,4348000
20130801,28.2600,28.2900,27.2300,28.2000,5177300
20130802,28.3800,28.9500,27.9000,28.2600,4512900
20130805,27.9400,28.3000,27.5500,28.3000,4013900
20130806,28.4200,28.6000,27.5700,27.6500,4908200
20130807,27.8400,28.3100,27.6600,27.9800,4135300
20130808,27.9500,28.3000,27.8300,27.9900,3185400
20130809,28.4700,29.3000,27.8800,28.0000,7362600
20130812,28.3000,28.3500,27.5100,28.0100,5745800
20130813,28.7900,29.5300,28.5600,28.6800,5826400
20130814,28.7000,29.1000,28.3700,28.4100,3615200
20130815,28.1400,28.8000,27.9000,28.8000,4026100
20130816,27.9000,28.5100,27.7000,27.7000,4211200
20130819,28.1800,28.3000,27.3300,27.6200,3623500
20130820,29.2800,30.4400,28.1000,28.1300,9599300
20130821,28.9900,29.4500,28.6100,28.8100,4135200
20130822,29.4400,29.5500,28.9100,29.0000,4023400
20130823,29.0900,29.9000,28.6100,29.8000,4031400
20130826,29.2700,29.4000,28.6000,29.1800,3002800
20130827,28.9300,29.3000,28.7100,29.1000,3208400
20130828,28.1400,28.8800,27.7900,28.5900,5130700
20130829,28.0800,28.4000,27.2800,27.6000,5096900
20130830,27.2000,28.1500,27.0100,27.9600,3270900
20130902,27.8800,28.8000,24.6500,26.7000,8305400
20130903,27.9700,28.3500,27.2000,27.4900,3558300
20130904,27.9500,28.4800,27.3500,28.1600,2722200
20130905,27.7700,28.0500,27.5000,27.9500,2245400
20130906,27.2200,27.7600,26.9700,27.5300,3484200
20130909,26.2400,26.6600,25.5100,26.0000,6413200
20130910,26.0300,26.2600,25.5100,26.0600,4812100
20130911,26.2600,26.9900,25.5800,25.8000,4486900
20130912,25.8900,26.5500,25.7900,26.2000,3015700
20130913,26.0900,26.4000,25.3100,26.0000,3429600
20130916,27.5500,27.9800,26.6700,26.9500,7481900
20130917,27.1900,28.1900,27.1000,27.3700,4564300
20130918,27.2900,27.7000,27.0000,27.1100,2659900
20130920,27.2900,27.2900,27.2900,27.2900,0
20130923,27.2400,27.5400,26.9200,27.2900,3644300
20130924,26.6400,27.4500,26.6000,27.2400,3617000
20130925,25.8100,26.4000,25.5800,26.3300,5182100
20130926,28.3900,28.3900,26.1000,26.1700,13141600
20130927,29.6900,31.0800,28.1000,28.6000,13339800
20130930,30.4900,30.6800,28.7800,29.7100,7534000
20131001,30.4900,30.4900,30.4900,30.4900,0
20131002,30.4900,30.4900,30.4900,30.4900,0
20131003,30.4900,30.4900,30.4900,30.4900,0
20131004,30.4900,30.4900,30.4900,30.4900,0
20131007,30.4900,30.4900,30.4900,30.4900,0
20131008,29.9100,30.7000,29.5000,29.9000,5540500
20131009,29.5100,30.5400,29.3900,29.9600,4969900
20131010,28.6200,29.8000,28.5000,29.1800,5408200
20131011,30.1200,30.7900,28.6200,28.6200,5983300
20131014,29.3400,30.3900,29.2100,29.6800,4057300
20131015,29.9400,30.3400,29.3500,29.3800,3608800
20131016,29.0700,29.9000,28.5200,29.5900,4047400
20131017,29.2400,29.7700,28.7800,29.3200,3112400
20131018,29.2400,29.5600,28.8000,29.1100,1986000
20131021,30.1100,31.6600,30.0100,30.8000,6210800
20131022,30.1200,30.5000,29.5700,29.8800,4049400
20131023,30.2000,30.9000,29.7800,29.7800,3906200
20131024,29.6400,30.1000,29.3000,30.1000,4221700
20131025,29.9800,30.0000,28.8000,29.8300,4208600
20131028,29.9700,30.5000,29.4100,29.7000,2994000
20131029,26.9700,30.1500,26.9700,29.5400,6630000
20131030,27.6000,28.0000,27.0000,27.2600,3462100
20131031,27.7500,27.9200,27.3000,27.5500,2217000
20131101,29.0200,29.0700,27.5000,27.6700,2861300
20131104,26.1200,26.1200,26.1200,26.1200,877700
20131105,23.5100,23.5100,23.5100,23.5100,414200
20131106,23.5100,23.5100,23.5100,23.5100,0
20131107,21.1600,21.1600,21.1600,21.1600,195600
20131108,19.0400,19.0400,19.0400,19.0400,147300
20131111,17.1400,17.1400,17.1400,17.1400,207300
20131112,15.4300,15.4300,15.4300,15.4300,503800
20131113,13.8900,13.8900,13.8900,13.8900,1075300
20131114,13.8900,13.8900,13.8900,13.8900,0
20131115,13.8900,13.8900,13.8900,13.8900,0
20131118,13.8900,13.8900,13.8900,13.8900,0
20131119,13.8900,13.8900,13.8900,13.8900,0
20131120,13.8900,13.8900,13.8900,13.8900,0
20131121,13.8900,13.8900,13.8900,13.8900,0
20131122,13.8900,13.8900,13.8900,13.8900,0
20131125,13.8900,13.8900,13.8900,13.8900,0
20131126,13.8900,13.8900,13.8900,13.8900,0
20131127,13.8900,13.8900,13.8900,13.8900,0
20131128,13.8900,13.8900,13.8900,13.8900,0
20131129,13.8900,13.8900,13.8900,13.8900,0
20131202,13.8900,13.8900,13.8900,13.8900,0
20131203,13.8900,13.8900,13.8900,13.8900,0
20131204,13.8900,13.8900,13.8900,13.8900,0
20131205,13.8900,13.8900,13.8900,13.8900,0
20131206,13.8900,13.8900,13.8900,13.8900,0
20131209,13.8900,13.8900,13.8900,13.8900,0
20131210,13.8900,13.8900,13.8900,13.8900,0
20131211,13.8900,13.8900,13.8900,13.8900,0
20131212,13.8900,13.8900,13.8900,13.8900,0
20131213,13.8900,13.8900,13.8900,13.8900,0
20131216,13.8900,13.8900,13.8900,13.8900,0
20131217,13.8900,13.8900,13.8900,13.8900,0
20131218,13.8900,13.8900,13.8900,13.8900,0
20131219,13.8900,13.8900,13.8900,13.8900,0
20131220,12.5000,12.5000,12.5000,12.5000,1085400
20131223,11.2500,11.2500,11.2500,11.2500,661200
20131224,10.1300,10.1300,10.1300,10.1300,3020700
20131225,11.1400,11.1400,9.2100,9.2100,103910496
20131226,12.2500,12.2500,10.0300,10.0300,108257800
20131227,12.6900,13.2800,11.7800,11.7800,96930496
20131230,12.2500,12.6500,12.0000,12.5000,52557300
20131231,11.6000,12.1400,11.5000,12.1400,38289000
20140101,11.6000,11.6000,11.6000,11.6000,0
20140102,11.8000,12.1400,11.3000,11.4600,34602400
20140103,11.4200,11.8500,11.3000,11.6000,27220400
20140106,12.5600,12.5600,11.0200,11.4200,55976600
20140107,13.8200,13.8200,12.3800,12.5700,61566400
20140108,13.8200,13.8200,13.8200,13.8200,0
20140109,13.9700,14.5000,13.0000,13.7600,64054600
20140110,13.4900,14.2400,13.2600,13.5000,39091600
20140113,12.4400,13.3000,12.1400,12.4500,43821900
20140114,12.5900,12.8900,11.6500,12.3200,39458600
20140115,12.2500,12.5300,12.1800,12.2000,25797600
20140116,12.5100,12.9500,12.2500,12.2800,29288000
20140117,12.0400,12.4300,11.9100,12.2800,20342500
20140120,11.8200,12.2300,11.7900,11.9400,14359100
20140121,11.8500,12.1700,11.8000,11.9500,19325000
20140122,12.0400,12.1800,11.5000,11.8500,28241100
20140123,11.8500,12.0800,11.7900,11.9200,20852100
20140124,11.8500,12.0500,11.8100,11.8500,18239800
20140127,11.3100,11.8000,11.2900,11.8000,22768700
20140128,10.5800,11.1900,10.3300,11.1900,29483500
20140129,10.5100,10.8800,10.3200,10.5400,15426300
20140130,9.8700,10.4800,9.8500,10.4500,18399900
20140131,9.8700,9.8700,9.8700,9.8700,0
20140203,9.8700,9.8700,9.8700,9.8700,0
20140205,9.8700,9.8700,9.8700,9.8700,0
20140206,9.8700,9.8700,9.8700,9.8700,0
20140207,10.8600,10.8600,9.7200,9.8300,34402000
20140210,11.5100,11.8500,11.0000,11.0000,41176700
20140211,11.5200,11.8400,11.2100,11.3800,28640900
20140212,11.3800,11.6500,11.2300,11.5000,18384000
20140213,11.1000,11.4800,11.0100,11.3000,16380600
20140214,11.2300,11.2800,11.0400,11.1100,12350200
20140217,12.2600,12.3000,11.1100,11.2300,33742800
20140218,12.4900,13.3000,11.9000,12.1400,48651800
20140219,12.7800,13.1200,12.2400,12.2500,36182300
20140220,12.5100,13.2900,12.3700,12.7300,29351200
20140221,12.1600,12.5400,11.8600,12.5400,21516900
20140224,13.1000,13.3000,11.6000,12.0000,41450800
20140225,12.2900,13.2400,11.7900,13.1200,33877500
