20130226,18.1300,19.0100,18.1000,18.7000,6836600
20130227,17.9200,18.3500,17.6000,18.1700,6437800
20130228,18.4100,18.4600,17.8300,17.9900,5971300
20130301,18.5800,18.8200,18.3600,18.5000,5969000
20130304,17.8000,18.5700,17.6800,18.5000,6691200
20130305,18.3000,18.3500,17.5600,17.7000,5206700
20130306,18.8500,18.8700,18.1700,18.4300,8272700
20130307,18.6300,19.2300,18.0000,18.8700,9739700
20130308,18.1300,19.0000,17.9300,18.5300,6667600
20130311,17.8500,18.1300,17.7100,18.0500,4973500
20130312,17.8200,18.3700,17.3100,17.8200,7074600
20130313,17.3100,17.7600,17.1100,17.6800,4136600
20130314,17.1400,17.5000,16.9800,17.1800,4470800
20130315,17.1700,17.5500,16.9700,17.2000,4194700
20130318,17.1600,17.4700,16.9200,17.0500,3938600
20130319,17.2500,17.4000,16.9000,17.2000,2852900
20130320,18.5600,18.6400,17.4000,17.4500,10055100
20130321,18.7000,18.7800,17.9600,18.1200,13600200
20130322,18.5700,18.9400,18.3300,18.6300,7475100
20130325,18.6000,18.7700,18.4200,18.5900,4255300
20130326,18.1400,18.6300,17.9200,18.6300,6601700
20130327,18.2200,18.3500,18.0000,18.1800,4427600
20130328,17.2300,18.0600,17.2000,18.0600,5350300
20130329,16.8100,17.3400,16.8000,17.2000,4335100
20130401,16.9600,17.2200,16.7000,16.7000,2755200
20130402,17.0800,17.3500,16.8500,16.9500,2606200
20130403,16.7700,17.2900,16.6700,17.1200,2875100
20130404,16.7700,16.7700,16.7700,16.7700,0
20130405,16.7700,16.7700,16.7700,16.7700,0
20130408,16.5000,16.5800,15.9400,16.5800,4162200
20130409,16.6400,16.7700,16.4000,16.4500,2272800
20130410,16.8500,17.0500,16.6000,16.6400,3221600
20130411,16.9000,17.0900,16.8200,17.0000,2271800
20130412,16.6000,17.1000,16.5900,16.9000,2226900
20130415,16.0500,16.6200,16.0000,16.6200,2077100
20130416,16.1300,16.1900,15.7000,15.7400,2645000
20130417,16.1400,16.2300,15.9000,16.1000,1528500
20130418,15.7000,16.2000,15.6700,16.1400,3267400
20130419,16.3600,16.4800,15.7000,15.7000,4397000
20130422,16.1300,16.2400,15.8600,16.1500,4386800
20130423,15.4000,16.1200,15.3500,16.1200,4671400
20130424,15.5700,15.6500,15.1300,15.4000,4316700
20130425,14.8600,15.5400,14.8500,15.5400,5137000
20130426,14.1700,14.9800,14.1400,14.8000,4654000
20130429,14.1700,14.1700,14.1700,14.1700,0
20130430,14.1700,14.1700,14.1700,14.1700,0
20130501,14.1700,14.1700,14.1700,14.1700,0
20130502,14.2000,14.2800,14.0100,14.1600,1960500
20130503,14.6200,14.7200,14.2000,14.2700,2738800
20130506,15.2000,15.2200,14.5200,14.5200,3965500
20130507,15.2900,15.5600,15.1000,15.1700,3652000
20130508,15.2700,15.5000,15.0600,15.3000,2636500
20130509,15.6600,15.6700,15.1300,15.2100,3780500
20130510,15.8000,16.0000,15.4500,15.5900,4110700
20130513,15.7000,15.9800,15.6100,15.8900,2525800
20130514,15.4200,15.8000,15.3000,15.6500,2079600
20130515,15.7200,15.7400,15.3000,15.3700,2130200
20130516,16.0500,16.0800,15.5500,15.7200,3764200
20130517,16.1400,16.2600,15.9000,16.0600,3458800
20130520,16.5200,16.6300,16.0800,16.2900,4629700
20130521,17.2200,17.2700,16.4800,16.5300,7556400
20130522,16.9900,17.6400,16.8400,17.1600,6142700
20130523,16.7300,17.2500,16.7000,16.9700,4537100
20130524,17.1700,17.2000,16.5400,16.7800,4477700
20130527,17.1800,17.3500,16.9800,17.0600,4226400
20130528,17.3600,17.3800,16.7800,17.1800,4227500
20130529,17.0900,17.5000,17.0400,17.4100,4023000
20130530,16.9500,17.1200,16.8500,17.0000,3292600
20130531,16.8200,17.0900,16.6800,17.0200,3825100
20130603,16.2000,16.7800,16.1400,16.6600,4155900
20130604,15.6900,16.1500,15.4800,16.1400,4439000
20130605,17.0000,17.1000,15.6300,15.6900,6643800
20130606,17.9500,18.4600,17.0200,17.2000,24046800
20130607,17.5000,17.8800,17.2100,17.8800,10444500
20130610,17.5000,17.5000,17.5000,17.5000,0
20130611,17.5000,17.5000,17.5000,17.5000,0
20130612,17.5000,17.5000,17.5000,17.5000,0
20130613,18.3000,18.3800,16.0100,17.1900,16269400
20130614,18.5300,18.6900,17.9100,18.2500,17318300
20130617,17.6800,18.6000,17.6500,18.5800,12591200
20130618,17.7600,18.4900,17.6500,17.6500,11235300
20130619,19.0400,19.1100,17.2100,17.8000,18359600
20130620,18.5300,19.6000,18.4900,18.9800,21064600
20130621,20.1100,20.3800,17.3200,17.3200,27568800
20130624,20.9200,21.6800,19.3000,19.7000,31639800
20130625,19.9700,20.8000,18.8300,20.4000,27253600
20130626,20.7300,20.8600,18.8800,19.3300,30078300
20130627,18.9000,20.6800,18.6600,20.4000,25979600
20130628,17.3800,19.1900,17.0900,18.5000,23624000
20130701,17.6200,17.6800,16.8600,17.1100,12802800
20130702,18.3800,18.5900,17.3300,17.5200,16018600
20130703,18.6700,18.9900,18.0200,18.4700,15620200
20130704,18.2000,18.5900,18.0000,18.4300,11032000
20130705,18.2200,18.7000,18.0200,18.2000,8934200
20130708,16.4000,17.8600,16.4000,17.7500,12730000
20130709,15.9100,16.4500,15.4500,16.0600,10367000
20130710,16.3500,16.4100,15.6000,15.9000,8934600
20130711,16.7000,16.9100,16.1000,16.2000,12031300
20130712,15.9800,16.7800,15.9000,16.5200,9064200
20130715,16.1700,16.5800,15.9100,15.9100,7531000
20130716,16.9600,17.0000,16.1800,16.2000,11466700
20130717,16.7300,17.3000,16.6100,16.9800,9229700
20130718,15.9500,16.6000,15.5300,16.6000,10080300
20130719,14.9600,15.9500,14.8100,15.9000,10712300
20130722,15.4100,15.4200,14.3700,14.6100,5933400
20130723,15.5900,15.7900,15.3000,15.4400,7228500
20130724,15.7800,16.1000,15.4400,15.5000,6922500
20130725,15.4700,15.7900,15.2900,15.7900,5164900
20130726,15.1000,15.5200,14.9600,15.3300,4568700
20130729,15.2800,15.4500,14.9000,15.0000,4137700
20130730,15.5100,15.6500,15.1300,15.2700,4883000
20130731,15.8900,16.0000,15.5200,15.5200,7065000
20130801,15.9500,15.9800,15.6800,15.9200,5997600
20130802,15.8200,16.1800,15.7400,15.9700,5023900
20130805,16.0500,16.0700,15.8100,15.8100,4111800
20130806,16.0300,16.1300,15.8000,16.0500,5081000
20130807,15.4800,16.0300,15.4200,16.0300,6891500
20130808,15.4700,15.5900,15.3000,15.4500,3527300
20130809,15.8800,15.9000,15.5000,15.5100,5809400
20130812,16.3300,16.3700,15.8000,15.9700,9008000
20130813,16.3700,16.5900,16.2400,16.3400,6398800
20130814,16.1600,16.4700,16.1000,16.4600,5211500
20130815,15.9000,16.3300,15.8100,16.1000,5004100
20130816,15.6600,16.2100,15.6100,15.7200,5961300
20130819,15.8100,15.8500,15.4600,15.5000,3294900
20130820,15.6300,15.9200,15.5700,15.7500,4242900
20130821,15.6300,15.7200,15.5000,15.5800,2881900
20130822,15.5300,15.7000,15.5100,15.5500,2794600
20130823,16.3700,16.4000,15.6100,15.6400,11019400
20130826,16.4700,16.5900,16.1900,16.4000,8362500
20130827,16.5700,16.6800,16.1500,16.3700,6570100
20130828,16.1600,16.4400,16.1100,16.4000,5147200
20130829,16.2700,16.3300,16.0900,16.1000,3366800
20130830,16.2200,16.4300,16.0700,16.2800,4718500
20130902,16.1900,16.2800,15.9000,16.1100,3527600
20130903,16.5100,16.5700,16.1500,16.2000,5722100
20130904,16.3900,16.5300,16.2700,16.5300,3945700
20130905,16.6000,16.7900,16.4000,16.4200,6300800
20130906,16.4200,16.6200,16.2700,16.4900,3949600
20130909,16.5100,16.6800,16.2700,16.3400,5639600
20130910,17.1200,17.2400,16.3500,16.6000,10146500
20130911,17.0400,17.3700,16.8500,17.1100,8141800
20130912,17.2000,17.4100,16.8700,17.0000,6551400
20130913,17.5700,17.8200,17.0800,17.2000,7897400
20130916,17.2900,17.8000,17.2900,17.4800,5024100
20130917,16.6700,17.4300,16.6500,17.3800,5908300
20130918,16.9300,17.0900,16.6300,16.6700,3351900
20130920,16.9300,16.9300,16.9300,16.9300,0
20130923,16.9400,16.9900,16.7000,16.9200,3809000
20130924,16.4600,17.0400,16.4300,17.0000,5636000
20130925,16.1300,16.7200,16.0500,16.4600,6270400
20130926,16.0300,16.2800,16.0100,16.0800,4655600
20130927,16.2800,17.0600,16.0200,16.0300,6124500
20130930,16.2200,16.4000,16.0500,16.3500,3424000
20131001,16.2200,16.2200,16.2200,16.2200,0
20131002,16.2200,16.2200,16.2200,16.2200,0
20131003,16.2200,16.2200,16.2200,16.2200,0
20131004,16.2200,16.2200,16.2200,16.2200,0
20131007,16.2200,16.2200,16.2200,16.2200,0
20131008,16.3200,16.4000,16.0800,16.0800,3990300
20131009,16.8900,16.9700,16.3600,16.3800,7038500
20131010,16.6200,17.0000,16.5900,16.7500,5037000
20131011,17.3200,17.3500,16.5700,16.5700,9627600
20131014,17.3900,17.5200,17.0600,17.3200,6447000
20131015,17.2100,17.7500,17.1100,17.3500,7780300
20131016,16.6800,17.2200,16.5700,17.1700,5963300
20131017,16.7100,16.9800,16.5400,16.7100,3819400
20131018,16.7700,17.3200,16.6800,16.9800,5195100
20131021,17.1300,17.2700,16.7600,16.7700,6185200
20131022,17.2900,17.4200,16.9600,17.1800,7796300
20131023,16.5700,17.3400,16.5300,17.3000,5413900
20131024,16.6400,16.6800,16.4300,16.5800,3236400
20131025,15.8600,16.7700,15.7200,16.5800,4944700
20131028,15.9800,16.0600,15.5100,15.9000,2766800
20131029,15.3100,16.1100,15.0800,16.0000,4211800
20131030,15.2900,15.4000,15.2000,15.3100,3942100
20131031,15.3000,15.4400,15.0000,15.3300,2569700
20131101,15.3400,15.4400,15.1200,15.3100,2144500
20131104,15.4400,15.6600,15.3500,15.3500,1885300
20131105,15.5400,15.5900,15.1300,15.4300,1721800
20131106,15.4400,15.7900,15.4300,15.5300,2440600
20131107,15.2600,15.4600,15.2000,15.4000,1862500
20131108,14.6500,15.2500,14.6500,15.2500,3516800
20131111,14.8700,14.8900,14.6500,14.6500,1636600
20131112,15.0000,15.0300,14.7000,14.8800,1947200
20131113,14.7100,15.0200,14.7000,15.0000,1218400
20131114,14.8100,14.8200,14.5500,14.7200,2859500
20131115,15.0100,15.2000,14.7600,14.7900,3582000
20131118,15.5500,15.5600,15.0500,15.1000,4356000
20131119,15.5100,15.6400,15.4100,15.5500,2388400
20131120,15.5100,15.6300,15.3300,15.4900,2298000
20131121,15.3200,15.4500,15.2000,15.4500,2413800
20131122,15.4800,15.7400,15.3400,15.3400,3008300
20131125,15.4800,15.7300,15.3300,15.6100,4313000
20131126,15.5000,15.6200,15.4000,15.5000,1765800
20131127,15.5300,15.5500,15.2500,15.4800,3083200
20131128,15.8400,15.9100,15.5100,15.6000,4953300
20131129,16.1900,16.3200,15.8500,15.9400,6950400
20131202,15.6600,16.3100,15.5300,15.9800,5002900
20131203,16.4900,16.5200,15.5600,15.6600,5578300
20131204,16.8900,17.3500,16.5200,16.6000,10562600
20131205,17.0400,17.3600,16.7100,16.7700,7615300
20131206,16.7700,17.2000,16.6500,17.0100,4040500
20131209,17.0300,17.2700,16.8100,16.8100,3837700
20131210,16.8500,17.1600,16.6600,17.0300,2790000
20131211,16.5300,16.9500,16.4500,16.8100,3153600
20131212,16.7500,16.9200,16.5000,16.5300,2963000
20131213,16.7900,17.0600,16.6100,16.6600,3392100
20131216,17.2500,17.6400,16.7500,16.7900,9083200
20131217,16.9900,17.3000,16.9400,17.3000,4646400
20131218,16.7200,17.1900,16.5100,17.0500,4756200
20131219,16.5300,16.8200,16.5300,16.7000,2187200
20131220,16.3000,16.8000,16.2700,16.5800,2524700
20131223,16.1400,16.4000,15.9900,16.1000,2899900
20131224,16.3300,16.5000,16.0900,16.1900,3570500
20131225,16.8000,16.8300,16.2000,16.2000,4411500
20131226,16.5900,16.9200,16.5500,16.8200,3824800
20131227,16.9600,17.1600,16.4800,16.5100,3960700
20131230,17.1300,17.3500,16.9800,17.1000,4687100
20131231,17.2700,17.3000,16.9300,17.1300,5351900
20140101,17.2700,17.2700,17.2700,17.2700,0
20140102,17.0800,17.4900,16.9400,17.2200,3969000
20140103,16.6800,17.0500,16.6000,17.0300,4065300
20140106,16.5300,16.7000,16.2000,16.7000,3036500
20140107,16.6900,16.7600,16.3200,16.5000,2425100
20140108,16.4500,17.0600,16.3000,16.7800,3468600
20140109,16.0800,16.6500,16.0600,16.3300,2659400
20140110,15.4200,15.9900,15.4000,15.8000,4258500
20140113,15.4700,15.8000,15.4100,15.4100,2244800
20140114,15.6400,15.7300,15.4600,15.5000,2478600
20140115,15.7200,15.8000,15.5400,15.5600,2664300
20140116,15.7300,15.8900,15.7000,15.7000,1696800
20140117,15.4700,15.7400,15.1500,15.7200,3768700
20140120,15.3000,15.5700,15.2300,15.4000,1695100
20140121,15.4700,15.6000,15.2500,15.2500,1488100
20140122,15.8800,15.9000,15.4500,15.5500,2401600
20140123,15.7800,15.9000,15.7000,15.9000,2319900
20140124,15.9300,15.9600,15.7300,15.7800,2360200
20140127,16.0500,16.0600,15.7000,15.8800,2290200
20140128,15.9600,16.1100,15.8500,16.0000,1993000
20140129,16.1100,16.2400,15.9000,16.0000,1859900
20140130,15.7900,16.2100,15.7600,16.1200,1645400
20140131,15.7900,15.7900,15.7900,15.7900,0
20140203,15.7900,15.7900,15.7900,15.7900,0
20140205,15.7900,15.7900,15.7900,15.7900,0
20140206,15.7900,15.7900,15.7900,15.7900,0
20140207,16.2100,16.3000,15.6100,15.6100,1859400
20140210,16.6600,16.8300,16.2100,16.2200,5079600
20140211,16.5900,17.0900,16.5100,16.6600,4782900
20140212,16.7100,16.7400,16.4100,16.5700,3560200
20140213,16.7600,17.1000,16.6100,16.7100,6433100
20140214,16.9700,17.0300,16.7100,16.7100,4439300
20140217,16.9800,17.2000,16.8800,17.0800,5883000
20140218,16.7000,17.0000,16.6600,17.0000,4362000
20140219,18.2000,18.3700,16.6500,16.6500,19509800
20140220,17.8700,18.4200,17.7800,17.9000,13743200
20140221,18.1000,18.2700,17.7000,17.7900,6733600
20140224,18.8400,18.9000,17.8600,18.0000,13913100
20140225,17.9100,19.2300,17.6800,18.8500,12754600
