20130226,17.5800,17.9800,17.0900,17.1500,9718200
20130227,17.7400,18.2700,17.6000,17.6000,6771400
20130228,17.9500,17.9800,17.1000,17.7900,6837300
20130301,18.5500,18.5900,17.8100,18.0200,10886600
20130304,18.2000,18.9800,17.9500,18.3400,11457200
20130305,18.6700,18.8000,18.0100,18.1800,7767000
20130306,19.1600,19.1900,18.4300,18.6400,9268500
20130307,18.5400,19.1000,18.2100,19.1000,8582100
20130308,17.8300,18.6100,17.7500,18.5200,6833000
20130311,17.2800,17.8000,17.1300,17.8000,5597100
20130312,17.1400,17.6800,16.6500,17.3800,6170900
20130313,16.8300,17.1600,16.5800,17.0500,3889600
20130314,16.9500,17.1900,16.8300,16.9000,3405400
20130315,16.8300,17.2300,16.6000,16.9800,5809700
20130318,15.9500,16.7100,15.9200,16.6800,5889900
20130319,15.8900,16.1000,15.4100,15.8600,4277300
20130320,16.4900,16.5200,15.8000,15.8900,5787300
20130321,16.5500,16.6800,16.3500,16.5000,6691400
20130322,16.6300,16.9000,16.5000,16.5600,4781800
20130325,16.2100,16.6600,16.0500,16.6300,6161600
20130326,16.3900,16.4000,15.7500,16.1400,4761800
20130327,16.1300,16.6200,16.0200,16.3900,5659800
20130328,15.0200,16.0000,14.9900,16.0000,8050100
20130329,15.1600,15.2700,15.0200,15.0200,3330300
20130401,15.3400,15.5800,15.1600,15.1600,3138400
20130402,15.2200,15.5500,15.1700,15.2000,2429800
20130403,14.6300,15.3500,14.2700,15.1900,4811800
20130404,14.6300,14.6300,14.6300,14.6300,0
20130405,14.6300,14.6300,14.6300,14.6300,0
20130408,15.0800,15.1000,14.0400,14.5700,3577600
20130409,14.9600,15.0700,14.6100,14.9600,2672400
20130410,15.2200,15.2700,14.7800,14.9600,3193800
20130411,15.0700,15.3800,15.0400,15.2200,1778700
20130412,15.2500,15.4700,15.1100,15.1900,3391000
20130415,14.7300,15.2300,14.6600,15.2100,1840700
20130416,14.9000,14.9400,14.3000,14.4500,1927200
20130417,15.0100,15.0500,14.8400,14.9100,1738200
20130418,15.0500,15.1800,14.8700,14.9000,1964900
20130419,15.4800,15.5700,15.0500,15.1500,4631000
20130422,15.0600,15.3700,14.9600,15.3500,4695900
20130423,14.5100,15.0600,14.4600,15.0100,3119800
20130424,14.7000,14.8400,14.3600,14.3600,1906800
20130425,14.3100,14.7000,14.3000,14.7000,3180000
20130426,13.8200,14.5000,13.8000,14.3200,2871600
20130429,13.8200,13.8200,13.8200,13.8200,0
20130430,13.8200,13.8200,13.8200,13.8200,0
20130501,13.8200,13.8200,13.8200,13.8200,0
20130502,13.4700,13.7700,13.2700,13.7700,2522500
20130503,13.8100,13.9700,13.5000,13.6000,2112900
20130506,14.2600,14.3100,13.7800,13.7800,2743300
20130507,14.2800,14.3300,14.1700,14.3300,1746100
20130508,14.2400,14.4500,14.2000,14.3000,2366800
20130509,14.2400,14.4400,14.0200,14.1900,2529900
20130510,15.2200,15.4800,14.4100,14.4100,10346800
20130513,15.2400,15.6300,15.0000,15.1000,6382400
20130514,14.9800,15.2500,14.8300,15.2000,3462200
20130515,15.1100,15.2800,14.9600,15.0000,2814600
20130516,15.2700,15.3000,14.7500,15.1700,4535700
20130517,15.2900,15.3700,15.0100,15.2400,4485400
20130520,15.4700,15.6800,15.2500,15.3100,5159000
20130521,15.6900,15.7100,15.2600,15.4000,5450300
20130522,15.5700,15.9400,15.4500,15.7400,3983800
20130523,14.9400,15.5100,14.9300,15.5000,4537800
20130524,15.1200,15.1500,14.8300,14.9600,3069100
20130527,15.2500,15.3500,14.9400,15.1100,3940000
20130528,15.3100,15.3600,15.0400,15.2600,3413800
20130529,15.4400,15.5800,15.2200,15.3600,4403000
20130530,15.1800,15.3900,15.1600,15.2900,2974400
20130531,15.1000,15.3000,15.0600,15.1600,3121400
20130603,14.5400,15.1300,14.5100,15.0500,4380200
20130604,14.1700,14.5000,14.0500,14.5000,3322700
20130605,14.2900,14.4400,14.1800,14.2700,1662800
20130606,13.8100,14.2900,13.7700,14.2800,2735300
20130607,13.6300,14.0000,13.5600,13.9400,2142600
20130610,13.6300,13.6300,13.6300,13.6300,0
20130611,13.6300,13.6300,13.6300,13.6300,0
20130612,13.6300,13.6300,13.6300,13.6300,0
20130613,13.0600,13.6000,12.9000,13.6000,2349200
20130614,13.1800,13.2500,13.0900,13.1500,1379800
20130617,13.2300,13.3200,13.1100,13.1600,1538600
20130618,13.6200,13.6700,13.1800,13.3000,2889500
20130619,13.3700,13.6000,13.2300,13.6000,1792400
20130620,12.8600,13.3700,12.8000,13.3700,2067500
20130621,12.5000,12.7500,12.2500,12.7500,1600700
20130624,11.2500,12.5700,11.2500,12.5000,2950600
20130625,11.0200,11.1500,10.1300,11.1500,3660900
20130626,11.1100,11.2200,10.7000,11.0900,2106600
20130627,10.8100,11.4000,10.8000,11.2500,2408900
20130628,10.8200,11.0700,10.3900,10.3900,1773200
20130701,11.0400,11.0700,10.6000,10.8200,2185100
20130702,11.0800,11.0900,10.7000,10.9300,2179600
20130703,10.8200,11.0600,10.6000,11.0600,1857900
20130704,11.5300,11.8500,10.7200,10.7200,5290400
20130705,11.4400,11.7800,11.3900,11.5400,3810700
20130708,10.9100,11.3000,10.8600,11.3000,2035500
20130709,11.0600,11.1500,10.9300,10.9300,1292400
20130710,11.4000,11.4500,10.9700,11.0400,2489300
20130711,11.7300,11.8800,11.3200,11.4000,4645400
20130712,11.6500,12.3000,11.6300,12.3000,4478400
20130715,11.7600,11.8700,11.5500,11.6700,2430100
20130716,11.8200,11.9200,11.4500,11.6600,3191800
20130717,11.5500,11.8700,11.4800,11.8000,2832100
20130718,11.3600,11.6900,11.3000,11.5300,1854300
20130719,10.9600,11.4300,10.8000,11.3000,2554700
20130722,11.0400,11.0700,10.7500,10.8600,1394300
20130723,11.3700,11.4400,11.0100,11.0100,2403800
20130724,11.4100,11.4400,11.2300,11.3200,2229100
20130725,11.2800,11.4600,11.2500,11.4200,1673100
20130726,10.9900,11.3000,10.9400,11.2900,1689600
20130729,10.6200,10.9600,10.6000,10.9600,1866800
20130730,11.0400,11.0600,10.4700,10.6000,2601400
20130731,11.6000,11.6700,11.1300,11.2300,6114200
20130801,11.7900,11.7900,11.4500,11.4900,5082900
20130802,11.5000,11.9400,11.4800,11.7900,4640700
20130805,11.7500,11.7600,11.3000,11.4600,5047000
20130806,12.1800,12.2600,11.5700,11.7700,8181400
20130807,11.9800,12.3400,11.8600,12.0800,4918000
20130808,11.9700,12.1700,11.8600,11.8600,3254800
20130809,12.0700,12.1000,11.7500,11.9000,3143900
20130812,12.9200,13.1100,12.0500,12.0500,10169200
20130813,13.5300,13.9700,12.6300,12.8000,11114300
20130814,13.5500,13.9600,13.2900,13.4900,8163200
20130815,13.2800,13.8800,13.2000,13.7800,5665500
20130816,13.6000,13.6600,13.1300,13.1500,6410000
20130819,14.2700,14.3400,13.5000,13.5400,9931600
20130820,14.2500,14.3500,13.9100,14.3400,6473700
20130821,14.1400,14.2600,13.9200,14.2100,3745200
20130822,14.2300,14.5600,14.0800,14.0900,7596900
20130823,13.6300,14.2900,13.5200,14.1700,6038500
20130826,13.9300,13.9300,13.4200,13.7400,5481700
20130827,13.9400,14.1400,13.6200,14.0100,5951900
20130828,13.4100,13.8000,13.3900,13.8000,7410900
20130829,13.5700,13.6300,13.2600,13.4100,4136600
20130830,13.1000,13.6000,12.9200,13.5200,5215500
20130902,13.9400,14.1700,13.1000,13.1000,10213200
20130903,14.0100,14.0800,13.8000,14.0000,6604300
20130904,14.0400,14.3800,13.9000,14.2100,7308200
20130905,13.8700,14.0800,13.7600,14.0600,3525500
20130906,13.5100,13.9500,13.3600,13.7700,5814900
20130909,13.5700,13.6300,13.3700,13.4600,4107400
20130910,13.4500,13.6400,13.3300,13.5800,4308800
20130911,14.5000,14.5500,13.3000,13.4900,12326000
20130912,14.1400,14.4000,13.9000,14.4000,8286100
20130913,13.8800,14.1200,13.8500,14.1200,3805700
20130916,13.7600,14.2000,13.6800,13.8800,3571200
20130917,13.6900,13.9800,13.6500,13.6600,2571300
20130918,13.8500,13.9500,13.5700,13.6800,2546700
20130920,13.8500,13.8500,13.8500,13.8500,0
20130923,13.9400,14.0800,13.7200,13.8700,2818700
20130924,13.6600,13.9600,13.6500,13.9400,3189500
20130925,13.3500,13.6500,13.3100,13.6500,3558800
20130926,13.1400,13.4400,13.1200,13.1200,2281100
20130927,13.0400,13.3400,13.0000,13.1400,1536400
20130930,13.0500,13.2500,12.9600,13.1000,1615700
20131001,13.0500,13.0500,13.0500,13.0500,0
20131002,13.0500,13.0500,13.0500,13.0500,0
20131003,13.0500,13.0500,13.0500,13.0500,0
20131004,13.0500,13.0500,13.0500,13.0500,0
20131007,13.0500,13.0500,13.0500,13.0500,0
20131008,13.2900,13.3700,13.0200,13.0600,1646300
20131009,13.2000,13.2800,13.0600,13.1800,2841400
20131010,13.3100,13.6900,13.2000,13.2000,3936700
20131011,13.3900,13.4700,13.2000,13.3400,2664700
20131014,13.5300,13.6200,13.2900,13.3600,2531500
20131015,13.3800,13.5800,13.2700,13.5800,1847000
20131016,13.0700,13.3800,13.0100,13.3800,2466700
20131017,13.0700,13.2300,12.9300,13.0600,1604600
20131018,12.6000,13.1000,12.5800,13.0500,3591400
20131021,12.6000,12.7200,12.3800,12.5700,2553400
20131022,12.7500,12.9800,12.5600,12.6800,2608700
20131023,12.4500,12.8100,12.4400,12.6700,1375300
20131024,12.7300,12.8000,12.3600,12.3700,1336900
20131025,12.4900,12.7800,12.4500,12.6100,1143600
20131028,12.4700,12.6200,12.4100,12.4200,599000
20131029,12.0500,12.6600,11.7100,12.4800,1933500
20131030,13.2600,13.2600,12.0500,12.1000,8549400
20131031,13.0700,13.4900,13.0200,13.2500,3275500
20131101,13.5900,14.0700,12.7200,12.8000,9063600
20131104,13.8100,13.9000,13.3200,13.6000,5250400
20131105,13.8100,13.8400,13.3800,13.6900,4453000
20131106,13.4400,13.9600,13.2600,13.6800,3035900
20131107,13.2000,13.5400,13.0700,13.5400,2602200
20131108,12.7200,13.2500,12.5600,13.1600,2341800
20131111,12.4700,12.8000,12.4500,12.7100,2065100
20131112,12.6400,12.7000,12.5000,12.5500,1536500
20131113,11.3800,12.0300,11.3800,12.0300,7526600
20131114,11.1600,11.2000,10.9000,11.1700,3605000
20131115,11.3900,11.4800,11.1200,11.1800,3640200
20131118,11.5100,11.6500,11.3400,11.6500,3468500
20131119,11.4800,11.5100,11.3000,11.5100,2732900
20131120,11.7000,11.7700,11.4700,11.4700,3593800
20131121,12.0900,12.1000,11.6500,11.6600,4048000
20131122,12.2000,12.4500,11.9800,12.0800,4641100
20131125,11.8100,12.0800,11.8000,12.0800,2707200
20131126,11.7600,11.9100,11.6200,11.7800,2271500
20131127,11.8900,11.9200,11.7000,11.7000,1653000
20131128,11.9200,12.1400,11.8900,11.9000,2601600
20131129,11.9400,12.0900,11.8800,11.9400,2074300
20131202,11.4700,11.7500,11.3100,11.7500,2582000
20131203,11.7600,11.7800,11.3000,11.3000,1558200
20131204,12.1400,12.2800,11.8400,11.8400,3650700
20131205,12.1200,12.2000,11.9600,12.1500,2354800
20131206,11.9800,12.1700,11.9000,12.1300,1675100
20131209,12.1300,12.1500,11.9200,11.9200,1698200
20131210,12.3300,12.5000,12.1600,12.1600,4134100
20131211,12.0800,12.3300,12.0000,12.3300,2409200
20131212,12.1000,12.1100,11.9000,12.0600,1737800
20131213,12.0600,12.1800,11.8200,12.0100,1525500
20131216,11.8400,12.1500,11.8000,12.0700,1418600
20131217,11.6300,11.9300,11.6000,11.8500,1072500
20131218,11.6900,11.7700,11.5400,11.7700,823200
20131219,11.5200,11.7700,11.5100,11.7700,1019700
20131220,11.3600,11.6100,11.3000,11.5200,1150600
20131223,11.3200,11.4500,11.2600,11.4000,702100
20131224,11.5000,11.5600,11.3200,11.3200,1045400
20131225,11.5700,11.5800,11.4400,11.4900,876000
20131226,11.4500,11.6400,11.4100,11.5700,1109600
20131227,11.5800,11.6200,11.4000,11.4800,1401000
20131230,11.5900,11.6900,11.5400,11.6100,1112800
20131231,11.5300,11.5900,11.3600,11.5800,821000
20140101,11.5300,11.5300,11.5300,11.5300,0
20140102,11.6200,11.6300,11.4500,11.5300,890800
20140103,11.3900,11.6400,11.3800,11.6300,1177000
20140106,11.0600,11.3500,11.0400,11.3500,921500
20140107,11.0000,11.2000,10.9000,11.0800,906900
20140108,10.3700,10.8300,10.3400,10.8300,4479600
20140109,10.2600,10.3600,10.2000,10.3000,1866100
20140110,10.1300,10.2800,10.1100,10.2100,989700
20140113,10.1700,10.2500,10.0800,10.1300,653900
20140114,10.3300,10.3300,10.0000,10.1300,1020000
20140115,10.3500,10.4600,10.2300,10.3200,944900
20140116,10.4300,10.4600,10.3000,10.3000,658900
20140117,10.1800,10.4300,10.1600,10.4300,686800
20140120,10.0000,10.2300,9.9600,10.1700,855900
20140121,10.1500,10.1700,9.9300,9.9300,603800
20140122,10.4000,10.4600,10.1600,10.1700,1121200
20140123,10.3500,10.4500,10.2800,10.3700,857300
20140124,10.4500,10.6100,10.3400,10.3800,2203800
20140127,10.3900,10.4700,10.3200,10.4300,857900
20140128,10.3700,10.4200,10.3100,10.4000,662000
20140129,10.4300,10.5900,10.3500,10.4500,860800
20140130,10.3200,10.4600,10.2500,10.3700,639600
20140131,10.3200,10.3200,10.3200,10.3200,0
20140203,10.3200,10.3200,10.3200,10.3200,0
20140205,10.3200,10.3200,10.3200,10.3200,0
20140206,10.3200,10.3200,10.3200,10.3200,0
20140207,10.3600,10.3600,10.1600,10.2200,1108100
20140210,11.0200,11.1800,10.3700,10.3700,3095000
20140211,11.0000,11.0300,10.8200,10.9500,2555200
20140212,11.1500,11.1500,10.8500,11.0300,2146300
20140213,10.9600,11.1900,10.9500,11.1600,1677400
20140214,11.0800,11.0900,10.9000,10.9100,1049400
20140217,11.4900,11.5100,11.0600,11.0700,2761800
20140218,11.4400,11.6500,11.3400,11.5900,2554800
20140219,11.4700,11.5800,11.3000,11.4500,1633500
20140220,11.2600,11.5500,11.2300,11.5400,1644100
20140221,11.1600,11.3700,11.0300,11.3000,1347100
20140224,10.9600,11.2400,10.8600,11.1600,1534600
20140225,10.7100,11.1700,10.6500,10.9800,1386900
