20130226,4.6800,4.7800,4.6500,4.7600,2680800
20130227,4.7000,4.7300,4.6500,4.6700,1716400
20130228,4.7800,4.7800,4.6500,4.7200,3117500
20130301,4.7700,4.7800,4.7100,4.7800,2620800
20130304,4.4600,4.6800,4.4300,4.6800,5928400
20130305,4.5100,4.5200,4.4200,4.4200,3294400
20130306,4.5300,4.5700,4.5000,4.5100,2814600
20130307,4.5500,4.5700,4.4800,4.5200,2920000
20130308,4.5200,4.5600,4.5100,4.5500,1382400
20130311,4.5200,4.5600,4.5100,4.5200,1717300
20130312,4.4200,4.5600,4.3800,4.5200,3017300
20130313,4.4900,4.5600,4.3500,4.4000,2611200
20130314,4.4700,4.5300,4.4500,4.4500,1304000
20130315,4.4200,4.5200,4.4100,4.4700,1567500
20130318,4.4200,4.5100,4.4100,4.4500,1438500
20130319,4.4500,4.4600,4.3700,4.4100,1259100
20130320,4.5200,4.5200,4.4100,4.4500,2202200
20130321,4.5400,4.5600,4.4800,4.5000,2309100
20130322,4.5100,4.5400,4.4800,4.5400,1699900
20130325,4.6400,4.7400,4.4800,4.5100,5256000
20130326,4.5500,4.6000,4.5000,4.5700,3997200
20130327,4.6500,4.7900,4.5300,4.5500,5844900
20130328,4.7600,4.8100,4.5200,4.5600,10382600
20130329,4.7600,4.8400,4.6700,4.7400,9570700
20130401,4.8500,4.8800,4.7000,4.7300,9257800
20130402,4.9300,4.9900,4.7900,4.8300,11963100
20130403,4.7400,4.9300,4.7100,4.9000,7656300
20130404,4.7400,4.7400,4.7400,4.7400,0
20130405,4.7400,4.7400,4.7400,4.7400,0
20130408,4.6100,4.6700,4.5300,4.6700,5295500
20130409,4.6600,4.6700,4.5900,4.6000,3301800
20130410,4.5600,4.6800,4.5400,4.6800,3136000
20130411,4.5700,4.6000,4.5300,4.5500,1861600
20130412,4.5200,4.6000,4.5200,4.5600,1408100
20130415,4.5000,4.5300,4.4600,4.5000,2107700
20130416,4.5300,4.5400,4.4000,4.4600,2010800
20130417,4.6200,4.7400,4.5600,4.5800,4730500
20130418,4.5900,4.6700,4.5500,4.5700,2844100
20130419,4.6400,4.6800,4.5600,4.5600,3152200
20130422,4.5900,4.6500,4.5600,4.6000,2210200
20130423,4.6500,4.6600,4.5500,4.5800,3995900
20130424,4.5800,4.5800,4.4500,4.5800,3718400
20130425,4.4200,4.5500,4.4000,4.5400,2993100
20130426,4.3700,4.4600,4.3500,4.4300,1936000
20130429,4.3700,4.3700,4.3700,4.3700,0
20130430,4.3700,4.3700,4.3700,4.3700,0
20130501,4.3700,4.3700,4.3700,4.3700,0
20130502,4.4300,4.4400,4.3400,4.3600,1447400
20130503,4.4500,4.4900,4.4300,4.4300,1303200
20130506,4.5000,4.5400,4.4400,4.4800,1772400
20130507,4.4900,4.5200,4.4700,4.5200,998200
20130508,4.5100,4.5200,4.4700,4.4900,1322800
20130509,4.4100,4.5000,4.3800,4.5000,1854700
20130510,4.4800,4.4900,4.4100,4.4200,1654300
20130513,4.4600,4.4700,4.4100,4.4700,1412500
20130514,4.3800,4.4500,4.3500,4.4500,1513700
20130515,4.4100,4.4200,4.3400,4.3800,1539400
20130516,4.4800,4.4800,4.3600,4.4100,2127000
20130517,4.5400,4.5800,4.4800,4.4800,3916300
20130520,4.5400,4.5900,4.5000,4.5400,2804000
20130521,4.6000,4.6000,4.5300,4.5300,2566100
20130522,4.5900,4.6200,4.5500,4.6100,2808400
20130523,4.5300,4.6000,4.5200,4.5900,3178500
20130524,4.5700,4.5700,4.5100,4.5300,2799800
20130527,4.5800,4.5900,4.5300,4.5700,2066000
20130528,4.6300,4.6500,4.5300,4.5800,3046400
20130529,4.6400,4.6800,4.6100,4.6200,2997800
20130530,4.6600,4.6700,4.6100,4.6600,2797600
20130531,4.6400,4.7000,4.6100,4.6700,2746300
20130603,4.6400,4.6900,4.6100,4.6600,2883600
20130604,4.5300,4.6500,4.5100,4.6400,2179400
20130605,4.4800,4.5400,4.4600,4.5000,1679700
20130606,4.6500,4.8400,4.4600,4.4900,10073200
20130607,4.5500,4.7000,4.5100,4.6300,5495400
20130610,4.5500,4.5500,4.5500,4.5500,0
20130611,4.5500,4.5500,4.5500,4.5500,0
20130612,4.5500,4.5500,4.5500,4.5500,0
20130613,4.3800,4.5000,4.3300,4.5000,3220300
20130614,4.4300,4.4300,4.3500,4.3800,2301600
20130617,4.3900,4.4500,4.3600,4.4300,1457100
20130618,4.3600,4.4100,4.3400,4.3900,1906200
20130619,4.2800,4.3600,4.2000,4.3600,1992200
20130620,4.1900,4.3200,4.1700,4.2800,1414100
20130621,4.2000,4.2400,4.1300,4.1700,1287700
20130624,4.0000,4.2000,3.9300,4.2000,1743500
20130625,3.8600,4.0300,3.6100,3.9600,2858100
20130626,3.8900,3.9600,3.7000,3.8500,1468800
20130627,4.0500,4.2800,4.0200,4.1000,10081700
20130628,4.0000,4.1600,3.8300,3.9600,5521300
20130701,3.9600,3.9800,3.8400,3.9800,3640100
20130702,3.9300,3.9600,3.8700,3.9600,2328400
20130703,3.8400,3.9200,3.7800,3.9100,2078100
20130704,3.8700,3.9100,3.8100,3.8500,2168200
20130705,3.8900,3.9400,3.8600,3.8800,2259100
20130708,3.8000,3.9400,3.7900,3.9200,2972100
20130709,3.7900,3.8300,3.7000,3.7600,1205200
20130710,3.9000,3.9100,3.7800,3.7900,1775800
20130711,4.0000,4.0400,3.8800,3.9300,3696700
20130712,4.0100,4.1200,3.9600,4.0000,3322400
20130715,4.0200,4.0400,3.9400,3.9900,2581500
20130716,4.0100,4.0300,3.9400,3.9900,2019500
20130717,4.0400,4.0900,3.9700,4.0100,3655300
20130718,3.9100,4.0300,3.9000,4.0000,2880000
20130719,3.8400,3.9700,3.8300,3.9200,2126600
20130722,3.8900,3.9000,3.8100,3.8100,1076400
20130723,3.9900,4.0100,3.8900,3.8900,2585600
20130724,3.9600,4.0000,3.9200,3.9600,1662600
20130725,3.9200,4.0000,3.9000,3.9600,1126700
20130726,3.9000,3.9400,3.8500,3.9000,1106700
20130729,3.8200,3.8900,3.7900,3.8600,1653800
20130730,3.8500,3.8800,3.8000,3.8100,1106700
20130731,3.8500,3.9500,3.8500,3.8600,1148700
20130801,3.9300,3.9400,3.8500,3.8500,1666000
20130802,4.0800,4.0900,3.9400,3.9700,5276000
20130805,4.0900,4.1100,4.0100,4.1100,3862900
20130806,4.1100,4.1200,4.0600,4.0800,2706000
20130807,4.1000,4.1400,4.0400,4.0900,3280000
20130808,4.0400,4.1000,4.0400,4.1000,1083200
20130809,4.0600,4.0800,4.0200,4.0400,1303600
20130812,4.1200,4.1400,4.0400,4.0600,2444600
20130813,4.1400,4.1400,4.1100,4.1400,1480500
20130814,4.0900,4.1700,4.0800,4.1400,2090800
20130815,4.1600,4.1900,4.0700,4.0900,4601900
20130816,4.1600,4.2100,4.1000,4.1400,5342700
20130819,4.1900,4.2300,4.1300,4.1700,3584200
20130820,4.2000,4.2300,4.1600,4.1800,3266500
20130821,4.1700,4.2200,4.1300,4.2200,1629600
20130822,4.2200,4.2200,4.1600,4.1700,3361200
20130823,4.1700,4.2300,4.1000,4.2200,5230500
20130826,4.2100,4.2200,4.1500,4.1800,1875800
20130827,4.2200,4.2400,4.1800,4.2100,2595100
20130828,4.2600,4.4000,4.2600,4.3400,18026200
20130829,4.1600,4.2300,4.1100,4.2100,7515200
20130830,4.2400,4.2700,4.1300,4.1800,6237400
20130902,4.1800,4.2400,4.1000,4.2000,3890300
20130903,4.4100,4.4600,4.1500,4.1700,12042500
20130904,4.3600,4.7200,4.3200,4.6000,12305800
20130905,4.2700,4.3200,4.2300,4.2900,6771400
20130906,4.2900,4.3200,4.2400,4.2700,3404500
20130909,4.3500,4.3900,4.2800,4.2800,5408900
20130910,4.4600,4.5400,4.3800,4.4000,8012900
20130911,4.4300,4.5100,4.3200,4.4400,7449800
20130912,4.5000,4.5300,4.3500,4.4100,5878100
20130913,4.4700,4.5700,4.4200,4.4800,3917000
20130916,4.3800,4.4800,4.3700,4.4400,4528600
20130917,4.3500,4.5600,4.3200,4.4000,5779400
20130918,4.3200,4.3800,4.2200,4.3300,3629700
20130920,4.3200,4.3200,4.3200,4.3200,0
20130923,4.3700,4.4000,4.2800,4.3200,3173200
20130924,4.3200,4.3600,4.3000,4.3500,2495300
20130925,4.4400,4.6400,4.2800,4.3200,8194800
20130926,4.2600,4.4300,4.2400,4.4000,4194400
20130927,4.2000,4.2800,4.1700,4.2600,3137600
20130930,4.2200,4.2600,4.1700,4.1700,1682500
20131001,4.2200,4.2200,4.2200,4.2200,0
20131002,4.2200,4.2200,4.2200,4.2200,0
20131003,4.2200,4.2200,4.2200,4.2200,0
20131004,4.2200,4.2200,4.2200,4.2200,0
20131007,4.2200,4.2200,4.2200,4.2200,0
20131008,4.3400,4.3600,4.1900,4.2300,2510500
20131009,4.4100,4.5000,4.3600,4.3600,4430500
20131010,4.3400,4.4600,4.3200,4.3800,4121800
20131011,4.4500,4.4900,4.3500,4.3900,4348400
20131014,4.5100,4.6000,4.4300,4.4300,7096000
20131015,4.5600,4.6200,4.4500,4.5200,6868400
20131016,4.3700,4.5300,4.3200,4.5000,5925900
20131017,4.3600,4.4200,4.3200,4.4000,2860300
20131018,4.3500,4.3800,4.3000,4.3400,2097300
20131021,4.4200,4.4600,4.3200,4.3500,3014800
20131022,4.4300,4.4600,4.3400,4.4100,3926500
20131023,4.3000,4.4600,4.2900,4.4400,3537400
20131024,4.2700,4.3300,4.2600,4.3100,1652500
20131025,4.2100,4.2900,4.1700,4.2700,2210200
20131028,4.2700,4.2800,4.2000,4.2100,1180900
20131029,4.0700,4.2500,4.0100,4.2500,4901600
20131030,4.1300,4.1400,4.0400,4.0500,1641000
20131031,4.1400,4.1900,4.1200,4.1200,1723700
20131101,4.1900,4.2100,4.1200,4.1400,1809700
20131104,4.1300,4.2300,4.1300,4.1900,2041900
20131105,4.1700,4.1700,4.0800,4.1500,2333200
20131106,4.1300,4.1600,4.0000,4.1500,3149000
20131107,4.0700,4.1200,4.0500,4.0900,1604500
20131108,4.0300,4.0800,4.0000,4.0700,1741400
20131111,4.0400,4.0400,3.9600,4.0200,1057400
20131112,4.1100,4.1800,4.0300,4.0400,1699000
20131113,4.0000,4.0900,4.0000,4.0900,1638600
20131114,4.0400,4.0900,3.9600,4.0200,1994200
20131115,4.0900,4.1200,4.0200,4.0300,2296400
20131118,4.1500,4.1800,4.0900,4.0900,2346600
20131119,4.1800,4.1800,4.1300,4.1500,2325400
20131120,4.1800,4.2000,4.1400,4.1500,2224300
20131121,4.1500,4.2000,4.1300,4.1800,2237400
20131122,4.1400,4.1800,4.1300,4.1600,1684400
20131125,4.1700,4.2300,4.1400,4.1400,3083800
20131126,4.2300,4.2500,4.1500,4.1500,4236600
20131127,4.4500,4.4700,4.1800,4.2300,12573500
20131128,4.3600,4.4400,4.3300,4.4300,10887600
20131129,4.3000,4.3500,4.2700,4.3300,4726400
20131202,4.0900,4.2300,4.0700,4.2200,5400300
20131203,4.1600,4.1600,4.0800,4.0900,2993300
20131204,4.2600,4.3400,4.1300,4.1500,5457800
20131205,4.3100,4.3400,4.2000,4.2400,3554500
20131206,4.2800,4.3400,4.2700,4.2800,2083300
20131209,4.2600,4.2900,4.2500,4.2800,1728600
20131210,4.2400,4.2900,4.2300,4.2600,1903400
20131211,4.2000,4.2500,4.1900,4.2500,2051100
20131212,4.2100,4.2400,4.1900,4.2200,1333200
20131213,4.2300,4.2500,4.1800,4.2000,1331100
20131216,4.1500,4.2500,4.1400,4.2400,1890600
20131217,4.1500,4.1800,4.1200,4.1300,1420200
20131218,4.1800,4.2200,4.1300,4.1500,1748200
20131219,4.0800,4.1800,4.0600,4.1800,2468300
20131220,4.0400,4.1000,4.0000,4.0900,1635600
20131223,4.0000,4.0500,3.9700,4.0500,1008300
20131224,3.9900,4.0500,3.9800,4.0000,1036400
20131225,4.0300,4.0400,3.9900,3.9900,764400
20131226,3.9300,4.0500,3.9300,4.0300,1417900
20131227,3.9700,4.0000,3.9300,3.9300,1060800
20131230,4.0300,4.0400,3.9800,3.9800,1399200
20131231,4.0100,4.0400,3.9900,4.0000,1096600
20140101,4.0100,4.0100,4.0100,4.0100,0
20140102,4.0900,4.0900,4.0300,4.0600,2101400
20140103,4.0300,4.0800,4.0200,4.0800,911700
20140106,3.9100,4.0200,3.9000,4.0100,1504000
20140107,3.9300,3.9400,3.8900,3.9100,932800
20140108,3.9100,3.9500,3.8900,3.9300,705200
20140109,3.8600,3.9500,3.8000,3.9000,1098700
20140110,3.8100,3.8800,3.7500,3.8800,2308400
20140113,3.7900,3.8400,3.7900,3.8000,1233900
20140114,3.9700,3.9800,3.7900,3.8100,3623400
20140115,3.9200,3.9800,3.9100,3.9600,1087900
20140116,3.9500,3.9800,3.9100,3.9400,1081500
20140117,3.9500,3.9600,3.9000,3.9100,1006800
20140120,3.9400,3.9600,3.9000,3.9400,602800
20140121,3.9400,3.9900,3.9200,3.9400,538500
20140122,3.9900,4.0100,3.9100,3.9400,1813500
20140123,3.9800,4.0300,3.9600,3.9900,1493800
20140124,4.0400,4.0700,3.9600,3.9900,2278300
20140127,4.0300,4.0400,3.9700,4.0300,1267400
20140128,3.9700,4.0200,3.9500,4.0100,2176900
20140129,3.9600,4.0000,3.9500,3.9600,758000
20140130,3.9300,3.9800,3.9300,3.9600,821100
20140131,3.9300,3.9300,3.9300,3.9300,0
20140203,3.9300,3.9300,3.9300,3.9300,0
20140205,3.9300,3.9300,3.9300,3.9300,0
20140206,3.9300,3.9300,3.9300,3.9300,0
20140207,3.9400,3.9400,3.8900,3.9200,814500
20140210,4.0100,4.0300,3.9400,3.9400,2077000
20140211,4.0600,4.0700,3.9900,4.0100,2412800
20140212,4.1500,4.1500,4.0600,4.0800,3327300
20140213,4.1200,4.1600,4.0600,4.1600,2690000
20140214,4.2200,4.3400,4.1800,4.1800,8071300
20140217,4.1900,4.2300,4.1600,4.1800,2469300
20140218,4.1300,4.2000,4.1200,4.2000,3219400
20140219,4.1500,4.1700,4.1100,4.1400,2400000
20140220,4.1100,4.1600,4.1000,4.1600,2320000
20140221,4.0500,4.1100,4.0200,4.1100,3561700
20140224,3.9300,4.0200,3.8000,4.0100,3044800
20140225,3.8300,3.9300,3.8200,3.9300,2917100
