20130226,2.0400,2.1450,2.0350,2.1400,27196400
20130227,2.0300,2.0600,2.0100,2.0350,19262000
20130228,2.0700,2.0750,2.0300,2.0350,22507500
20130301,2.0750,2.0850,2.0500,2.0750,17770600
20130304,2.0050,2.0700,1.9900,2.0600,29068200
20130305,2.0400,2.0500,1.9900,2.0100,19163600
20130306,2.0700,2.0750,2.0250,2.0500,23599600
20130307,2.0650,2.0850,2.0500,2.0650,28635300
20130308,2.0500,2.0750,2.0350,2.0750,16672000
20130311,2.0200,2.0450,2.0100,2.0150,16558600
20130312,2.0000,2.0400,1.9750,2.0200,20895200
20130313,1.9800,2.0000,1.9650,2.0000,11949300
20130314,2.0550,2.0550,1.9700,1.9750,33839400
20130315,2.2600,2.2600,2.2500,2.2600,198692304
20130318,2.2650,2.3000,2.2250,2.2700,183276304
20130319,2.2250,2.2700,2.2000,2.2500,80516304
20130320,2.2500,2.2750,2.2100,2.2400,90876400
20130321,2.3250,2.3300,2.2250,2.2500,122161504
20130322,2.2900,2.3300,2.2900,2.3100,78200600
20130325,2.3200,2.3600,2.2900,2.2950,61764100
20130326,2.2800,2.3400,2.2750,2.3300,48311000
20130327,2.3150,2.3650,2.2800,2.2900,62721200
20130328,2.2400,2.2950,2.2400,2.2900,55794100
20130329,2.2550,2.2700,2.2450,2.2500,24039700
20130401,2.2450,2.2800,2.2400,2.2550,28776200
20130402,2.2850,2.3150,2.2500,2.2500,43267200
20130403,2.2500,2.2950,2.2450,2.2850,28734600
20130404,2.2500,2.2500,2.2500,2.2500,0
20130405,2.2500,2.2500,2.2500,2.2500,0
20130408,2.2200,2.2500,2.1300,2.1700,44125100
20130409,2.2450,2.2600,2.2100,2.2200,28420400
20130410,2.2450,2.2500,2.2250,2.2500,17441500
20130411,2.2850,2.3900,2.2650,2.2650,61127100
20130412,2.2550,2.2900,2.2450,2.2600,26518700
20130415,2.2500,2.2700,2.2400,2.2500,17559500
20130416,2.2900,2.2950,2.2350,2.2450,32385500
20130417,2.2850,2.2950,2.2700,2.2900,22836200
20130418,2.3200,2.3250,2.2700,2.2850,33016400
20130419,2.3500,2.3750,2.3150,2.3200,52115200
20130422,2.4150,2.4350,2.3350,2.3400,68391296
20130423,2.3700,2.4400,2.3500,2.4200,48494900
20130424,2.5200,2.5250,2.3800,2.3800,103630304
20130425,2.4800,2.5100,2.4450,2.5000,73402704
20130426,2.3550,2.4950,2.3250,2.4950,86139800
20130429,2.3550,2.3550,2.3550,2.3550,0
20130430,2.3550,2.3550,2.3550,2.3550,0
20130501,2.3550,2.3550,2.3550,2.3550,0
20130502,2.3700,2.3900,2.3300,2.3400,28325300
20130503,2.4250,2.4600,2.3700,2.3750,44336500
20130506,2.4300,2.4400,2.3950,2.4350,42197200
20130507,2.3900,2.4300,2.3650,2.4250,38311400
20130508,2.3950,2.4100,2.3650,2.3950,30053900
20130509,2.4150,2.4200,2.3750,2.3900,32163500
20130510,2.3800,2.4250,2.3600,2.4050,31058700
20130513,2.3700,2.3950,2.3400,2.3900,26580500
20130514,2.3500,2.3700,2.3400,2.3700,20797900
20130515,2.3550,2.3650,2.3400,2.3500,14070000
20130516,2.4100,2.4150,2.3400,2.3550,27663200
20130517,2.4200,2.4200,2.3850,2.4150,32631100
20130520,2.4250,2.4350,2.3900,2.4150,42659400
20130521,2.4200,2.4300,2.4050,2.4200,33485500
20130522,2.4500,2.4750,2.4050,2.4300,54634100
20130523,2.4250,2.4650,2.4150,2.4550,44739600
20130524,2.4900,2.5000,2.4200,2.4200,61218500
20130527,2.5100,2.5100,2.4700,2.4900,34678500
20130528,2.5500,2.5850,2.4750,2.5100,65727500
20130529,2.5500,2.6050,2.5400,2.5500,59774900
20130530,2.5650,2.5800,2.5350,2.5450,32226800
20130531,2.5250,2.5800,2.5150,2.5800,40069800
20130603,2.5850,2.6250,2.5400,2.5400,78741696
20130604,2.5800,2.6050,2.5400,2.5800,47882100
20130605,2.5300,2.6000,2.5150,2.5800,44708300
20130606,2.4600,2.5350,2.4350,2.5300,53438700
20130607,2.4100,2.4600,2.3900,2.4100,24421900
20130610,2.4100,2.4100,2.4100,2.4100,0
20130611,2.4100,2.4100,2.4100,2.4100,0
20130612,2.4100,2.4100,2.4100,2.4100,0
20130613,2.1700,2.3600,2.1700,2.3600,83496704
20130614,2.1700,2.2000,2.1500,2.1900,27426700
20130617,2.1200,2.1800,2.0600,2.1700,34467500
20130618,2.1000,2.1200,2.0500,2.1200,21320200
20130619,2.1200,2.1300,2.0600,2.0900,17226700
20130620,2.0800,2.1400,2.0600,2.1100,22824400
20130621,2.0600,2.0800,2.0300,2.0500,22202200
20130624,1.9100,2.0500,1.8600,2.0500,33731400
20130625,2.0600,2.1000,1.8800,1.9100,79902704
20130626,2.0600,2.1000,2.0100,2.0800,37270200
20130627,2.0300,2.0800,2.0100,2.0500,25626000
20130628,2.0200,2.0500,2.0000,2.0100,24154800
20130701,2.0400,2.0500,2.0000,2.0200,13837800
20130702,2.0100,2.0400,2.0000,2.0400,15093700
20130703,1.9800,2.0200,1.9300,2.0100,24391100
20130704,2.0400,2.1200,1.9300,1.9800,38132400
20130705,2.0300,2.0600,2.0100,2.0300,18117000
20130708,1.9700,2.0100,1.9500,2.0000,14253200
20130709,1.9800,1.9900,1.9700,1.9700,8242200
20130710,2.0200,2.0200,1.9700,1.9800,13932600
20130711,2.0800,2.1000,2.0100,2.0200,40690900
20130712,2.0300,2.0800,2.0200,2.0800,22964900
20130715,2.0300,2.0500,1.9900,2.0300,25407800
20130716,2.0300,2.0300,1.9900,2.0100,19427500
20130717,2.0000,2.0300,1.9800,2.0300,27417100
20130718,1.9800,2.0000,1.9700,2.0000,15779000
20130719,1.9500,2.0000,1.9500,1.9800,19776700
20130722,1.9600,1.9700,1.9300,1.9500,13239200
20130723,2.0000,2.0100,1.9600,1.9600,21520100
20130724,1.9700,2.0000,1.9500,2.0000,18599000
20130725,1.9700,1.9900,1.9600,1.9800,13601800
20130726,1.9700,1.9800,1.9500,1.9700,12385600
20130729,1.9500,1.9600,1.9300,1.9600,12233700
20130730,1.9600,1.9700,1.9300,1.9500,13223200
20130731,1.9400,1.9700,1.9400,1.9600,11555900
20130801,1.9800,1.9800,1.9400,1.9500,13537500
20130802,1.9800,2.0000,1.9700,1.9800,11705300
20130805,1.9800,1.9900,1.9500,1.9800,16384600
20130806,2.0000,2.0000,1.9600,1.9800,22912500
20130807,1.9800,2.0100,1.9700,2.0000,17116500
20130808,1.9900,2.0000,1.9700,1.9800,11624800
20130809,1.9900,2.0000,1.9700,1.9800,11267800
20130812,2.0400,2.0400,1.9800,1.9900,33054700
20130813,2.0300,2.0600,2.0000,2.0300,174342096
20130814,1.9900,2.0300,1.9700,2.0100,67924304
20130815,1.9800,1.9900,1.9700,1.9900,35832700
20130816,1.9700,2.1800,1.9200,1.9800,104726896
20130819,1.9600,1.9600,1.9300,1.9600,59520200
20130820,1.9400,1.9600,1.9200,1.9500,45537200
20130821,1.9200,1.9400,1.9000,1.9400,50781600
20130822,1.8900,1.9200,1.8800,1.9100,51471600
20130823,1.8900,1.9100,1.8700,1.8900,51004100
20130826,1.9200,1.9200,1.8800,1.8900,71879104
20130827,1.9700,2.0100,1.9000,1.9100,109229904
20130828,1.9900,2.0200,1.9200,1.9400,120820600
20130829,1.9600,1.9900,1.9500,1.9700,78808496
20130830,2.0100,2.0300,1.9600,1.9800,163109504
20130902,1.9800,2.0200,1.9500,2.0100,76284704
20130903,2.0300,2.0700,1.9800,1.9800,163039200
20130904,2.0100,2.0300,1.9900,2.0200,85473696
20130905,1.9800,2.0100,1.9700,2.0100,55480000
20130906,2.0100,2.0200,1.9700,1.9800,61408000
20130909,2.0600,2.0600,2.0000,2.0100,157487696
20130910,2.2000,2.2700,2.0400,2.0400,351172608
20130911,2.2100,2.2500,2.1500,2.1900,253623504
20130912,2.2000,2.2200,2.1700,2.2100,107888304
20130913,2.2400,2.3100,2.2100,2.2200,213806400
20130916,2.1600,2.2000,2.1200,2.2000,145076992
20130917,2.0600,2.1500,2.0500,2.1300,99909104
20130918,2.0900,2.0900,2.0300,2.0300,56249700
20130920,2.0900,2.0900,2.0900,2.0900,0
20130923,2.1000,2.1100,2.0600,2.0900,66204900
20130924,2.0600,2.0900,2.0400,2.0900,66744100
20130925,2.0700,2.0900,2.0300,2.0600,66787500
20130926,2.0000,2.0600,1.9900,2.0500,80814200
20130927,2.0100,2.0200,1.9900,2.0000,34781000
20130930,2.0400,2.0400,2.0100,2.0200,31350800
20131001,2.0400,2.0400,2.0400,2.0400,0
20131002,2.0400,2.0400,2.0400,2.0400,0
20131003,2.0400,2.0400,2.0400,2.0400,0
20131004,2.0400,2.0400,2.0400,2.0400,0
20131007,2.0400,2.0400,2.0400,2.0400,0
20131008,2.0400,2.0400,2.0100,2.0400,54133500
20131009,2.0400,2.0400,2.0100,2.0200,46687700
20131010,2.0300,2.0500,2.0100,2.0400,47563700
20131011,2.0600,2.0800,2.0200,2.0300,83715504
20131014,2.0500,2.0600,2.0300,2.0600,58119700
20131015,2.0300,2.0500,2.0200,2.0400,46811000
20131016,2.0000,2.0300,1.9900,2.0300,58546000
20131017,2.0100,2.0200,1.9900,2.0000,43005100
20131018,2.0100,2.0100,1.9900,2.0000,31760500
20131021,2.0300,2.0500,2.0100,2.0100,52275300
20131022,2.0600,2.0600,2.0100,2.0300,89779200
20131023,2.0800,2.1400,2.0500,2.0600,152769408
20131024,2.0700,2.0900,2.0500,2.0800,42444500
20131025,2.0200,2.0800,2.0100,2.0700,53495000
20131028,2.0200,2.0300,2.0100,2.0100,24760000
20131029,2.0000,2.0400,1.9700,2.0200,52038300
20131030,2.0500,2.0500,2.0000,2.0000,48441000
20131031,2.0400,2.0700,2.0300,2.0700,38172100
20131101,2.0300,2.0500,2.0200,2.0500,31911400
20131104,2.0200,2.0400,2.0200,2.0400,26613200
20131105,2.0400,2.0400,2.0000,2.0200,24682100
20131106,2.0200,2.0400,2.0200,2.0300,19878900
20131107,2.0100,2.0300,2.0100,2.0200,22515600
20131108,1.9900,2.0200,1.9900,2.0100,32936800
20131111,2.0000,2.0200,1.9900,1.9900,16986200
20131112,2.0200,2.0200,2.0000,2.0100,15229900
20131113,1.9900,2.0100,1.9900,2.0100,21920400
20131114,1.9900,2.0000,1.9800,1.9900,20656700
20131115,2.0200,2.0300,1.9900,2.0000,39023300
20131118,2.0400,2.0400,2.0100,2.0300,87419200
20131119,2.0300,2.0400,2.0100,2.0400,42319100
20131120,2.0700,2.0900,2.0100,2.0200,168548896
20131121,2.0900,2.1000,2.0400,2.0500,147429296
20131122,2.0600,2.0900,2.0400,2.0900,81215200
20131125,2.0500,2.0700,2.0400,2.0500,43475900
20131126,2.0400,2.0500,2.0200,2.0500,44773300
20131127,2.0400,2.0600,2.0300,2.0400,36945800
20131128,2.0600,2.0700,2.0400,2.0400,73939504
20131129,2.0600,2.0700,2.0500,2.0700,44613000
20131202,2.0300,2.0500,2.0100,2.0400,72756704
20131203,2.0400,2.0500,2.0100,2.0200,35048900
20131204,2.0700,2.1000,2.0300,2.0400,128210496
20131205,2.0700,2.0900,2.0500,2.0800,90991696
20131206,2.0700,2.0700,2.0400,2.0600,48607900
20131209,2.0600,2.0800,2.0500,2.0700,32380400
20131210,2.0500,2.0700,2.0400,2.0600,37348600
20131211,2.0400,2.0500,2.0300,2.0500,36560600
20131212,2.0400,2.0500,2.0200,2.0400,45246300
20131213,2.0400,2.0400,2.0100,2.0300,58314400
20131216,2.0300,2.0400,2.0100,2.0400,61618600
20131217,2.0200,2.0300,2.0100,2.0200,30700300
20131218,2.0200,2.0300,2.0100,2.0200,35721800
20131219,2.0100,2.0300,2.0000,2.0200,30624600
20131220,1.9900,2.0100,1.9800,2.0100,49273100
20131223,2.0000,2.0100,1.9700,1.9900,36691500
20131224,2.0000,2.0200,1.9900,2.0000,28133600
20131225,2.0000,2.0100,1.9900,2.0000,19421200
20131226,1.9900,2.0100,1.9800,2.0100,25827800
20131227,2.0000,2.0100,1.9800,1.9900,35248500
20131230,1.9900,2.0100,1.9800,2.0000,23876500
20131231,2.0000,2.0000,1.9800,1.9900,19728200
20140101,2.0000,2.0000,2.0000,2.0000,0
20140102,1.9900,2.0000,1.9800,1.9900,21026700
20140103,1.9800,1.9900,1.9700,1.9900,30334700
20140106,1.9300,1.9800,1.9200,1.9800,46768200
20140107,1.9100,1.9300,1.8900,1.9200,42115200
20140108,1.9100,1.9200,1.9000,1.9100,24909500
20140109,1.8900,1.9200,1.8900,1.9000,25371600
20140110,1.9000,1.9000,1.8800,1.8900,24586800
20140113,1.9000,1.9000,1.8800,1.9000,20004700
20140114,1.9000,1.9000,1.8800,1.8900,20410900
20140115,1.8900,1.9000,1.8800,1.8900,31653800
20140116,1.8700,1.8900,1.8700,1.8800,53671700
20140117,1.8500,1.8700,1.8400,1.8700,33318700
20140120,1.8400,1.8500,1.8300,1.8500,19165100
20140121,1.8700,1.8700,1.8400,1.8400,20839300
20140122,1.8900,1.8900,1.8600,1.8600,65914800
20140123,1.8700,1.8900,1.8600,1.8800,30077600
20140124,1.8800,1.8900,1.8600,1.8600,43137600
20140127,1.8600,1.8800,1.8400,1.8700,38315500
20140128,1.8700,1.8700,1.8500,1.8600,30746900
20140129,1.8600,1.8700,1.8600,1.8700,24508400
20140130,1.8500,1.8700,1.8400,1.8700,22290600
20140131,1.8500,1.8500,1.8500,1.8500,0
20140203,1.8500,1.8500,1.8500,1.8500,0
20140205,1.8500,1.8500,1.8500,1.8500,0
20140206,1.8500,1.8500,1.8500,1.8500,0
20140207,1.8500,1.8600,1.8300,1.8400,24730300
20140210,1.8900,1.8900,1.8500,1.8500,51421700
20140211,1.9000,1.9100,1.8600,1.8800,93122304
20140212,1.9000,1.9000,1.8800,1.8900,58538500
20140213,1.8700,1.9000,1.8600,1.9000,83002304
20140214,1.9000,1.9000,1.8600,1.8700,101489400
20140217,1.9000,1.9100,1.8800,1.9000,67801200
20140218,1.8800,1.9000,1.8700,1.9000,58367300
20140219,1.9700,2.0100,1.8700,1.8800,210249904
20140220,1.9400,1.9700,1.9200,1.9600,97173296
20140221,1.9200,1.9400,1.9000,1.9300,45018300
20140224,1.8900,1.9100,1.8700,1.9100,42820300
20140225,1.8600,1.9000,1.8400,1.8900,57557700
