20130226,6.6800,6.9800,6.6800,6.9000,3727100
20130227,6.6700,6.8100,6.6600,6.6800,1963500
20130228,6.7400,6.7600,6.6600,6.7000,1194900
20130301,6.8000,6.8200,6.6900,6.7200,1323200
20130304,6.6500,6.8500,6.5700,6.7600,2005700
20130305,6.7000,6.7200,6.5800,6.6400,1355400
20130306,6.8000,6.8200,6.6800,6.7000,1883000
20130307,6.8200,6.8700,6.7500,6.7700,1399200
20130308,6.8500,6.8900,6.7900,6.8000,1505700
20130311,6.8100,6.8600,6.7800,6.8300,761800
20130312,6.6300,6.8600,6.5600,6.8200,1301800
20130313,6.4800,6.6500,6.4000,6.5900,1099400
20130314,6.4400,6.5000,6.4200,6.4700,757400
20130315,6.4900,6.5500,6.4000,6.4400,683400
20130318,6.4600,6.5800,6.4000,6.4700,884000
20130319,6.4300,6.5000,6.3900,6.4900,704100
20130320,6.5600,6.5800,6.4100,6.4200,859200
20130321,6.6000,6.6500,6.5200,6.5700,945800
20130322,6.6000,6.6100,6.5400,6.6000,500700
20130325,6.5800,6.6500,6.5300,6.6000,696500
20130326,6.5200,6.6100,6.4300,6.5800,984800
20130327,6.6600,6.6800,6.5000,6.5200,1767800
20130328,6.5700,6.6600,6.4800,6.6600,792000
20130329,6.5600,6.6200,6.5000,6.5000,545700
20130401,6.5500,6.5800,6.5100,6.5300,976300
20130402,6.4000,6.5700,6.3600,6.5400,957100
20130403,6.3000,6.4500,6.2200,6.4100,699500
20130404,6.3000,6.3000,6.3000,6.3000,0
20130405,6.3000,6.3000,6.3000,6.3000,0
20130408,6.1800,6.2700,6.0800,6.2700,715800
20130409,6.5300,6.5900,6.1200,6.1200,1934400
20130410,6.5000,6.5900,6.4700,6.5200,1108600
20130411,6.2200,6.5900,6.1800,6.4900,2373600
20130412,6.1400,6.2700,6.1000,6.2100,1144800
20130415,6.1300,6.1500,6.0800,6.1000,506400
20130416,6.1700,6.1800,6.0700,6.0900,384100
20130417,6.2500,6.3500,6.1500,6.1500,906700
20130418,6.2000,6.2700,6.1900,6.2000,377900
20130419,6.3000,6.3200,6.2000,6.2500,776000
20130422,6.3500,6.3700,6.2800,6.3100,1027900
20130423,6.1900,6.3500,6.1600,6.3500,693300
20130424,6.2300,6.3000,6.1100,6.1100,397000
20130425,6.1500,6.2800,6.1400,6.2000,729300
20130426,6.0700,6.1800,6.0600,6.1300,384400
20130429,6.0700,6.0700,6.0700,6.0700,0
20130430,6.0700,6.0700,6.0700,6.0700,0
20130501,6.0700,6.0700,6.0700,6.0700,0
20130502,6.1400,6.1600,6.0500,6.0700,292200
20130503,6.2000,6.2500,6.1400,6.1600,560300
20130506,6.2600,6.2800,6.2000,6.2000,616300
20130507,6.2700,6.3000,6.2400,6.2600,445000
20130508,6.2700,6.3000,6.2200,6.3000,468000
20130509,6.2400,6.2600,6.1900,6.2600,637800
20130510,6.3000,6.3100,6.1600,6.2000,670600
20130513,6.2800,6.3100,6.2600,6.3000,528900
20130514,6.1800,6.2700,6.1000,6.2500,764700
20130515,6.2400,6.2500,6.1600,6.1800,416600
20130516,6.2900,6.3400,6.2000,6.2600,995400
20130517,6.3600,6.4000,6.2600,6.2900,1385300
20130520,6.4200,6.4200,6.3400,6.3800,1407400
20130521,6.4600,6.4800,6.3600,6.3700,1325000
20130522,6.4100,6.5000,6.4100,6.4500,1227900
20130523,6.6000,6.8800,6.5800,6.6600,10425400
20130524,6.6600,6.7000,6.4200,6.4800,3824400
20130527,6.5900,6.6600,6.5600,6.6600,2514000
20130528,6.7000,6.7000,6.5800,6.6200,2650400
20130529,6.7000,6.7700,6.6600,6.7400,2347000
20130530,6.6500,6.6800,6.5900,6.6800,1144000
20130531,6.5500,6.6500,6.5300,6.6300,1372500
20130603,6.5800,6.6400,6.5600,6.6000,787600
20130604,6.4700,6.5700,6.4300,6.5300,1062000
20130605,6.6900,6.7100,6.4300,6.4500,1881800
20130606,6.5200,6.7400,6.4600,6.6900,2190600
20130607,6.2800,6.5400,6.2500,6.5200,1110500
20130610,6.2800,6.2800,6.2800,6.2800,0
20130611,6.2800,6.2800,6.2800,6.2800,0
20130612,6.2800,6.2800,6.2800,6.2800,0
20130613,6.0000,6.2500,5.9800,6.2500,1469700
20130614,6.0400,6.0900,6.0200,6.0900,819500
20130617,6.0700,6.0800,5.9600,6.0000,675000
20130618,6.0300,6.0900,6.0000,6.0500,833100
20130619,6.0900,6.1000,5.8800,6.0400,1207800
20130620,5.9200,6.0700,5.9100,5.9700,651900
20130621,5.9100,5.9200,5.7800,5.8500,562100
20130624,5.4900,5.9100,5.4700,5.9100,1081800
20130625,5.3400,5.5500,5.0900,5.4500,1426000
20130626,5.3400,5.4100,5.2800,5.3500,770300
20130627,5.2500,5.4100,5.2300,5.3800,896700
20130628,5.3100,5.4200,5.1600,5.1600,1114100
20130701,5.3300,5.3400,5.2100,5.3000,1152500
20130702,5.3900,5.4000,5.2900,5.3300,802100
20130703,5.3000,5.3700,5.2500,5.3400,851500
20130704,5.3400,5.4000,5.2300,5.2800,1133300
20130705,5.3400,5.3900,5.3200,5.3400,811200
20130708,5.1300,5.3100,5.1200,5.3100,1284500
20130709,5.1500,5.1800,5.0900,5.1300,937300
20130710,5.4800,5.5000,5.1000,5.1400,1333000
20130711,5.5400,5.6200,5.3900,5.4000,2685800
20130712,5.4100,5.5000,5.4100,5.5000,1421900
20130715,5.4600,5.4900,5.3700,5.3700,926000
20130716,5.5300,5.5300,5.4100,5.4600,1096200
20130717,5.4300,5.5600,5.4100,5.5500,895300
20130718,5.4000,5.4300,5.3300,5.4300,863800
20130719,5.3900,5.4300,5.2600,5.3900,958800
20130722,5.6800,5.7600,5.4300,5.4700,3764200
20130723,5.6600,5.6800,5.5200,5.5900,2348800
20130724,5.5900,5.6600,5.5200,5.6600,1413400
20130725,5.6000,5.6800,5.5300,5.5900,1810400
20130726,5.6000,5.6500,5.5400,5.5600,808800
20130729,5.6700,5.6900,5.4600,5.5600,1556700
20130730,5.6900,5.7100,5.6000,5.6000,1437900
20130731,5.7800,5.7900,5.6300,5.7000,1507500
20130801,5.8200,5.8300,5.7200,5.7800,1149500
20130802,5.7900,5.8900,5.7500,5.8900,1303600
20130805,5.8100,5.8200,5.7300,5.7800,672400
20130806,5.8000,5.8600,5.7600,5.8300,2044500
20130807,5.6800,5.7900,5.6600,5.7800,1401700
20130808,5.7300,5.7400,5.6600,5.6900,717300
20130809,5.7600,5.8700,5.6700,5.7900,750000
20130812,5.8200,5.8300,5.7200,5.7800,1770700
20130813,5.8400,5.8400,5.7600,5.8300,1488100
20130814,5.9600,6.2000,5.9200,6.2000,7284900
20130815,5.8600,5.9800,5.8500,5.8700,2024000
20130816,5.7100,5.9200,5.7000,5.8500,1897800
20130819,5.7800,5.7800,5.6200,5.6200,1171200
20130820,5.7000,5.8000,5.6800,5.7300,1046200
20130821,5.7800,5.7800,5.7000,5.7000,704900
20130822,5.7700,5.8000,5.7300,5.7700,997000
20130823,5.6800,5.8100,5.6100,5.7600,1119400
20130826,5.8200,5.8400,5.6800,5.6800,1321600
20130827,5.9800,6.0600,5.8200,5.8200,3432600
20130828,6.4200,6.5800,5.9200,5.9200,11208500
20130829,7.0600,7.0600,7.0600,7.0600,6561900
20130830,7.7700,7.7700,7.7700,7.7700,3730900
20130902,7.2000,8.2000,7.1000,8.0000,27316400
20130903,7.0100,7.0100,6.7300,6.8900,12712600
20130904,7.3200,7.5500,6.9000,6.9400,14463800
20130905,7.0100,7.2900,6.9800,7.2900,8428200
20130906,7.1000,7.3000,6.8900,6.8900,8442100
20130909,7.2700,7.6900,6.9000,7.0800,13362900
20130910,7.5000,7.7200,7.1200,7.2300,14479000
20130911,7.1500,7.4900,7.1000,7.3800,9165800
20130912,7.4300,7.6700,7.0400,7.0400,8921600
20130913,7.3000,7.4500,7.1600,7.3100,5846300
20130916,7.2000,7.4600,7.1500,7.2500,5422700
20130917,7.2700,7.6200,7.1600,7.1900,9482300
20130918,7.1600,7.3200,7.1000,7.1800,4343000
20130920,7.1600,7.1600,7.1600,7.1600,0
20130923,7.2400,7.3300,7.1500,7.3000,3599400
20130924,7.9600,7.9600,7.1700,7.3400,13331200
20130925,7.5900,8.0300,7.5800,7.8000,13549500
20130926,7.2200,7.5400,7.2000,7.5400,6414100
20130927,7.3700,7.4400,7.0300,7.2100,4842700
20130930,7.3800,7.4700,7.2100,7.3000,3522200
20131001,7.3800,7.3800,7.3800,7.3800,0
20131002,7.3800,7.3800,7.3800,7.3800,0
20131003,7.3800,7.3800,7.3800,7.3800,0
20131004,7.3800,7.3800,7.3800,7.3800,0
20131007,7.3800,7.3800,7.3800,7.3800,0
20131008,7.6600,7.7600,7.2400,7.4200,10456700
20131009,8.2800,8.3000,7.7000,7.7300,16232900
20131010,7.8700,8.2000,7.8000,8.2000,10356800
20131011,8.3800,8.6600,7.8700,7.8700,14744500
20131014,8.4700,8.9400,8.4000,8.5000,13218700
20131015,8.6600,8.9300,8.0800,8.2500,12900600
20131016,8.2600,8.5700,8.1900,8.5500,6975500
20131017,8.1500,8.5000,8.0800,8.4200,4826000
20131018,8.2500,8.2800,8.0800,8.0800,3085200
20131021,8.4400,8.4700,8.0300,8.3000,5315400
20131022,8.5100,8.6900,8.3200,8.4300,8743200
20131023,8.1800,8.9200,8.1500,8.6300,8199900
20131024,7.9400,8.1800,7.9200,8.1700,5512800
20131025,7.6100,8.0100,7.3700,8.0000,4394100
20131028,7.6300,7.8000,7.4500,7.5100,1743400
20131029,7.2800,7.6700,7.0800,7.6100,3094600
20131030,7.5400,7.5900,7.1200,7.2800,3053300
20131031,7.5400,7.6600,7.4100,7.4700,2754900
20131101,7.4200,7.5000,7.2700,7.5000,1898000
20131104,7.4000,7.4600,7.2400,7.4200,1666200
20131105,7.6200,7.6600,7.2800,7.3300,3209900
20131106,8.0300,8.3800,7.5200,7.6200,11774100
20131107,7.6900,7.9900,7.6400,7.8000,7863400
20131108,7.8600,7.9500,7.5500,7.5800,5159900
20131111,7.8000,8.2400,7.7500,7.8000,5495200
20131112,7.7700,7.9100,7.6600,7.8400,3450400
20131113,7.8000,8.1900,7.7900,7.9500,5983700
20131114,7.8100,7.8200,7.5000,7.6200,3975300
20131115,7.9300,8.0600,7.6800,7.8200,5312300
20131118,8.2700,8.3300,8.0400,8.0400,7466300
20131119,8.1900,8.3400,8.1000,8.2600,4630200
20131120,8.3900,8.5000,7.9200,8.1700,8313600
20131121,8.9000,9.2200,8.2100,8.2800,17323900
20131122,9.1700,9.7600,8.7000,8.8000,20231000
20131125,9.2700,9.6400,8.7600,8.9000,16049800
20131126,8.8800,9.4900,8.7000,9.1500,12037800
20131127,8.8000,8.8500,8.6000,8.6800,6354100
20131128,8.8100,8.8600,8.6600,8.7600,5556600
20131129,8.9000,9.0400,8.5100,8.8000,8582700
20131202,8.0900,8.8300,8.0100,8.7000,8257400
20131203,8.3200,8.3800,7.9800,8.0600,4472400
20131204,8.5000,8.7000,8.2000,8.2800,5403400
20131205,8.6300,8.7700,8.4100,8.4900,5249700
20131206,8.5400,8.7300,8.5300,8.5600,3810400
20131209,8.5400,8.6600,8.4300,8.5500,2861100
20131210,8.7100,8.8100,8.5000,8.5400,5570400
20131211,8.4700,8.7100,8.4300,8.6900,3793700
20131212,8.4500,8.5600,8.3700,8.4000,2194800
20131213,8.5000,8.5500,8.3500,8.3700,2343200
20131216,8.1600,8.5000,8.1400,8.4400,3156100
20131217,8.0300,8.2500,8.0000,8.2200,1981100
20131218,8.1800,8.2800,8.0400,8.0400,1881700
20131219,8.3200,8.3400,8.0300,8.1800,2803100
20131220,8.4400,8.4600,8.1300,8.3400,4327200
20131223,8.0200,8.3700,7.9300,8.3500,3357500
20131224,8.0700,8.1500,7.9900,8.0000,2033900
20131225,7.9400,8.0800,7.7800,8.0800,2624600
20131226,7.6300,7.9500,7.6000,7.9500,2981600
20131227,7.7400,7.7800,7.5500,7.6600,1953400
20131230,7.8100,7.9300,7.7300,7.8100,1972800
20131231,7.8300,7.9000,7.7400,7.7900,1441400
20140101,7.8300,7.8300,7.8300,7.8300,0
20140102,7.8500,7.9100,7.8000,7.8500,1374200
20140103,7.8600,7.9300,7.7600,7.8900,1490700
20140106,7.5000,7.8600,7.4600,7.8500,1681900
20140107,7.5100,7.6300,7.4100,7.4100,1204900
20140108,7.7000,7.7300,7.4000,7.4000,2439900
20140109,7.4400,7.6800,7.4400,7.6800,2147400
20140110,7.4400,7.4400,7.4400,7.4400,0
20140113,7.4400,7.4400,7.4400,7.4400,0
20140114,7.4400,7.4400,7.4400,7.4400,0
20140115,7.4400,7.4400,7.4400,7.4400,0
20140116,7.4400,7.4400,7.4400,7.4400,0
20140117,7.7400,8.0000,7.5900,7.6600,4083000
20140120,7.5400,7.7400,7.5000,7.5800,1537200
20140121,7.6300,7.6900,7.5200,7.5300,1103800
20140122,7.7900,7.8000,7.5500,7.6200,1799800
20140123,7.8000,7.8500,7.7200,7.7800,1660400
20140124,7.8600,7.8800,7.6600,7.7800,1697100
20140127,7.6900,7.8300,7.6800,7.7800,1654300
20140128,7.7500,7.7800,7.6900,7.6900,1194500
20140129,7.6900,7.7900,7.6600,7.7900,1234200
20140130,7.7400,7.7500,7.6000,7.7000,629700
20140131,7.7400,7.7400,7.7400,7.7400,0
20140203,7.7400,7.7400,7.7400,7.7400,0
20140205,7.7400,7.7400,7.7400,7.7400,0
20140206,7.7400,7.7400,7.7400,7.7400,0
20140207,7.7800,7.7800,7.6500,7.7000,1145100
20140210,7.9700,7.9800,7.7700,7.7700,3153200
20140211,8.1200,8.1300,7.8700,7.9600,3530200
20140212,8.4800,8.4900,8.1000,8.1100,6042200
20140213,8.2700,8.5200,8.2600,8.4900,4161200
20140214,8.3500,8.3700,8.2400,8.2500,2341700
20140217,8.3900,8.4500,8.1900,8.3800,3754700
20140218,8.3500,8.3900,8.2100,8.3900,3214900
20140219,8.3400,8.4500,8.2700,8.3500,3699400
20140220,8.3600,8.5800,8.2300,8.3700,5403200
20140221,8.1400,8.4000,8.0700,8.3600,2944800
20140224,8.1600,8.1900,8.0100,8.1900,2334900
20140225,7.7500,8.2000,7.7100,8.1500,3367700
