20130226,6.4800,6.7300,6.4500,6.4900,17091800
20130227,6.6500,6.7200,6.3600,6.4800,35933700
20130228,6.6000,6.7800,6.5300,6.5800,22672000
20130301,6.7500,7.1100,6.4600,6.5500,45939400
20130304,6.7300,6.9200,6.5800,6.6200,31614100
20130305,6.8200,6.9500,6.5800,6.6800,39192000
20130306,6.7700,6.8900,6.6900,6.7300,19623600
20130307,6.7600,7.0500,6.5200,6.7100,49866900
20130308,6.4500,7.0800,6.4000,6.9500,46507100
20130311,6.5000,6.5700,5.8300,6.1800,42912900
20130312,6.4100,6.6000,6.2100,6.3500,28850800
20130313,6.1700,6.4600,6.1500,6.4000,18976200
20130314,6.2000,6.4200,6.0200,6.1200,18543300
20130315,6.3100,6.5300,5.9600,6.1400,42717100
20130318,6.1500,6.3500,6.1200,6.2400,12100600
20130319,6.1200,6.2100,5.9600,6.1000,16417000
20130320,6.1500,6.3000,5.9600,6.0900,24212000
20130321,5.8400,6.1000,5.7100,6.1000,49960100
20130322,5.8600,5.9000,5.6700,5.7900,24811300
20130325,5.8900,5.9600,5.8000,5.8300,20445000
20130326,5.7500,5.9500,5.7300,5.9500,13537700
20130327,5.8200,5.8600,5.7200,5.7600,13063000
20130328,5.6600,5.8100,5.6000,5.8100,12787400
20130329,5.6900,5.9500,5.6400,5.6400,11998400
20130401,5.7200,5.8000,5.6500,5.7800,7832100
20130402,5.5200,5.7900,5.4500,5.7200,20181700
20130403,5.3400,5.5500,5.2500,5.5000,12957100
20130404,5.3400,5.3400,5.3400,5.3400,0
20130405,5.3400,5.3400,5.3400,5.3400,0
20130408,5.2900,5.3100,5.1500,5.2300,9429200
20130409,5.3200,5.4100,5.2700,5.2700,9699500
20130410,5.3900,5.4400,5.2600,5.3200,9617700
20130411,5.2800,5.4300,5.2700,5.3800,7590900
20130412,5.3700,5.3900,5.2100,5.2500,10243600
20130415,5.2400,5.4300,5.2200,5.3300,8081700
20130416,5.2600,5.2700,5.0500,5.1200,8732300
20130417,5.3200,5.3300,5.1600,5.2200,7920300
20130418,5.3500,5.3800,5.2200,5.2700,8070200
20130419,5.4300,5.5200,5.3200,5.3400,15678500
20130422,5.3300,5.4200,5.2600,5.3700,10560900
20130423,5.0200,5.3300,5.0000,5.3200,13126000
20130424,5.1100,5.1300,4.9900,5.0500,8134000
20130425,5.0600,5.1600,5.0300,5.1600,8362600
20130426,5.0000,5.0800,4.9000,5.0500,7571700
20130429,5.0000,5.0000,5.0000,5.0000,0
20130430,5.0000,5.0000,5.0000,5.0000,0
20130501,5.0000,5.0000,5.0000,5.0000,0
20130502,5.0600,5.0900,4.9600,5.0000,4304700
20130503,5.1000,5.1400,5.0600,5.0700,9537600
20130506,5.1600,5.2800,5.0700,5.0900,16508600
20130507,5.2700,5.2700,5.0800,5.1500,13857100
20130508,5.2400,5.3400,5.1900,5.2500,12617400
20130509,5.1100,5.2300,5.0600,5.2100,11247700
20130510,5.3000,5.3200,5.0500,5.1100,16906600
20130513,5.2800,5.3800,5.1800,5.3200,10527500
20130514,5.1100,5.2800,5.1000,5.2800,8991400
20130515,5.1400,5.1800,5.1100,5.1100,6159200
20130516,5.1400,5.1400,5.1400,5.1400,0
20130517,5.1400,5.1400,5.1400,5.1400,0
20130520,5.1400,5.1400,5.1400,5.1400,0
20130521,5.1400,5.1400,5.1400,5.1400,0
20130522,5.1400,5.1400,5.1400,5.1400,0
20130523,5.1400,5.1400,5.1400,5.1400,0
20130524,5.1400,5.1400,5.1400,5.1400,0
20130527,5.1400,5.1400,5.1400,5.1400,0
20130528,5.1400,5.1400,5.1400,5.1400,0
20130529,5.1400,5.1400,5.1400,5.1400,0
20130530,5.1400,5.1400,5.1400,5.1400,0
20130531,5.1400,5.1400,5.1400,5.1400,0
20130603,5.1400,5.1400,5.1400,5.1400,0
20130604,5.1400,5.1400,5.1400,5.1400,0
20130605,5.1400,5.1400,5.1400,5.1400,0
20130606,5.1400,5.1400,5.1400,5.1400,0
20130607,5.1400,5.1400,5.1400,5.1400,0
20130610,5.1400,5.1400,5.1400,5.1400,0
20130611,5.1400,5.1400,5.1400,5.1400,0
20130612,5.1400,5.1400,5.1400,5.1400,0
20130613,5.1400,5.1400,5.1400,5.1400,0
20130614,5.1400,5.1400,5.1400,5.1400,0
20130617,5.1400,5.1400,5.1400,5.1400,0
20130618,5.1400,5.1400,5.1400,5.1400,0
20130619,5.1400,5.1400,5.1400,5.1400,0
20130620,5.1400,5.1400,5.1400,5.1400,0
20130621,5.1400,5.1400,5.1400,5.1400,0
20130624,5.1400,5.1400,5.1400,5.1400,0
20130625,4.8200,4.9100,4.6300,4.7400,23688500
20130626,4.6400,4.7900,4.4400,4.7800,16073900
20130627,4.5500,4.8200,4.4800,4.6100,17068400
20130628,4.2800,4.6100,4.2100,4.4800,12317600
20130701,4.2600,4.2900,4.1000,4.2300,8352900
20130702,4.3100,4.3500,4.2400,4.2600,7200300
20130703,4.2300,4.3300,4.1500,4.3000,6733100
20130704,4.3500,4.4200,4.1800,4.1800,9866800
20130705,4.3700,4.4400,4.3100,4.3100,8125100
20130708,4.1400,4.2900,4.1100,4.2900,10187600
20130709,4.2500,4.2600,4.0700,4.0900,5344000
20130710,4.4400,4.5500,4.1800,4.2100,16734000
20130711,4.5700,4.6300,4.4000,4.4400,15347000
20130712,4.4400,4.5800,4.4300,4.5800,10245600
20130715,4.5900,4.6500,4.4400,4.4400,10202800
20130716,4.6300,4.6400,4.4800,4.5300,8567600
20130717,4.5000,4.6800,4.5000,4.6000,8221500
20130718,4.5200,4.6500,4.4500,4.4900,9958000
20130719,4.4300,4.6200,4.3800,4.5500,8043800
20130722,4.4100,4.4500,4.3000,4.3900,5659700
20130723,4.5400,4.6000,4.3700,4.3900,8233500
20130724,4.5900,4.6100,4.4700,4.5200,9857900
20130725,4.4700,4.6200,4.4600,4.5800,7485200
20130726,4.3700,4.4600,4.3200,4.4600,7252900
20130729,4.3000,4.3700,4.2500,4.3500,4135400
20130730,4.3400,4.3700,4.2500,4.3300,3646100
20130731,4.3600,4.4200,4.3200,4.3200,3426400
20130801,4.4900,4.5100,4.3500,4.3600,6817800
20130802,4.4900,4.5800,4.4700,4.4800,6365500
20130805,4.5600,4.5800,4.4600,4.4900,6773000
20130806,5.0200,5.0200,4.5300,4.5300,17521800
20130807,4.9400,5.2800,4.9300,5.1800,37556000
20130808,5.0000,5.1400,4.8500,4.8500,19607300
20130809,4.9400,5.0400,4.8000,4.9900,13389200
20130812,5.4300,5.4300,4.9200,4.9200,23141900
20130813,5.3400,5.6500,5.2700,5.5600,29019400
20130814,5.3100,5.4800,5.2100,5.2800,18301300
20130815,5.4000,5.5300,5.2300,5.2600,18857500
20130816,5.1900,5.4400,5.1700,5.3500,14241100
20130819,5.2500,5.3000,5.1100,5.1900,11254700
20130820,5.1600,5.2600,5.0400,5.2000,13595400
20130821,5.1600,5.1800,5.0600,5.1600,8192600
20130822,5.1900,5.2400,5.0900,5.1200,9640100
20130823,5.0400,5.2000,4.9500,5.1700,11831000
20130826,5.1300,5.1600,5.0400,5.0900,7301600
20130827,5.2300,5.2800,5.1000,5.1500,11806500
20130828,5.0800,5.2000,5.0600,5.1900,11702700
20130829,4.9600,5.0900,4.9500,5.0600,10060700
20130830,4.9800,5.0900,4.9300,4.9600,9197900
20130902,5.0700,5.0900,4.8100,4.9500,7738600
20130903,5.0900,5.1000,4.9800,5.0900,6872600
20130904,5.0800,5.1000,4.9900,5.0900,8334400
20130905,5.1500,5.2300,5.0200,5.0700,11772000
20130906,5.1600,5.1900,5.0300,5.1600,9874500
20130909,5.2100,5.2800,5.1000,5.1700,11382700
20130910,5.2500,5.2800,5.1500,5.2000,11533900
20130911,5.0500,5.2400,5.0000,5.2400,12890900
20130912,5.2100,5.4800,5.0200,5.0500,20454000
20130913,5.1700,5.2200,5.1000,5.1500,8296600
20130916,5.1400,5.2900,5.1200,5.1900,6815600
20130917,4.9800,5.1500,4.9700,5.1400,8774100
20130918,4.9900,5.0200,4.9300,5.0000,3745600
20130920,4.9900,4.9900,4.9900,4.9900,0
20130923,5.1000,5.1300,5.0000,5.0000,5236900
20130924,4.9900,5.0900,4.9500,5.0700,7180900
20130925,5.0400,5.0800,4.9200,5.0000,7107000
20130926,5.0700,5.2300,4.9200,5.0100,16207800
20130927,4.9300,5.0900,4.9200,5.0200,9165200
20130930,4.9700,4.9800,4.9200,4.9300,2736900
20131001,4.9700,4.9700,4.9700,4.9700,0
20131002,4.9700,4.9700,4.9700,4.9700,0
20131003,4.9700,4.9700,4.9700,4.9700,0
20131004,4.9700,4.9700,4.9700,4.9700,0
20131007,4.9700,4.9700,4.9700,4.9700,0
20131008,5.0100,5.0200,4.8800,4.9300,5595500
20131009,5.0400,5.0700,4.9700,4.9800,6694500
20131010,4.9600,5.0500,4.9400,5.0100,7162900
20131011,5.0500,5.0700,4.9700,4.9700,8889600
20131014,5.1100,5.1400,5.0200,5.0300,9946500
20131015,5.3800,5.6200,5.0700,5.1000,34246700
20131016,5.1300,5.3300,5.0900,5.3000,20570700
20131017,5.0800,5.2400,5.0600,5.1600,9475600
20131018,5.1300,5.1600,5.0600,5.0800,5371500
20131021,5.1800,5.1800,5.0700,5.1500,7985500
20131022,5.1100,5.1800,5.0600,5.1600,8336600
20131023,4.9300,5.1300,4.9100,5.0900,8217000
20131024,4.8500,4.9500,4.8300,4.9300,5052900
20131025,4.7100,4.9000,4.6200,4.8600,5167200
20131028,4.6200,4.7400,4.5500,4.7000,4128700
20131029,4.3900,4.6700,4.1700,4.6000,6283000
20131030,4.5500,4.5700,4.3300,4.3600,5386500
20131031,4.5700,4.7000,4.5500,4.6400,5919700
20131101,4.5300,4.5500,4.4500,4.5100,3352900
20131104,4.6100,4.6700,4.5000,4.5000,3435000
20131105,4.6400,4.6400,4.5100,4.6000,3593800
20131106,5.0800,5.1000,4.5900,4.6100,30466500
20131107,4.9000,4.9700,4.8300,4.9000,15512500
20131108,4.8600,5.1200,4.8100,4.9000,11838700
20131111,4.8600,4.8700,4.7100,4.8300,6064100
20131112,4.8100,4.8700,4.7800,4.8200,4533000
20131113,4.4600,4.8100,4.4400,4.8100,9844400
20131114,4.5000,4.5400,4.3900,4.4200,5411200
20131115,4.5700,4.6200,4.5100,4.5500,5663600
20131118,4.6900,4.7000,4.5400,4.5700,7688600
20131119,4.7400,4.8100,4.6300,4.6700,7921100
20131120,4.7500,4.7900,4.6600,4.7600,5558800
20131121,4.6900,4.7500,4.6600,4.7500,4601700
20131122,4.6900,4.7600,4.6500,4.6900,3797600
20131125,4.5900,4.7000,4.5700,4.6800,5146000
20131126,4.5900,4.6200,4.5600,4.5900,3876700
20131127,4.8500,4.9000,4.5500,4.6000,15515000
20131128,4.7700,4.8200,4.7100,4.8000,13469000
20131129,4.7200,4.7600,4.6800,4.7600,5113000
20131202,4.4300,4.6500,4.3200,4.6000,8661700
20131203,4.5400,4.5500,4.3900,4.4100,3705300
20131204,4.5800,4.6400,4.4900,4.5400,4845800
20131205,4.6600,4.7600,4.5400,4.5900,8622300
20131206,4.6100,4.6600,4.5600,4.6300,4947500
20131209,4.6400,4.6400,4.5800,4.6100,3470100
20131210,4.6400,4.6900,4.6000,4.6500,3825000
20131211,4.5500,4.6500,4.5500,4.6400,2877300
20131212,4.5900,4.6700,4.5500,4.5500,2685600
20131213,4.5800,4.6400,4.5200,4.5600,2944300
20131216,4.5000,4.5900,4.4400,4.5800,4383900
20131217,4.4700,4.5200,4.4200,4.4900,2362100
20131218,4.4700,4.5200,4.4300,4.4400,1776300
20131219,4.4600,4.5100,4.4400,4.4800,2363000
20131220,4.3600,4.4800,4.3400,4.4500,2546900
20131223,4.3200,4.4000,4.2800,4.3700,1711900
20131224,4.3300,4.3800,4.3000,4.3100,1535600
20131225,4.4000,4.4000,4.3100,4.3100,1660500
20131226,4.2700,4.4100,4.2600,4.4100,1666600
20131227,4.3100,4.3500,4.2500,4.2500,2025800
20131230,4.3700,4.3800,4.3000,4.3200,2644500
20131231,4.1300,4.2200,4.0200,4.2000,9273500
20140101,4.1300,4.1300,4.1300,4.1300,0
20140102,4.1000,4.1200,4.0400,4.0500,4392800
20140103,4.0900,4.1000,4.0300,4.1000,3594200
20140106,3.9900,4.0800,3.9800,4.0700,3271900
20140107,3.9700,4.0300,3.9600,4.0000,2258100
20140108,3.9100,4.0200,3.8400,3.9800,3956200
20140109,3.8500,3.9300,3.8400,3.9100,3982300
20140110,3.7700,3.8500,3.7200,3.8500,4123800
20140113,3.7700,3.8100,3.7400,3.7700,2900200
20140114,3.8600,3.8700,3.7600,3.7700,2260200
20140115,3.8500,3.8900,3.8300,3.8500,1738300
20140116,3.8700,3.8900,3.8300,3.8300,1681900
20140117,3.8600,3.9000,3.8400,3.8700,1950800
20140120,3.7700,3.8800,3.7400,3.8700,2296700
20140121,3.8100,3.8200,3.7300,3.7600,1787000
20140122,3.9100,3.9300,3.8000,3.8200,2967700
20140123,3.9100,3.9400,3.9000,3.9300,2749300
20140124,3.9400,3.9800,3.9000,3.9200,3379800
20140127,3.9300,3.9900,3.9000,3.9100,2890600
20140128,3.9600,3.9700,3.9100,3.9500,2822200
20140129,3.9600,3.9700,3.9300,3.9300,2150500
20140130,3.8300,3.9300,3.7600,3.9100,3503900
20140131,3.8300,3.8300,3.8300,3.8300,0
20140203,3.8300,3.8300,3.8300,3.8300,0
20140205,3.8300,3.8300,3.8300,3.8300,0
20140206,3.8300,3.8300,3.8300,3.8300,0
20140207,3.8800,3.8900,3.7600,3.7600,2254000
20140210,3.9800,3.9900,3.8800,3.8900,4043100
20140211,4.0000,4.0300,3.9600,3.9800,3981500
20140212,4.0900,4.1000,3.9800,3.9800,4486600
20140213,4.0500,4.1400,4.0400,4.0800,4721700
20140214,4.1100,4.1100,4.0300,4.0300,3241000
20140217,4.2000,4.2300,4.1000,4.1200,6360300
20140218,4.1500,4.2100,4.1300,4.1700,4375400
20140219,4.2000,4.2300,4.1400,4.1600,4951900
20140220,4.1300,4.2200,4.1100,4.2000,5081900
20140221,4.0200,4.1300,3.9800,4.1200,5309700
20140224,3.9300,4.0100,3.9200,4.0100,3899400
20140225,3.8000,3.9600,3.7800,3.9300,5121000
