20130226,11.8867,12.2000,11.8133,11.8400,40166800
20130227,12.1600,12.1733,11.8333,11.8333,37870900
20130228,12.4933,12.6400,12.1667,12.2000,62186700
20130301,13.0000,13.0133,12.5000,12.5667,89532496
20130304,12.8933,13.0933,12.7467,12.9800,59191700
20130305,13.2733,13.3667,12.8933,12.8933,66833600
20130306,13.0400,13.3800,13.0000,13.2800,45270300
20130307,12.7333,12.9933,12.6133,12.9600,46608800
20130308,12.8533,12.9200,12.7200,12.7200,28832100
20130311,13.1400,13.2400,12.7667,12.8133,27758200
20130312,12.9867,13.1933,12.7333,13.1400,34835400
20130313,12.8600,13.0000,12.8000,12.9200,18047500
20130314,13.2133,13.2200,12.7667,12.7867,35152100
20130315,13.4600,13.7267,13.1533,13.1733,43389400
20130318,13.0867,13.6000,13.0800,13.4533,27761700
20130319,13.0533,13.2333,12.8800,13.1667,23006300
20130320,13.2733,13.3333,13.0067,13.0667,35003600
20130321,13.4400,13.7200,13.3867,13.4667,72645200
20130322,13.9867,14.1067,13.3667,13.4000,60017800
20130325,14.3133,14.6867,14.1200,14.1200,70454704
20130326,13.7600,14.3267,13.6667,14.1667,86955696
20130327,14.1933,14.4867,13.6733,13.7000,58638100
20130328,14.0667,14.4467,13.9333,14.0600,39059900
20130329,14.1267,14.3133,13.9867,14.1733,24474100
20130401,14.1200,14.2667,13.9867,14.0067,21347600
20130402,13.7133,14.1000,13.5600,13.6733,52546100
20130403,13.3400,13.8667,13.1867,13.7733,44209700
20130404,13.3400,13.3400,13.3400,13.3400,0
20130405,13.3400,13.3400,13.3400,13.3400,0
20130408,13.3400,13.3400,13.3400,13.3400,0
20130409,12.7800,12.8667,12.1200,12.1200,97294896
20130410,12.8600,12.9533,12.5667,12.6000,31686900
20130411,13.0667,13.2533,12.8667,12.8667,27858700
20130412,12.8000,13.1333,12.6733,13.1267,23750900
20130415,12.7267,12.8667,12.6400,12.8000,30414100
20130416,12.7067,12.8200,12.3867,12.6800,29583400
20130417,12.4867,12.8000,12.4400,12.7667,27044900
20130418,12.5467,12.7933,12.4067,12.5333,30749400
20130419,13.0667,13.1133,12.5533,12.5533,33321300
20130422,12.9400,13.1800,12.8133,13.1667,27088500
20130423,12.6000,13.0000,12.4667,12.9400,27458900
20130424,12.6933,12.8133,12.4200,12.6200,27754900
20130425,12.5600,12.7267,12.4067,12.6667,24854800
20130426,12.2533,12.6933,12.1133,12.6400,28496500
20130429,12.2533,12.2533,12.2533,12.2533,0
20130430,12.2533,12.2533,12.2533,12.2533,0
20130501,12.2533,12.2533,12.2533,12.2533,0
20130502,11.8133,12.2467,11.7067,12.0067,36981800
20130503,12.1933,12.4533,11.8667,11.8667,36026300
20130506,12.2267,12.4200,12.1333,12.2733,23335000
20130507,12.5933,12.6933,12.2267,12.2667,33752200
20130508,12.7800,13.0000,12.6133,12.6667,32622000
20130509,12.7667,12.9400,12.6000,12.7800,28021800
20130510,13.0467,13.0533,12.7800,12.8667,34180000
20130513,12.8600,13.1067,12.7067,13.0533,25835200
20130514,12.5600,12.8400,12.5067,12.8400,30388700
20130515,12.3667,12.7000,12.2200,12.5933,29660100
20130516,12.5533,12.7267,12.1333,12.3000,32146800
20130517,12.7867,12.9067,12.4667,12.5733,27185500
20130520,12.9800,13.0333,12.6467,12.8667,31850800
20130521,12.9933,13.1333,12.8467,12.9800,27476700
20130522,12.8333,12.9800,12.7667,12.9800,25325100
20130523,12.7400,12.9667,12.6733,12.6933,25382600
20130524,13.3733,13.4133,12.8000,12.8000,42961400
20130527,13.7133,13.9933,13.3800,13.4000,69004304
20130528,13.8133,13.8733,13.5000,13.8533,36674400
20130529,13.9133,14.0533,13.6800,13.7667,31610000
20130530,13.6200,13.9000,13.5667,13.9000,24628000
20130531,13.9933,14.0267,13.6133,13.6133,39306700
20130603,13.7400,14.4133,13.6067,14.1600,39483900
20130604,13.8133,14.0333,13.5267,13.6667,28603600
20130605,13.7067,13.8600,13.5667,13.8000,14494900
20130606,13.3133,13.7133,13.2733,13.7000,29832400
20130607,13.3600,13.6467,13.2800,13.3133,27203400
20130610,13.3600,13.3600,13.3600,13.3600,0
20130611,13.3600,13.3600,13.3600,13.3600,0
20130612,13.3600,13.3600,13.3600,13.3600,0
20130613,13.1133,13.2333,12.6800,13.1933,28233300
20130614,13.1667,13.2333,12.9267,13.0533,18022400
20130617,13.0333,13.2333,12.9800,13.1800,15405400
20130618,13.5667,13.6267,13.0800,13.1267,22911900
20130619,13.7400,13.8600,13.4467,13.6000,26566000
20130620,13.3400,13.7400,13.3067,13.7400,19405100
20130621,13.3733,13.5600,13.0533,13.1333,28483700
20130624,12.9900,13.4900,12.7600,13.4000,28770200
20130625,12.2000,12.9700,11.6900,12.9500,68044400
20130626,12.7000,12.8100,12.1100,12.2200,47340800
20130627,12.9000,12.9300,12.5200,12.6900,29638600
20130628,12.9600,13.3000,12.7000,12.8900,32936200
20130701,13.1800,13.4000,12.9000,13.0500,38294400
20130702,13.1200,13.2800,13.0000,13.2000,20458800
20130703,12.5900,13.1600,12.5000,13.1600,45428900
20130704,12.3900,12.6000,12.2600,12.4800,44986700
20130705,11.7600,12.5100,11.7100,12.4100,57777400
20130708,10.6900,11.7000,10.6500,11.7000,56912700
20130709,9.9800,10.8500,9.8500,10.6900,76064496
20130710,10.4700,10.5500,9.9900,10.0100,63519100
20130711,10.9300,11.2000,10.5000,10.6600,55538200
20130712,10.6100,10.8800,10.1200,10.8100,87681104
20130715,10.2800,10.4900,10.1900,10.4500,78022600
20130716,10.3900,10.4700,10.0100,10.2100,56628000
20130717,10.1600,10.4600,10.1000,10.2800,40362700
20130718,10.0400,10.2100,9.9100,10.1100,30156600
20130719,9.0400,10.2100,9.0400,10.0400,120088096
20130722,9.0400,9.0400,9.0400,9.0400,0
20130723,9.0400,9.0400,9.0400,9.0400,0
20130724,9.0400,9.0400,9.0400,9.0400,0
20130725,9.0400,9.0400,9.0400,9.0400,0
20130726,9.0400,9.0400,9.0400,9.0400,0
20130729,8.4200,9.2900,8.3300,9.1000,123796896
20130730,8.4800,8.6500,8.1500,8.4200,68638200
20130731,8.5400,8.6600,8.3700,8.5500,38604100
20130801,8.9500,9.0000,8.4800,8.5600,62054300
20130802,8.8300,9.0800,8.8000,9.0000,36633700
20130805,8.8800,9.0600,8.8300,8.8400,38801100
20130806,9.6100,9.7400,8.9400,9.0800,82031600
20130807,9.6600,9.8500,9.5000,9.5800,64594800
20130808,9.5800,9.7400,9.5000,9.6600,41048600
20130809,9.9700,10.0900,9.4900,9.5600,62414200
20130812,10.4100,10.4700,9.9400,10.0400,75480496
20130813,10.2400,10.5200,10.0100,10.5200,42658000
20130814,10.1400,10.4400,10.0800,10.2900,50547700
20130815,9.7600,10.1900,9.7100,10.1000,56335600
20130816,9.5800,10.7400,9.5200,9.7300,68076496
20130819,9.8300,9.8600,9.4100,9.4800,39111900
20130820,9.7600,9.8700,9.6500,9.8500,28552200
20130821,9.7500,9.8100,9.4900,9.7700,29201900
20130822,9.5800,9.9600,9.5000,9.6800,49687200
20130823,9.6600,9.7500,9.4100,9.7000,40686200
20130826,9.7800,9.8300,9.6200,9.6900,35095800
20130827,9.7700,9.8900,9.6800,9.7800,30860500
20130828,9.5500,9.7500,9.5000,9.7500,35234600
20130829,9.5700,9.6400,9.3400,9.6000,43006500
20130830,9.3200,9.5300,9.3000,9.5000,24633900
20130902,9.2000,9.4400,9.1700,9.3100,29043800
20130903,9.3800,9.3900,9.0600,9.1900,40393900
20130904,9.7100,9.7400,9.2600,9.3200,57841300
20130905,9.7200,10.1600,9.7000,9.8500,67495600
20130906,10.1700,10.2300,9.5600,9.5800,88681000
20130909,10.1600,10.2700,9.9300,10.2100,60246700
20130910,10.3500,10.4300,10.1100,10.3300,63038700
20130911,10.3500,10.3500,10.3500,10.3500,0
20130912,10.3500,10.3500,10.3500,10.3500,0
20130913,10.3500,10.3500,10.3500,10.3500,0
20130916,10.2700,10.7700,10.2200,10.4100,82257400
20130917,10.4300,10.6600,10.2800,10.3000,52902000
20130918,10.2000,10.5800,10.0700,10.4800,43495300
20130920,10.2000,10.2000,10.2000,10.2000,0
20130923,10.2300,10.3400,9.9600,10.2500,47050600
20130924,10.0100,10.1700,9.9700,10.1700,35493800
20130925,9.6200,10.0600,9.6000,9.9000,40362600
20130926,9.7200,10.0700,9.3000,9.6200,49899200
20130927,9.5100,9.8400,9.4500,9.7100,34847300
20130930,9.4400,9.7300,9.3400,9.4900,25752000
20131001,9.4400,9.4400,9.4400,9.4400,0
20131002,9.4400,9.4400,9.4400,9.4400,0
20131003,9.4400,9.4400,9.4400,9.4400,0
20131004,9.4400,9.4400,9.4400,9.4400,0
20131007,9.4400,9.4400,9.4400,9.4400,0
20131008,10.2600,10.2800,9.3500,9.4500,66380200
20131009,10.4300,10.6500,10.1000,10.3100,69999904
20131010,10.4800,10.6600,10.3000,10.3000,47951000
20131011,11.4900,11.5200,10.5400,10.5400,107480200
20131014,11.7400,12.0800,11.5500,11.5500,88610800
20131015,11.7900,11.9600,11.2700,11.8700,64948000
20131016,12.0600,12.3600,11.4200,11.6600,68480496
20131017,11.7900,12.4000,11.7800,12.1400,53238400
20131018,11.5300,11.9300,11.5000,11.7000,33430200
20131021,11.9000,11.9500,11.3000,11.5000,53588200
20131022,11.5000,12.2600,11.4600,11.9000,62775200
20131023,11.5900,11.6700,10.9000,11.6000,46337300
20131024,11.2300,11.6200,11.0800,11.6000,30485000
20131025,11.4700,11.7500,11.1100,11.2900,46895500
20131028,11.8900,12.1800,11.5400,11.5500,53166600
20131029,12.0700,12.3900,11.7100,12.0500,66204700
20131030,11.9300,12.2600,11.7700,11.8000,52274700
20131031,11.7700,11.9800,11.5000,11.9800,43045200
20131101,10.8300,11.7900,10.8000,11.6800,65077500
20131104,11.2600,11.2800,10.6800,10.6900,41597900
20131105,11.2300,11.4900,10.9800,11.1200,27250100
20131106,11.7500,12.0900,11.0500,11.2300,63302800
20131107,11.8600,12.1800,11.5600,11.9000,69911600
20131108,11.5400,11.9800,11.4600,11.7500,36623700
20131111,11.2200,11.5500,11.0100,11.3700,29775200
20131112,11.1800,11.4100,11.1100,11.1900,22923200
20131113,10.6800,11.0100,10.6600,10.9000,36075500
20131114,10.8200,10.8900,10.6600,10.7500,25373600
20131115,11.1800,11.3500,10.8200,10.8200,39181800
20131118,11.3500,11.3600,11.0600,11.2500,38173600
20131119,11.4000,11.6800,11.3500,11.4000,32600500
20131120,11.2900,11.5800,11.2000,11.5300,22927300
20131121,11.6300,11.6400,11.2300,11.3400,48216200
20131122,11.3000,11.7500,11.2700,11.6500,38453000
20131125,11.0000,11.2700,10.9600,11.2000,33350400
20131126,10.9600,11.0600,10.8800,11.0000,16839900
20131127,11.1500,11.2100,10.9000,10.9500,22461800
20131128,11.4200,11.6200,11.0300,11.1800,51225600
20131129,11.3100,11.5000,11.1900,11.3700,27607000
20131202,10.7400,11.1600,10.7000,11.0500,37460300
20131203,10.7900,10.9300,10.6500,10.8000,28842600
20131204,10.8400,10.9900,10.7200,10.7600,24388400
20131205,10.7700,10.9900,10.7500,10.8700,23720200
20131206,9.8300,10.8000,9.7900,10.7000,77333296
20131209,9.6500,10.1000,9.2000,9.8400,81426400
20131210,9.3300,9.6400,9.3100,9.5800,54526300
20131211,9.8000,9.8400,9.3800,9.4000,79472704
20131212,9.7200,9.9200,9.5600,9.8400,40134400
20131213,9.4900,9.6700,9.4300,9.6700,39566800
20131216,9.1500,9.3500,9.0400,9.1000,64445900
20131217,9.0400,9.1900,8.9500,9.1500,59591900
20131218,9.1000,9.1500,8.9800,9.0900,31444900
20131219,8.9600,9.1700,8.9000,9.1200,30307100
20131220,8.7300,8.9900,8.6100,8.9300,35799200
20131223,8.9800,9.0100,8.4100,8.7000,48255900
20131224,8.8900,9.0400,8.7500,8.9400,30263100
20131225,8.9400,8.9600,8.7800,8.9000,22279600
20131226,8.7300,9.0100,8.7000,8.9800,31599000
20131227,8.8100,8.9200,8.7000,8.7300,24333100
20131230,8.7800,8.8900,8.7200,8.8300,24823500
20131231,8.7400,8.8200,8.6000,8.7800,28373000
20140101,8.7400,8.7400,8.7400,8.7400,0
20140102,8.7600,8.8500,8.5100,8.7600,37346800
20140103,8.8500,8.8600,8.6100,8.7200,38145100
20140106,8.6700,8.8900,8.6600,8.8700,23756900
20140107,8.6600,8.7700,8.5300,8.6200,22570800
20140108,8.6100,8.7100,8.5500,8.7000,23347100
20140109,8.5200,8.6800,8.2400,8.6200,57231400
20140110,8.1800,8.5000,8.1700,8.5000,33263800
20140113,7.3600,8.2000,7.3600,8.1600,87738000
20140114,7.1900,7.2300,6.6200,7.0300,156161792
20140115,6.9000,7.1100,6.8200,7.0400,69399800
20140116,7.1000,7.2300,6.8800,6.8900,56736400
20140117,7.0100,7.2300,7.0000,7.1600,53348200
20140120,6.9000,6.9900,6.8000,6.9900,35416500
20140121,6.9800,7.0400,6.8700,6.9000,29423800
20140122,7.1800,7.1900,6.9400,6.9800,47747800
20140123,7.0500,7.1900,7.0400,7.1700,37873500
20140124,7.0200,7.0700,6.8700,7.0100,50501700
20140127,7.0000,7.1300,6.9100,6.9800,34480000
20140128,6.9800,7.0700,6.9100,7.0400,28356400
20140129,6.9100,7.0500,6.9000,7.0300,29891500
20140130,6.8800,6.9200,6.7100,6.8700,31643200
20140131,6.8800,6.8800,6.8800,6.8800,0
20140203,6.8800,6.8800,6.8800,6.8800,0
20140205,6.8800,6.8800,6.8800,6.8800,0
20140206,6.8800,6.8800,6.8800,6.8800,0
20140207,6.9200,6.9400,6.6800,6.8300,23699000
20140210,7.1500,7.2200,6.8900,6.9400,70373296
20140211,7.8700,7.8700,7.1000,7.1400,136105600
20140212,8.3200,8.5300,7.8000,7.8700,151995600
20140213,8.0800,8.3600,8.0800,8.3300,72884496
20140214,8.2100,8.5000,8.0900,8.0900,60112200
20140217,8.2300,8.3200,8.1100,8.1900,61004500
20140218,7.9000,8.2100,7.7700,8.1800,78749696
20140219,8.1500,8.2900,7.8200,7.8900,85467800
20140220,8.3300,8.8800,8.2800,8.5000,131799104
20140221,8.0600,8.3500,8.0500,8.3500,56844000
20140224,8.0100,8.0400,7.8200,7.9300,34415200
20140225,7.6000,8.0500,7.5600,7.9600,56005400
