20130226,10.2500,10.5700,10.1600,10.2000,2094700
20130227,10.7500,10.7600,10.1900,10.3000,3036800
20130228,11.3200,11.3700,10.6000,10.7800,10455900
20130301,11.4800,11.7000,11.0700,11.3800,10035800
20130304,11.0600,11.2800,11.0000,11.2000,4795500
20130305,11.0200,11.0900,10.8000,11.0000,4008500
20130306,11.2000,11.2500,10.9400,10.9900,3751200
20130307,10.8800,11.2000,10.8200,11.1000,2636000
20130308,11.2800,11.3800,10.8900,11.0000,5718700
20130311,11.1200,11.4300,11.0900,11.2400,2677000
20130312,10.5200,11.1600,10.3000,11.1500,3647300
20130313,10.5000,10.6500,10.3800,10.4600,1525600
20130314,10.5700,10.6500,10.4900,10.5000,1118600
20130315,10.5900,10.7400,10.3300,10.5800,1489300
20130318,10.3100,10.5900,10.3100,10.5300,1208500
20130319,10.2500,10.4500,10.1100,10.4100,1042000
20130320,11.2800,11.2800,10.3300,10.3700,4642200
20130321,11.8500,12.2700,11.5400,11.6800,14102900
20130322,11.8100,11.8600,11.5800,11.7400,7016300
20130325,11.5900,11.8200,11.4700,11.6500,4047100
20130326,11.4300,11.6000,11.2200,11.5400,3688300
20130327,11.6200,11.6900,11.3600,11.4200,4135900
20130328,10.7400,11.4100,10.6500,11.4100,4760000
20130329,10.7600,10.9200,10.6800,10.7400,2045700
20130401,10.7200,11.0600,10.7000,10.8900,1937700
20130402,10.9900,11.7900,10.7000,10.7200,6737300
20130403,10.5600,10.9400,10.4600,10.8900,5377000
20130404,10.5600,10.5600,10.5600,10.5600,0
20130405,10.5600,10.5600,10.5600,10.5600,0
20130408,10.5600,10.5600,10.5600,10.5600,0
20130409,10.5600,10.5600,10.5600,10.5600,0
20130410,10.5600,10.5600,10.5600,10.5600,0
20130411,10.5600,10.5600,10.5600,10.5600,0
20130412,10.5600,10.5600,10.5600,10.5600,0
20130415,10.5600,10.5600,10.5600,10.5600,0
20130416,10.5600,10.5600,10.5600,10.5600,0
20130417,10.5600,10.5600,10.5600,10.5600,0
20130418,10.5600,10.5600,10.5600,10.5600,0
20130419,10.5600,10.5600,10.5600,10.5600,0
20130422,10.5600,10.5600,10.5600,10.5600,0
20130423,10.5600,10.5600,10.5600,10.5600,0
20130424,10.5600,10.5600,10.5600,10.5600,0
20130425,10.5600,10.5600,10.5600,10.5600,0
20130426,10.5600,10.5600,10.5600,10.5600,0
20130429,10.5600,10.5600,10.5600,10.5600,0
20130430,10.5600,10.5600,10.5600,10.5600,0
20130501,10.5600,10.5600,10.5600,10.5600,0
20130502,10.5600,10.5600,10.5600,10.5600,0
20130503,10.5600,10.5600,10.5600,10.5600,0
20130506,10.5600,10.5600,10.5600,10.5600,0
20130507,10.5600,10.5600,10.5600,10.5600,0
20130508,10.5600,10.5600,10.5600,10.5600,0
20130509,10.5600,10.5600,10.5600,10.5600,0
20130510,10.5600,10.5600,10.5600,10.5600,0
20130513,10.5600,10.5600,10.5600,10.5600,0
20130514,10.5600,10.5600,10.5600,10.5600,0
20130515,10.5600,10.5600,10.5600,10.5600,0
20130516,10.5600,10.5600,10.5600,10.5600,0
20130517,10.5600,10.5600,10.5600,10.5600,0
20130520,10.5600,10.5600,10.5600,10.5600,0
20130521,10.5600,10.5600,10.5600,10.5600,0
20130522,10.5600,10.5600,10.5600,10.5600,0
20130523,10.5600,10.5600,10.5600,10.5600,0
20130524,10.5600,10.5600,10.5600,10.5600,0
20130527,10.5600,10.5600,10.5600,10.5600,0
20130528,10.5600,10.5600,10.5600,10.5600,0
20130529,10.5600,10.5600,10.5600,10.5600,0
20130530,10.5600,10.5600,10.5600,10.5600,0
20130531,10.5600,10.5600,10.5600,10.5600,0
20130603,10.5600,10.5600,10.5600,10.5600,0
20130604,10.5600,10.5600,10.5600,10.5600,0
20130605,10.5600,10.5600,10.5600,10.5600,0
20130606,10.5600,10.5600,10.5600,10.5600,0
20130607,10.5600,10.5600,10.5600,10.5600,0
20130610,10.5600,10.5600,10.5600,10.5600,0
20130611,10.5600,10.5600,10.5600,10.5600,0
20130612,10.5600,10.5600,10.5600,10.5600,0
20130613,10.5600,10.5600,10.5600,10.5600,0
20130614,11.6200,11.6200,11.6200,11.6200,266800
20130617,12.7800,12.7800,12.7800,12.7800,401800
20130618,14.0600,14.0600,14.0600,14.0600,636600
20130619,15.4700,15.4700,15.4700,15.4700,4748300
20130620,17.0200,17.0200,16.2600,16.4800,33086400
20130621,16.4300,16.7000,15.8000,16.4000,19208900
20130624,14.7900,16.6100,14.7900,16.3800,18171300
20130625,14.7800,14.8500,13.6800,14.2600,17075400
20130626,15.1300,15.5000,14.1100,14.5300,16256300
20130627,14.0100,15.1300,13.8800,15.0000,13563800
20130628,14.5400,14.5600,13.2000,13.7400,11966600
20130701,14.6400,14.9600,14.0700,14.2500,10012800
20130702,15.6500,15.8500,14.1000,14.5000,15927900
20130703,15.3900,15.6700,14.9700,15.3800,11575400
20130704,15.8400,16.3600,14.7800,15.1200,14800500
20130705,14.7900,16.3100,14.7200,15.6300,13957300
20130708,14.7900,15.1900,14.1200,14.6000,9032400
20130709,14.5700,15.1500,14.4900,14.6000,6302400
20130710,16.0300,16.0300,14.4900,14.6500,16124300
20130711,17.0900,17.6300,16.0300,16.3500,33551500
20130712,16.4200,16.8900,16.1100,16.8500,23110100
20130715,16.3600,16.6300,16.1000,16.1500,13235800
20130716,16.5600,16.9600,16.3000,16.5200,13606600
20130717,15.7700,16.6800,15.5000,16.5900,12557400
20130718,15.7000,15.9600,15.5100,15.6800,7237100
20130719,14.8100,16.2800,14.7800,15.8500,9411700
20130722,15.2400,15.2600,14.5200,14.5200,6018300
20130723,15.8000,16.1500,15.0600,15.1000,10276600
20130724,15.9700,16.0100,15.2700,15.7100,8808900
20130725,15.8500,16.6000,15.6200,15.6200,11694900
20130726,15.5500,16.1400,15.3700,15.7000,6821200
20130729,14.9800,15.4800,14.9600,15.3600,5538400
20130730,15.2400,15.6500,15.0100,15.0100,5321900
20130731,15.4900,15.6500,15.0800,15.0800,5355900
20130801,15.6900,15.7500,15.3900,15.4500,5030300
20130802,16.2600,16.5400,15.4500,15.7500,11112700
20130805,16.2900,16.4200,16.0700,16.2000,5339300
20130806,16.4400,16.5900,16.0700,16.3100,8085500
20130807,15.8600,16.5000,15.8200,16.4000,7017400
20130808,15.7800,16.3800,15.7400,16.1400,4301600
20130809,16.3500,16.5500,15.6000,15.7800,10306800
20130812,17.9900,17.9900,16.1600,16.3400,16319000
20130813,17.7200,18.9600,17.6000,18.7000,22676000
20130814,18.0200,18.6000,17.6300,17.7000,12447700
20130815,17.2000,18.1500,17.0900,17.9000,12184700
20130816,16.4800,17.3000,16.4000,17.0100,8020100
20130819,17.3500,17.5000,16.4000,16.5600,7432800
20130820,16.8600,17.4100,16.7200,17.3000,6350000
20130821,17.1800,17.1900,16.6500,16.8400,5647300
20130822,16.8900,17.3300,16.8500,17.0200,5132200
20130823,16.7500,17.1200,16.3200,16.8800,5116300
20130826,17.1100,17.2500,16.7800,17.2000,4955800
20130827,17.4200,17.6700,16.9600,17.0600,7063300
20130828,16.9300,17.3000,16.6800,17.1500,6479400
20130829,16.7000,16.9600,16.4900,16.8100,5046800
20130830,16.1000,16.8800,15.7800,16.6900,6541100
20130902,16.1000,16.2500,15.8000,16.1000,2869100
20130903,16.4300,16.5900,16.1000,16.1000,3077100
20130904,16.3800,16.6800,16.0800,16.4000,3265800
20130905,16.3500,16.6600,16.1900,16.3500,2674800
20130906,16.8000,16.8600,16.2000,16.2800,5747800
20130909,17.0900,17.6800,16.9000,17.2500,5764400
20130910,16.7600,17.2600,16.4500,17.0700,6028100
20130911,16.6800,17.3700,16.5600,16.7000,5490000
20130912,16.3100,16.4800,16.2300,16.4000,3843500
20130913,16.3300,16.7000,16.1500,16.3000,3371000
20130916,17.0800,17.5700,16.5500,16.5800,7381300
20130917,16.5200,17.0500,16.4300,16.8700,3421400
20130918,16.8100,16.9000,16.4600,16.6500,1884400
20130920,16.8100,16.8100,16.8100,16.8100,0
20130923,17.1800,17.2500,16.8000,16.8100,3443900
20130924,16.8900,17.2900,16.8000,17.2000,3239900
20130925,17.4400,17.5000,17.0500,17.0500,7477700
20130926,16.9200,17.3600,16.8400,17.3400,4368900
20130927,17.1900,17.2600,16.7800,16.8700,2945000
20130930,17.4400,17.5500,17.0400,17.1600,5790400
20131001,17.4400,17.4400,17.4400,17.4400,0
20131002,17.4400,17.4400,17.4400,17.4400,0
20131003,17.4400,17.4400,17.4400,17.4400,0
20131004,17.4400,17.4400,17.4400,17.4400,0
20131007,17.4400,17.4400,17.4400,17.4400,0
20131008,17.6400,17.7400,17.3200,17.6100,4067600
20131009,17.4400,17.6700,17.2200,17.6500,4015600
20131010,16.9300,17.4000,16.9100,17.4000,4278600
20131011,17.0000,17.1600,16.8000,16.9800,2994200
20131014,16.9900,17.1900,16.5700,16.9400,3808700
20131015,17.1600,17.2800,16.8100,17.0000,3751800
20131016,16.2300,17.1300,16.0900,17.1300,4484100
20131017,16.4100,16.8100,16.2800,16.3600,2453400
20131018,16.3300,16.6000,16.3100,16.6000,1521200
20131021,16.4600,16.5100,15.9000,16.3600,3037000
20131022,16.5500,16.7600,16.3400,16.4600,2355500
20131023,16.8200,17.3300,16.4600,16.5600,5832800
20131024,16.1200,16.9900,16.1000,16.9600,3657700
20131025,15.9700,16.3000,15.9200,16.1100,1815200
20131028,15.9700,16.1700,15.6200,15.6900,1883900
20131029,15.5500,16.2900,15.1100,15.9700,2383200
20131030,15.7400,15.8000,15.3600,15.5800,1012400
20131031,15.8000,15.9800,15.6000,15.7500,956100
20131101,15.8800,16.2800,15.6500,15.8000,1627300
20131104,16.0800,16.3600,16.0000,16.0000,1841800
20131105,16.2800,16.3300,15.9000,15.9900,1614400
20131106,16.1600,16.3000,16.0400,16.3000,1627300
20131107,15.9400,16.2700,15.8100,16.0600,1852000
20131108,15.9000,15.9800,15.5200,15.9000,1461400
20131111,16.0400,16.0500,15.7800,15.8400,813300
20131112,15.8000,16.0800,15.6900,16.0000,1135200
20131113,15.3600,15.7900,15.0800,15.7900,2147000
20131114,15.3600,15.3600,15.3600,15.3600,0
20131115,15.3600,15.3600,15.3600,15.3600,0
20131118,15.3600,15.3600,15.3600,15.3600,0
20131119,15.3600,15.3600,15.3600,15.3600,0
20131120,15.3600,15.3600,15.3600,15.3600,0
20131121,15.3600,15.3600,15.3600,15.3600,0
20131122,15.3600,15.3600,15.3600,15.3600,0
20131125,16.2000,16.7500,15.9000,16.7500,6694400
20131126,15.9600,16.4200,15.9100,16.1500,2444200
20131127,16.0500,16.3400,15.9900,16.0000,3193400
20131128,16.5200,16.8500,16.0500,16.0700,5502700
20131129,16.5400,16.7900,16.3000,16.4000,3545800
20131202,15.8100,16.3600,15.7500,16.2100,3103900
20131203,16.2500,16.3000,15.8100,15.8700,1650600
20131204,16.1700,16.4000,16.1000,16.2300,2562200
20131205,16.2100,16.3500,16.1200,16.1700,1349600
20131206,16.3900,16.3900,16.1500,16.2500,1737600
20131209,16.8700,16.9400,16.3500,16.3900,5277100
20131210,16.7300,17.0900,16.5800,16.8400,2443100
20131211,16.5100,16.7500,16.4400,16.7400,1951800
20131212,16.5500,16.6700,16.3800,16.3800,1226500
20131213,16.7600,16.8700,16.5000,16.5600,1606500
20131216,16.6700,17.0700,16.6300,17.0000,1810600
20131217,16.7200,16.8400,16.4300,16.6700,1244800
20131218,16.5000,16.7300,16.3400,16.7300,1172700
20131219,16.2200,16.6700,16.2000,16.6700,1229500
20131220,15.9200,16.3200,15.8000,16.2800,1257800
20131223,17.1300,17.1600,15.9000,15.9000,4738400
20131224,17.0700,17.2000,16.7100,17.1500,3349600
20131225,17.1800,17.6500,17.0800,17.1800,4344500
20131226,17.3600,17.5500,16.9200,17.1500,3550700
20131227,18.0100,18.4500,17.5000,17.5000,5864200
20131230,19.5200,19.7000,18.0200,18.1800,11057300
20131231,19.3500,19.8500,18.8000,19.2000,6949800
20140101,19.3500,19.3500,19.3500,19.3500,0
20140102,19.4800,19.5000,18.9100,19.2000,5121000
20140103,19.8400,20.1700,18.9200,19.4000,8703100
20140106,18.4100,20.2000,18.3000,20.1500,6120300
20140107,18.0500,18.7000,17.6500,18.4900,4872900
20140108,17.9800,18.5000,17.8500,18.1500,2721200
20140109,17.3300,18.3000,17.3100,18.0000,2944700
20140110,17.3300,17.6200,16.8900,17.2700,2509400
20140113,17.0400,17.4800,16.9500,17.2000,1709800
20140114,17.3400,17.3700,16.7800,17.1900,1954300
20140115,17.5900,17.6600,17.1300,17.2500,1931900
20140116,17.2100,17.6800,17.1700,17.5900,2736100
20140117,16.9400,17.1600,16.8800,17.1600,1301400
20140120,17.3500,17.3500,16.7400,16.8900,1808400
20140121,17.3800,17.4500,17.2200,17.3000,1260100
20140122,17.5900,17.8400,17.3100,17.4500,1851900
20140123,17.7500,17.8500,17.4300,17.6000,1831500
20140124,17.7900,17.8700,17.7000,17.7500,1988200
20140127,17.7900,17.7900,17.7900,17.7900,0
20140128,17.7900,17.7900,17.7900,17.7900,0
20140129,17.7900,17.7900,17.7900,17.7900,0
20140130,17.7900,17.7900,17.7900,17.7900,0
20140131,17.7900,17.7900,17.7900,17.7900,0
20140203,17.7900,17.7900,17.7900,17.7900,0
20140205,17.7900,17.7900,17.7900,17.7900,0
20140206,17.7900,17.7900,17.7900,17.7900,0
20140207,17.7900,17.7900,17.7900,17.7900,0
20140210,19.3500,19.5700,18.5000,19.5500,7644400
20140211,20.5200,21.1600,18.6000,19.1300,8483300
20140212,21.6600,22.3000,21.0000,21.0000,11036800
20140213,21.0900,21.6600,20.5500,20.7800,6951500
20140214,21.4000,22.1400,21.0000,21.0800,6294400
20140217,21.7600,21.9200,20.7500,21.5600,6459100
20140218,22.1800,22.6800,21.7700,21.9900,8742700
20140219,21.4400,22.3500,21.2000,22.0800,5402700
20140220,22.8300,23.2300,21.1000,21.1000,10180400
20140221,23.9300,24.2800,22.3200,22.5000,11098000
20140224,23.6500,24.2300,23.2300,23.6900,6840200
20140225,23.3000,24.1600,22.1800,23.7500,6067800
