20130226,9.0400,9.3000,8.5800,8.8300,27155300
20130227,9.3000,9.3500,8.9500,9.0000,32739900
20130228,9.3200,9.3900,9.1200,9.3300,28382100
20130301,9.2500,9.4000,9.1500,9.2500,18984700
20130304,9.4000,9.5700,8.9000,9.0900,45965900
20130305,9.4000,9.5200,9.2000,9.4000,27688200
20130306,9.7800,9.8200,9.2000,9.3900,41414800
20130307,10.7600,10.7600,9.8100,10.0800,89825600
20130308,11.7100,11.8400,11.1900,11.2900,100911600
20130311,10.5500,11.4800,10.5400,11.3300,62776400
20130312,11.6100,11.6100,10.2300,10.5100,83392400
20130313,11.1500,12.6600,11.1000,11.4000,100054096
20130314,11.4400,11.7500,10.7900,10.8800,61910900
20130315,10.9300,11.4000,10.8400,11.1500,42855200
20130318,10.5700,11.1500,10.2300,10.8000,46319500
20130319,10.0900,10.4700,9.6900,10.3800,43463500
20130320,10.3000,10.3900,9.9200,10.1000,34179800
20130321,10.7400,11.1000,10.3200,10.3900,51361600
20130322,10.5200,10.6900,10.3500,10.5300,31435500
20130325,11.5700,11.5700,10.4500,10.4500,61030800
20130326,11.7700,12.3200,11.6000,11.9600,74947104
20130327,12.6700,12.9500,11.7300,11.7300,82675904
20130328,12.3600,13.3700,11.9100,12.3400,83865000
20130329,12.9300,13.2900,12.3100,12.3300,62816100
20130401,12.2200,12.9300,12.0600,12.7700,51939100
20130402,12.6900,13.2500,12.0200,12.0800,59287000
20130403,12.0500,12.5000,11.7900,12.4000,43588500
20130404,12.0500,12.0500,12.0500,12.0500,0
20130405,12.0500,12.0500,12.0500,12.0500,0
20130408,11.5800,11.7400,10.9200,11.7000,33264000
20130409,12.4400,12.7000,11.3900,11.6000,49935000
20130410,12.1900,12.9500,12.0600,12.2000,55351800
20130411,12.2800,12.9700,12.0900,12.5300,43555300
20130412,11.8000,12.3100,11.6700,12.0000,35303300
20130415,11.9100,12.0300,11.4300,11.7500,27988100
20130416,11.9300,12.0700,11.5300,11.7300,26027200
20130417,12.1400,12.5500,12.0200,12.1500,32175100
20130418,11.8200,12.0400,11.6000,12.0400,27338600
20130419,11.9400,12.0900,11.7000,11.7000,27118200
20130422,11.8000,11.8900,11.4600,11.8200,29844200
20130423,11.8400,12.3900,11.7500,11.8600,43278000
20130424,11.9900,12.0900,11.3700,11.6900,32643500
20130425,11.5000,12.0900,11.4000,11.8700,29902100
20130426,10.8400,11.6700,10.7000,11.4500,28736200
20130429,10.8400,10.8400,10.8400,10.8400,0
20130430,10.8400,10.8400,10.8400,10.8400,0
20130501,10.8400,10.8400,10.8400,10.8400,0
20130502,10.8600,10.9900,10.5700,10.7900,16895400
20130503,11.0900,11.2200,10.8200,10.8600,21669600
20130506,11.2800,11.3900,10.8100,10.9900,23376500
20130507,10.9500,11.2600,10.8500,11.2000,22298100
20130508,11.1100,11.2500,10.8500,10.8600,15880300
20130509,10.8700,11.1800,10.7100,11.1000,19453400
20130510,10.8800,10.9400,10.7000,10.7600,14075700
20130513,10.9800,11.0100,10.8200,10.9900,13396400
20130514,11.1000,11.2500,10.9200,10.9200,22722600
20130515,11.0800,11.2600,10.9300,11.1900,14624700
20130516,11.1000,11.1400,10.7800,11.0800,18580100
20130517,11.7300,11.9200,11.0600,11.1300,45396500
20130520,12.0900,12.1900,11.5200,11.6400,40286900
20130521,12.0900,12.2800,11.7400,12.0800,34759700
20130522,12.1500,12.3500,11.8200,12.0100,35319900
20130523,11.6900,12.2700,11.6100,12.0700,27735700
20130524,11.6900,11.8700,11.6000,11.7100,15427900
20130527,11.9500,12.2000,11.5000,11.7000,24940900
20130528,12.4100,12.6800,11.7000,11.8900,53703600
20130529,12.2800,12.9300,12.2000,12.6300,49074700
20130530,12.2100,12.5800,12.1100,12.1800,23132000
20130531,11.8200,12.3300,11.8000,12.2400,22947800
20130603,11.8000,12.0000,11.7200,11.7200,11584400
20130604,11.4000,11.8700,11.3500,11.7600,15712500
20130605,11.4300,11.4900,11.2500,11.3300,9887700
20130606,11.4400,11.6900,11.3300,11.4100,14815800
20130607,10.9700,11.7700,10.8600,11.4400,17030100
20130610,10.9700,10.9700,10.9700,10.9700,0
20130611,10.9700,10.9700,10.9700,10.9700,0
20130612,10.9700,10.9700,10.9700,10.9700,0
20130613,10.0900,10.6200,9.8700,10.6000,14964100
20130614,10.2300,10.3500,10.0900,10.0900,9415700
20130617,10.8500,10.8800,10.0900,10.2800,15926100
20130618,10.8100,11.0600,10.6000,10.6000,15368800
20130619,10.5800,10.7500,10.4100,10.7500,10332100
20130620,10.0500,10.5900,10.0300,10.3800,10094600
20130621,9.9200,10.1200,9.5800,9.8300,9736600
20130624,8.9300,10.0600,8.9300,9.9900,13925100
20130625,8.8800,9.0900,8.0400,8.7500,21601200
20130626,8.9800,9.0600,8.5300,8.8600,15540500
20130627,8.7000,9.3400,8.6600,9.0000,17299400
20130628,8.7200,9.0000,8.5300,8.7600,13100600
20130701,8.9000,8.9500,8.5700,8.6600,9870100
20130702,9.1100,9.1200,8.8000,8.8500,15129200
20130703,9.0100,9.1100,8.8300,9.1100,12898300
20130704,9.0800,9.2300,8.7200,8.8500,17244600
20130705,9.7100,9.9800,9.0600,9.0900,36966300
20130708,9.0100,9.7100,8.9600,9.4300,22379500
20130709,8.9200,9.1000,8.6000,8.8900,15285400
20130710,9.2600,9.4800,8.8000,8.9200,19034700
20130711,9.4600,9.7000,9.1800,9.1900,24635900
20130712,9.4600,9.8500,9.3500,9.4000,23564500
20130715,9.4900,9.5800,9.3100,9.4800,14704700
20130716,9.6800,9.8600,9.4200,9.4600,20351700
20130717,9.3500,9.6600,9.3100,9.5900,17043200
20130718,9.3600,9.5900,9.3100,9.3500,12364600
20130719,8.8100,9.4400,8.7600,9.3700,19628800
20130722,9.0500,9.0800,8.5000,8.7000,18760300
20130723,9.2000,9.3200,8.9500,9.0500,19805700
20130724,9.1000,9.3500,8.9300,9.1400,18363700
20130725,8.8100,9.1400,8.8000,9.1300,13435700
20130726,8.8600,8.9500,8.7100,8.8200,9089700
20130729,9.0900,9.2900,8.7000,8.7500,18285200
20130730,8.9800,9.3300,8.7800,9.1400,22509000
20130731,9.0200,9.3000,8.9800,9.0700,16030100
20130801,9.6600,9.9200,9.0100,9.0200,49856800
20130802,9.7700,9.9600,9.3300,9.5200,44318900
20130805,9.7700,9.9500,9.5600,9.6600,26355600
20130806,9.7000,9.8300,9.6000,9.7600,18753000
20130807,9.6500,9.8700,9.4300,9.6500,24174700
20130808,9.7400,9.8500,9.4800,9.5600,21840900
20130809,9.5200,9.7800,9.4400,9.7000,19128600
20130812,9.7800,9.7900,9.4500,9.4500,21003900
20130813,9.7100,9.8500,9.6600,9.7500,17849800
20130814,9.7400,9.9200,9.6100,9.7300,20895300
20130815,9.7900,9.9400,9.6500,9.6900,26440300
20130816,9.8900,10.2800,9.7300,9.7500,42732100
20130819,9.7500,9.8300,9.5100,9.7500,19104500
20130820,9.6000,9.7900,9.5800,9.7300,14682800
20130821,9.6200,9.6900,9.4700,9.5900,13641800
20130822,9.2900,9.6400,9.2200,9.5500,12670300
20130823,9.3200,9.4100,9.1300,9.2200,13723500
20130826,10.0100,10.1000,9.2600,9.2700,40832900
20130827,9.9400,10.1500,9.8300,9.8900,33312700
20130828,9.7200,9.9300,9.6000,9.8100,22018800
20130829,10.2000,10.4800,9.7800,9.8000,42717000
20130830,10.6800,11.1900,10.0800,10.2100,57351000
20130902,10.9600,10.9800,9.7500,10.4300,46863400
20130903,12.0600,12.0600,11.2100,11.2200,73988400
20130904,12.2000,13.0800,11.8500,12.4000,111100096
20130905,11.7200,12.0000,11.2900,11.4900,53277900
20130906,11.8100,12.3400,11.3700,11.6100,46862000
20130909,11.9100,12.4900,11.6000,11.8200,50205100
20130910,12.3800,12.5600,11.5700,12.0000,68595296
20130911,12.0200,12.9700,11.7600,12.1600,68489296
20130912,11.5700,12.2400,11.5200,11.7700,36885000
20130913,11.5900,11.8500,11.4400,11.6400,20354400
20130916,11.6400,11.7800,11.4400,11.5000,20848900
20130917,11.4700,12.1400,11.4400,11.7800,37619300
20130918,11.1700,11.3800,10.9100,11.3800,28751200
20130920,11.1700,11.1700,11.1700,11.1700,0
20130923,11.6300,11.7400,11.1500,11.1600,28343900
20130924,12.0900,12.4800,11.3800,11.5500,59157400
20130925,12.0900,12.6800,11.9000,12.0000,55863700
20130926,11.6600,12.6200,11.6200,12.3000,40038800
20130927,10.8500,11.5000,10.5000,11.4500,34065900
20130930,11.3200,11.3800,10.8900,10.9700,20389900
20131001,11.3200,11.3200,11.3200,11.3200,0
20131002,11.3200,11.3200,11.3200,11.3200,0
20131003,11.3200,11.3200,11.3200,11.3200,0
20131004,11.3200,11.3200,11.3200,11.3200,0
20131007,11.3200,11.3200,11.3200,11.3200,0
20131008,11.4900,12.0000,11.1200,11.3100,30093400
20131009,11.7200,11.9000,11.1400,11.2900,31870100
20131010,11.4500,11.8500,11.4100,11.7300,26751400
20131011,11.5600,11.6900,11.3100,11.5000,19357400
20131014,11.9200,12.1200,11.6600,11.6900,37899700
20131015,11.6200,11.9500,11.5200,11.9000,21771500
20131016,10.9200,11.5400,10.8000,11.5300,24716900
20131017,12.0100,12.0100,10.8000,11.1400,35959000
20131018,11.9000,12.4900,11.7800,12.1200,47504700
20131021,11.9100,12.2900,11.6000,11.7100,32971600
20131022,13.1000,13.1000,11.7700,11.9300,96413296
20131023,12.3800,13.0800,12.2600,12.8000,52097900
20131024,12.2000,12.7800,12.1000,12.5500,31823700
20131025,11.6700,12.4800,11.2500,12.3900,32529400
20131028,11.7100,12.0700,11.6100,11.8500,31533800
20131029,11.1800,11.3400,10.6000,11.3400,36531000
20131030,11.5900,11.6700,10.9000,11.0100,29140100
20131031,11.2000,11.8700,11.1800,11.7000,29702200
20131101,11.0800,11.3000,10.6000,10.8700,18776100
20131104,11.0000,11.1800,10.8200,11.0800,11415700
20131105,11.3300,11.4600,10.6900,10.8900,21167900
20131106,10.9400,11.2900,10.9300,11.1800,17878600
20131107,10.7200,11.1700,10.7000,10.8000,13649700
20131108,10.3800,10.6700,10.2500,10.4700,15698600
20131111,10.2900,10.5200,10.2600,10.3900,9381000
20131112,10.0800,10.3800,9.6500,10.2600,17790900
20131113,10.3300,10.7900,10.0000,10.0900,24798800
20131114,10.2500,10.5800,10.1000,10.1500,16514500
20131115,10.4100,10.5900,10.1000,10.2800,18572400
20131118,10.8100,10.9800,10.4000,10.4800,24806100
20131119,10.7500,10.8300,10.6200,10.8100,15568400
20131120,11.0000,11.1600,10.7100,10.7500,22657700
20131121,10.9200,11.2700,10.8200,10.9100,20866600
20131122,10.5900,11.0400,10.5600,10.8500,15177200
20131125,10.5000,10.6600,10.4600,10.6600,10047400
20131126,10.9100,11.1200,10.4000,10.4000,24694600
20131127,11.0200,11.0700,10.7200,10.8000,22456500
20131128,10.9000,11.2500,10.8900,11.0100,25101600
20131129,10.7500,10.9400,10.6300,10.8400,15820100
20131202,10.0200,10.5800,9.8100,10.4500,19194600
20131203,10.2300,10.3100,9.9100,10.0000,9298300
20131204,10.3400,10.5000,10.2700,10.2700,12444700
20131205,10.3700,10.5400,10.2500,10.4000,10618300
20131206,10.2100,10.4500,10.1700,10.3800,7962800
20131209,10.3600,10.4000,10.2100,10.2600,9686000
20131210,10.5100,10.6600,10.2400,10.3700,15449200
20131211,10.2900,10.4200,10.2000,10.3200,10526500
20131212,10.2100,10.3500,10.1800,10.2900,7546000
20131213,10.3900,10.5500,10.0600,10.1100,14067000
20131216,10.0500,10.3500,10.0400,10.2800,10083800
20131217,9.9200,10.1400,9.9000,10.0500,7945300
20131218,9.8300,10.0000,9.7900,9.9300,5182100
20131219,9.6300,9.9800,9.6200,9.8600,6050100
20131220,9.2800,9.7800,9.1200,9.7200,9395700
20131223,9.1700,9.3600,8.9800,9.2800,4986400
20131224,9.5800,9.7800,9.3500,9.5000,11752200
20131225,9.5500,9.6000,9.4100,9.4100,5471700
20131226,9.1600,9.5600,9.1500,9.5600,7544600
20131227,9.2800,9.3200,9.1100,9.1600,5235200
20131230,9.5000,9.5600,9.3800,9.4800,6884000
20131231,9.5400,9.5700,9.3300,9.5500,7568800
20140101,9.5400,9.5400,9.5400,9.5400,0
20140102,9.4500,9.5300,9.4300,9.4600,4988300
20140103,9.2400,9.3900,9.1800,9.3800,7037700
20140106,8.8100,9.2100,8.8000,9.2100,7969200
20140107,8.8600,8.9500,8.7000,8.8000,5172600
20140108,8.8700,9.0400,8.8000,8.9300,4655900
20140109,8.8100,9.0600,8.8100,8.8700,6006500
20140110,8.4400,8.8500,8.4000,8.7700,6155500
20140113,8.2300,8.5400,8.1100,8.4800,6170200
20140114,8.5200,8.6000,8.4200,8.4500,6987400
20140115,9.3700,9.3700,8.4300,8.4300,21438000
20140116,9.3300,9.6600,9.1600,9.3000,22634200
20140117,9.3100,9.4800,9.1400,9.3000,11858800
20140120,9.0500,9.4800,9.0100,9.4500,8716700
20140121,9.2300,9.4500,8.9900,8.9900,9224700
20140122,9.4800,9.6400,9.1300,9.1300,14538200
20140123,9.3700,9.5300,9.3300,9.3900,10259300
20140124,9.3500,9.4800,9.2600,9.2900,8322500
20140127,9.4300,9.5000,9.1900,9.2800,11050500
20140128,9.2000,9.4300,9.1800,9.3900,6942100
20140129,8.8500,9.1300,8.7700,9.0200,11966500
20140130,8.8400,8.9200,8.8000,8.8500,4219100
20140131,8.8400,8.8400,8.8400,8.8400,0
20140203,8.8400,8.8400,8.8400,8.8400,0
20140205,8.8400,8.8400,8.8400,8.8400,0
20140206,8.8400,8.8400,8.8400,8.8400,0
20140207,8.9700,8.9700,8.7000,8.7400,4231200
20140210,9.2400,9.2800,8.9800,8.9800,9150200
20140211,9.3600,9.4900,9.2300,9.2700,11311300
20140212,9.9200,10.0300,9.2700,9.3000,29484000
20140213,9.4900,9.9000,9.4700,9.7600,18538400
20140214,9.6100,9.7500,9.4500,9.4500,9652600
20140217,9.7200,9.7900,9.5700,9.6800,9772700
20140218,9.8100,10.0600,9.6800,9.8400,18266300
20140219,10.1300,10.4100,9.6200,9.8100,29121700
20140220,10.9600,11.1400,9.9000,9.9900,55534500
20140221,10.8500,11.0500,10.4500,10.7000,39185800
20140224,10.6500,11.0400,10.4200,11.0400,23554900
20140225,10.6800,10.7700,10.2100,10.5800,32579200
