20130226,10.0300,10.5400,9.8500,10.0000,22507300
20130227,10.0800,10.4100,9.8800,9.9000,13669900
20130228,10.4900,10.6000,10.0000,10.1800,20385900
20130301,10.4900,10.6500,10.1600,10.4500,18268500
20130304,9.4400,10.3000,9.4400,10.1800,17728600
20130305,9.7500,9.8500,8.9800,9.1800,16590700
20130306,9.7100,10.0400,9.5400,9.7500,13668700
20130307,9.6800,10.0400,9.5000,9.7100,10503900
20130308,9.6900,10.0200,9.5500,9.6100,9589700
20130311,9.3600,9.6800,9.3500,9.6700,7981700
20130312,8.8600,9.5500,8.6200,9.2500,11574700
20130313,8.7500,8.9400,8.6000,8.8600,6054300
20130314,9.0100,9.2400,8.6700,8.7500,10093600
20130315,9.0100,9.3900,8.8800,8.9300,11228000
20130318,8.8300,9.1500,8.8000,8.9800,6305000
20130319,9.1000,9.1300,8.8000,8.8200,6821300
20130320,9.5400,9.6000,8.9800,9.0000,16693700
20130321,9.5500,9.9500,9.3600,9.4000,16859500
20130322,10.5100,10.5100,9.6100,9.6900,23458000
20130325,10.9600,11.1700,10.3200,10.8200,34010400
20130326,10.3900,10.9600,10.3700,10.7200,21809400
20130327,10.1100,10.6700,9.9800,10.2100,18682500
20130328,9.1000,9.9000,9.1000,9.9000,22305500
20130329,8.9600,9.1500,8.9100,8.9100,10014800
20130401,8.9900,9.2500,8.9000,9.0100,9545600
20130402,9.2000,9.4100,8.9600,8.9600,12024700
20130403,9.1500,9.3800,9.0400,9.1200,8916500
20130404,9.1500,9.1500,9.1500,9.1500,0
20130405,9.1500,9.1500,9.1500,9.1500,0
20130408,8.9400,9.0300,8.2500,8.9700,9095700
20130409,9.0700,9.2300,8.8600,8.8600,6186000
20130410,8.9200,9.1500,8.7200,9.1500,5612500
20130411,9.1400,9.1600,8.8500,8.9900,7340200
20130412,8.7700,9.1100,8.7500,9.1000,6724800
20130415,8.4800,8.6000,8.3200,8.6000,6359200
20130416,8.6200,8.7200,8.2200,8.3100,6369800
20130417,8.5600,8.6800,8.4400,8.6500,5051300
20130418,8.6800,8.7600,8.5100,8.6500,6253800
20130419,9.0200,9.1000,8.6300,8.6900,10455200
20130422,9.0500,9.2800,8.9900,9.1000,11806900
20130423,8.5100,9.1800,8.5100,9.0800,8233900
20130424,8.7100,8.8800,8.4800,8.5100,6130300
20130425,8.4300,8.7000,8.3700,8.6900,6580000
20130426,8.2300,8.6000,8.2000,8.4900,5766400
20130429,8.2300,8.2300,8.2300,8.2300,0
20130430,8.2300,8.2300,8.2300,8.2300,0
20130501,8.2300,8.2300,8.2300,8.2300,0
20130502,8.2300,8.3600,8.0200,8.2300,3607400
20130503,8.4400,8.6500,8.1800,8.2300,5201000
20130506,8.5300,8.5900,8.3600,8.4200,4801800
20130507,8.6400,8.6500,8.4000,8.4500,5049000
20130508,8.6600,8.8300,8.6000,8.6800,7022000
20130509,8.4700,8.6000,8.3100,8.5900,6578400
20130510,8.7800,8.8200,8.2500,8.4500,9892600
20130513,8.6500,8.7800,8.5200,8.7100,6383500
20130514,8.6600,8.8400,8.4800,8.6100,6997300
20130515,8.6000,8.7400,8.5300,8.6300,4066400
20130516,8.8600,8.9700,8.4300,8.5400,11726900
20130517,8.9600,8.9900,8.7500,8.8300,9509400
20130520,9.2000,9.3700,8.8800,8.8900,11734300
20130521,9.2500,9.2700,9.0000,9.1900,9404100
20130522,9.3800,9.6300,9.1100,9.1900,16559700
20130523,9.0200,9.3400,9.0100,9.2700,9746200
20130524,9.1200,9.1500,8.8600,9.0300,6746800
20130527,9.0900,9.1800,8.9800,9.1200,5138000
20130528,9.4000,9.4400,9.0500,9.1100,10968900
20130529,9.2900,9.5000,9.2300,9.4900,8368500
20130530,9.2500,9.4300,9.2000,9.2800,6115100
20130531,9.0600,9.3300,9.0100,9.2100,5629400
20130603,9.0800,9.2100,9.0000,9.1100,3960400
20130604,8.6700,9.0900,8.6000,9.0900,7247400
20130605,8.6000,8.7100,8.4600,8.6500,4731700
20130606,8.5400,8.6200,8.4500,8.5800,3512200
20130607,8.3900,8.6200,8.3000,8.5100,3062100
20130610,8.3900,8.3900,8.3900,8.3900,0
20130611,8.3900,8.3900,8.3900,8.3900,0
20130612,8.3900,8.3900,8.3900,8.3900,0
20130613,8.0000,8.3000,7.7800,8.3000,4350100
20130614,8.0600,8.1000,7.9700,8.0200,2895900
20130617,7.9800,8.0900,7.9200,8.0900,2957400
20130618,8.1900,8.2500,7.9800,7.9900,3361300
20130619,8.1200,8.1500,7.9800,8.1500,2665800
20130620,7.7200,8.1300,7.7100,8.1300,2317800
20130621,7.9300,8.0300,7.3800,7.5100,4299400
20130624,7.4600,8.2000,7.3200,8.0000,4340400
20130625,7.4800,7.6500,6.7100,7.4000,5183500
20130626,7.3500,7.5700,7.2300,7.4000,3321700
20130627,7.2200,7.7000,7.2100,7.4400,4780800
20130628,7.2500,7.5000,6.8300,7.0100,4740500
20130701,7.2500,7.3000,7.0500,7.1800,2912500
20130702,7.2600,7.3100,7.1000,7.3000,3316600
20130703,7.1000,7.2400,6.9800,7.2400,3359900
20130704,7.2100,7.2900,6.9900,7.1000,3714000
20130705,7.2700,7.4300,7.1600,7.1700,4403300
20130708,7.1900,7.4700,7.0000,7.1100,5215900
20130709,7.9100,7.9100,7.1900,7.1900,11977300
20130710,8.0900,8.1200,7.6800,7.8300,12159700
20130711,8.3900,8.7600,7.9400,8.0200,16259600
20130712,8.0900,8.3400,7.9900,8.2700,11158800
20130715,8.1400,8.2300,7.9400,8.0900,8334200
20130716,8.2000,8.2200,8.0000,8.0900,5664000
20130717,8.0500,8.3200,7.9800,8.1000,6297200
20130718,8.0000,8.0700,7.9200,8.0300,4123300
20130719,7.5900,8.0400,7.5800,7.9700,4956200
20130722,7.6200,7.6500,7.3300,7.5100,2636600
20130723,7.8100,7.9100,7.5500,7.6200,3529700
20130724,7.7600,7.8000,7.5100,7.7600,4465100
20130725,7.6800,7.8700,7.6500,7.8500,3650200
20130726,7.6900,7.7700,7.5400,7.6100,2839700
20130729,7.4400,7.6900,7.3500,7.6300,2922200
20130730,7.5000,7.6900,7.3000,7.4100,2714200
20130731,7.5200,7.6700,7.3800,7.3800,2019000
20130801,7.6900,7.7200,7.5000,7.5500,2843800
20130802,7.8500,7.9900,7.7000,7.7000,5138900
20130805,7.8700,7.9800,7.7500,7.8600,3414100
20130806,7.8700,7.9200,7.7300,7.8900,3578700
20130807,7.8100,8.0000,7.8000,7.8800,4467200
20130808,7.7800,7.8400,7.6900,7.8300,3333400
20130809,7.8600,7.9500,7.7200,7.9100,4273000
20130812,8.1100,8.1500,7.8200,7.8400,7472300
20130813,8.2300,8.6000,8.2200,8.3000,11509000
20130814,8.1300,8.2400,8.0700,8.1100,7072000
20130815,7.8600,8.1400,7.8000,8.1000,4510500
20130816,7.9600,8.4000,7.8100,7.8100,7568600
20130819,8.0400,8.1000,7.7400,7.7900,4205400
20130820,8.2900,8.3000,7.9300,7.9400,8361000
20130821,8.2300,8.3800,8.1600,8.3400,3987600
20130822,8.1300,8.1500,7.9100,8.1000,5875000
20130823,8.1100,8.2000,7.9000,8.1000,4788500
20130826,8.2100,8.2700,8.0800,8.0800,7811900
20130827,8.1000,8.2100,8.0400,8.1600,3934200
20130828,7.9700,8.0800,7.8800,8.0500,4588100
20130829,7.9300,8.0700,7.9000,7.9700,2766700
20130830,8.0000,8.1800,7.8100,7.9000,9954700
20130902,7.8600,8.0600,7.7200,8.0600,4698800
20130903,8.1300,8.1400,7.8300,7.8700,5349700
20130904,8.1700,8.1800,8.0000,8.1300,4980600
20130905,8.0800,8.2000,8.0500,8.2000,3579600
20130906,8.1600,8.2400,8.0300,8.0300,5157800
20130909,8.6500,8.9000,8.1800,8.2200,17359500
20130910,8.7000,8.7200,8.4500,8.5900,11105900
20130911,8.6500,9.0000,8.6500,8.7200,12968500
20130912,9.2200,9.5200,8.5600,8.6500,21244400
20130913,9.0000,9.5000,8.9900,9.1000,13795200
20130916,8.8400,9.1400,8.7400,9.0000,9984400
20130917,8.5400,8.8900,8.4800,8.8100,6493700
20130918,8.5900,8.6300,8.4000,8.5600,4496300
20130920,8.5900,8.5900,8.5900,8.5900,0
20130923,8.6500,8.6800,8.5000,8.5500,4628400
20130924,8.9700,9.1000,8.5800,8.6500,12640700
20130925,9.2100,9.4900,8.9000,8.9500,13272800
20130926,8.6400,9.0900,8.6100,9.0500,7344700
20130927,8.6500,8.7800,8.4900,8.6000,3149900
20130930,8.9100,9.1200,8.6500,8.6800,4171800
20131001,8.9100,8.9100,8.9100,8.9100,0
20131002,8.9100,8.9100,8.9100,8.9100,0
20131003,8.9100,8.9100,8.9100,8.9100,0
20131004,8.9100,8.9100,8.9100,8.9100,0
20131007,8.9100,8.9100,8.9100,8.9100,0
20131008,8.9400,8.9800,8.6500,8.8700,4373800
20131009,8.9800,9.1200,8.7000,8.8500,5184100
20131010,8.7600,9.0000,8.7100,8.9000,5085100
20131011,9.1100,9.1200,8.7400,8.8100,6731400
20131014,9.3500,9.3900,9.0400,9.1000,8479400
20131015,9.1400,9.5700,9.0600,9.4900,7276600
20131016,8.7500,9.2800,8.6500,9.0700,7331800
20131017,8.6900,8.9600,8.6700,8.9000,4413500
20131018,8.6300,8.7900,8.5900,8.7000,4352200
20131021,8.8500,8.9300,8.5100,8.6100,5581900
20131022,8.5200,8.9200,8.4900,8.8200,6166100
20131023,8.4000,8.7500,8.3500,8.5800,4137100
20131024,8.3600,8.4700,8.3100,8.4100,2578100
20131025,8.3100,8.5200,8.2500,8.3600,2400900
20131028,8.1900,8.3700,8.1700,8.3100,2008800
20131029,8.1600,8.4800,7.9000,8.2000,4754000
20131030,8.2500,8.2800,8.0000,8.1000,2350400
20131031,8.2300,8.4100,8.2000,8.2600,2356800
20131101,8.3000,8.3400,8.1200,8.2300,1986300
20131104,8.1900,8.3400,8.1500,8.3000,1894400
20131105,8.1100,8.1300,7.8300,8.1200,3254000
20131106,7.9700,8.1600,7.9500,8.0300,2101500
20131107,7.8200,8.0700,7.8000,8.0300,2147500
20131108,7.5800,7.8700,7.5600,7.7800,2447400
20131111,7.6300,7.7000,7.5000,7.5500,1534600
20131112,7.7800,7.7800,7.5800,7.6100,1759800
20131113,7.6500,7.7600,7.6200,7.7400,1792200
20131114,7.7000,7.7500,7.6000,7.6500,1373400
20131115,7.9300,8.0500,7.7000,7.7200,3954000
20131118,8.7100,8.7200,7.9300,7.9300,13231700
20131119,8.5700,8.9000,8.4600,8.7000,12393200
20131120,8.7000,8.7100,8.3900,8.4900,7514400
20131121,8.4900,8.6100,8.3200,8.5800,5896600
20131122,8.4900,8.6200,8.4300,8.5200,2956600
20131125,8.9400,9.3400,8.3600,8.4100,14567800
20131126,8.7200,8.9000,8.6400,8.7500,7782400
20131127,8.9000,9.1900,8.6800,8.6800,8399300
20131128,9.0600,9.2700,8.8800,8.8800,10484800
20131129,8.8500,9.0600,8.8100,9.0000,6565200
20131202,8.8200,9.2400,8.6100,8.7500,10266600
20131203,9.0200,9.1200,8.5000,8.6800,7686700
20131204,9.1300,9.4900,9.1100,9.4900,15286300
20131205,9.2300,9.3300,9.0500,9.0500,7533200
20131206,9.0700,9.3200,9.0100,9.1600,6486400
20131209,9.1500,9.2500,9.0300,9.1500,4565400
20131210,8.9800,9.2000,8.9000,9.1500,5864700
20131211,8.7600,8.9800,8.6500,8.9800,4771100
20131212,8.8200,8.8600,8.6300,8.7400,2863600
20131213,8.7700,8.8500,8.6800,8.7500,2633900
20131216,8.5100,8.8000,8.4900,8.7700,3321000
20131217,8.5100,8.6300,8.4000,8.5400,3149200
20131218,8.4900,8.6100,8.4200,8.4700,1891100
20131219,8.4600,8.6500,8.4100,8.6100,2341300
20131220,8.2000,8.5100,8.1300,8.5100,3136500
20131223,8.1000,8.3200,8.0900,8.2000,2276400
20131224,8.0900,8.2200,7.9900,8.1000,2673300
20131225,8.1800,8.1800,8.0300,8.1000,2832900
20131226,7.8900,8.1700,7.8600,8.1700,2556600
20131227,8.4100,8.6300,7.9800,7.9900,6413800
20131230,8.3500,8.4400,8.3000,8.3400,2229800
20131231,8.6000,8.6600,8.3100,8.3600,3777100
20140101,8.6000,8.6000,8.6000,8.6000,0
20140102,8.4900,8.6600,8.4500,8.6200,2107700
20140103,8.5500,8.6400,8.3100,8.5000,2792100
20140106,8.3300,8.5000,8.1700,8.5000,2261400
20140107,8.3700,8.4800,8.2300,8.3300,1311700
20140108,8.4000,8.4600,8.2800,8.3600,2660100
20140109,8.1000,8.4500,8.0500,8.3700,1944600
20140110,7.9700,8.1200,7.9000,8.1100,1803800
20140113,7.9800,8.0900,7.9100,8.0600,1031800
20140114,8.0900,8.1500,7.9300,7.9300,1310200
20140115,8.1000,8.1600,7.9600,8.1000,1508400
20140116,8.2800,8.3400,8.0500,8.1000,2706600
20140117,8.1200,8.3200,8.0000,8.2200,1708600
20140120,8.0100,8.1800,7.9600,8.1800,1228000
20140121,8.0500,8.1500,7.9700,8.0100,1675600
20140122,8.3000,8.3300,8.0200,8.0200,2416100
20140123,8.2600,8.3000,8.2000,8.2800,1830000
20140124,8.3900,8.4400,8.1600,8.2000,2302700
20140127,8.2300,8.3700,8.2200,8.3700,2021700
20140128,8.3300,8.3400,8.2200,8.2300,1401500
20140129,8.3500,8.3700,8.2300,8.2700,1652200
20140130,8.1600,8.3400,8.1100,8.3000,1504200
20140131,8.1600,8.1600,8.1600,8.1600,0
20140203,8.1600,8.1600,8.1600,8.1600,0
20140205,8.1600,8.1600,8.1600,8.1600,0
20140206,8.1600,8.1600,8.1600,8.1600,0
20140207,8.2100,8.2400,7.9800,8.0700,1492700
20140210,8.4900,8.5600,8.2000,8.2100,3378700
20140211,8.6000,8.7200,8.4100,8.4900,4625000
20140212,8.5900,8.6000,8.4400,8.5500,3040000
20140213,8.6500,8.7900,8.2900,8.5800,9183100
20140214,9.5200,9.5200,8.5100,8.5100,20299300
20140217,9.9000,10.3500,9.7500,9.9900,27628800
20140218,10.5100,10.8900,9.8200,9.9600,28230500
20140219,11.0100,11.4000,9.9500,10.2300,28233500
20140220,10.4700,10.9300,10.4500,10.6300,17269800
20140221,9.9900,10.4100,9.9000,10.3000,11925900
20140224,10.1100,10.1900,9.7600,9.9400,9370400
20140225,9.2400,10.1200,9.1200,10.1100,12327100
