20130226,2.7300,2.8000,2.7100,2.7900,6179000
20130227,2.7200,2.7500,2.7100,2.7200,5222000
20130228,2.8800,2.9400,2.7200,2.7200,33877300
20130301,2.8800,2.8800,2.8100,2.8500,17338200
20130304,2.8100,2.9100,2.7800,2.9000,13871100
20130305,2.8700,2.8700,2.8100,2.8300,10419200
20130306,2.8800,2.9000,2.8400,2.8700,13317600
20130307,2.8300,2.8700,2.8000,2.8700,11501100
20130308,2.8500,2.8500,2.8000,2.8200,6661100
20130311,2.8200,2.8400,2.8000,2.8400,5331500
20130312,2.7300,2.8200,2.7000,2.8200,11024200
20130313,2.6800,2.7300,2.6500,2.7000,6649000
20130314,2.6900,2.7100,2.6700,2.6900,3983700
20130315,2.6900,2.7200,2.6600,2.6900,5400500
20130318,2.6500,2.7000,2.6400,2.6800,4276900
20130319,2.6600,2.6800,2.6200,2.6500,3220300
20130320,2.6500,2.6600,2.4500,2.6400,24332800
20130321,2.6200,2.6200,2.5800,2.6000,13762800
20130322,2.5800,2.6100,2.5600,2.6100,8575500
20130325,2.6000,2.6100,2.5800,2.5900,6969000
20130326,2.5700,2.6000,2.5400,2.6000,7033100
20130327,2.5500,2.5800,2.5400,2.5700,5721800
20130328,2.5800,2.6900,2.4900,2.5600,17748600
20130329,2.5500,2.5700,2.5100,2.5600,8390800
20130401,2.5400,2.5600,2.5200,2.5500,5049600
20130402,2.5200,2.5500,2.5200,2.5500,5164500
20130403,2.4900,2.5400,2.4800,2.5200,4965300
20130404,2.4900,2.4900,2.4900,2.4900,0
20130405,2.4900,2.4900,2.4900,2.4900,0
20130408,2.4600,2.4800,2.4200,2.4800,5042600
20130409,2.5000,2.5200,2.4600,2.4600,5963900
20130410,2.5400,2.5500,2.5100,2.5100,6546400
20130411,2.5300,2.5400,2.5100,2.5400,4202000
20130412,2.5500,2.5500,2.5000,2.5300,6115100
20130415,2.4800,2.5400,2.4600,2.5400,4656700
20130416,2.4900,2.5000,2.4400,2.4500,4097400
20130417,2.4800,2.5100,2.4600,2.5100,3632100
20130418,2.4700,2.4900,2.4600,2.4800,2654800
20130419,2.5100,2.5100,2.4700,2.4700,4391300
20130422,2.5100,2.5100,2.4700,2.4700,5112500
20130423,2.4300,2.5100,2.4300,2.5000,4809100
20130424,2.4500,2.4600,2.4200,2.4300,4241500
20130425,2.4200,2.4500,2.4100,2.4500,5502100
20130426,2.3600,2.4300,2.3500,2.4100,6813000
20130429,2.3600,2.3600,2.3600,2.3600,0
20130430,2.3600,2.3600,2.3600,2.3600,0
20130501,2.3600,2.3600,2.3600,2.3600,0
20130502,2.3800,2.4100,2.3600,2.3700,3444600
20130503,2.4400,2.4400,2.3800,2.4000,5658500
20130506,2.5500,2.5900,2.5000,2.5000,18775500
20130507,2.5300,2.5300,2.5000,2.5200,7789800
20130508,2.5300,2.5400,2.5000,2.5300,4676900
20130509,2.4800,2.5300,2.4600,2.5300,5729300
20130510,2.4900,2.5000,2.4500,2.4700,4773400
20130513,2.4900,2.5000,2.4600,2.4900,4234100
20130514,2.5400,2.5700,2.4500,2.4900,8848800
20130515,2.5200,2.5400,2.4900,2.5400,6801000
20130516,2.5300,2.5300,2.4900,2.5200,6878700
20130517,2.5400,2.5600,2.5000,2.5200,9979500
20130520,2.5600,2.5700,2.5200,2.5400,16722700
20130521,2.5700,2.6500,2.5600,2.6000,18843200
20130522,2.5900,2.6300,2.5500,2.5700,15335600
20130523,2.5300,2.5700,2.5200,2.5500,11302400
20130524,2.5600,2.5700,2.5200,2.5200,6747200
20130527,2.5500,2.5600,2.5300,2.5600,6373200
20130528,2.5700,2.5800,2.5300,2.5700,7973300
20130529,2.5900,2.5900,2.5600,2.5600,8997600
20130530,2.5600,2.5800,2.5400,2.5800,7681800
20130531,2.5700,2.6000,2.5500,2.5600,10918400
20130603,2.5600,2.5800,2.5500,2.5700,6373500
20130604,2.5300,2.5600,2.5000,2.5500,8866600
20130605,2.5000,2.5200,2.4800,2.5200,5022900
20130606,2.4500,2.4900,2.4400,2.4900,6160600
20130607,2.4400,2.4700,2.4100,2.4400,4580000
20130610,2.4400,2.4400,2.4400,2.4400,0
20130611,2.4400,2.4400,2.4400,2.4400,0
20130612,2.4400,2.4400,2.4400,2.4400,0
20130613,2.3700,2.4300,2.3500,2.4300,4853000
20130614,2.4000,2.4100,2.3700,2.3700,3211900
20130617,2.4500,2.4700,2.4300,2.4300,7634300
20130618,2.4400,2.4800,2.4300,2.4500,3597900
20130619,2.4300,2.4300,2.3800,2.4300,3368700
20130620,2.3700,2.4300,2.3700,2.4300,3296300
20130621,2.3500,2.3700,2.3200,2.3600,3842600
20130624,2.2100,2.3500,2.1600,2.3500,6611000
20130625,2.2000,2.2500,2.0200,2.2000,7270400
20130626,2.2000,2.2200,2.1700,2.2000,3605400
20130627,2.1800,2.2300,2.1700,2.2100,3740200
20130628,2.1900,2.2100,2.1400,2.1800,3695800
20130701,2.1700,2.1900,2.1300,2.1700,4742900
20130702,2.1700,2.1800,2.1400,2.1600,3235700
20130703,2.3900,2.3900,2.1100,2.1700,16854500
20130704,2.4300,2.5000,2.3800,2.5000,42163100
20130705,2.3500,2.4300,2.3100,2.3600,18769800
20130708,2.2200,2.3100,2.2100,2.3000,10932800
20130709,2.2500,2.2500,2.2000,2.2500,7445000
20130710,2.2800,2.2800,2.1500,2.2300,13924700
20130711,2.3200,2.3500,2.2300,2.2600,15887900
20130712,2.2600,2.3200,2.2500,2.3100,9459600
20130715,2.3000,2.3100,2.2400,2.2500,8879600
20130716,2.3400,2.4200,2.3300,2.3700,18416300
20130717,2.3100,2.3500,2.3000,2.3400,8277300
20130718,2.2700,2.3100,2.2600,2.3000,5984100
20130719,2.2400,2.3600,2.2400,2.3200,6501900
20130722,2.2600,2.2700,2.1800,2.2200,5140300
20130723,2.3000,2.3100,2.2400,2.2600,6077900
20130724,2.3500,2.3800,2.2500,2.2900,10383700
20130725,2.3000,2.3300,2.2900,2.3200,6800100
20130726,2.2800,2.3200,2.2700,2.3200,3475800
20130729,2.3400,2.4100,2.3100,2.3200,22760800
20130730,2.3100,2.3400,2.2600,2.3100,8188300
20130731,2.2900,2.3200,2.2800,2.3100,5071700
20130801,2.3200,2.3200,2.2700,2.2900,6760300
20130802,2.3100,2.3400,2.3000,2.3300,6370700
20130805,2.3300,2.3300,2.2900,2.3100,6897100
20130806,2.3400,2.3500,2.3000,2.3300,7775700
20130807,2.3600,2.4100,2.3400,2.3400,19180700
20130808,2.3500,2.3800,2.3400,2.3500,7407700
20130809,2.3600,2.3800,2.3300,2.3600,5748600
20130812,2.4000,2.4000,2.3400,2.3600,13482600
20130813,2.4000,2.4000,2.3600,2.4000,11648100
20130814,2.3800,2.4200,2.3700,2.3800,11296200
20130815,2.3400,2.3900,2.3400,2.3900,7423100
20130816,2.3100,2.3900,2.3000,2.3300,10063400
20130819,2.3200,2.3300,2.2800,2.2900,5171900
20130820,2.2900,2.3300,2.2800,2.3100,5524600
20130821,2.3100,2.3100,2.2800,2.3000,4452500
20130822,2.3100,2.3200,2.2900,2.3000,4262100
20130823,2.2900,2.3200,2.2600,2.3000,6319900
20130826,2.3300,2.3300,2.2700,2.2900,8650200
20130827,2.3500,2.3700,2.3100,2.3200,9303300
20130828,2.3600,2.3800,2.3300,2.3500,10376200
20130829,2.3800,2.4000,2.3500,2.3600,11098100
20130830,2.3600,2.3900,2.3300,2.3800,11833100
20130902,2.4100,2.4400,2.3700,2.3700,19470500
20130903,2.4500,2.5500,2.3700,2.4000,23070500
20130904,2.4200,2.4700,2.3800,2.4500,12954600
20130905,2.5500,2.6600,2.3900,2.4300,59610100
20130906,2.5000,2.5200,2.4500,2.5000,30703100
20130909,2.5100,2.5700,2.4700,2.4800,20077100
20130910,2.5600,2.5700,2.4700,2.5200,24427100
20130911,2.5800,2.6500,2.5500,2.5600,27674700
20130912,2.6800,2.7500,2.5400,2.5900,35091500
20130913,2.6200,2.6900,2.5800,2.6800,23061300
20130916,2.5800,2.6400,2.5600,2.6000,10853700
20130917,2.5000,2.6000,2.4800,2.5900,11654400
20130918,2.5100,2.5200,2.4600,2.4600,6970600
20130920,2.5100,2.5100,2.5100,2.5100,0
20130923,2.5800,2.6200,2.5000,2.5100,13361600
20130924,2.5500,2.5700,2.5200,2.5700,10093100
20130925,2.5400,2.6400,2.5300,2.6100,10378200
20130926,2.4400,2.5200,2.4300,2.5000,12076900
20130927,2.4900,2.5100,2.4200,2.4300,7979200
20130930,2.5000,2.5300,2.4800,2.5200,4876200
20131001,2.5000,2.5000,2.5000,2.5000,0
20131002,2.5000,2.5000,2.5000,2.5000,0
20131003,2.5000,2.5000,2.5000,2.5000,0
20131004,2.5000,2.5000,2.5000,2.5000,0
20131007,2.5000,2.5000,2.5000,2.5000,0
20131008,2.5400,2.5400,2.4400,2.5100,8655100
20131009,2.6600,2.7500,2.5000,2.5300,31512600
20131010,2.6300,2.6800,2.5900,2.6000,16747100
20131011,2.6400,2.6800,2.6200,2.6200,15742800
20131014,2.6600,2.6900,2.6000,2.6700,12826300
20131015,2.6200,2.6600,2.6000,2.6500,12037400
20131016,2.5400,2.6200,2.5300,2.6200,12504500
20131017,2.6100,2.6700,2.5600,2.5600,16108400
20131018,2.5700,2.6100,2.5600,2.6000,9231300
20131021,2.6000,2.6100,2.5400,2.5800,11785900
20131022,2.6700,2.7500,2.5900,2.6000,36365300
20131023,2.5800,2.6600,2.5500,2.6300,20248700
20131024,2.5600,2.6300,2.5500,2.5600,8097900
20131025,2.5600,2.6300,2.5500,2.5900,10559700
20131028,2.5500,2.5700,2.4900,2.5700,7604300
20131029,2.4700,2.5600,2.3900,2.5200,11244800
20131030,2.4900,2.5000,2.4500,2.4700,6541500
20131031,2.5100,2.5400,2.4800,2.5100,7650300
20131101,2.5200,2.5300,2.4700,2.5100,4756800
20131104,2.5200,2.5400,2.5000,2.5000,4287800
20131105,2.5300,2.5300,2.4900,2.5100,5629900
20131106,2.5400,2.6000,2.5000,2.5300,10156600
20131107,2.4800,2.5300,2.4700,2.5300,6807300
20131108,2.4500,2.5000,2.4300,2.4700,4663900
20131111,2.4600,2.4800,2.4400,2.4500,3172700
20131112,2.4800,2.4900,2.4600,2.4600,3625000
20131113,2.4100,2.4800,2.4100,2.4800,4285000
20131114,2.4200,2.4300,2.3600,2.4200,3642800
20131115,2.4400,2.4800,2.4000,2.4200,5365700
20131118,2.4900,2.4900,2.4400,2.4400,5045900
20131119,2.5000,2.5300,2.4600,2.4900,6750700
20131120,2.5200,2.5200,2.4800,2.5000,6377800
20131121,2.5000,2.5100,2.4800,2.5000,5781300
20131122,2.4900,2.5000,2.4600,2.5000,4853000
20131125,2.5100,2.5700,2.4700,2.4800,10567100
20131126,2.4900,2.5100,2.4800,2.5000,5659000
20131127,2.5000,2.5100,2.4800,2.4800,4639800
20131128,2.5200,2.5400,2.5000,2.5000,7138000
20131129,2.5300,2.5400,2.5100,2.5100,4718500
20131202,2.4400,2.5300,2.4200,2.5000,11623700
20131203,2.4700,2.4800,2.4200,2.4200,3917900
20131204,2.4900,2.5100,2.4600,2.4700,7089300
20131205,2.5100,2.5100,2.4800,2.4900,5179100
20131206,2.5000,2.5200,2.4900,2.5100,6105900
20131209,2.5200,2.5200,2.5000,2.5000,6326000
20131210,2.5100,2.5200,2.4900,2.5100,5254000
20131211,2.4600,2.5100,2.4500,2.5100,4747500
20131212,2.4600,2.4800,2.4600,2.4700,3260600
20131213,2.4700,2.4800,2.4500,2.4500,3304100
20131216,2.4400,2.4800,2.4300,2.4600,3371900
20131217,2.4100,2.4500,2.4000,2.4300,4639400
20131218,2.4000,2.4300,2.4000,2.4100,3027600
20131219,2.3800,2.4300,2.3800,2.4200,3235200
20131220,2.3600,2.4000,2.3500,2.3900,3431400
20131223,2.3300,2.3700,2.3000,2.3600,3242200
20131224,2.3300,2.3700,2.3100,2.3300,2916100
20131225,2.3400,2.3500,2.3200,2.3300,2090000
20131226,2.3800,2.4300,2.3000,2.3400,7540700
20131227,2.3900,2.4100,2.3500,2.3600,4329000
20131230,2.4400,2.4900,2.3700,2.3900,8530500
20131231,2.4200,2.4400,2.3900,2.4100,4694900
20140101,2.4200,2.4200,2.4200,2.4200,0
20140102,2.4200,2.4400,2.4000,2.4200,3416000
20140103,2.4000,2.4200,2.3900,2.4200,2569500
20140106,2.3600,2.3900,2.2900,2.3900,5743600
20140107,2.3900,2.3900,2.3200,2.3300,3518000
20140108,2.3800,2.4000,2.3700,2.3900,3107100
20140109,2.3400,2.3800,2.3400,2.3700,4031500
20140110,2.3300,2.3400,2.3100,2.3300,3966200
20140113,2.3700,2.3700,2.3100,2.3300,3248600
20140114,2.4100,2.4700,2.3400,2.3600,4593000
20140115,2.4100,2.4300,2.3900,2.4100,2330700
20140116,2.4000,2.4300,2.4000,2.4200,2352700
20140117,2.4000,2.4200,2.3900,2.3900,2802800
20140120,2.4200,2.4200,2.3500,2.3800,2721800
20140121,2.4400,2.4400,2.4100,2.4200,3189500
20140122,2.4600,2.4700,2.4200,2.4300,4739900
20140123,2.4600,2.4700,2.4400,2.4400,4833200
20140124,2.4900,2.5000,2.4500,2.4500,7240700
20140127,2.5000,2.5300,2.4700,2.4800,8031400
20140128,2.4900,2.5200,2.4700,2.5000,5626300
20140129,2.5000,2.5200,2.4800,2.5000,5372800
20140130,2.5100,2.5100,2.4800,2.5000,3257800
20140131,2.5100,2.5100,2.5100,2.5100,0
20140203,2.5100,2.5100,2.5100,2.5100,0
20140205,2.5100,2.5100,2.5100,2.5100,0
20140206,2.5100,2.5100,2.5100,2.5100,0
20140207,2.5600,2.5600,2.4700,2.5000,8751500
20140210,2.5600,2.5800,2.5400,2.5500,10896500
20140211,2.5400,2.5800,2.5400,2.5500,7685700
20140212,2.6900,2.7400,2.5100,2.5400,36536600
20140213,2.6100,2.6800,2.6000,2.6600,14370300
20140214,2.6900,2.7300,2.5900,2.6200,20597500
20140217,2.7100,2.7500,2.6600,2.7300,13554900
20140218,2.7200,2.7500,2.6800,2.6900,18899100
20140219,2.6800,2.7100,2.6500,2.7000,14327600
20140220,2.6300,2.7000,2.6200,2.6800,13388700
20140221,2.6100,2.6600,2.5800,2.6200,9997100
20140224,2.6200,2.6300,2.5600,2.5800,7258800
20140225,2.5500,2.6300,2.5200,2.6200,10788000
