20130226,16.9100,17.2500,16.5900,16.7000,1342000
20130227,16.6700,17.1000,16.5100,16.8700,807600
20130228,16.4400,16.8000,16.1600,16.6700,1183800
20130301,16.6000,16.6800,16.3300,16.4400,711900
20130304,15.9000,16.4900,15.8000,16.4900,1177900
20130305,16.0900,16.1000,15.8800,16.0600,986800
20130306,16.8300,16.8600,16.1400,16.1800,1744700
20130307,16.6700,17.0800,16.5400,17.0000,1102700
20130308,16.6400,16.8800,16.6200,16.6900,847900
20130311,16.1300,16.5800,16.0500,16.5800,1069300
20130312,15.5800,16.1600,15.3800,16.1300,1594500
20130313,15.3300,15.7500,15.1500,15.7100,581600
20130314,15.4500,15.4800,15.1500,15.1600,384600
20130315,16.0800,16.1300,15.4500,15.4500,1301600
20130318,16.4900,16.9900,16.3500,16.3500,2410900
20130319,16.0600,16.4400,15.8000,16.3000,1042900
20130320,16.4300,16.4800,16.0000,16.0000,1094800
20130321,16.5200,16.8000,16.4300,16.4800,1063000
20130322,16.7100,16.7800,16.2200,16.4200,981700
20130325,16.5500,16.9100,16.5200,16.6300,1049200
20130326,16.4200,16.5500,16.1200,16.5500,893000
20130327,16.8900,16.9700,16.4300,16.4300,2299300
20130328,16.2500,16.8100,16.2000,16.8000,1428000
20130329,16.0300,16.4800,15.9000,16.0000,879400
20130401,16.0500,16.3800,16.0300,16.0300,769200
20130402,15.4600,16.1600,15.2000,16.0800,1395400
20130403,15.6100,15.7200,15.1000,15.1000,615800
20130404,15.6100,15.6100,15.6100,15.6100,0
20130405,15.6100,15.6100,15.6100,15.6100,0
20130408,15.6800,15.8300,15.5000,15.6500,643600
20130409,15.7700,15.8300,15.6300,15.6800,376800
20130410,15.3500,15.8000,15.2300,15.7900,477100
20130411,15.3100,15.4900,15.2500,15.3500,427500
20130412,15.2600,15.5000,15.1600,15.3300,168900
20130415,15.1600,15.3000,15.1000,15.2600,230900
20130416,15.4700,15.4800,15.1500,15.1500,418300
20130417,15.5200,15.5500,15.3100,15.5500,270800
20130418,15.3100,15.5100,15.1300,15.5100,409900
20130419,16.2000,16.4800,15.2000,15.3200,1973600
20130422,16.2300,16.6900,16.1400,16.2000,928300
20130423,15.7900,16.4400,15.6000,16.2500,645100
20130424,16.0200,16.0900,15.6500,15.7800,617600
20130425,15.6600,16.1900,15.6500,15.9600,736900
20130426,15.8700,16.5600,15.6500,15.6600,948500
20130429,15.8700,15.8700,15.8700,15.8700,0
20130430,15.8700,15.8700,15.8700,15.8700,0
20130501,15.8700,15.8700,15.8700,15.8700,0
20130502,16.0500,16.1500,15.0500,15.7000,424800
20130503,16.1900,16.3200,15.8800,16.0100,695700
20130506,16.1400,16.3000,15.7200,16.2000,1688600
20130507,15.9600,16.0800,15.8500,16.0400,601700
20130508,16.4700,16.6600,16.0500,16.0500,2418000
20130509,16.2900,16.3500,16.0000,16.3500,1371300
20130510,16.4000,16.4000,16.1300,16.1900,848600
20130513,16.5000,16.5900,16.3000,16.4000,1200500
20130514,16.1400,16.5000,16.0500,16.3700,929500
20130515,16.1500,16.2200,16.0100,16.1300,810900
20130516,16.4300,16.4800,16.0300,16.1200,1351800
20130517,16.6900,16.8900,16.3700,16.3900,2438300
20130520,16.6900,16.8200,16.4000,16.7200,1721200
20130521,16.9700,16.9900,16.5300,16.6900,1775600
20130522,17.1600,17.4500,16.8000,16.9600,2580700
20130523,16.8400,17.1600,16.8100,17.1500,1231200
20130524,16.8600,16.9300,16.6400,16.8000,1133900
20130527,16.8900,17.0000,16.7000,16.8000,726100
20130528,16.5700,16.8900,16.5600,16.8800,978400
20130529,16.6100,16.7400,16.4600,16.5100,863400
20130530,17.0400,17.0700,16.5100,16.6000,1666200
20130531,17.1300,17.3800,16.8800,17.0000,2442100
20130603,18.8400,18.8400,17.1800,17.1800,7161000
20130604,18.6300,19.9800,18.3100,19.0500,10869900
20130605,19.1700,19.2700,17.7500,18.5000,5884700
20130606,18.2500,18.9800,18.0100,18.7300,3344000
20130607,17.5300,18.4300,17.5100,18.0400,2229000
20130610,17.5300,17.5300,17.5300,17.5300,0
20130611,17.5300,17.5300,17.5300,17.5300,0
20130612,17.5300,17.5300,17.5300,17.5300,0
20130613,16.7200,17.3500,16.3100,17.3500,1881700
20130614,16.8200,17.0000,16.6600,16.8000,1488700
20130617,17.4600,17.7000,16.8200,16.8200,2058400
20130618,17.3500,17.7800,17.0500,17.4800,1359200
20130619,16.7900,17.3300,16.5100,17.3300,1596000
20130620,17.1700,17.2000,16.3000,16.6300,2048200
20130621,16.8100,17.0900,16.5800,17.0100,951400
20130624,15.1600,17.0400,15.1500,16.8200,1905700
20130625,15.4600,15.8800,14.1000,15.0800,1782300
20130626,15.8800,15.8800,15.1900,15.5000,972500
20130627,16.2100,16.9400,15.9000,15.9000,2158400
20130628,16.0200,16.3800,15.7000,15.9900,683600
20130701,16.5800,16.5900,16.0300,16.0300,480200
20130702,17.2700,17.5300,16.4200,16.5800,1727700
20130703,17.1600,17.3600,16.8000,16.9500,1502600
20130704,17.1900,17.4200,16.7600,17.0100,1427300
20130705,17.0200,17.3700,17.0100,17.1000,730800
20130708,16.1500,16.9000,16.1000,16.9000,742000
20130709,16.0800,16.3000,15.9700,16.0600,686900
20130710,16.8000,16.9500,16.0900,16.0900,1034200
20130711,17.1700,17.3900,16.7300,16.9900,1403300
20130712,17.0800,17.3600,16.9900,17.1700,1055300
20130715,17.6100,17.6300,16.9900,17.1000,1487100
20130716,17.5900,17.6300,17.3900,17.5900,1144800
20130717,17.1300,17.5700,17.0300,17.5100,1185900
20130718,16.9600,17.1900,16.9000,17.0300,676100
20130719,16.2700,17.0600,16.2400,17.0200,1052300
20130722,16.6000,16.6500,16.0700,16.2700,870900
20130723,17.1600,17.1800,16.3600,16.5800,1090400
20130724,17.5200,17.5800,17.0000,17.1600,2079200
20130725,17.0600,17.6000,17.0400,17.4800,2907000
20130726,17.3800,17.4000,16.8600,16.9600,1293300
20130729,17.0700,17.2900,17.0300,17.2900,861200
20130730,18.1500,18.3000,17.0000,17.0000,3592500
20130731,17.8900,18.2800,17.7600,18.1400,1661600
20130801,18.1500,18.2000,17.7000,17.7000,1389600
20130802,18.7400,18.8000,18.0300,18.1600,2871300
20130805,18.9000,19.4500,18.4100,18.5000,3536000
20130806,18.6700,18.9300,18.3100,18.9300,1947800
20130807,17.9700,18.6100,17.7000,18.6100,2789100
20130808,18.3200,18.3700,17.8100,17.9500,1556500
20130809,18.1800,18.3900,17.8900,18.3400,1193300
20130812,18.2400,18.3600,18.0800,18.1400,1347500
20130813,18.3300,18.3500,17.9200,18.2300,1138700
20130814,18.1200,18.5000,18.0800,18.2400,937600
20130815,17.3400,18.1200,17.0000,18.1000,1662200
20130816,17.3000,17.7700,17.1900,17.2100,836000
20130819,17.7800,17.8000,16.6000,16.6000,1375800
20130820,17.5300,17.9000,17.3500,17.6100,722400
20130821,17.5300,17.6400,17.4200,17.5500,454600
20130822,17.8000,17.8300,17.3000,17.5500,1102400
20130823,17.9800,17.9800,17.6800,17.7500,1094700
20130826,18.1700,18.3000,17.9800,18.0500,1172700
20130827,17.9400,18.2400,17.7900,18.1700,695800
20130828,17.6300,17.8800,17.5300,17.8800,692500
20130829,17.4700,17.7500,17.3000,17.6300,736300
20130830,17.4200,17.8600,17.3100,17.5000,992800
20130902,17.6300,17.6300,16.7600,17.3100,606300
20130903,17.7000,17.8000,17.4800,17.4800,383800
20130904,17.9900,18.0000,17.5100,17.6800,853300
20130905,17.6200,18.1900,17.5900,18.1800,809200
20130906,17.4300,17.5800,17.3300,17.4200,501400
20130909,17.4700,17.6100,17.4000,17.5300,547000
20130910,17.6000,17.6100,17.3800,17.4600,627600
20130911,17.7600,17.9200,17.5300,17.6000,1076000
20130912,17.7300,17.8400,17.6000,17.7400,643900
20130913,17.7900,17.8400,17.6500,17.6700,544500
20130916,18.0400,18.1000,17.7200,17.7200,1072600
20130917,17.4500,18.1700,17.4100,18.0400,892600
20130918,18.0600,18.0900,17.2000,17.4100,1140800
20130920,18.0600,18.0600,18.0600,18.0600,0
20130923,18.0400,18.0900,17.8800,18.0600,1266100
20130924,18.0800,18.5300,18.0500,18.0900,1655200
20130925,17.9400,18.4200,17.8000,18.0800,1376100
20130926,17.6500,18.0000,17.5300,18.0000,718500
20130927,17.8400,18.2000,17.6000,17.6700,1098500
20130930,17.7400,17.9300,17.7100,17.8500,722000
20131001,17.7400,17.7400,17.7400,17.7400,0
20131002,17.7400,17.7400,17.7400,17.7400,0
20131003,17.7400,17.7400,17.7400,17.7400,0
20131004,17.7400,17.7400,17.7400,17.7400,0
20131007,17.7400,17.7400,17.7400,17.7400,0
20131008,18.1300,18.1400,17.7400,17.7400,1005700
20131009,18.0600,18.2600,18.0500,18.2300,1248600
20131010,18.6000,18.7700,17.9500,18.0700,2896600
20131011,18.6100,18.9700,18.4400,18.6100,1337100
20131014,18.6400,18.8800,18.5300,18.6900,1239900
20131015,19.2200,19.3800,18.6400,18.7400,2551100
20131016,19.5900,19.6000,18.5000,19.1000,3350400
20131017,19.1500,19.9700,19.0200,19.5400,2790700
20131018,18.7200,19.1500,18.5900,19.0400,1670400
20131021,19.2400,19.4900,18.6700,18.6700,1913700
20131022,18.5800,19.8800,18.4200,19.8800,1905800
20131023,17.8800,18.9900,17.6900,18.6100,1969600
20131024,18.1000,18.3400,17.7200,17.9800,981700
20131025,18.1000,18.2000,17.9100,18.1200,633100
20131028,18.0700,18.6900,18.0000,18.0000,832300
20131029,17.7500,18.3700,17.3300,18.0400,1028600
20131030,17.8500,17.9500,17.4500,17.7800,434000
20131031,17.7000,17.8600,17.5800,17.6500,443400
20131101,17.9000,18.2600,17.6300,17.6300,540600
20131104,18.2200,18.2200,17.7600,17.9400,637200
20131105,18.1900,18.2500,17.9200,18.0900,530500
20131106,18.0300,18.2200,17.9000,18.1000,897800
20131107,17.5400,18.0800,17.5300,17.9200,603800
20131108,17.4600,17.7000,17.3000,17.5100,407300
20131111,17.6500,17.7400,17.3600,17.4600,350600
20131112,17.8300,17.8900,17.5300,17.5300,341100
20131113,17.8600,18.0500,17.7000,17.7000,609400
20131114,18.4300,18.5700,17.8300,17.8300,1066400
20131115,18.7500,18.9600,18.3500,18.4300,864400
20131118,18.7500,19.0700,18.5800,18.7000,689700
20131119,19.0100,19.2300,18.6900,18.7000,1129700
20131120,19.0400,19.1800,18.7300,19.0800,564900
20131121,18.9000,19.0500,18.7600,18.7700,441300
20131122,18.8400,18.9700,18.7600,18.9000,294600
20131125,19.1700,19.2600,18.7100,18.8200,689600
20131126,19.2000,19.3900,19.1500,19.2600,686300
20131127,19.0500,19.2800,18.9200,19.2800,481200
20131128,19.0900,19.2300,18.9600,19.0500,609300
20131129,19.4600,19.5400,18.9800,19.0400,868500
20131202,18.6400,19.1900,17.8000,19.0000,822200
20131203,18.7100,18.8300,18.2500,18.5000,416400
20131204,18.7400,18.9500,18.5200,18.6000,369000
20131205,18.9000,19.0800,18.6500,18.7900,366200
20131206,18.7800,18.8800,18.5000,18.8800,320900
20131209,18.7700,18.8600,18.6500,18.8600,146600
20131210,18.4700,18.8000,18.4500,18.5800,315200
20131211,17.9700,18.5400,17.8000,18.4500,618800
20131212,18.1200,18.1400,17.9000,17.9800,321500
20131213,18.0000,18.2000,17.9000,18.1300,264300
20131216,18.0500,18.2300,17.8000,18.0000,450300
20131217,17.8800,18.0600,17.5100,17.8500,497400
20131218,17.9900,18.0300,17.7500,17.8600,270100
20131219,17.8200,18.1600,17.8000,18.1000,200700
20131220,17.6800,17.9700,17.4700,17.9700,363400
20131223,18.0300,18.3900,17.3600,17.6800,706900
20131224,17.8500,18.0000,17.5100,17.8400,522500
20131225,17.8100,17.8800,17.5000,17.6900,301900
20131226,17.2200,18.0500,17.1500,17.8600,642300
20131227,17.4300,17.5100,16.4500,17.1700,727700
20131230,17.4300,17.4700,17.1100,17.2100,355000
20131231,17.7400,17.8500,17.3300,17.4200,450400
20140101,17.7400,17.7400,17.7400,17.7400,0
20140102,17.8500,17.9600,17.6700,17.7000,251800
20140103,17.8500,18.0300,17.6100,17.7000,267200
20140106,17.4300,17.7100,17.4000,17.6000,277500
20140107,17.2500,17.5300,17.1300,17.5300,250500
20140108,17.3400,17.4400,17.1200,17.1200,238900
20140109,17.2200,17.4400,17.2000,17.4300,260100
20140110,17.4500,17.5400,17.2500,17.2500,427300
20140113,18.9800,19.2000,17.4500,17.4500,1306500
20140114,18.9200,19.2500,18.6700,18.9900,1177300
20140115,18.8300,19.1500,18.7400,18.7400,431600
20140116,18.2200,18.8000,18.2000,18.8000,475000
20140117,18.4800,18.8700,18.0000,18.1700,398800
20140120,18.8500,19.3300,18.3500,18.4100,951700
20140121,18.7200,18.9900,18.6800,18.9900,384200
20140122,18.7900,18.9000,18.5300,18.7900,580500
20140123,18.8600,19.1500,18.7900,18.7900,553300
20140124,19.0500,19.1000,18.6000,18.8600,530500
20140127,18.7800,19.1000,18.5000,19.0500,272500
20140128,18.5400,19.2500,18.5200,19.2500,348900
20140129,18.6700,18.7400,18.3400,18.5000,257600
20140130,18.6800,18.7600,18.4000,18.6700,151100
20140131,18.6800,18.6800,18.6800,18.6800,0
20140203,18.6800,18.6800,18.6800,18.6800,0
20140205,18.6800,18.6800,18.6800,18.6800,0
20140206,18.6800,18.6800,18.6800,18.6800,0
20140207,19.4900,19.5000,18.6000,18.6800,1035700
20140210,21.4400,21.4400,19.5000,19.6500,1997400
20140211,23.5800,23.5800,22.4800,22.5000,1985400
20140212,23.7200,25.2000,22.8400,25.2000,3623100
20140213,25.6500,26.0900,23.2100,23.7400,3673600
20140214,28.2200,28.2200,26.0500,26.0600,1947700
20140217,31.0400,31.0400,31.0400,31.0400,378000
20140218,31.0400,31.0400,31.0400,31.0400,0
20140219,31.0400,31.0400,31.0400,31.0400,0
20140220,31.0400,31.0400,31.0400,31.0400,0
20140221,31.0400,31.0400,31.0400,31.0400,0
20140224,28.1000,31.0400,27.9400,31.0400,4238500
20140225,25.2900,28.0000,25.2900,27.8600,6429700
