20130226,3.4700,3.5300,3.4600,3.5100,6373900
20130227,3.4700,3.5000,3.4400,3.4700,5133200
20130228,3.5300,3.5400,3.4700,3.4700,6595200
20130301,3.5500,3.5700,3.5200,3.5400,6858900
20130304,3.4400,3.5500,3.4200,3.5500,7708100
20130305,3.4800,3.4800,3.4300,3.4300,4943100
20130306,3.5300,3.5600,3.4600,3.4900,7136900
20130307,3.5100,3.5700,3.4900,3.5300,5854600
20130308,3.5100,3.5300,3.5100,3.5200,2677500
20130311,3.5000,3.5200,3.4900,3.5100,3304500
20130312,3.4400,3.5200,3.4200,3.5100,6128600
20130313,3.4000,3.4400,3.3800,3.4300,5298800
20130314,3.3900,3.4100,3.3800,3.3800,2886300
20130315,3.3900,3.4300,3.3600,3.4000,5249900
20130318,3.3700,3.3900,3.3500,3.3900,3909200
20130319,3.3800,3.3800,3.3000,3.3600,4157600
20130320,3.4400,3.4500,3.3700,3.3700,7111900
20130321,3.4300,3.4600,3.4200,3.4300,5700600
20130322,3.4200,3.4400,3.4000,3.4300,5434500
20130325,3.4000,3.4300,3.3900,3.4200,3876800
20130326,3.3800,3.4000,3.3500,3.4000,5022000
20130327,3.4000,3.4100,3.3700,3.3800,4465300
20130328,3.3300,3.3900,3.3100,3.3900,6489700
20130329,3.3700,3.3700,3.3300,3.3300,3105500
20130401,3.3700,3.4000,3.3500,3.3700,5384400
20130402,3.4100,3.4100,3.3700,3.3800,5437400
20130403,3.4000,3.4300,3.3700,3.4200,5461600
20130404,3.4000,3.4000,3.4000,3.4000,0
20130405,3.4000,3.4000,3.4000,3.4000,0
20130408,3.3800,3.3900,3.3200,3.3700,4063900
20130409,3.4200,3.4400,3.3700,3.3700,4322800
20130410,3.4300,3.4400,3.4000,3.4300,4003900
20130411,3.4300,3.4500,3.4100,3.4300,3671700
20130412,3.3800,3.4300,3.3800,3.4300,2554700
20130415,3.4000,3.4300,3.3500,3.3800,4070500
20130416,3.4100,3.4100,3.3700,3.4000,3891700
20130417,3.4000,3.4100,3.3700,3.4100,2092600
20130418,3.4100,3.4100,3.3700,3.3900,3076100
20130419,3.4500,3.4600,3.3900,3.4100,7094100
20130422,3.4300,3.4500,3.4100,3.4300,4025600
20130423,3.3800,3.4400,3.3600,3.4400,4704900
20130424,3.4000,3.4100,3.3700,3.3800,3744900
20130425,3.3700,3.4000,3.3600,3.4000,3716800
20130426,3.3300,3.3800,3.3100,3.3700,5184400
20130429,3.3300,3.3300,3.3300,3.3300,0
20130430,3.3300,3.3300,3.3300,3.3300,0
20130501,3.3300,3.3300,3.3300,3.3300,0
20130502,3.3100,3.3300,3.3000,3.3200,3054500
20130503,3.3500,3.3600,3.3200,3.3200,3299200
20130506,3.3600,3.3700,3.3400,3.3500,4610400
20130507,3.3500,3.3700,3.3400,3.3500,2269900
20130508,3.3700,3.3800,3.3400,3.3500,3687600
20130509,3.3500,3.3700,3.3300,3.3600,3753200
20130510,3.3700,3.3700,3.3300,3.3400,5941300
20130513,3.3500,3.3800,3.3300,3.3700,3711600
20130514,3.3100,3.3600,3.3000,3.3600,4694800
20130515,3.3200,3.3200,3.3100,3.3100,1785200
20130516,3.3400,3.3400,3.3000,3.3200,3465800
20130517,3.3600,3.3700,3.3200,3.3400,7160700
20130520,3.3800,3.3900,3.3500,3.3700,6984400
20130521,3.4000,3.4200,3.3700,3.3800,8701000
20130522,3.3800,3.4000,3.3600,3.3900,6165400
20130523,3.3600,3.3800,3.3500,3.3700,4085100
20130524,3.3600,3.3700,3.3500,3.3600,4179400
20130527,3.3700,3.3800,3.3500,3.3500,4033300
20130528,3.3900,3.3900,3.3400,3.3700,6224800
20130529,3.3900,3.3900,3.3700,3.3900,4981900
20130530,3.3700,3.3900,3.3600,3.3800,4453800
20130531,3.3700,3.3900,3.3600,3.3700,6483400
20130603,3.3700,3.3800,3.3600,3.3700,2916200
20130604,3.3300,3.3700,3.3200,3.3700,5291200
20130605,3.3400,3.3400,3.3200,3.3300,3138300
20130606,3.3000,3.3300,3.3000,3.3200,3713000
20130607,3.2600,3.3000,3.2500,3.3000,5614300
20130610,3.2600,3.2600,3.2600,3.2600,0
20130611,3.2600,3.2600,3.2600,3.2600,0
20130612,3.2600,3.2600,3.2600,3.2600,0
20130613,3.1600,3.2100,3.1500,3.2000,6598400
20130614,3.1600,3.1900,3.1400,3.1500,6864700
20130617,3.1400,3.1700,3.1300,3.1600,3252800
20130618,3.1500,3.1600,3.1300,3.1500,1918600
20130619,3.1200,3.1500,3.0800,3.1500,3766900
20130620,3.0700,3.1200,3.0600,3.1100,4067600
20130621,3.0500,3.0700,3.0300,3.0500,3962100
20130624,2.9200,3.0600,2.9100,3.0600,6620000
20130625,2.8800,2.9200,2.7500,2.9200,6749800
20130626,2.8900,2.9000,2.8300,2.8800,5522300
20130627,2.9000,2.9400,2.8800,2.8900,6518000
20130628,2.9400,2.9500,2.8700,2.9000,4794200
20130701,2.7800,2.8000,2.7500,2.8000,3009800
20130702,2.7600,2.7900,2.7400,2.7900,5051200
20130703,2.7000,2.7700,2.6800,2.7500,5868700
20130704,2.7300,2.7500,2.6600,2.6800,6271500
20130705,2.7300,2.7500,2.7100,2.7400,6402700
20130708,2.6600,2.7100,2.6500,2.7100,4960200
20130709,2.6600,2.6700,2.6400,2.6600,2496700
20130710,2.7100,2.7200,2.6500,2.6500,4110600
20130711,2.8200,2.8500,2.7100,2.7200,9620200
20130712,2.7700,2.8200,2.7600,2.8100,5715800
20130715,2.7800,2.8100,2.7800,2.7900,3107500
20130716,2.8000,2.8000,2.7600,2.7800,2246400
20130717,2.7700,2.8100,2.7700,2.8000,3159200
20130718,2.7400,2.7800,2.7400,2.7800,2365700
20130719,2.7200,2.7700,2.7100,2.7500,3585700
20130722,2.7000,2.7200,2.6800,2.7200,3452900
20130723,2.7700,2.7700,2.6900,2.7000,3782800
20130724,2.7400,2.7600,2.7200,2.7500,3020500
20130725,2.7200,2.7600,2.7100,2.7500,3361200
20130726,2.7200,2.7300,2.7000,2.7200,2429900
20130729,2.6900,2.7200,2.6800,2.7200,2218000
20130730,2.7000,2.7200,2.6700,2.6800,2926000
20130731,2.7000,2.7300,2.6900,2.7100,2130800
20130801,2.7400,2.7400,2.7000,2.7000,3257300
20130802,2.7300,2.7600,2.7300,2.7500,3419700
20130805,2.7500,2.7600,2.7100,2.7300,2598900
20130806,2.7700,2.7900,2.7400,2.7500,3965600
20130807,2.7600,2.7800,2.7500,2.7700,4171000
20130808,2.7700,2.7800,2.7500,2.7600,3829000
20130809,2.7700,2.7900,2.7500,2.7700,3866900
20130812,2.8200,2.8300,2.7600,2.7700,7397400
20130813,2.8600,2.8700,2.8000,2.8300,7443100
20130814,2.8600,2.9200,2.8500,2.8800,13002400
20130815,2.8500,2.8900,2.8500,2.8800,6387300
20130816,2.8700,2.9300,2.8300,2.8400,10264000
20130819,2.8600,2.8700,2.8300,2.8600,5912500
20130820,2.8200,2.8600,2.8000,2.8500,5507400
20130821,2.8100,2.8200,2.7900,2.8200,3471300
20130822,2.8000,2.8200,2.7800,2.8000,5068700
20130823,2.7900,2.8200,2.7800,2.8000,5000500
20130826,2.8500,2.8500,2.7900,2.8000,7343800
20130827,2.9400,2.9400,2.8400,2.8400,19062200
20130828,2.9100,2.9300,2.8900,2.9000,8521400
20130829,2.9700,3.0400,2.8900,2.9100,15511500
20130830,3.0300,3.0700,2.9400,2.9700,18053400
20130902,2.9700,3.0700,2.9500,3.0500,9767100
20130903,2.9900,3.0100,2.9600,2.9800,6422900
20130904,2.9900,3.0200,2.9800,3.0000,4574600
20130905,2.9600,3.0100,2.9500,2.9900,5551300
20130906,2.9700,2.9700,2.9200,2.9500,5443200
20130909,3.0300,3.0500,2.9600,2.9600,10545800
20130910,3.0800,3.1000,3.0200,3.0300,13187900
20130911,3.0800,3.1300,3.0600,3.0900,12604400
20130912,3.1600,3.2300,3.0600,3.0700,22701100
20130913,3.1400,3.2000,3.1100,3.1600,13695300
20130916,3.1200,3.1600,3.1100,3.1600,6339600
20130917,3.0700,3.1700,3.0700,3.1400,8542100
20130918,3.0800,3.1000,3.0600,3.0700,4905900
20130920,3.0800,3.0800,3.0800,3.0800,0
20130923,3.1200,3.1200,3.0700,3.0800,5151200
20130924,3.0900,3.1200,3.0700,3.1200,6434900
20130925,3.0600,3.1100,3.0400,3.0900,7007500
20130926,2.9800,3.0600,2.9700,3.0500,7016700
20130927,2.9900,3.0100,2.9700,2.9900,2747900
20130930,3.0100,3.0300,2.9900,3.0000,2222200
20131001,3.0100,3.0100,3.0100,3.0100,0
20131002,3.0100,3.0100,3.0100,3.0100,0
20131003,3.0100,3.0100,3.0100,3.0100,0
20131004,3.0100,3.0100,3.0100,3.0100,0
20131007,3.0100,3.0100,3.0100,3.0100,0
20131008,3.0700,3.1000,3.0100,3.0300,5366700
20131009,3.0800,3.0900,3.0200,3.0500,8571300
20131010,3.0300,3.0900,3.0200,3.0900,7343300
20131011,3.0700,3.0700,3.0300,3.0400,5690000
20131014,3.0800,3.1000,3.0600,3.0800,8132900
20131015,3.0700,3.0900,3.0500,3.0800,5263800
20131016,3.0100,3.0700,3.0000,3.0600,7642700
20131017,3.0100,3.0400,3.0000,3.0100,4933500
20131018,3.0000,3.0200,2.9900,3.0200,3372600
20131021,3.0600,3.0600,2.9900,3.0000,5329300
20131022,3.0500,3.0800,3.0300,3.0600,4747800
20131023,3.0300,3.0800,3.0300,3.0500,6870600
20131024,3.0000,3.0500,3.0000,3.0500,3456700
20131025,2.9700,3.0300,2.9500,3.0200,5573300
20131028,2.9600,2.9800,2.9400,2.9700,3474600
20131029,2.9100,3.0000,2.8700,2.9600,7901200
20131030,2.9300,2.9400,2.9000,2.9200,6728200
20131031,2.9200,2.9400,2.9000,2.9300,5080000
20131101,2.9200,2.9300,2.9000,2.9200,3220700
20131104,2.9200,2.9300,2.9100,2.9300,3110500
20131105,2.9200,2.9200,2.8800,2.9200,3995000
20131106,2.8900,2.9300,2.8900,2.9100,4055500
20131107,2.8800,2.9000,2.8800,2.9000,2481500
20131108,2.8900,2.9000,2.8500,2.8800,4344000
20131111,2.8900,2.9100,2.8700,2.8900,2436900
20131112,2.9100,2.9200,2.8800,2.8900,1872500
20131113,2.8700,2.9100,2.8500,2.9000,3953200
20131114,2.8900,2.8900,2.8500,2.8600,3656400
20131115,2.9400,2.9400,2.8800,2.8900,6081000
20131118,2.9700,2.9700,2.9300,2.9400,5184000
20131119,2.9600,2.9800,2.9400,2.9700,5121200
20131120,2.9700,2.9700,2.9400,2.9600,3339200
20131121,2.9600,2.9800,2.9400,2.9600,4354000
20131122,2.9600,2.9700,2.9500,2.9600,3013600
20131125,2.9400,2.9600,2.9200,2.9600,6983500
20131126,2.9500,2.9600,2.9200,2.9300,6361400
20131127,2.9600,2.9600,2.9300,2.9400,5421500
20131128,2.9900,3.0000,2.9500,2.9600,8376000
20131129,3.0000,3.0100,2.9700,2.9900,7508900
20131202,2.9800,3.0700,2.9700,2.9800,12928800
20131203,3.0000,3.0100,2.9700,2.9700,4696000
20131204,3.0400,3.0500,3.0000,3.0000,6845300
20131205,3.0500,3.0600,3.0200,3.0300,8285400
20131206,3.0300,3.0600,3.0200,3.0500,5416600
20131209,3.0500,3.0500,3.0200,3.0300,4135300
20131210,3.0400,3.0500,3.0300,3.0500,4597300
20131211,3.0200,3.0300,3.0000,3.0300,5523900
20131212,3.0000,3.0200,3.0000,3.0100,3913300
20131213,3.0100,3.0100,2.9900,3.0100,3445800
20131216,2.9600,3.0100,2.9400,3.0100,5153200
20131217,2.9300,2.9600,2.9300,2.9500,3615500
20131218,2.9300,2.9500,2.9200,2.9400,4188200
20131219,2.9500,2.9600,2.9100,2.9400,4501800
20131220,2.8800,2.9500,2.8500,2.9400,7133000
20131223,2.8600,2.8900,2.8500,2.8800,3847500
20131224,2.8600,2.8900,2.8400,2.8700,2913200
20131225,2.8700,2.8700,2.8400,2.8500,2230400
20131226,2.8300,2.8800,2.8300,2.8800,3712300
20131227,2.8500,2.8700,2.8400,2.8400,2274900
20131230,2.9000,2.9600,2.8800,2.9200,5315600
20131231,2.9200,2.9200,2.8800,2.9000,2994000
20140101,2.9200,2.9200,2.9200,2.9200,0
20140102,2.9000,2.9200,2.8900,2.9200,2195700
20140103,2.8700,2.9100,2.8600,2.9000,4273900
20140106,2.8200,2.8600,2.8200,2.8500,3928300
20140107,2.8300,2.8400,2.8100,2.8200,2395000
20140108,2.8200,2.8500,2.8100,2.8300,2628300
20140109,2.8000,2.8300,2.7900,2.8100,2899700
20140110,2.7700,2.8100,2.7600,2.8100,2791600
20140113,2.7800,2.8000,2.7700,2.7700,1422900
20140114,2.7900,2.8000,2.7600,2.7900,2790000
20140115,2.7900,2.8200,2.7800,2.7900,2574600
20140116,2.8000,2.8100,2.7800,2.8000,1644100
20140117,2.7600,2.7900,2.7600,2.7900,2504900
20140120,2.7400,2.7700,2.7200,2.7700,3216100
20140121,2.7500,2.7700,2.7300,2.7300,2263700
20140122,2.8100,2.8100,2.7500,2.7500,3501200
20140123,2.8000,2.8100,2.7800,2.8000,3084800
20140124,2.8200,2.8300,2.7800,2.7900,4940700
20140127,2.8000,2.8200,2.7700,2.8100,3860000
20140128,2.8000,2.8100,2.7900,2.8000,1907900
20140129,2.8300,2.8300,2.8000,2.8000,2894500
20140130,2.8200,2.8300,2.8000,2.8300,2412300
20140131,2.8200,2.8200,2.8200,2.8200,0
20140203,2.8200,2.8200,2.8200,2.8200,0
20140205,2.8200,2.8200,2.8200,2.8200,0
20140206,2.8200,2.8200,2.8200,2.8200,0
20140207,2.8200,2.8400,2.7900,2.8000,4082200
20140210,2.8600,2.8700,2.8200,2.8300,6027500
20140211,2.8600,2.8800,2.8400,2.8600,4659800
20140212,2.8700,2.8800,2.8500,2.8600,3712200
20140213,2.8400,2.8700,2.8400,2.8700,4338300
20140214,2.8700,2.8700,2.8400,2.8400,3625600
20140217,2.9000,2.9000,2.8700,2.8700,6429200
20140218,2.8800,2.9000,2.8600,2.9000,3700800
20140219,2.9000,2.9000,2.8600,2.8800,6093300
20140220,2.9100,2.9500,2.8900,2.9000,6803600
20140221,2.8900,2.9400,2.8600,2.9000,6446700
20140224,2.8500,2.8800,2.8300,2.8800,5366200
20140225,2.8000,2.8600,2.7800,2.8600,5791600
