20130226,5.6200,5.7300,5.6100,5.6100,3737100
20130227,5.4900,5.6700,5.4800,5.6300,5108700
20130228,5.6700,5.7400,5.4300,5.5000,5039800
20130301,5.6800,5.7400,5.6400,5.6700,4671400
20130304,5.8300,5.8600,5.5900,5.6500,15399400
20130305,5.8800,5.9400,5.7600,5.7800,11459400
20130306,5.9200,6.0600,5.8700,5.8800,10772900
20130307,5.7500,5.9100,5.6900,5.8900,9533300
20130308,5.6900,5.8300,5.6800,5.7300,5025800
20130311,5.7000,5.7500,5.6100,5.6800,2765800
20130312,5.5700,5.8000,5.4300,5.7100,6999400
20130313,5.5300,5.5800,5.4400,5.5200,3124800
20130314,5.5000,5.5600,5.4700,5.5200,2660500
20130315,5.4800,5.5700,5.4400,5.5000,4162200
20130318,5.3400,5.5300,5.3000,5.5000,4601700
20130319,5.2500,5.3800,5.2000,5.3400,4439600
20130320,5.6000,5.7000,5.2400,5.2500,7868700
20130321,5.5900,5.6200,5.4800,5.5700,7635100
20130322,5.5700,5.5900,5.5100,5.5900,3415000
20130325,5.5700,5.6000,5.4800,5.5400,4587300
20130326,5.5200,5.5700,5.4300,5.5600,3448400
20130327,5.5500,5.5600,5.5000,5.5200,3188000
20130328,5.4200,5.5100,5.3700,5.5100,3537800
20130329,5.4900,5.5700,5.4000,5.4300,3743700
20130401,5.5800,5.6500,5.5000,5.5200,6372400
20130402,5.3600,5.6000,5.3000,5.5500,7112100
20130403,5.6600,5.9000,5.6000,5.9000,34222900
20130404,5.6600,5.6600,5.6600,5.6600,0
20130405,5.6600,5.6600,5.6600,5.6600,0
20130408,5.9600,6.0800,5.6600,5.8000,42881400
20130409,5.7000,5.8500,5.6000,5.8100,19099900
20130410,5.5900,5.7000,5.4500,5.6400,11884800
20130411,5.4700,5.6200,5.4400,5.6000,8010700
20130412,5.4000,5.4900,5.3000,5.4100,7296900
20130415,5.3400,5.4800,5.3200,5.4000,4087000
20130416,5.3500,5.3600,5.1900,5.3000,5063800
20130417,5.3600,5.3900,5.2800,5.3400,3684400
20130418,5.5300,5.6700,5.2600,5.3400,8729800
20130419,5.6300,5.6600,5.4500,5.5200,10387000
20130422,5.7900,5.8200,5.5900,5.6500,15634000
20130423,5.4700,5.7800,5.4000,5.7800,10525400
20130424,5.5200,5.5800,5.4300,5.4300,5102400
20130425,5.3500,5.5100,5.3500,5.5100,6141200
20130426,5.3600,5.5500,5.3600,5.4100,4165900
20130429,5.3600,5.3600,5.3600,5.3600,0
20130430,5.3600,5.3600,5.3600,5.3600,0
20130501,5.3600,5.3600,5.3600,5.3600,0
20130502,5.4500,5.4600,5.2900,5.3600,3691800
20130503,5.5700,5.5800,5.4400,5.4400,5757100
20130506,5.5900,5.6600,5.5600,5.5700,5989800
20130507,5.5700,5.6300,5.5200,5.6000,5812500
20130508,5.7100,5.7400,5.5500,5.6000,10239100
20130509,5.6300,5.7300,5.5500,5.6800,8180900
20130510,5.7100,5.7400,5.5700,5.6000,7893000
20130513,5.6900,5.7600,5.6200,5.7200,6198800
20130514,5.5800,5.6500,5.5300,5.6500,5127300
20130515,5.7300,5.8500,5.5700,5.5900,12010700
20130516,5.9900,6.1400,5.7100,5.7300,29531400
20130517,6.1100,6.2000,5.9500,5.9800,26544600
20130520,6.2400,6.2500,6.0100,6.1000,21126700
20130521,6.3100,6.3500,6.1500,6.2100,16975100
20130522,6.2000,6.3100,6.1200,6.2500,10094800
20130523,6.0500,6.2000,6.0400,6.1700,14095700
20130524,6.2800,6.2800,6.0500,6.0500,13513200
20130527,6.4800,6.5300,6.2200,6.2800,18271700
20130528,6.5100,6.7100,6.4200,6.4700,18400600
20130529,6.9300,7.0200,6.4600,6.4900,20652100
20130530,6.9300,7.0500,6.7400,6.8600,17521400
20130531,6.8400,7.0500,6.8200,6.9300,14422200
20130603,6.7900,6.9400,6.7300,6.8300,9442100
20130604,6.5600,6.8200,6.5000,6.8100,12322900
20130605,6.6600,6.6700,6.3700,6.5300,6812500
20130606,6.5300,6.7500,6.5100,6.6100,6650400
20130607,6.5900,6.6500,6.4100,6.6000,6649200
20130610,6.5900,6.5900,6.5900,6.5900,0
20130611,6.5900,6.5900,6.5900,6.5900,0
20130612,6.5900,6.5900,6.5900,6.5900,0
20130613,6.2600,6.5700,6.2000,6.5200,10814900
20130614,6.4000,6.4600,6.2800,6.2800,7455000
20130617,6.5500,6.6500,6.3200,6.4200,7541100
20130618,6.6500,6.7400,6.5000,6.5700,7599100
20130619,6.4600,6.5200,6.3100,6.5200,7562000
20130620,6.4000,6.6900,6.3400,6.4000,7434100
20130621,6.4500,6.5300,6.2000,6.3000,6103300
20130624,6.1800,6.5300,6.0400,6.4100,7996600
20130625,6.0200,6.2200,5.5200,6.0800,9856300
20130626,6.2000,6.2000,5.9200,5.9400,6689800
20130627,6.1900,6.5000,6.1100,6.2700,9266000
20130628,6.1400,6.2800,5.9300,6.1400,5247500
20130701,6.2400,6.2500,6.0300,6.1400,3118800
20130702,6.4600,6.5400,6.2200,6.2200,6169100
20130703,6.5000,6.5400,6.3300,6.4300,6952100
20130704,6.4200,6.5100,6.3600,6.4400,5472300
20130705,6.2700,6.4700,6.2200,6.4000,4636900
20130708,6.0300,6.1900,6.0100,6.1000,4651900
20130709,6.1800,6.1900,5.9600,6.0100,4318200
20130710,6.2900,6.3000,6.1100,6.1700,3520700
20130711,6.3900,6.4500,6.2600,6.3500,5424000
20130712,6.2800,6.4500,6.2600,6.3600,3789000
20130715,6.4500,6.4600,6.2500,6.3000,4699000
20130716,6.5100,6.5200,6.3700,6.4600,6073000
20130717,6.2000,6.5100,6.2000,6.4800,7701500
20130718,6.2000,6.2700,6.1500,6.1500,3850900
20130719,6.0300,6.2600,6.0200,6.1900,4319500
20130722,6.1300,6.1700,5.9900,6.0300,3606400
20130723,6.2500,6.2600,6.1300,6.1300,4998500
20130724,6.4400,6.5100,6.2200,6.2200,9345200
20130725,6.3200,6.4600,6.3200,6.4000,6460200
20130726,6.4300,6.5000,6.3000,6.3000,5749500
20130729,6.5700,6.6700,6.4100,6.4500,15338100
20130730,6.5500,6.6500,6.3500,6.5800,7779900
20130731,6.4100,6.5900,6.3900,6.5300,5140700
20130801,6.6100,6.6500,6.3800,6.4000,8670700
20130802,6.5700,6.7200,6.5500,6.6200,5859700
20130805,6.8500,6.9100,6.5200,6.5400,12638600
20130806,6.9000,6.9800,6.7400,6.7900,9990500
20130807,6.8000,6.9000,6.7100,6.8500,6819100
20130808,6.8800,7.0000,6.7500,6.7900,7575700
20130809,7.1500,7.1600,6.8400,6.8400,14494200
20130812,7.1300,7.2800,7.0000,7.1200,12326800
20130813,7.1100,7.2000,7.0200,7.1100,6075400
20130814,6.8400,7.1300,6.8300,7.1100,11448200
20130815,6.6900,7.0500,6.6400,6.8200,12883100
20130816,6.5400,6.7700,6.5300,6.6900,9340100
20130819,6.6400,6.6600,6.5000,6.5200,5249400
20130820,6.6400,6.7900,6.6000,6.6600,5573300
20130821,6.7300,6.7500,6.6000,6.6400,3263600
20130822,6.7100,6.7800,6.6400,6.7300,4754200
20130823,6.5200,6.7300,6.4000,6.7100,8496100
20130826,6.6900,6.7300,6.4300,6.5100,5719100
20130827,6.5900,6.6600,6.5300,6.6500,6753900
20130828,6.5500,6.6300,6.5000,6.5400,4595900
20130829,6.3900,6.6400,6.3700,6.5500,7482100
20130830,6.2900,6.4500,6.2800,6.4000,6149300
20130902,6.4400,6.4500,6.2900,6.2900,3387600
20130903,6.6200,6.6400,6.4100,6.4400,5383900
20130904,6.5400,6.6000,6.5000,6.5900,2854800
20130905,6.6800,6.7200,6.5000,6.5100,7404000
20130906,6.7000,6.7300,6.5900,6.7000,4942700
20130909,6.6500,6.7600,6.5700,6.7200,7214400
20130910,6.5600,6.6500,6.4800,6.6500,6911500
20130911,6.4800,6.6100,6.4000,6.5300,7911100
20130912,6.4500,6.5300,6.4300,6.4600,4225300
20130913,6.4600,6.5200,6.4000,6.4500,3393800
20130916,6.4700,6.5000,6.4200,6.4700,3397300
20130917,6.3600,6.5000,6.3600,6.4700,3424200
20130918,6.4300,6.4400,6.3500,6.3600,2329200
20130920,6.4300,6.4300,6.4300,6.4300,0
20130923,6.4700,6.5000,6.3700,6.4500,4286100
20130924,6.5000,6.5300,6.4300,6.4400,3658400
20130925,6.5000,6.5800,6.4300,6.5000,5230900
20130926,6.4400,6.5500,6.4000,6.4900,4487500
20130927,6.5900,6.6000,6.4200,6.4400,6110700
20130930,6.6100,6.6400,6.5400,6.5900,4766600
20131001,6.6100,6.6100,6.6100,6.6100,0
20131002,6.6100,6.6100,6.6100,6.6100,0
20131003,6.6100,6.6100,6.6100,6.6100,0
20131004,6.6100,6.6100,6.6100,6.6100,0
20131007,6.6100,6.6100,6.6100,6.6100,0
20131008,6.6800,6.7000,6.5600,6.6300,7661400
20131009,6.7900,6.9600,6.7700,6.7700,12804400
20131010,6.7700,6.9000,6.6700,6.7900,9460600
20131011,6.8500,6.8700,6.7400,6.7800,7166600
20131014,6.7800,6.8500,6.6800,6.8300,8801300
20131015,6.8900,6.9300,6.8100,6.8100,9829500
20131016,6.6300,6.8800,6.6100,6.8800,7448500
20131017,6.6500,6.7300,6.6000,6.6500,5555400
20131018,6.7000,6.7300,6.6100,6.6300,3778900
20131021,6.8500,6.8500,6.7300,6.7300,6998800
20131022,6.7700,6.8500,6.7500,6.8100,5745500
20131023,6.5700,6.7700,6.5600,6.7500,7204200
20131024,6.5900,6.7100,6.5300,6.5600,4927900
20131025,6.4600,6.6500,6.4100,6.6500,4208600
20131028,6.5000,6.5600,6.4000,6.4600,3034900
20131029,6.1500,6.5400,6.0800,6.5400,6667100
20131030,6.2300,6.2400,6.1400,6.1600,2970700
20131031,6.2100,6.2800,6.1500,6.2200,2417100
20131101,6.1800,6.2200,6.1400,6.1600,1609900
20131104,6.1200,6.2100,6.1100,6.1900,3141500
20131105,6.1800,6.2300,6.0700,6.1200,2209700
20131106,6.1300,6.2500,6.1200,6.1300,2771200
20131107,5.9700,6.1200,5.9500,6.1200,3943200
20131108,5.9800,6.0000,5.9400,5.9700,1980700
20131111,6.0800,6.0800,5.9100,5.9500,2221100
20131112,6.0900,6.1100,6.0200,6.0800,1693900
20131113,5.9700,6.1000,5.9600,6.0900,2003300
20131114,5.9800,6.0200,5.9000,6.0100,3933500
20131115,6.0600,6.0900,5.9600,5.9600,6169200
20131118,6.2200,6.3600,6.1200,6.1200,10072800
20131119,6.1800,6.3400,6.1000,6.2300,7754900
20131120,6.1900,6.2200,6.1400,6.2000,5252300
20131121,6.2200,6.2300,6.1500,6.2100,4963400
20131122,6.1800,6.2200,6.1400,6.1900,3966900
20131125,6.0600,6.1800,6.0500,6.1500,8080100
20131126,6.0700,6.1000,5.9900,6.0600,3907700
20131127,6.0900,6.1100,6.0100,6.0100,2774400
20131128,6.1500,6.1800,6.1000,6.1000,3564000
20131129,6.1300,6.1700,6.1000,6.1500,3954900
20131202,5.9100,6.0900,5.8900,6.0600,5444800
20131203,6.0400,6.0600,5.9100,5.9200,2611000
20131204,6.0900,6.1500,6.0100,6.0400,5610800
20131205,6.1400,6.1700,6.0700,6.0800,3798200
20131206,6.1500,6.1800,6.1200,6.1400,3159900
20131209,6.1600,6.1800,6.1100,6.1600,2865600
20131210,6.1500,6.2100,6.1200,6.1600,3239400
20131211,6.0800,6.1400,6.0600,6.1300,2819700
20131212,6.1000,6.1300,6.0600,6.0800,1697900
20131213,6.0800,6.1200,6.0500,6.0900,1886600
20131216,6.0100,6.0900,5.9800,6.0800,3056100
20131217,6.0000,6.0400,5.9800,6.0000,1965500
20131218,5.9400,6.0200,5.9200,5.9800,4244100
20131219,6.0000,6.0500,5.9500,5.9600,2665900
20131220,5.8800,6.0300,5.8200,5.9800,3387600
20131223,5.9800,6.0000,5.7700,5.8700,3656500
20131224,6.0100,6.1300,5.9900,6.0000,7934400
20131225,6.1900,6.2600,5.9400,6.0000,7994900
20131226,6.4700,6.8100,6.3600,6.5700,35600000
20131227,6.3200,6.4100,6.1500,6.2100,18679600
20131230,6.2600,6.3000,6.1800,6.2800,8475800
20131231,6.2400,6.4300,6.2300,6.3100,9730000
20140101,6.2400,6.2400,6.2400,6.2400,0
20140102,6.3400,6.3800,6.1800,6.2200,8816500
20140103,6.3500,6.3900,6.2700,6.3000,7415800
20140106,6.5900,6.9900,6.5500,6.8000,32992200
20140107,6.9800,7.2500,6.4500,6.4500,45775000
20140108,6.9200,7.0000,6.7000,6.9000,21702400
20140109,6.8300,7.1100,6.7600,6.9600,18854600
20140110,6.5700,6.7600,6.5600,6.7400,13732600
20140113,6.4200,6.6400,6.3300,6.6100,12092000
20140114,6.6000,6.6000,6.3700,6.4000,8374700
20140115,6.6800,6.7300,6.4800,6.5800,10173400
20140116,6.6700,6.7500,6.6100,6.6400,6822400
20140117,6.5500,6.6600,6.4500,6.6600,6638100
20140120,6.4700,6.6500,6.3800,6.5300,5385300
20140121,6.4600,6.5700,6.4100,6.5000,7439500
20140122,6.6000,6.6500,6.4400,6.4600,9154900
20140123,6.7400,6.7800,6.5500,6.6100,10758400
20140124,6.7100,6.8800,6.6800,6.7200,11645300
20140127,6.7200,6.8500,6.6800,6.6900,8663200
20140128,6.8300,6.8400,6.7100,6.7100,8583900
20140129,6.9800,7.2000,6.8900,7.0600,15512100
20140130,7.0900,7.2500,6.9200,6.9200,14964300
20140131,7.0900,7.0900,7.0900,7.0900,0
20140203,7.0900,7.0900,7.0900,7.0900,0
20140205,7.0900,7.0900,7.0900,7.0900,0
20140206,7.0900,7.0900,7.0900,7.0900,0
20140207,7.1900,7.2500,6.9700,7.0200,13636100
20140210,7.2100,7.3400,7.0600,7.1900,20297000
20140211,7.1500,7.3300,7.1200,7.2100,14962400
20140212,7.1600,7.1700,7.0000,7.1600,13456200
20140213,6.9200,7.1500,6.9100,7.1500,12329700
20140214,7.4100,7.5000,6.8700,6.8900,20634000
20140217,7.8100,7.8800,7.3200,7.4200,32252300
20140218,7.7200,7.9200,7.6800,7.8000,17796900
20140219,8.0000,8.4000,7.7000,7.7000,29211300
20140220,7.9900,8.1800,7.7500,8.0300,17613600
20140221,7.8800,8.0800,7.7600,7.9900,11803300
20140224,8.2800,8.3200,7.7900,7.8400,23132500
20140225,8.0400,8.9000,8.0100,8.3500,32337600
