20130226,6.7200,6.9700,6.6900,6.7300,62746400
20130227,6.9900,7.0400,6.7400,6.7500,92577000
20130228,7.2500,7.4000,7.0400,7.0400,133034000
20130301,7.1300,7.3200,7.0100,7.2600,71422800
20130304,6.4200,6.4900,6.4200,6.4200,141081792
20130305,6.3600,6.4100,6.1200,6.2200,188141504
20130306,6.4000,6.5100,6.2900,6.3800,117065296
20130307,6.4100,6.5200,6.2600,6.3600,80971200
20130308,6.3300,6.4900,6.3000,6.4400,40330900
20130311,6.3900,6.4500,6.2800,6.3200,41861100
20130312,6.3400,6.5100,6.2500,6.4000,66989900
20130313,6.0500,6.3100,6.0000,6.3100,84889904
20130314,6.0400,6.1800,5.9700,6.0000,78941200
20130315,6.0000,6.1300,5.8500,6.0200,67750200
20130318,6.0500,6.1100,5.9300,5.9800,41616000
20130319,6.2700,6.3300,6.0100,6.0800,66354100
20130320,6.5300,6.6100,6.2200,6.2600,103902800
20130321,6.4900,6.5900,6.3900,6.4900,36141700
20130322,6.5000,6.5300,6.3300,6.4600,35770700
20130325,6.5700,6.6300,6.4600,6.5100,39126300
20130326,6.5900,6.8200,6.5000,6.5300,72093200
20130327,6.7000,6.7900,6.5700,6.5700,65019700
20130328,6.4200,6.6400,6.3400,6.6400,80837000
20130329,6.5700,6.6900,6.3000,6.4500,74022000
20130401,6.6000,6.8600,6.5500,6.6300,57190600
20130402,6.6800,6.8200,6.5500,6.5500,63677500
20130403,6.5300,6.7700,6.4400,6.7300,40416200
20130404,6.5300,6.5300,6.5300,6.5300,0
20130405,6.5300,6.5300,6.5300,6.5300,0
20130408,6.4800,6.5500,6.2500,6.3600,34005100
20130409,6.6600,6.7200,6.4900,6.4900,46996800
20130410,6.6800,6.7600,6.6600,6.6700,28782700
20130411,6.6900,6.8000,6.6600,6.7600,23727300
20130412,6.6900,6.7500,6.5900,6.7100,28625300
20130415,6.9500,7.1400,6.7200,6.7200,82319104
20130416,7.4200,7.4500,6.9000,6.9500,124769696
20130417,7.4200,7.5300,7.2800,7.4300,75996704
20130418,7.4200,7.6200,7.3300,7.4000,61822300
20130419,7.5500,7.5800,7.3000,7.4300,91254704
20130422,7.3500,7.5800,7.2400,7.5400,62043600
20130423,6.9900,7.3600,6.8600,7.3500,68596704
20130424,7.1100,7.2000,6.8800,6.9800,50374400
20130425,6.8900,7.1000,6.7900,7.0300,60196900
20130426,6.9900,7.0900,6.8700,6.9000,41422100
20130429,6.9900,6.9900,6.9900,6.9900,0
20130430,6.9900,6.9900,6.9900,6.9900,0
20130501,6.9900,6.9900,6.9900,6.9900,0
20130502,7.1900,7.2100,6.8000,6.8400,45168800
20130503,7.2700,7.4500,7.1700,7.1900,50483600
20130506,7.3300,7.4200,7.1900,7.2800,46380200
20130507,7.4300,7.5500,7.2700,7.3000,42587400
20130508,7.4300,7.6200,7.3600,7.5000,36842800
20130509,7.2300,7.4300,7.0900,7.3800,39651000
20130510,7.4200,7.4900,7.1200,7.1500,34699300
20130513,7.2800,7.5000,7.1800,7.5000,29608700
20130514,7.0400,7.2900,6.9500,7.2500,44118400
20130515,7.0800,7.1000,6.9700,7.0300,33307200
20130516,7.4500,7.4700,7.0100,7.0500,60284000
20130517,7.7100,7.8400,7.4500,7.4500,101222400
20130520,7.6000,8.0500,7.5500,7.7500,112893000
20130521,7.7000,7.7000,7.4900,7.5900,50856400
20130522,7.8000,7.9200,7.6300,7.6500,48918700
20130523,7.8600,8.1500,7.7000,7.7400,82538600
20130524,7.7800,7.9600,7.6200,7.9200,57584100
20130527,7.7200,7.8000,7.5500,7.7100,37123800
20130528,8.0600,8.0600,7.6600,7.6600,74729200
20130529,8.0900,8.2200,7.9700,8.1000,80490096
20130530,8.0000,8.1400,7.9300,7.9900,32331900
20130531,7.7500,8.0800,7.7300,8.0000,43985300
20130603,7.8700,8.0300,7.7500,7.7800,38048200
20130604,7.6600,7.9500,7.5100,7.8700,43131100
20130605,7.6900,7.7200,7.4900,7.6500,32139100
20130606,7.3500,7.6900,7.3300,7.6700,55969100
20130607,7.0600,7.3900,7.0400,7.3100,62365900
20130610,7.0600,7.0600,7.0600,7.0600,0
20130611,7.0600,7.0600,7.0600,7.0600,0
20130612,7.0600,7.0600,7.0600,7.0600,0
20130613,6.7100,6.9200,6.5900,6.9000,69178704
20130614,6.7700,6.8400,6.6900,6.7300,48739400
20130617,6.6400,6.8100,6.5000,6.7900,43895500
20130618,6.7300,6.7400,6.5700,6.6100,24816800
20130619,6.7300,6.7400,6.5800,6.7300,31166900
20130620,6.5400,6.8300,6.5200,6.7100,39118800
20130621,6.6600,6.7200,6.3800,6.4700,41890400
20130624,6.1000,6.6600,5.9900,6.6100,86382304
20130625,5.9700,6.1600,5.4900,6.0100,92469800
20130626,6.2500,6.2600,6.0200,6.0500,80688800
20130627,6.4300,6.4500,6.2600,6.2900,50683600
20130628,6.8600,7.0100,6.4400,6.4500,106397200
20130701,6.8600,6.9600,6.6800,6.7500,42343600
20130702,6.8600,6.9100,6.5700,6.8000,50652200
20130703,6.6500,6.8200,6.4800,6.8200,46417800
20130704,6.9700,7.0500,6.5000,6.6000,64681200
20130705,7.1400,7.6700,7.1300,7.2700,71326896
20130708,7.1000,7.4500,6.9800,7.0300,44835400
20130709,6.7900,7.1300,6.7500,7.0800,39115000
20130710,7.2000,7.3000,6.7100,6.8500,49551300
20130711,7.5600,7.6700,7.2000,7.2000,108425400
20130712,7.3000,7.7300,7.2700,7.6600,46468600
20130715,7.3000,7.4800,7.1500,7.3300,54708700
20130716,7.2300,7.3000,6.9800,7.2200,80363800
20130717,7.1200,7.4200,6.9900,7.1400,68240800
20130718,6.9100,7.1800,6.8800,7.0900,50524400
20130719,6.5600,6.9700,6.5500,6.9300,92890096
20130722,6.5700,6.6200,6.4000,6.5600,55385100
20130723,6.8000,6.8900,6.5400,6.5900,46491500
20130724,6.7500,6.8400,6.5800,6.7000,35009900
20130725,6.6600,6.8200,6.5900,6.7600,27087000
20130726,6.6300,6.7800,6.5000,6.5800,27887800
20130729,6.3500,6.5500,6.3300,6.5500,37228700
20130730,6.5400,6.6700,6.3700,6.3900,46885000
20130731,6.7800,7.1900,6.7000,6.9800,84595504
20130801,7.0200,7.0700,6.7900,6.8400,49038700
20130802,7.1700,7.4500,7.1600,7.2500,73138400
20130805,7.2700,7.2800,7.0200,7.1200,34547100
20130806,7.1700,7.2500,7.1000,7.2000,48001400
20130807,7.2300,7.5000,7.2100,7.3000,58990200
20130808,7.1000,7.2800,7.0300,7.2600,29513000
20130809,7.0000,7.1800,6.9000,7.1500,31344000
20130812,7.3100,7.3300,7.0200,7.1000,58626600
20130813,7.3800,7.4700,7.2400,7.3200,41791600
20130814,7.3300,7.5700,7.2900,7.4600,31560500
20130815,7.1400,7.3500,7.1300,7.2900,25466100
20130816,7.1100,7.8500,7.0200,7.1200,74514304
20130819,6.8900,6.9900,6.7600,6.9900,94098200
20130820,6.6000,6.8900,6.3500,6.8500,137195008
20130821,6.5600,6.5700,6.4000,6.5000,71934096
20130822,6.5100,6.6600,6.4700,6.5200,54047000
20130823,6.4800,6.5800,6.3200,6.5500,50387800
20130826,6.6700,6.6800,6.4500,6.4900,53499900
20130827,6.6000,6.7100,6.4900,6.6600,51320300
20130828,6.4300,6.5200,6.3500,6.5000,77745296
20130829,6.4700,6.5300,6.3500,6.4500,53926600
20130830,6.4100,6.4800,6.3700,6.4700,43544200
20130902,6.2300,6.4300,6.0200,6.4300,90652096
20130903,6.5100,6.5200,6.1500,6.2300,88854800
20130904,6.5200,6.5700,6.4400,6.4700,65934600
20130905,6.4200,6.5900,6.4100,6.5100,48794100
20130906,6.3800,6.5000,6.3300,6.3800,48652700
20130909,6.5900,6.7500,6.4100,6.4500,97620600
20130910,6.6600,6.7300,6.5700,6.7000,66837700
20130911,6.7900,6.9400,6.7100,6.7200,100837696
20130912,6.7100,6.8100,6.5800,6.7700,69997296
20130913,6.6500,6.8000,6.6300,6.7000,47525800
20130916,6.4700,6.7200,6.4100,6.7000,67434704
20130917,6.2200,6.4900,6.2100,6.4800,79783200
20130918,6.2600,6.2900,6.2100,6.2400,40741000
20130920,6.2600,6.2600,6.2600,6.2600,0
20130923,6.3100,6.3400,6.2100,6.2600,41404800
20130924,6.1500,6.2700,6.0500,6.2700,89280000
20130925,6.0900,6.1500,6.0200,6.1400,68149200
20130926,6.0300,6.1300,6.0000,6.0800,46203700
20130927,6.0800,6.0800,6.0000,6.0300,36897200
20130930,6.0200,6.1200,5.9600,6.0900,43279900
20131001,6.0200,6.0200,6.0200,6.0200,0
20131002,6.0200,6.0200,6.0200,6.0200,0
20131003,6.0200,6.0200,6.0200,6.0200,0
20131004,6.0200,6.0200,6.0200,6.0200,0
20131007,6.0200,6.0200,6.0200,6.0200,0
20131008,6.2500,6.2800,5.9600,6.0000,81719800
20131009,6.1700,6.2700,6.0900,6.2000,75565504
20131010,6.1600,6.2300,6.0900,6.1600,53644200
20131011,6.1500,6.2100,6.1000,6.2000,50728800
20131014,6.0500,6.1900,6.0300,6.1600,53965300
20131015,6.0700,6.1100,5.9900,6.0700,40255000
20131016,5.9100,6.0700,5.8700,6.0500,39781500
20131017,5.8600,5.9900,5.8500,5.9300,28336900
20131018,5.9500,5.9800,5.8500,5.8700,30307100
20131021,5.9700,6.0000,5.8500,5.9400,34647700
20131022,5.8700,5.9600,5.8500,5.9600,37092900
20131023,5.8400,5.9700,5.8200,5.8800,34381100
20131024,5.7700,5.8600,5.7100,5.8000,30019600
20131025,5.7700,5.8700,5.7200,5.7900,34286700
20131028,5.7500,5.8200,5.7000,5.8100,25468000
20131029,5.6700,5.8500,5.5600,5.7000,50506800
20131030,5.7400,5.7800,5.5500,5.6700,40838700
20131031,5.8400,6.1000,5.8400,5.8500,97412000
20131101,6.0100,6.0200,5.7800,5.8000,51556500
20131104,6.0200,6.0800,5.9800,6.0400,39258700
20131105,6.0600,6.0900,5.9700,6.0400,28200200
20131106,5.9700,6.0800,5.9700,6.0700,26788200
20131107,6.0200,6.0400,5.9000,5.9700,31101200
20131108,5.9800,6.0400,5.9400,6.0200,27099600
20131111,5.9100,5.9600,5.7100,5.9300,42599800
20131112,5.8800,5.9500,5.8500,5.8800,22160500
20131113,5.9200,5.9800,5.8500,5.8500,30178300
20131114,5.8400,5.9500,5.8000,5.9200,22874000
20131115,5.9400,5.9900,5.8200,5.8400,28579400
20131118,6.1400,6.1700,5.8900,5.9400,65106200
20131119,6.2100,6.2900,6.0700,6.1000,63351400
20131120,6.2400,6.3000,6.1900,6.2300,43171500
20131121,6.0500,6.1900,6.0200,6.1700,40692700
20131122,6.0500,6.1100,6.0400,6.1000,34924600
20131125,6.0000,6.0700,5.8600,5.9900,47178400
20131126,5.9200,6.0700,5.8600,6.0000,45856500
20131127,6.0000,6.0300,5.8600,5.9100,33348000
20131128,6.1400,6.2400,6.0300,6.0600,31582000
20131129,6.1300,6.2200,6.1000,6.2200,15502600
20131202,6.0300,6.2000,6.0200,6.0900,41674100
20131203,6.1100,6.1400,5.9800,6.0000,28445000
20131204,6.2800,6.3900,6.1300,6.1500,65829400
20131205,6.2400,6.4000,6.2200,6.2900,48718100
20131206,6.1800,6.2900,6.1400,6.2200,30371200
20131209,6.2700,6.3100,6.1900,6.2300,27311600
20131210,6.5200,6.5300,6.2400,6.2900,108637296
20131211,6.6900,6.7600,6.4000,6.4400,151871104
20131212,6.5900,6.6800,6.5200,6.6100,37202000
20131213,6.4200,6.5900,6.3900,6.5000,41231000
20131216,6.4200,6.5300,6.3200,6.4300,28844100
20131217,6.3000,6.4400,6.2000,6.4400,35242600
20131218,6.3100,6.3200,6.2100,6.3000,24862800
20131219,6.1300,6.3300,6.1000,6.3100,34267300
20131220,6.1500,6.1700,6.0100,6.1300,37168900
20131223,6.1600,6.2100,6.0300,6.1100,23951200
20131224,6.2200,6.2900,6.1500,6.1800,25987500
20131225,6.1200,6.2500,6.0000,6.2200,40899500
20131226,6.0200,6.1100,5.9500,6.0700,21664600
20131227,6.1600,6.1900,5.9900,6.0000,22832700
20131230,6.2300,6.2500,6.0900,6.1800,30902900
20131231,6.6800,6.7000,6.1400,6.1700,151423808
20140101,6.6800,6.6800,6.6800,6.6800,0
20140102,6.4200,6.5900,6.4000,6.5800,25449300
20140103,6.3100,6.4300,6.2100,6.4200,24311300
20140106,6.0100,6.2800,5.9300,6.2700,58717100
20140107,6.0600,6.1600,5.9400,5.9900,26191100
20140108,6.0500,6.1800,5.9800,6.1000,36820800
20140109,6.0300,6.1500,6.0100,6.0500,26782000
20140110,6.0700,6.0900,5.9600,6.0300,24939300
20140113,5.8200,6.1100,5.7000,6.0700,37847300
20140114,5.8100,5.8900,5.7400,5.8200,27730000
20140115,5.8400,5.8700,5.7100,5.8300,33290600
20140116,5.8200,5.8500,5.7100,5.8400,32617400
20140117,5.8600,5.9200,5.7500,5.7700,27180400
20140120,5.9200,6.0000,5.8500,5.8500,16963300
20140121,5.9100,6.0400,5.8800,5.9800,15884700
20140122,6.2000,6.3200,5.9200,5.9300,47401400
20140123,6.1100,6.2400,6.0600,6.1800,19552200
20140124,6.2000,6.3700,6.0600,6.0700,34298100
20140127,6.0800,6.2000,6.0500,6.1500,22518500
20140128,6.1000,6.1700,6.0800,6.1400,27149900
20140129,6.1200,6.1500,6.0700,6.1500,19066700
20140130,6.0500,6.1400,5.9800,6.1000,18024000
20140131,6.0500,6.0500,6.0500,6.0500,0
20140203,6.0500,6.0500,6.0500,6.0500,0
20140205,6.0500,6.0500,6.0500,6.0500,0
20140206,6.0500,6.0500,6.0500,6.0500,0
20140207,6.0700,6.0900,5.9400,6.0000,21867400
20140210,6.1900,6.2200,6.0700,6.0700,25384100
20140211,6.2000,6.2300,6.1100,6.1700,28023900
20140212,6.2200,6.3600,6.1900,6.3100,34517300
20140213,6.0600,6.2400,6.0500,6.2100,44001600
20140214,6.0700,6.1200,5.9600,6.1000,28129400
20140217,6.1300,6.1400,6.0400,6.0800,32156800
20140218,6.2000,6.3200,6.0700,6.1000,52759500
20140219,6.3100,6.3400,6.1600,6.2000,40320200
20140220,6.2700,6.4300,6.2200,6.3000,35645600
20140221,6.4000,6.4300,6.2600,6.2800,42950600
20140224,5.9100,6.2500,5.9100,6.2500,54803200
20140225,6.0100,6.0600,5.8600,5.9100,33760600
