20130226,12.5333,12.9583,12.4833,12.7333,7008100
20130227,12.3167,12.6583,12.2083,12.6000,3992900
20130228,12.5750,12.5833,12.1500,12.3250,4097000
20130301,12.9417,12.9833,12.5083,12.5833,8637100
20130304,12.6667,12.9833,12.4833,12.8250,7367200
20130305,12.9083,12.9750,12.5250,12.6833,6729500
20130306,12.9083,12.9250,12.6917,12.9250,5786800
20130307,12.3583,12.8917,12.2500,12.8917,5670400
20130308,12.2167,12.4583,12.1667,12.3250,3074900
20130311,12.2750,12.3417,12.1500,12.1833,1716800
20130312,11.6667,12.3167,11.4167,12.3167,4315700
20130313,11.4250,11.6667,11.2500,11.6500,2301900
20130314,11.2917,11.5583,11.2833,11.4167,1298600
20130315,11.4167,11.5417,11.2917,11.4250,2042300
20130318,11.1667,11.4500,11.1500,11.3333,1734100
20130319,11.2000,11.3250,10.9167,11.1333,1672700
20130320,11.4833,11.4833,11.1750,11.2000,2237100
20130321,11.6917,11.9167,11.5167,11.5167,4184000
20130322,11.5917,11.7667,11.5000,11.6750,2394600
20130325,11.7583,11.7917,11.5000,11.5833,2530600
20130326,11.6917,11.8583,11.4750,11.8417,3225700
20130327,11.5750,11.7750,11.5000,11.7500,1940700
20130328,11.1500,11.5000,11.1250,11.5000,2588700
20130329,11.0083,11.2583,10.9833,11.2000,1338600
20130401,11.2083,11.2250,10.9250,11.0083,1801300
20130402,11.2250,11.4750,11.1667,11.4167,2084500
20130403,11.5083,11.6500,11.1667,11.2333,3569300
20130404,11.5083,11.5083,11.5083,11.5083,0
20130405,11.5083,11.5083,11.5083,11.5083,0
20130408,11.2500,11.4833,10.9833,11.4833,4249600
20130409,11.2750,11.3833,11.1500,11.2000,2206100
20130410,11.1000,11.3500,11.0500,11.2750,1844100
20130411,10.9917,11.1583,10.9750,11.1250,1235800
20130412,10.8333,11.0417,10.8250,11.0000,1242800
20130415,10.4917,10.8333,10.4333,10.7917,1644500
20130416,10.5583,10.5833,10.3167,10.3333,1207400
20130417,10.5417,10.6000,10.4167,10.6000,1097900
20130418,10.6083,10.6500,10.4417,10.4417,1058500
20130419,10.8000,10.8083,10.5833,10.6000,1898300
20130422,10.9333,10.9333,10.6083,10.7083,2017100
20130423,10.5000,10.9083,10.4833,10.9083,1929700
20130424,10.6667,10.7083,10.3917,10.3917,1364700
20130425,10.7917,11.0417,10.6250,10.6667,4205200
20130426,10.3917,10.7500,10.3750,10.7500,1981400
20130429,10.3917,10.3917,10.3917,10.3917,0
20130430,10.3917,10.3917,10.3917,10.3917,0
20130501,10.3917,10.3917,10.3917,10.3917,0
20130502,10.3333,10.4667,10.2917,10.4083,990300
20130503,10.5750,10.7083,10.3583,10.3583,1323500
20130506,10.7167,10.7750,10.6250,10.6333,1578400
20130507,10.8000,10.9833,10.6083,10.6667,1998900
20130508,10.7750,10.8833,10.6667,10.8333,1913600
20130509,10.8917,10.9167,10.7500,10.8750,2497200
20130510,10.8000,10.8833,10.6917,10.7667,2373100
20130513,10.9583,10.9667,10.7583,10.7917,2357300
20130514,10.7333,10.9583,10.7083,10.9583,1739500
20130515,10.7750,10.7917,10.6750,10.7333,1428800
20130516,10.8333,10.9000,10.6917,10.7917,2225000
20130517,10.9667,10.9917,10.7917,10.7917,3873500
20130520,11.3417,11.4833,10.9417,10.9667,7902900
20130521,11.4500,11.4833,11.1667,11.3000,4826800
20130522,11.3750,11.4333,11.2417,11.4333,2900700
20130523,11.2000,11.5333,11.1250,11.3000,2713900
20130524,11.2667,11.2833,11.1000,11.1667,1655100
20130527,11.3750,11.3917,11.1667,11.2583,3100900
20130528,11.3250,11.4583,11.1833,11.3333,4457900
20130529,11.3667,11.4417,11.3250,11.4167,3325300
20130530,11.2833,11.3833,11.2500,11.3167,2569100
20130531,11.2417,11.3583,11.1333,11.3000,2524700
20130603,11.2000,11.2833,11.1333,11.2833,1868500
20130604,10.7417,11.2000,10.7083,11.1417,2863600
20130605,10.7583,10.8500,10.6583,10.6583,1113100
20130606,10.5833,10.7750,10.5667,10.7167,1263000
20130607,10.4000,10.6750,10.3750,10.6667,1248700
20130610,10.4000,10.4000,10.4000,10.4000,0
20130611,10.4000,10.4000,10.4000,10.4000,0
20130612,10.4000,10.4000,10.4000,10.4000,0
20130613,9.8333,10.3250,9.6917,10.3250,1434700
20130614,9.9250,9.9667,9.6833,9.8750,1013800
20130617,9.9250,10.0750,9.9083,9.9417,1098300
20130618,10.2500,10.3167,9.8500,9.9250,1784700
20130619,10.0083,10.1583,9.8750,10.1583,1315300
20130620,9.7417,9.9667,9.7417,9.8333,800800
20130621,9.6250,9.6667,9.4250,9.6583,954600
20130624,8.8417,9.6167,8.7417,9.6167,1493300
20130625,8.5750,8.9500,7.9667,8.8167,1991400
20130626,8.6167,8.6667,8.4417,8.5583,1348500
20130627,8.6333,9.0833,8.6250,9.0833,1947700
20130628,8.5500,8.7750,8.4000,8.6250,1125900
20130701,8.6750,8.6833,8.3917,8.5500,822800
20130702,8.8833,8.9083,8.7083,8.7083,1586100
20130703,8.7000,8.8333,8.5250,8.8333,2137200
20130704,8.8000,8.8500,8.5417,8.6583,1773400
20130705,8.9333,9.1667,8.7083,8.7500,3141400
20130708,8.4200,8.8400,8.3300,8.6000,1126700
20130709,8.1500,8.4500,8.1200,8.3400,1283200
20130710,8.4200,8.4300,8.1200,8.1500,1134200
20130711,8.7800,8.8300,8.1200,8.1400,6612900
20130712,8.6900,8.9400,8.5600,8.6300,3667400
20130715,8.8500,8.9200,8.5500,8.6700,3356500
20130716,8.8800,8.9300,8.7500,8.7500,1932300
20130717,8.8200,8.9500,8.7100,8.8000,2191300
20130718,8.8300,8.9900,8.7500,8.7500,4216700
20130719,8.6200,8.8100,8.5900,8.7900,2331600
20130722,8.6500,8.6700,8.5000,8.5000,1262500
20130723,9.0900,9.1400,8.6600,8.7000,4570200
20130724,9.1300,9.2500,9.0000,9.0700,6802600
20130725,9.2300,9.2900,8.9200,9.0800,6637900
20130726,9.0500,9.7700,9.0200,9.2100,6223200
20130729,8.3800,8.8500,8.3000,8.8500,4099600
20130730,8.3900,8.4300,8.1400,8.2800,2041400
20130731,8.2800,8.4900,8.2700,8.3800,1326900
20130801,8.4500,8.4700,8.2200,8.2800,1547000
20130802,8.4300,8.5100,8.4100,8.4700,1554300
20130805,8.7200,8.7400,8.4200,8.4500,2785500
20130806,8.7900,8.8000,8.5500,8.7000,2267100
20130807,8.8300,8.8800,8.6800,8.7200,2431000
20130808,9.0100,9.2000,8.7000,8.7500,4577000
20130809,8.8400,9.0800,8.7300,8.9300,3036700
20130812,9.1500,9.1800,8.7800,8.8100,4183500
20130813,9.1400,9.2700,9.0400,9.2100,3354000
20130814,9.6400,9.7600,9.0100,9.1400,9089900
20130815,9.7500,9.9400,9.4000,9.5400,10764000
20130816,9.4100,10.0000,9.4000,9.6000,7291200
20130819,9.1900,9.3000,9.0200,9.2100,4198200
20130820,9.0100,9.2500,8.9600,9.2300,3558400
20130821,9.0600,9.1200,8.9800,9.0400,1974600
20130822,8.9800,9.0900,8.9700,8.9900,2136200
20130823,8.8100,9.0300,8.7000,8.9100,2295800
20130826,8.9600,8.9700,8.8100,8.8100,1776200
20130827,9.1700,9.1800,8.9800,8.9900,2637800
20130828,9.0400,9.1600,8.9600,9.1400,2446100
20130829,9.2800,9.3300,8.9900,9.0500,3499600
20130830,9.0600,9.2700,9.0400,9.2400,2476700
20130902,9.5400,9.7400,8.7800,9.0800,7533400
20130903,9.8800,10.2800,9.4000,9.5000,12303200
20130904,9.7200,9.8000,9.4400,9.7600,7240100
20130905,9.4300,9.5900,9.4200,9.5800,3219900
20130906,9.4500,9.5700,9.3600,9.3800,2497500
20130909,9.4800,9.5900,9.3800,9.3800,2862300
20130910,9.5400,9.5500,9.4000,9.5000,3080500
20130911,9.7300,10.1000,9.4200,9.5100,7163500
20130912,9.8200,9.9000,9.5600,9.7600,4113700
20130913,9.6400,9.8700,9.6200,9.8100,2620000
20130916,9.4500,9.6900,9.4300,9.6900,2653700
20130917,9.3800,9.6100,9.3700,9.4000,2249000
20130918,9.4400,9.4800,9.3000,9.3700,1080200
20130920,9.4400,9.4400,9.4400,9.4400,0
20130923,9.5900,9.6000,9.4400,9.5000,1621400
20130924,9.4200,9.5900,9.3900,9.5700,1717800
20130925,9.5900,9.7500,9.4100,9.4100,3484300
20130926,9.7800,9.9400,9.5100,9.5600,5483200
20130927,9.4600,9.7200,9.4100,9.7000,2926400
20130930,9.5400,9.6500,9.3800,9.4600,1996400
20131001,9.5400,9.5400,9.5400,9.5400,0
20131002,9.5400,9.5400,9.5400,9.5400,0
20131003,9.5400,9.5400,9.5400,9.5400,0
20131004,9.5400,9.5400,9.5400,9.5400,0
20131007,9.5400,9.5400,9.5400,9.5400,0
20131008,9.8300,9.8300,9.4500,9.4500,3751500
20131009,9.8700,9.9200,9.7000,9.8000,3700100
20131010,9.7400,9.8600,9.6400,9.8600,3409000
20131011,9.9000,9.9500,9.6900,9.7400,4526800
20131014,10.2400,10.3800,9.9000,9.9500,8123900
20131015,10.2000,10.3900,10.0600,10.2400,5103800
20131016,9.7200,10.1900,9.6600,10.1900,3610700
20131017,9.8600,9.9500,9.7000,9.8200,2590200
20131018,9.8400,9.9000,9.7000,9.8100,1535000
20131021,10.0000,10.0300,9.7400,9.8100,2939400
20131022,10.1200,10.3000,9.9400,9.9600,3799300
20131023,9.6700,10.1300,9.6500,10.1300,3039100
20131024,9.5100,9.7500,9.4500,9.5300,1823000
20131025,9.2600,9.6000,9.1800,9.5200,1891600
20131028,9.3600,9.5800,9.2900,9.2900,1234200
20131029,8.7000,9.2500,8.4400,9.2500,4244200
20131030,8.7500,8.7800,8.5800,8.7000,1936000
20131031,8.6500,8.7000,8.5800,8.6700,1057200
20131101,8.8600,8.9800,8.4300,8.6300,3011200
20131104,8.8100,8.8900,8.7000,8.7300,1569900
20131105,9.3200,9.4700,8.7200,8.8100,4359500
20131106,9.1400,9.3000,9.0600,9.1800,3289700
20131107,9.3000,9.4900,9.0400,9.1000,3525000
20131108,8.9800,9.1900,8.8000,9.1000,2228900
20131111,9.0100,9.0400,8.7100,8.9400,1455200
20131112,9.1400,9.1500,8.8500,8.9600,1574700
20131113,9.4600,9.4800,9.0100,9.1000,5737600
20131114,10.4100,10.4100,9.4100,9.5000,17469100
20131115,10.5000,10.8500,10.1200,10.4000,21628800
20131118,10.5900,10.6200,10.2800,10.4900,14731500
20131119,10.3400,10.5000,10.2700,10.4600,8392000
20131120,10.1600,10.3100,10.0300,10.3100,7390100
20131121,10.2200,10.3700,9.9500,10.0900,6856100
20131122,10.1300,10.4500,10.1000,10.1600,6149600
20131125,9.9300,10.0800,9.8100,10.0500,4128300
20131126,10.1600,10.1900,9.8800,9.9000,3544700
20131127,10.2000,10.4700,10.1800,10.2300,4885600
20131128,10.0500,10.2600,10.0400,10.2500,4342700
20131129,10.2000,10.4300,10.0800,10.1000,5001800
20131202,9.4500,10.0500,9.4400,9.8000,4831900
20131203,9.7400,9.8000,9.4200,9.4600,3083900
20131204,9.9100,9.9800,9.6400,9.7200,3481900
20131205,9.9200,10.0400,9.8500,9.9300,2098400
20131206,9.9800,10.0500,9.8500,9.9000,1726300
20131209,10.2700,10.3900,10.0000,10.0400,5627300
20131210,10.1400,10.3000,10.0700,10.2700,2828100
20131211,10.6100,10.6700,10.0100,10.1400,10532800
20131212,10.6200,10.8000,10.4000,10.7200,10625900
20131213,10.5100,10.6300,10.3200,10.5000,4748400
20131216,10.5000,11.2800,10.4900,11.0000,8861900
20131217,10.1100,10.5000,10.0600,10.3500,4548800
20131218,10.1200,10.4800,10.0000,10.1200,3613200
20131219,9.9000,10.1800,9.8900,10.1300,3100100
20131220,10.8900,10.8900,9.8700,9.8700,8282200
20131223,10.9700,11.2000,10.6100,11.1000,21345200
20131224,10.8400,11.0100,10.5100,10.8400,17498400
20131225,10.3300,10.4900,10.0100,10.4000,14234900
20131226,9.9400,10.4900,9.8700,10.2900,8823700
20131227,9.8400,9.8500,9.5500,9.8000,7920500
20131230,9.6700,9.8300,9.6500,9.8000,5758400
20131231,9.1500,9.5500,9.1100,9.5500,13563600
20140101,9.1500,9.1500,9.1500,9.1500,0
20140102,9.1700,9.2000,8.9100,9.0000,7340600
20140103,8.9600,9.1500,8.8500,9.1500,7613100
20140106,8.5100,8.9200,8.5000,8.9200,6596700
20140107,8.5700,8.6700,8.4400,8.4600,3693900
20140108,8.6300,8.7000,8.5500,8.5700,3232500
20140109,8.4000,8.7000,8.3700,8.6200,4059600
20140110,8.2300,8.4000,8.2000,8.4000,3367800
20140113,8.2400,8.3100,8.1300,8.1300,2394600
20140114,8.4200,8.4600,8.2200,8.2400,3006500
20140115,8.5000,8.5100,8.2800,8.4500,3591800
20140116,8.6100,8.6700,8.4300,8.5500,4141600
20140117,8.3600,8.5800,8.3600,8.5200,2235300
20140120,8.4500,8.7800,8.4100,8.5700,4539000
20140121,8.4900,8.5600,8.3500,8.3500,2237300
20140122,8.6500,8.6500,8.4500,8.4900,4472100
20140123,8.5800,8.6600,8.5400,8.6300,3153600
20140124,8.6600,8.7600,8.5000,8.5500,4584500
20140127,8.5500,8.6500,8.5400,8.6000,3113400
20140128,8.3100,8.6200,8.1800,8.5600,3102900
20140129,8.3100,8.4200,8.2900,8.3200,2131200
20140130,7.6900,8.1300,7.4900,8.0500,6645700
20140131,7.6900,7.6900,7.6900,7.6900,0
20140203,7.6900,7.6900,7.6900,7.6900,0
20140205,7.6900,7.6900,7.6900,7.6900,0
20140206,7.6900,7.6900,7.6900,7.6900,0
20140207,8.0700,8.0800,7.5300,7.6700,4403200
20140210,8.4200,8.5000,8.0700,8.0800,5089700
20140211,8.5000,8.6500,8.3300,8.4100,4696600
20140212,8.8400,8.9700,8.4500,8.5500,8442100
20140213,8.8900,9.0600,8.6600,8.7900,9602500
20140214,9.1500,9.2100,8.8300,8.8900,9698400
20140217,9.5500,9.6600,9.0700,9.1500,12014900
20140218,9.4300,9.7600,9.3700,9.5900,5895500
20140219,9.3500,9.5700,9.1900,9.4300,5572300
20140220,9.3200,9.6000,9.0900,9.3500,7060300
20140221,9.3300,9.3400,9.1300,9.2300,2757100
20140224,9.3700,9.5000,9.1800,9.3400,8677300
20140225,9.2300,9.4300,9.2200,9.3000,7388000
