20130226,3.5100,3.7800,3.4000,3.7500,23149400
20130227,3.5100,3.5900,3.4500,3.5200,22421300
20130228,3.5800,3.6000,3.4700,3.4800,12692000
20130301,3.5500,3.6000,3.5000,3.5800,8424300
20130304,3.2700,3.4600,3.2400,3.4600,19345200
20130305,3.3200,3.3400,3.2600,3.3000,7740300
20130306,3.3400,3.3700,3.3100,3.3300,7699800
20130307,3.3500,3.3800,3.3200,3.3300,6822800
20130308,3.3100,3.3600,3.3000,3.3500,5491100
20130311,3.3500,3.3500,3.3000,3.3300,4885400
20130312,3.2700,3.3700,3.2500,3.3500,5808400
20130313,3.2400,3.2800,3.2100,3.2800,6855800
20130314,3.2400,3.2600,3.2200,3.2300,3042800
20130315,3.2300,3.2700,3.2000,3.2400,4888800
20130318,3.2300,3.2500,3.2000,3.2200,5293800
20130319,3.2800,3.3000,3.2100,3.2300,8807900
20130320,3.3300,3.3400,3.2600,3.2800,7110900
20130321,3.3000,3.3300,3.2900,3.3200,5925700
20130322,3.3300,3.3500,3.2800,3.3100,5502800
20130325,3.3200,3.3400,3.2900,3.3400,4691800
20130326,3.2900,3.3500,3.2700,3.3000,5457200
20130327,3.2900,3.3200,3.2800,3.2900,4377200
20130328,3.1900,3.2900,3.1800,3.2900,6231000
20130329,3.2000,3.2200,3.1800,3.1900,3113600
20130401,3.2300,3.2700,3.2000,3.2200,4956000
20130402,3.2500,3.2800,3.2300,3.2400,4890800
20130403,3.2300,3.2800,3.2100,3.2500,3089600
20130404,3.2300,3.2300,3.2300,3.2300,0
20130405,3.2300,3.2300,3.2300,3.2300,0
20130408,3.2100,3.2100,3.1600,3.2100,4076900
20130409,3.2500,3.2600,3.2000,3.2100,4582800
20130410,3.2600,3.2700,3.2200,3.2500,4791500
20130411,3.2600,3.2900,3.2300,3.2700,4080000
20130412,3.2500,3.2800,3.2400,3.2500,2706100
20130415,3.2800,3.2900,3.1900,3.2300,8924700
20130416,3.3500,3.3500,3.2200,3.2500,11999100
20130417,3.3400,3.3600,3.2800,3.3400,8907600
20130418,3.3200,3.3700,3.2900,3.3200,4697500
20130419,3.3500,3.3700,3.3000,3.3000,9389600
20130422,3.3200,3.3400,3.2900,3.3200,5612900
20130423,3.2300,3.3300,3.2100,3.3300,5906000
20130424,3.2600,3.2700,3.2100,3.2300,4765100
20130425,3.2000,3.2500,3.2000,3.2400,4485700
20130426,3.1900,3.2300,3.1800,3.2100,3644500
20130429,3.1900,3.1900,3.1900,3.1900,0
20130430,3.1900,3.1900,3.1900,3.1900,0
20130501,3.1900,3.1900,3.1900,3.1900,0
20130502,3.1900,3.2200,3.1800,3.1900,2586100
20130503,3.2300,3.2500,3.2000,3.2100,4350400
20130506,3.2500,3.2600,3.2300,3.2300,5736500
20130507,3.2500,3.2600,3.2300,3.2500,3427500
20130508,3.2800,3.3000,3.2500,3.2600,5667500
20130509,3.2300,3.2800,3.2100,3.2700,3911700
20130510,3.2600,3.2600,3.2100,3.2300,3693600
20130513,3.2500,3.2700,3.2200,3.2400,4124000
20130514,3.2800,3.2900,3.2100,3.2500,8257800
20130515,3.2900,3.3000,3.2500,3.2700,5308900
20130516,3.3400,3.3400,3.2700,3.2900,13405600
20130517,3.4000,3.4200,3.3200,3.3500,17702400
20130520,3.4000,3.4600,3.3800,3.4100,18499000
20130521,3.3900,3.4000,3.3600,3.3900,10765700
20130522,3.4200,3.4600,3.3800,3.3900,13441900
20130523,3.3900,3.4400,3.3600,3.4100,10185700
20130524,3.3900,3.4100,3.3500,3.3800,8950300
20130527,3.3900,3.4000,3.3600,3.3900,6695500
20130528,3.4500,3.4600,3.3600,3.4000,14265400
20130529,3.5000,3.5400,3.4500,3.4500,21367200
20130530,3.4700,3.5000,3.4500,3.4800,8272100
20130531,3.4300,3.5000,3.4200,3.4700,9196800
20130603,3.4200,3.4800,3.4000,3.4400,6370300
20130604,3.3600,3.4400,3.3500,3.4100,6267200
20130605,3.3500,3.3800,3.3200,3.3600,5011700
20130606,3.3200,3.3600,3.3100,3.3400,4131500
20130607,3.2700,3.3400,3.2500,3.3200,5685600
20130610,3.2700,3.2700,3.2700,3.2700,0
20130611,3.2700,3.2700,3.2700,3.2700,0
20130612,3.2700,3.2700,3.2700,3.2700,0
20130613,3.1500,3.2400,3.1400,3.2400,6923800
20130614,3.1700,3.1800,3.1400,3.1700,3646900
20130617,3.1600,3.2000,3.1300,3.1700,4875300
20130618,3.2200,3.2400,3.1500,3.1800,6575300
20130619,3.2000,3.2100,3.1300,3.2000,3988100
20130620,3.1400,3.2100,3.1300,3.1800,3139700
20130621,3.1300,3.1500,3.0800,3.1300,3983200
20130624,2.9800,3.1300,2.9300,3.1300,6261000
20130625,2.9200,2.9800,2.7400,2.9800,12374500
20130626,2.9600,2.9900,2.8600,2.9100,12321800
20130627,2.9200,3.0400,2.9000,3.0200,15275000
20130628,3.0100,3.1100,2.8700,2.8800,16016900
20130701,3.0000,3.0100,2.9200,3.0100,7117600
20130702,2.9900,3.0000,2.9400,2.9900,5841900
20130703,2.9300,2.9800,2.8900,2.9800,5064600
20130704,2.9600,3.0000,2.9000,2.9100,4548800
20130705,3.0000,3.0700,2.9800,2.9800,6694000
20130708,2.9000,2.9700,2.8900,2.9700,5942300
20130709,2.9000,2.9200,2.8600,2.8800,3756900
20130710,3.0000,3.0300,2.9300,2.9300,8223700
20130711,3.1500,3.1600,2.9800,3.0000,16591100
20130712,3.0500,3.1300,3.0300,3.1100,10481000
20130715,3.0600,3.1000,3.0300,3.0700,7395400
20130716,3.0600,3.0700,3.0100,3.0600,5704900
20130717,3.0500,3.1100,3.0300,3.0400,8325200
20130718,3.0800,3.1100,3.0100,3.0500,10925000
20130719,2.9700,3.0600,2.9600,3.0500,7510000
20130722,2.9600,2.9700,2.9200,2.9400,5009300
20130723,3.0100,3.0400,2.9400,2.9700,4812900
20130724,2.9700,3.0100,2.9500,3.0100,6417000
20130725,2.9800,3.0300,2.9600,2.9700,4513100
20130726,2.9700,2.9800,2.9300,2.9800,4052000
20130729,2.9200,2.9600,2.9100,2.9600,5173500
20130730,2.8700,2.9000,2.8500,2.8700,2934600
20130731,2.9000,3.0100,2.9000,2.9300,6363700
20130801,2.9600,2.9600,2.9000,2.9000,6073100
20130802,3.0100,3.0400,2.9900,3.0100,8467200
20130805,3.0200,3.0600,2.9700,3.0000,9028500
20130806,3.0100,3.0200,2.9700,3.0200,7438800
20130807,3.0000,3.0500,3.0000,3.0100,7461000
20130808,2.9900,3.0300,2.9700,3.0100,5673300
20130809,3.0100,3.0200,2.9600,3.0200,4922000
20130812,3.0700,3.0800,3.0000,3.0100,12492000
20130813,3.0800,3.0800,3.0400,3.0700,8431000
20130814,3.0700,3.1300,3.0500,3.0900,9786600
20130815,3.0300,3.0700,3.0200,3.0700,5727800
20130816,3.0300,3.1100,3.0000,3.0100,10939500
20130819,3.0300,3.0500,2.9900,3.0300,5739800
20130820,3.0100,3.0400,2.9900,3.0300,5335600
20130821,3.0100,3.0100,2.9800,2.9800,3868300
20130822,3.0000,3.0300,2.9800,3.0000,5593600
20130823,2.9700,3.0100,2.9500,3.0100,5499300
20130826,3.0300,3.0400,2.9500,2.9500,7096000
20130827,3.0900,3.1000,3.0200,3.0300,12662900
20130828,3.0800,3.1000,3.0400,3.0600,11885900
20130829,3.3900,3.3900,3.1000,3.1000,75881504
20130830,3.5500,3.6600,3.3500,3.3900,80273504
20130902,3.2200,3.4800,3.2000,3.4800,42463900
20130903,3.2400,3.2800,3.1600,3.2000,23934300
20130904,3.2300,3.3000,3.2000,3.2200,21931300
20130905,3.1600,3.2400,3.1500,3.2400,15929300
20130906,3.1900,3.2100,3.1400,3.1700,13617800
20130909,3.2600,3.2900,3.1700,3.1900,23814100
20130910,3.3200,3.3600,3.2400,3.2700,26463600
20130911,3.3000,3.3400,3.2600,3.3200,22806500
20130912,3.3300,3.3600,3.2600,3.2800,21353500
20130913,3.2900,3.3400,3.2600,3.3300,13150900
20130916,3.2500,3.3000,3.2400,3.2900,8368300
20130917,3.1900,3.2600,3.1800,3.2600,8532100
20130918,3.1900,3.2200,3.1700,3.1800,8484500
20130920,3.1900,3.1900,3.1900,3.1900,0
20130923,3.2400,3.2500,3.1900,3.2100,9033400
20130924,3.2000,3.2400,3.1800,3.2300,8979500
20130925,3.1600,3.2200,3.1500,3.2100,8891600
20130926,3.1200,3.2200,3.1200,3.1900,7521900
20130927,3.1200,3.1400,3.1000,3.1200,4937600
20130930,3.1500,3.1600,3.1200,3.1400,3221800
20131001,3.1500,3.1500,3.1500,3.1500,0
20131002,3.1500,3.1500,3.1500,3.1500,0
20131003,3.1500,3.1500,3.1500,3.1500,0
20131004,3.1500,3.1500,3.1500,3.1500,0
20131007,3.1500,3.1500,3.1500,3.1500,0
20131008,3.4700,3.4700,3.1200,3.1400,60091800
20131009,3.7200,3.8200,3.4600,3.5000,111273600
20131010,3.4900,3.7600,3.4500,3.6700,58808400
20131011,3.4900,3.5500,3.4000,3.5000,25064600
20131014,3.4100,3.4900,3.3900,3.4900,25140100
20131015,3.4100,3.4300,3.3500,3.4200,17784100
20131016,3.3000,3.3900,3.2900,3.3800,17313800
20131017,3.3200,3.3600,3.3000,3.3300,10178900
20131018,3.3400,3.3700,3.3200,3.3500,10261300
20131021,3.3800,3.4000,3.3100,3.3400,13229300
20131022,3.7000,3.7100,3.4300,3.4300,69526000
20131023,3.4100,3.6200,3.3700,3.6200,46000700
20131024,3.3400,3.3900,3.3100,3.3500,15752400
20131025,3.3400,3.3800,3.3100,3.3600,10510100
20131028,3.2600,3.3600,3.2300,3.3400,12619500
20131029,3.2200,3.3100,3.1500,3.2500,14185300
20131030,3.4000,3.4500,3.1800,3.2000,23825400
20131031,3.3300,3.5100,3.3100,3.3800,21677400
20131101,3.3500,3.4100,3.2300,3.2600,13414600
20131104,3.4000,3.4500,3.3100,3.3300,17239500
20131105,3.4800,3.5400,3.3300,3.3700,28208700
20131106,3.3400,3.4800,3.3300,3.4300,19523800
20131107,3.3100,3.3600,3.2600,3.3200,9201300
20131108,3.3800,3.4100,3.2700,3.3000,13114800
20131111,3.3100,3.3800,3.2700,3.3700,9469200
20131112,3.3600,3.4400,3.3000,3.3100,13409300
20131113,3.2200,3.3600,3.2100,3.3500,13425400
20131114,3.2400,3.2500,3.1900,3.2200,9086400
20131115,3.3100,3.3400,3.2000,3.2300,13969500
20131118,3.3700,3.3800,3.3000,3.3400,18124200
20131119,3.3900,3.4200,3.3200,3.3700,19232800
20131120,3.5200,3.5900,3.3500,3.3800,43237200
20131121,3.5800,3.8000,3.4500,3.5100,62131100
20131122,3.4600,3.5900,3.4300,3.5600,30523500
20131125,3.5000,3.6300,3.4400,3.4400,23951300
20131126,3.4600,3.5700,3.4200,3.5000,14965800
20131127,3.4600,3.4900,3.3900,3.4400,13376800
20131128,3.4800,3.5100,3.4400,3.4700,15473900
20131129,3.4400,3.5100,3.4300,3.4700,10154600
20131202,3.2800,3.4000,3.2100,3.3900,18034000
20131203,3.3500,3.3600,3.2500,3.2500,9780800
20131204,3.4300,3.4800,3.3300,3.3500,15480300
20131205,3.4200,3.4700,3.4000,3.4300,9616000
20131206,3.4300,3.4500,3.3700,3.4000,8165300
20131209,3.4000,3.4500,3.3900,3.4300,6111800
20131210,3.4100,3.4300,3.3600,3.4000,8716200
20131211,3.4400,3.5300,3.3900,3.4100,22175300
20131212,3.4200,3.4700,3.3900,3.4000,9720800
20131213,3.4600,3.4800,3.3600,3.4100,11572500
20131216,3.5000,3.5700,3.4500,3.4600,27547300
20131217,3.5600,3.7200,3.4700,3.5200,49622400
20131218,3.4500,3.5600,3.4100,3.5100,22072700
20131219,3.3700,3.4600,3.3400,3.4400,15085100
20131220,3.4300,3.4400,3.3500,3.3700,13835600
20131223,3.3400,3.4200,3.2500,3.4100,11081000
20131224,3.3500,3.3800,3.3000,3.3600,6565900
20131225,3.3500,3.3700,3.3200,3.3400,6218500
20131226,3.2300,3.3500,3.2200,3.3400,15858500
20131227,3.2700,3.2900,3.2200,3.2200,6211300
20131230,3.3200,3.3700,3.2800,3.3000,7387900
20131231,3.3200,3.3700,3.3000,3.3300,6237200
20140101,3.3200,3.3200,3.3200,3.3200,0
20140102,3.2900,3.3500,3.2700,3.3500,6485900
20140103,3.2400,3.2800,3.2100,3.2800,7663400
20140106,3.1200,3.2300,3.1100,3.2200,7828900
20140107,3.1400,3.1700,3.0900,3.1100,4808300
20140108,3.0700,3.1500,3.0500,3.1400,7362200
20140109,3.0300,3.1100,3.0300,3.0700,5391800
20140110,2.9600,3.0500,2.9400,3.0300,6493800
20140113,2.9700,3.0000,2.9400,2.9700,4485400
20140114,3.0300,3.0300,2.9400,2.9700,3825700
20140115,3.0200,3.0400,2.9900,3.0200,3415100
20140116,3.0600,3.1100,3.0000,3.0200,5697100
20140117,2.9900,3.0400,2.9900,3.0400,4211400
20140120,2.9800,3.0000,2.9600,3.0000,3604000
20140121,3.0000,3.0300,2.9800,2.9800,3241500
20140122,3.0900,3.1100,3.0000,3.0000,7067100
20140123,3.0600,3.1100,3.0400,3.1000,5220700
20140124,3.1200,3.1500,3.0400,3.0500,6190600
20140127,3.1000,3.1200,3.0700,3.0900,3880400
20140128,3.1000,3.1200,3.0800,3.0800,3479600
20140129,3.0900,3.1300,3.0800,3.1200,3342900
20140130,3.0900,3.1200,3.0700,3.0900,2752100
20140131,3.0900,3.0900,3.0900,3.0900,0
20140203,3.0900,3.0900,3.0900,3.0900,0
20140205,3.0900,3.0900,3.0900,3.0900,0
20140206,3.0900,3.0900,3.0900,3.0900,0
20140207,3.0700,3.0800,3.0100,3.0600,4083700
20140210,3.1400,3.1500,3.0600,3.0600,6015900
20140211,3.2000,3.2300,3.1200,3.1300,12414000
20140212,3.3100,3.4300,3.2100,3.2400,22958300
20140213,3.2100,3.3000,3.2100,3.2900,13136500
20140214,3.2600,3.2800,3.2000,3.2200,7386600
20140217,3.2800,3.3200,3.2400,3.2600,7325600
20140218,3.3500,3.4000,3.2200,3.2800,18019300
20140219,3.3500,3.4000,3.2600,3.3100,16163100
20140220,3.2700,3.3700,3.2600,3.3500,10849200
20140221,3.2300,3.3200,3.2000,3.2700,6462400
20140224,3.0800,3.1900,3.0800,3.1900,11097300
20140225,3.0300,3.1300,3.0200,3.0800,9905700
