20130226,8.9300,9.4600,8.9000,9.4500,17698700
20130227,8.5900,8.8500,8.4700,8.8100,11120100
20130228,8.6900,8.7100,8.5000,8.5300,6576300
20130301,8.9000,8.9800,8.5600,8.7100,11174600
20130304,8.6100,8.8500,8.5300,8.8000,8544400
20130305,8.8100,8.8700,8.5700,8.6000,7320700
20130306,8.9600,8.9800,8.8200,8.8800,8271900
20130307,8.8500,9.0500,8.7700,8.9100,7672900
20130308,8.8800,8.9800,8.8100,8.8100,4678300
20130311,8.7100,8.9300,8.6500,8.9200,4038600
20130312,8.3400,8.7600,8.2300,8.6600,7363400
20130313,8.3800,8.5900,8.2700,8.5500,4030500
20130314,8.3500,8.4500,8.2800,8.3000,2459500
20130315,8.2000,8.4000,8.1500,8.3600,4344300
20130318,8.1400,8.2600,8.1300,8.1500,2819800
20130319,8.3200,8.3500,8.1500,8.1500,3558500
20130320,8.5000,8.5700,8.2700,8.3000,5853400
20130321,8.8300,9.1400,8.4900,8.5000,10455100
20130322,8.9400,9.1200,8.7700,8.8200,9175000
20130325,9.6900,9.8300,9.4600,9.8000,39512600
20130326,9.1200,9.4400,9.1000,9.4400,21480400
20130327,9.1800,9.2200,8.8900,9.0800,14457800
20130328,8.8000,9.0000,8.7800,9.0000,9801700
20130329,8.6900,8.9200,8.6300,8.8700,6471800
20130401,8.9400,9.0900,8.7000,8.8800,9112900
20130402,9.0200,9.3800,9.0000,9.2000,13815100
20130403,8.6700,8.9000,8.6100,8.8800,7574600
20130404,8.6700,8.6700,8.6700,8.6700,0
20130405,8.6700,8.6700,8.6700,8.6700,0
20130408,8.5400,8.6600,8.2600,8.5000,5580900
20130409,8.6200,8.6400,8.4000,8.5500,5008100
20130410,8.8900,9.0400,8.7400,8.7400,8986500
20130411,8.6700,8.9600,8.6500,8.9100,4849700
20130412,8.4200,8.6500,8.4100,8.6100,3606400
20130415,8.3300,8.4100,8.2500,8.2500,2643200
20130416,8.4800,8.4900,8.2200,8.2600,2511600
20130417,8.6400,8.6700,8.4200,8.4800,3740200
20130418,8.5700,8.7000,8.5400,8.6600,3232900
20130419,8.7600,8.8400,8.5600,8.5600,5682200
20130422,9.0300,9.0800,8.6100,8.6100,10196100
20130423,8.7400,9.0100,8.7200,8.9400,5279100
20130424,9.0800,9.1800,8.7500,8.8200,9947300
20130425,8.8800,9.0800,8.8100,9.0800,5778800
20130426,8.8200,8.9800,8.7600,8.9100,4032300
20130429,8.8200,8.8200,8.8200,8.8200,0
20130430,8.8200,8.8200,8.8200,8.8200,0
20130501,8.8200,8.8200,8.8200,8.8200,0
20130502,8.5900,8.8200,8.5100,8.7500,3845800
20130503,8.7000,8.8100,8.5900,8.5900,3295900
20130506,8.9800,8.9900,8.7200,8.7200,6117600
20130507,9.0000,9.0700,8.9000,9.0400,6446300
20130508,9.0300,9.0900,8.8300,8.9900,6985800
20130509,9.2500,9.2600,8.8900,9.0100,13506300
20130510,9.1600,9.2700,9.0900,9.1500,7172300
20130513,9.0600,9.2500,9.0300,9.1800,5256000
20130514,8.8400,9.0600,8.8100,9.0500,5087600
20130515,8.9600,8.9700,8.8400,8.8700,2809500
20130516,9.0200,9.0500,8.8400,8.9600,4707200
20130517,9.1700,9.2500,9.0300,9.1300,8737600
20130520,9.4100,9.4800,9.1400,9.2000,14421400
20130521,9.4100,9.5000,9.2100,9.3700,11571600
20130522,9.3700,9.6000,9.2000,9.4100,12487500
20130523,9.5100,9.6700,9.2600,9.2700,14212200
20130524,9.4700,9.6500,9.2900,9.4600,8525900
20130527,9.8000,9.8500,9.3800,9.3800,14468100
20130528,9.7200,9.9700,9.6000,9.8500,12142000
20130529,9.7900,9.8200,9.6500,9.7500,9835700
20130530,9.6500,9.8900,9.5400,9.8100,10100800
20130531,9.4500,9.7000,9.4200,9.7000,8070000
20130603,9.5300,9.6000,9.3700,9.4600,4707200
20130604,9.3400,9.6300,9.3000,9.4900,5036800
20130605,9.5600,9.5800,9.3500,9.3500,5554600
20130606,9.1800,9.6300,9.1600,9.6200,6901800
20130607,8.9700,9.2500,8.8500,9.1900,5398600
20130610,8.9700,8.9700,8.9700,8.9700,0
20130611,8.9700,8.9700,8.9700,8.9700,0
20130612,8.9700,8.9700,8.9700,8.9700,0
20130613,8.6600,8.8800,8.5000,8.8600,3371400
20130614,8.7800,8.8400,8.6600,8.6600,2256900
20130617,8.9300,9.0300,8.6700,8.8200,3043800
20130618,8.8800,9.0000,8.7300,8.9500,2699700
20130619,9.0100,9.0300,8.6800,8.8700,3883100
20130620,8.8100,8.9800,8.7900,8.9600,2695300
20130621,8.5900,8.7400,8.5200,8.6100,2863600
20130624,8.0900,8.6400,7.9300,8.6100,3089300
20130625,7.9200,8.1500,7.2800,8.0000,4737600
20130626,7.9500,8.0900,7.8300,7.9000,2437200
20130627,7.8800,8.1900,7.8600,7.9900,3876000
20130628,8.1000,8.2000,7.7100,7.8600,4878900
20130701,8.1700,8.2500,7.9200,8.2500,6296100
20130702,8.0700,8.1400,7.9800,8.0800,4892400
20130703,7.7800,8.0600,7.6300,8.0600,7020500
20130704,7.8400,7.9500,7.7200,7.8100,4739400
20130705,7.7900,7.9200,7.7200,7.8300,3960800
20130708,7.3800,7.7000,7.3100,7.7000,4592300
20130709,7.4600,7.4800,7.3600,7.4000,1875600
20130710,7.6200,7.6500,7.4000,7.4800,3644800
20130711,7.7800,7.8900,7.6300,7.7500,6677300
20130712,7.6600,7.8000,7.6500,7.7400,4635700
20130715,7.8400,7.8700,7.6500,7.6600,4898100
20130716,7.9400,7.9700,7.7700,7.8400,3992600
20130717,7.7400,7.9400,7.7300,7.9400,3483200
20130718,7.7600,7.7600,7.5000,7.7500,3218700
20130719,7.4900,7.7600,7.4800,7.7400,2691300
20130722,7.7000,7.7600,7.3500,7.4000,2743000
20130723,7.8300,7.8400,7.6200,7.6800,4168000
20130724,7.7200,7.8300,7.6000,7.8300,3457900
20130725,7.6300,7.7800,7.6200,7.7200,2364500
20130726,7.5800,7.7300,7.5300,7.6700,2303600
20130729,7.5700,7.7700,7.5200,7.6000,3137000
20130730,7.5400,7.5800,7.3500,7.4900,2810200
20130731,7.5400,7.6300,7.5200,7.5400,1859500
20130801,7.7100,7.7400,7.5700,7.5700,3247300
20130802,7.6900,7.7700,7.6600,7.7600,3089900
20130805,7.7700,7.7800,7.6600,7.7000,3233400
20130806,7.8700,7.9000,7.7100,7.7700,4835300
20130807,7.9400,8.0100,7.7800,7.8200,6803300
20130808,8.1700,8.2000,7.8800,7.9400,8872500
20130809,8.0300,8.2200,8.0000,8.1900,12115300
20130812,8.1200,8.1500,7.9000,7.9700,10022600
20130813,8.1500,8.1900,8.0500,8.1000,6416500
20130814,8.0600,8.1800,8.0000,8.1500,4801900
20130815,8.0100,8.1200,7.9900,8.0400,2897800
20130816,7.9400,8.1300,7.9000,7.9700,3945500
20130819,7.9900,8.0200,7.8500,7.8800,2051000
20130820,7.9800,8.0700,7.9200,8.0000,3079700
20130821,8.1200,8.1400,7.9300,8.0000,6118700
20130822,7.8000,7.9200,7.7200,7.9200,9053500
20130823,7.6300,7.8200,7.5500,7.8000,5134000
20130826,7.7400,7.8000,7.6200,7.6400,3201400
20130827,7.7600,7.7800,7.7000,7.7100,3238300
20130828,7.6800,7.7600,7.6000,7.7500,3802900
20130829,7.7000,7.7300,7.6500,7.6700,2637200
20130830,7.6400,7.7300,7.5900,7.7200,4912100
20130902,7.7400,7.7700,7.4800,7.6500,5343200
20130903,8.1400,8.3100,7.6800,7.6900,15888200
20130904,8.1600,8.1900,7.9800,8.0100,10541100
20130905,8.0400,8.2100,7.9900,8.1600,6038200
20130906,8.0800,8.1400,7.9800,8.0000,5698300
20130909,8.1100,8.1200,8.0200,8.0500,6648200
20130910,8.3100,8.3600,8.0500,8.1100,12587200
20130911,8.1500,8.2600,8.0800,8.2600,7775900
20130912,8.1500,8.2000,8.0700,8.1200,3744700
20130913,8.1900,8.3500,8.1600,8.1600,6184000
20130916,8.0900,8.2300,8.0800,8.2000,3618600
20130917,7.9900,8.1500,7.9600,8.1000,3259300
20130918,8.1000,8.1000,7.9800,7.9800,2729000
20130920,8.1000,8.1000,8.1000,8.1000,0
20130923,8.1600,8.2100,8.1100,8.1100,3611000
20130924,8.2200,8.2600,8.1400,8.1900,5294500
20130925,8.1700,8.2400,8.1400,8.2200,3811600
20130926,8.0500,8.1700,7.9500,8.1700,4365000
20130927,8.0200,8.1200,8.0000,8.0000,2356600
20130930,8.2400,8.2500,8.0300,8.1000,3349400
20131001,8.2400,8.2400,8.2400,8.2400,0
20131002,8.2400,8.2400,8.2400,8.2400,0
20131003,8.2400,8.2400,8.2400,8.2400,0
20131004,8.2400,8.2400,8.2400,8.2400,0
20131007,8.2400,8.2400,8.2400,8.2400,0
20131008,8.3400,8.4100,8.1800,8.2300,6655000
20131009,8.3500,8.3800,8.2700,8.3200,4496200
20131010,8.2000,8.3800,8.2000,8.3500,4244700
20131011,8.4900,8.5800,8.2300,8.2300,8514500
20131014,8.7200,8.7600,8.4700,8.4800,11645900
20131015,8.8000,8.8200,8.5300,8.7300,8203000
20131016,8.5600,8.8000,8.5100,8.8000,5877500
20131017,8.7300,8.9900,8.5500,8.6200,10974900
20131018,8.6200,8.7100,8.5400,8.6500,4805600
20131021,8.8600,8.9000,8.6000,8.6300,8950400
20131022,8.8800,9.1700,8.8500,9.0200,15288000
20131023,8.6600,8.8800,8.5200,8.8800,7614200
20131024,8.6300,8.7000,8.5200,8.6100,3322900
20131025,8.5100,8.6700,8.4600,8.6600,3477100
20131028,8.6900,8.7700,8.5000,8.5100,5443200
20131029,8.4100,8.7600,8.1300,8.7000,6512200
20131030,8.5900,8.6700,8.1700,8.3700,5903200
20131031,8.8200,9.1000,8.3900,8.5700,12445100
20131101,8.6500,8.7900,8.5100,8.6700,6384900
20131104,8.5900,8.7400,8.4600,8.6600,4565900
20131105,8.8900,9.1000,8.5800,8.5800,14117900
20131106,9.1100,9.3300,8.7500,8.8000,18365900
20131107,8.9300,9.4600,8.8800,9.1300,20801700
20131108,8.7900,9.0800,8.6500,8.8900,9925500
20131111,8.6700,8.8900,8.6000,8.6600,6660600
20131112,9.1000,9.1600,8.6700,8.6800,13609100
20131113,8.6100,8.9300,8.6000,8.8000,10683100
20131114,8.6000,8.6900,8.4100,8.6500,6332700
20131115,8.6700,8.7600,8.5200,8.5300,8172200
20131118,8.9300,8.9600,8.7600,8.9000,11206800
20131119,9.0900,9.1000,8.8500,8.9300,14125700
20131120,9.0300,9.1000,8.9000,9.1000,7187500
20131121,9.3100,9.4000,8.9000,8.9800,18446800
20131122,9.2000,9.3000,9.1300,9.2400,9875000
20131125,9.0400,9.2400,8.9400,9.1000,7947500
20131126,8.9800,9.1400,8.9300,9.0600,5826600
20131127,9.1000,9.1400,8.9000,8.9600,7880700
20131128,8.9800,9.1800,8.9600,9.1000,8430500
20131129,8.9200,9.0100,8.8600,8.9400,6612700
20131202,8.3700,8.8300,8.2800,8.6800,12669700
20131203,8.5000,8.5200,8.3500,8.3900,5245200
20131204,8.5800,8.6800,8.4300,8.4800,8191000
20131205,8.5500,8.6300,8.4700,8.5800,4834100
20131206,8.5600,8.5900,8.5000,8.5600,3617500
20131209,8.5600,8.6300,8.5500,8.5800,3279300
20131210,8.5400,8.6000,8.4300,8.5600,4565700
20131211,8.3700,8.5400,8.2600,8.5300,5213800
20131212,8.4300,8.5500,8.3600,8.5500,4404800
20131213,8.4700,8.4800,8.3700,8.3900,2858800
20131216,8.3000,8.5200,8.3000,8.4700,3978500
20131217,8.2000,8.3900,8.1900,8.3100,3333600
20131218,8.2600,8.3900,8.2200,8.2700,2754500
20131219,8.2500,8.3800,8.2500,8.3600,2261200
20131220,8.0900,8.2600,8.0400,8.2100,3186300
20131223,7.9800,8.1400,7.9000,8.0800,2044000
20131224,8.1300,8.1600,7.9700,7.9800,1916200
20131225,8.1300,8.1600,8.0600,8.1300,1705300
20131226,8.0000,8.1300,7.9700,8.1300,2687700
20131227,8.0300,8.0600,7.9500,7.9700,2230000
20131230,8.0900,8.0900,8.0100,8.0400,1969900
20131231,8.0400,8.0800,7.9700,8.0700,2462800
20140101,8.0400,8.0400,8.0400,8.0400,0
20140102,8.0500,8.0600,7.9900,8.0400,1595500
20140103,7.9000,8.0400,7.8700,8.0400,3046500
20140106,7.6200,7.9100,7.5800,7.8900,3379600
20140107,7.6000,7.7100,7.5600,7.6100,2749900
20140108,7.5300,7.6600,7.4500,7.6100,3109900
20140109,7.4100,7.5800,7.4000,7.4600,2186400
20140110,7.3000,7.4600,7.2800,7.4000,3493700
20140113,7.3400,7.4500,7.3100,7.3200,1730500
20140114,7.3700,7.4100,7.2800,7.4100,2727100
20140115,7.3800,7.3900,7.3100,7.3800,2199100
20140116,7.4300,7.4600,7.3500,7.3900,1987200
20140117,7.3100,7.4300,7.2900,7.4300,1843300
20140120,7.0900,7.3200,7.0300,7.3200,2148000
20140121,7.1900,7.2400,7.0700,7.0700,1489000
20140122,7.3100,7.3200,7.1700,7.1900,2810000
20140123,7.3100,7.3900,7.2900,7.3100,2477800
20140124,7.3500,7.3800,7.2800,7.3100,2746800
20140127,7.2300,7.3500,7.2100,7.3500,2640400
20140128,7.2600,7.2900,7.1800,7.2300,2018300
20140129,7.5200,7.5800,7.3000,7.3200,5743200
20140130,7.5000,7.5400,7.3700,7.4500,2428200
20140131,7.5000,7.5000,7.5000,7.5000,0
20140203,7.5000,7.5000,7.5000,7.5000,0
20140205,7.5000,7.5000,7.5000,7.5000,0
20140206,7.5000,7.5000,7.5000,7.5000,0
20140207,7.5600,7.5800,7.4100,7.4700,2696900
20140210,7.6800,7.7100,7.5200,7.5500,4157600
20140211,7.6900,7.7300,7.6100,7.6600,4121100
20140212,7.7000,7.7200,7.6000,7.7100,3847700
20140213,7.5800,7.7200,7.5700,7.7000,3628800
20140214,7.6600,7.7000,7.6200,7.6400,2603600
20140217,7.8100,7.8200,7.6700,7.6900,5228000
20140218,7.7100,7.8100,7.6500,7.8000,4530900
20140219,7.8800,7.9000,7.6600,7.7000,7565600
20140220,7.7700,8.0500,7.7300,7.8700,6408200
20140221,7.6400,7.7700,7.5600,7.7500,4258800
20140224,7.7900,7.8000,7.5500,7.5800,4249600
20140225,7.5300,7.8500,7.4500,7.7500,4128500
