20130226,12.0000,12.3000,11.6150,11.9950,6057600
20130227,12.0050,12.0550,11.7250,11.8800,3008700
20130228,12.6200,12.7000,11.8550,12.0000,3211700
20130301,12.6100,12.9750,12.4250,12.5900,3587500
20130304,12.3400,12.8150,11.8550,12.4500,3823500
20130305,12.9150,12.9750,12.1300,12.4000,3635400
20130306,13.1900,13.2000,12.7900,12.9900,2680300
20130307,13.0650,13.2400,12.5050,13.2400,3263300
20130308,12.8400,13.0600,12.6050,13.0250,2109600
20130311,12.4750,12.7500,12.0750,12.7500,2905000
20130312,11.9750,12.5750,11.8250,12.4200,4316700
20130313,12.4750,12.5400,11.6800,11.8500,2601100
20130314,12.3650,12.5500,12.2150,12.3500,1321800
20130315,12.0550,12.4100,11.9550,12.2550,1414100
20130318,11.7550,12.1700,11.6800,12.0000,1683300
20130319,12.0350,12.0500,11.6500,11.7550,914400
20130320,12.4000,12.4300,11.9550,12.2350,1685200
20130321,12.7200,12.8400,12.2650,12.3500,1847600
20130322,12.7750,12.8850,12.5500,12.6450,914100
20130325,12.7200,12.8550,12.5800,12.6950,790700
20130326,12.5900,12.7200,12.4200,12.7200,2191700
20130327,13.8500,13.8500,12.4300,12.5900,5518100
20130328,14.3450,14.8000,13.5600,13.8000,4974100
20130329,13.6300,14.4000,13.3550,14.1550,4657100
20130401,13.7300,13.8250,13.2000,13.4500,3254000
20130402,13.0350,13.7600,12.8800,13.7600,4454800
20130403,12.7550,13.0400,12.4250,12.9500,3037400
20130404,12.7550,12.7550,12.7550,12.7550,0
20130405,12.7550,12.7550,12.7550,12.7550,0
20130408,13.0700,13.1950,11.8750,12.5500,2892800
20130409,13.0200,13.1900,12.9000,13.0750,933100
20130410,13.0550,13.1500,12.7150,12.9550,1046300
20130411,12.9850,13.1350,12.8500,13.0800,727900
20130412,12.8400,12.9950,12.6600,12.8550,713700
20130415,12.2450,12.6950,12.1900,12.6950,3255800
20130416,12.2350,12.7950,11.5000,11.6550,2458300
20130417,12.2500,12.6000,12.0300,12.1500,1371400
20130418,12.3350,12.5000,12.0800,12.0800,740400
20130419,12.6200,12.8250,12.2350,12.3450,1350600
20130422,13.1000,13.1100,12.5000,12.5700,1973000
20130423,12.7950,13.2100,12.5750,13.1100,1557000
20130424,12.9300,12.9850,12.5750,12.8250,2049000
20130425,13.4950,13.7100,12.8300,12.9350,3986300
20130426,13.1500,13.4450,13.0050,13.4450,1502100
20130429,13.1500,13.1500,13.1500,13.1500,0
20130430,13.1500,13.1500,13.1500,13.1500,0
20130501,13.1500,13.1500,13.1500,13.1500,0
20130502,12.5750,12.7900,12.1000,12.5150,2370300
20130503,13.1500,13.1900,12.3500,12.5800,1785700
20130506,13.5000,13.6350,13.0000,13.0700,2168800
20130507,13.1450,13.5600,12.9850,13.4000,2576600
20130508,13.1050,13.1950,12.6650,13.1000,2548100
20130509,12.7800,13.0500,12.6950,13.0000,2080300
20130510,12.5800,12.8200,12.5000,12.7650,1507400
20130513,12.8000,13.0600,12.5050,12.5800,2316500
20130514,12.7800,12.8250,12.5500,12.8000,881100
20130515,12.6350,12.8650,12.4650,12.7500,1588800
20130516,13.8950,13.9000,12.5050,12.6000,7170700
20130517,13.8950,13.8950,13.8950,13.8950,0
20130520,13.8950,13.8950,13.8950,13.8950,0
20130521,13.4050,14.2950,13.0050,14.2500,6544500
20130522,14.7450,14.7450,13.2700,13.3450,5749600
20130523,15.8050,16.2200,15.0750,15.1000,14355500
20130524,15.8350,16.0700,15.3500,15.6500,6024100
20130527,15.6150,15.7950,15.2550,15.6650,3288700
20130528,15.0600,15.8400,14.7550,15.6700,4654800
20130529,15.0350,15.2900,14.8000,14.9500,2618100
20130530,15.0850,15.1750,14.6000,15.0300,3647900
20130531,14.8050,15.1000,14.7000,14.9800,3237000
20130603,14.7400,14.9500,14.6550,14.7350,2122600
20130604,14.4850,14.9750,13.7500,14.7400,4790100
20130605,14.3050,14.4500,14.1150,14.2600,1339300
20130606,14.2500,14.5500,14.1500,14.3000,1320700
20130607,13.7600,14.4100,13.7500,14.1250,1548300
20130610,13.7600,13.7600,13.7600,13.7600,0
20130611,13.7600,13.7600,13.7600,13.7600,0
20130612,13.7600,13.7600,13.7600,13.7600,0
20130613,13.5700,13.6350,12.7900,13.6000,2520500
20130614,13.7100,13.8950,13.4000,13.5450,1430500
20130617,14.1700,14.7150,13.7000,13.7000,4097800
20130618,13.6900,14.2550,13.4250,14.0300,3036100
20130619,13.5000,13.6900,13.0500,13.6900,3411500
20130620,12.9500,13.5450,12.8950,13.3950,2194000
20130621,12.9150,13.3150,12.5250,12.7500,2279600
20130624,12.3650,12.9800,12.2500,12.9800,1773200
20130625,12.2850,12.4850,11.1600,12.3300,3284400
20130626,13.2800,13.3300,12.0600,12.2800,4257400
20130627,12.7600,13.3250,12.7450,13.2800,2547200
20130628,12.6150,13.0500,12.5550,12.7100,1553200
20130701,13.0400,13.0800,12.5750,12.6400,1723400
20130702,13.6200,13.9400,13.1050,13.1050,3628700
20130703,13.7900,13.9950,13.2500,13.5300,3611000
20130704,14.0600,14.4150,13.5550,13.7450,4114000
20130705,13.6150,14.2200,13.3800,13.9000,2834200
20130708,13.2650,13.5700,13.0700,13.3900,1896800
20130709,13.5500,13.8300,13.0500,13.0500,1621600
20130710,13.9800,14.1000,13.4050,13.5950,1820100
20130711,13.9950,14.3950,13.9000,14.0500,2295200
20130712,14.4050,14.6000,13.9800,13.9900,2971500
20130715,14.9400,15.0400,14.3950,14.4050,2529000
20130716,14.8050,15.0150,14.5150,14.8900,1899000
20130717,15.4500,15.9500,14.6100,14.7450,4970900
20130718,15.0800,15.5500,14.9050,15.3000,2050100
20130719,14.1500,15.2300,14.1450,15.0250,2154100
20130722,14.3750,14.4750,14.0000,14.1550,1439200
20130723,14.5600,14.6800,14.1800,14.3450,1234900
20130724,14.3400,14.6950,14.0450,14.4550,2136800
20130725,14.0500,14.4600,14.0300,14.3350,1497400
20130726,14.2150,14.2750,14.0000,14.0000,673800
20130729,13.7050,14.3600,13.5800,14.2150,1125900
20130730,13.7700,13.9400,13.5000,13.7950,858800
20130731,13.4150,13.9300,13.2750,13.9200,1627800
20130801,13.7650,13.7800,13.2400,13.4100,1755400
20130802,13.6550,13.8500,13.5800,13.7250,1393300
20130805,14.5250,14.5700,13.6600,13.6600,2618900
20130806,14.6800,14.7650,14.2750,14.2750,2461300
20130807,14.9100,15.0950,14.4000,14.6450,3585400
20130808,14.7900,14.9300,14.7650,14.8200,1485300
20130809,14.6050,15.5750,14.5450,15.2500,4024600
20130812,14.5350,14.6950,14.1500,14.6150,3014300
20130813,14.4750,14.5500,14.3050,14.5500,1548300
20130814,14.1450,14.5450,14.0000,14.5450,2965900
20130815,14.1550,14.3900,14.0000,14.1200,1208400
20130816,14.1300,14.4000,14.0800,14.1550,2367200
20130819,14.2550,14.2850,13.8600,14.0500,2480500
20130820,15.4650,15.5250,14.7500,14.7500,9646700
20130821,14.9700,15.2500,14.7950,15.1950,4880600
20130822,14.9850,15.1900,14.8450,14.9500,2172300
20130823,14.7300,15.1950,14.2500,15.0250,3978900
20130826,14.6400,14.8500,14.5100,14.6400,3232600
20130827,14.7550,14.8150,14.5600,14.6500,2804900
20130828,15.2150,15.3750,14.6650,14.7800,4794300
20130829,14.9400,15.3650,14.8750,15.0900,1910600
20130830,14.5150,14.9950,14.3900,14.8500,1943800
20130902,14.8400,14.9000,14.5050,14.5700,1276800
20130903,14.7950,14.9450,14.5500,14.5500,1781400
20130904,14.7000,14.9250,14.6150,14.8000,1076100
20130905,14.9950,15.1000,14.6250,14.8000,1714900
20130906,14.7000,15.0000,14.6550,14.9950,2148300
20130909,14.6450,14.9100,14.5300,14.6550,1708300
20130910,14.3850,14.7000,14.2900,14.6450,2349200
20130911,14.4500,14.5500,14.2000,14.3200,1639100
20130912,14.4250,14.6500,14.3100,14.4050,825800
20130913,14.5200,14.5450,14.3000,14.4500,1196500
20130916,14.3450,14.6500,14.3300,14.6400,1638100
20130917,14.1450,14.5000,14.0500,14.5000,2855700
20130918,14.0050,14.2000,13.8300,14.0800,2795900
20130920,14.0050,14.0050,14.0050,14.0050,0
20130923,14.3900,14.4200,13.9000,13.9750,1598100
20130924,14.2950,14.4650,14.2500,14.3900,1637500
20130925,14.3600,14.7500,14.3100,14.3100,2737000
20130926,14.4950,14.7200,14.3250,14.3550,1491600
20130927,15.1450,15.3100,14.5450,14.5650,4632300
20130930,15.2550,15.4400,14.9800,15.2900,2781300
20131001,15.2550,15.2550,15.2550,15.2550,0
20131002,15.2550,15.2550,15.2550,15.2550,0
20131003,15.2550,15.2550,15.2550,15.2550,0
20131004,15.2550,15.2550,15.2550,15.2550,0
20131007,15.2550,15.2550,15.2550,15.2550,0
20131008,15.6050,15.7500,15.2600,15.4000,3371500
20131009,15.4300,15.5750,15.1400,15.5500,2573300
20131010,15.9500,16.1600,15.4300,15.4300,4406800
20131011,17.1800,17.5000,15.8500,15.8500,5478900
20131014,17.0150,17.7400,16.5500,17.1750,3609000
20131015,17.6150,17.8350,17.0800,17.0800,3224100
20131016,17.5750,17.9250,16.8550,17.7000,3949500
20131017,17.8000,17.9400,17.0550,17.4900,2425800
20131018,17.8750,18.1400,17.1000,17.8000,2696800
20131021,18.0250,18.0500,17.2600,17.8350,2644700
20131022,19.0700,19.4500,17.8750,18.0250,3838300
20131023,18.3050,19.1000,17.6050,19.0550,4603400
20131024,17.8700,18.3000,17.6050,17.9250,2297900
20131025,16.6300,17.7500,16.0850,17.7500,5767100
20131028,16.3400,16.5050,15.5000,16.5000,1347600
20131029,16.3800,16.5650,15.0900,16.3000,3245600
20131030,16.0900,16.4000,15.8800,16.0250,3091000
20131031,15.4200,16.0800,15.4000,16.0800,2047200
20131101,15.1950,15.4750,15.0050,15.4000,1738100
20131104,15.8950,16.2900,15.1100,15.1100,2307300
20131105,16.1500,16.2400,15.5600,15.7500,1239200
20131106,16.2100,16.5000,16.1400,16.2500,2168800
20131107,15.2400,16.2750,15.1300,16.2100,1806500
20131108,14.8300,15.2550,14.5000,15.0550,3021700
20131111,15.0200,15.2500,14.7050,14.8600,2542500
20131112,15.0000,15.0750,14.4600,15.0500,2718500
20131113,15.4900,16.5000,15.0000,15.0000,3956500
20131114,14.9700,15.1000,14.5000,14.7500,3109700
20131115,15.4000,15.6300,14.8800,15.0000,3539500
20131118,16.9400,16.9400,15.2000,15.3000,6575900
20131119,17.5400,17.9000,16.8000,17.1500,8465100
20131120,17.3600,17.9000,16.8200,17.5400,5659100
20131121,16.8100,17.3000,16.6000,17.3000,4691000
20131122,16.5000,16.8600,16.2700,16.4300,2721100
20131125,16.8300,17.2900,16.3000,16.3000,3530500
20131126,16.7700,17.1400,16.6000,16.7200,2199500
20131127,16.8300,16.9800,16.6200,16.6800,1934200
20131128,17.3600,17.5000,16.8500,16.8500,4372500
20131129,17.0000,17.5000,16.9500,17.4300,4193800
20131202,16.2000,16.9600,15.5200,16.8000,3043000
20131203,16.7000,16.7900,15.7000,16.0000,2767900
20131204,16.8900,17.1000,16.6200,16.7700,3111700
20131205,16.5300,17.0500,16.5000,16.9300,2131100
20131206,17.1100,17.1700,16.4000,16.5400,3717700
20131209,17.3000,17.3100,17.0000,17.0700,3760400
20131210,17.1400,17.3700,16.9600,17.2800,2029400
20131211,16.7200,17.1400,16.6000,17.1400,1864800
20131212,16.4900,16.8400,16.4000,16.6500,1915500
20131213,16.4700,16.6000,16.3500,16.4900,1208200
20131216,16.1700,16.5400,16.0100,16.4400,1923400
20131217,16.3100,16.6000,16.1500,16.1500,1641200
20131218,15.8500,16.5400,15.6100,16.2300,1775500
20131219,15.7400,16.1500,15.6100,15.7900,1793100
20131220,15.1800,15.9200,14.9800,15.8800,2520700
20131223,15.0400,15.2800,14.6500,15.1800,1377100
20131224,15.4700,15.6400,15.0400,15.0900,2132700
20131225,15.6000,15.6400,15.2500,15.4800,1393600
20131226,15.3100,15.6600,15.1700,15.6000,1397400
20131227,15.3400,15.5400,15.2000,15.2100,1641900
20131230,16.7500,16.7900,15.3600,15.4600,5246500
20131231,16.5800,17.3000,16.3800,16.8500,5022200
20140101,16.5800,16.5800,16.5800,16.5800,0
20140102,16.9300,17.1800,16.2300,16.3800,4196100
20140103,16.9000,17.1500,16.5600,16.8000,2310700
20140106,16.3000,16.9500,16.0700,16.9500,2539900
20140107,16.6200,16.6400,16.0400,16.0400,2342800
20140108,17.2500,17.2800,16.5300,16.7000,4025400
20140109,17.4700,18.0000,17.0100,17.1900,5364000
20140110,18.1500,18.2800,17.0000,17.4000,5882600
20140113,17.4800,18.2900,17.2900,18.2100,4174900
20140114,18.0900,18.1400,17.0300,17.3800,4363000
20140115,18.6700,19.4000,17.8900,18.1000,8260200
20140116,18.5100,18.9000,18.2400,18.6800,4015700
20140117,18.1100,18.5800,17.8200,18.5800,3237000
20140120,17.1900,18.4000,17.0000,18.2000,4577500
20140121,17.5400,17.7900,17.0000,17.1200,3615700
20140122,18.9100,19.1000,17.4800,17.5600,5952900
20140123,19.8300,20.7000,18.4700,18.8800,7905600
20140124,19.8600,20.2600,19.6000,19.7800,3900300
20140127,19.9600,20.4700,19.1500,19.8000,3826300
20140128,19.9400,20.1300,19.4000,19.8600,2233600
20140129,21.0500,21.1100,19.9300,20.1200,5030000
20140130,21.1300,21.4500,20.5900,21.0900,2547700
20140131,21.1300,21.1300,21.1300,21.1300,0
20140203,21.1300,21.1300,21.1300,21.1300,0
20140205,21.1300,21.1300,21.1300,21.1300,0
20140206,21.1300,21.1300,21.1300,21.1300,0
20140207,20.7800,21.1000,20.3800,21.1000,2856600
20140210,20.5700,20.7500,19.2300,20.6000,11511700
20140211,19.7500,20.3700,19.3300,20.3700,10945800
20140212,19.9200,19.9400,19.2300,19.6800,5434300
20140213,19.4600,19.9800,19.3900,19.8800,3567900
20140214,19.5900,19.6900,19.3500,19.4100,3262200
20140217,20.1700,20.5600,19.4500,19.5100,6091000
20140218,19.6600,20.1600,19.6000,20.1600,3682300
20140219,19.3700,19.8900,19.2800,19.6200,3470300
20140220,18.5000,19.4900,18.4200,19.4100,4494400
20140221,18.9000,18.9900,18.4300,18.5000,2461200
20140224,19.1100,19.1500,18.1600,18.8000,3516500
20140225,18.2000,19.1800,18.0200,19.0000,2638000
