20130226,3.3400,3.3800,3.3300,3.3700,4355400
20130227,3.3500,3.3700,3.3400,3.3500,1954000
20130228,3.4200,3.4700,3.3400,3.3600,5425800
20130301,3.4500,3.4500,3.3900,3.4200,2851000
20130304,3.3300,3.4200,3.3200,3.4200,4337100
20130305,3.3700,3.3800,3.3300,3.3300,1944700
20130306,3.4200,3.4600,3.4000,3.4200,4194800
20130307,3.3900,3.4300,3.3700,3.4300,2467500
20130308,3.3900,3.4100,3.3800,3.3900,1784200
20130311,3.3800,3.4000,3.3600,3.3800,1483600
20130312,3.3200,3.4100,3.2900,3.3700,3662600
20130313,3.3000,3.3300,3.2800,3.3100,2494600
20130314,3.3000,3.3200,3.2800,3.2900,1704500
20130315,3.3000,3.3400,3.2800,3.2900,3111100
20130318,3.2800,3.3000,3.2600,3.2900,2358000
20130319,3.2900,3.3000,3.2700,3.2700,2058100
20130320,3.3400,3.3500,3.2900,3.2900,3726000
20130321,3.3500,3.3600,3.3200,3.3400,3305200
20130322,3.3500,3.3600,3.3100,3.3600,3320900
20130325,3.3300,3.3500,3.3100,3.3400,2848700
20130326,3.3300,3.3300,3.2900,3.3200,1998100
20130327,3.3100,3.3400,3.2900,3.3300,2155100
20130328,3.2400,3.3000,3.2400,3.3000,4046600
20130329,3.2500,3.2700,3.2400,3.2700,1442300
20130401,3.2700,3.2800,3.2400,3.2400,2038900
20130402,3.2600,3.2900,3.2600,3.2700,2078600
20130403,3.2700,3.2800,3.2500,3.2600,1345400
20130404,3.2700,3.2700,3.2700,3.2700,0
20130405,3.2700,3.2700,3.2700,3.2700,0
20130408,3.2100,3.2500,3.1800,3.2500,2494500
20130409,3.2400,3.2500,3.2000,3.2000,1212100
20130410,3.2300,3.2500,3.2200,3.2200,1401400
20130411,3.2100,3.2500,3.2000,3.2400,1720800
20130412,3.1700,3.2200,3.1600,3.2000,2811500
20130415,3.1300,3.1700,3.1100,3.1600,2569500
20130416,3.1200,3.1300,3.0400,3.1200,8529100
20130417,3.0900,3.1100,3.0700,3.1000,2971500
20130418,3.0900,3.1000,3.0700,3.0800,2119900
20130419,3.1400,3.1500,3.0900,3.1000,3602600
20130422,3.1500,3.1500,3.1100,3.1200,2889100
20130423,3.0900,3.1500,3.0800,3.1400,2695600
20130424,3.1200,3.1400,3.0800,3.1000,2482700
20130425,3.1000,3.1200,3.0800,3.1000,3546400
20130426,3.0700,3.1000,3.0600,3.1000,3178300
20130429,3.0700,3.0700,3.0700,3.0700,0
20130430,3.0700,3.0700,3.0700,3.0700,0
20130501,3.0700,3.0700,3.0700,3.0700,0
20130502,3.0600,3.0800,3.0500,3.0800,2529500
20130503,3.1000,3.1200,3.0700,3.0700,3548900
20130506,3.1300,3.1300,3.1000,3.1100,2933500
20130507,3.1300,3.1300,3.1100,3.1300,1753200
20130508,3.1400,3.1500,3.1300,3.1300,2690000
20130509,3.1400,3.1700,3.1300,3.1500,4134500
20130510,3.1500,3.1600,3.1300,3.1400,2792800
20130513,3.1400,3.1700,3.1400,3.1600,2065500
20130514,3.1100,3.1500,3.1000,3.1400,1742200
20130515,3.1200,3.1200,3.1000,3.1000,1856900
20130516,3.1400,3.1500,3.1000,3.1200,2691900
20130517,3.1800,3.1900,3.1300,3.1500,5690800
20130520,3.2300,3.2600,3.1700,3.1800,8905900
20130521,3.2400,3.2700,3.2000,3.2400,8483800
20130522,3.2500,3.2900,3.2100,3.2300,5902400
20130523,3.2100,3.2500,3.2000,3.2400,4946900
20130524,3.2600,3.2600,3.1900,3.2000,4773600
20130527,3.2800,3.2900,3.2400,3.2500,3972900
20130528,3.2800,3.2900,3.2400,3.2700,3199200
20130529,3.2600,3.2800,3.2500,3.2800,2771300
20130530,3.2700,3.2700,3.2300,3.2600,2407900
20130531,3.2600,3.2900,3.2500,3.2700,4013600
20130603,3.2600,3.2900,3.2400,3.2500,1915700
20130604,3.2000,3.2600,3.2000,3.2600,3923600
20130605,3.2200,3.2200,3.2000,3.2000,1932300
20130606,3.1700,3.2300,3.1700,3.2100,1820500
20130607,3.1500,3.2000,3.1200,3.1700,2318300
20130610,3.1500,3.1500,3.1500,3.1500,0
20130611,3.1500,3.1500,3.1500,3.1500,0
20130612,3.1500,3.1500,3.1500,3.1500,0
20130613,3.0800,3.1400,2.9700,3.1400,2688000
20130614,3.0900,3.1000,3.0700,3.0700,1726800
20130617,3.0900,3.1200,3.0400,3.0800,1703900
20130618,3.0900,3.1000,3.0600,3.0900,1536300
20130619,3.0700,3.0900,3.0300,3.0900,1258800
20130620,3.0100,3.0700,3.0100,3.0700,1866200
20130621,3.0100,3.0200,2.9600,3.0000,2225900
20130624,2.9000,3.0000,2.8700,2.9900,3220300
20130625,2.9000,2.9100,2.7100,2.8900,4898100
20130626,2.8600,2.9000,2.8300,2.8900,1462900
20130627,2.8400,2.9000,2.8200,2.8700,2034400
20130628,2.8700,2.8900,2.8200,2.8500,2029700
20130701,2.8900,2.8900,2.8500,2.8500,1423600
20130702,2.8900,2.9000,2.8600,2.8900,1265300
20130703,2.8600,2.8900,2.8400,2.8900,1503000
20130704,2.8800,2.9100,2.8300,2.8600,3307300
20130705,2.8800,2.9100,2.8600,2.8700,2110300
20130708,2.7900,2.8800,2.7900,2.8800,2393400
20130709,2.8200,2.8200,2.7900,2.7900,870200
20130710,2.8800,2.8800,2.8100,2.8300,2244800
20130711,2.9700,3.0000,2.8600,2.8800,5319300
20130712,2.9300,2.9800,2.9200,2.9800,2322300
20130715,2.9400,2.9800,2.9200,2.9300,2282200
20130716,2.9500,2.9600,2.9200,2.9400,1727200
20130717,2.9500,2.9800,2.9300,2.9500,3318100
20130718,2.9300,2.9500,2.9100,2.9500,2216300
20130719,2.9000,2.9500,2.8900,2.9200,3431100
20130722,2.9200,2.9300,2.8900,2.9000,2805500
20130723,2.8200,2.8400,2.7800,2.8100,3258900
20130724,2.8000,2.8300,2.7900,2.8300,1191400
20130725,2.8100,2.8200,2.7900,2.8100,1668400
20130726,2.7900,2.8000,2.7800,2.7900,1036900
20130729,2.7700,2.8000,2.7600,2.7900,1861300
20130730,2.7900,2.8000,2.7600,2.7700,918400
20130731,2.8000,2.8100,2.7900,2.8000,1105200
20130801,2.8200,2.8300,2.7900,2.7900,1649600
20130802,2.8400,2.8500,2.8200,2.8200,1785400
20130805,2.8400,2.8500,2.8200,2.8400,1480600
20130806,2.8500,2.8600,2.8200,2.8400,1830000
20130807,2.8200,2.8600,2.8200,2.8400,1886800
20130808,2.8200,2.8400,2.8100,2.8200,1992600
20130809,2.8400,2.8500,2.8100,2.8200,2229700
20130812,2.9000,2.9300,2.8200,2.8400,4970600
20130813,2.9200,2.9600,2.9000,2.9000,4064800
20130814,2.8900,2.9200,2.8600,2.9200,3793600
20130815,2.8700,2.9000,2.8400,2.8900,3264200
20130816,2.8500,2.9300,2.8300,2.8500,4647000
20130819,2.8600,2.8700,2.8200,2.8400,1733300
20130820,2.8600,2.8900,2.8400,2.8500,2027000
20130821,2.8500,2.8600,2.8300,2.8500,1616000
20130822,2.8500,2.8600,2.8400,2.8500,1508700
20130823,2.8500,2.8700,2.8100,2.8500,3482200
20130826,2.8900,2.8900,2.8200,2.8500,4224000
20130827,2.9400,2.9500,2.8800,2.8800,9603300
20130828,2.9500,2.9800,2.9100,2.9200,6599500
20130829,3.0400,3.0800,2.9100,2.9500,12198400
20130830,3.1100,3.1400,3.0000,3.0000,15686100
20130902,3.0100,3.1200,2.9700,3.1200,8441500
20130903,3.0300,3.0400,3.0000,3.0100,5712000
20130904,3.0300,3.0500,3.0100,3.0200,3318400
20130905,2.9900,3.0300,2.9700,3.0300,2812800
20130906,3.0100,3.0100,2.9800,2.9900,2229200
20130909,3.0700,3.0900,2.9900,3.0000,6356300
20130910,3.1200,3.1700,3.0500,3.0700,10094800
20130911,3.1200,3.1700,3.1000,3.1200,7492600
20130912,3.1900,3.2900,3.0800,3.1200,18282800
20130913,3.1900,3.2400,3.1500,3.1800,8676600
20130916,3.1400,3.1800,3.1200,3.1600,5927000
20130917,3.0700,3.1800,3.0500,3.1300,6133900
20130918,3.0800,3.1000,3.0500,3.0600,3039300
20130920,3.0800,3.0800,3.0800,3.0800,0
20130923,3.1100,3.1300,3.0800,3.1100,3100700
20130924,3.1800,3.2300,3.1000,3.1100,9123700
20130925,3.1100,3.1700,3.0900,3.1700,6206400
20130926,3.0500,3.1100,3.0300,3.1100,3794600
20130927,3.0400,3.0700,3.0300,3.0400,2141600
20130930,3.0500,3.0700,3.0300,3.0400,2134100
20131001,3.0500,3.0500,3.0500,3.0500,0
20131002,3.0500,3.0500,3.0500,3.0500,0
20131003,3.0500,3.0500,3.0500,3.0500,0
20131004,3.0500,3.0500,3.0500,3.0500,0
20131007,3.0500,3.0500,3.0500,3.0500,0
20131008,3.0800,3.0900,3.0300,3.0500,5064400
20131009,3.1600,3.1600,3.0500,3.0600,7718600
20131010,3.0900,3.1600,3.0600,3.1600,5351100
20131011,3.1300,3.1400,3.0900,3.0900,4477900
20131014,3.1600,3.1600,3.1200,3.1200,4140600
20131015,3.1400,3.1700,3.1200,3.1600,5057700
20131016,3.0700,3.1500,3.0600,3.1300,4446200
20131017,3.0700,3.1100,3.0600,3.0800,3212300
20131018,3.0800,3.0900,3.0500,3.0700,1786300
20131021,3.1000,3.1100,3.0500,3.0800,2807100
20131022,3.0800,3.1000,3.0700,3.1000,2386200
20131023,3.0800,3.1200,3.0700,3.0800,8891800
20131024,3.0600,3.0800,3.0500,3.0700,1931200
20131025,3.0400,3.0700,3.0100,3.0700,3676000
20131028,3.0500,3.0600,3.0300,3.0400,2190200
20131029,3.0200,3.0700,2.9800,3.0600,4464200
20131030,3.0700,3.0900,2.9900,3.0300,5086200
20131031,3.0500,3.0800,3.0400,3.0800,2031500
20131101,3.0500,3.0600,3.0000,3.0600,3264200
20131104,3.0500,3.0600,3.0300,3.0500,1249900
20131105,3.0400,3.0500,3.0100,3.0400,1833200
20131106,3.0200,3.0500,3.0100,3.0400,2352400
20131107,3.0100,3.0400,3.0000,3.0200,2419700
20131108,2.9900,3.0200,2.9800,3.0100,2354700
20131111,2.9900,3.0100,2.9600,2.9900,1586400
20131112,3.0100,3.0100,2.9700,2.9900,2064900
20131113,2.9600,3.0100,2.9500,3.0100,1770100
20131114,2.9600,2.9800,2.9300,2.9500,1768100
20131115,3.0000,3.0100,2.9400,2.9600,4448500
20131118,3.0400,3.0400,2.9900,3.0100,3934400
20131119,3.0300,3.0400,3.0100,3.0400,3568800
20131120,3.0500,3.0500,3.0200,3.0400,2083500
20131121,3.0400,3.0600,3.0100,3.0400,4314600
20131122,3.0300,3.0500,3.0200,3.0400,3841900
20131125,3.0300,3.0400,3.0200,3.0300,3690900
20131126,3.0400,3.0600,3.0200,3.0200,2864200
20131127,3.0500,3.0600,3.0300,3.0400,3004300
20131128,3.0600,3.0800,3.0500,3.0500,3954700
20131129,3.0600,3.0800,3.0400,3.0600,5800700
20131202,3.0500,3.0800,3.0100,3.0400,6232200
20131203,3.0800,3.0900,3.0300,3.0600,4345600
20131204,3.1400,3.1600,3.0700,3.0800,9909200
20131205,3.1100,3.1400,3.1000,3.1400,4187100
20131206,3.1100,3.1400,3.1000,3.1100,4546900
20131209,3.1200,3.1400,3.1100,3.1200,3182200
20131210,3.1000,3.1300,3.0900,3.1200,2435300
20131211,3.0700,3.1000,3.0500,3.0900,3114900
20131212,3.0600,3.0800,3.0500,3.0700,2405500
20131213,3.1000,3.1300,3.0600,3.0600,5717300
20131216,3.0500,3.1200,3.0500,3.1200,3016200
20131217,3.0200,3.0700,3.0200,3.0700,2231100
20131218,3.0300,3.0400,3.0200,3.0200,1477500
20131219,3.0100,3.0500,3.0000,3.0300,1954700
20131220,2.9700,3.0200,2.9600,3.0100,2530800
20131223,2.9700,2.9900,2.9400,2.9800,1857300
20131224,2.9700,2.9900,2.9600,2.9700,1693200
20131225,2.9900,2.9900,2.9600,2.9700,1586300
20131226,2.9500,3.0000,2.9500,3.0000,1406400
20131227,2.9800,2.9900,2.9500,2.9500,1325300
20131230,2.9600,3.0000,2.9600,2.9900,1829900
20131231,3.0300,3.0400,2.9400,2.9600,4930300
20140101,3.0300,3.0300,3.0300,3.0300,0
20140102,3.0000,3.0200,2.9800,3.0200,1322400
20140103,2.9500,2.9900,2.9500,2.9900,1620600
20140106,2.8800,2.9600,2.8800,2.9400,2462600
20140107,2.8800,2.9000,2.8700,2.8700,1679800
20140108,2.8500,2.9000,2.8400,2.8900,1995200
20140109,2.8100,2.8700,2.7900,2.8600,2404600
20140110,2.7900,2.8200,2.7700,2.8200,2169200
20140113,2.8300,2.8500,2.7900,2.8000,2459000
20140114,2.8400,2.8500,2.8100,2.8400,1375600
20140115,2.8400,2.8700,2.8100,2.8400,1579500
20140116,2.8600,2.8800,2.8200,2.8400,1357500
20140117,2.8100,2.8500,2.7900,2.8500,2838300
20140120,2.7500,2.8000,2.7300,2.8000,2719600
20140121,2.7800,2.7900,2.7400,2.7900,2226400
20140122,2.8400,2.8400,2.7700,2.7800,3829800
20140123,2.8200,2.8500,2.8100,2.8400,3009900
20140124,2.8500,2.8600,2.7800,2.8100,4377200
20140127,2.8200,2.8400,2.8100,2.8200,1749600
20140128,2.8400,2.8600,2.8200,2.8300,1270900
20140129,2.8500,2.8600,2.8400,2.8500,1535600
20140130,2.8400,2.8600,2.8200,2.8500,1180100
20140131,2.8400,2.8400,2.8400,2.8400,0
20140203,2.8400,2.8400,2.8400,2.8400,0
20140205,2.8400,2.8400,2.8400,2.8400,0
20140206,2.8400,2.8400,2.8400,2.8400,0
20140207,2.8300,2.8300,2.7900,2.8300,2308000
20140210,2.8700,2.8900,2.8200,2.8200,4042400
20140211,2.9000,2.9200,2.8600,2.8600,3654900
20140212,2.9000,2.9200,2.8900,2.9100,2579600
20140213,2.8700,2.9100,2.8600,2.9100,2814200
20140214,2.9100,2.9100,2.8700,2.8700,3380600
20140217,2.9400,2.9400,2.8800,2.9000,3757300
20140218,2.9000,2.9300,2.8900,2.9300,2854200
20140219,2.9200,2.9400,2.8800,2.9000,5521800
20140220,2.9400,2.9600,2.9100,2.9200,7114100
20140221,2.9000,2.9300,2.8700,2.9200,3227700
20140224,2.8700,2.8900,2.8500,2.8800,3410500
20140225,2.8100,2.8700,2.8000,2.8600,3425800
