20130226,6.4800,6.6900,6.4700,6.6300,1185900
20130227,6.5000,6.5800,6.4600,6.5200,891000
20130228,6.6700,6.6700,6.5000,6.5100,1315000
20130301,6.6700,6.7100,6.6100,6.7000,1547700
20130304,6.4400,6.6400,6.4200,6.6400,1274400
20130305,6.5200,6.5300,6.4300,6.4400,1245400
20130306,6.6300,6.6700,6.4900,6.5500,1832900
20130307,6.6500,6.6800,6.5200,6.6200,1690700
20130308,6.6000,6.6900,6.6000,6.6600,1217700
20130311,6.5700,6.6200,6.5000,6.6100,1037100
20130312,6.3700,6.6300,6.3500,6.6000,1458700
20130313,6.3100,6.4100,6.2800,6.2800,682100
20130314,6.3600,6.4000,6.3100,6.3100,666400
20130315,6.2900,6.4000,6.2000,6.3700,1206600
20130318,6.2600,6.3100,6.2100,6.2800,590400
20130319,6.2800,6.3000,6.1800,6.2600,621800
20130320,6.3900,6.3900,6.2400,6.2700,1031300
20130321,6.4300,6.4600,6.3800,6.3900,897300
20130322,6.6100,6.6800,6.4600,6.4600,3949600
20130325,6.5100,6.6100,6.5000,6.5800,1426600
20130326,6.4700,6.5400,6.3800,6.5400,969300
20130327,6.4900,6.5700,6.4500,6.5100,683800
20130328,6.2800,6.4900,6.2800,6.4900,845700
20130329,6.2500,6.3400,6.2300,6.2700,677900
20130401,6.3100,6.3300,6.2300,6.2500,723000
20130402,6.2100,6.3600,6.1300,6.3100,715600
20130403,6.3400,6.7900,6.1600,6.2100,1531500
20130404,6.3400,6.3400,6.3400,6.3400,0
20130405,6.3400,6.3400,6.3400,6.3400,0
20130408,6.2200,6.3000,6.1200,6.3000,1003700
20130409,6.3800,6.4600,6.2000,6.2400,1192300
20130410,6.3300,6.4400,6.2800,6.4400,854700
20130411,6.2100,6.3600,6.1900,6.3200,911200
20130412,6.1600,6.2500,6.1400,6.2400,804600
20130415,6.1200,6.1500,6.0700,6.1200,577200
20130416,6.2100,6.2400,6.0500,6.0900,1256200
20130417,6.2300,6.2600,6.1600,6.2600,347700
20130418,6.2500,6.3100,6.1800,6.1800,572300
20130419,6.3100,6.3400,6.2200,6.2600,1021300
20130422,6.2800,6.2900,6.2300,6.2400,590800
20130423,6.1300,6.2700,6.1000,6.2700,1474000
20130424,6.1500,6.1800,6.0600,6.0600,665400
20130425,6.1100,6.1700,6.0800,6.1500,1042200
20130426,6.0500,6.1500,6.0200,6.1300,888700
20130429,6.0500,6.0500,6.0500,6.0500,0
20130430,6.0500,6.0500,6.0500,6.0500,0
20130501,6.0500,6.0500,6.0500,6.0500,0
20130502,6.0300,6.1000,6.0100,6.0300,438100
20130503,6.0800,6.1000,6.0400,6.0400,1551400
20130506,6.1200,6.1200,6.0500,6.0900,1016900
20130507,6.0600,6.1100,5.9000,6.1100,1461900
20130508,6.0000,6.0800,5.9700,6.0700,1742700
20130509,6.0100,6.0400,5.9100,6.0000,1517500
20130510,5.9900,6.0200,5.9500,5.9900,1511000
20130513,6.0300,6.0400,5.9800,5.9900,882600
20130514,6.0000,6.0500,5.9800,6.0300,830300
20130515,6.0200,6.0300,5.9700,5.9700,541800
20130516,6.0600,6.0700,5.9800,6.0200,1982400
20130517,6.0800,6.0900,6.0100,6.0300,1947400
20130520,6.1500,6.1800,6.0700,6.1100,1872500
20130521,6.1900,6.2100,6.1200,6.1600,1495200
20130522,6.1800,6.2200,6.1600,6.1900,1126200
20130523,6.1500,6.2000,6.1200,6.1700,1266500
20130524,6.2200,6.2300,6.1300,6.1700,1969600
20130527,6.1700,6.2200,6.1200,6.1700,1245200
20130528,6.3200,6.3300,6.1000,6.1800,3506300
20130529,6.2900,6.3700,6.2500,6.3400,2542200
20130530,6.3700,6.4000,6.2700,6.3200,2138500
20130531,6.3300,6.3900,6.2800,6.3600,1842900
20130603,6.2700,6.3300,6.2500,6.3300,1372500
20130604,6.2400,6.3100,6.2100,6.2700,1296600
20130605,6.2600,6.2800,6.2200,6.2500,908000
20130606,6.1100,6.2600,6.0800,6.2600,1098300
20130607,6.0700,6.1400,5.9900,6.1400,791300
20130610,6.0700,6.0700,6.0700,6.0700,0
20130611,6.0700,6.0700,6.0700,6.0700,0
20130612,6.0700,6.0700,6.0700,6.0700,0
20130613,5.8700,6.0000,5.8200,5.9900,815100
20130614,5.9100,5.9300,5.8600,5.9000,637000
20130617,5.8900,5.9400,5.8100,5.9400,658700
20130618,5.9000,5.9200,5.8400,5.8800,339900
20130619,5.8400,5.8700,5.7300,5.8700,486800
20130620,5.6900,5.8300,5.6900,5.8300,536000
20130621,5.6900,5.7100,5.5200,5.6100,656600
20130624,5.4300,5.6800,5.3600,5.6100,963800
20130625,5.3000,5.5000,5.1200,5.4100,920300
20130626,5.3500,5.3900,5.2000,5.2000,470700
20130627,5.2500,5.4300,5.2400,5.3900,409900
20130628,5.2800,5.3200,5.2000,5.2100,436500
20130701,5.3400,5.3400,5.2200,5.2600,414700
20130702,5.3700,5.3800,5.2800,5.3400,633300
20130703,5.3300,5.3500,5.2500,5.3500,395500
20130704,5.3900,5.4100,5.2700,5.2900,794600
20130705,5.3800,5.4500,5.3300,5.3600,570600
20130708,5.3700,5.4100,5.1800,5.2800,1132100
20130709,5.4200,5.6500,5.3500,5.3800,1220000
20130710,5.4800,5.5000,5.3100,5.4200,1338100
20130711,5.5700,5.6100,5.4300,5.4600,1493300
20130712,5.4800,5.6000,5.4600,5.5700,1214700
20130715,5.5400,5.5600,5.4600,5.4800,710400
20130716,5.5500,5.5700,5.4700,5.4900,763700
20130717,5.4800,5.5500,5.4500,5.5400,590700
20130718,5.4100,5.4800,5.3600,5.4800,607100
20130719,5.3300,5.4200,5.2800,5.3900,582600
20130722,5.3600,5.3800,5.2000,5.2000,531300
20130723,5.5000,5.5100,5.3400,5.3700,1115800
20130724,5.4600,5.5000,5.3700,5.5000,861700
20130725,5.3700,5.4600,5.3300,5.4200,729200
20130726,5.3200,5.3700,5.2800,5.3700,567100
20130729,5.3900,5.4100,5.2200,5.2600,1227400
20130730,5.3500,5.4500,5.2900,5.3800,1055100
20130731,5.3700,5.3900,5.3100,5.3500,826400
20130801,5.4300,5.4500,5.3300,5.3500,1023000
20130802,5.5400,5.5500,5.4000,5.4200,2024500
20130805,5.5900,5.6300,5.5000,5.5300,1840200
20130806,5.7600,6.0200,5.7300,5.8200,7186500
20130807,5.7100,5.7700,5.6000,5.6700,3177400
20130808,5.6800,5.7500,5.6100,5.6700,1297800
20130809,5.6700,5.7300,5.6200,5.7100,1137400
20130812,5.7200,5.7300,5.6400,5.6900,1295100
20130813,5.7300,5.7400,5.6800,5.7300,1096900
20130814,5.7100,5.7600,5.6700,5.7300,882300
20130815,5.6300,5.7200,5.6300,5.7000,983800
20130816,5.5600,5.7200,5.5500,5.6000,908600
20130819,5.5900,5.6100,5.5300,5.5300,647300
20130820,5.5600,5.6200,5.4900,5.6000,1273100
20130821,5.5900,5.6300,5.4900,5.5600,988100
20130822,5.4500,5.5400,5.4200,5.5300,2079800
20130823,5.4100,5.5000,5.3400,5.4800,1174200
20130826,5.5100,5.5100,5.4100,5.4200,1230000
20130827,5.5600,5.5800,5.4800,5.5200,1249300
20130828,5.5200,5.5800,5.4800,5.5500,1305200
20130829,5.5400,5.5900,5.4800,5.5300,1124700
20130830,5.5500,5.5700,5.4900,5.5600,1722800
20130902,5.5900,5.6300,5.4600,5.5400,1165800
20130903,5.7200,5.7300,5.5900,5.6100,3063300
20130904,5.6900,5.7200,5.6000,5.7200,1852100
20130905,5.6800,5.7600,5.6100,5.6800,2091800
20130906,5.7000,5.7400,5.6500,5.6500,1329400
20130909,5.7300,5.7400,5.6700,5.7400,1701400
20130910,5.7800,5.7900,5.7100,5.7200,2478400
20130911,5.7600,5.8500,5.7200,5.7900,1939000
20130912,5.8000,5.8400,5.7200,5.7700,1622800
20130913,5.7100,5.8000,5.6900,5.7700,1638800
20130916,5.7900,5.8000,5.6700,5.7200,1737700
20130917,5.6900,5.7900,5.5000,5.7900,1089600
20130918,5.7000,5.7400,5.6600,5.6900,586700
20130920,5.7000,5.7000,5.7000,5.7000,0
20130923,5.7500,5.7700,5.6800,5.7000,760700
20130924,5.8400,5.8600,5.7400,5.7600,2581700
20130925,6.0200,6.1400,5.7800,5.8300,9319700
20130926,5.9000,6.0500,5.8800,6.0200,2257700
20130927,6.1000,6.1300,5.8600,5.8600,6927100
20130930,6.1300,6.1800,6.0100,6.0800,5812900
20131001,6.1300,6.1300,6.1300,6.1300,0
20131002,6.1300,6.1300,6.1300,6.1300,0
20131003,6.1300,6.1300,6.1300,6.1300,0
20131004,6.1300,6.1300,6.1300,6.1300,0
20131007,6.1300,6.1300,6.1300,6.1300,0
20131008,6.1600,6.2200,6.0100,6.1300,5077300
20131009,6.0700,6.1400,5.9900,6.1400,3704900
20131010,5.9200,6.0800,5.8900,6.0700,2739600
20131011,6.0100,6.0800,5.9000,5.9300,3105900
20131014,6.1100,6.1500,5.9200,6.0000,3993700
20131015,5.9900,6.1000,5.9600,6.0600,2871100
20131016,5.8100,5.9900,5.8100,5.9800,2071800
20131017,5.8500,5.9500,5.8200,5.8400,1770100
20131018,5.8800,5.9300,5.8300,5.8600,1107300
20131021,5.9300,5.9400,5.8100,5.8700,3453200
20131022,5.9600,5.9700,5.8600,5.8600,2354000
20131023,5.8200,5.9700,5.8100,5.9600,1151800
20131024,5.7600,5.9800,5.7500,5.8200,4182600
20131025,5.6700,5.8300,5.6300,5.7600,944500
20131028,5.7000,5.7500,5.6500,5.7100,518300
20131029,5.5000,5.7300,5.4000,5.7000,1486800
20131030,5.5000,5.5200,5.3800,5.4200,2788500
20131031,5.4800,5.5100,5.4300,5.4800,1400600
20131101,5.5200,5.5500,5.4400,5.4800,1063700
20131104,5.5200,5.5600,5.4800,5.5200,952400
20131105,5.5600,5.5600,5.4700,5.5000,1096400
20131106,5.5400,5.5900,5.5100,5.5500,905000
20131107,5.4600,5.5400,5.4600,5.5300,934300
20131108,5.3800,5.4800,5.3800,5.4600,670300
20131111,5.4500,5.4900,5.3300,5.4000,633200
20131112,5.5400,5.5600,5.4500,5.4500,743000
20131113,5.5000,5.5400,5.4500,5.5400,604000
20131114,5.5400,5.5700,5.4400,5.5300,968900
20131115,5.5800,5.6400,5.5000,5.5500,1494500
20131118,5.6200,5.6500,5.5400,5.6500,1593100
20131119,5.6800,5.6900,5.6100,5.6400,1468400
20131120,5.7300,5.7500,5.6300,5.6800,1139000
20131121,5.7000,5.7200,5.6400,5.7100,1113700
20131122,5.6900,5.7400,5.6400,5.7000,724500
20131125,5.6800,5.7100,5.6300,5.6900,949300
20131126,5.6900,5.7100,5.6400,5.6700,766800
20131127,5.7400,5.7400,5.6600,5.6900,1288900
20131128,5.7500,5.8100,5.7200,5.7500,1557700
20131129,5.7500,5.7700,5.7100,5.7300,937000
20131202,5.5000,5.7000,5.4200,5.6700,1740900
20131203,5.6100,5.6400,5.5000,5.5100,882100
20131204,5.6500,5.6900,5.5800,5.6200,1350600
20131205,5.6800,5.7100,5.6300,5.6700,789700
20131206,5.6800,5.7100,5.6200,5.6900,1178900
20131209,5.7000,5.7200,5.6800,5.6800,677900
20131210,5.7600,5.7700,5.6800,5.7200,951600
20131211,5.7400,5.7800,5.6400,5.7400,1102700
20131212,5.7100,5.7300,5.6700,5.7300,686700
20131213,5.7700,5.7900,5.6800,5.7200,1190100
20131216,5.7200,5.7900,5.6800,5.7700,1065800
20131217,5.6400,5.7400,5.6300,5.6800,782600
20131218,5.6600,5.6800,5.6200,5.6300,376600
20131219,5.7000,5.7100,5.6200,5.6600,814200
20131220,5.6500,5.7000,5.5500,5.6700,916500
20131223,5.5600,5.6400,5.5100,5.6000,677800
20131224,5.6000,5.6500,5.5500,5.6500,574600
20131225,5.6400,5.6600,5.5400,5.6000,737000
20131226,5.5500,5.6400,5.5200,5.6400,776900
20131227,5.6300,5.6500,5.5000,5.5500,1139100
20131230,5.6100,5.6300,5.5700,5.6100,876300
20131231,5.6400,5.6500,5.5500,5.5900,895000
20140101,5.6400,5.6400,5.6400,5.6400,0
20140102,5.6300,5.6400,5.5600,5.6300,999300
20140103,5.5900,5.6500,5.5700,5.6000,1142500
20140106,5.4700,5.5800,5.4100,5.5800,900000
20140107,5.4400,5.4700,5.3400,5.4600,1153700
20140108,5.4100,5.4400,5.3800,5.4200,559400
20140109,5.4200,5.4500,5.3100,5.4100,1188500
20140110,5.3500,5.3700,5.2700,5.3700,796900
20140113,5.3100,5.3400,5.2600,5.3300,392400
20140114,5.3500,5.3600,5.2600,5.3300,523900
20140115,5.3500,5.3800,5.3000,5.3200,346300
20140116,5.3500,5.3900,5.3000,5.3300,556700
20140117,5.3300,5.3500,5.2700,5.3500,363000
20140120,5.2900,5.3400,5.2500,5.2800,430600
20140121,5.3400,5.3800,5.2800,5.3000,470000
20140122,5.4600,5.4800,5.3500,5.3500,904000
20140123,5.4400,5.4600,5.4100,5.4500,585100
20140124,5.4700,5.4800,5.4200,5.4200,450700
20140127,5.4800,5.5100,5.4100,5.4500,813400
20140128,5.4300,5.4900,5.4100,5.4800,604900
20140129,5.4400,5.4800,5.4200,5.4300,470500
20140130,5.4700,5.4800,5.4200,5.4200,337200
20140131,5.4700,5.4700,5.4700,5.4700,0
20140203,5.4700,5.4700,5.4700,5.4700,0
20140205,5.4700,5.4700,5.4700,5.4700,0
20140206,5.4700,5.4700,5.4700,5.4700,0
20140207,5.5100,5.5300,5.3700,5.3700,518400
20140210,5.5900,5.6200,5.4900,5.4900,1345700
20140211,5.5900,5.6100,5.5500,5.5900,1142300
20140212,5.6700,5.6700,5.5500,5.5800,1470300
20140213,5.6000,5.7200,5.5800,5.6400,1280500
20140214,5.7000,5.7100,5.5900,5.5900,910300
20140217,5.7200,5.7500,5.6900,5.7200,1596100
20140218,5.7200,5.7600,5.6600,5.7400,1387300
20140219,5.7300,5.7600,5.6800,5.7000,984800
20140220,5.6900,5.7600,5.6700,5.7200,1194000
20140221,5.6100,5.7100,5.5800,5.6700,785700
20140224,5.5900,5.6400,5.5500,5.6000,918500
20140225,5.4000,5.6100,5.4000,5.6000,948900
