20130226,7.1000,7.1000,7.1000,7.1000,0
20130227,7.1000,7.1000,7.1000,7.1000,0
20130228,7.1000,7.1000,7.1000,7.1000,0
20130301,7.4600,7.4600,7.4600,7.4600,41300
20130304,7.8300,7.8300,7.8300,7.8300,66400
20130305,8.2200,8.2200,8.2200,8.2200,44700
20130306,8.2200,8.2200,8.2200,8.2200,0
20130307,8.2200,8.2200,8.2200,8.2200,0
20130308,8.2200,8.2200,8.2200,8.2200,0
20130311,8.2200,8.2200,8.2200,8.2200,0
20130312,9.0400,9.0400,9.0400,9.0400,129600
20130313,9.9400,9.9400,9.9400,9.9400,158700
20130314,10.9300,10.9300,10.9300,10.9300,6907500
20130315,12.0200,12.0200,10.8500,10.9300,20202200
20130318,11.8500,12.4900,11.1300,11.9900,16104300
20130319,12.1800,12.5800,11.3600,11.6000,12962700
20130320,12.0000,12.2700,11.7100,12.0100,11428200
20130321,11.8800,12.2600,11.7800,11.9100,10979400
20130322,12.3700,12.4500,11.5400,11.6200,14047900
20130325,11.9400,12.3100,11.8000,12.2000,9441400
20130326,12.0200,12.4900,11.7000,11.7300,10842900
20130327,11.5400,11.9700,11.4200,11.6900,8034900
20130328,10.6800,11.3300,10.6100,11.2000,6956000
20130329,10.8000,10.9000,10.5900,10.7300,3758100
20130401,10.8900,11.0500,10.6100,10.8300,3707300
20130402,11.0600,11.0800,10.6700,10.8000,4256000
20130403,10.1500,11.1500,10.1100,10.9300,5707300
20130404,10.1500,10.1500,10.1500,10.1500,0
20130405,10.1500,10.1500,10.1500,10.1500,0
20130408,10.1600,10.1800,9.7000,10.0800,3757000
20130409,10.5100,10.9600,10.0100,10.1000,6133100
20130410,10.3900,10.5100,10.1200,10.3300,3252000
20130411,10.2700,10.5600,10.2100,10.3200,2363400
20130412,10.3000,10.5000,10.1400,10.3000,2056400
20130415,9.8700,10.1300,9.7700,10.1300,2691500
20130416,9.9000,9.9200,9.5700,9.6600,1860200
20130417,9.9500,10.0900,9.8600,9.8800,1560100
20130418,10.1700,10.3600,9.8200,9.9300,2809500
20130419,10.4900,10.7500,10.1100,10.1100,5804600
20130422,10.1400,10.4500,10.0600,10.3500,3995800
20130423,9.8800,10.3200,9.8300,10.1000,3466000
20130424,10.0200,10.0800,9.6100,9.8000,2956900
20130425,9.9200,10.3200,9.7700,9.9800,3291200
20130426,8.9300,10.2000,8.9300,9.9000,4671500
20130429,8.9300,8.9300,8.9300,8.9300,0
20130430,8.9300,8.9300,8.9300,8.9300,0
20130501,8.9300,8.9300,8.9300,8.9300,0
20130502,8.9600,9.0900,8.6200,8.8400,3380000
20130503,9.1500,9.2400,8.9000,8.9000,3473700
20130506,10.0700,10.0700,9.4000,9.4000,2627800
20130507,11.0800,11.0800,10.4500,10.6200,10742900
20130508,12.1900,12.1900,11.4000,11.4000,20509000
20130509,12.0000,12.4800,11.6500,12.4000,14821800
20130510,11.6200,11.9200,11.4100,11.7400,12814700
20130513,11.4300,11.5900,11.1300,11.5100,9743200
20130514,11.2600,11.5900,10.8600,11.3500,11434200
20130515,11.3100,11.3600,11.1100,11.1900,7173200
20130516,11.2300,11.4300,11.0200,11.2000,7952800
20130517,11.3000,11.5600,11.1600,11.3500,8312800
20130520,11.3400,11.4300,11.0300,11.1200,8390000
20130521,11.5000,11.5300,11.1500,11.3000,8575600
20130522,11.1300,11.5800,10.9000,11.3800,7793400
20130523,10.9800,11.2600,10.9200,10.9900,4557200
20130524,11.0200,11.1400,10.8900,10.8900,3264900
20130527,11.2400,11.2700,10.9300,11.0300,4775200
20130528,11.2400,11.3000,10.9600,11.2200,4277100
20130529,11.4100,11.4600,11.1100,11.2700,7266000
20130530,11.0000,11.3700,10.9500,11.3700,5217500
20130531,11.0200,11.3600,10.8100,10.9100,4713100
20130603,10.9800,11.0000,10.5000,10.8600,4313700
20130604,10.7100,11.0800,10.7000,10.9100,2641200
20130605,10.3500,10.8200,10.3000,10.7100,3058500
20130606,9.9800,10.3800,9.9000,10.2300,3101300
20130607,10.9800,10.9800,10.0000,10.0000,4491800
20130610,10.9800,10.9800,10.9800,10.9800,0
20130611,10.9800,10.9800,10.9800,10.9800,0
20130612,10.9800,10.9800,10.9800,10.9800,0
20130613,11.0900,11.9900,10.9600,11.4800,15861500
20130614,10.8400,10.9600,10.0400,10.4500,9264600
20130617,10.9900,11.1900,10.5100,10.8700,8749800
20130618,11.1500,11.3500,10.7100,10.7700,7308100
20130619,11.0900,11.2700,10.9700,11.0800,5179900
20130620,11.0800,11.7500,11.0000,11.1000,7164400
20130621,10.6700,11.0800,10.3500,10.6900,5311500
20130624,9.6000,10.6200,9.6000,10.5700,4962300
20130625,8.9900,9.5000,8.6400,9.5000,4892600
20130626,9.8900,9.8900,9.1100,9.2400,4685000
20130627,10.1600,10.8300,9.9000,10.0000,7260700
20130628,9.4500,10.0000,9.3500,9.6500,5480000
20130701,9.4500,9.5800,8.9500,9.5100,5217100
20130702,10.2400,10.2700,9.2500,9.2500,6323200
20130703,9.9700,10.1100,9.5600,10.0200,5143700
20130704,10.0900,10.5800,9.6400,9.6400,6542400
20130705,9.8900,10.4300,9.8700,9.9800,4467400
20130708,9.2000,9.6600,9.0300,9.6500,3594500
20130709,9.3600,9.4500,9.1500,9.2000,1718900
20130710,9.8500,10.0200,9.3100,9.3600,3767900
20130711,9.8700,10.2000,9.6900,9.8000,5316200
20130712,9.8000,10.0500,9.6800,9.8700,3430000
20130715,9.8700,9.9800,9.7800,9.7900,2777400
20130716,10.0100,10.1300,9.8500,9.9000,3118100
20130717,9.6100,10.0800,9.5500,10.0200,3903800
20130718,9.6000,9.7900,9.4100,9.6400,2285400
20130719,9.2300,9.6500,9.2200,9.6000,2807600
20130722,9.4700,9.5500,9.1200,9.2100,1727200
20130723,9.6400,9.9800,9.5000,9.5900,3186000
20130724,9.4700,9.5800,9.3100,9.5500,2709300
20130725,9.3600,9.5700,9.3100,9.5400,1786100
20130726,9.3000,9.4300,9.1600,9.3000,1813100
20130729,9.0800,9.2600,9.0500,9.2500,1624900
20130730,9.3800,9.7700,9.1100,9.2000,3333800
20130731,10.3200,10.3200,10.3200,10.3200,2675900
20130801,10.4000,10.9500,10.2000,10.8400,13881100
20130802,10.0900,10.3300,10.0100,10.1500,7580200
20130805,10.1100,10.1300,9.8000,9.8600,4813400
20130806,10.1300,10.1600,9.9000,9.9900,4105100
20130807,9.9000,10.0800,9.7800,10.0400,3583900
20130808,10.1400,10.2400,9.7900,9.7900,4812400
20130809,10.3400,10.4400,10.0200,10.1800,6591200
20130812,10.5200,10.7600,10.0500,10.3500,7040600
20130813,10.3300,10.5000,10.2000,10.4500,4034400
20130814,10.1100,10.3300,10.0900,10.3000,3357800
20130815,10.0600,10.2800,10.0400,10.0900,2627900
20130816,9.9400,10.2200,9.9300,10.0200,2663100
20130819,10.0800,10.1000,9.8400,9.9200,1592200
20130820,9.8800,10.1400,9.8600,10.0900,2271900
20130821,9.7600,9.9100,9.7100,9.8900,2213900
20130822,9.7600,9.7600,9.7600,9.7600,0
20130823,9.7600,9.7600,9.7600,9.7600,0
20130826,9.7600,9.7600,9.7600,9.7600,0
20130827,9.7600,9.7600,9.7600,9.7600,0
20130828,9.7600,9.7600,9.7600,9.7600,0
20130829,9.7600,9.7600,9.7600,9.7600,0
20130830,9.7600,9.7600,9.7600,9.7600,0
20130902,8.7800,8.7800,8.7800,8.7800,875800
20130903,8.5400,8.5600,8.1000,8.1000,10295000
20130904,9.1300,9.3900,8.2600,8.3000,8815900
20130905,8.7500,8.9000,8.6700,8.8800,5997100
20130906,8.6100,8.8400,8.5100,8.7700,3550100
20130909,8.6300,8.7600,8.5000,8.7000,3820000
20130910,8.7000,8.7100,8.5500,8.6200,3261700
20130911,8.6300,8.8200,8.6000,8.7100,4231800
20130912,8.5800,8.7000,8.5200,8.6000,2547300
20130913,8.7100,8.7200,8.5000,8.5800,3252100
20130916,8.8100,8.8700,8.6400,8.6700,3415500
20130917,8.8500,9.1000,8.7100,8.8100,5148500
20130918,8.6400,8.8900,8.5000,8.8500,3549400
20130920,8.6400,8.6400,8.6400,8.6400,0
20130923,8.7900,8.8000,8.5300,8.6900,2907100
20130924,8.6600,8.7600,8.6100,8.7300,2346700
20130925,8.4900,8.6500,8.4200,8.6500,3074300
20130926,8.3300,8.5700,8.3200,8.5200,1971600
20130927,8.3500,8.4600,8.2900,8.3300,1738400
20130930,8.4100,8.5100,8.2100,8.3500,1443900
20131001,8.4100,8.4100,8.4100,8.4100,0
20131002,8.4100,8.4100,8.4100,8.4100,0
20131003,8.4100,8.4100,8.4100,8.4100,0
20131004,8.4100,8.4100,8.4100,8.4100,0
20131007,8.4100,8.4100,8.4100,8.4100,0
20131008,8.4300,8.4600,8.3200,8.3800,1777000
20131009,8.6000,8.6200,8.3600,8.4200,2827000
20131010,8.4400,8.5900,8.3800,8.5500,2181100
20131011,8.4900,8.5700,8.4400,8.4800,2522000
20131014,8.4500,8.5500,8.3800,8.5100,3131600
20131015,8.4000,8.4700,8.3800,8.4400,1800000
20131016,8.1500,8.4200,8.1000,8.4200,3013900
20131017,8.1500,8.2100,8.0800,8.1800,1892100
20131018,8.6100,8.6600,8.2100,8.3000,6673200
20131021,8.6200,8.6600,8.4400,8.5700,4364000
20131022,8.8100,8.9200,8.4400,8.5500,8216600
20131023,8.5900,8.8900,8.5200,8.8200,4005300
20131024,8.3500,8.5500,8.3000,8.5500,2215100
20131025,8.3000,8.6700,8.2500,8.3500,2467700
20131028,8.1100,8.3900,7.9800,8.3500,2107200
20131029,8.9200,8.9200,8.7000,8.7900,7091900
20131030,9.2500,9.8100,9.1500,9.6600,25022200
20131031,8.6500,9.3600,8.6400,9.3600,13200100
20131101,8.4400,8.5200,8.1000,8.3000,7522600
20131104,8.4200,8.5200,8.2700,8.4100,4410200
20131105,8.4700,8.4800,8.2500,8.4000,5014700
20131106,8.7300,9.2000,8.3200,8.3900,10482200
20131107,8.7600,9.0000,8.5800,8.7000,6500700
20131108,8.4200,8.7400,8.3500,8.6600,4133400
20131111,8.4100,8.4500,8.1500,8.3600,2821300
20131112,8.5800,8.5900,8.3100,8.4200,2679300
20131113,8.3000,8.5300,8.2500,8.5300,2906700
20131114,8.3200,8.3500,8.1600,8.3100,2587100
20131115,8.4900,8.5100,8.2600,8.2800,4097200
20131118,8.6000,8.6300,8.3600,8.4700,4375000
20131119,8.6000,8.7400,8.5100,8.5900,4275000
20131120,8.6900,8.7900,8.5800,8.6300,4432300
20131121,8.5700,8.7100,8.5600,8.6100,3625600
20131122,8.8400,8.9300,8.5300,8.5500,6026500
20131125,8.7200,8.8900,8.6900,8.7100,3651200
20131126,8.5700,8.7300,8.5500,8.7300,2471400
20131127,8.6400,8.6500,8.5200,8.5700,1935900
20131128,8.8000,8.9600,8.6400,8.6400,6414300
20131129,8.7700,8.8000,8.6600,8.8000,3524000
20131202,8.2600,8.5000,8.2000,8.4300,5554600
20131203,8.4000,8.4400,8.1700,8.2000,2677500
20131204,8.4500,8.5200,8.3400,8.3400,2711800
20131205,8.7000,8.7400,8.3700,8.4100,4495700
20131206,8.5600,8.6900,8.5000,8.6000,2854700
20131209,8.6400,8.6800,8.5200,8.6500,2068700
20131210,8.5600,8.9000,8.5000,8.6100,3928200
20131211,8.7500,8.7800,8.3000,8.5200,4630600
20131212,8.6400,8.7700,8.6100,8.6600,2418900
20131213,8.5800,8.7400,8.5500,8.6000,1898200
20131216,8.3600,8.6600,8.3300,8.5700,2357700
20131217,8.4100,8.4500,8.3000,8.4300,1671700
20131218,8.3300,8.4100,8.3200,8.4100,1228500
20131219,8.2400,8.4600,8.2300,8.3400,1486100
20131220,8.1500,8.3600,8.1200,8.2500,1595800
20131223,8.1400,8.2100,8.0200,8.1100,1631000
20131224,8.1000,8.2200,8.0400,8.1400,1730700
20131225,8.1700,8.2000,8.0600,8.1200,1383700
20131226,7.9200,8.2000,7.8900,8.2000,2218200
20131227,7.9800,8.0300,7.8700,7.9200,1431900
20131230,8.7800,8.7800,8.7800,8.7800,4334800
20131231,9.6600,9.6600,8.9500,9.3000,28804200
20140101,9.6600,9.6600,9.6600,9.6600,0
20140102,9.3800,9.6600,9.1000,9.6600,18312800
20140103,9.0400,9.2500,9.0200,9.0300,11126500
20140106,8.5700,9.0500,8.5300,9.0400,8473500
20140107,8.4600,8.5400,8.3200,8.5400,5527700
20140108,8.5700,8.6200,8.3900,8.4600,5595000
20140109,8.4200,8.6100,8.4000,8.5600,4024100
20140110,7.7000,7.9400,7.6200,7.9000,9076700
20140113,7.7500,7.8400,7.5300,7.6400,4252500
20140114,7.7700,7.7900,7.6300,7.6500,3910200
20140115,7.7400,7.8000,7.6800,7.7700,3256000
20140116,8.0300,8.0600,7.6500,7.7200,6745700
20140117,7.7400,7.9500,7.7200,7.9300,3371300
20140120,7.5400,7.7500,7.4800,7.7500,2904300
20140121,7.6300,7.6600,7.5000,7.5100,2085500
20140122,7.8200,7.8700,7.6300,7.6300,3483300
20140123,7.8400,7.8900,7.7500,7.8100,3429100
20140124,7.9200,8.0300,7.7800,7.8400,2999900
20140127,7.8700,7.9300,7.8000,7.9300,2736000
20140128,7.7700,7.8800,7.6700,7.8100,2721300
20140129,7.8000,7.8400,7.7200,7.7200,1924200
20140130,7.0700,7.5300,7.0200,7.5000,8318400
20140131,7.0700,7.0700,7.0700,7.0700,0
20140203,7.0700,7.0700,7.0700,7.0700,0
20140205,7.0700,7.0700,7.0700,7.0700,0
20140206,7.0700,7.0700,7.0700,7.0700,0
20140207,7.4900,7.5600,6.9000,6.9900,5747900
20140210,7.6100,7.6600,7.3700,7.4900,5433100
20140211,7.5800,7.6700,7.5200,7.5800,3775100
20140212,8.1500,8.2800,7.5600,7.5900,10019100
20140213,8.2300,8.3300,7.9700,8.0800,5884400
20140214,8.2800,8.3200,8.1000,8.2200,3910400
20140217,8.3300,8.4000,8.1500,8.3000,3682800
20140218,8.5400,8.9800,8.2800,8.3500,6879100
20140219,8.3600,8.5900,8.2200,8.5900,5682500
20140220,8.5900,8.7500,8.3100,8.3300,6457100
20140221,8.6200,8.6600,8.4000,8.6000,3174500
20140224,8.5100,8.7800,8.3200,8.6000,2441100
20140225,8.1200,8.6200,8.1100,8.4700,3008400
