20130226,6.4800,6.7100,6.1700,6.3500,24448000
20130227,6.8200,6.8900,6.3800,6.4000,36223600
20130228,6.7500,6.8300,6.6000,6.7500,21443600
20130301,6.7100,6.8900,6.6400,6.7500,16398600
20130304,6.4600,6.7000,6.3200,6.6900,17563900
20130305,6.5000,6.6000,6.4300,6.4500,11101500
20130306,6.4600,6.6200,6.4000,6.5300,12339700
20130307,6.1900,6.4300,6.1500,6.4100,13727900
20130308,6.2000,6.3000,6.1700,6.1700,6321900
20130311,6.1800,6.2700,6.1000,6.1000,5196500
20130312,5.9900,6.2000,5.8800,6.1800,8687600
20130313,6.0000,6.1000,5.8100,5.9900,7519800
20130314,5.9600,6.0500,5.9500,5.9800,3796500
20130315,5.9100,6.0300,5.8100,5.9400,5020000
20130318,5.8100,5.9600,5.7600,5.8700,4987100
20130319,5.7900,5.8400,5.7100,5.7800,3374000
20130320,5.9300,5.9400,5.7900,5.8200,5705100
20130321,6.0800,6.1800,5.9300,5.9600,9657100
20130322,6.0200,6.0900,5.9800,6.0500,5276800
20130325,6.1000,6.1800,5.9600,6.0300,7092000
20130326,5.9700,6.0800,5.9500,6.0500,5093100
20130327,6.1400,6.3400,5.9800,5.9800,13480100
20130328,5.7300,6.0600,5.7100,6.0500,10090400
20130329,5.6000,5.8100,5.5500,5.7300,6336000
20130401,5.6300,5.7000,5.5800,5.5800,2883200
20130402,5.6100,5.7100,5.5600,5.6500,2947000
20130403,5.8300,5.9900,5.5600,5.6300,9247900
20130404,5.8300,5.8300,5.8300,5.8300,0
20130405,5.8300,5.8300,5.8300,5.8300,0
20130408,5.8800,6.0000,5.6900,5.7100,9129500
20130409,5.8900,5.9300,5.7900,5.8400,6036700
20130410,6.1400,6.3000,5.8600,5.8600,19687700
20130411,6.0000,6.1400,5.9800,6.0300,9535100
20130412,5.7200,5.9900,5.6900,5.9500,8984700
20130415,5.5200,5.6400,5.5000,5.6200,5960000
20130416,5.5600,5.6000,5.4200,5.4400,3358900
20130417,5.6200,5.6900,5.5200,5.5800,4223100
20130418,5.5700,5.6400,5.5200,5.5600,3123300
20130419,5.6600,5.6900,5.5700,5.5700,5382400
20130422,5.6400,5.7000,5.5900,5.6500,5321000
20130423,5.5900,5.7400,5.4500,5.6300,10731200
20130424,5.5900,5.6400,5.4600,5.5400,6149200
20130425,5.5000,5.6800,5.4800,5.5800,6412600
20130426,5.2800,5.5200,5.2600,5.4700,7353800
20130429,5.2800,5.2800,5.2800,5.2800,0
20130430,5.2800,5.2800,5.2800,5.2800,0
20130501,5.2800,5.2800,5.2800,5.2800,0
20130502,5.2300,5.3400,5.2200,5.2900,3061700
20130503,5.3300,5.3600,5.2300,5.2300,3344000
20130506,5.3900,5.4100,5.3100,5.3600,4069700
20130507,5.3900,5.4200,5.3300,5.3900,3911500
20130508,5.4600,5.4900,5.3800,5.4100,5604400
20130509,5.4400,5.4900,5.3800,5.4200,5409900
20130510,5.4300,5.4700,5.3600,5.4300,4762400
20130513,5.5900,5.6800,5.4200,5.4500,9056800
20130514,5.4400,5.5800,5.4000,5.5700,5713500
20130515,5.4500,5.5300,5.4300,5.4300,3629500
20130516,5.4600,5.4700,5.3200,5.4400,6199600
20130517,5.5200,5.5500,5.4300,5.4500,7107900
20130520,5.6200,5.6300,5.5200,5.5200,7128300
20130521,5.7400,5.8300,5.5800,5.6200,12266100
20130522,5.6700,5.7100,5.6100,5.7000,8801200
20130523,5.8100,5.9900,5.6400,5.6600,15799100
20130524,5.7700,5.8800,5.6900,5.7500,8929100
20130527,5.6900,5.7600,5.6400,5.7600,7084400
20130528,5.7300,5.7600,5.6400,5.7100,5243200
20130529,5.8200,5.8700,5.7000,5.7400,8681400
20130530,5.6900,5.8000,5.6800,5.7800,6767300
20130531,5.5900,5.7200,5.5700,5.7000,6058200
20130603,5.6300,5.6800,5.5600,5.5900,5034000
20130604,5.5100,5.6700,5.4800,5.6200,4496800
20130605,5.4900,5.5600,5.4600,5.5100,3312600
20130606,5.3800,5.5300,5.3700,5.4500,3240300
20130607,5.2300,5.4200,5.1900,5.3900,4793900
20130610,5.2300,5.2300,5.2300,5.2300,0
20130611,5.2300,5.2300,5.2300,5.2300,0
20130612,5.2300,5.2300,5.2300,5.2300,0
20130613,4.9700,5.2000,4.8800,5.2000,3575100
20130614,4.9700,5.0200,4.9000,4.9700,3134900
20130617,5.1600,5.2000,4.9600,4.9900,6110300
20130618,5.1000,5.1600,5.0400,5.1000,3392000
20130619,5.1400,5.2500,4.9200,5.0900,4500200
20130620,4.9400,5.1200,4.9200,5.0900,3872000
20130621,4.8800,4.9600,4.7100,4.8200,2833000
20130624,4.4900,4.8400,4.4500,4.8400,3878800
20130625,4.4700,4.5600,4.0500,4.4800,4176000
20130626,4.5000,4.5300,4.3800,4.4400,3245400
20130627,4.4500,4.5900,4.4000,4.5200,4402500
20130628,4.4000,4.5200,4.3300,4.4200,4350700
20130701,4.4300,4.4500,4.2700,4.4000,2663200
20130702,4.6000,4.6400,4.3800,4.4200,5996000
20130703,4.5800,4.7400,4.5300,4.5500,6629600
20130704,4.5700,4.6700,4.4500,4.5100,4679500
20130705,4.5500,4.6500,4.5300,4.5700,3974100
20130708,4.2700,4.4500,4.2400,4.4500,4324100
20130709,4.3200,4.3400,4.2500,4.3000,1661200
20130710,4.4600,4.5000,4.2800,4.3100,3245200
20130711,4.5900,4.6400,4.4400,4.4800,5410300
20130712,4.5100,4.6400,4.5000,4.5800,3591000
20130715,4.5600,4.5700,4.4500,4.5200,3102500
20130716,4.8400,4.9400,4.5400,4.5600,10195200
20130717,4.6700,4.8400,4.6500,4.7700,6807700
20130718,4.7300,4.8200,4.6300,4.6700,5713300
20130719,4.4700,4.7200,4.4600,4.6900,5313600
20130722,4.5300,4.5800,4.4000,4.4800,2504100
20130723,4.6100,4.6600,4.4900,4.5000,3279800
20130724,4.5800,4.6200,4.5000,4.6100,3223900
20130725,4.6600,4.7700,4.5500,4.5900,5989500
20130726,4.5900,4.6400,4.5300,4.6300,3094100
20130729,4.4400,4.5600,4.4200,4.5500,3018800
20130730,4.4500,4.5100,4.3900,4.4800,2754100
20130731,4.5400,4.6900,4.4300,4.4400,3618900
20130801,4.6300,4.6500,4.5000,4.5600,3915300
20130802,4.6500,4.7500,4.6000,4.6400,5252100
20130805,4.7500,4.8200,4.6200,4.6600,6090100
20130806,4.7300,4.7600,4.6700,4.7400,4535500
20130807,4.7500,4.7900,4.6900,4.7000,4947200
20130808,4.6800,4.7800,4.6600,4.7300,3603800
20130809,4.7300,4.7700,4.6800,4.6800,2983700
20130812,4.8200,4.8500,4.7200,4.7200,6048500
20130813,4.9300,5.1100,4.7800,4.8000,11362300
20130814,4.8400,4.9200,4.8200,4.9200,6252100
20130815,4.7800,4.8700,4.7600,4.8300,3587500
20130816,4.6900,4.8900,4.6700,4.7100,5768600
20130819,4.7300,4.7300,4.6100,4.6200,2952500
20130820,4.6800,4.7500,4.6700,4.7200,2683800
20130821,4.6600,4.6800,4.6000,4.6600,3496600
20130822,4.6100,4.6800,4.5900,4.6400,2695700
20130823,4.5800,4.6700,4.5200,4.6300,3211700
20130826,4.6700,4.6700,4.5800,4.6000,2748900
20130827,4.7500,4.7600,4.6500,4.6800,4100400
20130828,5.2300,5.2300,4.8000,4.8000,20559900
20130829,5.4000,5.5000,5.3000,5.3000,36527100
20130830,5.7000,5.9000,5.1000,5.1700,28857100
20130902,5.7600,6.2700,5.7000,6.1000,39611200
20130903,5.8800,6.1300,5.4500,5.4900,33469100
20130904,6.4700,6.4700,5.7100,5.8800,62178100
20130905,6.4700,6.4900,6.1600,6.3000,41149300
20130906,6.9500,6.9700,6.3200,6.4000,50628800
20130909,7.0200,7.2900,6.6800,6.8200,46050100
20130910,6.7300,7.0000,6.6500,6.7600,37657100
20130911,6.3600,6.9500,6.2800,6.7000,41758100
20130912,6.2900,6.4400,6.1500,6.2500,24090500
20130913,6.1500,6.3500,6.0500,6.3200,19849000
20130916,6.1200,6.2300,6.0800,6.1500,14255500
20130917,6.1700,6.4500,6.0500,6.1000,26486500
20130918,6.1800,6.1900,5.9900,6.0900,15623300
20130920,6.1800,6.1800,6.1800,6.1800,0
20130923,6.1900,6.2700,6.0800,6.1500,15536200
20130924,6.1000,6.2800,6.0000,6.2000,16316000
20130925,6.2100,6.3200,6.0000,6.0700,22366700
20130926,5.8700,6.2500,5.8300,6.1700,18410700
20130927,5.5800,5.8700,5.5600,5.8100,15397100
20130930,5.6200,5.6600,5.5600,5.5700,7981400
20131001,5.6200,5.6200,5.6200,5.6200,0
20131002,5.6200,5.6200,5.6200,5.6200,0
20131003,5.6200,5.6200,5.6200,5.6200,0
20131004,5.6200,5.6200,5.6200,5.6200,0
20131007,5.6200,5.6200,5.6200,5.6200,0
20131008,5.7000,5.7500,5.5600,5.6000,9797900
20131009,5.7200,5.7700,5.6400,5.6700,10872500
20131010,5.9300,6.0000,5.6300,5.7100,22209000
20131011,5.9000,6.0200,5.8000,5.8700,15345800
20131014,5.8700,5.9400,5.7300,5.9000,11948200
20131015,5.7800,5.9300,5.7400,5.8600,9820000
20131016,5.5400,5.8000,5.4800,5.8000,10310100
20131017,5.6400,5.8100,5.5300,5.5400,10911200
20131018,5.6400,5.7400,5.6000,5.6800,6605700
20131021,5.7200,5.7400,5.5600,5.6100,7082700
20131022,5.7100,5.8200,5.6700,5.7000,7067500
20131023,5.4700,5.7600,5.4400,5.7000,8673800
20131024,5.4700,5.5500,5.4300,5.4300,4144400
20131025,5.3000,5.5200,5.2600,5.4600,6764800
20131028,5.5600,5.6400,5.2700,5.3000,10412600
20131029,5.3900,5.5900,5.1400,5.5300,9703700
20131030,5.9300,5.9300,5.2900,5.3600,24769400
20131031,6.0000,6.0400,5.7100,5.9000,26261700
20131101,5.8700,6.2800,5.8500,5.9800,21701000
20131104,5.9600,5.9800,5.7300,5.7400,12580500
20131105,5.9700,5.9800,5.7800,5.9700,13813300
20131106,5.8400,6.1500,5.8300,5.9100,16723200
20131107,5.9600,6.1100,5.6300,5.8000,19284300
20131108,5.9300,6.0900,5.7900,5.9500,15792600
20131111,5.8600,5.9500,5.8100,5.8400,8753100
20131112,5.9700,5.9800,5.7600,5.9000,10170700
20131113,5.8600,6.5300,5.8300,6.2700,22542700
20131114,6.0500,6.1000,5.5700,5.7100,21030400
20131115,6.2500,6.4800,5.9600,5.9900,28323700
20131118,6.3400,6.5600,6.1500,6.2500,27441300
20131119,6.2900,6.3900,6.1700,6.3000,14903400
20131120,6.4400,6.6500,6.2400,6.2800,24562400
20131121,6.2600,6.5100,6.2400,6.4400,16079000
20131122,6.1500,6.4000,6.1400,6.2400,10504200
20131125,6.2600,6.4100,6.2000,6.3600,11952300
20131126,6.6800,6.8500,6.1000,6.2800,27577200
20131127,6.8400,7.1900,6.5200,6.6800,32491200
20131128,6.6400,6.9500,6.6200,6.7700,21503600
20131129,6.7800,6.9800,6.6400,6.7100,21271000
20131202,6.1600,6.6400,6.1000,6.5600,21523500
20131203,6.2500,6.2900,6.0300,6.0800,9291900
20131204,6.3100,6.3500,6.1700,6.2400,10965900
20131205,6.2200,6.3600,6.2000,6.2600,8591600
20131206,6.2000,6.2400,6.1100,6.1600,6711300
20131209,6.2700,6.3400,6.1600,6.2000,7579300
20131210,6.1700,6.3000,6.1600,6.2700,7753500
20131211,6.0200,6.1600,5.9800,6.1100,8719700
20131212,5.9500,6.0600,5.9400,6.0000,4725000
20131213,5.9500,6.0000,5.8800,5.9200,3945100
20131216,5.8000,5.9900,5.7900,5.9500,5572000
20131217,5.9800,6.0100,5.7000,5.7400,9084300
20131218,5.8000,5.9600,5.7700,5.9000,5346900
20131219,5.6900,5.8900,5.6800,5.7900,4599800
20131220,5.5900,5.7500,5.5500,5.6900,3688400
20131223,5.6100,5.6900,5.4900,5.5900,3991900
20131224,5.6200,5.7400,5.5700,5.6100,4509400
20131225,5.7100,5.7200,5.6000,5.6200,3687600
20131226,5.7800,5.9400,5.6600,5.7100,10599800
20131227,5.9000,5.9400,5.6700,5.7300,8658400
20131230,5.8100,5.9100,5.8000,5.9000,5090300
20131231,5.8300,5.9500,5.7700,5.7900,4296700
20140101,5.8300,5.8300,5.8300,5.8300,0
20140102,5.8300,5.8800,5.7800,5.8000,4157100
20140103,5.6700,5.8400,5.6300,5.8000,4670700
20140106,5.4200,5.6500,5.4100,5.6200,4901600
20140107,5.4400,5.4800,5.3500,5.3500,2272600
20140108,5.4500,5.5500,5.4000,5.4300,2867500
20140109,5.3400,5.5100,5.3300,5.4600,2871900
20140110,5.1400,5.3400,5.0500,5.3000,5733100
20140113,5.1200,5.2000,5.0900,5.1000,2645700
20140114,5.2500,5.2800,5.0900,5.1100,2846700
20140115,5.3700,5.4200,5.2100,5.2200,4405300
20140116,5.2900,5.3800,5.2500,5.3700,2797400
20140117,5.2000,5.2800,5.1800,5.2600,2116600
20140120,5.5600,5.7200,5.4400,5.5700,11286600
20140121,5.5400,5.6100,5.4300,5.4600,6060300
20140122,5.7700,5.8700,5.4800,5.5000,8807500
20140123,5.6800,5.7700,5.6600,5.7000,4921000
20140124,5.7400,5.7600,5.6300,5.6500,5261800
20140127,5.6700,5.8200,5.6600,5.7300,4054700
20140128,5.5900,5.7200,5.5400,5.6400,2798200
20140129,5.6300,5.6800,5.5800,5.6000,2615500
20140130,6.1900,6.1900,5.6500,5.6600,21801600
20140131,6.1900,6.1900,6.1900,6.1900,0
20140203,6.1900,6.1900,6.1900,6.1900,0
20140205,6.1900,6.1900,6.1900,6.1900,0
20140206,6.1900,6.1900,6.1900,6.1900,0
20140207,6.3700,6.5100,6.1000,6.1000,16663300
20140210,6.5700,6.7800,6.2600,6.3100,17606900
20140211,6.7000,6.9400,6.4000,6.5600,18299900
20140212,6.7100,6.8800,6.5800,6.6500,12694800
20140213,6.6800,6.7900,6.4000,6.6900,13496500
20140214,6.6800,6.7800,6.4900,6.5900,9034400
20140217,6.9800,7.2000,6.6800,6.6800,15925300
20140218,6.9800,7.0500,6.8600,7.0000,7934600
20140219,7.0000,7.0500,6.8100,7.0500,9794300
20140220,6.6900,7.0000,6.6700,6.9300,8306600
20140221,6.5500,6.7100,6.4700,6.6500,7160200
20140224,6.5300,6.6000,6.4000,6.5000,5018300
20140225,6.1400,6.5900,6.0700,6.5200,7907000
