20130226,12.8600,13.1800,12.8600,13.1000,5130700
20130227,12.8400,13.0600,12.7200,12.8100,4860400
20130228,13.0700,13.0800,12.7700,12.9000,9837200
20130301,12.7900,13.1200,12.7000,13.0900,15502800
20130304,11.9200,12.7000,11.8300,12.7000,15831400
20130305,12.2500,12.3200,11.9500,11.9700,7035200
20130306,12.2700,12.3900,12.1500,12.3000,8846300
20130307,12.3500,12.4700,12.1400,12.2600,6930900
20130308,12.2000,12.4000,12.1200,12.2800,7163500
20130311,12.2200,12.3800,12.1800,12.2700,4119100
20130312,11.6600,12.2400,11.5500,12.2000,8677200
20130313,11.3700,11.7200,11.2000,11.6800,5226200
20130314,11.3700,11.4900,11.2500,11.3800,3151200
20130315,11.4300,11.6200,11.2000,11.3900,5618700
20130318,11.0100,11.4000,10.8900,11.3900,8807700
20130319,11.1000,11.1500,10.9000,11.0100,4361300
20130320,11.5900,11.6000,11.0500,11.1200,8319900
20130321,11.6700,11.8300,11.5500,11.7300,10378000
20130322,11.6000,11.7300,11.5100,11.5500,4984100
20130325,11.3700,11.6400,11.2700,11.6200,6774200
20130326,11.1800,11.3700,11.1700,11.3400,4034300
20130327,11.5000,11.5100,11.1300,11.1300,5985700
20130328,11.2100,11.4500,11.2000,11.4500,4601100
20130329,11.0800,11.3700,11.0000,11.2400,4493500
20130401,11.1100,11.1900,10.9500,10.9500,2478300
20130402,11.1800,11.2700,11.0800,11.1500,2640500
20130403,11.1400,11.2500,11.0600,11.2400,1801300
20130404,11.1400,11.1400,11.1400,11.1400,0
20130405,11.1400,11.1400,11.1400,11.1400,0
20130408,10.8600,10.9800,10.7500,10.9800,4212900
20130409,11.1100,11.1100,10.8600,10.8600,3612200
20130410,11.2200,11.2400,11.0500,11.0600,4326900
20130411,11.3500,11.5600,11.2100,11.3100,6093400
20130412,11.1800,11.4800,11.1000,11.4400,2962600
20130415,11.0800,11.2000,10.9000,11.1500,2749200
20130416,11.2600,11.2900,10.9200,10.9500,2124400
20130417,11.2900,11.3400,11.1600,11.2700,2584100
20130418,11.2800,11.3300,11.1700,11.2100,2322500
20130419,11.4800,11.5500,11.2700,11.2700,5645900
20130422,11.4200,11.5700,11.3600,11.4000,3763900
20130423,10.9600,11.4900,10.9600,11.4300,5210800
20130424,10.9500,11.0600,10.7600,10.9600,7762500
20130425,10.5500,10.9400,10.5100,10.9400,7088700
20130426,10.4400,10.6600,10.4300,10.6000,3948900
20130429,10.4400,10.4400,10.4400,10.4400,0
20130430,10.4400,10.4400,10.4400,10.4400,0
20130501,10.4400,10.4400,10.4400,10.4400,0
20130502,10.6500,10.6500,10.2900,10.4400,4240500
20130503,10.6600,10.8500,10.6200,10.6300,4617900
20130506,10.8000,10.8500,10.6600,10.6600,4370300
20130507,10.8000,10.8600,10.7200,10.8500,3451600
20130508,10.8200,10.9400,10.7000,10.8000,4484000
20130509,10.5500,10.8300,10.5100,10.8300,5609000
20130510,10.5400,10.6200,10.3800,10.5200,4976900
20130513,11.1400,11.1500,10.4500,10.5800,13143200
20130514,11.0800,11.2500,10.9500,11.0800,7714200
20130515,11.4000,11.4600,11.0500,11.0800,11483400
20130516,11.3500,11.4200,11.2000,11.4000,6957800
20130517,11.5400,11.5500,11.3300,11.3800,10650200
20130520,11.5900,11.7500,11.4400,11.5600,9510100
20130521,11.8500,11.8900,11.4800,11.5900,10198700
20130522,11.7500,12.0900,11.6000,11.9600,11001800
20130523,11.7400,11.9700,11.6100,11.7100,7794200
20130524,12.2500,12.3800,11.8500,11.8500,15876400
20130527,12.7700,12.9600,12.1800,12.2800,20722800
20130528,12.7400,13.4000,12.6300,12.8700,28373800
20130529,12.7300,12.8000,12.4000,12.7800,21070100
20130530,12.5500,12.7800,12.4400,12.6300,15323500
20130531,12.5100,12.6500,12.2700,12.6400,21980500
20130603,12.5100,12.5100,12.5100,12.5100,0
20130604,12.5100,12.5100,12.5100,12.5100,0
20130605,12.5100,12.5100,12.5100,12.5100,0
20130606,12.5100,12.5100,12.5100,12.5100,0
20130607,12.5100,12.5100,12.5100,12.5100,0
20130610,12.5100,12.5100,12.5100,12.5100,0
20130611,12.5100,12.5100,12.5100,12.5100,0
20130612,12.5100,12.5100,12.5100,12.5100,0
20130613,12.5100,12.5100,12.5100,12.5100,0
20130614,10.6900,11.0500,10.5100,10.6000,17341500
20130617,10.6300,10.9800,10.5000,10.5300,10830800
20130618,10.9200,11.0300,10.6300,10.6600,11323000
20130619,10.8500,11.1700,10.8100,10.9800,9498700
20130620,11.1500,11.3000,10.7200,10.7400,16139600
20130621,11.0100,11.2000,10.8500,10.9800,8669300
20130624,10.0100,11.1300,9.9200,11.0100,9969100
20130625,9.9500,10.0100,9.0100,9.9000,15977100
20130626,9.7500,10.0800,9.5500,9.6900,9034100
20130627,9.2600,9.9400,9.1600,9.7800,10647600
20130628,9.0900,9.4100,9.0000,9.2500,9867400
20130701,8.9600,9.0300,8.7500,9.0300,13463200
20130702,9.2400,9.2600,8.8600,8.9900,8462100
20130703,9.0600,9.1600,8.9200,9.1600,6238500
20130704,9.1900,9.3200,8.8500,9.0300,10253800
20130705,9.1700,9.2700,9.1200,9.2400,6235300
20130708,8.8700,9.1700,8.8000,9.1700,5402500
20130709,9.0300,9.1000,8.8000,8.8300,4317700
20130710,9.2100,9.2300,8.8500,8.9400,7957800
20130711,9.5900,9.6700,9.1100,9.2700,13748300
20130712,9.8900,10.2200,9.6700,9.6700,20157400
20130715,9.8600,10.0300,9.6700,9.8800,11623800
20130716,10.1100,10.2800,9.7300,9.9000,13838500
20130717,9.9700,10.3600,9.9200,10.1500,13811500
20130718,9.9100,10.1500,9.7200,9.8300,9877400
20130719,9.4100,10.0500,9.3800,9.9300,8669200
20130722,9.6100,9.7000,9.2300,9.3700,6786900
20130723,10.5700,10.5700,9.6200,9.6200,21725200
20130724,10.9800,11.0700,10.5700,10.8900,31778800
20130725,10.7900,11.6300,10.7800,11.5000,28624800
20130726,10.5900,10.7500,10.4400,10.6200,12053400
20130729,10.6900,10.7000,10.2500,10.3800,9347400
20130730,10.6900,11.1000,10.4000,10.6500,11551500
20130731,10.5400,10.8900,10.4900,10.5900,7023000
20130801,10.8200,10.9000,10.6000,10.6900,8396200
20130802,10.7100,10.9000,10.6600,10.8200,7933000
20130805,10.9400,10.9600,10.6900,10.6900,7971600
20130806,10.8300,11.0000,10.7000,10.9000,8616500
20130807,10.7800,10.9300,10.7300,10.8100,6855300
20130808,10.5500,10.8900,10.5000,10.8500,7889300
20130809,10.4200,10.6900,10.3600,10.6100,8101600
20130812,10.7700,10.8000,10.4600,10.4600,12311500
20130813,10.8400,11.0600,10.8000,10.9200,11659900
20130814,10.9800,11.1700,10.8900,10.8900,15896100
20130815,10.9400,11.1400,10.7900,10.8900,12322100
20130816,10.4200,11.1200,10.3500,10.8000,15492500
20130819,10.6900,10.7300,10.2100,10.3000,10112100
20130820,11.1200,11.3400,10.9900,11.0000,27232000
20130821,11.1200,11.1200,11.1200,11.1200,0
20130822,11.1200,11.1200,11.1200,11.1200,0
20130823,11.1200,11.1200,11.1200,11.1200,0
20130826,11.1200,11.1200,11.1200,11.1200,0
20130827,11.1200,11.1200,11.1200,11.1200,0
20130828,11.1200,11.1200,11.1200,11.1200,0
20130829,11.1200,11.1200,11.1200,11.1200,0
20130830,11.1200,11.1200,11.1200,11.1200,0
20130902,11.1200,11.1200,11.1200,11.1200,0
20130903,11.1200,11.1200,11.1200,11.1200,0
20130904,11.1200,11.1200,11.1200,11.1200,0
20130905,11.1200,11.1200,11.1200,11.1200,0
20130906,11.1200,11.1200,11.1200,11.1200,0
20130909,11.1200,11.1200,11.1200,11.1200,0
20130910,11.1200,11.1200,11.1200,11.1200,0
20130911,11.1200,11.1200,11.1200,11.1200,0
20130912,11.1200,11.1200,11.1200,11.1200,0
20130913,11.1200,11.1200,11.1200,11.1200,0
20130916,11.1200,11.1200,11.1200,11.1200,0
20130917,11.1200,11.1200,11.1200,11.1200,0
20130918,11.1200,11.1200,11.1200,11.1200,0
20130920,11.1200,11.1200,11.1200,11.1200,0
20130923,11.1200,11.1200,11.1200,11.1200,0
20130924,11.1200,11.1200,11.1200,11.1200,0
20130925,11.1200,11.1200,11.1200,11.1200,0
20130926,11.1200,11.1200,11.1200,11.1200,0
20130927,11.1200,11.1200,11.1200,11.1200,0
20130930,11.1200,11.1200,11.1200,11.1200,0
20131001,11.1200,11.1200,11.1200,11.1200,0
20131002,11.1200,11.1200,11.1200,11.1200,0
20131003,11.1200,11.1200,11.1200,11.1200,0
20131004,11.1200,11.1200,11.1200,11.1200,0
20131007,11.1200,11.1200,11.1200,11.1200,0
20131008,11.1200,11.1200,11.1200,11.1200,0
20131009,11.1200,11.1200,11.1200,11.1200,0
20131010,11.1200,11.1200,11.1200,11.1200,0
20131011,11.1200,11.1200,11.1200,11.1200,0
20131014,11.1200,11.1200,11.1200,11.1200,0
20131015,11.1200,11.1200,11.1200,11.1200,0
20131016,11.1200,11.1200,11.1200,11.1200,0
20131017,11.1200,11.1200,11.1200,11.1200,0
20131018,11.1200,11.1200,11.1200,11.1200,0
20131021,11.1200,11.1200,11.1200,11.1200,0
20131022,11.1200,11.1200,11.1200,11.1200,0
20131023,11.1200,11.1200,11.1200,11.1200,0
20131024,11.1200,11.1200,11.1200,11.1200,0
20131025,11.1200,11.1200,11.1200,11.1200,0
20131028,11.1200,11.1200,11.1200,11.1200,0
20131029,11.1200,11.1200,11.1200,11.1200,0
20131030,11.1200,11.1200,11.1200,11.1200,0
20131031,11.1200,11.1200,11.1200,11.1200,0
20131101,11.1200,11.1200,11.1200,11.1200,0
20131104,11.1200,11.1200,11.1200,11.1200,0
20131105,11.1200,11.1200,11.1200,11.1200,0
20131106,11.1200,11.1200,11.1200,11.1200,0
20131107,11.1200,11.1200,11.1200,11.1200,0
20131108,11.1200,11.1200,11.1200,11.1200,0
20131111,11.1200,11.1200,11.1200,11.1200,0
20131112,11.1200,11.1200,11.1200,11.1200,0
20131113,11.1200,11.1200,11.1200,11.1200,0
20131114,11.1200,11.1200,11.1200,11.1200,0
20131115,11.1200,11.1200,11.1200,11.1200,0
20131118,11.1200,11.1200,11.1200,11.1200,0
20131119,11.1200,11.1200,11.1200,11.1200,0
20131120,11.1200,11.1200,11.1200,11.1200,0
20131121,11.1200,11.1200,11.1200,11.1200,0
20131122,11.1200,11.1200,11.1200,11.1200,0
20131125,11.1200,11.1200,11.1200,11.1200,0
20131126,11.1200,11.1200,11.1200,11.1200,0
20131127,11.1200,11.1200,11.1200,11.1200,0
20131128,11.1200,11.1200,11.1200,11.1200,0
20131129,11.1200,11.1200,11.1200,11.1200,0
20131202,11.1200,11.1200,11.1200,11.1200,0
20131203,11.1200,11.1200,11.1200,11.1200,0
20131204,11.1200,11.1200,11.1200,11.1200,0
20131205,11.1200,11.1200,11.1200,11.1200,0
20131206,11.1200,11.1200,11.1200,11.1200,0
20131209,11.1200,11.1200,11.1200,11.1200,0
20131210,11.1200,11.1200,11.1200,11.1200,0
20131211,11.1200,11.1200,11.1200,11.1200,0
20131212,12.2300,12.2300,11.8200,12.2300,14852200
20131213,11.8700,12.8000,11.6600,12.8000,43990200
20131216,10.9200,11.7800,10.8800,11.7200,29978600
20131217,10.8400,11.1000,10.7300,10.9400,9103300
20131218,10.9100,11.0400,10.7500,10.8000,8738600
20131219,10.5100,11.0200,10.3500,10.9200,8308900
20131220,10.4700,10.5600,10.0200,10.5000,9590800
20131223,10.2100,10.4300,10.0300,10.3500,6437800
20131224,10.1600,10.3100,10.1200,10.2500,5745500
20131225,10.2400,10.3100,10.1500,10.1600,3959700
20131226,9.8200,10.3500,9.7300,10.2700,8213200
20131227,9.8500,9.8700,9.5900,9.7500,10362900
20131230,10.0000,10.2700,9.8200,9.8900,10626000
20131231,9.9900,10.0300,9.7500,10.0000,9064700
20140101,9.9900,9.9900,9.9900,9.9900,0
20140102,9.9700,10.0700,9.9000,9.9300,4802200
20140103,9.7500,9.9400,9.7200,9.9000,4347400
20140106,9.3800,9.6800,9.3600,9.6800,5195600
20140107,9.3800,9.4900,9.3000,9.3600,2940900
20140108,9.3600,9.6000,9.3300,9.3900,3589000
20140109,9.3100,9.5300,9.2300,9.3400,5483700
20140110,9.5300,9.5900,9.1800,9.3200,6133400
20140113,9.5400,9.6800,9.4600,9.5300,4406100
20140114,9.5500,9.6100,9.4500,9.5400,4753700
20140115,9.5100,9.5900,9.3700,9.4600,4146200
20140116,9.3900,9.5300,9.3500,9.5100,3962200
20140117,9.0400,9.3900,9.0300,9.3900,7826500
20140120,8.9200,9.0600,8.7000,9.0600,6164100
20140121,8.8900,9.0300,8.8000,8.8900,7192300
20140122,9.1700,9.2000,8.9000,8.9500,7675700
20140123,9.1900,9.2900,9.1300,9.2200,5119200
20140124,9.2900,9.3500,9.1000,9.1400,5228900
20140127,8.9700,9.2600,8.9500,9.2600,7038200
20140128,9.7000,9.8000,8.9700,8.9700,16894500
20140129,9.6000,9.8000,9.5100,9.7000,8225400
20140130,9.4700,9.6700,9.4600,9.6000,3987400
20140131,9.4700,9.4700,9.4700,9.4700,0
20140203,9.4700,9.4700,9.4700,9.4700,0
20140205,9.4700,9.4700,9.4700,9.4700,0
20140206,9.4700,9.4700,9.4700,9.4700,0
20140207,9.7000,9.8400,9.3100,9.4000,6638900
20140210,9.9600,10.0600,9.6800,9.7100,10006300
20140211,9.8400,10.0200,9.7400,9.9200,9577000
20140212,9.8800,9.9600,9.8100,9.8500,6512300
20140213,9.7200,9.9500,9.7000,9.9000,7266400
20140214,9.9000,9.9400,9.6800,9.7000,7214700
20140217,9.9000,9.9700,9.8300,9.9300,7142000
20140218,9.7000,9.9400,9.6200,9.9000,9561900
20140219,9.8000,9.9000,9.6500,9.7000,7158900
20140220,9.8100,10.0500,9.7300,9.8000,12177400
20140221,9.6700,9.8800,9.5700,9.7900,6283500
20140224,9.5100,9.6800,9.4000,9.6500,5252000
20140225,9.0300,9.6100,8.9500,9.4900,8544800
