20130226,5.2200,5.3700,5.1700,5.2100,8813200
20130227,5.1100,5.2600,5.0600,5.2100,7669900
20130228,5.1800,5.1800,5.0500,5.1100,6565900
20130301,5.3400,5.3400,5.1500,5.1800,10805100
20130304,5.2100,5.4000,5.1400,5.3000,11879200
20130305,5.4300,5.4500,5.1300,5.1300,16115000
20130306,5.4700,5.5600,5.3900,5.4300,18853900
20130307,5.5000,5.5500,5.3300,5.4400,20249300
20130308,5.3600,5.5200,5.3500,5.5100,9416300
20130311,5.4100,5.4500,5.3200,5.3200,6421500
20130312,5.3600,5.4800,5.2100,5.4200,16880200
20130313,5.3500,5.4800,5.2600,5.3300,15481600
20130314,5.1300,5.2900,5.0100,5.2500,11742900
20130315,5.1200,5.2500,5.0500,5.1300,7660700
20130318,5.1100,5.2500,5.0700,5.1000,5475400
20130319,5.0200,5.1400,4.9100,5.1100,7076900
20130320,5.1600,5.2000,5.0100,5.0200,6074600
20130321,5.2900,5.3200,5.1200,5.1400,14174800
20130322,5.3000,5.3200,5.2200,5.2600,6455200
20130325,5.3000,5.3600,5.2300,5.2500,5017600
20130326,5.3700,5.3800,5.2100,5.3100,7550900
20130327,5.4000,5.4400,5.3300,5.3800,9376400
20130328,5.4100,5.6300,5.2300,5.4000,34041100
20130329,5.6200,5.6600,5.2700,5.4000,44212700
20130401,5.5100,5.7500,5.4500,5.5800,26255100
20130402,5.3900,5.5200,5.3300,5.5000,15493800
20130403,5.9300,5.9300,5.4600,5.4600,42123400
20130404,5.9300,5.9300,5.9300,5.9300,0
20130405,5.9300,5.9300,5.9300,5.9300,0
20130408,6.2900,6.5200,5.9000,6.0000,95328800
20130409,5.8300,6.0900,5.7400,6.0100,47859000
20130410,6.1000,6.1200,5.6900,5.7900,44123500
20130411,5.8900,6.0500,5.8400,6.0000,27616500
20130412,5.6500,5.7900,5.6000,5.7900,22290700
20130415,5.5600,5.8500,5.5200,5.7400,16650900
20130416,5.3900,5.4000,5.2100,5.3900,18596700
20130417,5.4700,5.4900,5.3300,5.3900,11619300
20130418,5.3600,5.4500,5.3300,5.4500,9820300
20130419,5.4300,5.4600,5.3300,5.3600,11328200
20130422,5.9700,5.9700,5.7000,5.7000,50283900
20130423,5.5600,5.9300,5.5200,5.9300,25888400
20130424,5.6300,5.7800,5.5500,5.5900,15820000
20130425,5.4000,5.6000,5.3900,5.6000,15855300
20130426,5.2600,5.5000,5.2200,5.4000,9311700
20130429,5.2600,5.2600,5.2600,5.2600,0
20130430,5.2600,5.2600,5.2600,5.2600,0
20130501,5.2600,5.2600,5.2600,5.2600,0
20130502,5.2700,5.3400,5.2400,5.2600,5962900
20130503,5.3800,5.3800,5.2800,5.2800,8034000
20130506,5.4000,5.4300,5.3100,5.3900,9099200
20130507,5.3500,5.4100,5.3200,5.3900,8233000
20130508,5.4100,5.4100,5.3300,5.3500,9236500
20130509,5.3100,5.4200,5.2500,5.4100,10555200
20130510,5.3600,5.3900,5.2300,5.3100,9841000
20130513,5.3100,5.3700,5.2700,5.3500,6422700
20130514,5.2800,5.3500,5.2600,5.3100,7162500
20130515,5.3100,5.3200,5.2500,5.2700,6661400
20130516,5.4000,5.4600,5.2600,5.3200,14145800
20130517,5.4300,5.4400,5.3600,5.4000,11047400
20130520,5.4100,5.4700,5.3600,5.4300,15217800
20130521,5.5800,5.5900,5.3600,5.4000,20168200
20130522,5.5000,5.6100,5.4600,5.5400,13643000
20130523,5.4700,5.5700,5.4500,5.4900,10772700
20130524,5.5000,5.5100,5.4400,5.4600,8735600
20130527,5.5400,5.5700,5.4600,5.5000,10245900
20130528,5.5700,5.5900,5.5000,5.5400,11219200
20130529,5.7100,5.8500,5.5300,5.5700,26375800
20130530,5.7200,5.8200,5.6200,5.6300,21512600
20130531,5.7900,5.9000,5.6900,5.6900,24541000
20130603,6.0000,6.0100,5.8100,5.8200,31443000
20130604,5.7400,6.0400,5.6600,6.0000,23564900
20130605,5.8600,5.9500,5.5700,5.6800,21718700
20130606,5.6200,5.8500,5.6100,5.8300,13289200
20130607,5.4300,5.6800,5.4100,5.5800,11244500
20130610,5.4300,5.4300,5.4300,5.4300,0
20130611,5.4300,5.4300,5.4300,5.4300,0
20130612,5.4300,5.4300,5.4300,5.4300,0
20130613,5.1200,5.3700,4.9900,5.3700,8938300
20130614,5.2500,5.2600,5.1300,5.1800,5978800
20130617,5.2400,5.2700,5.1100,5.2600,6221100
20130618,5.2600,5.3000,5.1800,5.2400,5564800
20130619,5.1700,5.2500,5.0300,5.2500,6552400
20130620,4.9600,5.1400,4.9500,5.1100,5925800
20130621,4.7800,4.8800,4.6800,4.8800,8133900
20130624,4.3700,4.7500,4.3000,4.7500,9477800
20130625,4.3900,4.4500,3.9500,4.3200,9230400
20130626,4.4300,4.4500,4.2400,4.3900,5995100
20130627,4.3300,4.5100,4.3200,4.4400,6728200
20130628,4.3100,4.3800,4.2100,4.3200,4276400
20130701,4.3800,4.3900,4.2700,4.3100,3036400
20130702,4.4800,4.4900,4.3300,4.3800,4648000
20130703,4.4300,4.4800,4.3400,4.4800,4493400
20130704,4.4700,4.5400,4.3500,4.4000,5057100
20130705,4.4400,4.5400,4.4300,4.5000,4735300
20130708,4.2000,4.4200,4.1800,4.4200,5455800
20130709,4.2300,4.2500,4.1000,4.1800,2437400
20130710,4.3700,4.3800,4.2000,4.2500,4494100
20130711,4.3700,4.3700,4.3700,4.3700,0
20130712,4.3700,4.3700,4.3700,4.3700,0
20130715,4.3700,4.3700,4.3700,4.3700,0
20130716,4.3700,4.3700,4.3700,4.3700,0
20130717,4.3700,4.3700,4.3700,4.3700,0
20130718,4.3700,4.3700,4.3700,4.3700,0
20130719,4.3700,4.3700,4.3700,4.3700,0
20130722,4.3700,4.3700,4.3700,4.3700,0
20130723,4.3700,4.3700,4.3700,4.3700,0
20130724,4.3700,4.3700,4.3700,4.3700,0
20130725,4.3700,4.3700,4.3700,4.3700,0
20130726,4.3700,4.3700,4.3700,4.3700,0
20130729,4.3700,4.3700,4.3700,4.3700,0
20130730,4.3700,4.3700,4.3700,4.3700,0
20130731,4.3700,4.3700,4.3700,4.3700,0
20130801,4.3700,4.3700,4.3700,4.3700,0
20130802,4.3700,4.3700,4.3700,4.3700,0
20130805,4.3700,4.3700,4.3700,4.3700,0
20130806,4.3700,4.3700,4.3700,4.3700,0
20130807,4.3700,4.3700,4.3700,4.3700,0
20130808,4.3700,4.3700,4.3700,4.3700,0
20130809,4.3700,4.3700,4.3700,4.3700,0
20130812,4.3700,4.3700,4.3700,4.3700,0
20130813,4.3700,4.3700,4.3700,4.3700,0
20130814,4.3700,4.3700,4.3700,4.3700,0
20130815,4.3700,4.3700,4.3700,4.3700,0
20130816,4.3700,4.3700,4.3700,4.3700,0
20130819,4.3700,4.3700,4.3700,4.3700,0
20130820,4.3700,4.3700,4.3700,4.3700,0
20130821,4.3700,4.3700,4.3700,4.3700,0
20130822,4.3700,4.3700,4.3700,4.3700,0
20130823,4.3700,4.3700,4.3700,4.3700,0
20130826,4.3700,4.3700,4.3700,4.3700,0
20130827,4.3700,4.3700,4.3700,4.3700,0
20130828,4.3700,4.3700,4.3700,4.3700,0
20130829,4.3700,4.3700,4.3700,4.3700,0
20130830,4.3700,4.3700,4.3700,4.3700,0
20130902,4.3700,4.3700,4.3700,4.3700,0
20130903,4.3700,4.3700,4.3700,4.3700,0
20130904,4.3700,4.3700,4.3700,4.3700,0
20130905,4.3700,4.3700,4.3700,4.3700,0
20130906,4.3700,4.3700,4.3700,4.3700,0
20130909,4.3700,4.3700,4.3700,4.3700,0
20130910,4.3700,4.3700,4.3700,4.3700,0
20130911,4.3700,4.3700,4.3700,4.3700,0
20130912,4.3700,4.3700,4.3700,4.3700,0
20130913,4.3700,4.3700,4.3700,4.3700,0
20130916,4.3700,4.3700,4.3700,4.3700,0
20130917,4.3700,4.3700,4.3700,4.3700,0
20130918,4.3700,4.3700,4.3700,4.3700,0
20130920,4.3700,4.3700,4.3700,4.3700,0
20130923,4.3700,4.3700,4.3700,4.3700,0
20130924,4.3700,4.3700,4.3700,4.3700,0
20130925,4.3700,4.3700,4.3700,4.3700,0
20130926,4.3700,4.3700,4.3700,4.3700,0
20130927,4.3700,4.3700,4.3700,4.3700,0
20130930,4.3700,4.3700,4.3700,4.3700,0
20131001,4.3700,4.3700,4.3700,4.3700,0
20131002,4.3700,4.3700,4.3700,4.3700,0
20131003,4.3700,4.3700,4.3700,4.3700,0
20131004,4.3700,4.3700,4.3700,4.3700,0
20131007,4.3700,4.3700,4.3700,4.3700,0
20131008,4.3700,4.3700,4.3700,4.3700,0
20131009,4.3700,4.3700,4.3700,4.3700,0
20131010,4.3700,4.3700,4.3700,4.3700,0
20131011,4.3700,4.3700,4.3700,4.3700,0
20131014,4.3700,4.3700,4.3700,4.3700,0
20131015,4.3700,4.3700,4.3700,4.3700,0
20131016,4.3700,4.3700,4.3700,4.3700,0
20131017,4.3700,4.3700,4.3700,4.3700,0
20131018,4.3700,4.3700,4.3700,4.3700,0
20131021,4.3700,4.3700,4.3700,4.3700,0
20131022,4.3700,4.3700,4.3700,4.3700,0
20131023,4.3700,4.3700,4.3700,4.3700,0
20131024,4.3700,4.3700,4.3700,4.3700,0
20131025,4.3700,4.3700,4.3700,4.3700,0
20131028,4.3700,4.3700,4.3700,4.3700,0
20131029,4.3700,4.3700,4.3700,4.3700,0
20131030,4.3700,4.3700,4.3700,4.3700,0
20131031,4.3700,4.3700,4.3700,4.3700,0
20131101,4.3700,4.3700,4.3700,4.3700,0
20131104,4.3700,4.3700,4.3700,4.3700,0
20131105,4.3700,4.3700,4.3700,4.3700,0
20131106,4.3700,4.3700,4.3700,4.3700,0
20131107,4.3700,4.3700,4.3700,4.3700,0
20131108,4.3700,4.3700,4.3700,4.3700,0
20131111,4.3700,4.3700,4.3700,4.3700,0
20131112,4.3700,4.3700,4.3700,4.3700,0
20131113,4.3700,4.3700,4.3700,4.3700,0
20131114,4.3700,4.3700,4.3700,4.3700,0
20131115,4.3700,4.3700,4.3700,4.3700,0
20131118,4.3700,4.3700,4.3700,4.3700,0
20131119,4.8100,4.8100,4.8100,4.8100,199100
20131120,5.2900,5.2900,5.2900,5.2900,713600
20131121,5.8200,5.8200,5.8200,5.8200,1523800
20131122,6.0700,6.4000,5.8200,6.4000,82572096
20131125,5.7700,5.9400,5.6600,5.8000,33839600
20131126,5.5100,5.7600,5.4500,5.6900,29999600
20131127,5.5600,5.6500,5.4600,5.4800,17486500
20131128,5.5100,5.5800,5.4000,5.5700,22239200
20131129,5.5100,5.5600,5.4500,5.4900,13589800
20131202,5.0600,5.3200,5.0000,5.2000,22256800
20131203,5.1700,5.1800,5.0200,5.0600,9398700
20131204,5.2000,5.2700,5.1300,5.1400,10960200
20131205,5.3100,5.3800,5.1500,5.2000,14562300
20131206,5.2400,5.3200,5.2200,5.2500,7246000
20131209,5.2600,5.3300,5.2200,5.2500,4949600
20131210,5.1600,5.3100,5.1500,5.3000,7471500
20131211,5.0500,5.1700,5.0300,5.1700,8331000
20131212,5.0800,5.1400,5.0200,5.0500,4515100
20131213,5.1000,5.1300,5.0400,5.0700,3881100
20131216,5.0200,5.1100,5.0000,5.0700,4978600
20131217,4.9300,5.0700,4.9200,5.0000,5589100
20131218,5.1100,5.1200,4.8600,4.9300,8973400
20131219,5.0400,5.1200,5.0200,5.0900,5184800
20131220,4.9000,5.0300,4.8500,5.0300,5685900
20131223,4.8500,4.9500,4.7300,4.8600,4044700
20131224,4.7300,4.8900,4.6700,4.8100,4323500
20131225,4.7500,4.7600,4.6900,4.7500,3364300
20131226,4.5600,4.7800,4.5600,4.7600,5298300
20131227,4.6300,4.6800,4.5400,4.5600,3954000
20131230,4.6600,4.6800,4.6000,4.6500,3271100
20131231,4.6900,4.7100,4.6100,4.6500,3267700
20140101,4.6900,4.6900,4.6900,4.6900,0
20140102,4.7100,4.7400,4.6600,4.6900,3222800
20140103,4.6200,4.7100,4.5900,4.7000,4398600
20140106,4.4600,4.6000,4.4500,4.5700,4487900
20140107,4.5300,4.5500,4.4400,4.4800,2850700
20140108,4.4600,4.5600,4.4500,4.5500,2296700
20140109,4.5200,4.5700,4.4000,4.4600,4789800
20140110,4.4200,4.5500,4.4000,4.5000,3113600
20140113,4.4100,4.4700,4.3900,4.4100,2322700
20140114,4.5200,4.5200,4.3700,4.4100,3880300
20140115,4.6300,4.7000,4.4600,4.5200,6314300
20140116,4.5900,4.6400,4.5600,4.6100,3633500
20140117,4.4600,4.5900,4.4600,4.5900,3269800
20140120,4.6300,4.6400,4.4600,4.5200,4722200
20140121,4.6500,4.6600,4.5900,4.6000,4376900
20140122,4.6900,4.7200,4.6100,4.6600,6176500
20140123,4.6800,4.7200,4.6700,4.6900,4209500
20140124,4.7700,4.8000,4.6800,4.6900,5585800
20140127,4.6900,4.7600,4.6600,4.7200,3942100
20140128,4.7400,4.7800,4.6600,4.6900,4157100
20140129,4.7100,4.7600,4.6900,4.7400,3194200
20140130,4.7100,4.7300,4.6600,4.7100,2339400
20140131,4.7100,4.7100,4.7100,4.7100,0
20140203,4.7100,4.7100,4.7100,4.7100,0
20140205,4.7100,4.7100,4.7100,4.7100,0
20140206,4.7100,4.7100,4.7100,4.7100,0
20140207,4.7000,4.7200,4.6200,4.6700,2576300
20140210,4.8400,4.8500,4.7000,4.7000,6730200
20140211,4.9100,4.9700,4.8200,4.8600,8344100
20140212,4.9600,4.9700,4.8600,4.9500,6551800
20140213,4.9500,5.0700,4.9000,4.9000,8750100
20140214,5.2100,5.2700,4.9200,4.9300,15530000
20140217,5.3800,5.5800,5.2300,5.2300,23353100
20140218,5.2700,5.3600,5.2100,5.3600,13276000
20140219,5.2900,5.4000,5.2300,5.2700,10455700
20140220,5.1300,5.3400,5.1000,5.2900,11429200
20140221,5.0500,5.1800,5.0200,5.1000,6215700
20140224,5.1900,5.1900,4.9800,5.0500,8456700
20140225,5.0600,5.2800,4.9900,5.1600,10253300
