20130226,5.7700,5.9300,5.7200,5.8800,2182900
20130227,5.7700,5.8400,5.7100,5.8000,1862500
20130228,5.8800,5.8900,5.7500,5.8200,2081300
20130301,5.9400,5.9500,5.7900,5.8800,2559000
20130304,5.8200,5.9300,5.7500,5.9100,3106400
20130305,5.9000,5.9000,5.7800,5.7800,2783200
20130306,6.0300,6.0300,5.8800,5.9000,5191900
20130307,5.9600,6.0600,5.9500,6.0500,3802800
20130308,5.8800,5.9800,5.8600,5.9300,2052300
20130311,5.8900,5.9600,5.8100,5.8700,2175900
20130312,5.7100,5.9100,5.6400,5.9100,2955800
20130313,5.5700,5.7100,5.5400,5.6800,2652200
20130314,5.6200,5.8300,5.5800,5.6800,3945200
20130315,5.5900,5.7000,5.4700,5.5900,2670200
20130318,5.5000,5.5700,5.4600,5.5700,1959600
20130319,5.5200,5.5500,5.4600,5.5000,1439400
20130320,5.7300,5.7600,5.4800,5.5200,3846300
20130321,5.7700,5.8000,5.6900,5.7000,2795100
20130322,5.7700,5.8000,5.6800,5.7300,2008600
20130325,6.0500,6.0900,5.7300,5.7400,11849900
20130326,6.2500,6.6200,5.9200,6.0000,20761000
20130327,6.1300,6.4300,6.1100,6.1500,13614500
20130328,5.9200,6.2400,5.8800,6.0600,6951400
20130329,5.8000,5.9600,5.7600,5.9600,4100700
20130401,5.8700,5.9300,5.8000,5.8300,2245900
20130402,5.7000,5.9400,5.6500,5.8300,3688600
20130403,5.7400,5.7700,5.6000,5.7000,2520900
20130404,5.7400,5.7400,5.7400,5.7400,0
20130405,5.7400,5.7400,5.7400,5.7400,0
20130408,5.6900,5.7200,5.5500,5.7200,2257800
20130409,5.7400,5.7500,5.6700,5.6900,1649600
20130410,5.6400,5.7800,5.5900,5.7000,2005100
20130411,5.6200,5.7200,5.6100,5.6500,2360700
20130412,5.3700,5.5700,5.3600,5.5700,5502400
20130415,5.0500,5.2500,4.9900,5.2200,5691900
20130416,5.0600,5.0800,4.9300,5.0000,2797900
20130417,5.0500,5.0700,5.0100,5.0500,2600600
20130418,5.1100,5.1200,4.9700,5.0400,4246400
20130419,5.1700,5.2000,5.0700,5.0700,5349500
20130422,5.0900,5.1500,5.0600,5.1500,3694400
20130423,5.0000,5.1400,4.9900,5.0900,4592800
20130424,5.0500,5.0500,4.9500,5.0000,2617400
20130425,4.9500,5.0500,4.9500,5.0400,2170200
20130426,4.7400,4.9800,4.7300,4.9500,3314000
20130429,4.7400,4.7400,4.7400,4.7400,0
20130430,4.7400,4.7400,4.7400,4.7400,0
20130501,4.7400,4.7400,4.7400,4.7400,0
20130502,4.7400,4.7800,4.6900,4.7200,1389400
20130503,4.8000,4.8400,4.7600,4.7600,2105400
20130506,4.8400,4.8500,4.8100,4.8300,1791400
20130507,4.8300,4.8800,4.8300,4.8400,2665400
20130508,4.8800,4.9000,4.8300,4.8500,2491800
20130509,4.8500,4.9100,4.8300,4.9000,2260100
20130510,4.9300,4.9500,4.8200,4.8600,2286100
20130513,4.9900,5.0100,4.8800,4.9100,3370600
20130514,4.9600,4.9800,4.9200,4.9500,2334100
20130515,5.0500,5.0800,4.9200,4.9600,6098500
20130516,5.5600,5.5600,5.0000,5.0300,19890500
20130517,5.9700,6.0700,5.4200,5.5600,24691400
20130520,5.6300,5.9700,5.6000,5.7500,27089600
20130521,5.5000,5.6000,5.4700,5.6000,11677200
20130522,5.5100,5.5900,5.4900,5.5100,7599500
20130523,5.4000,5.5500,5.3900,5.5100,5547100
20130524,5.4700,5.4700,5.3400,5.4000,4678500
20130527,5.3800,5.4700,5.3600,5.4700,4390000
20130528,5.4400,5.4400,5.3600,5.4000,4310300
20130529,5.4200,5.4700,5.3900,5.4400,3366200
20130530,5.3400,5.4200,5.3200,5.4200,4860000
20130531,5.3500,5.4100,5.3300,5.3300,3294200
20130603,5.3700,5.4300,5.3200,5.3200,2741300
20130604,5.1600,5.3700,5.1300,5.3500,5065300
20130605,5.1600,5.1700,5.1000,5.1200,2314200
20130606,5.0300,5.1500,5.0000,5.1400,2245500
20130607,5.0200,5.0800,4.9800,5.0300,2176100
20130610,5.0200,5.0200,5.0200,5.0200,0
20130611,5.0200,5.0200,5.0200,5.0200,0
20130612,5.0200,5.0200,5.0200,5.0200,0
20130613,4.8700,4.9900,4.7800,4.9900,2078500
20130614,4.9200,4.9500,4.8500,4.8500,1648800
20130617,4.9400,4.9600,4.8700,4.9300,1397000
20130618,4.9500,4.9600,4.8800,4.9400,1422900
20130619,4.8500,4.9500,4.7800,4.9500,2252700
20130620,4.7300,4.8400,4.7000,4.8400,1925700
20130621,4.7300,4.8200,4.5400,4.5400,2199900
20130624,4.3500,4.7000,4.3000,4.7000,2544300
20130625,4.2100,4.3500,3.9000,4.2900,2556200
20130626,4.2200,4.2600,4.1600,4.2200,1290000
20130627,4.0600,4.2800,4.0200,4.2200,2115800
20130628,4.0600,4.1200,4.0100,4.0500,1433200
20130701,4.1300,4.1700,4.0400,4.0600,1646900
20130702,4.1700,4.2000,4.1100,4.1300,1609300
20130703,4.1300,4.1900,4.0500,4.1300,1476100
20130704,4.2100,4.2400,4.0700,4.1300,2051400
20130705,4.3900,4.4100,4.1900,4.2200,3699200
20130708,4.1700,4.3500,4.1500,4.3100,2737700
20130709,4.2300,4.2500,4.0900,4.1700,1369200
20130710,4.2900,4.3200,4.1400,4.1800,2335800
20130711,4.3600,4.4500,4.2500,4.2900,4438700
20130712,4.2700,4.4000,4.2600,4.3700,2480400
20130715,4.2700,4.3500,4.2300,4.2600,2269700
20130716,4.3300,4.3300,4.2200,4.2800,2822200
20130717,4.2300,4.3400,4.2000,4.3200,1996700
20130718,4.1000,4.2300,4.0700,4.2300,2882400
20130719,3.9700,4.1400,3.9600,4.1000,2661000
20130722,4.0300,4.0300,3.9600,3.9800,1574800
20130723,4.1300,4.1700,4.0600,4.0600,2990400
20130724,4.1400,4.1600,4.0700,4.1400,1944900
20130725,4.1300,4.1600,4.0900,4.1400,1860900
20130726,4.0900,4.1100,4.0200,4.1000,1247500
20130729,4.0100,4.1300,4.0000,4.1300,1365200
20130730,4.0100,4.0700,3.9700,4.0300,1596700
20130731,4.0500,4.0900,4.0300,4.0400,1676700
20130801,4.1600,4.2000,4.0400,4.0400,3386900
20130802,4.1600,4.1800,4.1100,4.1600,2686600
20130805,4.1900,4.2000,4.1400,4.1600,2447900
20130806,4.2500,4.2700,4.1700,4.1800,3310600
20130807,4.2300,4.2800,4.2100,4.2500,2571900
20130808,4.2700,4.2800,4.1900,4.2300,2267900
20130809,4.3200,4.3200,4.2300,4.2800,3891700
20130812,4.4100,4.4500,4.2900,4.3100,4833100
20130813,4.4100,4.4500,4.3800,4.4100,3150600
20130814,4.3800,4.4900,4.3600,4.4100,3751700
20130815,4.3500,4.4400,4.3500,4.3600,2855100
20130816,4.2700,4.4000,4.2600,4.3100,4652200
20130819,4.2900,4.3200,4.2200,4.2600,2014700
20130820,4.2800,4.3300,4.2500,4.2800,2522900
20130821,4.3700,4.3700,4.2600,4.2600,3535900
20130822,4.4200,4.4600,4.3700,4.4600,4466800
20130823,4.2700,4.4900,4.2300,4.4900,4284900
20130826,4.2700,4.3600,4.2700,4.2900,8000600
20130827,4.3300,4.3400,4.2700,4.2800,4557600
20130828,4.2900,4.3200,4.2400,4.2900,3822900
20130829,4.3100,4.3200,4.2600,4.2800,2770200
20130830,4.3100,4.3700,4.2900,4.3100,4341100
20130902,4.4400,4.4500,4.2700,4.3000,6248800
20130903,4.4500,4.4600,4.3800,4.4300,6038200
20130904,4.5300,4.7800,4.5200,4.6000,14160600
20130905,4.4700,4.6100,4.4500,4.5500,5381100
20130906,4.4500,4.4900,4.4000,4.4800,3652400
20130909,4.4800,4.4900,4.4200,4.4300,4054800
20130910,4.5300,4.5400,4.4500,4.4800,4497900
20130911,4.5900,4.6100,4.5200,4.5400,6584400
20130912,4.6000,4.6300,4.5300,4.6000,3860600
20130913,4.5200,4.6100,4.4800,4.6100,4055500
20130916,4.4800,4.5400,4.4500,4.5300,2655200
20130917,4.4300,4.5200,4.4200,4.4900,4010100
20130918,4.5100,4.5200,4.4200,4.4200,5418600
20130920,4.5100,4.5100,4.5100,4.5100,0
20130923,4.5700,4.6300,4.5200,4.5300,4940200
20130924,4.5800,4.5900,4.5000,4.5700,2519100
20130925,4.5800,4.6400,4.5100,4.5700,4612300
20130926,4.5800,4.6400,4.5300,4.5800,6376600
20130927,4.6100,4.6700,4.5400,4.5600,6325000
20130930,4.5000,4.6400,4.4800,4.6300,4717000
20131001,4.5000,4.5000,4.5000,4.5000,0
20131002,4.5000,4.5000,4.5000,4.5000,0
20131003,4.5000,4.5000,4.5000,4.5000,0
20131004,4.5000,4.5000,4.5000,4.5000,0
20131007,4.5000,4.5000,4.5000,4.5000,0
20131008,4.5600,4.5700,4.4400,4.4800,2830300
20131009,4.5500,4.5600,4.5000,4.5400,3438000
20131010,4.6100,4.6600,4.5300,4.5600,6206000
20131011,4.7300,4.9300,4.5600,4.6000,12044300
20131014,4.7900,4.8000,4.7100,4.7300,6247200
20131015,4.8000,4.8500,4.7300,4.7800,5463200
20131016,4.6900,4.7900,4.6200,4.7900,5745000
20131017,4.7900,4.8200,4.6800,4.7100,4929000
20131018,4.8700,4.9800,4.7600,4.8000,10303000
20131021,4.9000,4.9600,4.8300,4.9000,6656900
20131022,4.9700,5.0300,4.8500,4.9000,10888700
20131023,4.7400,4.9700,4.7000,4.9700,7374900
20131024,4.6400,4.8000,4.6000,4.7500,4177700
20131025,4.5100,4.6700,4.5000,4.6700,3525700
20131028,4.4800,4.5700,4.4200,4.5600,2661700
20131029,4.3000,4.5100,4.1900,4.4400,4492400
20131030,4.3500,4.3600,4.2600,4.3000,2277200
20131031,4.4300,4.4400,4.1900,4.3200,5059600
20131101,4.5500,4.5800,4.3300,4.3700,5658700
20131104,4.6200,4.6600,4.4800,4.5300,4388100
20131105,4.6100,4.6700,4.5500,4.6300,2682700
20131106,4.6600,4.7900,4.5600,4.5900,7485600
20131107,4.6200,4.7300,4.5900,4.6600,5155600
20131108,4.6400,4.7000,4.4300,4.6300,8203400
20131111,4.7100,4.7400,4.5600,4.6100,7138900
20131112,4.7400,4.8100,4.6700,4.7000,9681200
20131113,4.7100,4.7900,4.6100,4.7400,6857000
20131114,4.7300,4.7900,4.6200,4.6900,9763200
20131115,4.6800,4.8800,4.6700,4.7600,11892000
20131118,4.6700,4.7000,4.5500,4.6300,6774300
20131119,4.6300,4.6800,4.5800,4.6700,4027600
20131120,4.7500,4.7800,4.6000,4.6000,7045800
20131121,4.7300,4.7700,4.7000,4.7500,5688700
20131122,4.8100,4.8400,4.7400,4.7500,10888700
20131125,4.6600,4.8200,4.6500,4.8100,5795800
20131126,4.5400,4.6600,4.5200,4.6300,5501900
20131127,4.5700,4.5900,4.4900,4.5900,3789500
20131128,4.6100,4.6400,4.5300,4.5800,4348400
20131129,4.5500,4.6200,4.5400,4.6100,3158400
20131202,4.3000,4.4700,4.1800,4.4700,6755000
20131203,4.3900,4.3900,4.2700,4.2800,2174100
20131204,4.4300,4.4600,4.3600,4.4000,3484000
20131205,4.4300,4.4600,4.4000,4.4200,2490300
20131206,4.4500,4.4500,4.4000,4.4200,2210600
20131209,4.5100,4.5300,4.4300,4.4500,2652000
20131210,4.4500,4.5400,4.4300,4.5400,2672800
20131211,4.3400,4.4600,4.3100,4.4600,3189200
20131212,4.3800,4.4000,4.3300,4.3400,1506100
20131213,4.3700,4.4000,4.3400,4.3700,1577900
20131216,4.3100,4.3800,4.2800,4.3700,1741500
20131217,4.2800,4.3300,4.2300,4.3100,1602600
20131218,4.2600,4.3000,4.2400,4.2800,1609500
20131219,4.2500,4.2900,4.2400,4.2900,1164100
20131220,4.2100,4.2700,4.1800,4.2500,1425800
20131223,4.1300,4.2200,4.1200,4.2100,2258400
20131224,4.1600,4.1900,4.1100,4.1200,2655700
20131225,4.1700,4.1700,4.1200,4.1300,2172800
20131226,4.0700,4.1600,4.0700,4.1600,1911800
20131227,4.1200,4.1500,4.0700,4.0700,1336900
20131230,4.1200,4.1600,4.1100,4.1300,1541200
20131231,4.1400,4.1600,4.1000,4.1300,1194000
20140101,4.1400,4.1400,4.1400,4.1400,0
20140102,4.2300,4.2400,4.1300,4.1400,3612700
20140103,4.1900,4.2200,4.1800,4.2200,1807000
20140106,4.1500,4.2200,4.1200,4.1700,2586100
20140107,4.2200,4.2300,4.1200,4.1500,2888300
20140108,4.2100,4.3100,4.1800,4.2200,1416700
20140109,4.1700,4.2300,4.1100,4.2100,1825500
20140110,4.2200,4.2700,4.1000,4.1700,2572700
20140113,4.2300,4.2400,4.1900,4.2200,1642800
20140114,4.2800,4.3600,4.1900,4.2400,5307000
20140115,4.2900,4.3200,4.2300,4.3000,2161500
20140116,4.2800,4.3200,4.2500,4.3000,1541200
20140117,4.2800,4.3400,4.1900,4.2500,5691600
20140120,4.2600,4.3200,4.1800,4.2600,5563400
20140121,4.4000,4.4500,4.2000,4.2700,10443200
20140122,4.4900,4.6300,4.3500,4.4000,20535700
20140123,4.4000,4.5200,4.2600,4.4700,13734500
20140124,4.3500,4.3800,4.2900,4.3300,5877000
20140127,4.2300,4.3600,4.2300,4.3100,4761700
20140128,4.1300,4.2500,4.1100,4.2000,4539900
20140129,4.1400,4.1500,4.0800,4.1300,2292200
20140130,4.1200,4.1600,4.1000,4.1300,1551400
20140131,4.1200,4.1200,4.1200,4.1200,0
20140203,4.1200,4.1200,4.1200,4.1200,0
20140205,4.1200,4.1200,4.1200,4.1200,0
20140206,4.1200,4.1200,4.1200,4.1200,0
20140207,4.1300,4.1500,4.0800,4.1300,2158200
20140210,4.2000,4.2100,4.1300,4.2000,3350100
20140211,4.2400,4.2500,4.1800,4.2000,4937200
20140212,4.2600,4.2900,4.2000,4.2400,3955000
20140213,4.2000,4.2800,4.2000,4.2600,4184500
20140214,4.2500,4.2500,4.1700,4.1900,3322300
20140217,4.3000,4.3000,4.2400,4.2700,4251900
20140218,4.3400,4.3600,4.2500,4.3000,6641800
20140219,4.3200,4.3600,4.2900,4.3300,3827600
20140220,4.2800,4.3400,4.2800,4.3300,4587900
20140221,4.2100,4.3000,4.1900,4.2900,3423200
20140224,4.1400,4.2100,4.0800,4.2100,3719400
20140225,4.0300,4.1600,3.9900,4.1100,3717300
