20130226,4.6500,4.7700,4.4800,4.5700,19063200
20130227,4.6800,4.8000,4.6300,4.6300,15354900
20130228,4.6800,4.7200,4.5600,4.6000,11808400
20130301,4.8300,4.8600,4.7200,4.7300,21734800
20130304,4.6600,4.8100,4.5800,4.8000,16423800
20130305,4.7900,4.9900,4.5200,4.6600,17234300
20130306,4.8500,4.9200,4.7100,4.8100,15236100
20130307,5.1100,5.1200,4.8700,4.8700,42596600
20130308,5.0100,5.1900,4.9800,5.1900,16761900
20130311,4.9500,5.1000,4.9000,5.0100,10609600
20130312,4.8100,4.9900,4.7100,4.9500,8917900
20130313,4.8300,4.8900,4.7100,4.8000,8209600
20130314,4.8000,4.9700,4.7700,4.8300,9984900
20130315,4.7100,4.8900,4.6800,4.7800,15086800
20130318,4.4400,4.7600,4.3900,4.7600,18019300
20130319,4.4400,4.4800,4.3900,4.4500,8065500
20130320,4.6000,4.6300,4.4300,4.4500,11786100
20130321,4.5700,4.6400,4.5400,4.6300,7522300
20130322,4.5700,4.6300,4.5300,4.5500,5363400
20130325,4.6200,4.6300,4.5500,4.5600,7232700
20130326,4.5100,4.6200,4.4700,4.6000,7040600
20130327,4.5600,4.6500,4.4900,4.5100,10171000
20130328,4.4600,4.5300,4.3800,4.5300,9590600
20130329,4.3700,4.4800,4.3200,4.4500,11218300
20130401,4.4900,4.7000,4.3200,4.3400,12987000
20130402,4.4800,4.5600,4.4400,4.4600,7747300
20130403,4.3500,4.5200,4.3000,4.4900,7001900
20130404,4.3500,4.3500,4.3500,4.3500,0
20130405,4.3500,4.3500,4.3500,4.3500,0
20130408,4.3500,4.4700,4.1600,4.3300,10404700
20130409,4.5000,4.5300,4.3600,4.3600,13893000
20130410,4.3400,4.4100,4.2700,4.4000,12913200
20130411,4.3100,4.4200,4.2500,4.3400,9335500
20130412,4.3100,4.4000,4.2700,4.3100,6282400
20130415,4.2200,4.3100,4.2100,4.3100,6352500
20130416,4.3200,4.3600,4.1300,4.2000,7260600
20130417,4.4100,4.4200,4.2600,4.3100,8423900
20130418,4.4900,4.5000,4.3600,4.4100,9915000
20130419,4.5300,4.6000,4.5000,4.5200,8309200
20130422,4.4700,4.5000,4.4400,4.4900,4381000
20130423,4.3300,4.5000,4.3200,4.4900,4345400
20130424,4.4200,4.4800,4.3000,4.3800,4011100
20130425,4.3600,4.4500,4.3500,4.4000,4095200
20130426,4.3700,4.4000,4.2500,4.3500,6035700
20130429,4.3700,4.3700,4.3700,4.3700,0
20130430,4.3700,4.3700,4.3700,4.3700,0
20130501,4.3700,4.3700,4.3700,4.3700,0
20130502,4.4200,4.4300,4.3200,4.3600,3943200
20130503,4.5700,4.5900,4.4200,4.4300,8996200
20130506,4.6400,4.7000,4.6100,4.6400,8177900
20130507,4.6700,4.6700,4.5800,4.6500,6370000
20130508,4.6300,4.7000,4.5900,4.6800,5840600
20130509,4.6900,4.6900,4.6000,4.6000,7603400
20130510,4.7000,4.8100,4.6600,4.7200,11094200
20130513,4.6600,4.7500,4.5800,4.6800,7965000
20130514,4.6600,4.7000,4.5600,4.6400,6883300
20130515,4.7200,4.7600,4.5600,4.6700,7253100
20130516,4.7100,4.7300,4.6200,4.7200,8147200
20130517,4.7700,4.7800,4.6500,4.7000,10907200
20130520,4.7900,4.8100,4.7000,4.7400,10127200
20130521,4.7700,4.7900,4.7200,4.7900,7782800
20130522,4.8600,4.9800,4.8100,4.8400,26360600
20130523,4.6900,4.8700,4.6400,4.8700,14457600
20130524,4.6500,4.7100,4.5700,4.6800,11596600
20130527,4.7100,4.7400,4.6200,4.7400,9755100
20130528,4.7300,4.7600,4.6500,4.6900,7727700
20130529,4.7300,4.8100,4.7100,4.8100,5536700
20130530,4.6800,4.7500,4.6200,4.7500,10594300
20130531,4.6100,4.6800,4.6000,4.6800,6421800
20130603,4.6100,4.6700,4.5400,4.6100,9013500
20130604,4.5500,4.6100,4.5400,4.6100,4458700
20130605,4.5500,4.5700,4.4900,4.5300,5801500
20130606,4.4500,4.5900,4.4200,4.5900,6648300
20130607,4.3400,4.4800,4.2500,4.4400,6752700
20130610,4.3400,4.3400,4.3400,4.3400,0
20130611,4.3400,4.3400,4.3400,4.3400,0
20130612,4.3400,4.3400,4.3400,4.3400,0
20130613,4.1000,4.3000,4.0900,4.3000,7081500
20130614,4.3000,4.3300,4.1200,4.1300,9261800
20130617,4.3100,4.3300,4.2400,4.3200,7230000
20130618,4.3100,4.3300,4.1600,4.3000,7245200
20130619,4.2800,4.3100,4.2000,4.2800,3648500
20130620,4.2300,4.2900,4.1800,4.2500,3645900
20130621,4.1300,4.2500,4.0600,4.2500,7521100
20130624,3.8400,4.1100,3.7800,4.1100,6430600
20130625,3.9200,3.9600,3.4800,3.8000,7399500
20130626,3.8600,3.9600,3.7800,3.9200,5346900
20130627,3.7300,3.8900,3.7300,3.8200,5790600
20130628,3.6600,3.7800,3.6400,3.7000,5323000
20130701,3.7200,3.7600,3.6300,3.6600,3851300
20130702,3.7000,3.7300,3.5400,3.7200,10965400
20130703,3.6400,3.6900,3.5200,3.6900,11977500
20130704,3.7200,3.7500,3.5600,3.5800,8346800
20130705,3.7800,3.8100,3.7000,3.7300,5768100
20130708,3.6600,3.7900,3.6000,3.7300,4631600
20130709,3.9300,4.0100,3.8400,3.8400,17759600
20130710,4.0800,4.1000,3.8500,3.8700,13739600
20130711,4.0700,4.1800,4.0200,4.0500,16939100
20130712,4.0700,4.1300,4.0300,4.0800,8879200
20130715,4.0400,4.1000,3.9900,4.0600,10485700
20130716,4.0300,4.0800,4.0000,4.0200,7825700
20130717,3.9700,4.0400,3.9200,4.0300,6847400
20130718,4.0400,4.0500,3.9900,4.0200,7120400
20130719,3.9100,4.0900,3.8700,4.0300,8021500
20130722,3.9600,3.9700,3.8200,3.8900,5560800
20130723,4.0700,4.0800,3.9300,3.9300,6490300
20130724,4.0900,4.1300,4.0200,4.0700,8020800
20130725,4.0300,4.1200,4.0300,4.0700,6096600
20130726,4.1000,4.1200,4.0100,4.0300,7543300
20130729,4.0400,4.1000,4.0000,4.1000,5101100
20130730,4.0200,4.0700,3.9900,4.0400,3169100
20130731,4.1100,4.1300,4.0000,4.0400,6382100
20130801,4.2100,4.2500,4.0800,4.1100,20621000
20130802,4.2100,4.2500,4.1500,4.2200,9598800
20130805,4.3200,4.3400,4.1600,4.1600,14575000
20130806,4.3900,4.4100,4.3100,4.3500,16264300
20130807,4.3500,4.4000,4.3000,4.4000,5934300
20130808,4.3600,4.3900,4.2900,4.3500,8164600
20130809,4.4000,4.4700,4.3200,4.3700,12465500
20130812,4.4600,4.4800,4.3300,4.4100,13686300
20130813,4.5000,4.5500,4.4400,4.5500,21353900
20130814,4.5100,4.5400,4.4400,4.5000,17497800
20130815,4.5200,4.5800,4.4800,4.5200,18241100
20130816,4.5000,4.6000,4.4200,4.4900,24324300
20130819,4.4500,4.4900,4.3100,4.4900,10458200
20130820,4.4600,4.5500,4.4100,4.4400,6840500
20130821,4.5600,4.5700,4.4600,4.5700,12537800
20130822,4.5700,4.5900,4.4700,4.5800,12620900
20130823,4.4800,4.5700,4.4500,4.5600,8137000
20130826,4.4500,4.5100,4.4400,4.4900,13879300
20130827,4.4200,4.4900,4.4000,4.4600,7972700
20130828,4.4700,4.5200,4.3600,4.3800,10882000
20130829,4.4400,4.5000,4.4100,4.4700,5334100
20130830,4.2500,4.4700,4.2400,4.4500,16033200
20130902,4.3000,4.3900,4.2500,4.2800,9772800
20130903,4.3400,4.3600,4.3000,4.3100,5682700
20130904,4.3400,4.3700,4.3300,4.3700,4643600
20130905,4.4100,4.4600,4.3400,4.3800,12927700
20130906,4.4500,4.4800,4.4200,4.4200,15053500
20130909,4.5600,4.6200,4.4500,4.4500,30473500
20130910,4.8500,4.9500,4.5600,4.6000,43936000
20130911,4.8600,4.8800,4.7400,4.8600,19744900
20130912,4.8200,4.9200,4.7700,4.8400,19969000
20130913,4.9000,4.9100,4.7300,4.7900,23559600
20130916,4.9000,5.0300,4.8800,4.9000,15998000
20130917,4.7800,4.9300,4.7500,4.9000,12825100
20130918,4.8200,4.8700,4.7200,4.8000,12564300
20130920,4.8200,4.8200,4.8200,4.8200,0
20130923,4.8200,4.8900,4.7600,4.8000,14146200
20130924,4.7100,4.8300,4.6500,4.8200,14905100
20130925,4.6100,4.7000,4.5400,4.7000,12158100
20130926,4.5300,4.6300,4.4700,4.6300,10138100
20130927,4.5300,4.5600,4.4600,4.5300,4113300
20130930,4.5200,4.5700,4.4900,4.5400,5005400
20131001,4.5200,4.5200,4.5200,4.5200,0
20131002,4.5200,4.5200,4.5200,4.5200,0
20131003,4.5200,4.5200,4.5200,4.5200,0
20131004,4.5200,4.5200,4.5200,4.5200,0
20131007,4.5200,4.5200,4.5200,4.5200,0
20131008,4.6400,4.6600,4.4900,4.5100,6550300
20131009,4.7900,4.8100,4.5800,4.6300,12781800
20131010,4.8600,4.9200,4.7600,4.8800,24501100
20131011,4.8700,4.9500,4.8300,4.8600,21458300
20131014,4.8200,4.9000,4.8000,4.8900,14560300
20131015,4.8200,4.8500,4.7500,4.8200,11860400
20131016,4.7400,4.8200,4.7200,4.8200,8616400
20131017,4.8900,4.9100,4.7200,4.7800,21343700
20131018,5.0100,5.3200,4.9200,5.1000,38499600
20131021,5.0300,5.0500,4.8800,5.0000,24135600
20131022,4.9600,5.0400,4.9200,5.0000,17792700
20131023,4.8600,4.9600,4.7200,4.9600,16608100
20131024,4.7600,4.8500,4.7100,4.8200,7567700
20131025,4.8400,4.8600,4.7500,4.7500,14693700
20131028,4.9000,4.9100,4.8200,4.8200,8561100
20131029,4.8400,4.9700,4.7100,4.9000,13987400
20131030,4.8200,4.8600,4.7600,4.8100,8698700
20131031,4.7600,4.8500,4.7300,4.8200,5134000
20131101,4.8800,4.8900,4.7600,4.8000,10422200
20131104,4.8800,4.9300,4.8300,4.9200,7729200
20131105,4.8800,4.9500,4.8400,4.8600,9895700
20131106,4.7900,4.9100,4.7700,4.9000,8508800
20131107,4.7100,4.8200,4.7000,4.7900,7496700
20131108,4.7400,4.8200,4.7100,4.7500,8438600
20131111,4.8000,4.8200,4.7200,4.7200,4015700
20131112,4.7900,4.8200,4.7200,4.8200,3563500
20131113,4.7100,4.7900,4.7000,4.7900,4126100
20131114,4.7700,4.7800,4.7100,4.7100,3048500
20131115,4.8300,4.8900,4.7700,4.7800,7626700
20131118,4.8800,4.9000,4.8300,4.8500,8567500
20131119,4.8500,4.8800,4.8100,4.8800,7294800
20131120,4.9000,4.9100,4.8400,4.8500,8370300
20131121,4.8100,4.8900,4.8000,4.8900,6174200
20131122,4.8200,4.8700,4.7900,4.8100,5502000
20131125,4.8200,4.8300,4.7100,4.8100,6309600
20131126,4.7900,4.8200,4.7500,4.8100,4163800
20131127,4.7700,4.7900,4.7300,4.7900,6152400
20131128,4.8400,4.9000,4.7800,4.8000,10262700
20131129,4.8600,4.9300,4.8300,4.8400,8913000
20131202,4.8100,4.8900,4.7000,4.8100,11764500
20131203,4.9200,4.9500,4.8300,4.8900,23480200
20131204,4.9800,5.2500,4.9200,4.9400,41700400
20131205,4.9700,5.0400,4.9000,4.9200,15119400
20131206,4.9700,5.0000,4.9200,4.9600,11617200
20131209,4.9600,5.0400,4.9200,4.9700,10693800
20131210,4.9000,5.0000,4.8600,4.9500,12022200
20131211,4.9000,4.9400,4.8000,4.8900,12433400
20131212,4.9000,4.9100,4.8400,4.8800,5658100
20131213,4.8900,5.0300,4.8400,4.8800,10890600
20131216,4.8700,4.9700,4.8400,4.8800,6267000
20131217,4.9300,4.9600,4.8300,4.8700,10052100
20131218,4.9800,4.9900,4.8800,4.9900,10956600
20131219,4.8500,4.9800,4.8400,4.9800,6331100
20131220,4.7900,4.8900,4.6300,4.8600,16423000
20131223,4.7500,4.7600,4.6800,4.7500,4806200
20131224,4.7400,4.7900,4.6900,4.7500,5127600
20131225,4.7400,4.7500,4.6900,4.7200,3386100
20131226,4.6600,4.7400,4.6000,4.7400,8353900
20131227,4.6600,4.6700,4.6000,4.6100,5693500
20131230,4.6500,4.6800,4.5900,4.6800,5213600
20131231,4.6500,4.6600,4.6000,4.6300,2755200
20140101,4.6500,4.6500,4.6500,4.6500,0
20140102,4.6300,4.6500,4.5900,4.6400,4826300
20140103,4.5000,4.6300,4.5000,4.6100,7706600
20140106,4.4100,4.5800,4.4000,4.5200,5345500
20140107,4.4000,4.4400,4.3500,4.3900,3149500
20140108,4.3900,4.4700,4.2700,4.4200,7587500
20140109,4.3600,4.4200,4.3100,4.3900,3770100
20140110,4.4200,4.5200,4.4100,4.4200,10323600
20140113,4.4200,4.4500,4.3300,4.4200,6822100
20140114,4.4500,4.4800,4.3700,4.4400,4599000
20140115,4.4700,4.5000,4.4400,4.4600,4755200
20140116,4.4000,4.5100,4.3500,4.4700,6160800
20140117,4.4100,4.4900,4.3800,4.3800,5327400
20140120,4.4300,4.4400,4.3500,4.4100,4511700
20140121,4.4400,4.4600,4.4000,4.4000,5464700
20140122,4.4800,4.4900,4.3900,4.4200,11985600
20140123,4.4600,4.4800,4.4300,4.4800,7077100
20140124,4.4500,4.4900,4.4200,4.4500,8337200
20140127,4.4400,4.4600,4.4000,4.4300,8510000
20140128,4.4300,4.4500,4.3500,4.4400,7609300
20140129,4.4200,4.4400,4.3700,4.4300,4990600
20140130,4.3900,4.4300,4.3100,4.3900,4315300
20140131,4.3900,4.3900,4.3900,4.3900,0
20140203,4.3900,4.3900,4.3900,4.3900,0
20140205,4.3900,4.3900,4.3900,4.3900,0
20140206,4.3900,4.3900,4.3900,4.3900,0
20140207,4.3800,4.3900,4.3300,4.3500,6084000
20140210,4.4900,4.4900,4.3600,4.3900,10828000
20140211,4.6300,4.6700,4.5400,4.5400,18992900
20140212,4.5900,4.6400,4.5300,4.6300,11763700
20140213,4.5700,4.6400,4.5400,4.6300,8292700
20140214,4.7200,4.7700,4.5600,4.5800,20887300
20140217,4.7800,4.8300,4.7000,4.7100,17009800
20140218,4.7700,4.8200,4.7300,4.7900,9355100
20140219,4.7400,4.8200,4.7000,4.7600,10146900
20140220,4.6400,4.7900,4.6200,4.7500,9093900
20140221,4.5900,4.6500,4.5300,4.6400,6310200
20140224,4.5100,4.5800,4.4800,4.5700,6737100
20140225,4.4300,4.5500,4.4000,4.5200,11793900
