20130226,7.9300,8.2100,7.9000,8.0900,10628400
20130227,7.9300,8.1200,7.8000,7.9700,6848900
20130228,7.9500,7.9600,7.7100,7.9000,11928300
20130301,8.2600,8.4400,7.8800,7.9200,17387600
20130304,8.2300,8.7800,8.1100,8.2000,25885300
20130305,8.6600,8.8500,8.0300,8.2200,21061800
20130306,8.6800,9.0200,8.5300,8.5800,21287800
20130307,8.3700,8.6400,8.2000,8.6000,12041100
20130308,8.2900,8.4400,8.2500,8.3000,4706400
20130311,8.3400,8.5000,8.2600,8.3000,4892100
20130312,8.0000,8.4500,7.8400,8.4000,9145100
20130313,7.7400,7.9800,7.6200,7.9100,5097500
20130314,7.7500,7.9000,7.7100,7.7500,3387600
20130315,7.8000,7.9700,7.7300,7.7600,4897700
20130318,8.0600,8.0700,7.7700,7.8000,8561400
20130319,8.1500,8.1600,7.7800,8.0500,7397000
20130320,8.3000,8.3700,8.1200,8.1200,7070300
20130321,8.5800,8.7500,8.2400,8.3000,14401000
20130322,8.4700,8.5900,8.3500,8.5300,7167000
20130325,8.4300,8.7000,8.4000,8.4200,11021900
20130326,8.1000,8.3500,8.0900,8.3000,7920500
20130327,8.0300,8.2500,7.9800,8.1200,5257900
20130328,7.7800,7.9700,7.7600,7.9700,4555300
20130329,7.8700,7.9200,7.7900,7.8000,3111100
20130401,8.0400,8.0500,7.8100,7.8100,3304200
20130402,7.8900,8.1200,7.8700,8.0800,3106700
20130403,7.8300,8.0200,7.7700,7.8900,2771400
20130404,7.8300,7.8300,7.8300,7.8300,0
20130405,7.8300,7.8300,7.8300,7.8300,0
20130408,7.7500,7.7900,7.4700,7.7000,3796200
20130409,7.8300,7.8800,7.7200,7.7600,2657600
20130410,7.6000,7.8500,7.5200,7.8500,3107100
20130411,7.5800,7.7200,7.5500,7.6600,2337700
20130412,7.4100,7.6100,7.4100,7.5500,2326600
20130415,7.3700,7.4500,7.3400,7.4100,1489800
20130416,7.5000,7.5000,7.2600,7.3000,1888500
20130417,7.5600,7.6000,7.4900,7.5000,1941700
20130418,7.6500,7.7300,7.4500,7.5000,2899400
20130419,7.7900,7.8000,7.5800,7.6000,4057400
20130422,7.7500,7.7800,7.6500,7.7500,3294800
20130423,7.5100,7.7500,7.5000,7.7400,3310800
20130424,7.6500,7.6900,7.5000,7.5100,2797200
20130425,7.3800,7.6100,7.3500,7.6000,3327300
20130426,7.3200,7.4600,7.2900,7.4500,1959800
20130429,7.3200,7.3200,7.3200,7.3200,0
20130430,7.3200,7.3200,7.3200,7.3200,0
20130501,7.3200,7.3200,7.3200,7.3200,0
20130502,7.3700,7.3900,7.2300,7.3200,1197900
20130503,7.4500,7.5300,7.3700,7.3700,2027300
20130506,7.6100,7.6600,7.5000,7.5000,4271300
20130507,7.6700,7.7400,7.5600,7.5900,4052600
20130508,7.6500,7.7100,7.5900,7.6500,3044500
20130509,7.7400,7.7900,7.5800,7.6600,5612200
20130510,7.8100,7.9200,7.7100,7.7100,4909100
20130513,7.7200,7.8500,7.6600,7.7800,2876400
20130514,7.5300,7.7100,7.4800,7.7100,3069900
20130515,7.6100,7.6200,7.5200,7.5400,1997400
20130516,7.6600,7.6700,7.4600,7.5700,4060800
20130517,7.7300,7.7500,7.6100,7.6500,4097800
20130520,7.8700,7.8900,7.7100,7.7400,5639800
20130521,8.0600,8.1100,7.7800,7.8200,8830900
20130522,7.9500,8.0400,7.8900,8.0100,5472500
20130523,7.8600,8.0400,7.8200,7.9500,3906200
20130524,7.9100,7.9200,7.7300,7.7900,2285300
20130527,7.9600,8.0700,7.8900,7.9100,3942700
20130528,8.0300,8.0500,7.8600,7.9800,4853100
20130529,8.0200,8.1100,7.9600,8.0500,4717500
20130530,7.9400,8.0200,7.8600,8.0100,4413600
20130531,8.0300,8.0800,7.8700,7.9400,7501400
20130603,7.9100,8.0600,7.9000,8.0500,5873500
20130604,7.9700,8.1400,7.9100,7.9200,7659600
20130605,7.9000,7.9800,7.8100,7.9600,4136800
20130606,7.6300,7.8900,7.5900,7.8500,4010200
20130607,7.4400,7.6700,7.4000,7.6300,3674500
20130610,7.4400,7.4400,7.4400,7.4400,0
20130611,7.4400,7.4400,7.4400,7.4400,0
20130612,7.4400,7.4400,7.4400,7.4400,0
20130613,7.2100,7.4300,7.1000,7.4300,2421800
20130614,7.3200,7.3400,7.2000,7.2600,2229900
20130617,7.3600,7.4500,7.2800,7.3800,2100800
20130618,7.4200,7.5400,7.2000,7.3600,2988700
20130619,7.4100,7.4800,7.2900,7.4000,3066400
20130620,7.2200,7.4300,7.2100,7.3800,1976200
20130621,7.1700,7.1900,6.9000,7.1300,1969400
20130624,6.6500,7.1600,6.4500,7.1600,2918400
20130625,6.5100,6.7000,6.1100,6.6000,3775800
20130626,6.6200,6.6300,6.4300,6.4900,3299500
20130627,6.6300,6.8800,6.6300,6.6700,4880000
20130628,6.6100,6.7800,6.4600,6.5900,2723800
20130701,6.7400,6.7800,6.5200,6.5900,2010900
20130702,6.8400,6.8500,6.6700,6.6900,2674100
20130703,6.7000,6.8100,6.5900,6.8100,2290500
20130704,6.7300,6.8100,6.6200,6.6700,2409800
20130705,6.6900,6.8000,6.6800,6.7200,2757400
20130708,6.2600,6.5800,6.2500,6.5800,2664800
20130709,6.3200,6.3700,6.2400,6.2900,1457200
20130710,6.5600,6.5700,6.2700,6.3300,2442800
20130711,6.7500,6.8200,6.5300,6.5900,4074000
20130712,6.6800,6.8600,6.6600,6.7500,3357100
20130715,6.8000,6.8200,6.7000,6.8000,3094300
20130716,6.9000,6.9300,6.7400,6.8000,3206200
20130717,7.0000,7.0800,6.8200,6.8300,5798900
20130718,7.0300,7.1300,6.8900,6.9600,4126100
20130719,6.9500,7.1300,6.8900,6.9900,4765800
20130722,7.1800,7.2000,6.8100,6.9000,7481200
20130723,7.4000,7.4600,7.1500,7.1800,8796900
20130724,7.4500,7.6500,7.2100,7.6500,10856000
20130725,7.1000,7.4700,7.0900,7.4200,5090100
20130726,7.1600,7.2900,7.0100,7.1000,5122600
20130729,7.1200,7.2100,7.0100,7.0900,6481000
20130730,7.1700,7.2400,7.0300,7.1600,7884500
20130731,7.2300,7.3100,7.1500,7.2000,6634700
20130801,7.4000,7.4300,7.2700,7.3300,7271700
20130802,7.2800,7.4400,7.2200,7.3700,6182700
20130805,7.3300,7.3500,7.2600,7.2800,3835500
20130806,7.3400,7.3600,7.2500,7.3500,4291600
20130807,7.3200,7.4800,7.1800,7.3300,7266000
20130808,7.2600,7.3700,7.2200,7.2700,3767200
20130809,7.2900,7.3200,7.1700,7.2600,3092300
20130812,7.4200,7.5200,7.3800,7.3800,6613500
20130813,7.4300,7.5000,7.4200,7.4700,3684600
20130814,7.3600,7.4600,7.3100,7.4500,3454600
20130815,7.2800,7.3900,7.2800,7.3700,2726300
20130816,7.1000,7.4200,7.0900,7.2300,4183500
20130819,7.1800,7.2000,7.0100,7.0600,2585100
20130820,7.0400,7.2100,7.0000,7.1500,3539200
20130821,7.0900,7.1300,7.0100,7.0700,2179400
20130822,7.0500,7.1000,7.0200,7.0600,1989700
20130823,6.9900,7.1200,6.9200,7.0900,2566300
20130826,7.1400,7.1400,6.9900,7.0200,2608800
20130827,7.1200,7.1400,7.0700,7.1400,2911900
20130828,7.0600,7.1100,7.0100,7.0900,3138900
20130829,7.0600,7.1200,6.9900,7.0600,2381000
20130830,7.0200,7.1000,7.0100,7.0700,3053000
20130902,7.1300,7.1400,6.9300,7.0200,3801900
20130903,7.2900,7.3500,7.1500,7.1600,8019600
20130904,7.2400,7.3000,7.1800,7.2500,3511500
20130905,7.2600,7.3100,7.1900,7.2300,3360800
20130906,7.2800,7.3700,7.2000,7.2500,3827700
20130909,7.3200,7.4000,7.2200,7.2700,5942200
20130910,7.3400,7.3900,7.2800,7.3700,4726000
20130911,7.3100,7.3600,7.2600,7.3500,5244000
20130912,7.5900,7.6100,7.2500,7.2800,12631300
20130913,7.6900,7.7400,7.4400,7.5400,14537000
20130916,7.7600,7.8000,7.5800,7.7000,13339700
20130917,7.5100,7.9200,7.5000,7.7400,11476600
20130918,7.5400,7.6500,7.4500,7.5100,3592200
20130920,7.5400,7.5400,7.5400,7.5400,0
20130923,7.7100,7.7200,7.5400,7.5800,4693900
20130924,7.6300,7.7400,7.5800,7.7000,4038800
20130925,7.4900,7.6700,7.4300,7.6200,4629500
20130926,7.3900,7.5500,7.3600,7.4800,3321800
20130927,7.4200,7.4600,7.3700,7.3700,1812100
20130930,7.5900,7.6100,7.4000,7.4000,3165900
20131001,7.5900,7.5900,7.5900,7.5900,0
20131002,7.5900,7.5900,7.5900,7.5900,0
20131003,7.5900,7.5900,7.5900,7.5900,0
20131004,7.5900,7.5900,7.5900,7.5900,0
20131007,7.5900,7.5900,7.5900,7.5900,0
20131008,7.6400,7.6800,7.5200,7.5800,3365900
20131009,7.6900,7.7400,7.5800,7.6000,4652500
20131010,7.6100,7.7100,7.5900,7.6900,3517800
20131011,7.9000,7.9100,7.6200,7.6200,10907400
20131014,7.9900,8.1300,7.8500,7.8500,9539000
20131015,7.9400,8.1300,7.8800,8.0000,6602900
20131016,7.9000,7.9800,7.7200,7.9200,5248600
20131017,8.6900,8.6900,8.0800,8.0900,16743000
20131018,8.3700,8.8900,8.2800,8.8900,19934100
20131021,8.6300,8.8600,8.2100,8.2500,18007500
20131022,8.8000,9.0400,8.5800,8.6300,20408700
20131023,8.5100,8.8800,8.3700,8.7600,10246200
20131024,8.4400,8.6100,8.3500,8.4000,4713400
20131025,8.5200,8.8300,8.3700,8.5100,9337500
20131028,8.3300,8.6100,8.2000,8.5600,6534200
20131029,7.9200,8.4000,7.5600,8.3600,9232300
20131030,7.9600,8.0200,7.5500,7.7600,7426200
20131031,7.7500,7.9600,7.7500,7.8600,4006800
20131101,7.7500,7.8200,7.6500,7.8000,3170500
20131104,7.9500,8.0500,7.7600,7.7600,4927000
20131105,8.0300,8.0700,7.8200,7.9500,3873100
20131106,7.9800,8.2400,7.9500,8.0300,5513100
20131107,8.0400,8.1600,7.9200,7.9200,3723100
20131108,7.9500,8.1200,7.8400,8.0400,3471300
20131111,8.1300,8.1700,7.9400,8.0400,5278600
20131112,8.0200,8.1200,7.8500,8.1000,5551400
20131113,7.8400,8.0200,7.7700,8.0000,4367500
20131114,7.8200,7.8800,7.6700,7.8000,3850200
20131115,8.0100,8.1600,7.7900,7.8000,6520800
20131118,8.1700,8.1900,8.0200,8.1200,6007200
20131119,8.3300,8.4000,8.1100,8.1800,8060100
20131120,8.3500,8.3900,8.2600,8.3300,5508300
20131121,8.3300,8.3400,8.2300,8.3300,4662600
20131122,8.3500,8.4900,8.3000,8.3300,3913700
20131125,8.4100,8.5400,8.2200,8.3000,5632300
20131126,8.2300,8.4300,8.2200,8.4100,4610200
20131127,8.3600,8.3600,8.2200,8.2400,4182200
20131128,8.3600,8.4400,8.3000,8.3600,4491800
20131129,8.4800,8.5300,8.3300,8.3700,6002300
20131202,8.2900,8.4200,7.9300,8.2800,7527200
20131203,8.4800,8.4900,8.2000,8.2000,4643900
20131204,8.5300,8.6300,8.4500,8.4800,7571000
20131205,8.8000,9.1300,8.4800,8.5000,14480600
20131206,8.7500,9.0000,8.6600,8.7900,5831200
20131209,9.1500,9.1800,8.8400,9.0000,13246000
20131210,9.1400,9.3500,9.0200,9.1600,9992000
20131211,9.0500,9.2400,8.8300,9.1100,7416100
20131212,8.9800,9.1400,8.9100,9.0000,3821200
20131213,9.0300,9.1300,8.8800,8.9100,3337900
20131216,8.6600,9.0300,8.6100,8.9600,4425600
20131217,8.6400,8.8000,8.6100,8.7300,2302800
20131218,8.7600,8.8600,8.6000,8.6400,2696900
20131219,8.5700,8.8700,8.4600,8.7600,4840700
20131220,8.6500,8.6500,8.4000,8.5300,3962700
20131223,8.4900,8.7000,8.4500,8.6500,2501800
20131224,8.5300,8.6300,8.4600,8.4900,2431300
20131225,8.7400,8.7700,8.5300,8.5700,3785700
20131226,8.3200,8.7800,8.2800,8.7400,5576300
20131227,8.4100,8.4900,8.2800,8.3100,3165000
20131230,8.4300,8.5200,8.3300,8.4800,2775700
20131231,8.4200,8.4500,8.2100,8.3800,2875900
20140101,8.4200,8.4200,8.4200,8.4200,0
20140102,8.4800,8.5000,8.3400,8.4200,2223300
20140103,8.5300,8.5900,8.2900,8.4800,4525200
20140106,8.0600,8.5200,7.9800,8.5200,6291500
20140107,7.9200,8.1000,7.8800,7.9700,3126000
20140108,7.9200,8.0400,7.8500,7.9300,3682800
20140109,7.7300,7.9700,7.6800,7.9000,2780100
20140110,7.4500,7.7400,7.4300,7.7100,4517100
20140113,7.3700,7.5000,7.3300,7.4500,2579500
20140114,7.5200,7.5300,7.3600,7.4100,1976700
20140115,7.5200,7.5400,7.4000,7.5200,2094900
20140116,7.5600,7.6600,7.5200,7.5900,2829000
20140117,7.3600,7.5100,7.3600,7.5100,1838500
20140120,7.3400,7.4600,7.3000,7.3300,1473600
20140121,7.4900,7.5200,7.3400,7.3500,1668600
20140122,7.7800,7.8300,7.4700,7.5000,4646600
20140123,7.7700,7.8200,7.7300,7.7800,1879200
20140124,7.8600,7.9300,7.7200,7.7700,2571500
20140127,7.7200,7.8300,7.7100,7.8000,2033600
20140128,7.6900,7.7800,7.6200,7.7200,2723800
20140129,7.7000,7.7300,7.6200,7.6800,3148800
20140130,7.6600,7.7300,7.6300,7.6900,1794800
20140131,7.6600,7.6600,7.6600,7.6600,0
20140203,7.6600,7.6600,7.6600,7.6600,0
20140205,7.6600,7.6600,7.6600,7.6600,0
20140206,7.6600,7.6600,7.6600,7.6600,0
20140207,7.8200,7.8600,7.6600,7.6600,2980000
20140210,7.9900,8.0200,7.8300,7.8400,4799600
20140211,8.1000,8.3300,7.9600,8.0000,7042300
20140212,8.2100,8.3200,8.1300,8.1900,6391100
20140213,8.0100,8.2100,8.0000,8.2000,5504000
20140214,8.1300,8.1600,8.0000,8.0000,5320900
20140217,8.3300,8.3400,8.1300,8.1700,5666200
20140218,8.2300,8.3500,8.1800,8.3400,6422700
20140219,8.2100,8.6000,8.1900,8.3000,12903300
20140220,8.0200,8.2500,7.9800,8.2200,8468800
20140221,8.0400,8.0800,7.9100,8.0300,5178800
20140224,7.9600,8.0200,7.8300,8.0200,5751500
20140225,7.6600,8.0000,7.6200,7.9500,6670600
