20130226,5.4500,5.6800,5.4300,5.5700,10905300
20130227,5.4600,5.5400,5.3600,5.4700,6811500
20130228,5.6200,5.6500,5.4600,5.4600,14009200
20130301,5.6300,5.6600,5.5200,5.6500,10003100
20130304,5.1700,5.5400,5.0800,5.5400,19764900
20130305,5.1400,5.2200,4.9800,5.1600,18989200
20130306,5.2000,5.2600,5.0900,5.1500,10190500
20130307,5.1500,5.2000,5.0900,5.1900,10350700
20130308,5.0600,5.1500,5.0400,5.1400,7046900
20130311,5.0700,5.1100,5.0100,5.0100,4453000
20130312,5.0200,5.1500,4.9700,5.0600,7025700
20130313,4.8800,5.0000,4.8100,5.0000,7516700
20130314,4.9000,4.9400,4.8500,4.8700,3852800
20130315,4.9600,5.0500,4.9200,4.9600,9085400
20130318,4.8600,4.9800,4.8400,4.9600,4751700
20130319,5.0200,5.0300,4.8300,4.8900,8168600
20130320,5.1500,5.1600,4.9700,5.0000,10644400
20130321,5.1200,5.2100,5.0900,5.1500,7702100
20130322,5.1700,5.3100,5.1200,5.1200,9521000
20130325,5.1400,5.2400,5.0800,5.1800,4223100
20130326,5.0500,5.1300,5.0300,5.1200,4835700
20130327,5.0300,5.1000,5.0000,5.0500,4664000
20130328,4.8700,5.0400,4.8400,5.0400,6845500
20130329,5.1000,5.1900,4.8700,4.8700,10876200
20130401,5.0600,5.1000,5.0200,5.1000,5829000
20130402,5.0200,5.1100,5.0000,5.0600,5028300
20130403,4.9300,5.0600,4.8800,5.0100,4704900
20130404,4.9300,4.9300,4.9300,4.9300,0
20130405,4.9300,4.9300,4.9300,4.9300,0
20130408,4.9300,4.9300,4.8100,4.8600,3263100
20130409,4.9400,5.0300,4.9200,4.9600,4191200
20130410,4.8900,4.9500,4.8500,4.8500,4619400
20130411,4.8800,4.9500,4.8700,4.9100,3092000
20130412,4.8300,4.9100,4.8100,4.8800,3476000
20130415,4.7700,4.8500,4.7500,4.8300,4282100
20130416,4.8900,4.9300,4.6800,4.6900,5003200
20130417,4.8600,4.9100,4.8100,4.8900,3196800
20130418,4.8700,4.8900,4.8000,4.8000,2867400
20130419,4.9400,4.9500,4.8700,4.8800,6517300
20130422,5.0200,5.1400,4.9800,5.0500,9168800
20130423,4.8000,5.0200,4.7900,4.9900,6524700
20130424,4.8600,4.8800,4.7700,4.8400,4310000
20130425,4.7100,4.8500,4.7100,4.8500,5318700
20130426,4.6600,4.7500,4.6400,4.7500,3340100
20130429,4.6600,4.6600,4.6600,4.6600,0
20130430,4.6600,4.6600,4.6600,4.6600,0
20130501,4.6600,4.6600,4.6600,4.6600,0
20130502,4.4300,4.5500,4.3800,4.5500,7018900
20130503,4.4600,4.5100,4.4300,4.4300,4848400
20130506,4.4900,4.5100,4.4400,4.4600,5525300
20130507,4.5600,4.5600,4.5000,4.5200,5692600
20130508,4.5400,4.6200,4.5200,4.5600,3717500
20130509,4.4300,4.5700,4.4100,4.5500,4758100
20130510,4.5000,4.5100,4.3900,4.4300,4451600
20130513,4.4600,4.5400,4.4400,4.4900,3082200
20130514,4.4500,4.4900,4.4300,4.4600,3857500
20130515,4.4600,4.4900,4.4300,4.4500,2891500
20130516,4.5700,4.5800,4.4300,4.4800,7954400
20130517,4.8200,5.0300,4.6200,4.6200,25408300
20130520,4.7800,4.8500,4.7000,4.7900,12004600
20130521,4.8400,4.8400,4.7400,4.7700,9584700
20130522,4.7900,4.8600,4.7400,4.8200,8183100
20130523,4.6700,4.8100,4.6700,4.8100,7302700
20130524,4.6700,4.7100,4.6300,4.6500,5426500
20130527,4.6900,4.7400,4.6500,4.6500,4499200
20130528,4.7800,4.7900,4.6700,4.7500,7866100
20130529,4.7700,4.8300,4.7600,4.7900,5180900
20130530,4.7900,4.8200,4.7300,4.7600,5436800
20130531,4.7400,4.8300,4.7200,4.7900,5968300
20130603,4.6100,4.6600,4.5800,4.6600,3174300
20130604,4.5000,4.6100,4.5000,4.6100,4166200
20130605,4.5100,4.5200,4.4800,4.5200,2497900
20130606,4.3700,4.5000,4.3300,4.4900,6443800
20130607,4.2600,4.3800,4.2400,4.3800,6640200
20130610,4.2600,4.2600,4.2600,4.2600,0
20130611,4.2600,4.2600,4.2600,4.2600,0
20130612,4.2600,4.2600,4.2600,4.2600,0
20130613,4.1200,4.2300,4.0600,4.2300,4313400
20130614,4.1800,4.1800,4.1300,4.1300,2976700
20130617,4.1800,4.2200,4.1200,4.1800,3124000
20130618,4.2700,4.2800,4.1500,4.1800,4738400
20130619,4.2600,4.2700,4.1800,4.2700,2940500
20130620,4.1200,4.2300,4.1100,4.2100,3216700
20130621,4.0700,4.1300,3.9900,4.1300,3859200
20130624,3.8000,4.0700,3.7200,4.0700,5082600
20130625,3.7500,3.8300,3.4200,3.7900,6053600
20130626,3.7600,3.7800,3.6800,3.7700,3187400
20130627,3.7400,3.8200,3.7300,3.7700,4004700
20130628,3.7500,3.8200,3.6600,3.7400,3392900
20130701,3.7100,3.7500,3.6200,3.7500,3402500
20130702,3.7200,3.7600,3.6700,3.7200,3234800
20130703,3.6500,3.7100,3.6100,3.7100,3720700
20130704,3.7100,3.7300,3.6200,3.6500,5105100
20130705,3.7200,3.7700,3.7000,3.7100,3785100
20130708,3.5400,3.6500,3.5300,3.6400,3691300
20130709,3.4900,3.5700,3.4500,3.5700,2942700
20130710,3.6100,3.6100,3.4600,3.5000,4533200
20130711,3.7600,3.7900,3.5700,3.6100,7497000
20130712,3.6800,3.8200,3.6700,3.8100,6255100
20130715,3.7200,3.7300,3.6500,3.6900,3737100
20130716,3.7500,3.7500,3.6700,3.7200,4854000
20130717,3.7300,3.7700,3.7000,3.7300,3569500
20130718,3.6400,3.7100,3.6000,3.7100,3910300
20130719,3.5500,3.6600,3.5400,3.6400,3910700
20130722,3.6500,3.6800,3.4800,3.5100,3924200
20130723,3.8500,3.9500,3.8100,3.8300,18386700
20130724,3.7800,3.8100,3.7200,3.8000,7835000
20130725,3.7300,3.8400,3.7200,3.8400,5294300
20130726,3.6800,3.7300,3.6400,3.7000,3869700
20130729,3.6000,3.6500,3.5600,3.6500,3334200
20130730,3.6300,3.6500,3.5500,3.5500,2261700
20130731,3.6500,3.7400,3.6300,3.6300,2522000
20130801,3.8700,3.8800,3.6700,3.6700,9652100
20130802,3.8500,3.9800,3.8200,3.9000,9781100
20130805,3.9100,3.9600,3.7900,3.8400,6190000
20130806,3.8400,3.8900,3.8100,3.8800,7817500
20130807,3.7900,3.8800,3.7700,3.8400,5821400
20130808,3.7800,3.8300,3.7700,3.8100,4215900
20130809,3.8600,3.8700,3.7800,3.8100,6764000
20130812,4.0000,4.0500,3.8400,3.8700,18837600
20130813,3.9600,4.0100,3.9500,4.0000,6555700
20130814,3.9300,4.0100,3.9100,3.9800,5432300
20130815,3.8600,3.9600,3.8500,3.9300,5200100
20130816,3.8000,3.9700,3.7900,3.8400,8537100
20130819,3.8400,3.8500,3.7600,3.8000,3755100
20130820,3.8200,3.8700,3.8000,3.8300,3955200
20130821,3.7900,3.8400,3.7700,3.8100,4471900
20130822,3.8800,3.8900,3.7800,3.7800,11981200
20130823,3.8000,3.9200,3.7400,3.9000,6923100
20130826,3.8600,3.8700,3.7500,3.8000,7390600
20130827,3.8800,3.9100,3.8400,3.8700,7472100
20130828,3.8300,3.8700,3.8000,3.8600,9723900
20130829,4.0100,4.0200,3.8700,3.9000,35771400
20130830,4.0500,4.3000,3.9900,4.1900,47119600
20130902,3.9700,4.1400,3.8500,4.1100,21212500
20130903,4.0100,4.0400,3.8900,3.9200,14425700
20130904,3.9400,4.0000,3.9300,3.9900,12456000
20130905,3.9200,3.9600,3.8900,3.9500,9456900
20130906,4.0400,4.0500,3.8900,3.9100,24365600
20130909,4.0600,4.1200,4.0000,4.0400,23481400
20130910,4.1800,4.3000,4.0100,4.0500,34868400
20130911,4.1300,4.2200,4.0600,4.2000,31650000
20130912,4.1300,4.1800,4.0700,4.1200,17707200
20130913,4.1400,4.2500,4.1000,4.1200,15200600
20130916,4.1100,4.1600,4.0900,4.1600,9750500
20130917,3.9900,4.1400,3.9700,4.1400,10582300
20130918,3.9900,4.0300,3.9500,3.9800,7502000
20130920,3.9900,3.9900,3.9900,3.9900,0
20130923,4.0500,4.0600,3.9600,4.0000,9612300
20130924,4.0000,4.0700,3.9900,4.0600,8128200
20130925,3.9200,4.0100,3.9100,4.0000,11552400
20130926,3.8200,3.9300,3.8200,3.9200,7830700
20130927,3.8000,3.8400,3.7900,3.8400,4389300
20130930,3.8400,3.9000,3.7900,3.8000,4929900
20131001,3.8400,3.8400,3.8400,3.8400,0
20131002,3.8400,3.8400,3.8400,3.8400,0
20131003,3.8400,3.8400,3.8400,3.8400,0
20131004,3.8400,3.8400,3.8400,3.8400,0
20131007,3.8400,3.8400,3.8400,3.8400,0
20131008,3.9100,3.9100,3.8200,3.8400,4982000
20131009,3.9100,3.9100,3.8600,3.9100,4703700
20131010,3.9500,3.9600,3.8700,3.9100,8530900
20131011,4.0000,4.0300,3.9400,3.9700,13740000
20131014,3.9700,4.0400,3.9500,4.0000,9510800
20131015,3.9700,4.0200,3.9200,4.0000,8812700
20131016,3.8600,3.9600,3.8400,3.9600,6999600
20131017,3.8700,3.9100,3.8500,3.8700,4405300
20131018,3.8700,3.9000,3.8400,3.8600,4185900
20131021,3.8800,3.8900,3.8000,3.8800,7563000
20131022,3.8600,3.9000,3.8300,3.8800,6387600
20131023,3.8300,3.9000,3.8200,3.8600,7753200
20131024,3.7900,3.8500,3.7600,3.8400,6162700
20131025,3.7400,3.8100,3.6900,3.8000,5453600
20131028,3.6900,3.7400,3.6600,3.7400,6121000
20131029,3.5800,3.7200,3.5200,3.7000,6418000
20131030,3.6600,3.6700,3.5700,3.5900,5186500
20131031,3.6800,3.7100,3.6300,3.6600,5353100
20131101,3.6700,3.7000,3.6200,3.6800,4508800
20131104,3.6500,3.6900,3.6400,3.6500,3289000
20131105,3.6800,3.7100,3.6000,3.6400,4909300
20131106,3.6400,3.6900,3.6300,3.6800,4223500
20131107,3.6100,3.6400,3.5900,3.6300,3567500
20131108,3.5500,3.6200,3.5400,3.6000,3369800
20131111,3.5500,3.5700,3.5100,3.5500,2747700
20131112,3.5900,3.5900,3.5400,3.5500,2824400
20131113,3.5300,3.5900,3.5300,3.5800,3070000
20131114,3.5500,3.5700,3.5200,3.5200,3087800
20131115,3.5900,3.6300,3.5400,3.5500,6394500
20131118,3.6700,3.6700,3.5900,3.6100,6340100
20131119,3.6900,3.7100,3.6400,3.6900,5998100
20131120,3.7200,3.7900,3.6700,3.6800,6738100
20131121,3.6700,3.7000,3.6500,3.6900,5737100
20131122,3.6400,3.6900,3.6400,3.6600,3966600
20131125,3.7200,3.7900,3.7100,3.7900,14595100
20131126,3.7300,3.7700,3.7000,3.7200,7318100
20131127,3.7000,3.7300,3.6700,3.7100,7381800
20131128,3.7200,3.7400,3.7000,3.7100,7013000
20131129,3.6900,3.7300,3.6900,3.7300,4489100
20131202,3.5400,3.6600,3.5100,3.6500,9367800
20131203,3.6100,3.6100,3.5200,3.5300,4435300
20131204,3.6400,3.6800,3.5800,3.6100,6919500
20131205,3.6500,3.6600,3.6100,3.6600,5867500
20131206,3.6300,3.6600,3.6000,3.6500,6280300
20131209,3.6600,3.6700,3.6000,3.6400,6266500
20131210,3.6700,3.6800,3.6400,3.6700,4969100
20131211,3.6200,3.6600,3.6000,3.6600,3861800
20131212,3.6000,3.6500,3.5800,3.6400,4443500
20131213,3.6600,3.6700,3.6000,3.6100,6250100
20131216,3.6100,3.7000,3.6100,3.6800,5109400
20131217,3.6000,3.6300,3.5700,3.6100,3456200
20131218,3.5900,3.6200,3.5800,3.5900,2278500
20131219,3.5500,3.6200,3.5400,3.6100,3609700
20131220,3.4900,3.5700,3.4900,3.5400,4483600
20131223,3.4900,3.5200,3.4500,3.5200,2854500
20131224,3.4900,3.5200,3.4700,3.5200,2693200
20131225,3.5000,3.5300,3.4900,3.5100,2248700
20131226,3.4400,3.5200,3.4300,3.5100,2817800
20131227,3.5300,3.5900,3.4400,3.4600,4085700
20131230,3.5200,3.5600,3.4900,3.5300,1601100
20131231,3.5400,3.5600,3.4900,3.5100,2127900
20140101,3.5400,3.5400,3.5400,3.5400,0
20140102,3.5300,3.5700,3.5100,3.5300,2450300
20140103,3.4800,3.5500,3.4700,3.5200,2343300
20140106,3.3900,3.4900,3.3700,3.4900,3753700
20140107,3.3900,3.4100,3.3700,3.3900,2113400
20140108,3.3800,3.4000,3.3700,3.4000,2375700
20140109,3.3200,3.3900,3.3100,3.3700,2652000
20140110,3.2300,3.3300,3.2100,3.3200,2764500
20140113,3.2400,3.2700,3.2200,3.2600,2171400
20140114,3.2700,3.2800,3.2200,3.2500,1463700
20140115,3.2900,3.2900,3.2400,3.2800,1871400
20140116,3.2700,3.3000,3.2600,3.2900,1502200
20140117,3.2200,3.3000,3.2100,3.2900,1804700
20140120,3.2100,3.2400,3.1700,3.2200,2492200
20140121,3.2300,3.2500,3.1900,3.2000,1856400
20140122,3.3400,3.3500,3.2200,3.2300,4029600
20140123,3.3500,3.4300,3.3100,3.3100,4502800
20140124,3.3800,3.4100,3.3400,3.3400,2773600
20140127,3.3300,3.3800,3.3200,3.3800,2748900
20140128,3.3200,3.3700,3.3100,3.3300,2183400
20140129,3.3300,3.3600,3.3100,3.3200,2133900
20140130,3.3300,3.4200,3.3300,3.3300,2511100
20140131,3.3300,3.3300,3.3300,3.3300,0
20140203,3.3300,3.3300,3.3300,3.3300,0
20140205,3.3300,3.3300,3.3300,3.3300,0
20140206,3.3300,3.3300,3.3300,3.3300,0
20140207,3.3500,3.3600,3.2700,3.2700,1915200
20140210,3.4100,3.4100,3.3600,3.3600,4514000
20140211,3.4200,3.4500,3.3900,3.4200,4844100
20140212,3.4300,3.4400,3.4000,3.4200,3611700
20140213,3.4000,3.4500,3.3900,3.4200,4043800
20140214,3.4300,3.4300,3.3900,3.4100,3801900
20140217,3.4800,3.4900,3.4400,3.4400,7026400
20140218,3.4300,3.4800,3.4000,3.4800,5497900
20140219,3.4800,3.4800,3.3800,3.4300,8208300
20140220,3.5800,3.6700,3.4500,3.4500,19827300
20140221,3.6200,3.6900,3.4800,3.6200,19104700
20140224,3.6200,3.6400,3.5000,3.6300,18821900
20140225,3.4500,3.6200,3.4500,3.6000,6988800
