20130226,13.5000,13.8000,13.4500,13.5200,5997300
20130227,12.7900,13.5400,12.7000,13.5100,9398600
20130228,13.1500,13.2200,12.7900,12.9900,6492000
20130301,13.3100,13.3300,13.0000,13.0300,6290400
20130304,13.2500,13.7800,13.0400,13.3000,9072600
20130305,14.0800,14.1800,13.1800,13.1800,9335800
20130306,14.5500,15.0000,14.0000,14.0000,10747700
20130307,14.4300,14.6400,14.1300,14.5500,8436800
20130308,14.1300,14.6500,14.0900,14.5000,5197300
20130311,14.2400,14.3300,13.9100,14.1000,4264800
20130312,13.8200,14.2600,13.5000,14.1500,6080600
20130313,13.6800,13.8200,13.4800,13.8200,3660800
20130314,14.0900,14.1100,13.5800,13.6000,5686800
20130315,14.6500,14.8200,14.0200,14.0200,11682600
20130318,14.2500,14.8500,13.8500,14.6600,9204300
20130319,13.6300,14.1500,13.3000,14.1500,10698800
20130320,14.3300,14.3400,13.3300,13.6000,7041200
20130321,14.5100,14.5500,14.0000,14.2800,8632700
20130322,14.5600,14.7300,14.2200,14.3500,7371100
20130325,14.4600,14.6800,14.3500,14.5700,5045300
20130326,14.3500,14.4600,13.9100,14.4600,3536400
20130327,14.7100,14.8900,14.2700,14.3900,7780000
20130328,14.3700,14.7400,14.1800,14.5500,5762200
20130329,13.8000,14.4200,13.7700,14.3300,5699400
20130401,13.6700,13.9300,13.5500,13.8000,4523700
20130402,13.3000,13.8700,13.2600,13.7500,6873000
20130403,13.2800,13.4700,13.2000,13.3700,4858100
20130404,13.2800,13.2800,13.2800,13.2800,0
20130405,13.2800,13.2800,13.2800,13.2800,0
20130408,13.6400,13.6700,12.9000,13.2500,3616700
20130409,13.3800,13.6800,13.2000,13.5200,4193900
20130410,13.1100,13.3900,12.9000,13.3700,2991600
20130411,12.9000,13.3000,12.8700,13.1800,2481400
20130412,12.5600,12.9800,12.5500,12.8200,3025500
20130415,12.6900,12.7500,12.3500,12.5800,2784100
20130416,12.6300,12.7500,12.5000,12.5900,2775700
20130417,12.8800,12.9500,12.6100,12.6600,2624500
20130418,12.8300,12.9100,12.6900,12.8900,1558800
20130419,13.1600,13.2400,12.7800,12.7900,2866500
20130422,13.1600,13.2800,13.0000,13.1600,3976200
20130423,12.4100,13.2000,12.4000,13.1600,4751600
20130424,12.3800,12.5900,12.3000,12.4000,5566200
20130425,12.3400,12.5000,11.8000,12.1500,8228600
20130426,11.8600,12.2700,11.8500,12.2200,3041400
20130429,11.8600,11.8600,11.8600,11.8600,0
20130430,11.8600,11.8600,11.8600,11.8600,0
20130501,11.8600,11.8600,11.8600,11.8600,0
20130502,11.4400,11.9300,11.1700,11.8500,8391600
20130503,11.6500,11.7100,11.3400,11.4700,4009900
20130506,12.0000,12.0900,11.6000,11.6300,3658200
20130507,11.9600,12.0500,11.8800,12.0100,1981500
20130508,12.1100,12.2000,11.8500,11.9400,2937000
20130509,12.1200,12.1900,11.9100,12.1900,2947200
20130510,12.0800,12.2200,11.9400,12.1000,2750800
20130513,11.8400,12.1200,11.8000,12.0600,3733100
20130514,11.9200,12.0900,11.7700,11.8100,3721700
20130515,12.3300,12.3500,11.8200,11.9200,5382000
20130516,12.4600,12.5000,12.1500,12.3200,4559800
20130517,12.6000,12.6300,12.2700,12.4200,4635700
20130520,12.2500,12.5800,12.1200,12.5800,8114200
20130521,12.2000,12.2300,11.9100,12.2300,4830500
20130522,12.1700,12.2900,12.0900,12.2000,3925500
20130523,11.9600,12.2500,11.9400,12.1700,3623200
20130524,12.0600,12.0700,11.8800,12.0300,2661900
20130527,12.2500,12.2600,12.0000,12.0600,5452600
20130528,12.3700,12.3800,12.0900,12.2800,6750700
20130529,12.5700,12.8100,12.4400,12.4400,11311800
20130530,13.0100,13.0900,12.4500,12.5600,11569700
20130531,12.9200,13.3200,12.9100,13.0100,8567200
20130603,12.9300,13.3000,12.8500,12.8800,6631500
20130604,12.5600,12.9000,12.4400,12.8000,5455800
20130605,12.8900,12.9000,12.4500,12.5100,3688400
20130606,12.6300,12.9500,12.6000,12.8600,4014800
20130607,12.1600,12.7000,12.0000,12.7000,4448200
20130610,12.1600,12.1600,12.1600,12.1600,0
20130611,12.1600,12.1600,12.1600,12.1600,0
20130612,12.1600,12.1600,12.1600,12.1600,0
20130613,11.6200,12.0000,11.4000,12.0000,2971500
20130614,11.9100,11.9500,11.6600,11.6600,2913300
20130617,11.8900,12.1100,11.7500,11.9500,2508500
20130618,11.9000,12.0500,11.6700,11.9500,2073400
20130619,11.7600,11.8400,11.5800,11.8400,1775600
20130620,11.4200,11.8900,11.4000,11.7500,2312700
20130621,11.3900,11.4300,11.0000,11.2000,2242400
20130624,10.4400,11.1800,10.1400,11.1800,2756000
20130625,10.4500,10.6000,9.4400,10.4400,3087500
20130626,10.5600,10.6300,10.1900,10.4000,2348300
20130627,10.2600,10.8400,10.2000,10.5800,2716000
20130628,10.2500,10.5200,9.8900,10.1000,2120100
20130701,10.4800,10.6300,10.1600,10.3000,1860900
20130702,10.7900,10.8000,10.4200,10.5700,4049700
20130703,10.5700,10.7400,10.3900,10.6800,3269700
20130704,10.5300,10.6200,10.2700,10.4800,4354000
20130705,10.2400,10.5800,10.2200,10.5100,4398100
20130708,9.7800,10.0900,9.7100,10.0900,2935700
20130709,9.6900,9.7900,9.6000,9.7800,1877100
20130710,9.9200,9.9300,9.6800,9.7000,2992900
20130711,10.2000,10.2800,9.8400,9.9000,6253300
20130712,10.0100,10.4000,9.9800,10.2000,5175300
20130715,10.5400,10.5800,9.9000,10.0300,9389500
20130716,10.5600,10.6700,10.2700,10.4300,6173700
20130717,10.2900,10.6200,10.2100,10.5200,4788200
20130718,10.1600,10.2500,10.0900,10.2500,3054300
20130719,9.8100,10.1800,9.8000,10.1100,4138800
20130722,9.9800,10.0200,9.6800,9.8000,3236800
20130723,10.3400,10.3500,9.9400,9.9400,4897700
20130724,10.4500,10.4700,10.2100,10.3100,6483700
20130725,10.1700,10.4900,10.1500,10.4500,4783700
20130726,10.1800,10.2600,9.9700,10.1700,3565900
20130729,9.9900,10.1400,9.9200,10.0900,2330200
20130730,10.0600,10.1500,9.8900,9.9900,1882600
20130731,9.9200,10.1600,9.8900,10.1000,2857200
20130801,10.0900,10.1100,9.9100,9.9800,5195400
20130802,10.2300,10.3500,10.0300,10.1000,5843400
20130805,10.6800,10.6900,10.2500,10.2500,9395100
20130806,10.8700,10.9500,10.5500,10.6100,10804400
20130807,10.6900,10.9000,10.6600,10.8400,4800400
20130808,11.3200,11.4200,10.6300,10.6600,11632800
20130809,11.3800,11.4800,11.0800,11.2800,6874800
20130812,11.4800,11.5100,11.3000,11.4100,6591500
20130813,11.4300,11.5400,11.3500,11.4800,3455300
20130814,11.1900,11.5000,11.1400,11.3800,5588400
20130815,10.9600,11.2900,10.9500,11.1500,4000700
20130816,10.6100,11.1500,10.6000,10.8800,5311200
20130819,10.9900,11.0500,10.5600,10.5600,4498200
20130820,10.8600,11.1000,10.7900,10.9000,3636400
20130821,10.9000,10.9700,10.7700,10.8100,2181200
20130822,11.0900,11.1000,10.9000,10.9000,3218800
20130823,10.9400,11.1400,10.7100,11.1400,2885400
20130826,11.1000,11.1100,10.8500,10.8800,2739700
20130827,11.1700,11.2400,11.0000,11.0900,3738700
20130828,11.2400,11.5700,10.9500,11.0000,10819600
20130829,11.9400,12.0600,11.3000,11.3000,14549700
20130830,11.5000,12.1900,11.4700,11.8200,10465100
20130902,12.1900,12.2000,11.5500,11.5700,11354600
20130903,12.5100,12.5600,12.0400,12.2100,10475600
20130904,12.4900,12.6800,12.2300,12.5000,6090400
20130905,12.8400,13.0500,12.3500,12.5500,10404100
20130906,12.6000,13.0200,12.5600,12.5600,5481400
20130909,13.4800,13.5000,12.3600,12.5400,15436200
20130910,13.4100,13.9900,13.2800,13.4500,11069500
20130911,13.3000,13.5300,13.1800,13.2700,5845900
20130912,12.9800,13.4400,12.8800,13.2000,7712100
20130913,12.9500,13.1300,12.9000,12.9000,3248800
20130916,13.1200,13.1300,12.6200,12.9400,5061000
20130917,12.9800,13.5000,12.8500,12.8500,3407800
20130918,12.9600,13.1100,12.9100,12.9800,4089200
20130920,12.9600,12.9600,12.9600,12.9600,0
20130923,13.2700,13.3400,12.8300,13.0500,4657200
20130924,12.9800,13.3200,12.7200,13.2600,4465300
20130925,12.9100,13.1200,12.8200,12.9800,3198800
20130926,12.9500,13.2300,12.8000,12.9100,4246000
20130927,13.0200,13.1800,12.8400,12.9000,2906600
20130930,13.2000,13.3400,12.9000,13.1900,2888400
20131001,13.2000,13.2000,13.2000,13.2000,0
20131002,13.2000,13.2000,13.2000,13.2000,0
20131003,13.2000,13.2000,13.2000,13.2000,0
20131004,13.2000,13.2000,13.2000,13.2000,0
20131007,13.2000,13.2000,13.2000,13.2000,0
20131008,13.1900,13.3000,12.9900,13.3000,3786000
20131009,13.0000,13.2500,12.4600,13.0000,10769400
20131010,12.5500,12.8700,12.4300,12.8700,6961400
20131011,12.7400,12.7800,12.5300,12.5500,4535300
20131014,12.7900,12.9100,12.6400,12.7700,3841600
20131015,12.7400,12.9700,12.6500,12.8300,5018400
20131016,12.0600,12.7300,12.0000,12.6100,5747300
20131017,12.0700,12.3700,12.0500,12.2000,5306000
20131018,12.1000,12.1800,12.0100,12.0900,2104100
20131021,12.2400,12.3800,12.0000,12.1600,4215900
20131022,11.8900,12.2800,11.8700,12.2300,4955500
20131023,11.7800,12.0900,11.6900,12.0000,4317800
20131024,11.8900,12.0200,11.7100,11.7800,2148000
20131025,11.9000,12.0700,11.7800,11.9000,1975500
20131028,11.6800,11.9300,11.5400,11.9300,2172600
20131029,11.6600,11.8000,11.1800,11.6800,2871400
20131030,12.0800,12.0900,11.6000,11.6300,2910200
20131031,11.7800,12.1300,11.7200,12.0600,2186900
20131101,11.4800,11.8600,11.4600,11.8600,2747700
20131104,11.6600,11.6800,11.4500,11.4800,1435400
20131105,11.7500,11.8000,11.5000,11.6100,1931300
20131106,11.6700,11.8800,11.6400,11.7500,2172700
20131107,11.6100,11.7300,11.4400,11.6900,1444100
20131108,11.4200,11.6300,11.2000,11.6300,1867200
20131111,11.5000,11.5500,11.2000,11.3800,1313800
20131112,11.5500,11.5600,11.3700,11.4800,1077200
20131113,11.5000,11.6700,11.4000,11.5100,1181800
20131114,11.6000,11.6400,11.3100,11.4700,1437700
20131115,11.8400,11.9500,11.5200,11.5500,2702100
20131118,12.3100,12.4600,11.9000,12.0900,3894400
20131119,12.4000,12.5400,12.1000,12.3100,3766900
20131120,12.3900,12.4200,12.2600,12.4000,2335100
20131121,12.2100,12.3900,12.1200,12.3900,1881500
20131122,12.0000,12.2000,12.0000,12.2000,1721100
20131125,12.0100,12.2500,11.8800,11.9600,2555300
20131126,12.0100,12.1100,11.8900,12.0000,1793700
20131127,12.0200,12.1200,11.9100,12.0200,2220600
20131128,12.1500,12.2100,11.9900,12.0600,2888400
20131129,12.1600,12.3000,12.0600,12.0600,2399400
20131202,11.6400,11.9900,11.3400,11.9200,4181100
20131203,11.7400,11.7800,11.5000,11.6000,2680200
20131204,11.8100,11.9500,11.6200,11.7300,2624300
20131205,11.8600,11.9200,11.7500,11.7800,1538600
20131206,12.0100,12.0500,11.8600,11.9500,2427700
20131209,12.0400,12.1100,11.9200,12.0100,1749300
20131210,12.0500,12.1200,11.9700,12.0000,1700700
20131211,11.9300,12.0800,11.8500,12.0500,1307100
20131212,12.0400,12.0600,11.8600,11.9000,1024300
20131213,11.9100,12.0500,11.8800,12.0500,1187500
20131216,11.7600,11.9000,11.6000,11.8200,2305100
20131217,11.6800,11.8300,11.6400,11.6800,2257200
20131218,11.6500,11.7600,11.6100,11.6100,1658600
20131219,11.7600,11.8400,11.6600,11.6700,1690300
20131220,11.7000,11.8500,11.6100,11.7000,1497800
20131223,12.3000,12.3500,11.4100,11.6200,4735000
20131224,12.0000,12.3000,11.9700,12.2000,3810900
20131225,12.0900,12.0900,11.9400,12.0000,2513200
20131226,11.8000,12.1500,11.7400,12.0600,3149500
20131227,12.0700,12.1000,11.7700,11.8000,2951500
20131230,12.0700,12.1700,11.9800,12.0500,2215800
20131231,12.5900,12.7500,11.9900,12.0000,8970000
20140101,12.5900,12.5900,12.5900,12.5900,0
20140102,12.8100,12.8800,12.4600,12.5800,6122500
20140103,12.5700,12.8800,12.5000,12.7000,3676800
20140106,12.3300,12.6000,12.1800,12.4900,3290000
20140107,12.9000,13.0400,12.2000,12.3200,6691000
20140108,13.0600,13.1400,12.7600,12.8200,5224900
20140109,12.7100,13.1800,12.7000,12.9800,3410800
20140110,12.5200,12.8800,12.5000,12.7000,3093800
20140113,12.4000,12.6800,12.3000,12.5900,2928700
20140114,12.6300,12.6400,12.2900,12.4200,1986500
20140115,12.4200,12.7000,12.3800,12.6400,3054200
20140116,12.3800,12.5300,12.2700,12.4100,3377700
20140117,12.1700,12.3800,11.9800,12.3300,3814700
20140120,12.3800,12.4500,11.9900,12.1300,3850800
20140121,12.2200,12.4700,12.1200,12.2900,2337200
20140122,12.7000,12.7500,12.2400,12.2500,4280400
20140123,12.6300,12.7200,12.4800,12.6900,4365400
20140124,12.6900,12.7200,12.5100,12.5300,4044800
20140127,12.8100,12.8800,12.5600,12.7000,3694200
20140128,12.6200,12.8900,12.5000,12.8000,2454200
20140129,12.5300,12.6700,12.4500,12.5800,2940100
20140130,12.2800,12.6200,12.1700,12.4500,2532400
20140131,12.2800,12.2800,12.2800,12.2800,0
20140203,12.2800,12.2800,12.2800,12.2800,0
20140205,12.2800,12.2800,12.2800,12.2800,0
20140206,12.2800,12.2800,12.2800,12.2800,0
20140207,12.3800,12.4400,12.2000,12.2100,3747500
20140210,12.6400,12.7600,12.2900,12.4500,8061200
20140211,13.5200,13.5800,12.6000,12.6500,18711700
20140212,13.6000,13.7300,13.3500,13.5200,11855600
20140213,13.3200,13.6100,13.2500,13.6000,5798900
20140214,13.5000,13.6800,13.3000,13.3500,5561500
20140217,14.0300,14.1000,13.3900,13.5500,9351100
20140218,13.8700,14.0400,13.7000,14.0400,7162100
20140219,13.5200,13.8600,13.4500,13.8100,6334300
20140220,13.3400,13.7000,13.2900,13.5200,4277000
20140221,13.4200,13.6600,13.2200,13.3500,5562300
20140224,13.4100,13.4700,12.9000,13.4200,6173300
20140225,12.9200,13.6400,12.6500,13.4000,6675100
