20130226,15.0800,15.4300,15.0500,15.3200,24000700
20130227,15.2000,15.3700,15.1100,15.3000,14669800
20130228,15.3100,15.3500,15.0200,15.1300,22409700
20130301,15.2500,15.2600,15.0400,15.2000,21782600
20130304,14.9000,15.2400,14.8100,15.2000,24629800
20130305,15.0900,15.1000,14.9200,14.9200,15402900
20130306,15.1300,15.1700,14.9900,15.1400,20103600
20130307,15.2800,15.3200,14.9800,15.0800,25040600
20130308,15.0700,15.2600,15.0300,15.2500,15168400
20130311,15.1100,15.2100,15.0100,15.0700,12104300
20130312,14.9400,15.2000,14.8000,15.1000,17669600
20130313,14.9600,15.1500,14.9200,14.9900,13615400
20130314,14.7000,15.0900,14.6800,14.9500,17303800
20130315,14.5700,14.8500,14.5100,14.7300,15694200
20130318,14.4500,14.7000,14.4200,14.5900,12098000
20130319,14.6000,14.6500,14.4500,14.5900,10254000
20130320,14.8800,14.8800,14.6100,14.6800,16449200
20130321,14.7700,14.8800,14.7200,14.8000,13111800
20130322,14.8600,14.9000,14.7600,14.8100,10583500
20130325,14.7500,14.8700,14.6600,14.8000,10002400
20130326,14.4800,14.7000,14.4300,14.7000,13313100
20130327,14.3000,14.5300,14.2500,14.4800,16949600
20130328,14.4700,14.7000,14.2800,14.3300,23032800
20130329,14.2200,14.3600,14.1800,14.3500,12292400
20130401,13.8600,13.9900,13.5500,13.9900,16491600
20130402,13.9200,14.1100,13.8400,13.8700,9495000
20130403,13.7700,13.8900,13.6200,13.7400,11145100
20130404,13.7700,13.7700,13.7700,13.7700,0
20130405,13.7700,13.7700,13.7700,13.7700,0
20130408,14.1300,14.1900,13.6600,13.7500,19976100
20130409,14.1300,14.2500,13.9700,14.0700,13119600
20130410,14.2000,14.3800,14.1400,14.2200,13158700
20130411,13.9200,14.0800,13.9100,13.9600,12323300
20130412,13.8600,13.9800,13.8300,13.9400,6624700
20130415,12.9300,13.2700,12.8000,13.0100,38178600
20130416,12.5100,12.5900,11.9000,12.1200,40820600
20130417,12.3400,12.5100,12.3000,12.4000,21722800
20130418,12.3000,12.3800,12.1000,12.2000,14398600
20130419,12.6400,12.6800,12.3600,12.3700,26879300
20130422,12.6200,12.6300,12.4000,12.5000,17185900
20130423,12.1900,12.6700,12.1500,12.6200,20076100
20130424,12.3100,12.3900,12.1900,12.1900,12742500
20130425,12.4100,12.5500,12.3600,12.3700,16744400
20130426,12.5900,12.8000,12.4800,12.6500,22206300
20130429,12.5900,12.5900,12.5900,12.5900,0
20130430,12.5900,12.5900,12.5900,12.5900,0
20130501,12.5900,12.5900,12.5900,12.5900,0
20130502,12.2100,12.4900,12.1100,12.4900,15950400
20130503,12.3400,12.4200,12.2000,12.3100,14734100
20130506,12.4800,12.5500,12.2800,12.3400,15015200
20130507,12.4200,12.6600,12.2800,12.4800,17705400
20130508,12.3500,12.5000,12.2800,12.3200,14264600
20130509,12.3700,12.4400,12.3200,12.4000,12159800
20130510,12.3500,12.3900,12.2600,12.3000,9738000
20130513,12.1600,12.2700,12.0900,12.2200,16481500
20130514,11.9800,12.1500,11.9200,12.1500,13534400
20130515,11.8300,11.9500,11.7800,11.9500,18116000
20130516,11.7900,11.8000,11.5000,11.6900,25386400
20130517,11.8800,11.9300,11.6300,11.6700,25407200
20130520,12.1200,12.1900,11.6700,11.7600,37952200
20130521,12.1500,12.2200,11.9700,12.1800,26885400
20130522,12.1100,12.1400,12.0000,12.1000,18775400
20130523,12.0400,12.0600,11.9300,12.0200,16983100
20130524,12.1000,12.1500,12.0300,12.0600,17023100
20130527,11.9500,12.0700,11.8900,12.0600,14667800
20130528,12.3000,12.3800,11.8200,11.9500,41084800
20130529,12.2400,12.3300,12.1600,12.2800,22103100
20130530,12.4200,12.4600,12.2500,12.2700,32038600
20130531,12.3100,12.6100,12.3000,12.5400,21251200
20130603,12.0800,12.2500,12.0300,12.2000,20266900
20130604,12.0200,12.1900,12.0000,12.1500,13410700
20130605,11.8600,12.0400,11.8200,12.0300,17284100
20130606,11.8000,11.9300,11.7700,11.8000,12629900
20130607,11.6900,11.9100,11.6000,11.8500,11764200
20130610,11.6900,11.6900,11.6900,11.6900,0
20130611,11.6900,11.6900,11.6900,11.6900,0
20130612,11.6900,11.6900,11.6900,11.6900,0
20130613,11.3000,11.6500,11.1900,11.5500,13727800
20130614,11.3300,11.3400,11.2500,11.2500,10092800
20130617,11.2700,11.4300,11.2000,11.3300,7528700
20130618,11.1600,11.3100,11.1000,11.2800,9884900
20130619,10.8700,11.1000,10.7000,11.1000,14625900
20130620,10.3200,10.7100,10.3100,10.7100,17633200
20130621,10.5400,10.7000,9.7100,9.9400,24016000
20130624,9.8200,10.4000,9.7700,10.3100,17996500
20130625,9.5100,9.7900,8.8500,9.7000,22967900
20130626,9.3800,9.5100,9.2000,9.4500,14477900
20130627,9.3000,9.4300,9.2000,9.2000,17510300
20130628,9.2900,9.3900,8.9100,9.0700,16299700
20130701,9.2200,9.5100,9.1900,9.4000,22944800
20130702,9.3000,9.3900,9.2100,9.3500,11476000
20130703,9.4900,9.6000,9.1300,9.2600,23449000
20130704,9.5500,9.7200,9.2200,9.4400,23379200
20130705,9.5400,9.7900,9.2500,9.3900,22912700
20130708,9.0500,9.2900,9.0300,9.2700,16333400
20130709,9.1700,9.2400,9.0800,9.0900,12219100
20130710,9.3300,9.3400,9.0000,9.1000,22154000
20130711,9.8900,10.0000,9.4700,9.6000,45209800
20130712,9.5500,9.8900,9.5000,9.8700,26728500
20130715,9.6200,9.8400,9.5300,9.5400,14200500
20130716,9.4900,9.6200,9.3900,9.6200,17831100
20130717,9.4400,9.6600,9.4200,9.5000,14385900
20130718,9.1300,9.3600,9.1300,9.3400,16425000
20130719,9.0200,9.2700,9.0000,9.1300,13345900
20130722,9.4000,9.4500,9.0500,9.1500,19959900
20130723,9.5400,9.7900,9.4800,9.5800,27878600
20130724,9.4000,9.6400,9.3000,9.5600,15497100
20130725,9.2700,9.4400,9.2100,9.2700,12701000
20130726,9.3000,9.3600,9.2400,9.2800,7984100
20130729,9.1000,9.2500,9.0500,9.2500,10785300
20130730,9.1000,9.2500,9.0400,9.1300,14100900
20130731,9.1400,9.2300,9.0800,9.0800,9297600
20130801,9.2500,9.3000,9.1400,9.1800,13064800
20130802,9.1700,9.3800,9.1500,9.2200,16796400
20130805,9.2700,9.2800,9.1200,9.2000,12976600
20130806,9.2400,9.2700,9.1500,9.2400,14162800
20130807,9.1900,9.2800,9.1400,9.1600,12915400
20130808,9.2100,9.2600,9.1700,9.2100,10455000
20130809,9.5000,9.5900,9.2900,9.3500,39234800
20130812,9.8700,9.9700,9.3900,9.5800,51924100
20130813,9.8200,9.9400,9.7100,9.9200,23848500
20130814,9.6500,9.7900,9.6000,9.6900,21107700
20130815,9.7500,9.9900,9.7200,9.7200,29462900
20130816,9.8800,10.6100,9.8100,10.0100,52250000
20130819,9.9100,9.9900,9.7600,9.9100,18688000
20130820,9.6000,9.8600,9.5800,9.8000,21163200
20130821,9.6500,9.7200,9.5500,9.6900,10765600
20130822,9.5300,9.6500,9.5100,9.5500,11704100
20130823,9.4700,9.6300,9.3800,9.5600,12287300
20130826,9.7500,9.8000,9.6100,9.6100,19040200
20130827,9.9600,9.9700,9.7500,9.7500,23371900
20130828,10.9600,10.9600,10.2400,10.2500,93363000
20130829,10.7400,11.2500,10.7100,11.2500,67444400
20130830,10.5300,10.7000,10.3600,10.7000,39586400
20130902,10.8400,10.8500,10.2000,10.4900,39643000
20130903,10.5900,10.6800,10.4900,10.6500,29382200
20130904,10.7200,10.8600,10.6200,10.8100,37825100
20130905,10.4200,10.5100,10.3500,10.5000,27359900
20130906,10.5300,10.5400,10.2000,10.2400,21870500
20130909,10.6800,10.7100,10.3900,10.5600,33742400
20130910,10.5400,10.6000,10.4300,10.6000,29381300
20130911,10.4100,10.4900,10.2400,10.3600,38779600
20130912,10.2200,10.3500,10.2000,10.3500,30661400
20130913,10.0900,10.1400,10.0000,10.0500,27990000
20130916,10.0900,10.2400,10.0800,10.1500,21336400
20130917,9.7800,10.0800,9.7400,10.0800,31569300
20130918,9.8000,9.8800,9.5800,9.7000,22776500
20130920,9.8000,9.8000,9.8000,9.8000,0
20130923,9.9400,9.9400,9.8400,9.9000,20079700
20130924,9.7500,9.9500,9.7100,9.9500,15612800
20130925,9.8000,9.8500,9.6500,9.7500,15212600
20130926,9.7000,9.8800,9.6800,9.8500,13983300
20130927,9.6400,9.6900,9.5600,9.6900,10045300
20130930,9.7600,9.7800,9.6600,9.6600,10739700
20131001,9.7600,9.7600,9.7600,9.7600,0
20131002,9.7600,9.7600,9.7600,9.7600,0
20131003,9.7600,9.7600,9.7600,9.7600,0
20131004,9.7600,9.7600,9.7600,9.7600,0
20131007,9.7600,9.7600,9.7600,9.7600,0
20131008,9.8300,9.8600,9.5800,9.7200,15298500
20131009,9.8000,9.8100,9.7100,9.7400,11898800
20131010,9.6200,9.7300,9.5800,9.7300,15944500
20131011,9.6400,9.6800,9.4400,9.5900,19803200
20131014,9.5400,9.5500,9.4600,9.5000,16877800
20131015,9.5900,9.6400,9.4800,9.5400,16207800
20131016,9.9100,9.9800,9.4800,9.5400,42014200
20131017,9.6300,9.8300,9.5500,9.8300,22978800
20131018,9.7500,9.9900,9.7000,9.9600,20540100
20131021,9.7700,9.8500,9.5400,9.6800,19627200
20131022,9.6700,9.7200,9.6100,9.7200,12935300
20131023,9.6700,9.8800,9.6500,9.8200,18224900
20131024,9.5500,9.6400,9.5200,9.6000,11284600
20131025,9.4000,9.6300,9.3900,9.5800,12133000
20131028,9.3300,9.4800,9.2800,9.4200,8995700
20131029,9.2100,9.4400,9.1000,9.3400,15082000
20131030,9.2500,9.2700,9.1200,9.1900,9529900
20131031,9.1700,9.2100,9.1000,9.2000,9827800
20131101,9.1900,9.2200,9.1100,9.1800,6323900
20131104,9.1600,9.2200,9.1500,9.1500,6254200
20131105,9.1800,9.1900,9.1000,9.1700,7795400
20131106,9.1200,9.1900,9.1100,9.1500,7061800
20131107,9.2000,9.2300,9.1200,9.1400,9309200
20131108,9.1100,9.2000,9.1000,9.1400,7452000
20131111,9.0100,9.0400,8.9000,9.0000,10176800
20131112,9.1100,9.1200,8.9500,9.0000,8624700
20131113,8.9900,9.0700,8.9600,9.0200,7799700
20131114,9.0800,9.1200,8.9900,9.0600,8474500
20131115,9.1900,9.2400,9.1200,9.1300,12656500
20131118,9.3100,9.3300,9.1300,9.1900,16289600
20131119,9.2300,9.2800,9.1800,9.2600,11726000
20131120,9.2300,9.3000,9.1900,9.3000,7984700
20131121,9.1000,9.1400,9.0600,9.1400,12803600
20131122,9.2400,9.3200,9.0500,9.0800,21471500
20131125,9.1000,9.1700,9.0700,9.1100,13298200
20131126,9.1100,9.1600,9.0500,9.1100,7395400
20131127,9.1000,9.1100,9.0500,9.1000,11376400
20131128,9.1900,9.2700,9.0500,9.0900,24451500
20131129,9.1400,9.1800,9.1200,9.1600,11960300
20131202,9.0300,9.1700,9.0000,9.1100,17452800
20131203,9.0400,9.0400,8.9000,8.9400,10130000
20131204,9.1000,9.1100,8.9700,9.0100,15114100
20131205,9.1300,9.2300,9.1200,9.1500,17614500
20131206,9.0800,9.1000,9.0400,9.0900,9036700
20131209,9.1000,9.1900,9.0500,9.0800,10593200
20131210,9.1100,9.1500,9.0700,9.0900,9245500
20131211,9.0700,9.2000,9.0500,9.1700,15111400
20131212,9.0000,9.0700,8.9700,9.0600,11793200
20131213,8.9100,8.9600,8.8600,8.9000,12743700
20131216,8.7000,8.9300,8.6900,8.9000,18730100
20131217,8.7200,8.7600,8.7000,8.7100,6617400
20131218,8.6500,8.7300,8.6200,8.7000,7227900
20131219,8.6000,8.6900,8.5900,8.6400,7902300
20131220,8.2600,8.5400,8.2500,8.5400,16053600
20131223,8.1200,8.3000,8.0400,8.2600,8336800
20131224,8.1400,8.1800,8.0800,8.0800,7141000
20131225,8.1400,8.1600,8.0800,8.1500,7311900
20131226,8.6000,8.7600,7.8500,8.1200,36541300
20131227,8.5200,8.5900,8.4300,8.4500,19583600
20131230,8.5700,8.7400,8.3000,8.4800,18107500
20131231,8.5500,8.6400,8.3900,8.4100,12978000
20140101,8.5500,8.5500,8.5500,8.5500,0
20140102,8.7100,8.8500,8.5200,8.5700,23763600
20140103,8.5500,8.6900,8.4700,8.6800,12546900
20140106,8.1700,8.5800,8.1500,8.5500,11306700
20140107,8.2000,8.2400,8.1200,8.1700,8215900
20140108,8.0100,8.1700,7.9400,8.1400,12513700
20140109,7.9200,8.0500,7.8900,8.0000,8207800
20140110,8.0200,8.2400,7.9200,7.9200,9362800
20140113,8.0200,8.2400,7.9900,8.1400,10448000
20140114,7.9200,8.0500,7.8000,8.0200,12639300
20140115,7.7800,7.9200,7.7400,7.8500,11991500
20140116,7.8200,7.9300,7.6600,7.8000,15938500
20140117,7.6400,7.7700,7.6300,7.7500,12157000
20140120,7.6400,7.7100,7.6300,7.6800,7643300
20140121,7.6700,7.7200,7.6200,7.6300,6569600
20140122,7.8300,7.8400,7.6400,7.6700,12591600
20140123,7.8100,7.9000,7.7800,7.8100,9611000
20140124,8.0000,8.1600,7.8800,7.9300,22633000
20140127,8.0700,8.2000,7.9400,8.0000,19276200
20140128,7.9900,8.0300,7.9200,8.0000,9935800
20140129,7.9500,8.0200,7.9300,8.0000,7494900
20140130,7.9900,8.0500,7.8300,7.9800,9373900
20140131,7.9900,7.9900,7.9900,7.9900,0
20140203,7.9900,7.9900,7.9900,7.9900,0
20140205,7.9900,7.9900,7.9900,7.9900,0
20140206,7.9900,7.9900,7.9900,7.9900,0
20140207,7.8700,7.9300,7.7800,7.9200,9656600
20140210,8.0400,8.0800,7.8800,7.8900,14339500
20140211,8.2600,8.3100,8.0500,8.1000,28982000
20140212,8.3200,8.3700,8.2300,8.2800,24827800
20140213,8.4300,8.7500,8.2600,8.3200,34516100
20140214,8.4800,8.6100,8.3500,8.5500,16540400
20140217,8.6400,8.8300,8.5800,8.7100,23212200
20140218,8.3900,8.6500,8.3200,8.6500,20742100
20140219,8.4100,8.4600,8.3500,8.3800,13035200
20140220,8.2900,8.4000,8.2700,8.3800,13525500
20140221,8.3400,8.3800,8.2100,8.2900,12650500
20140224,8.2300,8.3200,8.1100,8.3200,14056000
20140225,8.1300,8.3900,8.0700,8.3200,14976200
