20130226,11.5200,11.9000,11.5000,11.7000,8464900
20130227,11.2500,11.7300,11.0200,11.5800,6779700
20130228,11.5600,11.5700,11.2000,11.3200,5496200
20130301,12.7200,12.7200,11.5100,11.5800,17966500
20130304,12.6000,13.2800,12.4200,12.5500,25675200
20130305,12.8600,12.9500,12.2000,12.5500,12195300
20130306,12.7800,13.0900,12.6100,12.7100,8923600
20130307,12.3400,12.8500,12.1100,12.6900,9474100
20130308,12.3900,12.4500,12.2000,12.3100,4159200
20130311,12.2500,12.6400,12.1800,12.3000,4675400
20130312,11.6800,12.3300,11.4500,12.2000,7873300
20130313,11.3800,11.6500,11.3100,11.6000,3297000
20130314,11.3600,11.6200,11.2500,11.4000,3590500
20130315,11.5900,11.8400,11.3000,11.4100,4931500
20130318,11.7500,12.0000,11.4500,11.4900,4746000
20130319,11.7800,11.9900,11.5400,11.6600,4836400
20130320,12.1700,12.2500,11.7400,11.7400,5585200
20130321,12.3500,12.5700,12.1100,12.1400,6671000
20130322,12.2100,12.3200,12.0800,12.3100,3887400
20130325,12.0500,12.2600,11.9300,12.1500,3615800
20130326,12.0500,12.1000,11.8000,11.9900,3086400
20130327,11.9600,12.2800,11.8000,12.0800,3288000
20130328,11.4700,11.8000,11.2500,11.8000,5475400
20130329,11.2200,11.5400,11.2000,11.4000,2493200
20130401,11.3200,11.4900,11.2200,11.2200,2039500
20130402,11.1700,11.5200,11.1300,11.3200,2336800
20130403,10.7100,11.2700,10.6000,11.2000,4225100
20130404,10.7100,10.7100,10.7100,10.7100,0
20130405,10.7100,10.7100,10.7100,10.7100,0
20130408,10.8200,10.8800,10.4400,10.4800,2179100
20130409,10.8900,11.0500,10.8000,10.8000,1710800
20130410,10.7300,10.9900,10.6300,10.8900,2137800
20130411,10.7100,10.9500,10.7000,10.7600,1834900
20130412,10.5500,10.7300,10.5200,10.7100,1646000
20130415,10.4600,10.5600,10.3200,10.5500,1086000
20130416,10.6100,10.6400,10.2600,10.3700,1376000
20130417,10.6800,10.7100,10.5000,10.5500,1262900
20130418,10.8400,10.9200,10.5000,10.6100,2295400
20130419,10.9400,10.9800,10.6300,10.6500,4344200
20130422,10.8900,10.9000,10.7100,10.8400,2247700
20130423,9.8700,10.7700,9.8100,10.7700,6929800
20130424,9.9600,10.0500,9.7500,9.8900,3006100
20130425,9.5800,9.9900,9.5700,9.9700,4410100
20130426,9.3600,9.6900,9.2600,9.5500,2608600
20130429,9.3600,9.3600,9.3600,9.3600,0
20130430,9.3600,9.3600,9.3600,9.3600,0
20130501,9.3600,9.3600,9.3600,9.3600,0
20130502,9.4400,9.4400,9.2800,9.3200,1181500
20130503,9.6000,9.7400,9.4500,9.4900,1911000
20130506,9.7500,9.7800,9.5700,9.6200,2112500
20130507,9.8900,9.9800,9.7000,9.7000,2676200
20130508,9.9600,10.0900,9.8800,9.9400,3333600
20130509,10.3100,10.3600,9.9100,9.9700,5634700
20130510,10.8200,11.1000,10.2500,10.3000,10113000
20130513,11.2400,11.2900,10.6000,10.6500,9048100
20130514,11.2400,11.2400,11.2400,11.2400,0
20130515,11.2400,11.2400,11.2400,11.2400,0
20130516,11.2400,11.2400,11.2400,11.2400,0
20130517,11.2400,11.2400,11.2400,11.2400,0
20130520,11.2400,11.2400,11.2400,11.2400,0
20130521,11.2400,11.2400,11.2400,11.2400,0
20130522,11.2400,11.2400,11.2400,11.2400,0
20130523,11.2400,11.2400,11.2400,11.2400,0
20130524,10.9300,11.2000,10.4200,10.6500,11925900
20130527,10.8300,10.9800,10.5700,10.8000,10050400
20130528,10.8500,10.8800,10.5500,10.7800,6572300
20130529,11.2200,11.7800,11.0000,11.0000,11118800
20130530,11.8800,12.3000,10.9100,11.0500,14082800
20130531,12.2200,12.7000,11.7000,11.7800,15107100
20130603,12.1900,12.4400,11.9500,12.2400,8055800
20130604,12.6100,12.6500,11.9600,12.2300,13266400
20130605,12.1700,12.6000,11.9800,12.4500,9023200
20130606,11.5000,12.0200,11.4700,12.0200,7496600
20130607,11.2600,11.6800,11.2200,11.5500,4938700
20130610,11.2600,11.2600,11.2600,11.2600,0
20130611,11.2600,11.2600,11.2600,11.2600,0
20130612,11.2600,11.2600,11.2600,11.2600,0
20130613,11.3100,11.3600,10.7000,11.0100,5616200
20130614,11.7100,11.8200,11.0800,11.2000,6600700
20130617,11.6800,11.9700,11.5800,11.7900,6501300
20130618,11.3600,11.6500,11.1800,11.6000,4411300
20130619,11.0800,11.2700,10.8000,11.2700,5074300
20130620,10.3200,11.0400,10.2500,10.9200,4918900
20130621,10.1300,10.2600,9.9800,10.0200,3628600
20130624,9.3000,10.1300,9.2000,10.0600,4317500
20130625,9.2800,9.4500,8.4800,9.2000,4317700
20130626,9.5700,9.6000,9.1800,9.3000,4587200
20130627,9.2800,9.8400,9.2500,9.5800,4143400
20130628,9.1600,9.5100,9.0500,9.1900,3061200
20130701,9.4500,9.4800,9.0300,9.1700,3490100
20130702,9.5800,9.6000,9.2600,9.4500,3840700
20130703,9.3900,9.5100,9.1800,9.5100,3333200
20130704,9.4700,9.6200,9.1800,9.3300,3945200
20130705,9.5000,9.6500,9.4700,9.6000,3147300
20130708,8.8100,9.2900,8.8000,9.2900,3582000
20130709,9.0100,9.1600,8.9100,9.0000,3010800
20130710,9.4400,9.4500,9.0000,9.1000,3032900
20130711,9.7800,9.9600,9.3800,9.3800,4599700
20130712,9.7800,9.9400,9.6800,9.7800,3613600
20130715,10.1500,10.2400,9.9000,9.9200,3677100
20130716,10.1700,10.2400,9.9200,10.1000,3120900
20130717,9.9800,10.2700,9.9500,10.2000,3003900
20130718,9.9600,10.0500,9.6800,9.9100,2759100
20130719,9.8300,10.2000,9.7700,10.0800,2931100
20130722,10.1800,10.1900,9.6100,9.7600,3196600
20130723,10.3700,10.5200,10.1900,10.2600,4408400
20130724,10.6400,10.7500,10.0800,10.2600,6272300
20130725,10.3200,10.6800,10.3000,10.6400,3637900
20130726,10.1200,10.3900,9.9600,10.2900,3014500
20130729,9.9600,10.1900,9.9000,10.1200,2292800
20130730,9.9300,10.1500,9.8000,9.9700,2402800
20130731,10.0400,10.2500,9.9600,10.0000,2760600
20130801,10.3300,10.3600,10.1100,10.1100,4194800
20130802,10.3100,10.5800,10.2700,10.5100,4445400
20130805,10.7400,10.8000,10.2400,10.3400,5317800
20130806,10.6300,10.7200,10.4700,10.6200,3906500
20130807,10.4300,10.7200,10.3300,10.6100,3286100
20130808,10.4800,10.5500,10.3300,10.4000,2550300
20130809,10.5700,10.6200,10.3100,10.4800,2799500
20130812,11.6300,11.6300,11.1700,11.1800,6025700
20130813,11.7600,12.4000,11.6500,12.0800,18829100
20130814,11.3700,11.8700,11.2700,11.7800,10924200
20130815,11.2900,11.3900,11.1100,11.3300,5403800
20130816,10.9800,11.5500,10.9200,11.2000,6172300
20130819,11.4000,11.4300,10.8200,10.9000,4177800
20130820,11.1300,11.5600,11.0800,11.4000,5186700
20130821,11.2300,11.4200,11.0200,11.1000,4065900
20130822,11.0300,11.2100,10.9500,11.1100,3816200
20130823,10.9800,11.1700,10.6500,11.0700,3647000
20130826,11.2100,11.2200,10.9100,10.9200,3357000
20130827,11.3500,11.3600,11.1500,11.2000,3655000
20130828,11.0500,11.2800,11.0200,11.2700,3925100
20130829,10.9900,11.2500,10.8600,11.0400,1953400
20130830,10.6700,11.1100,10.6500,10.9400,3964200
20130902,10.8500,10.8700,10.5600,10.7200,2178600
20130903,10.9600,10.9700,10.7300,10.7400,1905000
20130904,10.9400,11.1100,10.9000,10.9600,2378100
20130905,11.0500,11.1200,10.9000,10.9400,2379600
20130906,10.9400,11.0800,10.8100,10.9800,3879300
20130909,11.1700,11.2000,10.8700,10.9400,4307300
20130910,11.4500,11.4800,11.1000,11.1800,5730800
20130911,11.2100,11.4200,11.0600,11.4000,4502300
20130912,11.1200,11.2900,11.0700,11.1100,2704500
20130913,11.3100,11.4600,11.1900,11.2500,4221100
20130916,11.1500,11.3400,11.1000,11.3200,2555300
20130917,10.8500,11.2500,10.7300,11.2400,2978200
20130918,10.8700,10.9300,10.7000,10.7200,1815300
20130920,10.8700,10.8700,10.8700,10.8700,0
20130923,11.0500,11.0900,10.8600,10.8900,1890300
20130924,11.4300,11.4500,10.8900,11.0400,5606200
20130925,11.8900,12.2000,11.4300,12.1600,14526700
20130926,11.0600,11.6800,10.7000,11.6000,7668000
20130927,11.0000,11.1600,10.9100,11.0200,2980100
20130930,11.0900,11.1500,10.9500,11.0800,2415600
20131001,11.0900,11.0900,11.0900,11.0900,0
20131002,11.0900,11.0900,11.0900,11.0900,0
20131003,11.0900,11.0900,11.0900,11.0900,0
20131004,11.0900,11.0900,11.0900,11.0900,0
20131007,11.0900,11.0900,11.0900,11.0900,0
20131008,11.2000,11.2800,11.0800,11.2400,3410900
20131009,11.3400,11.3500,11.1200,11.1700,3598300
20131010,11.0200,11.3800,11.0200,11.3500,4048500
20131011,11.1900,11.3000,11.0400,11.0400,3931400
20131014,11.6000,11.6400,11.1000,11.2000,6266200
20131015,11.5600,11.6800,11.3600,11.5900,5504200
20131016,11.1500,11.6100,11.1000,11.6100,5299300
20131017,11.7300,11.8800,11.2300,11.2700,9725000
20131018,11.6300,11.7900,11.5200,11.7000,4717900
20131021,12.2400,12.5500,11.6700,11.6700,12694600
20131022,12.0700,12.8200,12.0100,12.3200,11854000
20131023,13.0100,13.2800,11.9200,12.1000,24815600
20131024,12.8000,13.0900,12.2400,12.6800,13751700
20131025,12.5700,13.5500,12.5300,12.7200,17193100
20131028,13.1700,13.3900,12.1500,12.6100,13317400
20131029,13.1800,13.6700,12.3000,13.2000,15055200
20131030,13.0200,13.1900,12.6900,13.1000,7506400
20131031,12.1900,13.0000,12.1100,13.0000,6968400
20131101,12.1300,12.3700,12.0300,12.0500,4063700
20131104,12.2100,12.5500,12.1500,12.2600,5414200
20131105,12.5400,12.5700,11.7500,12.1000,7415200
20131106,12.6200,12.9500,12.3200,12.3200,9164300
20131107,13.5900,13.7200,12.6200,12.6200,13087400
20131108,13.0600,13.8800,12.8600,13.3300,13469000
20131111,12.8300,13.0000,12.5500,13.0000,4888400
20131112,13.4700,13.4800,12.8000,12.8100,6953200
20131113,13.1200,13.5600,13.0300,13.3700,7962500
20131114,13.2300,13.4400,12.8600,13.0000,4968000
20131115,13.3900,13.7700,13.2100,13.2900,8765500
20131118,13.9800,14.2400,13.3200,13.4400,9190000
20131119,13.9000,14.1500,13.6900,14.0000,5769700
20131120,14.4100,14.4800,13.8500,13.9900,9636300
20131121,14.4100,14.7400,14.1600,14.3300,7025700
20131122,13.8500,14.5200,13.8400,14.4800,7035900
20131125,13.7800,14.1500,13.6300,13.7600,6328500
20131126,13.8400,13.9200,13.5600,13.7800,3188100
20131127,13.7200,13.8500,13.4200,13.7900,9501200
20131128,13.7200,13.9500,13.6000,13.6200,4271500
20131129,13.7000,13.9700,13.6600,13.7200,4126100
20131202,12.3900,13.2500,12.3700,12.9800,8043400
20131203,12.7100,12.8600,12.2100,12.2100,3927300
20131204,13.2000,13.2700,12.7600,12.7600,4455700
20131205,13.4700,13.6700,13.1200,13.1200,4351100
20131206,13.4700,13.7500,13.3100,13.3800,4055100
20131209,13.7200,13.8500,13.3800,13.5700,2940200
20131210,13.5500,13.7600,13.4200,13.6400,2532700
20131211,13.1900,13.5500,13.0400,13.5100,2377400
20131212,13.1600,13.2800,13.0400,13.1600,1385700
20131213,13.1900,13.2300,13.0600,13.1900,1518700
20131216,12.9800,13.1900,12.6700,13.1900,1832900
20131217,12.7200,13.2400,12.6200,13.2100,2069300
20131218,12.8000,12.9400,12.6700,12.6700,1736700
20131219,12.5900,12.9600,12.5600,12.9500,1326900
20131220,12.3600,12.6900,12.2700,12.5800,1456700
20131223,12.5000,12.5600,12.0600,12.3100,1145300
20131224,12.6100,12.7600,12.4500,12.5000,1271700
20131225,12.6200,12.7000,12.3800,12.5300,1910400
20131226,12.0400,12.5800,12.0000,12.5500,3102800
20131227,12.2000,12.3100,11.9900,12.0000,2190100
20131230,12.2000,12.4400,12.1100,12.3000,2071300
20131231,12.2300,12.2500,12.0100,12.1200,1057100
20140101,12.2300,12.2300,12.2300,12.2300,0
20140102,12.2200,12.2400,11.9900,12.2300,2203400
20140103,12.1100,12.2000,11.9600,12.2000,1732900
20140106,11.7500,12.1100,11.7100,12.1100,1699600
20140107,11.8600,11.8800,11.6300,11.7000,1918400
20140108,12.1300,12.1800,11.8500,11.8500,1888900
20140109,11.9800,12.2400,11.9500,12.1100,1864900
20140110,11.8300,12.0500,11.7400,12.0500,1188500
20140113,11.2200,11.8700,11.1000,11.8300,2462500
20140114,11.4000,11.4200,11.0900,11.2300,1091600
20140115,11.4700,11.5100,11.3300,11.3900,806700
20140116,11.5200,11.6100,11.4000,11.5000,988800
20140117,11.1800,11.4900,11.1400,11.4800,1088000
20140120,11.2000,11.4300,11.0000,11.2000,1546400
20140121,11.2600,11.3600,11.1500,11.1500,1094800
20140122,11.6900,11.7200,11.2500,11.3200,1747300
20140123,11.8200,11.8900,11.5600,11.6900,2014800
20140124,12.0200,12.0700,11.6200,11.6900,2062400
20140127,11.9400,12.1000,11.8400,12.0200,1730500
20140128,11.9600,12.0100,11.7800,12.0100,1176300
20140129,11.9600,12.0500,11.8800,11.9600,1545600
20140130,11.9000,12.0000,11.8100,11.8800,936300
20140131,11.9000,11.9000,11.9000,11.9000,0
20140203,11.9000,11.9000,11.9000,11.9000,0
20140205,11.9000,11.9000,11.9000,11.9000,0
20140206,11.9000,11.9000,11.9000,11.9000,0
20140207,12.4200,12.4400,11.8000,11.8500,2477800
20140210,12.8000,12.8200,12.4700,12.4800,2784800
20140211,12.7900,13.1500,12.7000,12.7200,3087500
20140212,12.7900,13.1000,12.7600,12.8500,2294200
20140213,12.6300,13.1600,12.6100,13.0000,3523200
20140214,13.0100,13.0700,12.5200,12.6400,3372500
20140217,13.1400,13.2900,12.9600,12.9600,3645500
20140218,12.9200,13.1100,12.8000,13.1100,2673000
20140219,12.8300,12.9900,12.7100,12.9000,2417800
20140220,12.5900,12.9600,12.5600,12.8500,2203500
20140221,12.5400,12.7100,12.4000,12.5800,2441700
20140224,12.5600,12.8200,12.4100,12.6200,3378900
20140225,12.6800,12.8000,12.3800,12.5400,7215200
