20130226,4.7000,4.8467,4.5800,4.6200,26856000
20130227,4.7133,4.7800,4.5933,4.7000,15564100
20130228,4.7467,4.7600,4.6600,4.7133,12223400
20130301,4.9133,4.9733,4.6867,4.7333,23770400
20130304,4.7267,4.9267,4.6800,4.8667,18371700
20130305,4.9000,4.9067,4.6867,4.7333,13111500
20130306,5.2733,5.3200,4.8800,4.9000,29444500
20130307,5.0267,5.4667,4.9867,5.4667,38387400
20130308,4.9333,5.1400,4.8400,5.0667,16923800
20130311,4.8733,5.0000,4.8267,4.9333,13314800
20130312,4.6933,4.8867,4.5600,4.8733,17141800
20130313,4.7000,4.9000,4.6200,4.7300,10499600
20130314,4.5300,4.7000,4.5200,4.6100,13043400
20130315,4.5500,4.6500,4.4200,4.5200,13883000
20130318,4.4800,4.6300,4.4700,4.5500,9853100
20130319,4.4200,4.5400,4.2700,4.4700,10764600
20130320,4.6100,4.6500,4.3700,4.4200,14270200
20130321,4.6000,4.6500,4.5500,4.6100,9197200
20130322,4.6400,4.6900,4.5600,4.6000,9718200
20130325,4.5900,4.6800,4.5200,4.6500,7848200
20130326,4.5100,4.5800,4.4300,4.5800,7216600
20130327,4.5400,4.5800,4.4700,4.5300,7777800
20130328,4.7700,4.8900,4.4200,4.5600,39969600
20130329,5.2500,5.2500,4.7100,4.7600,59539500
20130401,5.2000,5.4200,5.0800,5.3600,50831300
20130402,5.0100,5.1500,4.9700,5.1500,30646000
20130403,5.3700,5.4800,4.9800,5.0000,56889000
20130404,5.3700,5.3700,5.3700,5.3700,0
20130405,5.3700,5.3700,5.3700,5.3700,0
20130408,5.3000,5.4800,5.1800,5.3800,36267900
20130409,5.1500,5.2900,5.0500,5.2900,23405600
20130410,5.2400,5.2400,5.0300,5.1500,19992900
20130411,5.1100,5.2200,5.1000,5.2000,11689600
20130412,4.9300,5.1400,4.9200,5.0800,13677000
20130415,4.9200,5.0200,4.8700,4.9000,8267600
20130416,4.8000,4.8800,4.5800,4.8800,11434300
20130417,4.8900,4.9100,4.7100,4.8000,9211100
20130418,4.9000,5.0300,4.8000,4.8800,11147100
20130419,4.9600,5.0000,4.8800,4.9400,10257300
20130422,5.1700,5.3000,5.0100,5.0100,22114700
20130423,4.9900,5.1600,4.9800,5.1100,13754400
20130424,5.0400,5.0700,4.9400,5.0000,9574000
20130425,4.8600,5.0200,4.8500,5.0100,10102500
20130426,4.7300,4.9000,4.6900,4.8500,8647500
20130429,4.7300,4.7300,4.7300,4.7300,0
20130430,4.7300,4.7300,4.7300,4.7300,0
20130501,4.7300,4.7300,4.7300,4.7300,0
20130502,4.7000,4.7500,4.6000,4.7400,4132000
20130503,4.7700,4.8200,4.7200,4.7300,4657100
20130506,4.8000,4.8300,4.7500,4.7700,4726300
20130507,4.7600,4.8000,4.7200,4.8000,4663200
20130508,4.8200,4.8300,4.7000,4.7900,8251200
20130509,4.7600,4.8600,4.7200,4.8300,6075500
20130510,4.7700,4.8000,4.7100,4.7300,5294500
20130513,4.7400,4.8000,4.7100,4.7800,5142400
20130514,4.6200,4.7500,4.5800,4.7400,7355600
20130515,4.6600,4.6800,4.6100,4.6100,4195000
20130516,4.7100,4.7200,4.5600,4.6300,6794100
20130517,4.7200,4.7300,4.6400,4.7100,7429000
20130520,4.6900,4.7400,4.6500,4.7300,8499300
20130521,4.7700,4.7800,4.6400,4.6900,9759000
20130522,4.7500,4.8200,4.7200,4.7800,8761900
20130523,5.0400,5.1100,4.7600,4.7900,32697700
20130524,5.0200,5.0900,4.9300,5.0000,16739700
20130527,4.9600,4.9900,4.9100,4.9900,10554000
20130528,4.9600,4.9800,4.8700,4.9600,8117500
20130529,4.9200,4.9800,4.9000,4.9700,8303600
20130530,5.0800,5.1400,4.8800,4.9100,24507600
20130531,5.0200,5.1200,5.0100,5.1000,13834800
20130603,5.0000,5.0700,4.9600,5.0200,8013100
20130604,4.8400,5.0100,4.8000,5.0000,8497700
20130605,4.8000,4.8500,4.7500,4.7900,5475800
20130606,4.7100,4.8000,4.7100,4.8000,4573000
20130607,4.7300,4.8100,4.6800,4.7000,4972000
20130610,4.7300,4.7300,4.7300,4.7300,0
20130611,4.7300,4.7300,4.7300,4.7300,0
20130612,4.7300,4.7300,4.7300,4.7300,0
20130613,4.5300,4.7000,4.4400,4.7000,4945400
20130614,4.7000,4.7100,4.5100,4.5600,5112800
20130617,4.7100,4.7400,4.6300,4.7200,3571300
20130618,4.7100,4.7600,4.6800,4.6800,2278400
20130619,4.6500,4.6900,4.5900,4.6800,3178400
20130620,4.4900,4.6200,4.4800,4.6000,3608200
20130621,4.5000,4.5500,4.3100,4.4400,3870700
20130624,4.1600,4.5000,4.0800,4.5000,4438900
20130625,3.9900,4.1700,3.7400,4.1600,7836300
20130626,4.1600,4.1800,3.9900,4.0800,5402300
20130627,4.0800,4.2000,4.0600,4.1800,3288400
20130628,4.0500,4.1400,3.9800,4.0700,2625300
20130701,4.1100,4.1200,4.0200,4.0200,2090500
20130702,4.2200,4.2200,4.0700,4.1000,4113000
20130703,4.1700,4.2100,4.0800,4.2100,3524600
20130704,4.1800,4.2400,4.0900,4.1200,3712000
20130705,4.1500,4.2200,4.1500,4.1900,2339900
20130708,4.0000,4.0900,3.9600,4.0900,3727700
20130709,3.9900,4.0200,3.9600,3.9900,2242400
20130710,4.1200,4.1300,3.9900,3.9900,2777500
20130711,4.2100,4.2500,4.0800,4.1100,5283700
20130712,4.2100,4.3100,4.1900,4.2100,4602300
20130715,4.3300,4.4000,4.2700,4.3000,5750300
20130716,4.3500,4.3800,4.2800,4.3500,4232500
20130717,4.4500,4.5800,4.3100,4.3400,9701300
20130718,4.9000,4.9000,4.3300,4.4500,15401500
20130719,4.7100,5.0900,4.6900,5.0000,28434200
20130722,4.8500,4.8900,4.5200,4.6000,13641100
20130723,4.8300,4.8600,4.7200,4.8000,12444700
20130724,4.6900,4.8200,4.6300,4.8200,11425100
20130725,4.6500,4.7700,4.6300,4.6900,8834300
20130726,4.4600,4.6800,4.4000,4.6200,7189300
20130729,4.5000,4.6100,4.4100,4.4100,6085200
20130730,4.5200,4.5900,4.4800,4.4900,4053500
20130731,4.4900,4.5900,4.4600,4.5100,3529000
20130801,4.5700,4.5700,4.4500,4.4900,4247800
20130802,4.7400,4.7900,4.5700,4.5800,11545200
20130805,4.7900,4.8600,4.7100,4.7200,7201800
20130806,4.7800,4.8200,4.7100,4.7900,5763500
20130807,4.7000,4.7700,4.6600,4.7700,5172700
20130808,4.7500,4.7900,4.6800,4.7000,4763400
20130809,4.7600,4.7900,4.6600,4.7500,4491500
20130812,4.8500,4.9600,4.8300,4.8400,11458400
20130813,4.8300,4.8600,4.7600,4.8200,8291400
20130814,4.7800,4.8600,4.7500,4.8400,5055000
20130815,4.6600,4.8000,4.6400,4.7700,5427000
20130816,4.5800,4.7600,4.5700,4.6400,5559900
20130819,4.6200,4.6200,4.5200,4.5700,2998200
20130820,4.6100,4.6300,4.5700,4.6200,3221900
20130821,4.6200,4.6300,4.5700,4.6100,2427200
20130822,4.6800,4.6800,4.5900,4.6100,3702500
20130823,4.6400,4.7400,4.5600,4.6700,4170700
20130826,4.7300,4.7600,4.5900,4.6400,6756000
20130827,4.8000,4.8000,4.6900,4.7300,6835700
20130828,4.6700,4.7400,4.6500,4.7000,7259500
20130829,4.7600,4.8400,4.6600,4.6700,9439400
20130830,4.7000,4.8900,4.6700,4.7800,12032900
20130902,4.5900,4.6900,4.5200,4.6400,7230500
20130903,4.6100,4.6200,4.5500,4.5900,3827000
20130904,4.5800,4.6300,4.5500,4.6200,4396000
20130905,4.5900,4.6100,4.5300,4.5800,4099800
20130906,4.5900,4.6100,4.5500,4.6000,4390900
20130909,4.6000,4.6300,4.5600,4.5700,5539000
20130910,4.6300,4.6300,4.5800,4.6200,5920400
20130911,4.7200,4.7300,4.5800,4.6300,8905000
20130912,4.7400,4.7800,4.6600,4.6600,8902600
20130913,4.7000,4.7500,4.6500,4.7400,5164000
20130916,4.7500,4.7900,4.6400,4.6900,6588200
20130917,4.6600,4.7600,4.6500,4.7500,4444000
20130918,4.6100,4.6700,4.5800,4.6500,3460000
20130920,4.6100,4.6100,4.6100,4.6100,0
20130923,4.6600,4.6800,4.6100,4.6100,3153100
20130924,4.6400,4.6600,4.5800,4.6600,4526000
20130925,4.6200,4.6500,4.5700,4.6400,4590700
20130926,4.5100,4.6000,4.5100,4.5900,4251500
20130927,4.5500,4.6000,4.5100,4.5100,3596400
20130930,4.5700,4.6200,4.5000,4.5600,4419200
20131001,4.5700,4.5700,4.5700,4.5700,0
20131002,4.5700,4.5700,4.5700,4.5700,0
20131003,4.5700,4.5700,4.5700,4.5700,0
20131004,4.5700,4.5700,4.5700,4.5700,0
20131007,4.5700,4.5700,4.5700,4.5700,0
20131008,4.6900,4.6900,4.5300,4.5600,6766000
20131009,4.8600,4.8900,4.6300,4.6700,18489000
20131010,4.7600,4.8900,4.7500,4.8700,8964200
20131011,5.0300,5.1200,4.7300,4.7500,28934400
20131014,4.9600,5.0800,4.9000,5.0800,14988100
20131015,5.0100,5.1000,4.9400,4.9900,13311400
20131016,4.8000,5.0000,4.7600,5.0000,10210600
20131017,4.7900,4.8800,4.7500,4.8100,7236400
20131018,4.7700,4.8200,4.7400,4.8100,4045200
20131021,4.8300,4.8700,4.7500,4.7700,7597700
20131022,4.9400,4.9600,4.8200,4.8500,13280600
20131023,4.7400,4.9400,4.7100,4.9400,9102800
20131024,4.6700,4.7500,4.6600,4.6800,4353700
20131025,4.5800,4.7100,4.5600,4.6700,5037000
20131028,4.5700,4.6300,4.5500,4.5700,3644900
20131029,4.4000,4.6200,4.3000,4.5600,5715000
20131030,4.4800,4.5000,4.3800,4.4000,3735500
20131031,4.4100,4.4600,4.3700,4.4600,3435500
20131101,4.4400,4.4400,4.3700,4.4100,2055600
20131104,4.4800,4.4900,4.4200,4.4300,2054200
20131105,4.5400,4.5700,4.4100,4.4900,3233700
20131106,4.4200,4.5400,4.4200,4.5300,3927300
20131107,4.3800,4.4400,4.3600,4.4400,2815400
20131108,4.2700,4.3700,4.2500,4.3600,3354200
20131111,4.2900,4.3300,4.2500,4.2700,2093700
20131112,4.3400,4.3400,4.2800,4.2800,2022600
20131113,4.1700,4.3300,4.1700,4.3300,3223700
20131114,4.2000,4.2300,4.1300,4.1700,2479000
20131115,4.2700,4.3000,4.1700,4.1700,3287200
20131118,4.3800,4.3800,4.2800,4.2900,3728900
20131119,4.4100,4.4500,4.3400,4.3800,4150200
20131120,4.4500,4.4800,4.3500,4.4000,4461400
20131121,4.5000,4.5500,4.4000,4.4200,6184000
20131122,4.4400,4.5000,4.4100,4.4100,3594900
20131125,4.4200,4.4700,4.4000,4.4000,2347500
20131126,4.4100,4.4500,4.3700,4.4500,2079600
20131127,4.4300,4.4400,4.3800,4.4100,2948500
20131128,4.4500,4.4800,4.4200,4.4300,3930100
20131129,4.5000,4.5200,4.4400,4.4400,4068600
20131202,4.2700,4.4500,4.2200,4.4300,5173400
20131203,4.3500,4.3600,4.2500,4.2500,1740500
20131204,4.4100,4.4300,4.3500,4.3500,3244000
20131205,4.4400,4.4600,4.3900,4.4100,2945400
20131206,4.4300,4.4400,4.3900,4.4400,2425800
20131209,4.4100,4.4600,4.4000,4.4600,2566900
20131210,4.4200,4.4400,4.3800,4.4200,3009300
20131211,4.3400,4.4200,4.3200,4.4200,2873900
20131212,4.3700,4.3800,4.3300,4.3400,1866200
20131213,4.3300,4.3800,4.3300,4.3500,1827300
20131216,4.2600,4.3500,4.2300,4.3500,2947900
20131217,4.2600,4.2900,4.2300,4.2500,2029900
20131218,4.2500,4.2600,4.1900,4.2300,2015100
20131219,4.2200,4.2800,4.2000,4.2800,2029000
20131220,4.1600,4.2500,4.1500,4.2100,2672800
20131223,4.2500,4.2700,4.1000,4.1700,3527200
20131224,4.2400,4.2600,4.2000,4.2100,2246900
20131225,4.2500,4.2600,4.2000,4.2600,1518600
20131226,4.1500,4.2600,4.1400,4.2500,2543200
20131227,4.1800,4.2000,4.1200,4.1200,1969500
20131230,4.1900,4.2200,4.1500,4.2000,2050000
20131231,4.2200,4.2300,4.1600,4.1600,1873300
20140101,4.2200,4.2200,4.2200,4.2200,0
20140102,4.2200,4.2400,4.1600,4.2100,2441400
20140103,4.1600,4.2400,4.1600,4.2100,2016500
20140106,4.0900,4.1900,4.0800,4.1900,2474100
20140107,4.1200,4.1300,4.0500,4.1000,1228200
20140108,4.0900,4.1300,4.0800,4.1200,1641600
20140109,4.0100,4.1000,4.0000,4.0800,1905100
20140110,3.9400,4.0200,3.9100,4.0100,1759900
20140113,3.9000,3.9500,3.8800,3.9500,1687100
20140114,3.9600,3.9600,3.8200,3.9000,2544200
20140115,3.9900,4.0000,3.9100,3.9600,1773800
20140116,4.0400,4.0400,3.9500,3.9900,1330500
20140117,3.9700,4.0400,3.9500,4.0400,1258700
20140120,3.9400,3.9700,3.9100,3.9500,1175500
20140121,3.9700,3.9900,3.9200,3.9600,1075400
20140122,4.0800,4.1100,3.9500,3.9500,2661000
20140123,4.0800,4.1200,4.0600,4.0900,1986400
20140124,4.1200,4.1500,4.0600,4.0600,2121400
20140127,4.1200,4.1400,4.0900,4.1200,1654700
20140128,4.1100,4.1600,4.0800,4.1200,2175700
20140129,4.0400,4.1000,4.0100,4.1000,3436900
20140130,4.0000,4.0400,3.9800,4.0200,1569600
20140131,4.0000,4.0000,4.0000,4.0000,0
20140203,4.0000,4.0000,4.0000,4.0000,0
20140205,4.0000,4.0000,4.0000,4.0000,0
20140206,4.0000,4.0000,4.0000,4.0000,0
20140207,4.0100,4.0200,3.9600,4.0000,1920900
20140210,4.1500,4.1600,4.0000,4.0100,5195700
20140211,4.2700,4.3300,4.1400,4.1400,7673100
20140212,4.4500,4.5700,4.2500,4.2700,14025100
20140213,4.5600,4.7200,4.4200,4.4800,19501200
20140214,4.5100,4.6200,4.4300,4.5100,7736800
20140217,4.5000,4.5700,4.4400,4.5100,5765600
20140218,4.5500,4.6000,4.4400,4.4900,9106300
20140219,4.5200,4.5500,4.4500,4.5300,5062000
20140220,4.4800,4.5400,4.4400,4.5200,4655600
20140221,4.3300,4.4900,4.2600,4.4800,6492000
20140224,4.3800,4.4000,4.2600,4.3000,3587400
20140225,4.2600,4.4000,4.2500,4.3800,5726000
