20130226,43.6900,46.5000,43.6600,43.9500,2002400
20130227,42.1200,43.9000,41.5900,43.2800,2106800
20130228,41.4600,42.3900,40.3500,42.3900,2600300
20130301,41.9700,42.6400,41.0000,41.2800,2053800
20130304,41.9600,43.5300,41.3800,41.8300,2497500
20130305,42.1000,43.1900,41.3500,41.3500,2517300
20130306,43.9200,44.2000,41.5000,42.2500,3021800
20130307,44.6000,46.3000,43.6000,44.0000,4970400
20130308,42.6600,46.0000,42.6100,44.0000,2434700
20130311,40.9900,42.5300,40.5000,42.5300,2750200
20130312,39.6800,41.4000,39.0000,40.8900,2208800
20130313,42.3400,42.4300,39.5000,39.7000,4238100
20130314,41.7000,42.5700,41.1500,42.5500,2099200
20130315,40.7900,41.7000,40.2400,41.3000,2131300
20130318,39.3700,41.3000,37.5000,40.8000,3622400
20130319,40.1900,40.2300,38.0000,38.9500,2204700
20130320,40.4300,40.7000,39.3100,39.8900,1356100
20130321,39.4900,40.5100,39.1000,40.5000,1906800
20130322,39.4300,39.9900,38.9800,39.1800,1463000
20130325,38.2400,39.5200,37.9000,39.1600,2915800
20130326,37.0600,38.1600,36.9000,38.0600,3465600
20130327,35.2200,36.9100,34.6000,36.9100,7290500
20130328,33.5100,34.9100,32.9800,34.9100,6641700
20130329,32.8200,33.9600,32.1500,33.4900,4010300
20130401,30.9500,32.9900,30.8200,32.6000,8060800
20130402,31.1300,31.4000,30.6600,30.9000,3826600
20130403,30.0000,31.4600,29.8800,31.2400,5063000
20130404,30.0000,30.0000,30.0000,30.0000,0
20130405,30.0000,30.0000,30.0000,30.0000,0
20130408,30.6900,30.8500,29.0100,29.6600,4143100
20130409,31.2300,31.5000,30.5000,30.6000,4270100
20130410,32.7800,33.0000,31.0100,31.3000,5354900
20130411,31.8300,32.7000,31.6800,32.6900,3377100
20130412,32.6600,33.2900,31.4000,31.7000,3519300
20130415,31.9600,32.7500,31.5800,32.6600,1987900
20130416,30.8800,31.5000,30.5600,31.2100,2085300
20130417,31.4600,31.8900,30.6000,30.8000,1662700
20130418,30.8000,31.4000,30.4000,31.4000,1904700
20130419,31.3400,31.6000,30.7500,30.7500,2046800
20130422,29.5000,31.2500,28.9300,30.8000,6485400
20130423,29.0400,29.8800,28.9700,29.0900,2890500
20130424,28.6100,29.3300,27.7000,29.1200,4786000
20130425,27.6900,28.4100,27.6700,28.0000,3096300
20130426,26.7700,28.1000,26.7200,27.5500,2604900
20130429,26.7700,26.7700,26.7700,26.7700,0
20130430,26.7700,26.7700,26.7700,26.7700,0
20130501,26.7700,26.7700,26.7700,26.7700,0
20130502,25.6900,26.7500,25.5000,26.5000,2932800
20130503,26.0300,26.4700,25.7100,25.7800,2118700
20130506,27.5100,27.5500,26.0300,26.0300,4351000
20130507,30.2600,30.2600,27.1200,27.4500,8274400
20130508,30.5400,30.6000,29.5200,30.0000,5832500
20130509,32.3000,32.8800,30.1500,30.6200,7981200
20130510,32.1400,33.3000,31.5000,32.3400,3473200
20130513,32.0600,33.2500,31.5800,32.1000,3642600
20130514,29.8000,31.9300,29.1000,31.8000,6662100
20130515,29.8600,30.4900,29.6300,29.7800,3835100
20130516,30.2000,30.4800,28.7500,29.8800,5599500
20130517,30.4500,30.7200,29.7300,30.0200,3522800
20130520,30.7400,31.1000,30.3400,30.6000,4412800
20130521,30.2500,30.9500,30.0300,30.5500,3931400
20130522,32.8400,33.0000,30.2600,30.3900,8632000
20130523,32.7400,33.5500,32.0500,32.4800,6459100
20130524,32.6600,33.3000,32.1000,32.7400,4032800
20130527,32.8300,33.0900,32.0000,32.6600,3306200
20130528,33.0100,33.1700,32.3900,32.7600,3864800
20130529,33.0100,34.1900,32.9800,33.3000,5301900
20130530,31.8800,32.8000,31.4500,32.4800,4617500
20130531,31.6700,32.5000,31.6100,31.6500,2315000
20130603,31.1700,31.9500,30.6100,31.6800,2916100
20130604,30.6800,31.1600,30.4600,31.1400,1741500
20130605,31.4600,31.6200,30.0800,30.6000,2685100
20130606,31.1900,31.8100,31.0000,31.2900,1869400
20130607,30.1800,31.3000,29.5000,31.0300,2394500
20130610,30.1800,30.1800,30.1800,30.1800,0
20130611,30.1800,30.1800,30.1800,30.1800,0
20130612,30.1800,30.1800,30.1800,30.1800,0
20130613,30.4000,30.9500,28.7000,29.9000,1958900
20130614,30.5000,31.1500,29.8900,30.6000,1529900
20130617,29.3600,30.4500,28.9000,30.4000,2487500
20130618,29.2300,29.6800,28.8200,29.1300,1481400
20130619,30.9800,31.3100,28.5000,28.8000,3935700
20130620,29.7300,31.4500,29.4000,30.4600,2649200
20130621,30.2200,30.6000,28.7500,29.0300,1743100
20130624,29.3800,30.7700,28.5000,29.8100,4262300
20130625,28.1100,29.5300,26.4400,28.7500,4123700
20130626,28.0400,28.3700,27.0000,28.0000,2175700
20130627,26.2000,28.2500,26.1900,28.0900,4485100
20130628,26.6000,28.8200,26.0000,28.8200,5835300
20130701,26.2800,26.5000,25.7200,26.2000,3303400
20130702,27.6600,28.0900,26.0300,26.0300,5060500
20130703,27.6600,28.1000,26.7000,27.1500,4733100
20130704,28.0200,28.2000,27.1300,27.4800,3150300
20130705,27.8900,28.7400,27.7000,28.0000,2551300
20130708,26.3700,27.5100,26.3000,27.5000,2166300
20130709,25.9800,26.7000,25.5000,26.3700,1957200
20130710,27.1900,27.3000,25.7300,25.7300,2619600
20130711,29.0700,29.9100,26.8000,27.0000,6474000
20130712,27.8000,28.8900,27.6900,28.7000,3864400
20130715,28.2200,28.5800,27.5000,27.6100,2287500
20130716,28.9300,29.9200,27.9300,28.2000,2984300
20130717,28.1200,28.8800,28.0000,28.6100,1789000
20130718,27.8000,28.2300,27.6600,28.0300,1520300
20130719,26.3800,28.0600,26.0200,27.9000,3314400
20130722,26.6500,27.0500,26.0600,26.4100,1603500
20130723,27.2700,27.6000,26.7000,26.8500,2243000
20130724,27.1500,27.4700,26.4500,27.0800,2386400
20130725,27.6600,28.7000,26.7400,27.1500,4692200
20130726,27.0600,27.4500,26.8200,27.4500,2222700
20130729,26.4300,26.9700,26.4000,26.8500,1432200
20130730,26.1200,26.4000,25.6500,26.0900,1290800
20130731,26.6900,26.7400,26.1000,26.1500,977300
20130801,26.9600,26.9800,26.5000,26.6800,1661200
20130802,26.9300,27.3600,26.7300,26.9000,2121900
20130805,27.3700,27.5400,26.7400,26.9000,2151200
20130806,27.6100,27.7800,27.1100,27.1500,2695000
20130807,27.1400,27.7000,27.0300,27.7000,1971300
20130808,26.7600,27.2500,26.6600,27.1000,1735500
20130809,27.0200,27.0800,26.5000,26.7400,1352200
20130812,27.8500,27.8900,26.8200,27.1500,3386400
20130813,28.1300,28.9900,27.8100,27.9500,4018500
20130814,27.9000,28.6500,27.7600,28.2800,2338800
20130815,28.1300,28.4900,27.8000,27.9000,2427300
20130816,27.7600,28.4100,27.6300,28.1500,2156200
20130819,27.7600,27.9500,27.2800,27.5000,1496000
20130820,27.5300,28.1500,27.4700,27.6500,947500
20130821,27.7400,27.8200,27.4500,27.8000,847300
20130822,26.9200,27.6500,26.8800,27.3200,1926800
20130823,26.4600,27.0000,26.0200,26.9000,2951000
20130826,26.7700,26.7900,26.2600,26.4600,2218500
20130827,27.0100,27.1000,26.4700,26.5900,1604500
20130828,26.4000,26.8100,26.1300,26.8000,2732800
20130829,26.3200,26.5300,26.0900,26.2000,1695100
20130830,26.1900,26.4000,26.1100,26.1100,1263800
20130902,24.8900,25.9700,24.5100,25.9700,3014300
20130903,25.4000,25.4900,24.7200,24.8800,1626900
20130904,25.0200,25.4000,24.9300,25.4000,1507600
20130905,25.3200,25.5500,24.9500,25.1100,1607200
20130906,25.4800,25.5200,25.1800,25.3200,1195100
20130909,25.6600,25.7400,25.4000,25.4800,1487300
20130910,25.4900,25.7700,25.3700,25.6800,2143000
20130911,25.8800,26.2300,25.3000,25.5000,2573100
20130912,25.6000,26.1500,25.5500,25.9200,1598400
20130913,26.0500,26.5600,25.5000,25.6000,3035600
20130916,25.4100,26.0900,25.4000,25.9000,2050300
20130917,23.8800,25.5500,23.8500,25.4400,4907600
20130918,24.0900,24.1800,23.7100,23.9000,1399300
20130920,24.0900,24.0900,24.0900,24.0900,0
20130923,23.9100,24.2300,23.6900,24.1000,2212800
20130924,24.1400,24.1800,23.6200,24.1700,2605700
20130925,23.5900,24.0000,23.5800,24.0000,2216500
20130926,23.3600,23.7100,23.2000,23.5400,1631000
20130927,23.0000,23.5400,22.9800,23.5000,1883400
20130930,22.8800,23.1600,22.4800,23.0100,1383300
20131001,22.8800,22.8800,22.8800,22.8800,0
20131002,22.8800,22.8800,22.8800,22.8800,0
20131003,22.8800,22.8800,22.8800,22.8800,0
20131004,22.8800,22.8800,22.8800,22.8800,0
20131007,22.8800,22.8800,22.8800,22.8800,0
20131008,22.9000,23.0100,22.5800,22.5800,1196600
20131009,23.0800,23.2400,22.7500,22.9100,1293800
20131010,22.7900,23.1500,22.7700,23.1500,1352500
20131011,22.8000,22.8700,22.6400,22.8500,1165500
20131014,24.4400,25.0400,22.7100,22.8000,4967600
20131015,24.7800,25.1700,24.0000,24.0100,3713300
20131016,24.7300,25.5700,24.5300,24.7000,3634900
20131017,24.4500,25.1800,24.3000,24.7300,1757700
20131018,24.3600,24.7000,24.2100,24.2300,1554400
20131021,24.3500,24.5000,23.4900,24.3600,2399100
20131022,24.6600,24.7000,24.1500,24.3500,1787100
20131023,24.4200,24.7500,23.9100,24.7000,1142500
20131024,23.9300,24.3500,23.9000,24.2800,802900
20131025,23.1900,24.1300,22.9000,23.7500,1263800
20131028,22.0800,22.9800,21.9000,22.9800,1598600
20131029,21.9700,22.4100,21.4100,21.4100,798500
20131030,22.2100,22.2500,21.6800,21.9700,585700
20131031,22.9300,24.0000,22.6200,24.0000,1872500
20131101,22.2200,23.1000,22.0200,23.0000,804200
20131104,22.8100,22.8400,22.1600,22.2300,795400
20131105,22.7300,22.8000,22.3600,22.6900,486700
20131106,22.8900,23.4200,22.4100,22.6900,1968900
20131107,22.8000,23.0900,22.3000,22.6200,921700
20131108,22.2000,22.9700,22.1100,22.7800,632400
20131111,23.3400,23.4700,22.0400,22.3000,2149200
20131112,24.4700,25.0900,23.1000,23.3200,4203400
20131113,24.5500,25.1400,23.8900,24.2000,4228700
20131114,24.0600,24.5000,23.7800,24.4000,1762500
20131115,23.9600,24.4000,23.8000,24.0800,1679800
20131118,24.1300,24.2900,23.7300,24.0000,1547100
20131119,24.6500,25.1000,23.9300,24.1400,2946600
20131120,24.4600,24.6300,24.0500,24.6000,1122000
20131121,23.7000,24.4600,23.5100,24.4600,2086300
20131122,23.6600,23.9600,23.5100,23.5100,638100
20131125,25.0000,25.2200,23.6500,23.6600,5151200
20131126,24.9600,25.2000,24.6100,25.1000,2097700
20131127,24.8400,24.9500,24.6200,24.7600,1496100
20131128,24.7400,25.1100,24.5400,24.8400,3641800
20131129,24.2200,24.8000,23.9800,24.7000,3818000
20131202,22.7900,24.1000,22.7000,23.9000,2998100
20131203,23.4800,23.7800,22.5000,22.7700,1378500
20131204,23.5300,23.9500,23.2100,23.3300,1548800
20131205,23.7600,24.0300,23.0100,23.4800,2562200
20131206,24.5100,24.5400,23.5400,23.6000,3359200
20131209,25.7700,26.1600,24.3200,24.3200,7330800
20131210,25.7400,25.9600,25.4900,25.7400,2469500
20131211,26.2000,26.9600,25.1000,25.7200,4443000
20131212,26.8500,26.9800,25.8100,26.0300,3752500
20131213,26.3600,27.3900,26.2100,26.8500,2855500
20131216,25.3600,26.3600,25.2800,26.3000,2503600
20131217,25.4100,25.9200,24.9000,25.4000,2062800
20131218,25.3000,25.4500,25.0000,25.3200,896400
20131219,25.5800,25.7400,24.8900,25.3300,1517800
20131220,25.0400,25.6900,24.7000,25.1500,1768700
20131223,24.8300,25.1600,24.1000,24.9400,1188300
20131224,25.5200,25.5500,24.5700,24.7800,1667000
20131225,25.8400,26.2900,25.3300,25.4100,1843700
20131226,24.6000,25.9700,24.3000,25.8400,1893000
20131227,24.7000,24.9500,24.3200,24.5100,1762600
20131230,24.5500,24.8900,24.4200,24.6900,1139400
20131231,25.9700,26.1600,24.3800,24.5600,3635100
20140101,25.9700,25.9700,25.9700,25.9700,0
20140102,25.6300,25.9700,24.9600,25.4600,2318400
20140103,25.5500,25.7800,25.1100,25.3100,2108700
20140106,24.1700,25.4800,24.0000,25.4800,2089000
20140107,25.2800,25.3200,24.0100,24.0100,1256800
20140108,24.9000,25.9500,24.8300,25.0600,1578300
20140109,25.0500,25.7000,24.6000,24.7800,1807700
20140110,24.4400,25.2500,24.3100,25.0000,962100
20140113,24.6100,24.9500,24.0600,24.4800,1091300
20140114,25.3700,25.4000,24.1000,24.5000,1659900
20140115,25.0700,25.3700,24.7100,25.3600,1237100
20140116,25.4000,25.8800,24.9200,25.0700,1689500
20140117,24.6600,25.3800,24.5500,25.3800,1422800
20140120,25.4300,25.4800,24.5500,24.5500,2854000
20140121,25.1700,25.4000,25.0100,25.4000,1398600
20140122,25.7400,26.0800,25.0000,25.0700,2587900
20140123,25.6100,25.8300,25.3100,25.6100,1905700
20140124,25.6200,26.0000,25.3600,25.3600,2293900
20140127,24.8200,25.5000,24.7700,25.3000,2839900
20140128,24.2300,24.9700,23.9700,24.8200,2706300
20140129,22.7000,24.3600,22.5300,24.0100,3537400
20140130,22.1900,22.6200,21.4900,22.6200,3008700
20140131,22.1900,22.1900,22.1900,22.1900,0
20140203,22.1900,22.1900,22.1900,22.1900,0
20140205,22.1900,22.1900,22.1900,22.1900,0
20140206,22.1900,22.1900,22.1900,22.1900,0
20140207,21.8800,22.0700,21.6000,22.0700,1922800
20140210,22.4900,22.5400,21.8800,21.9100,2790400
20140211,22.6700,23.0900,22.2000,22.4000,2668900
20140212,22.5200,22.6600,22.3000,22.5800,1549400
20140213,22.3900,22.9100,22.3500,22.5200,1681900
20140214,22.8300,22.9800,22.3500,22.3500,2092600
20140217,23.9500,24.1000,22.6300,22.8300,5290100
20140218,23.5300,23.8500,23.3500,23.8000,1683700
20140219,23.5900,24.1700,23.4300,23.4500,1611100
20140220,23.3800,23.9500,23.2000,23.6200,1767900
20140221,23.1900,23.6400,23.0900,23.4000,883300
20140224,22.5800,23.1500,22.0400,23.1500,1333000
20140225,21.9500,22.5800,21.8000,22.5800,1275000
