20130226,6.7533,6.8800,6.7333,6.7800,1240400
20130227,6.8133,6.8867,6.7333,6.8000,1075100
20130228,6.9467,6.9600,6.7867,6.8467,1493200
20130301,6.9467,7.0200,6.8867,6.9800,1600700
20130304,6.7667,6.9333,6.7000,6.8667,2418600
20130305,6.8333,6.8333,6.7400,6.7867,1010600
20130306,6.9467,7.0000,6.7933,6.8600,2874500
20130307,6.8800,6.9800,6.8467,6.9733,1150400
20130308,6.9333,6.9667,6.8133,6.8800,1570400
20130311,6.8400,6.9733,6.5867,6.9467,1827500
20130312,6.6200,6.9200,6.5333,6.7467,2475900
20130313,6.5600,6.7133,6.4800,6.5667,788000
20130314,6.5867,6.6067,6.4933,6.5333,940400
20130315,6.5733,6.6933,6.5200,6.5867,899300
20130318,6.4533,6.5733,6.4400,6.4467,630500
20130319,6.3333,6.4867,6.3067,6.4800,867100
20130320,6.4600,6.4733,6.3333,6.3467,1552200
20130321,6.5067,6.5867,6.4467,6.4533,1323200
20130322,6.5200,6.5267,6.4333,6.5000,950900
20130325,6.5267,6.5733,6.4800,6.5733,966100
20130326,6.6333,6.7867,6.4533,6.4533,4169600
20130327,6.6667,6.7000,6.5667,6.5667,1398600
20130328,6.5533,6.6600,6.4667,6.6333,1168500
20130329,6.7200,6.8000,6.5667,6.5667,3408500
20130401,6.7400,6.7933,6.6733,6.7000,1551700
20130402,6.5733,6.7600,6.5133,6.7600,1791700
20130403,6.4600,6.6200,6.3667,6.5800,1032300
20130404,6.4600,6.4600,6.4600,6.4600,0
20130405,6.4600,6.4600,6.4600,6.4600,0
20130408,6.2600,6.4067,6.0000,6.4067,1168500
20130409,6.3133,6.3400,6.2600,6.2600,783000
20130410,6.2733,6.3133,6.1933,6.2667,929700
20130411,6.3000,6.3467,6.2533,6.2800,657200
20130412,6.2267,6.3267,6.2267,6.2467,591600
20130415,6.1533,6.2933,6.1467,6.2200,489200
20130416,6.3067,6.3133,6.0800,6.2000,662900
20130417,6.3200,6.4000,6.2333,6.2667,435400
20130418,6.3600,6.3733,6.2667,6.3200,667600
20130419,6.4667,6.4867,6.3000,6.3600,1088500
20130422,6.7133,6.9333,6.5867,6.6467,4633700
20130423,6.5600,6.6333,6.4800,6.6000,2203000
20130424,6.6000,6.6933,6.5333,6.5333,1307700
20130425,6.6600,6.8000,6.5667,6.5667,3101700
20130426,6.5733,6.7133,6.5467,6.6333,1004200
20130429,6.5733,6.5733,6.5733,6.5733,0
20130430,6.5733,6.5733,6.5733,6.5733,0
20130501,6.5733,6.5733,6.5733,6.5733,0
20130502,6.6667,6.6667,6.5333,6.5667,937900
20130503,6.6933,6.7733,6.6533,6.6867,1491900
20130506,6.7800,6.8800,6.6533,6.6600,2258300
20130507,6.7800,6.8400,6.7400,6.8133,1050400
20130508,6.8667,6.8667,6.7400,6.7733,2176800
20130509,6.8600,6.9200,6.7933,6.8733,1606900
20130510,6.9933,7.0333,6.7667,6.8867,2903800
20130513,7.0267,7.1067,6.9400,6.9933,2249800
20130514,7.0067,7.1000,6.9133,7.0000,1693800
20130515,6.9933,7.0667,6.9467,7.0000,1333800
20130516,7.0000,7.0667,6.9467,7.0267,2156000
20130517,7.1133,7.1533,6.9667,6.9933,2931300
20130520,7.2667,7.3000,7.0800,7.1133,3027600
20130521,7.2933,7.3200,7.1933,7.2333,1916700
20130522,7.2733,7.4400,7.2067,7.3200,2958800
20130523,7.2200,7.3467,7.2000,7.2200,1845600
20130524,7.3200,7.3800,7.2267,7.2267,1774200
20130527,7.3533,7.3867,7.2733,7.3800,1847200
20130528,7.2933,7.3533,7.2133,7.3467,2114100
20130529,7.2600,7.3267,7.2333,7.3000,1909400
20130530,7.2133,7.2667,7.1000,7.2667,3217500
20130531,7.2400,7.2533,7.1800,7.2000,1347300
20130603,7.4600,7.6000,7.2400,7.2800,4445600
20130604,7.3133,7.5133,7.2400,7.4600,2258200
20130605,7.2400,7.3667,7.2200,7.3333,1953200
20130606,7.0800,7.2800,7.0500,7.2200,634700
20130607,6.8300,7.0800,6.8300,7.0500,1538800
20130610,6.8300,6.8300,6.8300,6.8300,0
20130611,6.8300,6.8300,6.8300,6.8300,0
20130612,6.8300,6.8300,6.8300,6.8300,0
20130613,6.5500,6.7700,6.4800,6.7200,1507800
20130614,6.6300,6.6300,6.4900,6.5300,1835400
20130617,6.6000,6.6500,6.5100,6.6000,867600
20130618,6.5400,6.6400,6.4400,6.6400,1190900
20130619,6.4300,6.5300,6.3000,6.5200,1449800
20130620,6.2800,6.3900,6.2100,6.3800,850700
20130621,6.2400,6.2800,6.1300,6.1300,635500
20130624,5.8400,6.2400,5.7500,6.2400,1029500
20130625,5.9200,5.9400,5.5000,5.8900,1676100
20130626,6.0400,6.2300,5.9000,6.0000,1066700
20130627,5.9000,6.1800,5.8700,6.0300,969100
20130628,5.8900,6.0700,5.8000,5.8400,814300
20130701,5.9700,5.9900,5.8000,5.8200,451800
20130702,6.0000,6.0000,5.8800,5.9300,764500
20130703,5.8800,6.0000,5.8000,6.0000,668000
20130704,5.9200,5.9800,5.8100,5.8800,696700
20130705,6.0300,6.1600,5.9000,5.9200,1350700
20130708,5.8200,6.0300,5.7500,5.9700,819600
20130709,5.7700,5.8800,5.7600,5.8100,411200
20130710,5.9500,5.9900,5.7600,5.7700,682800
20130711,6.0900,6.1300,5.9200,5.9200,2203900
20130712,6.0600,6.1500,6.0000,6.1000,1387400
20130715,6.0900,6.1300,5.9900,6.0700,1291300
20130716,6.1700,6.2100,5.9700,6.0700,3179600
20130717,6.0500,6.2900,6.0400,6.2000,1803000
20130718,6.0400,6.1300,5.9800,6.0300,870200
20130719,5.8800,6.0800,5.8400,6.0300,1420900
20130722,5.8300,5.8700,5.7300,5.8000,896100
20130723,6.0600,6.1000,5.8000,5.8700,1623500
20130724,6.1100,6.1200,5.9400,6.0200,1415300
20130725,6.0000,6.1300,5.9800,6.1200,759500
20130726,5.9200,6.0400,5.8600,6.0400,722700
20130729,6.0900,6.1000,5.8800,5.9300,1324400
20130730,6.1400,6.2100,5.9500,6.0600,2513800
20130731,6.1300,6.1800,6.0300,6.1000,1621300
20130801,6.4400,6.6700,6.2900,6.4400,7459600
20130802,6.4300,6.4400,6.2700,6.4000,4130900
20130805,6.4600,6.5300,6.3400,6.4200,3444900
20130806,6.4200,6.4600,6.3200,6.4400,2398000
20130807,6.3100,6.4200,6.3000,6.3900,1730500
20130808,6.3600,6.3900,6.2800,6.3000,1033500
20130809,6.3700,6.4200,6.3000,6.4000,1295700
20130812,6.5000,6.5000,6.3200,6.3800,3232700
20130813,6.5800,6.6200,6.4600,6.5000,2252700
20130814,6.4600,6.5800,6.4300,6.5800,1901200
20130815,6.3100,6.4600,6.2900,6.4500,1815500
20130816,6.2500,6.3900,6.2100,6.3100,1625900
20130819,6.3300,6.3300,6.1800,6.2100,896100
20130820,6.2700,6.3500,6.2500,6.2800,738500
20130821,6.3300,6.3300,6.2100,6.2200,601500
20130822,6.2700,6.3500,6.2600,6.3300,790800
20130823,6.2000,6.3400,6.1200,6.3000,1012300
20130826,6.2900,6.3100,6.1500,6.2200,1171600
20130827,6.4100,6.4200,6.2900,6.3000,1601600
20130828,6.6000,6.7600,6.3600,6.4100,4509700
20130829,6.5900,6.6600,6.4800,6.6000,2347700
20130830,6.6200,6.7500,6.5400,6.6100,3051100
20130902,6.8400,6.8500,6.5600,6.6200,3653000
20130903,6.7800,6.8500,6.7000,6.8500,2851400
20130904,6.6700,6.7700,6.6300,6.7700,1936000
20130905,6.6700,6.7500,6.6100,6.7000,1375100
20130906,6.8100,6.8300,6.6300,6.6500,2450300
20130909,6.8600,6.9300,6.7500,6.8400,2303700
20130910,6.8200,6.9300,6.8000,6.8000,2222600
20130911,6.9300,7.1300,6.8300,6.8300,3275900
20130912,6.8000,6.9500,6.7700,6.8800,2138000
20130913,6.8000,6.8300,6.6600,6.8000,2621700
20130916,6.8400,6.9000,6.7100,6.7800,2098000
20130917,6.7000,6.8400,6.6900,6.8400,1051200
20130918,6.6800,6.7100,6.6500,6.6500,895300
20130920,6.6800,6.6800,6.6800,6.6800,0
20130923,6.8000,6.8400,6.7100,6.7100,1264700
20130924,6.7300,6.8400,6.6900,6.8300,1394900
20130925,6.8800,7.0500,6.7100,6.7200,5133500
20130926,6.8300,6.9900,6.8000,6.8300,2400900
20130927,6.9300,6.9700,6.7300,6.8300,4303800
20130930,6.9700,6.9900,6.8900,6.9700,1818700
20131001,6.9700,6.9700,6.9700,6.9700,0
20131002,6.9700,6.9700,6.9700,6.9700,0
20131003,6.9700,6.9700,6.9700,6.9700,0
20131004,6.9700,6.9700,6.9700,6.9700,0
20131007,6.9700,6.9700,6.9700,6.9700,0
20131008,7.2900,7.4500,6.9800,7.0000,8930900
20131009,7.2700,7.3000,7.1000,7.2300,4855800
20131010,7.1000,7.2300,7.1000,7.2300,2648000
20131011,7.1500,7.1900,7.0600,7.1500,2107500
20131014,7.1900,7.2200,7.1000,7.1500,2247600
20131015,7.2500,7.3700,7.1800,7.1900,2704900
20131016,6.9800,7.2200,6.8900,7.2200,3326700
20131017,6.9500,7.1400,6.9100,6.9900,1837300
20131018,6.9200,6.9700,6.8800,6.9300,1166800
20131021,7.0200,7.0400,6.8900,6.9000,1862000
20131022,7.0400,7.1100,6.9500,7.0100,1437600
20131023,7.1900,7.4600,7.0800,7.0800,6605700
20131024,6.9100,7.2000,6.8800,7.1000,3217500
20131025,6.7800,6.9600,6.6900,6.9300,2544500
20131028,6.7300,6.8000,6.5900,6.8000,1575300
20131029,6.4300,6.7300,6.1800,6.7200,2114100
20131030,6.5100,6.6600,6.4400,6.4600,1616900
20131031,6.5600,6.6100,6.4400,6.5600,1189800
20131101,6.4400,6.5400,6.3900,6.5400,900500
20131104,6.5400,6.5600,6.4100,6.5000,710400
20131105,6.6200,6.6300,6.4800,6.5100,1037500
20131106,6.5400,6.6900,6.5400,6.5900,1155900
20131107,6.3100,6.5600,6.3000,6.5100,1136600
20131108,6.2700,6.3800,6.1800,6.3800,1055200
20131111,6.3000,6.3600,6.1400,6.3200,1129200
20131112,6.3500,6.3700,6.2600,6.3000,563500
20131113,6.2700,6.3800,6.2600,6.3600,713400
20131114,6.3000,6.3200,6.2000,6.2500,567400
20131115,6.5100,6.5800,6.3400,6.3600,1992700
20131118,6.6400,6.6900,6.5100,6.5100,1301900
20131119,6.6400,6.7300,6.5500,6.6400,992000
20131120,6.6900,6.7000,6.6000,6.6200,1089400
20131121,6.7200,6.7300,6.6000,6.7000,1164200
20131122,6.6200,6.7700,6.6100,6.7600,871300
20131125,6.6300,6.7400,6.6200,6.6300,766300
20131126,6.6900,6.7100,6.6000,6.6400,1106000
20131127,6.7500,6.7600,6.6700,6.6900,1043600
20131128,6.9400,7.0100,6.7800,6.7800,2793600
20131129,6.9800,7.0400,6.8800,6.9300,1947000
20131202,6.7700,6.9400,6.5100,6.8700,1996100
20131203,7.0200,7.1100,6.6800,6.7200,4644900
20131204,7.1400,7.2500,6.9500,7.0200,4031600
20131205,7.0900,7.2200,7.0000,7.1500,2243400
20131206,7.2100,7.2300,7.0400,7.0900,2786800
20131209,7.2100,7.4500,7.1400,7.2800,5393000
20131210,7.2700,7.3500,7.0600,7.2500,3287500
20131211,7.4800,7.7300,7.1300,7.2500,14042800
20131212,7.7700,7.8000,7.3600,7.4200,15390700
20131213,7.7000,7.8800,7.5500,7.7500,9008700
20131216,7.6900,7.7900,7.3600,7.7300,8716300
20131217,7.6900,7.8500,7.4500,7.6300,8962000
20131218,7.3300,8.1600,7.3100,7.6900,7533300
20131219,7.3100,7.4000,7.1500,7.2800,4333600
20131220,7.0500,7.3200,7.0200,7.3200,3406500
20131223,6.9300,7.0500,6.8300,7.0400,2354100
20131224,6.9000,7.0400,6.8500,6.9900,1835800
20131225,7.0000,7.0100,6.9100,6.9700,1452900
20131226,6.8400,7.0300,6.8400,6.9600,1735800
20131227,6.9800,7.0400,6.8000,6.8300,1240400
20131230,7.0400,7.1300,6.9500,7.0000,1607700
20131231,7.0300,7.1000,6.9400,7.0400,1460700
20140101,7.0300,7.0300,7.0300,7.0300,0
20140102,7.3100,7.3200,7.0000,7.0300,3712500
20140103,7.4800,7.5600,7.2400,7.2500,5482400
20140106,7.5300,7.6500,7.3600,7.5000,5905000
20140107,7.5900,7.7500,7.3900,7.5300,5187200
20140108,7.5800,7.8300,7.3800,7.5800,3947100
20140109,7.6400,7.7500,7.5000,7.5100,4564500
20140110,7.3900,7.7200,7.3500,7.5200,3941500
20140113,7.4600,7.5500,7.0000,7.4500,4893600
20140114,7.6400,7.7000,7.3400,7.3700,7009700
20140115,7.6200,7.8300,7.4600,7.6600,8789500
20140116,7.5600,7.7000,7.4000,7.6100,6674800
20140117,7.3900,7.5000,7.2900,7.5000,3162100
20140120,7.2200,7.4100,7.1500,7.4100,2154000
20140121,7.3000,7.3200,7.1500,7.2600,1712400
20140122,7.4200,7.4300,7.2700,7.2800,2597100
20140123,7.3900,7.4500,7.3300,7.3900,1877700
20140124,7.5300,7.5300,7.3600,7.3700,2666200
20140127,7.4400,7.5400,7.4200,7.4800,1699000
20140128,7.4300,7.5000,7.3700,7.4500,1075500
20140129,7.3900,7.4600,7.3500,7.4000,1067900
20140130,7.4900,7.5200,7.3900,7.3900,1555400
20140131,7.4900,7.4900,7.4900,7.4900,0
20140203,7.4900,7.4900,7.4900,7.4900,0
20140205,7.4900,7.4900,7.4900,7.4900,0
20140206,7.4900,7.4900,7.4900,7.4900,0
20140207,7.4600,7.6000,7.4200,7.5000,3799500
20140210,7.7100,7.7200,7.4600,7.4600,5945100
20140211,7.6600,7.7400,7.6200,7.7300,3401000
20140212,7.8400,7.8500,7.6200,7.6600,5587100
20140213,7.6600,7.8800,7.6500,7.8700,3499900
20140214,7.6900,7.7100,7.5500,7.6600,2885700
20140217,7.8100,7.8600,7.6600,7.7100,3407800
20140218,8.0800,8.1500,7.7700,7.8200,6081600
20140219,8.4700,8.5000,8.0000,8.0800,9081800
20140220,8.0900,8.4800,8.0800,8.4800,6750400
20140221,8.2400,8.2900,7.9600,8.0300,4142900
20140224,8.3800,8.4500,8.1000,8.2500,4998900
20140225,8.1100,8.5800,8.0900,8.3800,5609300
