20130226,34.7500,35.5700,34.7100,35.3500,13719900
20130227,35.1000,35.4900,34.9500,35.2300,8758500
20130228,35.3000,35.3500,34.6900,35.0100,12262500
20130301,35.0000,35.0300,34.7800,34.9000,10928600
20130304,34.3300,35.3100,34.2000,34.9800,12377000
20130305,34.6600,34.7000,34.3400,34.6000,11404800
20130306,34.6000,34.8700,34.4000,34.7200,11533900
20130307,34.7300,34.8500,34.2600,34.5900,11760500
20130308,34.4000,34.6700,34.3700,34.6700,7679900
20130311,34.4400,34.5700,34.2500,34.4000,4885400
20130312,33.8500,34.6800,33.6000,34.4400,9680400
20130313,34.0200,34.3500,33.9000,34.0500,6002300
20130314,33.4700,34.0000,33.4600,33.8500,7273700
20130315,33.2000,33.8000,33.1200,33.5000,7675900
20130318,33.0800,33.5000,33.0300,33.2500,6581700
20130319,33.5900,33.7200,33.2700,33.2900,6936300
20130320,34.1600,34.2400,33.5000,33.8600,10616700
20130321,33.9700,34.1900,33.8200,34.1400,7316200
20130322,34.1800,34.4900,33.9900,34.1800,6624300
20130325,33.8100,34.2900,33.6800,34.1000,5713400
20130326,33.3100,33.8500,33.0900,33.8200,6811200
20130327,33.0700,33.4000,33.0300,33.2900,6419900
20130328,33.3400,33.8800,32.9100,33.1000,12643400
20130329,32.9000,33.1300,32.8200,33.1300,6337000
20130401,32.0500,32.7000,31.9100,32.7000,9627000
20130402,32.1300,32.4900,32.0900,32.1500,4503900
20130403,32.1300,32.1300,32.1300,32.1300,0
20130404,32.1300,32.1300,32.1300,32.1300,0
20130405,32.1300,32.1300,32.1300,32.1300,0
20130408,32.1300,32.1300,32.1300,32.1300,0
20130409,32.1300,32.1300,32.1300,32.1300,0
20130410,32.1300,32.1300,32.1300,32.1300,0
20130411,32.1300,32.1300,32.1300,32.1300,0
20130412,32.1300,32.1300,32.1300,32.1300,0
20130415,32.1300,32.1300,32.1300,32.1300,0
20130416,32.1300,32.1300,32.1300,32.1300,0
20130417,32.1300,32.1300,32.1300,32.1300,0
20130418,32.1300,32.1300,32.1300,32.1300,0
20130419,32.1300,32.1300,32.1300,32.1300,0
20130422,32.1300,32.1300,32.1300,32.1300,0
20130423,32.1300,32.1300,32.1300,32.1300,0
20130424,32.1300,32.1300,32.1300,32.1300,0
20130425,32.1300,32.1300,32.1300,32.1300,0
20130426,32.1300,32.1300,32.1300,32.1300,0
20130429,32.1300,32.1300,32.1300,32.1300,0
20130430,32.1300,32.1300,32.1300,32.1300,0
20130501,32.1300,32.1300,32.1300,32.1300,0
20130502,32.1300,32.1300,32.1300,32.1300,0
20130503,32.1300,32.1300,32.1300,32.1300,0
20130506,32.1300,32.1300,32.1300,32.1300,0
20130507,32.1300,32.1300,32.1300,32.1300,0
20130508,32.1300,32.1300,32.1300,32.1300,0
20130509,32.1300,32.1300,32.1300,32.1300,0
20130510,32.1300,32.1300,32.1300,32.1300,0
20130513,32.1300,32.1300,32.1300,32.1300,0
20130514,32.1300,32.1300,32.1300,32.1300,0
20130515,32.1300,32.1300,32.1300,32.1300,0
20130516,32.1300,32.1300,32.1300,32.1300,0
20130517,32.1300,32.1300,32.1300,32.1300,0
20130520,32.1300,32.1300,32.1300,32.1300,0
20130521,32.1300,32.1300,32.1300,32.1300,0
20130522,32.1300,32.1300,32.1300,32.1300,0
20130523,32.1300,32.1300,32.1300,32.1300,0
20130524,32.1300,32.1300,32.1300,32.1300,0
20130527,32.1300,32.1300,32.1300,32.1300,0
20130528,32.1300,32.1300,32.1300,32.1300,0
20130529,32.1300,32.1300,32.1300,32.1300,0
20130530,32.1300,32.1300,32.1300,32.1300,0
20130531,32.1300,32.1300,32.1300,32.1300,0
20130603,32.1300,32.1300,32.1300,32.1300,0
20130604,32.1300,32.1300,32.1300,32.1300,0
20130605,32.1300,32.1300,32.1300,32.1300,0
20130606,32.1300,32.1300,32.1300,32.1300,0
20130607,32.1300,32.1300,32.1300,32.1300,0
20130610,32.1300,32.1300,32.1300,32.1300,0
20130611,32.1300,32.1300,32.1300,32.1300,0
20130612,32.1300,32.1300,32.1300,32.1300,0
20130613,32.1300,32.1300,32.1300,32.1300,0
20130614,32.1300,32.1300,32.1300,32.1300,0
20130617,32.1300,32.1300,32.1300,32.1300,0
20130618,32.1300,32.1300,32.1300,32.1300,0
20130619,32.1300,32.1300,32.1300,32.1300,0
20130620,32.1300,32.1300,32.1300,32.1300,0
20130621,32.1300,32.1300,32.1300,32.1300,0
20130624,32.1300,32.1300,32.1300,32.1300,0
20130625,32.1300,32.1300,32.1300,32.1300,0
20130626,32.1300,32.1300,32.1300,32.1300,0
20130627,32.1300,32.1300,32.1300,32.1300,0
20130628,32.1300,32.1300,32.1300,32.1300,0
20130701,28.7700,28.7700,28.7700,28.7700,1443300
20130702,25.8900,25.8900,25.8900,25.8900,4279400
20130703,23.9900,24.7000,23.3000,23.3000,71539504
20130704,23.4200,23.7200,22.8900,23.2500,43844200
20130705,23.6400,24.2000,23.0100,23.1000,35080300
20130708,21.4100,22.8400,21.3900,22.7000,34271700
20130709,21.6100,21.9600,21.4100,21.5900,17330100
20130710,21.9200,21.9800,21.1000,21.5600,24238800
20130711,23.3600,23.6000,22.2000,22.4100,40879800
20130712,22.5000,23.2900,22.3900,23.2900,29602200
20130715,22.6100,22.9600,22.4400,22.6200,16002600
20130716,22.3900,22.5000,22.0300,22.5000,15037800
20130717,22.1600,22.6800,22.1200,22.4200,16259800
20130718,21.3500,21.9900,21.3300,21.9900,18833700
20130719,21.0100,21.5500,21.0000,21.3500,14261200
20130722,22.0400,22.0600,21.1600,21.3200,18246600
20130723,22.4800,23.3300,22.4100,22.5000,28995800
20130724,21.9900,22.6200,21.7000,22.4000,16677000
20130725,21.6900,22.0700,21.4000,21.6800,13741000
20130726,21.7000,21.9000,21.5200,21.7300,8416600
20130729,21.1600,21.5500,21.1500,21.5000,8861300
20130730,21.3300,21.7700,21.1800,21.1800,7771400
20130731,21.4900,21.7000,21.3600,21.3600,6429700
20130801,21.7500,21.8800,21.4600,21.5700,10493700
20130802,21.4000,21.7400,21.4000,21.5900,13273700
20130805,21.6200,21.6300,21.3500,21.5000,10400600
20130806,21.5300,21.5900,21.3000,21.5000,11398400
20130807,21.3500,21.4600,21.2100,21.3000,10609900
20130808,21.4000,21.5000,21.3100,21.3300,8951500
20130809,22.0400,22.1700,21.5300,21.6900,29193200
20130812,22.9800,23.2500,21.9300,22.3300,37532300
20130813,22.8500,23.1600,22.6600,23.0500,20254700
20130814,22.4900,22.7500,22.3500,22.5000,21692500
20130815,22.6100,23.1600,22.5700,22.6500,19277000
20130816,22.6600,23.4500,22.6200,23.0000,33970200
20130819,22.6500,22.8900,22.4000,22.7300,15866500
20130820,22.1100,22.5500,22.0200,22.4700,15371700
20130821,22.3200,22.3900,22.0500,22.2500,8192200
20130822,21.8900,22.2300,21.8400,22.1000,11211900
20130823,21.8300,22.1500,21.4300,22.0200,9325400
20130826,22.3100,22.4300,22.1000,22.1000,11674400
20130827,22.9800,22.9900,22.3600,22.3700,21479300
20130828,25.2800,25.2800,23.5800,23.5800,64589000
20130829,25.2000,26.2000,24.8000,26.2000,57981400
20130830,24.6400,25.1000,24.0000,25.1000,34203000
20130902,24.8900,25.2000,23.9000,24.2000,30975500
20130903,24.3100,24.4900,24.0100,24.2500,20530700
20130904,24.5500,25.0000,24.3400,24.8100,24064200
20130905,23.8000,24.1000,23.6000,24.0500,20358200
20130906,24.0900,24.1000,23.2000,23.3000,16483600
20130909,24.4300,24.4600,23.8200,24.1700,19705400
20130910,24.0900,24.2400,23.7600,24.2200,23789100
20130911,23.8000,23.9500,23.3100,23.6800,24999300
20130912,23.2700,23.7500,23.1800,23.7500,20283500
20130913,22.9100,23.0700,22.7500,22.8200,18910900
20130916,23.0100,23.3600,22.9400,23.0100,13348700
20130917,22.2800,22.9000,22.2600,22.9000,14228400
20130918,22.5100,22.6500,22.0300,22.1700,9627900
20130920,22.5100,22.5100,22.5100,22.5100,0
20130923,22.7700,22.9400,22.6000,22.8100,12904800
20130924,22.1900,22.7300,22.1400,22.7300,12409500
20130925,22.2900,22.3000,22.0000,22.2600,12349600
20130926,22.0200,22.4800,22.0100,22.3800,9571400
20130927,21.8200,21.9600,21.7000,21.9100,8311600
20130930,22.1700,22.2100,21.8800,21.8800,6705500
20131001,22.1700,22.1700,22.1700,22.1700,0
20131002,22.1700,22.1700,22.1700,22.1700,0
20131003,22.1700,22.1700,22.1700,22.1700,0
20131004,22.1700,22.1700,22.1700,22.1700,0
20131007,22.1700,22.1700,22.1700,22.1700,0
20131008,22.2500,22.2600,21.8100,22.1700,8979000
20131009,22.1400,22.2500,22.0000,22.2500,8544800
20131010,21.7900,21.9000,21.6900,21.9000,11997600
20131011,21.9300,21.9600,21.5500,21.7100,13474300
20131014,21.7200,21.7500,21.5300,21.6500,10974600
20131015,21.8600,21.9600,21.5800,21.7100,10874800
20131016,22.5000,22.7700,21.5500,21.7600,24290900
20131017,21.7900,22.2700,21.7200,22.2700,14351700
20131018,22.1000,22.6500,22.0000,22.5000,14349700
20131021,22.1300,22.2200,21.8000,22.0000,11861800
20131022,21.9100,22.0500,21.8100,22.0500,8802500
20131023,22.0100,22.3800,21.9400,22.2600,13043300
20131024,21.8000,21.9200,21.7100,21.9000,7546800
20131025,21.4300,21.9800,21.3600,21.9200,8747300
20131028,21.4400,21.5800,21.3000,21.5000,5611400
20131029,20.9800,21.5400,20.7500,21.4900,10634300
20131030,20.9900,21.0200,20.6500,20.8000,7168600
20131031,20.5600,20.8000,20.5200,20.8000,8360800
20131101,20.3900,20.4900,20.0200,20.4200,7996700
20131104,20.3700,20.4400,20.2300,20.3400,5489600
20131105,20.3800,20.3900,20.1600,20.3800,4658200
20131106,20.2400,20.3800,20.1800,20.3000,5037400
20131107,20.3900,20.4900,20.2300,20.2800,6288600
20131108,20.0100,20.3400,20.0000,20.2500,6294800
20131111,19.5900,19.7700,19.5000,19.7700,7709500
20131112,19.7400,19.7500,19.4700,19.6200,6649800
20131113,19.4000,19.5900,19.3900,19.5900,5942000
20131114,19.4300,19.5400,19.3100,19.4600,6321300
20131115,19.7300,19.8200,19.4700,19.4800,9405400
20131118,20.0600,20.0900,19.6200,19.7200,11638300
20131119,19.8400,19.9300,19.7500,19.8800,7932700
20131120,19.8400,20.0000,19.7400,19.9800,7040300
20131121,19.5000,19.5800,19.3900,19.5800,9900300
20131122,19.8600,20.1100,19.3900,19.4800,13252600
20131125,19.5100,19.8000,19.4700,19.6500,8891200
20131126,19.6400,19.7600,19.5200,19.6300,5516300
20131127,19.6000,19.6300,19.4400,19.5800,7955300
20131128,19.8600,20.1500,19.5100,19.6000,16705200
20131129,19.7400,19.9300,19.6900,19.8000,9715300
20131202,19.4100,19.7300,19.3700,19.6800,10463400
20131203,19.4000,19.4600,19.1400,19.1900,8467000
20131204,19.5000,19.5300,19.2500,19.3600,9539900
20131205,19.5400,19.7700,19.5000,19.7100,8988300
20131206,19.4500,19.4900,19.3300,19.4200,5981700
20131209,19.6100,19.7300,19.4000,19.4500,7700900
20131210,19.6000,19.6800,19.4400,19.6500,8056800
20131211,19.5600,19.8600,19.5200,19.7600,10453800
20131212,19.3700,19.5200,19.3400,19.5000,7518700
20131213,19.1200,19.1800,19.0200,19.1500,8417300
20131216,18.8600,19.1600,18.7400,19.0800,10646000
20131217,18.8000,18.9500,18.7200,18.9200,5510100
20131218,18.5600,18.7900,18.4000,18.7900,7765900
20131219,18.3500,18.6400,18.3300,18.5000,5842700
20131220,17.4300,18.0700,17.4100,18.0700,15080000
20131223,17.1400,17.5000,17.0700,17.4500,6593000
20131224,17.1800,17.2800,17.0400,17.1000,4810700
20131225,17.2500,17.2600,17.0700,17.2100,5570500
20131226,17.2500,17.2500,17.2500,17.2500,0
20131227,17.2500,17.2500,17.2500,17.2500,0
20131230,17.2500,17.2500,17.2500,17.2500,0
20131231,17.2500,17.2500,17.2500,17.2500,0
20140101,17.2500,17.2500,17.2500,17.2500,0
20140102,18.0500,18.3500,17.5200,17.5200,19955100
20140103,18.0600,18.2600,17.9500,18.1000,9168000
20140106,17.4800,18.2000,17.3500,18.0700,8496400
20140107,17.3500,17.4900,17.2400,17.4000,5815800
20140108,16.6700,17.2900,16.6200,17.2500,12227400
20140109,16.4600,16.7000,16.3700,16.6100,9579600
20140110,16.4900,16.8000,16.4400,16.4700,10061600
20140113,16.4700,16.9300,16.4200,16.5800,9831300
20140114,16.2500,16.5500,16.1200,16.5500,11799400
20140115,15.8300,16.2000,15.7500,16.1800,11712300
20140116,15.8900,16.1500,15.5400,15.7600,11948100
20140117,15.3300,15.7300,15.3200,15.7300,9881600
20140120,15.4600,15.5900,15.3500,15.4000,6507000
20140121,15.4800,15.6400,15.3500,15.3600,6076800
20140122,15.8600,16.0000,15.3700,15.4000,10013500
20140123,15.8500,16.0600,15.7200,15.8100,9406200
20140124,16.3100,16.4500,16.0200,16.1800,15553300
20140127,16.7300,16.9400,16.2800,16.3500,16871300
20140128,16.3800,16.6800,16.2800,16.5800,8859600
20140129,16.2500,16.4600,16.1600,16.2000,7242800
20140130,16.4900,16.7000,16.2500,16.4500,8170300
20140131,16.4900,16.4900,16.4900,16.4900,0
20140203,16.4900,16.4900,16.4900,16.4900,0
20140205,16.4900,16.4900,16.4900,16.4900,0
20140206,16.4900,16.4900,16.4900,16.4900,0
20140207,16.2300,16.3500,16.0000,16.3500,8105900
20140210,16.6700,16.6800,16.1600,16.2700,12081800
20140211,17.2500,17.4700,16.7300,16.8100,23105800
20140212,17.2400,17.4500,17.1000,17.2500,15950600
20140213,17.2900,17.8500,17.1300,17.1800,28756900
20140214,17.3800,17.6600,17.2700,17.5200,13289000
20140217,17.8100,18.0000,17.7100,17.9500,20548500
20140218,17.2700,17.8100,17.2500,17.8100,18440200
20140219,17.4800,17.6100,17.2900,17.2900,11777200
20140220,17.1700,17.4900,17.1200,17.4300,9437000
20140221,16.8800,17.2900,16.7100,17.2000,10009900
20140224,16.6200,16.9800,16.5100,16.9800,8519500
20140225,16.5800,17.0800,16.4800,16.8500,11533000
