20130226,10.5500,10.8300,10.4400,10.5600,13653400
20130227,10.2400,10.6200,10.0500,10.5200,14625900
20130228,10.4100,10.4300,10.1000,10.2500,12148300
20130301,10.2300,10.4300,10.0800,10.4300,20813500
20130304,10.0300,10.4000,9.9000,10.1600,14635900
20130305,10.3400,10.3700,9.9500,10.0700,12601100
20130306,10.6200,10.6700,10.1200,10.3500,21987600
20130307,10.5400,10.8700,10.4700,10.5100,18469700
20130308,10.2800,10.6400,10.2100,10.4800,10002300
20130311,10.2000,10.3100,10.0800,10.2500,5914300
20130312,9.7500,10.2700,9.5200,10.1900,10579500
20130313,9.6100,9.7800,9.5200,9.6800,4891000
20130314,9.5700,9.6800,9.5300,9.6000,3345300
20130315,9.4600,9.6300,9.2500,9.5800,7094300
20130318,9.1900,9.4900,9.1700,9.4000,5139800
20130319,9.3200,9.4200,9.1600,9.1600,4356300
20130320,9.4900,9.5300,9.3100,9.3500,6805300
20130321,9.5500,9.6500,9.4300,9.5000,6854400
20130322,9.5400,9.6400,9.4800,9.5500,4240500
20130325,9.6300,9.6500,9.3600,9.5200,5815900
20130326,9.4900,9.6000,9.4000,9.6000,4544400
20130327,9.2200,9.5300,9.1600,9.4500,7436500
20130328,8.6700,9.2000,8.6600,9.2000,9717700
20130329,9.0700,9.1400,8.5200,8.6600,11074000
20130401,9.1900,9.2700,8.9300,9.0300,9900700
20130402,9.1300,9.5700,9.0300,9.1500,8988200
20130403,9.0500,9.3900,9.0000,9.0600,6050500
20130404,9.0500,9.0500,9.0500,9.0500,0
20130405,9.0500,9.0500,9.0500,9.0500,0
20130408,9.4300,9.4900,8.6600,8.8500,10067800
20130409,9.6100,9.6800,9.3200,9.3500,13311800
20130410,9.4100,9.7200,9.3500,9.5600,12012500
20130411,9.0100,9.3800,8.9900,9.3300,7492600
20130412,8.9200,9.1400,8.9100,8.9800,3904400
20130415,8.8100,8.9500,8.7800,8.9300,2604700
20130416,8.9000,8.9100,8.6600,8.7300,2780000
20130417,8.9700,9.0400,8.8500,8.9100,2937900
20130418,8.9700,9.0500,8.8500,8.9100,2798000
20130419,9.1300,9.2200,8.9600,8.9600,4256400
20130422,8.9300,9.0800,8.8200,9.0800,4564600
20130423,8.8100,8.9600,8.7300,8.9500,2947600
20130424,8.8500,8.9000,8.7300,8.8400,3698800
20130425,8.8900,9.1000,8.8100,8.8500,5601900
20130426,8.5100,8.9000,8.5000,8.7800,5945400
20130429,8.5100,8.5100,8.5100,8.5100,0
20130430,8.5100,8.5100,8.5100,8.5100,0
20130501,8.5100,8.5100,8.5100,8.5100,0
20130502,8.3900,8.5000,8.3500,8.5000,2363600
20130503,8.4900,8.5700,8.4000,8.4400,3389000
20130506,8.6200,8.6400,8.4100,8.5500,4591600
20130507,8.7200,8.7300,8.5500,8.6000,4889900
20130508,8.6800,8.7700,8.6100,8.6800,3485200
20130509,8.6000,8.8000,8.5400,8.6800,5199400
20130510,8.7000,8.7300,8.5200,8.5500,4354800
20130513,8.7500,8.8500,8.6600,8.6900,4500000
20130514,8.4800,8.7100,8.4500,8.7000,4496000
20130515,8.5700,8.6000,8.4800,8.5300,2711300
20130516,8.7100,8.7600,8.5100,8.5200,6058900
20130517,8.9600,9.0800,8.7300,8.7500,10795600
20130520,9.7200,9.8600,8.9500,9.0200,28986600
20130521,9.5700,9.6300,9.3800,9.6000,18716600
20130522,9.5900,9.7700,9.4300,9.5000,13322100
20130523,9.6900,9.8500,9.5400,9.6600,13965900
20130524,9.8400,9.8800,9.5700,9.6700,13958200
20130527,9.7200,9.7900,9.5500,9.7900,9105400
20130528,9.5900,9.6700,9.4300,9.6500,10626100
20130529,9.5900,9.6500,9.5100,9.5700,6864200
20130530,9.4600,9.5900,9.4200,9.5900,5393700
20130531,9.3500,9.5600,9.3400,9.4600,5578400
20130603,9.3900,9.5100,9.3100,9.3300,3899700
20130604,9.5400,9.5500,9.3000,9.3900,6681400
20130605,10.3100,10.4900,9.5900,9.5900,37747700
20130606,9.7600,10.2000,9.6800,10.2000,23539700
20130607,9.1900,9.7800,9.1400,9.7000,14577900
20130610,9.1900,9.1900,9.1900,9.1900,0
20130611,9.1900,9.1900,9.1900,9.1900,0
20130612,9.1900,9.1900,9.1900,9.1900,0
20130613,8.6900,8.9600,8.5100,8.9600,7993200
20130614,8.7000,8.7800,8.5500,8.7200,6925900
20130617,8.5600,8.7000,8.5000,8.7000,5749600
20130618,8.6600,8.7400,8.5500,8.5700,4897400
20130619,8.7200,8.8400,8.4500,8.6600,6521700
20130620,8.2000,8.6600,8.1800,8.6500,6249600
20130621,8.2100,8.3200,8.0600,8.0600,5206700
20130624,7.4800,8.2000,7.3900,8.2000,8170300
20130625,7.3100,7.5800,6.8100,7.4000,7489900
20130626,7.2800,7.3500,7.0700,7.3500,5867100
20130627,7.0700,7.4300,7.0600,7.2900,6047400
20130628,7.1000,7.2300,6.9600,7.0700,4417500
20130701,7.2700,7.3000,7.0300,7.1100,3741200
20130702,7.4600,7.6700,7.4100,7.5800,8148400
20130703,7.4500,7.5400,7.2800,7.4000,5188100
20130704,7.4500,7.5700,7.2600,7.3900,5185100
20130705,7.4300,7.5600,7.3800,7.4600,4143700
20130708,7.3200,7.5300,6.9200,7.3000,6003800
20130709,7.1600,7.2800,7.0700,7.1800,2724600
20130710,7.3600,7.3700,7.1100,7.1700,3650600
20130711,7.5500,7.6500,7.3300,7.3300,7325100
20130712,7.4200,7.6300,7.3800,7.6000,5768900
20130715,7.5100,7.5400,7.4100,7.4500,3932900
20130716,7.6000,7.6500,7.4500,7.4900,6275200
20130717,7.4900,7.6500,7.4400,7.5600,4456100
20130718,7.2900,7.4700,7.2800,7.4400,3590100
20130719,7.1400,7.3500,7.0900,7.3000,4066100
20130722,7.1800,7.1900,7.0000,7.0700,2764300
20130723,7.3300,7.3600,7.1500,7.1900,4875300
20130724,7.2700,7.3700,7.1500,7.3100,4957800
20130725,7.3400,7.5100,7.1800,7.2700,6986200
20130726,7.1900,7.3100,7.1100,7.2500,3747900
20130729,6.9900,7.1400,6.9300,7.1100,5098000
20130730,7.0000,7.1200,6.8400,7.0000,3356200
20130731,7.2800,7.3300,7.0000,7.0000,6758900
20130801,7.4600,7.4700,7.1800,7.2200,9801300
20130802,7.5700,7.9000,7.3800,7.4500,14316200
20130805,7.5600,7.6800,7.4500,7.4900,7660900
20130806,7.6500,7.7500,7.4800,7.5300,8267300
20130807,7.4800,7.6800,7.4500,7.6400,5918800
20130808,7.4800,7.5700,7.4000,7.4200,3554200
20130809,7.6200,7.6600,7.4700,7.4900,6132600
20130812,7.7700,7.8000,7.5700,7.5700,7201800
20130813,7.8200,7.8600,7.6900,7.7700,6308000
20130814,7.7000,7.8700,7.6400,7.8200,5897100
20130815,7.6700,7.8200,7.6600,7.6800,5214700
20130816,7.4700,7.7800,7.4500,7.6200,6213100
20130819,7.5400,7.5800,7.4200,7.4200,2842000
20130820,7.5800,7.6300,7.4600,7.5300,3256300
20130821,7.5700,7.6000,7.4900,7.5800,2981300
20130822,7.6500,7.6700,7.4800,7.5500,6308800
20130823,7.5500,7.8000,7.4700,7.7500,7011100
20130826,7.6300,7.6400,7.5200,7.5200,5925000
20130827,7.8300,7.8300,7.6200,7.6400,10032500
20130828,7.7900,7.8400,7.6700,7.7700,8211800
20130829,8.0500,8.0600,7.7000,7.7700,15055900
20130830,7.8400,8.3800,7.8000,7.9800,12576600
20130902,7.8000,8.0200,7.6700,7.8000,7319900
20130903,8.0600,8.1200,7.8200,7.8300,11313800
20130904,8.0200,8.1800,7.9100,8.0100,7383800
20130905,7.8400,7.9900,7.8000,7.9900,5661400
20130906,7.8400,7.8700,7.7700,7.8200,4357800
20130909,7.9300,8.0000,7.8500,7.8800,5958600
20130910,8.0300,8.0400,7.8800,7.9300,6829900
20130911,8.3300,8.3700,7.9800,8.0900,17218400
20130912,8.1600,8.3100,8.1400,8.2600,13387000
20130913,8.1800,8.2900,8.0300,8.1600,7965200
20130916,8.0500,8.2100,8.0400,8.1800,5631700
20130917,7.8000,8.0800,7.7900,8.0600,6507200
20130918,7.8200,7.8400,7.7300,7.8100,3548600
20130920,7.8200,7.8200,7.8200,7.8200,0
20130923,7.8900,7.9000,7.7800,7.8700,4872800
20130924,7.8100,7.9000,7.7300,7.8900,4576600
20130925,7.8900,7.9700,7.7600,7.8200,5140600
20130926,7.6600,7.9000,7.6500,7.8800,4098800
20130927,7.7500,7.8400,7.6300,7.7000,2942800
20130930,7.7700,7.8400,7.7300,7.7400,2260000
20131001,7.7700,7.7700,7.7700,7.7700,0
20131002,7.7700,7.7700,7.7700,7.7700,0
20131003,7.7700,7.7700,7.7700,7.7700,0
20131004,7.7700,7.7700,7.7700,7.7700,0
20131007,7.7700,7.7700,7.7700,7.7700,0
20131008,7.8300,7.8500,7.7000,7.7700,3685300
20131009,7.9100,7.9200,7.8000,7.8300,6283200
20131010,8.0100,8.0400,7.9000,7.9500,8353000
20131011,8.0200,8.0900,7.9600,8.0300,6409900
20131014,8.2400,8.3700,8.0200,8.0500,14373600
20131015,8.2000,8.2800,8.1400,8.2400,6190100
20131016,7.9300,8.2500,7.9000,8.2000,5952100
20131017,7.9900,8.1500,7.9400,7.9600,4513200
20131018,8.0700,8.1100,7.9300,8.0000,3821300
20131021,8.1900,8.2100,8.0400,8.0800,5354900
20131022,8.1900,8.2600,8.1200,8.1800,5577200
20131023,7.8500,8.2200,7.8400,8.2000,6493800
20131024,7.6700,7.8800,7.6500,7.8600,4642000
20131025,7.4600,7.7600,7.3800,7.6700,4834000
20131028,7.4900,7.5900,7.3900,7.4800,2197900
20131029,7.2400,7.5200,7.0600,7.4900,4511900
20131030,7.2500,7.2600,7.1400,7.1800,4734800
20131031,7.3200,7.5100,7.1800,7.2300,4610100
20131101,7.2600,7.3600,7.1800,7.3200,2945500
20131104,7.2900,7.4000,7.2700,7.2800,2697200
20131105,7.3100,7.3400,7.1800,7.3000,2476000
20131106,7.3400,7.3900,7.2500,7.2600,3106200
20131107,7.2400,7.3800,7.2200,7.3100,2451700
20131108,7.1100,7.2500,7.0200,7.2500,2140500
20131111,7.1800,7.2100,7.0100,7.1200,1692000
20131112,7.5000,7.7000,7.1400,7.1800,8821300
20131113,7.2000,7.4900,7.1700,7.4000,4135600
20131114,7.2600,7.2700,7.0800,7.2000,1803000
20131115,7.3700,7.4100,7.2300,7.2500,3300600
20131118,7.5000,7.5300,7.3500,7.3800,4196700
20131119,7.5100,7.6300,7.4600,7.5100,3725900
20131120,7.5500,7.5600,7.4400,7.4900,2909900
20131121,7.8200,7.9500,7.4400,7.5400,10451500
20131122,7.8100,7.9000,7.7000,7.7600,7137000
20131125,7.6600,7.8200,7.6500,7.7300,5162100
20131126,7.5800,7.7500,7.4500,7.7200,5072300
20131127,7.6200,7.6400,7.5100,7.5800,2835700
20131128,7.6500,7.7600,7.6000,7.6100,4075100
20131129,7.7200,7.7700,7.6300,7.6500,4020200
20131202,7.2800,7.5900,7.2000,7.5900,6169700
20131203,7.3900,7.4200,7.2000,7.2800,5639900
20131204,7.4600,7.5400,7.3300,7.3600,5183400
20131205,7.7600,7.7600,7.4300,7.4700,11744200
20131206,7.9000,8.0300,7.7100,7.7100,14322600
20131209,8.6800,8.6900,7.8700,7.8700,45181700
20131210,8.6800,8.7000,8.4600,8.5400,19446400
20131211,8.7300,8.7600,8.5700,8.6400,14060600
20131212,8.8000,8.8400,8.6700,8.7300,15653100
20131213,8.6100,8.9500,8.3600,8.9500,26045900
20131216,8.6900,8.7500,8.5100,8.5700,25733500
20131217,8.7400,8.7500,8.5700,8.6900,13588000
20131218,8.8100,8.9500,8.6500,8.6600,17565700
20131219,8.6100,8.8700,8.5800,8.8100,18757000
20131220,8.6000,8.7000,8.4800,8.5800,10472600
20131223,8.6400,8.7300,8.4100,8.6200,9135300
20131224,8.7400,8.8700,8.5800,8.6700,18723700
20131225,8.7000,8.8500,8.6300,8.7000,33688400
20131226,8.5300,8.6600,8.4700,8.6600,10536100
20131227,8.5600,8.6000,8.4800,8.5100,5505700
20131230,9.2300,9.3300,8.5600,8.5600,41793300
20131231,9.0900,9.6000,8.6800,9.6000,45613300
20140101,9.0900,9.0900,9.0900,9.0900,0
20140102,8.9300,9.1400,8.8000,9.0300,39242200
20140103,8.9400,9.1000,8.8100,8.9000,31167200
20140106,8.8200,9.0000,8.6000,8.9900,22795400
20140107,9.0200,9.2600,8.6800,8.7800,32371700
20140108,8.9500,9.1000,8.8300,9.0000,29912700
20140109,8.8200,8.9500,8.7700,8.8900,17240200
20140110,9.1200,9.3000,8.9300,9.3000,42078200
20140113,8.9500,9.1500,8.8600,9.1500,16249200
20140114,8.9100,9.1000,8.8700,9.0500,24573700
20140115,8.9100,9.0900,8.8100,8.9300,24560900
20140116,8.8200,8.9700,8.7400,8.8900,20181600
20140117,7.9400,9.0200,7.9400,9.0200,35827500
20140120,7.3500,7.7300,7.3000,7.7300,19389100
20140121,7.3200,7.4200,7.2200,7.2800,11282300
20140122,7.4200,7.4300,7.2500,7.3200,11932700
20140123,7.3500,7.4000,7.2800,7.3900,9710600
20140124,7.4100,7.4500,7.2900,7.3200,10826200
20140127,7.3500,7.4700,7.3200,7.3800,8196200
20140128,7.2800,7.3700,7.2400,7.3500,6836200
20140129,6.9000,7.1000,6.7000,7.1000,18112700
20140130,6.9100,6.9700,6.8100,6.8400,6191600
20140131,6.9100,6.9100,6.9100,6.9100,0
20140203,6.9100,6.9100,6.9100,6.9100,0
20140205,6.9100,6.9100,6.9100,6.9100,0
20140206,6.9100,6.9100,6.9100,6.9100,0
20140207,7.0500,7.0600,6.8400,6.9000,5852100
20140210,7.1300,7.1500,7.0100,7.0500,9358800
20140211,7.2200,7.3000,7.0600,7.1000,8544700
20140212,7.3400,7.3900,7.1800,7.2100,10276800
20140213,7.2100,7.3900,7.2000,7.3300,6956700
20140214,7.3400,7.3500,7.1900,7.2100,5773000
20140217,7.3400,7.3800,7.2900,7.3500,9575100
20140218,7.2400,7.3600,7.2200,7.3500,7901900
20140219,7.3100,7.3400,7.2200,7.2600,6283100
20140220,7.2900,7.3600,7.2200,7.3100,7203100
20140221,7.1000,7.2800,7.0500,7.2800,7393400
20140224,6.9700,7.0900,6.8800,7.0900,4728500
20140225,6.8900,7.2100,6.8500,6.9700,7136100
