20130226,5.6600,5.8000,5.6500,5.7400,4963400
20130227,5.7000,5.7300,5.6400,5.6800,3074500
20130228,5.8100,5.8100,5.6800,5.7300,4843600
20130301,5.7800,5.8300,5.7000,5.8000,5985300
20130304,5.4300,5.7100,5.4000,5.7100,10978600
20130305,5.5300,5.5400,5.4400,5.4400,3768100
20130306,5.5600,5.5900,5.5100,5.5400,4389200
20130307,5.5400,5.6200,5.5100,5.5600,4812400
20130308,5.5700,5.6900,5.5300,5.5400,4222900
20130311,5.5400,5.5800,5.5000,5.5700,2443400
20130312,5.4500,5.5900,5.4100,5.5200,3458500
20130313,5.3500,5.4600,5.3300,5.4200,3626700
20130314,5.3800,5.4200,5.3500,5.3700,2015600
20130315,5.4500,5.6500,5.2500,5.3800,6810400
20130318,5.4400,5.6600,5.4000,5.4100,6242600
20130319,5.4600,5.4900,5.3900,5.4300,3530900
20130320,5.6000,5.6000,5.4100,5.4600,5560600
20130321,5.5700,5.6200,5.5200,5.5800,4904100
20130322,5.5700,5.5800,5.5200,5.5500,2400800
20130325,5.6700,5.7100,5.5300,5.5500,6859000
20130326,5.5300,5.6300,5.5100,5.6300,5028300
20130327,5.5300,5.5800,5.5000,5.5300,3065500
20130328,5.3200,5.5200,5.3200,5.5200,4498600
20130329,5.3300,5.3800,5.3000,5.3400,1905400
20130401,5.3500,5.4000,5.2800,5.3200,2128300
20130402,5.3100,5.4000,5.3000,5.3500,2916800
20130403,5.2700,5.3600,5.2600,5.3400,2441000
20130404,5.2700,5.2700,5.2700,5.2700,0
20130405,5.2700,5.2700,5.2700,5.2700,0
20130408,5.1500,5.2300,5.1100,5.2300,4955300
20130409,5.1900,5.2200,5.1500,5.1700,3105600
20130410,5.2800,5.3400,5.1400,5.2000,4211100
20130411,5.1900,5.2900,5.1800,5.2700,2683500
20130412,5.1800,5.2200,5.1600,5.1900,1775200
20130415,5.0700,5.1700,5.0700,5.1600,2015300
20130416,5.1100,5.1200,5.0200,5.0500,2913200
20130417,5.0800,5.1300,5.0200,5.1100,2935300
20130418,5.0300,5.0900,5.0000,5.0000,2683500
20130419,5.1200,5.1400,5.0300,5.0300,3825300
20130422,5.1600,5.2500,5.1300,5.1400,4649900
20130423,5.0300,5.1700,5.0100,5.1700,3429700
20130424,5.0800,5.1100,5.0100,5.0200,3260900
20130425,5.0300,5.0800,5.0100,5.0600,3101400
20130426,5.0000,5.0700,4.9800,5.0500,2444400
20130429,5.0000,5.0000,5.0000,5.0000,0
20130430,5.0000,5.0000,5.0000,5.0000,0
20130501,5.0000,5.0000,5.0000,5.0000,0
20130502,5.0100,5.0500,4.9800,5.0000,2356800
20130503,5.1000,5.1100,5.0300,5.0500,4370400
20130506,5.1500,5.1900,5.0900,5.1200,6465400
20130507,5.1600,5.1800,5.1200,5.1300,3265200
20130508,5.1600,5.2000,5.1300,5.1600,3800000
20130509,5.0800,5.1500,5.0600,5.1500,4374900
20130510,5.1600,5.1700,5.0500,5.0700,4128600
20130513,5.1600,5.1700,5.1000,5.1600,4311500
20130514,5.0800,5.1500,5.0600,5.1400,2994400
20130515,5.1000,5.1000,5.0500,5.0900,2183300
20130516,5.1700,5.1700,5.0600,5.0900,4619400
20130517,5.2600,5.2800,5.1400,5.1600,9109400
20130520,5.2800,5.2900,5.2100,5.2700,6421100
20130521,5.3400,5.3500,5.2300,5.2600,7065200
20130522,5.3600,5.4500,5.2900,5.3300,8635200
20130523,5.3000,5.4100,5.2700,5.3400,8386600
20130524,5.2900,5.3300,5.2700,5.2900,4703700
20130527,5.2700,5.3100,5.2500,5.2900,5272800
20130528,5.3500,5.3500,5.1700,5.2800,6405100
20130529,5.3300,5.3700,5.3000,5.3500,5892900
20130530,5.2700,5.3000,5.2400,5.2900,4548700
20130531,5.2000,5.2400,5.1800,5.2300,3189600
20130603,5.1900,5.2500,5.1700,5.2000,3977000
20130604,5.0600,5.2000,5.0400,5.2000,5301300
20130605,5.0800,5.0900,5.0500,5.0500,3664900
20130606,5.0100,5.0700,5.0100,5.0500,2714300
20130607,4.9100,5.0400,4.8900,5.0100,3840500
20130610,4.9100,4.9100,4.9100,4.9100,0
20130611,4.9100,4.9100,4.9100,4.9100,0
20130612,4.9100,4.9100,4.9100,4.9100,0
20130613,4.7400,4.8800,4.7000,4.8800,3382000
20130614,4.7800,4.8200,4.7300,4.7300,2126600
20130617,4.7700,4.8200,4.6800,4.7900,2678600
20130618,4.7700,4.8000,4.7200,4.7900,1397500
20130619,4.9300,4.9900,4.6200,4.7700,7253300
20130620,4.7100,4.8700,4.7000,4.8500,3295900
20130621,4.6900,4.8100,4.5900,4.6300,3404200
20130624,4.3600,4.6700,4.2300,4.6700,4278300
20130625,4.2900,4.3600,3.9500,4.3300,4957100
20130626,4.2100,4.3100,4.1600,4.2800,3120900
20130627,4.2500,4.4500,4.1600,4.2100,8058300
20130628,4.2200,4.3300,4.1900,4.2100,5168500
20130701,4.1800,4.2200,4.0900,4.2200,3401700
20130702,4.2100,4.2300,4.0900,4.1700,5771900
20130703,4.3100,4.6300,4.1500,4.1600,11292100
20130704,4.3100,4.3900,4.1900,4.2600,11054500
20130705,4.3200,4.4900,4.2200,4.2900,11045000
20130708,4.2100,4.3000,4.0500,4.2500,18140200
20130709,4.2100,4.5900,4.1500,4.1500,13999400
20130710,4.2700,4.2900,4.1200,4.2100,12844100
20130711,4.4000,4.4800,4.2400,4.2900,21809300
20130712,4.2900,4.4600,4.2800,4.3700,15002500
20130715,4.3000,4.3400,4.2100,4.2900,10141700
20130716,4.3100,4.3500,4.2000,4.2900,12555100
20130717,4.2600,4.3400,4.2400,4.2800,9773100
20130718,4.1600,4.2500,4.1300,4.2400,8785500
20130719,3.9800,4.1700,3.9600,4.1600,11152800
20130722,3.9800,4.0000,3.8700,3.9400,6066500
20130723,4.0600,4.0900,3.9600,3.9800,7297200
20130724,4.0000,4.0500,3.9600,4.0500,5818000
20130725,4.1400,4.2600,4.0200,4.0300,19399500
20130726,4.0800,4.1900,4.0800,4.0900,7155200
20130729,3.9700,4.0700,3.9000,4.0700,8440600
20130730,3.9900,4.0400,3.9100,4.0000,4793700
20130731,4.0000,4.0800,3.9900,4.0200,4787000
20130801,4.0700,4.0800,4.0000,4.0100,6115700
20130802,4.0700,4.1000,4.0400,4.0800,6047800
20130805,4.0900,4.1000,4.0300,4.0700,5319500
20130806,4.1400,4.1700,4.0400,4.0800,8209000
20130807,4.1300,4.1700,4.1000,4.1400,6796000
20130808,4.1100,4.1600,4.0900,4.1300,5801900
20130809,4.1600,4.1700,4.1000,4.1300,7437300
20130812,4.2700,4.2700,4.1400,4.1500,13334400
20130813,4.3800,4.4400,4.3000,4.3000,21689100
20130814,4.3000,4.4000,4.2400,4.3600,10943100
20130815,4.2300,4.3000,4.2200,4.2800,6367200
20130816,4.2000,4.3600,4.1500,4.2000,10144700
20130819,4.2400,4.2500,4.1000,4.1500,5569100
20130820,4.1700,4.2200,4.1300,4.2000,6479300
20130821,4.1700,4.1800,4.1000,4.1600,4197400
20130822,4.1400,4.1800,4.1200,4.1500,4693800
20130823,4.1300,4.1700,4.0800,4.1500,5570200
20130826,4.1700,4.1800,4.0900,4.1300,5586600
20130827,4.1900,4.2000,4.1300,4.1600,5914600
20130828,4.2400,4.2600,4.1500,4.1600,10559100
20130829,4.2100,4.2500,4.1700,4.2100,6986600
20130830,4.2700,4.3100,4.1900,4.2200,13942800
20130902,4.2500,4.2800,4.2100,4.2600,8316400
20130903,4.2800,4.2900,4.2200,4.2500,8071400
20130904,4.5600,4.5800,4.2600,4.2700,32584200
20130905,4.3800,4.5300,4.3600,4.4500,20439700
20130906,4.3500,4.3800,4.2800,4.3200,11867900
20130909,4.4100,4.4500,4.3100,4.3100,13015500
20130910,4.5600,4.6000,4.3500,4.4100,21831800
20130911,4.6500,4.9100,4.5200,4.5300,35055600
20130912,4.6000,4.6600,4.5000,4.6100,12807600
20130913,4.5000,4.6000,4.4700,4.5600,8593100
20130916,4.4400,4.5600,4.4200,4.5100,6371500
20130917,4.3800,4.5500,4.3700,4.4200,10654800
20130918,4.4700,4.4900,4.3500,4.3800,7012400
20130920,4.4700,4.4700,4.4700,4.4700,0
20130923,4.4900,4.5100,4.4200,4.4600,6438100
20130924,4.3800,4.4700,4.3600,4.4700,7086300
20130925,4.3400,4.4100,4.3200,4.3700,4942500
20130926,4.2300,4.3700,4.2200,4.3500,6579100
20130927,4.2200,4.2400,4.2000,4.2100,4342900
20130930,4.2100,4.2400,4.1800,4.2200,3475400
20131001,4.2100,4.2100,4.2100,4.2100,0
20131002,4.2100,4.2100,4.2100,4.2100,0
20131003,4.2100,4.2100,4.2100,4.2100,0
20131004,4.2100,4.2100,4.2100,4.2100,0
20131007,4.2100,4.2100,4.2100,4.2100,0
20131008,4.2700,4.2800,4.1700,4.2000,4802100
20131009,4.2700,4.2700,4.2100,4.2600,3921700
20131010,4.2700,4.3200,4.2100,4.2500,5013000
20131011,4.3100,4.3200,4.2500,4.2800,7199200
20131014,4.3300,4.3400,4.2800,4.3200,5766700
20131015,4.2800,4.3400,4.2600,4.3200,5322200
20131016,4.3200,4.4300,4.2900,4.2900,16964300
20131017,4.3200,4.3300,4.2400,4.3100,7001700
20131018,4.2800,4.3300,4.2700,4.3200,3912400
20131021,4.3100,4.3100,4.2400,4.2800,5221600
20131022,4.2600,4.3000,4.2300,4.3000,5399600
20131023,4.1900,4.2900,4.1800,4.2700,4469700
20131024,4.1200,4.1900,4.1100,4.1800,4120200
20131025,4.0800,4.1500,4.0700,4.1300,3878100
20131028,4.0900,4.1200,4.0600,4.1100,2715900
20131029,4.0200,4.1300,3.9800,4.0900,4594600
20131030,4.1100,4.1700,4.0000,4.0200,4900000
20131031,4.0800,4.1300,4.0600,4.1100,2901800
20131101,4.0800,4.1000,4.0500,4.0800,2724000
20131104,4.1000,4.1100,4.0700,4.0800,2736700
20131105,4.1000,4.1300,4.0300,4.1000,3450200
20131106,4.1400,4.2100,4.0700,4.1000,6556300
20131107,4.0800,4.1400,4.0600,4.1100,5182800
20131108,4.0500,4.0900,4.0400,4.0900,2899000
20131111,4.1300,4.1400,4.0400,4.0800,4644200
20131112,4.1400,4.1500,4.1000,4.1300,2915300
20131113,4.0400,4.1400,4.0300,4.1400,2544900
20131114,4.0600,4.0700,4.0200,4.0300,2567300
20131115,4.1000,4.1500,4.0400,4.0500,4539600
20131118,4.2000,4.2200,4.0900,4.0900,6563600
20131119,4.2000,4.2100,4.1700,4.1900,5559100
20131120,4.2100,4.2200,4.1600,4.2000,5176700
20131121,4.2500,4.4000,4.1800,4.2000,15537000
20131122,4.2200,4.2800,4.2100,4.2400,5100400
20131125,4.1900,4.2500,4.1800,4.2400,3147300
20131126,4.1800,4.2300,4.1600,4.2000,3365000
20131127,4.2100,4.2300,4.1400,4.1900,4346700
20131128,4.2700,4.2900,4.1600,4.2100,12314800
20131129,4.2500,4.2700,4.2200,4.2500,5634900
20131202,4.1000,4.2100,4.0400,4.2000,7629100
20131203,4.1600,4.1700,4.0800,4.0900,4345100
20131204,4.2500,4.2900,4.1400,4.1500,9401600
20131205,4.2500,4.2800,4.2200,4.2300,4794000
20131206,4.3000,4.3200,4.2200,4.2500,9201400
20131209,4.2700,4.3500,4.2600,4.2900,5905900
20131210,4.3100,4.3600,4.2400,4.2600,8860400
20131211,4.2600,4.3000,4.2200,4.3000,6305600
20131212,4.3300,4.3600,4.2300,4.2600,9257400
20131213,4.3400,4.3700,4.2700,4.3300,7570900
20131216,4.2700,4.3500,4.2500,4.3500,5593100
20131217,4.1700,4.2700,4.1500,4.2700,5060100
20131218,4.1600,4.2100,4.1300,4.1800,2673400
20131219,4.1600,4.2200,4.1300,4.1800,3021500
20131220,4.0900,4.1700,4.0800,4.1600,2690500
20131223,4.1000,4.1200,4.0700,4.1200,2492200
20131224,4.1200,4.1500,4.0800,4.1100,2103400
20131225,4.1100,4.1200,4.0800,4.1200,2388700
20131226,4.0400,4.1400,4.0300,4.1100,2607000
20131227,4.0900,4.1400,4.0400,4.0600,4083400
20131230,4.0900,4.1200,4.0400,4.1100,3424700
20131231,4.1300,4.1400,4.0700,4.0900,3002600
20140101,4.1300,4.1300,4.1300,4.1300,0
20140102,4.1200,4.1600,4.1000,4.1100,2127800
20140103,4.0800,4.1100,4.0600,4.1100,2638600
20140106,3.9800,4.0900,3.9700,4.0800,3308200
20140107,3.9800,4.0200,3.9500,4.0000,1550600
20140108,3.9800,4.0400,3.9700,3.9800,2607100
20140109,3.9600,4.0100,3.9500,3.9800,1811300
20140110,3.9100,3.9600,3.8800,3.9600,2519400
20140113,3.8800,3.9200,3.8500,3.9100,2089000
20140114,3.9100,3.9100,3.8500,3.8900,1513400
20140115,3.8700,3.9000,3.8500,3.9000,2223700
20140116,3.8900,3.9100,3.8300,3.8700,3034800
20140117,3.8000,3.8800,3.7900,3.8800,3200500
20140120,3.7500,3.8100,3.7400,3.7900,1852900
20140121,3.7900,3.8400,3.7300,3.7500,1079300
20140122,3.8700,3.9000,3.7900,3.7900,2374100
20140123,3.8600,3.9200,3.8500,3.8700,1669000
20140124,3.8900,3.9100,3.8600,3.8600,2607500
20140127,3.8600,3.8900,3.8300,3.8700,2199600
20140128,3.8600,3.9000,3.8400,3.8600,1359000
20140129,3.8500,3.9000,3.8500,3.8600,1097500
20140130,3.8700,3.8900,3.8300,3.8400,1929900
20140131,3.8700,3.8700,3.8700,3.8700,0
20140203,3.8700,3.8700,3.8700,3.8700,0
20140205,3.8700,3.8700,3.8700,3.8700,0
20140206,3.8700,3.8700,3.8700,3.8700,0
20140207,3.8700,3.8800,3.8100,3.8500,1821300
20140210,3.9600,3.9800,3.8600,3.8700,4283800
20140211,3.9800,3.9800,3.9100,3.9500,4100100
20140212,3.9700,3.9800,3.9300,3.9800,4022100
20140213,3.9500,4.0100,3.9300,3.9800,5351100
20140214,3.9700,3.9800,3.9100,3.9400,3791000
20140217,4.0000,4.0100,3.9500,3.9800,4044300
20140218,3.9300,3.9900,3.9200,3.9800,3706200
20140219,3.9600,3.9600,3.9100,3.9400,4229500
20140220,3.9800,4.0100,3.9400,3.9500,7956400
20140221,3.9300,3.9900,3.9200,3.9600,5151900
20140224,3.8300,3.9100,3.7900,3.9000,3256400
20140225,3.7000,3.8400,3.6900,3.8100,6545500
