20130226,37.7400,38.3900,37.5000,38.2700,5884900
20130227,37.9700,38.2000,37.6600,37.9800,4797700
20130228,38.7100,38.9000,37.6500,38.0400,7452200
20130301,38.2100,38.8000,37.8000,38.6000,6735100
20130304,36.2700,37.9000,35.9200,37.8800,10508600
20130305,37.0900,37.4700,36.4200,36.4200,5192500
20130306,37.4200,37.7700,37.2500,37.2900,4482200
20130307,37.3000,37.9300,36.7100,37.3600,5321000
20130308,37.2300,37.7700,37.2100,37.5200,4398200
20130311,36.4600,36.9900,36.2500,36.9800,5065400
20130312,36.0700,37.1800,35.7100,36.6000,5324900
20130313,36.2400,37.0000,35.8600,36.0800,5957100
20130314,35.3100,36.4900,35.2100,36.0000,5712900
20130315,34.7500,35.8000,34.5500,35.5100,5850400
20130318,33.7600,34.7000,33.4000,34.7000,6496400
20130319,33.7300,34.0900,33.2500,33.6300,4633400
20130320,35.1300,35.2500,33.7000,33.8000,6183300
20130321,34.8900,35.3400,34.6500,35.2900,5995100
20130322,34.0200,34.8900,33.8500,34.8900,6339200
20130325,35.3400,35.7500,34.0300,34.1300,9847600
20130326,34.3200,35.1000,33.8900,35.0000,6333200
20130327,34.0200,34.5700,33.9300,34.2200,5742700
20130328,31.8600,33.6000,31.8000,33.6000,11375500
20130329,30.9800,32.1800,30.8600,31.9000,8268300
20130401,31.1700,31.6100,30.6000,31.0000,5813500
20130402,31.2400,31.9700,31.0700,31.5400,4577000
20130403,30.9700,31.5000,30.6500,31.2000,4835400
20130404,30.9700,30.9700,30.9700,30.9700,0
20130405,30.9700,30.9700,30.9700,30.9700,0
20130408,30.4900,30.5000,29.4000,30.0100,6389000
20130409,32.6100,33.5000,30.6800,30.6800,14844900
20130410,32.6000,33.0000,32.1300,32.5100,6474100
20130411,32.0600,32.9400,31.9100,32.6500,5030900
20130412,31.7000,32.4000,31.6600,32.0000,4055300
20130415,30.8300,31.0500,29.7100,30.0000,5522700
20130416,31.2500,31.3500,30.0000,30.0000,4024500
20130417,31.2000,31.4700,30.9400,31.3100,3007100
20130418,30.8000,32.3800,30.7500,31.0100,9743400
20130419,32.0300,32.3000,30.8100,31.1000,11468700
20130422,32.3000,32.4900,31.5100,31.7000,7295800
20130423,31.5000,32.6500,31.4200,32.5000,5846600
20130424,32.1300,32.5000,31.5000,31.6400,5973300
20130425,31.9900,32.6600,31.9700,32.1800,6858200
20130426,31.4300,32.5600,31.2500,32.0300,5256200
20130429,31.4300,31.4300,31.4300,31.4300,0
20130430,31.4300,31.4300,31.4300,31.4300,0
20130501,31.4300,31.4300,31.4300,31.4300,0
20130502,29.5000,30.7800,28.9000,30.7600,11410700
20130503,29.9900,30.3000,29.5100,29.5100,7008400
20130506,32.9200,32.9800,30.4900,30.7000,15140400
20130507,33.2500,34.7600,33.0100,33.1000,18281500
20130508,33.7200,34.5500,33.1500,33.6000,10820000
20130509,33.4100,34.5200,33.1600,34.2100,12002300
20130510,33.5700,34.0000,32.8800,33.4100,7951500
20130513,33.8500,34.2800,33.5000,33.8100,7381500
20130514,32.8600,33.9000,32.5000,33.9000,5909800
20130515,32.2800,33.0000,31.9800,32.8800,8981500
20130516,32.7100,32.7600,31.3000,31.9100,7480400
20130517,33.4200,33.5900,32.3000,32.4500,9477600
20130520,33.8600,34.4500,32.8700,33.3700,11466600
20130521,33.8200,34.3800,33.4000,33.8000,7258000
20130522,34.4900,35.3000,33.7300,34.0900,13588100
20130523,33.1600,34.4700,33.0000,34.4600,10900900
20130524,33.7100,33.9900,33.1100,33.1800,6430800
20130527,33.2900,33.7700,33.1100,33.4700,6382100
20130528,34.2400,34.4100,33.1000,33.6000,12145600
20130529,34.0000,34.5800,33.9500,34.4000,8269000
20130530,33.6900,34.1400,33.6300,33.7100,6403700
20130531,33.2500,33.9600,33.2100,33.9000,5774700
20130603,32.8200,33.4000,32.7300,33.0000,5755700
20130604,31.6000,32.8200,31.3800,32.7000,8926900
20130605,32.0000,32.1700,31.5200,31.6000,3856400
20130606,31.5900,31.9900,31.5600,31.9400,3229400
20130607,30.6600,31.8900,30.5100,31.6600,5084500
20130610,30.6600,30.6600,30.6600,30.6600,0
20130611,30.6600,30.6600,30.6600,30.6600,0
20130612,30.6600,30.6600,30.6600,30.6600,0
20130613,30.0500,30.2700,29.0500,30.2500,5815900
20130614,30.3100,30.3600,29.8300,29.9800,3254200
20130617,29.9400,30.6500,29.8300,30.5000,2508700
20130618,30.2000,30.5500,29.9600,30.0800,2947800
20130619,30.5900,31.0800,30.2100,30.2100,6465800
20130620,29.5700,30.5000,29.4300,30.5000,6937200
20130621,29.3900,29.8000,28.5000,29.0000,3221000
20130624,27.1700,29.4000,27.0000,29.4000,6297600
20130625,26.8500,27.6000,24.5800,27.1000,7741900
20130626,27.2500,27.4900,26.5000,26.8600,5613400
20130627,26.4900,27.4500,26.4100,27.2300,5765200
20130628,26.7000,27.3000,25.5100,26.0900,4770000
20130701,27.0600,27.2800,25.9000,26.7300,6458000
20130702,26.8700,27.2500,26.4400,27.0700,4976800
20130703,26.0800,26.7800,25.6000,26.7800,5017200
20130704,27.8900,28.5500,25.4300,25.9400,12313100
20130705,28.6000,29.8700,27.5000,27.6500,13724400
20130708,27.7900,29.3100,27.7800,28.3300,11385600
20130709,27.3000,28.5800,27.1900,27.6400,6813600
20130710,30.0300,30.0300,27.3600,27.3600,17910900
20130711,31.4200,32.6300,30.5200,30.9300,25797500
20130712,29.9100,30.9500,29.8000,30.5500,14668500
20130715,29.9200,30.4900,29.6100,29.6100,10494500
20130716,29.7500,30.2000,29.5500,29.8600,7340000
20130717,28.8100,30.0500,28.7700,30.0000,7515000
20130718,28.2100,28.9900,28.1700,28.6100,5281200
20130719,26.9000,28.4900,26.8100,28.2100,7630300
20130722,27.6500,27.7800,26.4100,26.7500,7268300
20130723,29.0300,30.0000,27.6600,27.6800,10866500
20130724,28.7600,29.2400,28.1000,28.9300,6736300
20130725,28.4400,29.1900,28.2000,28.7900,4850500
20130726,27.9700,28.5000,27.7500,28.5000,4329400
20130729,27.4600,27.7600,27.0200,27.5500,3619600
20130730,28.3400,29.1000,27.7000,27.7000,7117700
20130731,27.8800,28.8500,27.7100,28.3000,4991100
20130801,28.2700,28.5500,27.8500,27.8500,5246600
20130802,28.1000,28.7000,28.0400,28.5900,4859800
20130805,28.4200,28.5000,28.0600,28.1200,4209200
20130806,28.7500,29.1400,27.8100,28.4500,8768600
20130807,29.2700,29.7400,28.8000,28.9000,13348700
20130808,29.0100,30.1200,28.7600,29.9000,10880800
20130809,30.9200,31.5800,29.0900,29.0900,23176200
20130812,32.1400,32.9700,30.1300,30.6400,27353300
20130813,31.6300,32.2000,31.5000,31.8200,11774500
20130814,30.9900,31.9800,30.6500,31.7300,10228900
20130815,30.6100,31.3000,30.4200,31.0000,7474300
20130816,29.6600,31.5000,29.6000,30.7900,10661400
20130819,30.8000,30.9900,29.5700,29.5700,9073200
20130820,30.0700,30.9500,29.8900,30.5800,6848900
20130821,30.2200,30.5200,29.9000,30.2000,5620400
20130822,29.5700,30.3000,29.5200,30.0300,7262500
20130823,29.3200,30.0700,28.6000,29.6800,6846900
20130826,30.2000,30.2200,29.5000,29.5000,6323600
20130827,30.6900,31.2300,30.0000,30.5000,9248800
20130828,30.7400,31.2100,30.1200,30.3700,10943500
20130829,30.2000,30.7900,30.1400,30.7700,5715900
20130830,29.3800,30.7400,29.1600,30.5000,7201400
20130902,29.4800,29.8300,29.2000,29.5700,3762300
20130903,29.6500,29.6800,29.2800,29.5500,4253800
20130904,29.6700,30.2300,29.2500,29.6600,7112800
20130905,28.9600,29.4700,28.9000,29.4700,6182300
20130906,29.0700,29.3000,28.8000,28.8000,3868400
20130909,29.7300,29.9500,29.0000,29.2000,7275200
20130910,29.9600,30.1300,29.6100,30.0000,6805600
20130911,30.4700,31.1500,30.1200,30.3900,13913600
20130912,30.5000,30.9500,30.1000,30.9500,9448100
20130913,30.7800,31.3200,30.2000,30.5500,10556300
20130916,30.6700,31.0900,30.4000,30.8000,6808700
20130917,30.1500,30.6400,29.6700,30.5300,6851600
20130918,30.1700,30.4700,29.8800,30.1900,3458900
20130920,30.1700,30.1700,30.1700,30.1700,0
20130923,30.9200,30.9800,30.2900,30.2900,6819100
20130924,30.5300,31.2400,30.4000,30.8900,4870600
20130925,29.6500,30.7000,29.4300,30.6800,6746900
20130926,29.3100,30.3500,29.0200,29.7700,5301600
20130927,29.2400,29.6800,29.1100,29.4000,3464700
20130930,29.0900,29.6600,28.8000,29.2900,3795900
20131001,29.0900,29.0900,29.0900,29.0900,0
20131002,29.0900,29.0900,29.0900,29.0900,0
20131003,29.0900,29.0900,29.0900,29.0900,0
20131004,29.0900,29.0900,29.0900,29.0900,0
20131007,29.0900,29.0900,29.0900,29.0900,0
20131008,29.3900,29.5900,28.8000,29.0800,3274700
20131009,29.7100,29.7200,29.2100,29.4300,4097700
20131010,30.1800,30.3800,29.6100,29.7100,9229200
20131011,30.1200,30.6000,29.9200,30.2000,4943700
20131014,29.8700,30.4900,29.8300,30.2500,4983800
20131015,30.1100,30.4500,30.0000,30.0600,4627300
20131016,29.0200,30.1000,28.8300,30.1000,5757000
20131017,28.9100,29.6500,28.7700,29.1100,4931200
20131018,28.9400,29.3000,28.7100,29.2000,2769500
20131021,28.9200,29.1700,28.4500,29.1400,7228100
20131022,29.0200,29.0600,28.7000,29.0400,3506500
20131023,29.3100,29.9800,29.0100,29.1200,7216400
20131024,28.9500,29.7800,28.9000,29.7500,3167100
20131025,28.4000,29.1500,28.0600,28.9300,4129100
20131028,27.9900,28.6000,27.8100,28.4400,2211100
20131029,27.7000,28.4000,27.0100,28.1800,4064200
20131030,27.7400,27.9200,27.4000,27.7000,2278600
20131031,27.3700,27.7000,27.3500,27.6800,1872200
20131101,28.1800,28.4900,27.4000,27.4400,4934700
20131104,28.2100,29.4000,28.1300,29.0000,7204100
20131105,28.6600,28.6700,27.9100,28.2200,4721900
20131106,28.2400,28.7400,28.2000,28.6000,4094200
20131107,27.6200,28.3500,27.6000,28.2400,3440600
20131108,26.7400,27.4900,26.2500,27.4900,4656200
20131111,26.5700,26.7600,26.3800,26.7500,2616200
20131112,26.6500,26.8900,26.5900,26.7300,1742900
20131113,26.4500,26.9200,26.4000,26.6700,2269400
20131114,26.7700,26.7900,26.4600,26.6000,3179900
20131115,27.1000,27.4300,26.7000,26.8300,4434900
20131118,27.4800,27.6500,26.9500,27.0100,5748000
20131119,27.2000,27.5100,27.1800,27.4800,3911700
20131120,27.2500,27.4800,27.1700,27.4600,2904000
20131121,26.6900,27.2600,26.6600,27.2600,4034100
20131122,26.6200,26.8300,26.6100,26.6600,2880300
20131125,26.3100,26.7200,26.3000,26.6900,4080400
20131126,26.2300,26.4900,26.1700,26.3100,2843300
20131127,26.4700,26.5200,26.1200,26.2000,4284700
20131128,27.5700,28.0100,26.4500,26.5500,19324100
20131129,27.0300,27.4500,26.9500,27.4500,7447000
20131202,26.4400,27.0000,26.3300,26.7000,7479300
20131203,27.0700,27.1200,26.4000,26.5000,6224400
20131204,27.2600,27.3400,26.9000,26.9000,8103800
20131205,27.2200,27.3500,27.0300,27.3000,3769500
20131206,27.0800,27.2100,27.0400,27.1300,2827200
20131209,26.6000,27.2500,26.5800,27.2100,4312000
20131210,26.8300,26.9700,26.6100,26.6100,4059100
20131211,26.5600,27.0600,26.4800,26.6600,4585500
20131212,26.2900,26.7300,26.2600,26.5400,3835100
20131213,26.2500,26.4600,26.2400,26.3800,3343600
20131216,25.1700,26.3900,25.1500,26.1500,7646600
20131217,24.8400,25.4300,24.4800,25.4300,6794300
20131218,24.9900,25.1000,24.8200,24.9000,2958500
20131219,24.4900,25.3600,24.4000,25.1400,6646200
20131220,23.6200,24.6000,23.2100,24.4700,7352400
20131223,23.7300,23.7500,23.2800,23.6200,3480700
20131224,23.8400,24.1000,23.5800,23.8000,2659200
20131225,23.8600,24.0300,23.7000,23.8700,2183700
20131226,23.2600,24.0400,23.1200,24.0400,3964400
20131227,23.6500,23.8000,23.2100,23.3300,2917900
20131230,23.9100,24.5000,23.7300,23.9800,3908000
20131231,24.0400,24.4800,23.4500,23.9600,5051200
20140101,24.0400,24.0400,24.0400,24.0400,0
20140102,23.6800,24.0600,23.6000,24.0300,4852500
20140103,23.7400,24.4800,23.7100,24.2900,6349300
20140106,23.4600,24.0000,23.3900,23.9000,4729900
20140107,23.2800,23.6500,23.0800,23.3000,3408700
20140108,22.5800,23.4500,22.5000,23.3600,6853600
20140109,21.9100,22.7500,21.8400,22.6000,6869200
20140110,22.0200,22.1800,21.8800,22.0000,5571900
20140113,22.2500,22.5600,21.8000,22.0000,4752300
20140114,22.1700,22.4800,21.5100,22.2400,4965800
20140115,21.8400,22.1900,21.7300,22.1900,2936300
20140116,22.1600,22.5400,21.7500,21.7500,5801200
20140117,21.6500,22.0700,21.5600,22.0700,4085000
20140120,20.9100,21.7900,20.9000,21.5800,4307300
20140121,21.0500,21.2200,20.4400,21.0000,3443400
20140122,21.6100,21.7000,21.0000,21.1000,4569000
20140123,21.2400,21.7800,21.2300,21.4500,4218700
20140124,21.7400,22.2200,21.1100,21.2400,7190500
20140127,21.4500,21.8700,21.4400,21.8000,4445300
20140128,21.5300,21.8500,21.3500,21.4100,3138300
20140129,21.3300,21.7200,21.2600,21.7200,2731200
20140130,20.8700,21.4300,20.8000,21.3000,2830900
20140131,20.8700,20.8700,20.8700,20.8700,0
20140203,20.8700,20.8700,20.8700,20.8700,0
20140205,20.8700,20.8700,20.8700,20.8700,0
20140206,20.8700,20.8700,20.8700,20.8700,0
20140207,20.7600,20.9000,20.4500,20.9000,3587800
20140210,22.8400,22.8400,20.8800,20.8800,13401700
20140211,22.9800,23.3900,22.4000,23.3000,15100700
20140212,22.8600,22.9500,22.4600,22.8300,7951700
20140213,22.8400,23.4900,22.6500,22.8600,9899600
20140214,22.9900,23.3500,22.8800,22.9100,6309800
20140217,23.2700,23.3600,22.9500,22.9500,8032600
20140218,22.7900,23.3300,22.6100,23.3000,7147800
20140219,22.8000,23.0600,22.6000,22.7600,5281600
20140220,23.0300,23.3700,22.6600,22.8500,10521400
20140221,23.0000,23.3800,22.8000,23.0500,6786700
20140224,21.9600,22.8500,21.8500,22.8500,7084100
20140225,20.9500,22.2000,20.7100,21.9000,6592900
