20130226,8.4200,8.7600,8.3900,8.7200,29973500
20130227,8.2500,8.4900,8.2000,8.4800,18697400
20130228,8.4500,8.4800,8.2400,8.3000,17236400
20130301,8.5100,8.5400,8.3500,8.4200,16486100
20130304,8.4600,8.7600,8.3200,8.4900,27860100
20130305,8.7100,8.7400,8.4700,8.4800,30716900
20130306,8.7000,8.7700,8.5900,8.7500,25755300
20130307,8.4500,8.6700,8.3500,8.6700,21827600
20130308,8.4400,8.5400,8.3700,8.4400,11490700
20130311,8.4100,8.5300,8.3700,8.3900,9130800
20130312,8.0000,8.4300,7.9300,8.4200,26263100
20130313,7.7300,8.0200,7.5800,8.0000,17382500
20130314,7.7200,7.8100,7.6800,7.7100,8737900
20130315,7.6500,7.7700,7.5300,7.7100,14262400
20130318,7.5000,7.7000,7.4800,7.6000,10360200
20130319,7.5000,7.5600,7.3500,7.5500,12818500
20130320,7.6500,7.6600,7.4500,7.5100,11312900
20130321,7.7200,7.8000,7.6600,7.7000,15122600
20130322,7.7000,7.7400,7.6200,7.7200,8423600
20130325,7.6600,7.7400,7.6300,7.7300,6872100
20130326,7.6600,7.7400,7.4700,7.6500,13387800
20130327,7.5400,7.6900,7.5000,7.6300,9384700
20130328,7.2900,7.5100,7.2800,7.5100,12019800
20130329,7.2900,7.3900,7.2300,7.3000,6853600
20130401,7.5300,7.5500,7.1700,7.2000,13282900
20130402,7.6000,7.7200,7.5300,7.5400,13173000
20130403,7.7300,7.7700,7.5300,7.6200,14677400
20130404,7.7300,7.7300,7.7300,7.7300,0
20130405,7.7300,7.7300,7.7300,7.7300,0
20130408,8.0000,8.1400,7.6600,7.8000,38048100
20130409,7.9400,7.9800,7.8300,7.9100,12370500
20130410,7.8000,7.9700,7.7000,7.9700,10706100
20130411,7.7300,7.8300,7.6900,7.8100,8675900
20130412,7.6200,7.7600,7.5800,7.7500,6590400
20130415,7.5800,7.6300,7.4600,7.6100,5914900
20130416,7.5800,7.6100,7.4400,7.5500,6479500
20130417,7.6600,7.6700,7.5400,7.5900,6500100
20130418,7.6400,7.7200,7.5500,7.6100,4660300
20130419,7.7200,7.7700,7.6200,7.6400,8738300
20130422,7.8200,7.8500,7.6300,7.6900,8910300
20130423,7.3500,7.7200,7.3300,7.7000,14854000
20130424,7.2800,7.3400,7.1400,7.2500,13926700
20130425,7.3000,7.4700,7.2600,7.2600,9923600
20130426,7.0000,7.3500,6.9700,7.2800,16503500
20130429,7.0000,7.0000,7.0000,7.0000,0
20130430,7.0000,7.0000,7.0000,7.0000,0
20130501,7.0000,7.0000,7.0000,7.0000,0
20130502,7.0000,7.1300,6.9100,6.9800,8702000
20130503,7.0600,7.1400,7.0000,7.0000,10936600
20130506,7.1700,7.2400,7.0800,7.0800,7789800
20130507,7.1700,7.2400,7.1400,7.1500,6025000
20130508,7.1300,7.2300,7.0900,7.1700,9378400
20130509,7.0500,7.1800,6.9900,7.1300,12312600
20130510,7.1800,7.1900,7.0100,7.0600,9332400
20130513,7.2600,7.3000,7.1400,7.2000,9992300
20130514,7.2600,7.2900,7.1000,7.2600,11208500
20130515,7.2700,7.3000,7.2200,7.2600,6855500
20130516,7.3000,7.3200,7.1700,7.2500,11836000
20130517,7.3600,7.3900,7.2800,7.3400,13421200
20130520,8.1000,8.1000,7.4800,7.4900,33345200
20130521,8.1600,8.2500,7.9800,8.2500,42532300
20130522,8.2500,8.4500,8.0900,8.1300,35291300
20130523,8.3600,8.5500,8.1300,8.1800,31478100
20130524,8.3500,8.5600,8.2500,8.3600,21528000
20130527,8.3500,8.3500,8.3500,8.3500,0
20130528,8.3500,8.3500,8.3500,8.3500,0
20130529,8.3500,8.3500,8.3500,8.3500,0
20130530,8.3500,8.3500,8.3500,8.3500,0
20130531,8.3500,8.3500,8.3500,8.3500,0
20130603,8.3500,8.3500,8.3500,8.3500,0
20130604,8.3500,8.3500,8.3500,8.3500,0
20130605,8.3500,8.3500,8.3500,8.3500,0
20130606,8.3500,8.3500,8.3500,8.3500,0
20130607,8.3500,8.3500,8.3500,8.3500,0
20130610,8.3500,8.3500,8.3500,8.3500,0
20130611,8.3500,8.3500,8.3500,8.3500,0
20130612,8.3500,8.3500,8.3500,8.3500,0
20130613,8.3500,8.3500,8.3500,8.3500,0
20130614,8.3500,8.3500,8.3500,8.3500,0
20130617,8.3500,8.3500,8.3500,8.3500,0
20130618,8.3500,8.3500,8.3500,8.3500,0
20130619,8.3500,8.3500,8.3500,8.3500,0
20130620,8.3500,8.3500,8.3500,8.3500,0
20130621,8.3500,8.3500,8.3500,8.3500,0
20130624,8.3500,8.3500,8.3500,8.3500,0
20130625,8.3500,8.3500,8.3500,8.3500,0
20130626,8.3500,8.3500,8.3500,8.3500,0
20130627,8.3500,8.3500,8.3500,8.3500,0
20130628,8.3500,8.3500,8.3500,8.3500,0
20130701,8.3500,8.3500,8.3500,8.3500,0
20130702,8.3500,8.3500,8.3500,8.3500,0
20130703,8.3500,8.3500,8.3500,8.3500,0
20130704,8.3500,8.3500,8.3500,8.3500,0
20130705,8.3500,8.3500,8.3500,8.3500,0
20130708,8.3500,8.3500,8.3500,8.3500,0
20130709,8.3500,8.3500,8.3500,8.3500,0
20130710,8.3500,8.3500,8.3500,8.3500,0
20130711,8.3500,8.3500,8.3500,8.3500,0
20130712,8.3500,8.3500,8.3500,8.3500,0
20130715,8.3500,8.3500,8.3500,8.3500,0
20130716,8.3500,8.3500,8.3500,8.3500,0
20130717,8.3500,8.3500,8.3500,8.3500,0
20130718,8.3500,8.3500,8.3500,8.3500,0
20130719,7.5200,8.3900,7.5200,8.3500,34188800
20130722,7.1200,7.2100,6.7700,7.1200,32418000
20130723,7.1100,7.2400,6.9600,7.0500,19633300
20130724,7.4900,7.7800,7.2600,7.2700,32754000
20130725,7.4800,7.6300,7.3500,7.4400,15123900
20130726,7.3000,7.4800,7.2100,7.4400,11214100
20130729,7.0400,7.2600,7.0100,7.2100,10065400
20130730,7.0900,7.2100,7.0200,7.1000,8615500
20130731,7.1000,7.1900,7.0300,7.1600,9897900
20130801,7.2100,7.2300,7.0700,7.1200,13934600
20130802,7.1900,7.3500,7.1800,7.2200,12775200
20130805,7.4100,7.6500,7.1100,7.1100,17066400
20130806,7.5300,7.5700,7.3300,7.4300,17788500
20130807,7.4300,7.5000,7.3500,7.4700,11354800
20130808,7.6400,7.7200,7.4200,7.4400,17020600
20130809,7.4700,7.7300,7.3700,7.6500,16037200
20130812,7.5500,7.5600,7.3100,7.4900,16841000
20130813,7.5200,7.6000,7.4700,7.5000,13209100
20130814,7.6000,7.7300,7.5100,7.5200,17983000
20130815,7.4600,7.6200,7.4500,7.6000,10319000
20130816,7.4500,8.1200,7.3600,7.4200,15155300
20130819,7.5100,7.5600,7.4100,7.4200,6917800
20130820,7.4200,7.5800,7.3600,7.5000,8270400
20130821,7.6300,7.6700,7.3600,7.4200,15682300
20130822,7.5700,7.6400,7.4700,7.5100,10349500
20130823,7.7800,7.7900,7.5300,7.5600,19680400
20130826,7.7700,7.8900,7.6300,7.8400,21990600
20130827,7.6800,7.8100,7.6300,7.7800,18333300
20130828,7.6100,7.7800,7.5800,7.6100,17165300
20130829,7.6500,7.7000,7.5800,7.6100,12028400
20130830,7.4500,7.6400,7.4300,7.6400,14830100
20130902,8.2000,8.2000,7.3300,7.4500,75216896
20130903,9.0200,9.0200,8.3800,8.5000,67040100
20130904,8.8300,9.4800,8.6300,9.4500,132855104
20130905,8.6500,8.8500,8.4100,8.5100,59129200
20130906,8.5100,8.7800,8.3100,8.4500,55447900
20130909,8.7900,9.0600,8.3900,8.5200,64424500
20130910,8.9500,9.0600,8.6600,8.7300,54325500
20130911,9.4000,9.8500,8.6400,8.9000,107919104
20130912,9.6000,9.9800,9.0300,9.1000,74729296
20130913,9.5500,10.2800,9.4400,9.6400,58033100
20130916,9.4000,9.9200,9.2700,9.4400,45788800
20130917,8.7600,9.3000,8.7400,9.2600,44873600
20130918,8.8900,9.0500,8.8000,8.8600,21596100
20130920,8.8900,8.8900,8.8900,8.8900,0
20130923,9.4500,9.5000,9.0000,9.0000,41852700
20130924,9.4600,9.8700,9.2300,9.3700,43339800
20130925,10.4100,10.4100,9.3600,9.4100,87299600
20130926,10.8400,11.4500,10.2700,10.9100,106582200
20130927,10.7600,11.4000,10.0100,10.6800,69984304
20130930,11.8400,11.8400,10.6700,10.6700,70942000
20131001,11.8400,11.8400,11.8400,11.8400,0
20131002,11.8400,11.8400,11.8400,11.8400,0
20131003,11.8400,11.8400,11.8400,11.8400,0
20131004,11.8400,11.8400,11.8400,11.8400,0
20131007,11.8400,11.8400,11.8400,11.8400,0
20131008,12.2300,12.9800,11.8400,11.9700,93741200
20131009,13.4500,13.4500,11.9300,12.0000,80856400
20131010,12.9400,13.7000,12.8000,13.1500,81890400
20131011,12.7500,13.4000,12.6500,12.8500,52875200
20131014,13.3400,13.7200,12.7300,12.7500,66766100
20131015,12.8100,13.3800,12.5900,13.3600,55297500
20131016,11.8200,12.5000,11.5300,12.5000,64362200
20131017,12.0500,12.3500,11.5100,12.0000,50771900
20131018,11.9200,12.1400,11.3000,11.7500,35430100
20131021,12.1100,12.1900,11.6500,11.9400,35513100
20131022,12.1100,12.6300,11.9800,12.1200,41910500
20131023,11.1400,12.0000,11.0200,11.9900,44626800
20131024,10.9000,11.2900,10.7800,11.0800,23131000
20131025,10.9100,11.1100,10.3300,11.0000,30973200
20131028,12.0000,12.0000,11.3100,11.6800,66854600
20131029,12.9900,13.1900,11.3100,11.8800,101442304
20131030,12.8100,13.2800,12.4100,12.5900,71730096
20131031,11.9100,12.9800,11.8800,12.6000,49776400
20131101,11.4500,11.8400,11.0800,11.6200,41689200
20131104,11.7000,12.0500,11.3900,11.5100,33054300
20131105,12.8700,12.8700,11.4300,11.5000,59400600
20131106,12.7500,13.3100,12.6100,12.8500,75855904
20131107,12.7700,13.5800,12.7100,12.7700,70389200
20131108,13.3300,13.7800,11.5500,12.0100,96940600
20131111,12.1400,13.7000,12.0000,13.1900,84394304
20131112,11.7400,11.9100,11.0100,11.5000,65140400
20131113,11.9500,12.7500,11.5300,11.7000,72429600
20131114,11.5900,12.4100,11.3800,11.8500,62989600
20131115,11.7100,11.9800,11.1300,11.2000,53835800
20131118,12.8800,12.8800,11.5000,11.7900,71621200
20131119,13.2600,13.6500,12.7200,13.1000,106278400
20131120,13.3300,13.7700,12.7100,12.8800,90656096
20131121,14.5400,14.6600,12.9500,13.0800,145554496
20131122,14.0300,14.6500,13.8800,14.5500,88419400
20131125,13.8000,14.0700,13.0500,13.7500,71833696
20131126,13.9200,14.1400,13.4400,13.6600,57918500
20131127,13.7300,13.9600,13.4500,13.6900,44761000
20131128,13.4100,14.3500,13.3500,13.7300,75650000
20131129,13.6600,13.7700,13.1200,13.2000,52559700
20131202,12.4200,13.5200,12.3100,13.3000,60367500
20131203,13.1400,13.2400,12.2700,12.2700,49118100
20131204,13.3600,13.5800,13.1000,13.3800,53139900
20131205,13.3300,13.5900,13.0300,13.2700,38056600
20131206,13.1300,13.4000,13.0500,13.2000,25138200
20131209,13.3800,13.5000,13.0900,13.1600,37619300
20131210,13.4200,13.5900,13.2100,13.4000,32452700
20131211,13.7300,13.7900,12.9100,13.3200,53043000
20131212,13.4300,13.8400,13.3800,13.8400,39832900
20131213,13.2600,13.4900,13.1000,13.2600,24868900
20131216,13.0800,13.7800,13.0500,13.5000,39298200
20131217,12.6600,13.1500,12.5800,13.0000,28613200
20131218,12.6700,12.8700,12.4100,12.7100,17696700
20131219,12.0900,12.8300,11.9800,12.6900,31641000
20131220,12.3100,12.3500,12.0100,12.1000,24828800
20131223,12.0500,12.3500,11.6800,12.3200,18925900
20131224,12.1900,12.2500,11.8800,12.0000,18529900
20131225,12.0100,12.2800,11.8800,12.2800,18676400
20131226,11.1900,11.9700,11.1400,11.9700,38123700
20131227,11.2300,11.3500,11.1500,11.1800,19371700
20131230,11.1800,11.4300,11.1100,11.2900,18239800
20131231,11.3100,11.3400,10.6100,11.1900,35241800
20140101,11.3100,11.3100,11.3100,11.3100,0
20140102,11.1800,11.2800,11.0400,11.1300,17265000
20140103,10.8400,11.1600,10.7900,11.1600,19209700
20140106,10.1900,10.7700,10.0600,10.6500,25229800
20140107,10.2900,10.5100,10.0300,10.1100,17254800
20140108,10.1100,10.4300,9.9600,10.2200,21981100
20140109,10.1300,10.4500,10.0700,10.1200,21982700
20140110,10.0600,10.3000,9.8300,10.0200,16062200
20140113,10.0000,10.2200,9.9000,10.0300,13366500
20140114,10.2800,10.2900,10.0700,10.1400,19444900
20140115,10.6000,10.6700,10.1500,10.2300,25647900
20140116,10.4600,10.6700,10.4200,10.5600,17095700
20140117,10.0900,10.4700,10.0800,10.4600,14325400
20140120,10.1800,10.5800,10.1600,10.4600,18257600
20140121,10.1900,10.3100,10.0800,10.1000,13291600
20140122,10.4800,10.6500,10.1500,10.2000,24716700
20140123,10.4700,10.6000,10.3900,10.4000,19577800
20140124,10.5300,10.6000,10.4000,10.4400,20025200
20140127,10.3700,10.5900,10.2200,10.4900,20625700
20140128,9.3300,9.5700,9.3300,9.3300,35540700
20140129,8.4100,8.8700,8.4000,8.6700,87920000
20140130,8.2000,8.4900,8.1500,8.4100,36180200
20140131,8.2000,8.2000,8.2000,8.2000,0
20140203,8.2000,8.2000,8.2000,8.2000,0
20140205,8.2000,8.2000,8.2000,8.2000,0
20140206,8.2000,8.2000,8.2000,8.2000,0
20140207,8.4200,8.4800,8.1800,8.1900,25511100
20140210,8.5500,8.6200,8.3500,8.4000,41305800
20140211,8.7300,8.7600,8.5000,8.5600,40177400
20140212,9.6000,9.6000,8.6000,8.7800,75661104
20140213,9.3600,9.5700,9.3300,9.5700,47465400
20140214,9.5200,9.6500,9.3000,9.3300,30275500
20140217,9.5300,9.6300,9.3700,9.5200,28175700
20140218,9.9600,10.3400,9.6200,9.6300,55431000
20140219,10.1700,10.2600,9.8100,9.9000,47499200
20140220,9.8900,10.2600,9.8200,10.1000,38716800
20140221,10.0400,10.1700,9.5500,9.8900,38551400
20140224,9.9400,10.1400,9.6500,10.0300,30752100
20140225,9.1900,9.9300,8.9500,9.8800,36774900
