20130226,4.0450,4.2400,4.0000,4.2150,35992200
20130227,3.9750,4.1450,3.9300,4.0650,15299100
20130228,4.0250,4.0400,3.9600,3.9950,10895500
20130301,4.0150,4.0600,3.9800,4.0350,9520200
20130304,3.8700,4.0200,3.8700,4.0150,14015600
20130305,3.9350,3.9450,3.8700,3.8700,7639700
20130306,4.0500,4.0550,3.9300,3.9300,12891900
20130307,4.0000,4.0950,3.9550,4.0550,9843900
20130308,4.0050,4.0700,3.9900,3.9900,6548800
20130311,4.0200,4.0500,3.9550,4.0100,4886800
20130312,3.9450,4.0400,3.8900,4.0050,6197500
20130313,3.9650,3.9800,3.9100,3.9250,4525500
20130314,3.9800,4.0250,3.9500,3.9600,3622500
20130315,3.9850,4.0500,3.9800,3.9950,7358200
20130318,3.9050,3.9750,3.8950,3.9750,5744700
20130319,3.8350,3.9350,3.8000,3.9050,6449900
20130320,3.9200,3.9250,3.8500,3.8600,5908700
20130321,3.9500,3.9850,3.9000,3.9200,5579200
20130322,3.9650,3.9750,3.9250,3.9400,4226500
20130325,3.9800,3.9900,3.9400,3.9700,4616200
20130326,4.0650,4.0750,3.9450,3.9800,10025500
20130327,4.0100,4.0850,4.0000,4.0800,7483200
20130328,3.8900,4.0000,3.8550,4.0000,6086000
20130329,3.8800,3.9200,3.8650,3.9000,2840400
20130401,3.8850,3.9400,3.8500,3.8800,2675100
20130402,3.7700,3.9100,3.7550,3.9050,5047800
20130403,3.7050,3.7900,3.6900,3.7750,4960600
20130404,3.7050,3.7050,3.7050,3.7050,0
20130405,3.7050,3.7050,3.7050,3.7050,0
20130408,3.7600,3.7800,3.6000,3.6800,3456600
20130409,3.7550,3.7900,3.7350,3.7500,3112600
20130410,3.7900,3.7900,3.7350,3.7500,2454000
20130411,3.7900,3.8400,3.7700,3.7950,2142200
20130412,3.8150,3.8200,3.7750,3.8000,2566800
20130415,3.6750,3.8350,3.6700,3.8350,4535400
20130416,3.8250,3.8300,3.6000,3.6850,5249400
20130417,3.7900,3.8400,3.7250,3.8400,3992000
20130418,3.7300,3.8050,3.7250,3.7750,4865400
20130419,4.0800,4.0800,3.7800,3.7800,16238300
20130422,3.9500,4.1400,3.8900,4.1400,27797600
20130423,3.7500,3.9200,3.6700,3.9000,14411500
20130424,3.8000,3.8300,3.7100,3.7500,10134100
20130425,3.6700,3.8000,3.6300,3.7300,9100600
20130426,3.5200,3.6700,3.4600,3.6700,8099300
20130429,3.5200,3.5200,3.5200,3.5200,0
20130430,3.5200,3.5200,3.5200,3.5200,0
20130501,3.5200,3.5200,3.5200,3.5200,0
20130502,3.4500,3.5100,3.4300,3.5100,3619600
20130503,3.4900,3.5100,3.4600,3.5000,3415900
20130506,3.5300,3.5300,3.4700,3.5000,4421100
20130507,3.5000,3.5300,3.4700,3.5300,4279000
20130508,3.5800,3.6100,3.4800,3.5000,5825300
20130509,3.5300,3.5700,3.4900,3.5700,3624400
20130510,3.4900,3.5200,3.4600,3.5000,5771600
20130513,3.6400,3.6900,3.4700,3.5100,13105500
20130514,3.6600,3.6900,3.5800,3.6400,6665000
20130515,3.6400,3.6600,3.5900,3.6600,3651600
20130516,3.6200,3.6500,3.5800,3.6400,4881600
20130517,3.6400,3.6400,3.5900,3.5900,4658900
20130520,3.6400,3.6600,3.6000,3.6600,6538700
20130521,3.6400,3.6500,3.6000,3.6500,6196900
20130522,3.5700,3.6400,3.5600,3.6400,6732800
20130523,3.5100,3.5700,3.4900,3.5500,5744600
20130524,3.5000,3.5300,3.4300,3.5000,7691100
20130527,3.4800,3.5100,3.4400,3.5100,5334300
20130528,3.5000,3.5000,3.4400,3.4800,5041300
20130529,3.4700,3.5100,3.4600,3.4900,5433600
20130530,3.4800,3.5100,3.4500,3.5100,5774400
20130531,3.4600,3.5000,3.4500,3.5000,5642700
20130603,3.4200,3.4700,3.4200,3.4500,5462700
20130604,3.3700,3.4500,3.3600,3.4300,5221700
20130605,3.4400,3.5000,3.3600,3.3700,5615300
20130606,3.3500,3.4500,3.3500,3.4200,3907300
20130607,3.2200,3.3700,3.2000,3.3600,6875700
20130610,3.2200,3.2200,3.2200,3.2200,0
20130611,3.2200,3.2200,3.2200,3.2200,0
20130612,3.2200,3.2200,3.2200,3.2200,0
20130613,3.0800,3.2000,3.0200,3.2000,3767200
20130614,3.0500,3.0800,2.9800,3.0800,11960300
20130617,2.9800,3.0400,2.9700,3.0300,6820600
20130618,3.0000,3.0300,2.9800,2.9900,6474800
20130619,2.9000,3.0000,2.8600,3.0000,7586200
20130620,2.8300,2.9000,2.8200,2.9000,7244000
20130621,2.7400,2.8000,2.7100,2.7700,9100800
20130624,2.5200,2.7700,2.4700,2.7400,10602700
20130625,2.4200,2.5200,2.2700,2.5200,14745800
20130626,2.3900,2.4200,2.3400,2.4100,10665000
20130627,2.3500,2.4400,2.3000,2.3900,18625500
20130628,2.3900,2.4300,2.2900,2.2900,16581400
20130701,2.4500,2.4500,2.3600,2.4200,20336000
20130702,2.3900,2.4400,2.3600,2.4400,12082500
20130703,2.3100,2.3800,2.2900,2.3800,9775200
20130704,2.3600,2.3800,2.2700,2.3000,10812700
20130705,2.3600,2.3900,2.3300,2.3500,10064800
20130708,2.2100,2.3200,2.2000,2.3100,12541500
20130709,2.1900,2.2600,2.1500,2.1600,9140100
20130710,2.2600,2.2600,2.1800,2.2100,9705600
20130711,2.3600,2.3700,2.2500,2.2600,17027200
20130712,2.2900,2.3800,2.2700,2.3600,12697500
20130715,2.3100,2.3400,2.2700,2.2900,10416200
20130716,2.3100,2.3200,2.2400,2.3200,11265500
20130717,2.2700,2.3300,2.2600,2.3000,9339000
20130718,2.2100,2.2900,2.2100,2.2500,8422900
20130719,2.1700,2.2300,2.1700,2.2100,10328900
20130722,2.1600,2.1600,2.1100,2.1600,6060700
20130723,2.2300,2.2500,2.1500,2.1700,15102100
20130724,2.2700,2.2700,2.2000,2.2100,11106700
20130725,2.2300,2.2800,2.2000,2.2600,7564300
20130726,2.2000,2.2300,2.1600,2.2100,5731700
20130729,2.3500,2.4200,2.1700,2.2100,26186400
20130730,2.4100,2.4300,2.2600,2.3500,25889700
20130731,2.3600,2.4400,2.3400,2.4200,12799100
20130801,2.4000,2.4100,2.3200,2.3500,10174100
20130802,2.3700,2.4100,2.3700,2.4000,7801000
20130805,2.3900,2.4000,2.3300,2.3700,8100500
20130806,2.4100,2.4100,2.3700,2.3900,8493300
20130807,2.3700,2.4100,2.3600,2.4100,7023500
20130808,2.4100,2.4200,2.3500,2.3700,8456600
20130809,2.4000,2.4200,2.3700,2.4100,6226900
20130812,2.6400,2.6400,2.3900,2.4100,29722400
20130813,2.9000,2.9000,2.5900,2.6400,53872300
20130814,3.1900,3.1900,2.8400,2.9400,50250300
20130815,3.1900,3.1900,3.1900,3.1900,0
20130816,3.1900,3.1900,3.1900,3.1900,0
20130819,3.1900,3.1900,3.1900,3.1900,0
20130820,3.2900,3.3800,3.0600,3.3200,82627600
20130821,3.1900,3.2500,3.1200,3.2100,43896700
20130822,3.0700,3.3000,3.0100,3.2000,46113900
20130823,3.0200,3.1100,2.9100,3.0300,34201800
20130826,3.1100,3.1300,2.9700,3.0100,33155500
20130827,3.2300,3.2900,3.0600,3.1000,40631000
20130828,3.1400,3.2300,3.1000,3.1600,27176400
20130829,3.4500,3.4500,3.1000,3.1500,55588300
20130830,3.8000,3.8000,3.5000,3.5300,40819200
20130902,3.4200,4.1000,3.4200,4.1000,75503504
20130903,3.2700,3.3600,3.1800,3.2600,33398100
20130904,3.6000,3.6000,3.2100,3.2600,56280900
20130905,3.7500,3.9000,3.4200,3.6000,69609696
20130906,3.6900,3.9000,3.6000,3.6600,58613800
20130909,3.8300,3.9800,3.5500,3.6500,61822300
20130910,4.0100,4.1100,3.7200,3.7200,65431800
20130911,3.8400,4.0700,3.8000,3.9800,42242900
20130912,3.7900,3.8700,3.7000,3.8200,24039000
20130913,3.8100,3.9500,3.7100,3.7700,24518900
20130916,3.7800,3.8800,3.7100,3.7800,21277800
20130917,3.5200,3.7700,3.5000,3.7700,24474100
20130918,3.5500,3.6100,3.5000,3.5200,10060800
20130920,3.5500,3.5500,3.5500,3.5500,0
20130923,3.5800,3.6300,3.5500,3.5600,11128700
20130924,3.6300,3.6900,3.3700,3.6100,23826500
20130925,3.5000,3.6300,3.4700,3.6000,14845300
20130926,3.3700,3.5000,3.3500,3.5000,11851400
20130927,3.3800,3.3900,3.2800,3.3700,9079800
20130930,3.3900,3.4500,3.3500,3.3700,6498400
20131001,3.3900,3.3900,3.3900,3.3900,0
20131002,3.3900,3.3900,3.3900,3.3900,0
20131003,3.3900,3.3900,3.3900,3.3900,0
20131004,3.3900,3.3900,3.3900,3.3900,0
20131007,3.3900,3.3900,3.3900,3.3900,0
20131008,3.4300,3.4900,3.2900,3.3900,8919200
20131009,3.7700,3.7700,3.4000,3.4400,39469200
20131010,3.7200,3.9700,3.7000,3.8400,37014600
20131011,3.7600,3.8800,3.6500,3.7200,22760900
20131014,3.7000,3.8100,3.6600,3.7500,20055900
20131015,3.8000,3.9400,3.6000,3.6800,27015300
20131016,3.6500,3.7800,3.6000,3.7700,14102000
20131017,3.6100,3.7300,3.6000,3.6900,9529000
20131018,3.6000,3.6700,3.5800,3.6000,6810500
20131021,3.6200,3.6500,3.4900,3.6000,11017200
20131022,3.5600,3.6800,3.5100,3.6200,13340900
20131023,3.4700,3.6000,3.4500,3.5500,10180500
20131024,3.4300,3.5000,3.3900,3.5000,7870600
20131025,3.3300,3.4600,3.3300,3.4300,7612600
20131028,3.3700,3.4000,3.3200,3.4000,4188300
20131029,3.2700,3.4000,3.2000,3.3900,9006100
20131030,3.4000,3.4500,3.2200,3.2700,9700200
20131031,3.4100,3.4900,3.3500,3.3700,8249800
20131101,3.3800,3.4400,3.3300,3.4100,4765700
20131104,3.3600,3.4000,3.3300,3.3800,3213600
20131105,3.3500,3.3800,3.2500,3.3600,7880800
20131106,3.2300,3.3400,3.2200,3.3400,9344100
20131107,3.1800,3.2300,3.1400,3.2300,6407700
20131108,3.2000,3.2700,3.0700,3.1700,7787100
20131111,3.1400,3.2000,3.1200,3.1600,3938000
20131112,3.1600,3.2000,3.1400,3.1500,3301800
20131113,3.1500,3.1900,3.1200,3.1600,4399700
20131114,3.0900,3.1700,3.0600,3.1400,6141000
20131115,3.1300,3.1600,3.0800,3.0900,5780900
20131118,3.2000,3.2100,3.1200,3.1500,8146200
20131119,3.5200,3.5200,3.2000,3.2200,35747500
20131120,3.5800,3.6500,3.4100,3.5500,34472600
20131121,3.6300,3.8000,3.4600,3.5500,36632100
20131122,3.5300,3.6600,3.5000,3.6100,16124800
20131125,3.5700,3.7000,3.4800,3.4800,17829000
20131126,3.5100,3.6600,3.5000,3.5500,12821600
20131127,3.4400,3.5100,3.4000,3.4600,12426500
20131128,3.5200,3.5500,3.4200,3.4500,11579800
20131129,3.4700,3.5200,3.4500,3.5100,7212600
20131202,3.3100,3.5000,3.2200,3.4100,13903900
20131203,3.3800,3.3800,3.2500,3.3000,6806300
20131204,3.5400,3.6000,3.3500,3.3800,18129200
20131205,3.5400,3.5400,3.5400,3.5400,0
20131206,3.5400,3.5400,3.5400,3.5400,0
20131209,3.5400,3.5400,3.5400,3.5400,0
20131210,3.5400,3.5400,3.5400,3.5400,0
20131211,3.5400,3.5400,3.5400,3.5400,0
20131212,3.5400,3.5400,3.5400,3.5400,0
20131213,3.5400,3.5400,3.5400,3.5400,0
20131216,3.5400,3.5400,3.5400,3.5400,0
20131217,3.5400,3.5400,3.5400,3.5400,0
20131218,3.5400,3.5400,3.5400,3.5400,0
20131219,3.3400,3.5900,3.3000,3.5200,16998100
20131220,3.2500,3.3800,3.2000,3.3500,8015100
20131223,3.2000,3.2600,3.1800,3.2500,5864200
20131224,3.1900,3.2600,3.1800,3.2100,4662900
20131225,3.2200,3.2300,3.1600,3.1800,4364900
20131226,3.3200,3.4000,3.1900,3.2300,10456700
20131227,3.3500,3.4500,3.2700,3.3000,8013700
20131230,3.3100,3.4400,3.2900,3.3600,4972400
20131231,3.2400,3.3300,3.2000,3.3100,5846000
20140101,3.2400,3.2400,3.2400,3.2400,0
20140102,3.2500,3.2700,3.2200,3.2200,4491700
20140103,3.2100,3.2600,3.1900,3.2500,4236900
20140106,3.1300,3.2200,3.1100,3.2200,5509900
20140107,3.1600,3.1900,3.1000,3.1300,4001500
20140108,3.1400,3.1900,3.1200,3.1700,3111500
20140109,3.0900,3.1500,3.0900,3.1300,5385000
20140110,3.0800,3.1300,3.0500,3.0900,3327000
20140113,3.3800,3.3900,3.0600,3.0700,12537000
20140114,3.2700,3.3600,3.2200,3.3200,8124300
20140115,3.2300,3.3100,3.2200,3.2700,3743500
20140116,3.2100,3.2900,3.1400,3.2100,8970400
20140117,3.1600,3.2400,3.1600,3.2100,4365500
20140120,3.1600,3.2000,3.1200,3.1500,2642700
20140121,3.1600,3.2000,3.1400,3.1600,5160400
20140122,3.2200,3.2300,3.1400,3.1600,6518400
20140123,3.1900,3.2300,3.1700,3.2200,4756700
20140124,3.1900,3.2200,3.1700,3.1800,5573900
20140127,3.2300,3.2500,3.1600,3.1700,6377500
20140128,3.2100,3.2700,3.2000,3.2200,4420400
20140129,3.2000,3.2300,3.1900,3.2300,2996500
20140130,3.1600,3.2100,3.1500,3.2100,2642300
20140131,3.1600,3.1600,3.1600,3.1600,0
20140203,3.1600,3.1600,3.1600,3.1600,0
20140205,3.1600,3.1600,3.1600,3.1600,0
20140206,3.1600,3.1600,3.1600,3.1600,0
20140207,3.1700,3.1900,3.1400,3.1600,3757200
20140210,3.2500,3.2600,3.1700,3.1700,8485200
20140211,3.2700,3.2800,3.2100,3.2500,7930900
20140212,3.4600,3.4900,3.2700,3.2700,18219900
20140213,3.3700,3.4600,3.3400,3.4600,13436800
20140214,3.3900,3.4300,3.3600,3.3600,6588600
20140217,3.4900,3.5600,3.3700,3.4000,13750000
20140218,3.5100,3.5300,3.4400,3.4900,11753900
20140219,3.4600,3.5100,3.4100,3.5100,7899700
20140220,3.3500,3.4800,3.3400,3.4500,10424400
20140221,3.3500,3.3900,3.3100,3.3500,4423200
20140224,3.3300,3.3500,3.2800,3.3500,4386800
20140225,3.3900,3.4000,3.2800,3.3100,9974800
