20130226,3.8800,3.9900,3.8800,3.9600,6149500
20130227,3.9100,3.9300,3.8700,3.8900,3729300
20130228,3.9600,3.9600,3.8900,3.9100,5211000
20130301,3.9900,4.0000,3.9200,3.9600,6616900
20130304,3.8500,3.9500,3.8100,3.9500,8386400
20130305,3.8800,3.8900,3.8100,3.8500,5061700
20130306,3.9200,3.9400,3.8600,3.8800,5919100
20130307,3.9400,3.9800,3.9100,3.9200,7552900
20130308,3.9100,3.9800,3.9000,3.9400,4291600
20130311,3.9300,3.9800,3.8700,3.9200,4782100
20130312,3.8300,3.9400,3.7600,3.9300,6976800
20130313,3.7800,3.8300,3.7500,3.8000,3378500
20130314,3.7700,3.8200,3.7500,3.7800,2639800
20130315,3.7200,3.8000,3.6900,3.7800,5314200
20130318,3.7100,3.7300,3.6600,3.7200,3760600
20130319,3.7000,3.7100,3.6200,3.6800,4741600
20130320,3.7800,3.7800,3.6700,3.7000,4895500
20130321,3.7900,3.8200,3.7500,3.7700,4845900
20130322,3.8000,3.8200,3.7600,3.7900,2678200
20130325,3.7800,3.8100,3.7600,3.8000,2540500
20130326,3.7400,3.7900,3.7000,3.7800,3395200
20130327,3.7900,3.8500,3.7200,3.7400,6580700
20130328,3.6500,3.7500,3.6400,3.7500,4700700
20130329,3.6700,3.6800,3.6300,3.6500,2001000
20130401,3.6800,3.7000,3.6500,3.6700,1975900
20130402,3.6700,3.7100,3.6600,3.6800,1910600
20130403,3.6700,3.6800,3.6400,3.6600,2585600
20130404,3.6700,3.6700,3.6700,3.6700,0
20130405,3.6700,3.6700,3.6700,3.6700,0
20130408,3.6700,3.6800,3.5100,3.6300,2200000
20130409,3.7000,3.7100,3.6400,3.6700,2143700
20130410,3.7300,3.7700,3.7000,3.7000,3635900
20130411,3.7400,3.7700,3.7200,3.7300,3011700
20130412,3.6500,3.7400,3.6500,3.7400,1896700
20130415,3.5900,3.6500,3.5600,3.6500,1567700
20130416,3.7400,3.7800,3.5200,3.5900,8473300
20130417,3.7100,3.7300,3.6700,3.7300,3237700
20130418,3.6800,3.7300,3.6600,3.7100,2663000
20130419,3.7300,3.7500,3.6500,3.6800,6307400
20130422,3.6700,3.7100,3.6400,3.6800,4653800
20130423,3.5900,3.7000,3.5500,3.7000,3675700
20130424,3.6200,3.6400,3.5600,3.5700,2418700
20130425,3.5300,3.6200,3.5200,3.6200,4815800
20130426,3.4100,3.5400,3.4000,3.5400,3504700
20130429,3.4100,3.4100,3.4100,3.4100,0
20130430,3.4100,3.4100,3.4100,3.4100,0
20130501,3.4100,3.4100,3.4100,3.4100,0
20130502,3.4300,3.4500,3.4100,3.4100,2149000
20130503,3.4800,3.5000,3.4300,3.4300,2608400
20130506,3.5300,3.5500,3.4800,3.4900,3124500
20130507,3.6800,3.7900,3.6100,3.6100,16376200
20130508,3.6400,3.7100,3.6000,3.6000,6554500
20130509,3.6300,3.6800,3.5800,3.6100,4683300
20130510,3.6500,3.6600,3.5900,3.6300,3583600
20130513,3.6700,3.7300,3.6100,3.6400,5605800
20130514,3.6000,3.7000,3.5800,3.6700,3099000
20130515,3.6000,3.6300,3.5900,3.6100,2260900
20130516,3.6300,3.6300,3.5600,3.6000,4153600
20130517,3.6500,3.6700,3.6200,3.6200,4952600
20130520,3.6700,3.6900,3.6400,3.6600,5049800
20130521,3.6900,3.7000,3.6500,3.6500,5268200
20130522,3.6700,3.7100,3.6600,3.6900,5826300
20130523,3.6200,3.6800,3.6200,3.6600,5238000
20130524,3.6400,3.6500,3.5900,3.6200,3451600
20130527,3.6200,3.6500,3.6200,3.6400,3259900
20130528,3.6700,3.6800,3.6100,3.6300,5835800
20130529,3.7300,3.7500,3.6600,3.6800,9055600
20130530,3.6900,3.7200,3.6700,3.7200,4955900
20130531,3.6700,3.7100,3.6500,3.6800,3121600
20130603,3.6500,3.7000,3.6500,3.6800,3529900
20130604,3.5700,3.6500,3.5600,3.6400,4592700
20130605,3.5600,3.5900,3.5400,3.5700,2664000
20130606,3.5500,3.6500,3.5400,3.5600,5181000
20130607,3.5500,3.6200,3.5200,3.5500,3664800
20130610,3.5500,3.5500,3.5500,3.5500,0
20130611,3.5500,3.5500,3.5500,3.5500,0
20130612,3.5500,3.5500,3.5500,3.5500,0
20130613,3.4400,3.5300,3.3600,3.5300,3312600
20130614,3.5000,3.5100,3.4400,3.4700,2447000
20130617,3.4700,3.5100,3.4500,3.5000,2399000
20130618,3.4800,3.4900,3.4400,3.4600,1993500
20130619,3.5100,3.5200,3.4100,3.4900,2965500
20130620,3.5000,3.5400,3.4600,3.5200,2836100
20130621,3.5100,3.5100,3.4100,3.4500,2264600
20130624,3.5000,3.5100,3.3200,3.5100,5825400
20130625,3.4700,3.5000,3.1600,3.4500,3560400
20130626,3.5100,3.5200,3.3800,3.4600,4434000
20130627,3.5000,3.5200,3.4200,3.4900,2847900
20130628,3.5100,3.5500,3.4500,3.4900,3803300
20130701,3.5500,3.5800,3.4600,3.4600,2815900
20130702,3.5400,3.5700,3.5200,3.5500,2419500
20130703,3.4900,3.5400,3.4100,3.5400,3325300
20130704,3.4900,3.5100,3.4200,3.4600,3149800
20130705,3.6500,3.6900,3.4900,3.5000,10997400
20130708,3.6500,3.6500,3.6500,3.6500,0
20130709,3.6500,3.6500,3.6500,3.6500,0
20130710,3.6500,3.6500,3.6500,3.6500,0
20130711,3.6500,3.6500,3.6500,3.6500,0
20130712,3.6500,3.6500,3.6500,3.6500,0
20130715,3.6500,3.6500,3.6500,3.6500,0
20130716,3.6500,3.6500,3.6500,3.6500,0
20130717,3.6500,3.6500,3.6500,3.6500,0
20130718,3.6500,3.6500,3.6500,3.6500,0
20130719,3.6500,3.6500,3.6500,3.6500,0
20130722,3.6500,3.6500,3.6500,3.6500,0
20130723,3.6500,3.6500,3.6500,3.6500,0
20130724,3.6500,3.6500,3.6500,3.6500,0
20130725,3.6500,3.6500,3.6500,3.6500,0
20130726,3.6500,3.6500,3.6500,3.6500,0
20130729,3.6500,3.6500,3.6500,3.6500,0
20130730,3.6500,3.6500,3.6500,3.6500,0
20130731,3.6500,3.6500,3.6500,3.6500,0
20130801,3.6500,3.6500,3.6500,3.6500,0
20130802,3.6500,3.6500,3.6500,3.6500,0
20130805,3.6500,3.6500,3.6500,3.6500,0
20130806,3.6500,3.6500,3.6500,3.6500,0
20130807,3.6500,3.6500,3.6500,3.6500,0
20130808,3.6500,3.6500,3.6500,3.6500,0
20130809,3.6500,3.6500,3.6500,3.6500,0
20130812,3.6500,3.6500,3.6500,3.6500,0
20130813,3.6500,3.6500,3.6500,3.6500,0
20130814,3.6500,3.6500,3.6500,3.6500,0
20130815,3.6500,3.6500,3.6500,3.6500,0
20130816,3.6500,3.6500,3.6500,3.6500,0
20130819,3.6500,3.6500,3.6500,3.6500,0
20130820,3.6500,3.6500,3.6500,3.6500,0
20130821,3.6500,3.6500,3.6500,3.6500,0
20130822,3.6500,3.6500,3.6500,3.6500,0
20130823,3.6500,3.6500,3.6500,3.6500,0
20130826,3.6500,3.6500,3.6500,3.6500,0
20130827,3.6500,3.6500,3.6500,3.6500,0
20130828,4.0200,4.0200,4.0200,4.0200,2952500
20130829,4.3900,4.4200,4.2000,4.4200,56120500
20130830,4.1000,4.2800,4.0500,4.2800,30903600
20130902,3.8400,4.0500,3.8000,4.0500,20993800
20130903,3.8900,3.9100,3.8100,3.8400,9452000
20130904,3.8500,3.9100,3.8400,3.8800,9985900
20130905,3.7400,3.8400,3.7100,3.8400,11803000
20130906,3.8000,3.8100,3.7100,3.7600,8185100
20130909,3.8200,3.8400,3.7500,3.8100,10268300
20130910,3.8500,3.8600,3.7500,3.8300,13464900
20130911,3.8100,3.8900,3.7700,3.8600,12199200
20130912,4.0200,4.0300,3.8100,3.8100,20426800
20130913,3.9200,4.0300,3.9000,4.0300,9618400
20130916,3.9100,3.9400,3.8200,3.9200,7746600
20130917,3.8200,3.9300,3.8100,3.9100,4768700
20130918,3.7900,3.8600,3.7500,3.8300,5407600
20130920,3.7900,3.7900,3.7900,3.7900,0
20130923,3.8200,3.8200,3.7600,3.8000,5319900
20130924,3.9000,3.9600,3.7600,3.8100,8937500
20130925,4.0600,4.2900,4.0300,4.2900,35829500
20130926,4.0500,4.1900,3.9500,3.9600,16143800
20130927,4.0900,4.1400,3.9600,4.0200,9524500
20130930,4.0500,4.1300,4.0300,4.1000,5728900
20131001,4.0500,4.0500,4.0500,4.0500,0
20131002,4.0500,4.0500,4.0500,4.0500,0
20131003,4.0500,4.0500,4.0500,4.0500,0
20131004,4.0500,4.0500,4.0500,4.0500,0
20131007,4.0500,4.0500,4.0500,4.0500,0
20131008,4.0400,4.0600,3.9700,4.0600,5415600
20131009,4.0100,4.0400,3.9800,4.0200,6538000
20131010,4.0000,4.0400,3.9800,3.9900,5683400
20131011,4.0100,4.0500,3.9800,4.0000,6439100
20131014,3.9700,4.0300,3.9600,4.0100,6758500
20131015,4.0600,4.0700,3.9500,3.9700,8123300
20131016,3.9500,4.0500,3.9400,4.0300,5273700
20131017,3.8900,3.9900,3.8800,3.9500,5287300
20131018,3.8900,3.9300,3.8800,3.9100,3172300
20131021,3.9100,3.9400,3.8400,3.9200,4493500
20131022,3.9100,3.9600,3.8800,3.9100,4861400
20131023,3.8600,3.9600,3.8500,3.9100,4106600
20131024,3.7900,3.8600,3.7800,3.8600,3064300
20131025,3.6800,3.8300,3.6500,3.7800,3466500
20131028,3.6900,3.7200,3.6600,3.6800,1920900
20131029,3.5600,3.7200,3.4000,3.6800,4515800
20131030,3.6000,3.6100,3.5200,3.5200,2587600
20131031,3.5900,3.6100,3.5500,3.5800,2084700
20131101,3.5900,3.6100,3.5300,3.5900,1906800
20131104,3.6200,3.6300,3.5800,3.5900,1825200
20131105,3.6300,3.6400,3.5700,3.6200,2398100
20131106,3.6400,3.7100,3.5700,3.6200,4695500
20131107,3.5600,3.6300,3.5300,3.6000,2726800
20131108,3.5000,3.5800,3.5000,3.5600,2290700
20131111,3.4800,3.5400,3.4300,3.5100,2124500
20131112,3.4900,3.5000,3.4300,3.5000,2726500
20131113,3.4200,3.4900,3.4100,3.4600,2688300
20131114,3.4700,3.4800,3.4000,3.4200,1754000
20131115,3.5400,3.5800,3.4600,3.4700,4353100
20131118,3.6300,3.6600,3.5300,3.5800,4344400
20131119,3.6300,3.6400,3.5700,3.6300,3258500
20131120,3.6700,3.6900,3.6000,3.6300,4537800
20131121,3.7000,3.7300,3.6200,3.6800,6388800
20131122,3.6600,3.7700,3.6500,3.6600,5891400
20131125,3.6600,3.7100,3.6200,3.6300,4401400
20131126,3.6400,3.7100,3.6200,3.6600,2938600
20131127,3.6500,3.6800,3.6200,3.6400,2685800
20131128,3.6800,3.7200,3.6500,3.6500,3994700
20131129,3.7300,3.7600,3.6600,3.6900,5154600
20131202,3.5200,3.6700,3.4600,3.6400,5028200
20131203,3.5800,3.5800,3.4800,3.5000,2603300
20131204,3.6300,3.6500,3.5500,3.5800,3135100
20131205,3.6600,3.7200,3.5900,3.6300,4392700
20131206,3.6300,3.6500,3.6000,3.6500,2435500
20131209,3.6200,3.6500,3.6100,3.6300,2181900
20131210,3.6400,3.6500,3.6000,3.6200,1866500
20131211,3.5700,3.6500,3.5500,3.6400,2957900
20131212,3.5900,3.6000,3.5400,3.5500,1400300
20131213,3.5800,3.6000,3.5600,3.5900,1629600
20131216,3.5000,3.5800,3.4900,3.5600,3575900
20131217,3.4900,3.5300,3.4700,3.5000,1637500
20131218,3.5200,3.5200,3.4700,3.5000,1349600
20131219,3.4700,3.5400,3.4600,3.5400,1628800
20131220,3.4900,3.5000,3.4200,3.4700,1849400
20131223,3.4400,3.4900,3.4100,3.4900,1626000
20131224,3.4800,3.4900,3.4300,3.4400,1947000
20131225,3.4600,3.4700,3.4200,3.4500,1223700
20131226,3.3700,3.4500,3.3500,3.4500,2065600
20131227,3.4000,3.4100,3.3400,3.3600,1524600
20131230,3.4000,3.4400,3.3900,3.4000,1025600
20131231,3.4100,3.4300,3.3800,3.3900,1144200
20140101,3.4100,3.4100,3.4100,3.4100,0
20140102,3.4100,3.4400,3.3700,3.4200,2102300
20140103,3.3800,3.4000,3.3600,3.4000,1119000
20140106,3.2600,3.3700,3.2300,3.3700,2289200
20140107,3.2300,3.2600,3.2000,3.2500,1938400
20140108,3.1900,3.2300,3.1800,3.2300,1579400
20140109,3.1600,3.2200,3.1200,3.1900,1701600
20140110,3.1000,3.1600,3.0900,3.1500,1409400
20140113,3.0900,3.1200,3.0700,3.0900,1312800
20140114,3.2200,3.2200,3.1000,3.1300,2668900
20140115,3.1800,3.2200,3.1400,3.2200,1653000
20140116,3.1700,3.2100,3.1400,3.1600,1382400
20140117,3.1200,3.1600,3.1000,3.1500,1058900
20140120,3.1100,3.1400,3.0900,3.1000,821400
20140121,3.1300,3.1600,3.1200,3.1300,803400
20140122,3.2100,3.2200,3.1300,3.1300,1771700
20140123,3.2400,3.2700,3.2100,3.2400,1503100
20140124,3.3300,3.3500,3.2500,3.2500,2573800
20140127,3.2600,3.2900,3.2400,3.2700,1455000
20140128,3.2200,3.2800,3.2200,3.2600,1292500
20140129,3.2500,3.2700,3.2100,3.2200,1080200
20140130,3.2500,3.2600,3.2200,3.2500,545000
20140131,3.2500,3.2500,3.2500,3.2500,0
20140203,3.2500,3.2500,3.2500,3.2500,0
20140205,3.2500,3.2500,3.2500,3.2500,0
20140206,3.2500,3.2500,3.2500,3.2500,0
20140207,3.2400,3.2500,3.1500,3.1500,954400
20140210,3.3200,3.3300,3.2300,3.2300,2735400
20140211,3.3100,3.3400,3.2800,3.3400,2781600
20140212,3.3300,3.3300,3.2800,3.3100,3113400
20140213,3.3500,3.4100,3.2900,3.3300,4106600
20140214,3.3800,3.3900,3.3300,3.3400,2219400
20140217,3.4000,3.4300,3.3700,3.3800,3911600
20140218,3.3700,3.4300,3.3500,3.4200,2443800
20140219,3.4000,3.4000,3.3300,3.3700,3054800
20140220,3.3700,3.4000,3.3400,3.4000,2975000
20140221,3.3200,3.3800,3.3000,3.3700,2016600
20140224,3.2200,3.3000,3.2100,3.3000,2982300
20140225,3.1300,3.2300,3.1100,3.1900,2694400
