20130226,11.2100,11.3000,11.1400,11.3000,5712200
20130227,11.2200,11.4500,11.1800,11.2000,3671600
20130228,11.3400,11.3500,11.1200,11.2400,6788100
20130301,11.2900,11.3500,11.1800,11.3300,5692000
20130304,11.0800,11.1900,10.8000,11.1900,10474800
20130305,11.3000,11.3500,11.0800,11.1000,5986100
20130306,11.5500,11.6500,11.2500,11.3000,13919400
20130307,11.5600,11.7000,11.3600,11.4800,10843800
20130308,11.5800,11.6500,11.4300,11.5700,8655100
20130311,11.5800,11.7800,11.5000,11.6500,7500800
20130312,11.3800,11.6100,11.2000,11.5300,8756100
20130313,11.3100,11.3500,11.1000,11.3300,5541000
20130314,11.3000,11.3700,11.1900,11.2100,2969800
20130315,11.4200,11.6500,11.2100,11.3200,10879600
20130318,11.1600,11.3900,11.0300,11.3900,7365100
20130319,11.1600,11.3200,11.1100,11.1500,3408300
20130320,11.3100,11.3500,11.1500,11.1500,7108700
20130321,11.3000,11.3600,11.1700,11.3100,5420900
20130322,11.3000,11.3500,11.1600,11.2300,5054200
20130325,11.5000,11.5400,11.2500,11.2500,11754800
20130326,11.2900,11.4700,11.2200,11.4300,5865400
20130327,11.3500,11.4500,11.2900,11.3100,5021900
20130328,11.1900,11.2800,11.0500,11.2800,5428000
20130329,11.3100,11.4000,11.1500,11.1500,4033100
20130401,11.3800,11.4300,11.2200,11.3100,6470200
20130402,11.2600,11.4700,11.2300,11.3800,6522200
20130403,11.2100,11.2800,11.1300,11.2500,4015600
20130404,11.2100,11.2100,11.2100,11.2100,0
20130405,11.2100,11.2100,11.2100,11.2100,0
20130408,11.2500,11.2600,10.9000,11.0600,5180600
20130409,11.2900,11.4700,11.1100,11.2300,8272500
20130410,11.2300,11.3800,11.1800,11.2000,3852300
20130411,11.2000,11.3000,11.1700,11.3000,3511600
20130412,11.1500,11.2500,11.1000,11.1500,2099500
20130415,11.1400,11.1600,11.0400,11.1000,2742600
20130416,11.2300,11.3500,10.9700,11.0600,5619900
20130417,11.2000,11.2800,11.1400,11.2300,3559700
20130418,11.1700,11.2500,11.0600,11.1800,3799400
20130419,11.3000,11.3100,11.1300,11.1600,8341200
20130422,11.1100,11.2800,11.1100,11.2100,5268800
20130423,11.0400,11.1200,11.0100,11.1100,4847800
20130424,11.1400,11.1700,11.0000,11.0600,7301000
20130425,10.8800,11.1200,10.8400,11.1200,5101200
20130426,10.7900,10.9700,10.7600,10.9000,3335200
20130429,10.7900,10.7900,10.7900,10.7900,0
20130430,10.7900,10.7900,10.7900,10.7900,0
20130501,10.7900,10.7900,10.7900,10.7900,0
20130502,11.1000,11.1200,10.7100,10.7700,6382100
20130503,11.2500,11.2800,11.0600,11.0600,11938400
20130506,11.2500,11.2900,11.1700,11.2000,11226600
20130507,11.1900,11.2900,11.1000,11.2300,5939200
20130508,11.1900,11.2200,11.1100,11.1800,5843000
20130509,11.1800,11.2400,11.1000,11.2000,5373600
20130510,12.3000,12.3000,11.1300,11.1700,36664700
20130513,12.2900,12.4600,12.1500,12.3000,20779000
20130514,12.2100,12.3900,12.0100,12.3900,14358500
20130515,12.2400,12.2500,12.0700,12.1600,6828300
20130516,12.2400,12.3700,12.0900,12.1300,10430800
20130517,12.3700,12.4100,12.1300,12.2700,12306400
20130520,12.4600,12.6700,12.3000,12.3300,14706700
20130521,12.3200,12.5400,12.1700,12.4200,10326800
20130522,12.3500,12.4700,12.2500,12.3200,11237700
20130523,12.3000,12.3800,12.1700,12.3000,9925200
20130524,12.4300,12.5500,12.2100,12.2100,12635800
20130527,12.3000,12.4300,12.2500,12.3900,7683800
20130528,12.2800,12.3300,12.1200,12.2900,7391000
20130529,12.5600,12.9900,12.2800,12.3000,17928800
20130530,12.3200,12.5800,12.2600,12.4900,10060700
20130531,12.3600,12.6000,12.2000,12.2900,11778500
20130603,12.1700,12.3800,12.1500,12.3400,6548900
20130604,11.6700,12.1500,11.5700,12.1500,11433400
20130605,11.7400,11.7700,11.6200,11.6400,4141000
20130606,11.3700,11.7700,11.3500,11.6900,4831300
20130607,11.7900,12.0000,11.3800,11.4800,8008100
20130610,11.7900,11.7900,11.7900,11.7900,0
20130611,11.7900,11.7900,11.7900,11.7900,0
20130612,11.7900,11.7900,11.7900,11.7900,0
20130613,11.5900,11.8500,11.4500,11.7300,8243700
20130614,11.7100,11.7900,11.6000,11.7300,4239700
20130617,11.6700,11.9200,11.6600,11.7100,5715300
20130618,12.1100,12.1400,11.7000,11.7100,6875300
20130619,12.5000,12.5900,12.0200,12.1900,9436400
20130620,12.4400,12.8000,12.3000,12.3000,10329400
20130621,12.6800,12.8300,12.0700,12.2500,11939100
20130624,12.1600,12.8800,11.5600,12.6500,11197800
20130625,12.4400,12.5400,11.2500,12.1000,9307900
20130626,12.4700,12.5800,12.2000,12.4500,5985700
20130627,13.6900,13.7200,12.3800,12.4700,26561600
20130628,14.2900,14.5100,13.4100,13.4800,23304500
20130701,14.8300,14.9000,14.1500,14.3200,14336400
20130702,14.4400,14.7100,14.1200,14.6500,13457900
20130703,14.3400,14.5600,14.2000,14.3500,8604400
20130704,15.0100,15.1700,14.4200,14.4200,14272500
20130705,15.2900,15.6000,14.5900,15.0000,16818500
20130708,14.8600,15.2600,14.6500,15.2000,8274600
20130709,14.6900,14.9000,14.5300,14.8000,4532200
20130710,15.1100,15.2400,14.6000,14.6800,8569000
20130711,14.9500,15.3000,14.7300,15.1000,10532900
20130712,14.6500,15.2500,14.5100,14.9000,9171000
20130715,15.0600,15.1000,14.3400,14.5100,10597800
20130716,15.6700,15.8600,14.8000,15.0200,14701200
20130717,15.4800,15.7700,15.3600,15.6200,5033700
20130718,15.1100,15.6800,14.9800,15.4800,3854700
20130719,15.2900,15.5000,15.0000,15.1300,8383700
20130722,14.8900,15.2800,14.6600,15.2800,6243100
20130723,14.8900,15.2000,14.5800,14.8900,10843900
20130724,14.7000,14.9900,14.5000,14.8800,5735000
20130725,14.3400,14.7300,14.0100,14.7000,6323900
20130726,13.9000,14.5200,13.7100,14.3400,9167000
20130729,13.5400,13.9400,13.4500,13.9000,7147300
20130730,13.5900,13.7900,13.4500,13.5600,4435900
20130731,13.6000,13.6900,13.4500,13.5200,3631300
20130801,13.6800,13.7800,13.5800,13.6100,4884800
20130802,14.0700,14.1200,13.6600,13.8700,6587000
20130805,14.0700,14.3000,13.9100,14.0700,5582000
20130806,14.0300,14.1300,13.8700,14.0800,4544500
20130807,13.6600,14.0900,13.6300,14.0000,5890700
20130808,13.6300,13.9000,13.4300,13.7500,6814400
20130809,14.7300,14.9900,13.5900,13.6300,14421600
20130812,13.9600,14.6000,13.8900,14.5800,23603200
20130813,13.9600,14.2000,13.5500,13.7700,12021000
20130814,13.6900,14.1000,13.6100,13.9500,7881600
20130815,13.5600,13.7900,13.5200,13.6500,4452100
20130816,13.1200,13.6900,12.9000,13.5700,8212700
20130819,13.3600,13.4500,13.0100,13.0600,6821000
20130820,13.6300,13.6500,13.0700,13.4000,12768600
20130821,14.6300,14.7500,13.5600,13.5600,20927800
20130822,13.8600,15.1900,13.8000,14.6000,23582500
20130823,13.9300,14.0700,13.7000,13.9200,10349600
20130826,13.7400,14.1900,13.7200,13.9800,30327400
20130827,13.7000,13.8800,13.5600,13.8000,16054100
20130828,13.6500,13.7800,13.2000,13.5500,15179700
20130829,13.3500,13.6500,13.2500,13.5400,8941800
20130830,13.3700,13.6600,13.2900,13.3800,8637400
20130902,13.4200,13.7100,13.3300,13.6000,8551000
20130903,13.2700,13.6700,13.1300,13.6700,10573200
20130904,13.2800,13.4000,13.1000,13.2200,6280700
20130905,12.8700,13.2400,12.8500,13.2300,9150400
20130906,13.0100,13.3900,12.8700,12.8900,7989100
20130909,13.0500,13.1600,12.9800,13.0000,6629900
20130910,13.3500,13.6000,13.0000,13.0500,11803200
20130911,13.0400,13.5500,12.9800,13.3200,9101600
20130912,12.8900,13.1000,12.8600,13.0400,7097200
20130913,12.9300,13.1500,12.8900,12.9000,5934400
20130916,12.6800,12.9900,12.6500,12.9600,7192000
20130917,12.4700,12.7700,12.3900,12.7100,4815400
20130918,12.4700,12.6300,12.3600,12.4500,3261600
20130920,12.4700,12.4700,12.4700,12.4700,0
20130923,12.6000,12.6100,12.3100,12.4700,7158600
20130924,12.3600,12.5900,12.3400,12.5900,5729200
20130925,12.2000,12.4900,12.1700,12.3600,6101400
20130926,12.1400,12.4800,12.1200,12.2300,5953600
20130927,11.8300,12.2800,11.8000,12.1000,7762400
20130930,11.8300,11.9600,11.7000,11.9000,3893100
20131001,11.8300,11.8300,11.8300,11.8300,0
20131002,11.8300,11.8300,11.8300,11.8300,0
20131003,11.8300,11.8300,11.8300,11.8300,0
20131004,11.8300,11.8300,11.8300,11.8300,0
20131007,11.8300,11.8300,11.8300,11.8300,0
20131008,12.3300,12.6600,11.8500,11.8700,14631600
20131009,12.3600,12.4700,12.1900,12.2900,8558100
20131010,12.1600,12.3900,12.1100,12.3000,5843800
20131011,12.2900,12.3300,12.1500,12.2200,5042200
20131014,12.1600,12.3800,12.1100,12.2800,5869900
20131015,12.3000,12.3300,12.1700,12.2000,6301700
20131016,11.9000,12.3200,11.8800,12.3200,6375500
20131017,11.6900,12.0400,11.6700,11.9300,5768800
20131018,11.8300,11.8600,11.5200,11.7000,4949400
20131021,11.9700,11.9900,11.7000,11.8800,6018000
20131022,12.1700,12.2500,11.7900,12.0500,11977800
20131023,12.4800,12.6000,12.1400,12.2200,14186400
20131024,12.6400,12.6500,12.2200,12.5100,8899200
20131025,12.0600,13.1500,11.8000,12.8000,15249600
20131028,11.1700,12.1000,11.0000,11.8800,12509800
20131029,10.5000,11.2200,10.2200,11.2000,8972400
20131030,10.4400,10.6000,10.2500,10.5100,7082500
20131031,10.3200,10.4900,10.2100,10.4900,5377900
20131101,10.4000,10.5600,10.2500,10.2700,7058800
20131104,10.4700,10.5300,10.3600,10.5100,4816000
20131105,10.5800,10.5900,10.3100,10.4000,5985400
20131106,10.5500,10.6600,10.4800,10.5500,6407300
20131107,10.4800,10.6500,10.4100,10.5200,4300100
20131108,10.4600,10.5300,10.2600,10.4300,5243200
20131111,10.4900,10.5400,10.3900,10.4400,6585700
20131112,10.5000,10.5500,10.3700,10.5000,5286000
20131113,10.3600,10.5000,10.2300,10.5000,5084700
20131114,10.4800,10.5800,10.2600,10.3700,11500100
20131115,10.6200,10.6400,10.3600,10.4400,14077500
20131118,10.7500,10.7800,10.5200,10.6100,12719200
20131119,10.6100,10.7400,10.5000,10.7400,10292900
20131120,10.6400,10.6600,10.5000,10.6300,7815900
20131121,10.5600,10.6200,10.4800,10.6200,6929700
20131122,10.5100,10.5500,10.4300,10.5500,5188400
20131125,10.5200,10.5500,10.3900,10.4800,5296700
20131126,10.5800,10.5900,10.4300,10.5300,8090000
20131127,10.8200,10.8500,10.5200,10.5700,11518300
20131128,11.0900,11.2400,10.6900,10.8500,16784300
20131129,10.9400,11.0400,10.8800,11.0200,8141500
20131202,10.4500,10.8500,10.3500,10.6500,8580200
20131203,10.5200,10.5300,10.3600,10.4100,8277200
20131204,10.6700,10.7500,10.4000,10.4700,8540500
20131205,10.6800,10.7900,10.6000,10.6400,6936200
20131206,10.6100,10.7000,10.5500,10.6700,6631900
20131209,10.5800,10.6800,10.5100,10.6300,5812700
20131210,10.6900,10.6900,10.5300,10.5800,7576100
20131211,10.6000,10.6700,10.5200,10.6400,5292200
20131212,10.6100,10.6400,10.5600,10.5800,3718600
20131213,10.5800,10.6100,10.4800,10.5800,3179600
20131216,10.6300,10.6900,10.5000,10.5800,7470200
20131217,10.5100,10.6600,10.4500,10.6100,4786600
20131218,10.5200,10.6100,10.4600,10.6000,4763700
20131219,10.3800,10.5800,10.3000,10.5200,4625500
20131220,10.2700,10.3900,10.2200,10.3400,5806500
20131223,10.0900,10.2600,9.7600,10.2500,7401300
20131224,10.0500,10.2400,9.9600,10.1100,5957400
20131225,10.0700,10.1300,9.9800,10.0400,5659800
20131226,9.9500,10.0900,9.7800,10.0900,6545700
20131227,10.3500,10.4800,9.8000,9.9000,11835400
20131230,10.4100,10.4100,10.1100,10.2300,15492100
20131231,10.4300,10.4700,10.1500,10.3200,13123500
20140101,10.4300,10.4300,10.4300,10.4300,0
20140102,10.4500,10.4800,10.2100,10.2900,10596900
20140103,10.4500,10.6600,10.3500,10.6600,10191500
20140106,10.1500,10.4500,10.1000,10.3900,6242400
20140107,10.2300,10.3000,10.0100,10.1300,8575900
20140108,10.1600,10.3400,10.0800,10.1900,7214600
20140109,10.0400,10.1600,9.9900,10.1300,5632300
20140110,9.9300,10.1400,9.8800,10.0400,6494600
20140113,10.0800,10.1300,9.8000,9.9300,9459500
20140114,10.1100,10.1200,9.9000,10.0500,9142200
20140115,9.9800,10.1200,9.9400,10.0600,5225500
20140116,10.0200,10.0700,9.9100,9.9900,9811200
20140117,9.8600,10.0000,9.7800,10.0000,7808100
20140120,9.8600,9.8600,9.8600,9.8600,0
20140121,9.8600,9.8600,9.8600,9.8600,0
20140122,9.8600,9.8600,9.8600,9.8600,0
20140123,9.8600,9.8600,9.8600,9.8600,0
20140124,9.8600,9.8600,9.8600,9.8600,0
20140127,9.8600,9.8600,9.8600,9.8600,0
20140128,9.8600,9.8600,9.8600,9.8600,0
20140129,9.8600,9.8600,9.8600,9.8600,0
20140130,9.8600,9.8600,9.8600,9.8600,0
20140131,9.8600,9.8600,9.8600,9.8600,0
20140203,9.8600,9.8600,9.8600,9.8600,0
20140205,9.8600,9.8600,9.8600,9.8600,0
20140206,9.8600,9.8600,9.8600,9.8600,0
20140207,9.8600,9.8600,9.8600,9.8600,0
20140210,9.8600,9.8600,9.8600,9.8600,0
20140211,9.8600,9.8600,9.8600,9.8600,0
20140212,9.8600,9.8600,9.8600,9.8600,0
20140213,9.8600,9.8600,9.8600,9.8600,0
20140214,9.8600,9.8600,9.8600,9.8600,0
20140217,9.8600,9.8600,9.8600,9.8600,0
20140218,9.8600,9.8600,9.8600,9.8600,0
20140219,9.8600,9.8600,9.8600,9.8600,0
20140220,9.8600,9.8600,9.8600,9.8600,0
20140221,9.8600,9.8600,9.8600,9.8600,0
20140224,9.8600,9.8600,9.8600,9.8600,0
20140225,9.8600,9.8600,9.8600,9.8600,0
