20130226,4.5300,4.6400,4.5300,4.6300,6061600
20130227,4.6000,4.6400,4.5200,4.5600,6432300
20130228,4.6800,4.6900,4.5600,4.6100,8453300
20130301,4.6600,4.6800,4.6000,4.6500,7524900
20130304,4.4500,4.6100,4.4000,4.6100,10212500
20130305,4.5200,4.5300,4.4100,4.4500,5893700
20130306,4.5500,4.5600,4.4900,4.5100,10149700
20130307,4.6100,4.7100,4.4900,4.5500,17446900
20130308,4.5600,4.6200,4.5000,4.5800,9595200
20130311,4.5100,4.5500,4.4500,4.5400,5960600
20130312,4.4100,4.5600,4.3700,4.5200,8091900
20130313,4.4200,4.4400,4.3600,4.4100,4869700
20130314,4.5100,4.5200,4.3900,4.4100,7459700
20130315,4.4500,4.5300,4.4100,4.4700,6949900
20130318,4.3900,4.4700,4.3800,4.4500,4663200
20130319,4.4300,4.4400,4.3600,4.4000,2657700
20130320,4.5200,4.5300,4.4000,4.4300,7681200
20130321,4.5400,4.5700,4.4900,4.5200,7551600
20130322,4.5400,4.5400,4.4800,4.5200,6109500
20130325,4.5200,4.5700,4.4900,4.5400,5701100
20130326,4.4500,4.5100,4.4300,4.4900,5269000
20130327,4.4500,4.4900,4.4200,4.4500,3950700
20130328,4.2700,4.4100,4.2600,4.4100,8189400
20130329,4.2700,4.3200,4.2500,4.2800,3791500
20130401,4.3000,4.3100,4.2500,4.2600,2511000
20130402,4.3000,4.3400,4.2700,4.3000,3450700
20130403,4.2700,4.3300,4.2700,4.3100,3488300
20130404,4.2700,4.2700,4.2700,4.2700,0
20130405,4.2700,4.2700,4.2700,4.2700,0
20130408,4.2900,4.3800,4.1700,4.2000,3955300
20130409,4.3200,4.3400,4.2800,4.3000,3108600
20130410,4.3200,4.3400,4.2600,4.3200,3447500
20130411,4.2500,4.3400,4.2500,4.3300,2655000
20130412,4.2100,4.2800,4.1700,4.2500,4092200
20130415,4.2100,4.2200,4.1200,4.1700,3438300
20130416,4.2200,4.2200,4.1200,4.1400,2683200
20130417,4.1900,4.2200,4.1500,4.2200,2069500
20130418,4.2400,4.2500,4.1500,4.1600,3883900
20130419,4.3100,4.3200,4.2200,4.2300,6407400
20130422,4.2900,4.3500,4.2600,4.3200,7252000
20130423,4.1500,4.3100,4.1500,4.3000,4764400
20130424,4.2100,4.2500,4.1500,4.1500,4273300
20130425,4.1800,4.2600,4.1600,4.2100,3915300
20130426,4.1600,4.2500,4.1500,4.1800,3791300
20130429,4.1600,4.1600,4.1600,4.1600,0
20130430,4.1600,4.1600,4.1600,4.1600,0
20130501,4.1600,4.1600,4.1600,4.1600,0
20130502,4.0800,4.1200,4.0500,4.1000,4584000
20130503,4.1100,4.1500,4.0800,4.0800,4278300
20130506,4.1400,4.1600,4.1100,4.1100,4612100
20130507,4.1800,4.2100,4.1300,4.1400,5005700
20130508,4.1600,4.2000,4.1300,4.1800,4878700
20130509,4.1100,4.1500,4.0800,4.1500,4909700
20130510,4.1500,4.1500,4.0600,4.1000,6333700
20130513,4.1400,4.1600,4.1000,4.1300,3487300
20130514,4.0900,4.1500,4.0700,4.1500,4385000
20130515,4.1000,4.1100,4.0700,4.1000,5073300
20130516,4.1300,4.1500,4.0600,4.0900,9299400
20130517,4.2300,4.2700,4.1200,4.1300,14299900
20130520,4.2400,4.2900,4.2100,4.2200,12199300
20130521,4.2800,4.2800,4.2100,4.2400,8935000
20130522,4.2600,4.3000,4.2400,4.2800,8329200
20130523,4.2100,4.2800,4.2000,4.2500,8803900
20130524,4.2400,4.2500,4.2100,4.2200,5276300
20130527,4.2300,4.2600,4.2100,4.2300,5509400
20130528,4.3100,4.3100,4.2200,4.2400,10295700
20130529,4.2700,4.3100,4.2600,4.2900,7428800
20130530,4.3100,4.3300,4.2500,4.2700,9578200
20130531,4.2800,4.3300,4.2700,4.3200,7715600
20130603,4.2600,4.3000,4.2300,4.2700,6767500
20130604,4.1600,4.2600,4.1300,4.2500,7015300
20130605,4.1600,4.1900,4.1400,4.1700,3505500
20130606,4.1100,4.1700,4.1000,4.1600,3954100
20130607,4.0200,4.1300,4.0100,4.1100,5741200
20130610,4.0200,4.0200,4.0200,4.0200,0
20130611,4.0200,4.0200,4.0200,4.0200,0
20130612,4.0200,4.0200,4.0200,4.0200,0
20130613,3.9300,4.0100,3.8900,4.0100,4016300
20130614,3.9800,3.9900,3.9200,3.9300,2807700
20130617,3.9300,3.9800,3.9000,3.9800,2472800
20130618,3.9300,3.9600,3.8900,3.9200,2536500
20130619,3.9900,4.0100,3.8600,3.9100,5406500
20130620,3.8900,3.9700,3.8800,3.9600,2872700
20130621,3.8600,3.8800,3.8000,3.8500,2959300
20130624,3.5900,3.8600,3.5600,3.8500,4863300
20130625,3.4900,3.6200,3.2600,3.5800,5202600
20130626,3.4500,3.4900,3.3800,3.4700,3464500
20130627,3.3500,3.5100,3.3500,3.4500,4360700
20130628,3.3700,3.4400,3.2900,3.3500,3579900
20130701,3.3800,3.3900,3.3000,3.3600,2195100
20130702,3.4300,3.4500,3.3800,3.4000,4202900
20130703,3.4200,3.4400,3.3600,3.4300,2156900
20130704,3.5100,3.5700,3.3900,3.3900,6524600
20130705,3.5000,3.5300,3.4700,3.4800,4314100
20130708,3.2300,3.3900,3.2300,3.3900,2607700
20130709,3.2700,3.3000,3.2300,3.2300,1662900
20130710,3.3900,3.4100,3.2500,3.2700,4717200
20130711,3.4900,3.5300,3.3600,3.3600,7292600
20130712,3.3900,3.4900,3.3800,3.4600,5103700
20130715,3.4200,3.4600,3.3700,3.4100,4561200
20130716,3.4900,3.5000,3.3900,3.4400,5739000
20130717,3.6000,3.8300,3.5900,3.7200,25426200
20130718,3.5100,3.5900,3.5000,3.5100,9708900
20130719,3.4800,3.6300,3.4800,3.4900,8402400
20130722,3.4700,3.4800,3.3500,3.4300,6270100
20130723,3.5500,3.5800,3.4100,3.4500,8180700
20130724,3.5000,3.5300,3.4400,3.5100,4975500
20130725,3.4700,3.5400,3.4500,3.4900,4612500
20130726,3.4000,3.4700,3.3600,3.4700,4921700
20130729,3.3200,3.3900,3.2900,3.3800,3942800
20130730,3.3500,3.3800,3.3100,3.3200,3011900
20130731,3.3400,3.4100,3.3300,3.3700,3095700
20130801,3.4200,3.4300,3.3500,3.3500,4738800
20130802,3.4700,3.4900,3.4000,3.4000,6185200
20130805,3.5300,3.5500,3.4300,3.4600,8322900
20130806,3.8800,3.8800,3.5200,3.5400,30980400
20130807,3.8200,3.9300,3.7300,3.8600,24474700
20130808,3.8200,3.8400,3.7300,3.7800,11648700
20130809,3.8200,3.9000,3.7600,3.8400,11401400
20130812,4.0500,4.1100,3.8000,3.8000,25913800
20130813,3.9700,4.0300,3.9100,4.0300,13085300
20130814,3.9800,4.0300,3.9200,3.9500,9474500
20130815,3.8900,3.9700,3.8600,3.9500,6820300
20130816,3.8000,3.9700,3.7800,3.8800,7845600
20130819,3.8700,3.8800,3.7500,3.7800,4537400
20130820,3.7900,3.8900,3.7600,3.8500,6671600
20130821,3.9100,4.0000,3.7900,3.7900,10468700
20130822,3.8500,3.9100,3.8300,3.8700,6798600
20130823,3.8500,3.9300,3.8100,3.8800,6155100
20130826,3.9600,3.9800,3.8200,3.8700,12157100
20130827,4.0200,4.0900,3.9400,3.9600,12962400
20130828,4.1700,4.3900,3.9500,4.0000,35244300
20130829,4.0600,4.2800,4.0200,4.1200,16893300
20130830,4.1100,4.2700,4.0200,4.0500,20196700
20130902,4.3300,4.5200,3.9500,4.0800,34846100
20130903,4.5000,4.6400,4.2300,4.3200,52600000
20130904,4.4300,4.6000,4.3200,4.4100,32181000
20130905,4.5100,4.5900,4.2100,4.3700,41917000
20130906,4.6500,4.9200,4.5200,4.5300,56232300
20130909,4.6100,4.8500,4.5500,4.7000,45366900
20130910,4.9500,5.0000,4.5500,4.6400,61825200
20130911,5.1100,5.4500,4.7900,5.1700,80486704
20130912,4.9100,5.1500,4.8900,5.0200,50979300
20130913,4.8200,4.9900,4.7400,4.9400,30660500
20130916,4.6800,4.8500,4.6600,4.7900,23169700
20130917,4.7000,4.7300,4.4500,4.6600,32277400
20130918,4.6500,4.7200,4.5700,4.6600,19745900
20130920,4.6500,4.6500,4.6500,4.6500,0
20130923,4.7000,4.7300,4.6000,4.6100,16718600
20130924,4.8100,4.8900,4.6200,4.6800,25050800
20130925,4.9900,5.1000,4.8500,4.8500,40342700
20130926,4.6600,4.9500,4.6400,4.9500,22900400
20130927,4.5800,4.6800,4.5000,4.5900,11353400
20130930,4.6900,4.7100,4.5800,4.6100,8170200
20131001,4.6900,4.6900,4.6900,4.6900,0
20131002,4.6900,4.6900,4.6900,4.6900,0
20131003,4.6900,4.6900,4.6900,4.6900,0
20131004,4.6900,4.6900,4.6900,4.6900,0
20131007,4.6900,4.6900,4.6900,4.6900,0
20131008,4.9800,4.9900,4.5300,4.6300,25210100
20131009,4.9400,5.0600,4.8600,4.9800,23659100
20131010,5.0700,5.1700,4.9100,4.9300,34392800
20131011,5.1700,5.2500,5.0400,5.0800,31099900
20131014,5.5500,5.6800,5.0800,5.2100,48315400
20131015,5.4100,5.5200,5.2700,5.5000,25728100
20131016,5.4600,5.5100,5.1500,5.4000,28460500
20131017,5.4900,5.6300,5.3400,5.4300,25738000
20131018,5.3200,5.5000,5.2900,5.4300,19191300
20131021,5.3500,5.4500,5.2600,5.3400,16110300
20131022,5.2700,5.3900,5.2200,5.3300,14862700
20131023,5.0100,5.2600,4.9900,5.2500,15742100
20131024,4.8200,5.0900,4.7800,4.9900,11772400
20131025,4.7000,4.9000,4.6500,4.8500,9774100
20131028,4.8000,4.8100,4.6900,4.7000,6622000
20131029,4.5900,4.8200,4.4000,4.8100,11372800
20131030,4.6400,4.6800,4.5100,4.5900,6555500
20131031,4.5600,4.6700,4.5500,4.6000,4265700
20131101,4.5600,4.5900,4.4900,4.5500,3943100
20131104,4.6200,4.6800,4.5500,4.5600,4456100
20131105,4.7200,4.7300,4.5500,4.6200,4706700
20131106,4.6400,4.7900,4.6200,4.7300,8037900
20131107,4.6500,4.7200,4.5800,4.6100,5950500
20131108,4.4100,4.6500,4.3800,4.6000,9502900
20131111,4.3500,4.4500,4.2000,4.4100,4546300
20131112,4.4400,4.4700,4.3300,4.3600,4128500
20131113,4.3000,4.4200,4.2900,4.4200,3834500
20131114,4.3600,4.3700,4.2800,4.2800,3694800
20131115,4.4700,4.5300,4.3400,4.3700,6404900
20131118,4.5600,4.6300,4.4800,4.4800,8008800
20131119,4.5900,4.6200,4.5200,4.5800,6254000
20131120,4.6000,4.6200,4.5000,4.5900,6758300
20131121,4.6500,4.7300,4.5400,4.5900,10794600
20131122,4.5700,4.6900,4.5500,4.6500,4953400
20131125,4.5400,4.5900,4.5200,4.5900,4861300
20131126,4.5600,4.6200,4.4600,4.5100,8020000
20131127,4.5700,4.6100,4.4900,4.5600,4837900
20131128,4.6100,4.7100,4.5700,4.5900,15274700
20131129,4.5400,4.6600,4.4900,4.6100,11334400
20131202,4.2900,4.4600,4.2500,4.4200,11603500
20131203,4.3800,4.4100,4.2900,4.3200,5096300
20131204,4.4500,4.5400,4.3800,4.4000,9056700
20131205,4.4300,4.5000,4.4200,4.4600,5815500
20131206,4.4000,4.4700,4.3800,4.4400,5454100
20131209,4.3800,4.4300,4.3500,4.4000,8358900
20131210,4.4700,4.5100,4.3800,4.3800,9427500
20131211,4.3700,4.4500,4.3600,4.4400,5486700
20131212,4.3800,4.4300,4.3600,4.3600,3950200
20131213,4.4000,4.4100,4.3100,4.3800,5524200
20131216,4.2600,4.4000,4.2500,4.4000,4883500
20131217,4.1900,4.3100,4.1800,4.2700,5163600
20131218,4.1800,4.2400,4.1500,4.2200,3066800
20131219,4.1700,4.2500,4.1700,4.1900,2538000
20131220,4.1000,4.2000,4.0800,4.1900,3654500
20131223,3.9900,4.1000,3.9500,4.1000,4818100
20131224,4.0300,4.1100,3.9800,3.9900,6543700
20131225,4.0400,4.0700,4.0100,4.0300,3081100
20131226,3.9100,4.0500,3.9000,4.0500,4206500
20131227,4.0100,4.0100,3.9000,3.9000,3525100
20131230,4.0700,4.0900,4.0000,4.0000,7277500
20131231,4.0700,4.0700,4.0700,4.0700,0
20140101,4.0700,4.0700,4.0700,4.0700,0
20140102,4.0700,4.0700,4.0700,4.0700,0
20140103,4.0700,4.0700,4.0700,4.0700,0
20140106,4.0700,4.0700,4.0700,4.0700,0
20140107,4.0700,4.0700,4.0700,4.0700,0
20140108,4.0700,4.0700,4.0700,4.0700,0
20140109,4.0700,4.0700,4.0700,4.0700,0
20140110,4.0700,4.0700,4.0700,4.0700,0
20140113,4.0700,4.0700,4.0700,4.0700,0
20140114,4.0700,4.0700,4.0700,4.0700,0
20140115,4.0700,4.0700,4.0700,4.0700,0
20140116,4.0700,4.0700,4.0700,4.0700,0
20140117,4.0700,4.0700,4.0700,4.0700,0
20140120,4.0700,4.0700,4.0700,4.0700,0
20140121,4.0700,4.0700,4.0700,4.0700,0
20140122,4.0700,4.0700,4.0700,4.0700,0
20140123,4.0700,4.0700,4.0700,4.0700,0
20140124,4.0700,4.0700,4.0700,4.0700,0
20140127,4.0700,4.0700,4.0700,4.0700,0
20140128,4.0700,4.0700,4.0700,4.0700,0
20140129,4.0700,4.0700,4.0700,4.0700,0
20140130,4.0700,4.0700,4.0700,4.0700,0
20140131,4.0700,4.0700,4.0700,4.0700,0
20140203,4.0700,4.0700,4.0700,4.0700,0
20140205,4.0700,4.0700,4.0700,4.0700,0
20140206,4.0700,4.0700,4.0700,4.0700,0
20140207,4.0700,4.0700,4.0700,4.0700,0
20140210,4.0700,4.0700,4.0700,4.0700,0
20140211,4.0700,4.0700,4.0700,4.0700,0
20140212,4.0700,4.0700,4.0700,4.0700,0
20140213,4.0700,4.0700,4.0700,4.0700,0
20140214,4.0700,4.0700,4.0700,4.0700,0
20140217,4.0700,4.0700,4.0700,4.0700,0
20140218,4.0700,4.0700,4.0700,4.0700,0
20140219,4.0700,4.0700,4.0700,4.0700,0
20140220,4.0700,4.0700,4.0700,4.0700,0
20140221,4.0700,4.0700,4.0700,4.0700,0
20140224,4.0700,4.0700,4.0700,4.0700,0
20140225,4.0700,4.0700,4.0700,4.0700,0
