20130226,12.8800,13.1200,12.8100,12.9800,11582900
20130227,12.9000,13.0600,12.7500,12.8700,9049200
20130228,13.1800,13.2000,12.8600,12.9200,19433500
20130301,13.2400,13.5000,13.0000,13.1800,24201300
20130304,12.4800,13.1000,12.3000,13.0300,26251000
20130305,12.8800,12.9000,12.4500,12.4800,15019200
20130306,12.8600,13.0500,12.6300,12.8500,20245200
20130307,12.5900,12.8500,12.4400,12.7700,18544000
20130308,12.6300,12.8500,12.4900,12.5800,11824000
20130311,12.6300,12.6500,12.4100,12.5600,9224200
20130312,12.2100,12.7200,12.1900,12.5500,9266400
20130313,11.9900,12.2900,11.9000,12.1900,9037900
20130314,12.2600,12.3300,11.9900,12.0100,9231500
20130315,12.5100,12.9000,12.1400,12.2600,15837800
20130318,12.3000,12.6600,12.1900,12.5200,9957100
20130319,12.5200,12.5900,12.2400,12.4200,9879300
20130320,12.7900,12.9200,12.4700,12.4700,28389900
20130321,12.7900,12.8200,12.5900,12.8000,20024100
20130322,13.0400,13.1000,12.7200,12.7800,17073000
20130325,13.0200,13.2700,12.9800,13.0900,13092300
20130326,13.1400,13.2700,12.9300,13.0000,15682000
20130327,13.1700,13.3400,13.0700,13.1000,8331800
20130328,12.8400,13.1800,12.7100,13.0200,9901100
20130329,12.7300,12.9800,12.7100,12.8900,6077600
20130401,12.9100,13.0000,12.5900,12.6100,8251700
20130402,13.0500,13.1600,12.8100,12.9100,8557400
20130403,12.9500,13.1400,12.8000,13.0100,5816400
20130404,12.9500,12.9500,12.9500,12.9500,0
20130405,12.9500,12.9500,12.9500,12.9500,0
20130408,12.9800,12.9900,12.5500,12.7700,15103700
20130409,13.0600,13.1200,12.8400,12.8400,9962900
20130410,13.0200,13.1500,12.7900,13.0500,11968000
20130411,12.8500,13.1000,12.7900,13.0500,9530100
20130412,12.7100,12.8600,12.5500,12.8500,16103700
20130415,12.6800,12.7400,12.5600,12.6700,6325800
20130416,12.8400,12.8600,12.6100,12.6500,6911300
20130417,13.2500,13.2600,12.8800,12.8800,15981200
20130418,13.2100,13.3800,13.1500,13.2600,8315400
20130419,13.4600,13.6500,13.2300,13.2500,16815500
20130422,13.3800,13.5300,13.2800,13.3900,8711000
20130423,12.9000,13.4000,12.8100,13.3800,12174400
20130424,13.1300,13.3300,12.8500,12.9500,18537200
20130425,12.9400,13.2500,12.8800,13.1200,9859100
20130426,12.8200,13.0400,12.7000,12.9700,6614400
20130429,12.8200,12.8200,12.8200,12.8200,0
20130430,12.8200,12.8200,12.8200,12.8200,0
20130501,12.8200,12.8200,12.8200,12.8200,0
20130502,12.6400,12.8000,12.5200,12.7600,9469100
20130503,13.1900,13.2300,12.6000,12.7200,18300200
20130506,13.3600,13.4600,13.1600,13.1600,20981500
20130507,13.2800,13.4900,13.2200,13.2200,8977500
20130508,13.2800,13.4700,13.2200,13.4200,10586100
20130509,12.9800,13.2800,12.8000,13.2800,10842300
20130510,13.1700,13.1900,12.8300,12.8300,11785000
20130513,13.0800,13.1800,12.9700,13.1800,10884100
20130514,12.7700,13.0100,12.7100,12.9800,10782200
20130515,12.8200,12.9400,12.6500,12.8000,6569800
20130516,12.9500,13.0000,12.7000,12.7400,9953800
20130517,12.9600,12.9900,12.5700,12.9300,21330700
20130520,13.1800,13.2700,12.8300,12.9000,34142500
20130521,13.1300,13.2000,13.0300,13.1700,16169400
20130522,13.0000,13.1000,12.8700,13.1000,15016800
20130523,12.9100,13.0100,12.8000,12.9100,9455600
20130524,12.8700,12.9800,12.7400,12.9500,9691000
20130527,12.6800,12.8800,12.6000,12.8600,15856200
20130528,12.8900,12.9200,12.4400,12.7000,19244800
20130529,12.9300,13.0200,12.8100,12.9000,13067600
20130530,12.7700,12.9000,12.6200,12.8500,17819900
20130531,12.6800,12.8800,12.6700,12.7500,9610400
20130603,12.7400,12.8400,12.6600,12.7300,6607800
20130604,12.4900,12.7600,12.4000,12.7000,17050200
20130605,12.3800,12.5500,12.3000,12.5200,9150000
20130606,12.3100,12.4300,12.1500,12.3800,9908300
20130607,11.9900,12.0500,11.6600,12.0500,9675700
20130610,11.9900,11.9900,11.9900,11.9900,0
20130611,11.9900,11.9900,11.9900,11.9900,0
20130612,11.9900,11.9900,11.9900,11.9900,0
20130613,11.7900,11.9000,11.5200,11.8000,11273300
20130614,11.8000,11.8800,11.6900,11.7900,6395700
20130617,11.3500,11.8700,11.2800,11.8100,20730700
20130618,11.6400,11.6700,11.3400,11.4200,9049900
20130619,11.6400,11.6600,11.3900,11.5600,7818000
20130620,11.5500,11.6600,11.3600,11.5800,8756800
20130621,11.4000,11.4400,11.0500,11.3800,17424200
20130624,10.9300,11.3600,10.8300,11.3500,10763300
20130625,10.9700,11.0900,10.0100,10.9000,22930300
20130626,10.9800,11.1800,10.7000,11.0000,14165800
20130627,10.7500,11.0400,10.6500,10.9800,13503700
20130628,10.9100,11.0100,10.6000,10.6400,14556600
20130701,10.8700,10.9400,10.6800,10.9000,6092400
20130702,11.0600,11.0800,10.8100,10.9000,8093000
20130703,11.1900,11.3000,11.0000,11.0000,10006300
20130704,11.4900,11.7100,11.1000,11.1000,9612300
20130705,11.5100,11.7200,11.4400,11.4400,7568100
20130708,11.2000,11.5100,11.1000,11.5100,6094000
20130709,11.0200,11.2100,10.7800,11.2000,8571700
20130710,11.2900,11.3300,10.9300,11.0400,5177100
20130711,11.5600,11.6800,11.2400,11.3100,12032800
20130712,11.5600,11.6100,11.3300,11.5600,11233600
20130715,11.7500,11.9600,11.5100,11.5100,8223300
20130716,11.9000,12.1000,11.6700,11.7100,9488800
20130717,11.8400,12.1300,11.7600,11.9000,9992200
20130718,11.6000,11.9400,11.5000,11.7800,9051900
20130719,11.3600,11.6800,11.2300,11.6500,7832100
20130722,11.6000,11.6300,11.1100,11.2700,7157100
20130723,11.7100,11.9200,11.5000,11.7000,10763600
20130724,11.5900,11.7200,11.3000,11.7000,14378100
20130725,11.2600,11.6500,11.1700,11.5300,11972500
20130726,11.3600,11.4500,11.1000,11.1600,8605200
20130729,11.1800,11.2700,11.0400,11.2700,6685900
20130730,11.0800,11.4200,11.0100,11.0900,7049300
20130731,11.3400,11.5300,11.2200,11.2200,11893200
20130801,11.5500,11.6500,11.2900,11.4500,8821700
20130802,11.5800,11.6700,11.4900,11.6000,6191500
20130805,11.6100,11.7600,11.5100,11.5800,11947900
20130806,11.6300,11.7100,11.5500,11.6100,17774800
20130807,11.7100,12.0400,11.6500,11.6700,21323200
20130808,11.6700,11.8600,11.6200,11.7100,7160900
20130809,11.8000,11.9300,11.6800,11.7900,9444900
20130812,12.1200,12.1500,11.9100,11.9900,13882300
20130813,12.0600,12.2500,11.9500,12.1300,6560400
20130814,12.0000,12.1900,11.9500,12.0700,6360100
20130815,11.9600,12.0700,11.8400,12.0700,5003300
20130816,11.9200,13.1600,11.7200,11.9800,15434100
20130819,12.1900,12.2300,11.7600,11.9100,9709000
20130820,11.9000,12.2500,11.7900,12.1700,11171400
20130821,12.0900,12.1000,11.8100,12.0000,8186500
20130822,11.9900,12.1800,11.9800,12.0600,3773900
20130823,11.9400,12.0900,11.6000,12.0900,6960100
20130826,12.0600,12.1000,11.8500,11.9000,7667300
20130827,12.1500,12.1600,11.9200,12.0400,5352900
20130828,12.2900,12.3700,11.9500,12.1000,16983700
20130829,12.8200,12.8500,12.3800,12.3800,34347400
20130830,12.8400,13.1800,12.6500,12.8200,20640700
20130902,12.6800,13.0500,12.6000,12.7700,12996300
20130903,12.9500,12.9800,12.5500,12.7500,13337200
20130904,12.8900,12.9400,12.6700,12.8800,9611300
20130905,12.8800,12.9300,12.6000,12.8900,11613300
20130906,12.7000,12.8900,12.5900,12.6900,8872200
20130909,12.5700,12.7000,12.3900,12.7000,20762000
20130910,12.6000,12.6200,12.4000,12.6000,12683800
20130911,12.9300,12.9500,12.5600,12.6300,17093800
20130912,13.3200,13.3300,12.8200,12.8800,20432800
20130913,13.3200,13.3200,13.3200,13.3200,0
20130916,13.3200,13.3200,13.3200,13.3200,0
20130917,13.3200,13.3200,13.3200,13.3200,0
20130918,13.3200,13.3200,13.3200,13.3200,0
20130920,13.3200,13.3200,13.3200,13.3200,0
20130923,13.3200,13.3200,13.3200,13.3200,0
20130924,13.3200,13.3200,13.3200,13.3200,0
20130925,13.3200,13.3200,13.3200,13.3200,0
20130926,13.3200,13.3200,13.3200,13.3200,0
20130927,13.3200,13.3200,13.3200,13.3200,0
20130930,13.3200,13.3200,13.3200,13.3200,0
20131001,13.3200,13.3200,13.3200,13.3200,0
20131002,13.3200,13.3200,13.3200,13.3200,0
20131003,13.3200,13.3200,13.3200,13.3200,0
20131004,13.3200,13.3200,13.3200,13.3200,0
20131007,13.3200,13.3200,13.3200,13.3200,0
20131008,13.8100,14.6500,13.5300,14.6500,47721300
20131009,14.3100,14.5500,13.6100,13.6500,42457200
20131010,15.7400,15.7400,14.2100,14.2100,56513200
20131011,15.8200,16.4000,15.5000,16.2000,42738200
20131014,15.9500,16.3300,15.5600,16.0000,47277300
20131015,16.0300,16.2800,15.7100,15.8000,21058400
20131016,15.3900,15.8700,15.0800,15.8200,21990100
20131017,15.1100,15.6900,14.9500,15.4000,25811000
20131018,15.2100,15.5500,14.8300,15.0800,17645800
20131021,16.7300,16.7300,15.1200,15.2000,31497000
20131022,16.5600,17.1800,16.2600,16.9900,25199000
20131023,16.2100,17.0400,15.9500,16.5700,19139400
20131024,16.3800,17.1800,15.8900,16.0700,22502300
20131025,15.3900,16.8500,14.9000,16.3700,26060100
20131028,16.2200,16.2400,15.1700,15.2000,22869300
20131029,15.8200,16.3000,15.2300,16.3000,17812000
20131030,16.0400,16.3900,15.4500,15.9000,22504300
20131031,15.5300,16.7000,15.5100,16.0300,20694000
20131101,15.7800,15.9200,15.4800,15.6100,11227800
20131104,16.4600,16.5700,15.9900,15.9900,17892900
20131105,16.1900,16.4500,16.0100,16.2100,15546100
20131106,16.0400,16.5500,15.9100,16.1000,19484600
20131107,15.0600,16.0300,14.8300,16.0300,23355100
20131108,14.8100,15.3000,14.6800,14.8000,11574800
20131111,15.0500,15.3000,14.4800,14.8500,8445200
20131112,15.4500,15.7700,15.1000,15.1000,16463700
20131113,15.0900,15.3100,14.9600,15.1900,13053700
20131114,15.2800,15.5000,15.0000,15.1800,8971400
20131115,15.7300,16.3000,15.4100,15.4100,18811000
20131118,16.5300,16.8500,15.7700,15.9300,29582400
20131119,16.5500,16.9300,16.2600,16.5700,17777800
20131120,16.8200,17.0500,16.6500,16.8000,10576000
20131121,17.2800,17.5000,16.5400,16.7500,21074700
20131122,16.8900,17.6300,16.7400,17.3700,14455700
20131125,16.5300,16.8500,16.4500,16.6500,9275400
20131126,17.0400,17.1300,16.4300,16.4300,11404500
20131127,16.8800,17.2400,16.7200,17.0100,7357600
20131128,17.2500,17.6700,16.8000,16.8800,16560500
20131129,17.2200,17.7900,16.9900,17.3000,13976200
20131202,16.6200,17.4500,16.5500,16.9800,14635600
20131203,17.0500,17.2100,16.4500,16.6200,15640000
20131204,17.9900,18.0000,16.9500,17.0500,25470600
20131205,18.1000,18.5000,17.7100,17.9000,19895300
20131206,18.1000,18.1000,18.1000,18.1000,0
20131209,18.1000,18.1000,18.1000,18.1000,0
20131210,19.9100,19.9100,19.9100,19.9100,19909000
20131211,20.2800,21.1600,20.0000,20.5000,64820400
20131212,19.9500,20.7900,19.7200,20.2000,24533000
20131213,19.8600,20.2000,19.1900,19.4500,28444500
20131216,20.3600,20.9400,19.6500,19.6600,29284400
20131217,18.9500,20.4500,18.7500,20.2000,24203200
20131218,18.5500,19.2400,18.4700,18.9500,19305800
20131219,18.6300,18.8900,18.2200,18.5500,20345400
20131220,18.1800,18.6500,17.9600,18.6300,20188100
20131223,19.0200,19.1500,18.1200,18.2000,14202700
20131224,19.1500,19.3000,18.7100,19.0000,14364100
20131225,19.1600,19.4000,18.9300,19.2500,7082700
20131226,18.7000,19.1600,18.4000,19.0300,15480700
20131227,19.4800,19.6500,18.5200,18.6700,17438000
20131230,19.3900,19.6900,18.9600,19.5500,8940800
20131231,19.5000,19.7000,19.0300,19.1300,11135600
20140101,19.5000,19.5000,19.5000,19.5000,0
20140102,19.2500,19.6400,19.1400,19.4000,6740300
20140103,18.6700,19.5100,18.4000,19.2500,14341300
20140106,18.5800,18.6400,17.9800,18.6100,13757000
20140107,18.4700,18.6800,18.2300,18.2800,11384700
20140108,18.5700,18.6700,18.1600,18.3000,9265500
20140109,17.9300,18.6400,17.7000,18.6000,14219900
20140110,18.1900,18.3700,17.8000,17.9500,17990800
20140113,18.0000,18.2400,17.7800,18.1500,10510800
20140114,19.1100,19.5200,17.9900,18.1000,18342400
20140115,19.9000,20.7900,19.1900,19.2000,23535300
20140116,20.0000,20.4400,19.6100,19.8100,13541700
20140117,19.9400,20.4800,19.5000,19.9000,13468900
20140120,19.7500,20.2300,19.6100,19.6900,11549500
20140121,20.0300,20.3000,19.3600,19.6300,9928900
20140122,20.7700,21.0000,19.8300,20.0300,18758300
20140123,21.1900,21.6000,20.5800,20.7400,16244800
20140124,21.8000,22.1700,20.8100,20.9000,16528600
20140127,21.4300,22.3600,21.2000,21.6000,13677700
20140128,21.1600,21.7000,20.6000,21.4600,13429500
20140129,21.5600,21.7600,20.8200,21.1500,8094700
20140130,21.1800,21.6000,21.0300,21.4000,5769800
20140131,21.1800,21.1800,21.1800,21.1800,0
20140203,21.1800,21.1800,21.1800,21.1800,0
20140205,21.1800,21.1800,21.1800,21.1800,0
20140206,21.1800,21.1800,21.1800,21.1800,0
20140207,21.5000,21.5700,20.5400,20.8800,7297000
20140210,22.3500,22.7700,21.4200,21.5400,15057200
20140211,21.3700,22.3400,21.3100,22.3400,15923700
20140212,21.3400,21.7200,20.8800,21.3000,12851800
20140213,20.8000,21.4700,20.7700,21.3400,9634800
20140214,20.9300,21.1900,20.6200,20.8300,7598500
20140217,20.9800,21.3000,20.6000,20.9300,13675600
20140218,21.5400,21.5500,20.4500,20.9100,18549100
20140219,21.8000,21.9500,21.2600,21.5500,17233000
20140220,21.5800,22.0700,21.1800,21.8200,8729800
20140221,20.7000,21.4900,20.6100,21.4900,8669500
20140224,18.6300,20.4800,18.6300,20.4800,39215100
20140225,17.9000,18.9000,17.0000,18.4000,31003700
