20130226,7.2800,7.3400,7.2200,7.2900,9222400
20130227,7.3300,7.3500,7.2300,7.3100,6364500
20130228,7.4400,7.4500,7.2800,7.3200,9509600
20130301,7.3900,7.4500,7.3500,7.4400,9944700
20130304,7.1800,7.3900,7.1500,7.3500,9497300
20130305,7.1900,7.2500,7.1200,7.1800,9675600
20130306,7.2500,7.2500,7.1300,7.2100,11628400
20130307,7.4600,7.6000,7.4300,7.4700,30489400
20130308,7.8800,8.0800,7.4500,7.5000,40354000
20130311,8.0000,8.1000,7.7000,7.8100,24197600
20130312,7.8300,8.0600,7.7000,7.9900,20943100
20130313,7.6300,7.8000,7.5700,7.8000,11711700
20130314,7.6600,7.8000,7.6000,7.6400,9138900
20130315,7.7900,7.8900,7.6000,7.6600,17392800
20130318,7.5800,7.8300,7.5700,7.7300,8669200
20130319,7.9000,7.9500,7.6000,7.6000,13750700
20130320,7.9200,7.9800,7.8300,7.9500,13444700
20130321,8.2900,8.3000,7.9200,7.9300,28965900
20130322,8.2400,8.3500,8.1100,8.2300,17104500
20130325,8.3500,8.6100,8.3400,8.4800,23819200
20130326,8.4100,8.4400,8.1500,8.2500,19594400
20130327,8.5400,8.6800,8.3800,8.4100,19605100
20130328,8.3000,8.4700,8.2800,8.4600,11805000
20130329,8.3200,8.4000,8.2000,8.3200,8446100
20130401,8.3400,8.4800,8.3000,8.3200,7947600
20130402,8.3400,8.4600,8.3000,8.3700,9589300
20130403,7.8300,8.3200,7.8200,8.3200,19459800
20130404,7.8300,7.8300,7.8300,7.8300,0
20130405,7.8300,7.8300,7.8300,7.8300,0
20130408,7.7000,7.7800,7.6200,7.7500,10569800
20130409,7.7800,7.8900,7.7300,7.7300,11003200
20130410,7.8400,7.8800,7.7500,7.8100,5904200
20130411,7.7900,7.8800,7.7500,7.8600,5346900
20130412,7.7800,7.9500,7.7300,7.7800,5838900
20130415,7.1600,7.5000,7.0300,7.5000,23814400
20130416,7.0800,7.1600,6.7700,6.8900,13400600
20130417,7.0500,7.1700,7.0200,7.1100,9500600
20130418,7.1600,7.2000,6.9700,7.0100,8538500
20130419,7.5200,7.6600,7.2100,7.2300,19253500
20130422,7.5100,7.7100,7.4500,7.5400,12599700
20130423,7.2600,7.6200,7.2100,7.5100,8881200
20130424,7.3600,7.4400,7.2200,7.2600,8566000
20130425,7.2800,7.4100,7.2400,7.3700,6369400
20130426,7.3800,7.4500,7.3200,7.4000,5326900
20130429,7.3800,7.3800,7.3800,7.3800,0
20130430,7.3800,7.3800,7.3800,7.3800,0
20130501,7.3800,7.3800,7.3800,7.3800,0
20130502,7.2400,7.3700,7.0900,7.3300,7891100
20130503,7.3700,7.4400,7.2600,7.3000,7468000
20130506,7.4900,7.5100,7.2900,7.4100,10273900
20130507,7.4700,7.5400,7.4000,7.4800,4548100
20130508,7.4700,7.6200,7.4500,7.5300,7409000
20130509,7.4000,7.5400,7.3800,7.5100,5319900
20130510,7.4700,7.4900,7.3600,7.3600,5329100
20130513,7.3900,7.4200,7.2800,7.4200,11845300
20130514,7.4100,7.4100,7.2800,7.3500,8455400
20130515,7.4600,7.4700,7.3400,7.3900,5381600
20130516,7.5100,7.5200,7.3500,7.4400,7484900
20130517,7.5800,7.6000,7.4600,7.4800,7863100
20130520,7.5100,7.5700,7.4100,7.5700,15020300
20130521,7.6200,7.6300,7.5100,7.5200,11366900
20130522,7.6900,7.7200,7.5500,7.6300,13069500
20130523,7.6900,7.7200,7.6000,7.6500,8769600
20130524,7.7900,7.8000,7.6700,7.7000,7852600
20130527,7.7100,7.8000,7.6500,7.7900,7380800
20130528,7.7400,7.7700,7.6000,7.7100,10314800
20130529,7.6900,7.7500,7.6500,7.7400,6533400
20130530,7.6600,7.7100,7.5500,7.6800,8435000
20130531,7.7600,7.8200,7.6200,7.6900,11256100
20130603,7.7300,7.8800,7.7000,7.7200,7882300
20130604,7.5000,7.8000,7.4700,7.7200,8579300
20130605,7.4400,7.5400,7.3900,7.5000,5513600
20130606,7.3300,7.5100,7.3100,7.4400,5578500
20130607,7.3000,7.4300,7.2600,7.3400,4295500
20130610,7.3000,7.3000,7.3000,7.3000,0
20130611,7.3000,7.3000,7.3000,7.3000,0
20130612,7.3000,7.3000,7.3000,7.3000,0
20130613,7.0600,7.2000,6.9900,7.2000,5161000
20130614,7.0500,7.1400,7.0100,7.1000,5388700
20130617,7.0800,7.1400,6.9900,7.1400,4319600
20130618,7.0600,7.0800,7.0000,7.0700,3445300
20130619,7.0000,7.0600,6.9400,7.0300,4417000
20130620,6.7700,6.9800,6.7500,6.9800,4396600
20130621,6.9000,6.9300,6.6100,6.7100,5242500
20130624,6.5500,6.8800,6.5000,6.8800,6751600
20130625,6.2400,6.3900,5.9000,6.3900,7507800
20130626,6.3100,6.3300,6.1000,6.2500,7143200
20130627,6.3800,6.4200,6.2600,6.2800,6017100
20130628,6.5100,6.5200,6.2300,6.3800,5900700
20130701,6.6100,6.6100,6.4600,6.5000,3876700
20130702,6.6100,6.6600,6.5000,6.6300,5310900
20130703,6.6200,6.6400,6.5000,6.6100,4733400
20130704,6.6000,6.6900,6.5500,6.5800,4132100
20130705,6.7000,6.7100,6.6000,6.6000,4967300
20130708,6.5900,6.6100,6.5000,6.6000,6208700
20130709,6.7100,6.7200,6.5500,6.5800,5449800
20130710,6.8600,6.9000,6.6300,6.7000,5440200
20130711,7.1300,7.1600,6.8600,6.9000,9280700
20130712,7.0900,7.1300,7.0400,7.1200,7130700
20130715,7.1600,7.1700,7.0200,7.0200,5279700
20130716,7.1600,7.1700,7.0700,7.0900,4151400
20130717,7.1200,7.1700,7.0300,7.1700,6860300
20130718,7.0100,7.1500,6.9500,7.0700,7244700
20130719,6.7000,7.0300,6.6900,6.9300,7629700
20130722,6.5800,6.6800,6.4600,6.6100,8882400
20130723,7.0000,7.0200,6.6500,6.7000,12157000
20130724,7.0900,7.2300,7.0200,7.1100,9143200
20130725,6.8600,7.1000,6.8300,7.1000,8979600
20130726,6.9000,6.9500,6.8300,6.9000,3195800
20130729,6.9000,6.9100,6.7200,6.8600,4035200
20130730,6.8400,7.0600,6.8000,7.0100,7425700
20130731,6.9500,7.0300,6.8100,6.8400,6405800
20130801,6.9800,7.0700,6.9000,6.9600,6600700
20130802,6.9700,7.0700,6.9400,7.0200,4539300
20130805,6.9800,7.0000,6.8800,6.9700,6601100
20130806,7.0100,7.0400,6.9200,6.9600,8507700
20130807,6.8900,7.0100,6.8900,6.9700,7381900
20130808,6.8700,6.9800,6.8400,6.9000,5117400
20130809,7.0900,7.1300,6.8400,6.9500,10690700
20130812,7.1700,7.2300,7.0500,7.0900,14397800
20130813,7.2000,7.4000,7.1900,7.2300,11389800
20130814,7.1700,7.2500,7.1300,7.1800,6349400
20130815,7.0700,7.2500,7.0300,7.1500,6637900
20130816,7.0000,7.2400,6.9900,7.1300,8638800
20130819,7.1500,7.1700,7.0100,7.0300,6518800
20130820,7.1000,7.2000,7.0800,7.1300,5544900
20130821,7.1500,7.2000,7.0700,7.1000,5481900
20130822,7.1500,7.2200,7.1300,7.1300,4408200
20130823,7.2200,7.3200,7.1100,7.2000,11388000
20130826,7.6800,7.7300,7.3000,7.3000,25386100
20130827,7.7700,7.9800,7.6500,7.7000,27636900
20130828,8.5500,8.5500,7.8200,7.9000,59385500
20130829,8.2700,8.6500,8.1300,8.6000,53961000
20130830,8.4600,8.8000,8.1400,8.2100,51751100
20130902,8.1800,8.7000,7.9800,8.5600,31011600
20130903,8.1900,8.2400,8.0200,8.0900,17895900
20130904,8.2900,8.4500,8.2400,8.2800,23866500
20130905,8.0900,8.2000,7.9300,8.1400,19638200
20130906,8.3100,8.4900,8.1300,8.1300,24820000
20130909,8.3900,8.4800,8.2500,8.4000,23750100
20130910,8.7500,8.8900,8.2900,8.3500,51960300
20130911,8.4600,8.7600,8.3500,8.7500,37979200
20130912,8.4800,8.5900,8.3500,8.3800,25758800
20130913,8.5300,8.7900,8.3800,8.5000,29541000
20130916,8.3600,8.6500,8.3500,8.5700,18448500
20130917,8.0100,8.3200,8.0000,8.3100,17305000
20130918,8.4100,8.4400,8.0000,8.0200,20607200
20130920,8.4100,8.4100,8.4100,8.4100,0
20130923,8.5600,8.6500,8.3500,8.4200,30722000
20130924,8.7000,8.9800,8.3000,8.5000,39630100
20130925,9.0800,9.5700,8.6900,8.8000,68112000
20130926,8.4200,9.0000,8.3000,9.0000,36771500
20130927,8.6200,8.7500,8.3300,8.3700,19775800
20130930,8.7700,8.8800,8.6300,8.7500,15785200
20131001,8.7700,8.7700,8.7700,8.7700,0
20131002,8.7700,8.7700,8.7700,8.7700,0
20131003,8.7700,8.7700,8.7700,8.7700,0
20131004,8.7700,8.7700,8.7700,8.7700,0
20131007,8.7700,8.7700,8.7700,8.7700,0
20131008,8.6600,8.8600,8.6000,8.8200,20779600
20131009,8.8400,8.8500,8.5100,8.6300,21109100
20131010,9.0000,9.2500,8.7300,8.7900,30896500
20131011,9.9000,9.9000,9.0200,9.0200,92095904
20131014,9.9100,10.1700,9.6300,10.1000,58515300
20131015,9.9300,10.1300,9.7100,9.8500,37259900
20131016,9.5200,9.9300,9.3900,9.7800,32890900
20131017,9.3000,9.6600,9.2600,9.6000,22007600
20131018,9.3700,9.4800,9.2800,9.2900,12890900
20131021,9.6800,9.7500,9.3800,9.3800,19513600
20131022,9.3000,9.6900,9.2300,9.6900,23586100
20131023,8.9600,9.4800,8.9100,9.3800,20389200
20131024,8.8100,9.0800,8.7100,8.9600,14366700
20131025,8.5900,8.9500,8.5100,8.8900,13538000
20131028,8.7100,8.7600,8.5500,8.6200,7734700
20131029,8.5500,8.8500,8.2000,8.6800,14314900
20131030,8.7300,8.7400,8.3800,8.5800,9559400
20131031,8.6400,8.7800,8.5400,8.6600,8737500
20131101,8.6200,8.7400,8.4900,8.7200,6897700
20131104,8.5500,8.7200,8.5300,8.6200,5538900
20131105,8.7000,8.7500,8.3300,8.5200,8646700
20131106,8.6700,8.8600,8.6200,8.6600,8246700
20131107,8.5600,8.7100,8.5400,8.6400,6841900
20131108,8.4600,8.6100,8.3600,8.5200,6401900
20131111,8.3100,8.5000,8.2700,8.4100,4584700
20131112,8.3200,8.3900,8.2700,8.3400,5295200
20131113,7.9800,8.3000,7.9800,8.3000,8468700
20131114,8.0900,8.1800,7.9800,8.0000,6032600
20131115,8.4300,8.6500,8.0800,8.1400,15597300
20131118,8.6800,8.7300,8.4500,8.5900,11171700
20131119,8.6700,8.7600,8.6300,8.7600,6981900
20131120,8.6700,8.7500,8.5800,8.7100,5856600
20131121,8.6400,8.7300,8.5000,8.6000,7294600
20131122,8.4700,8.7100,8.4400,8.6500,7241300
20131125,8.5100,8.6300,8.3300,8.4200,7298000
20131126,8.5600,8.5900,8.4500,8.5100,4784400
20131127,8.7400,8.8300,8.6000,8.6600,11228800
20131128,8.7500,8.8400,8.7200,8.8200,7632300
20131129,8.7000,8.8300,8.6300,8.7100,7122200
20131202,8.3500,8.7000,8.2700,8.6100,10678200
20131203,8.3500,8.3800,8.2300,8.3100,11891600
20131204,8.6800,8.7600,8.3100,8.3500,22517500
20131205,8.6700,8.7800,8.5300,8.7000,12998200
20131206,8.3900,8.6500,8.3600,8.6000,15469100
20131209,8.6300,8.6900,8.4600,8.4600,10964300
20131210,8.7400,8.9400,8.5900,8.6400,17371300
20131211,8.5900,8.7800,8.5300,8.7500,9683200
20131212,8.5800,8.6900,8.5100,8.5100,8602300
20131213,8.5100,8.6400,8.5000,8.5300,6514900
20131216,8.2300,8.5100,8.1900,8.4500,12091300
20131217,8.2200,8.2900,8.1800,8.2400,4529700
20131218,8.1600,8.2900,8.1100,8.2200,4238700
20131219,8.0900,8.2400,8.0500,8.2000,4464200
20131220,7.8600,8.1500,7.7700,8.0900,7435200
20131223,7.7100,7.8800,7.4800,7.8800,8057700
20131224,7.6800,7.8100,7.5700,7.7100,3929900
20131225,7.8100,7.8400,7.6800,7.7300,3793200
20131226,7.7300,7.8200,7.6500,7.8100,5562400
20131227,7.8100,7.8500,7.6900,7.7000,3957800
20131230,7.7000,7.8700,7.6600,7.8400,7196200
20131231,7.7600,7.7800,7.6400,7.6500,3847300
20140101,7.7600,7.7600,7.7600,7.7600,0
20140102,7.8100,7.9100,7.7100,7.7700,5367900
20140103,7.7200,7.8800,7.7100,7.7500,4502400
20140106,7.3600,7.7300,7.3500,7.7200,7416400
20140107,7.3500,7.4800,7.2300,7.3000,3454000
20140108,7.1800,7.3700,7.1400,7.3700,10563500
20140109,7.0900,7.2200,7.0900,7.1800,5897800
20140110,6.9500,7.1400,6.9200,7.1000,7215200
20140113,6.9000,7.0200,6.7500,6.9600,7798400
20140114,7.0900,7.1200,6.9000,6.9100,6110600
20140115,7.0600,7.1200,6.9800,7.0900,5137600
20140116,7.1200,7.1800,7.0200,7.0700,5062200
20140117,7.0900,7.1300,7.0400,7.0900,7208900
20140120,7.1500,7.1600,7.0500,7.1100,5873200
20140121,7.2400,7.2700,7.1600,7.1800,5880700
20140122,7.3900,7.4000,7.2100,7.2500,8375100
20140123,7.3900,7.4500,7.3100,7.3800,5838700
20140124,7.5600,7.5800,7.3400,7.3800,7522000
20140127,7.5000,7.5300,7.3200,7.5200,7513500
20140128,7.5500,7.5600,7.4500,7.4500,4280200
20140129,7.6000,7.6200,7.5500,7.5600,4684900
20140130,7.5300,7.6300,7.4700,7.6000,3979300
20140131,7.5300,7.5300,7.5300,7.5300,0
20140203,7.5300,7.5300,7.5300,7.5300,0
20140205,7.5300,7.5300,7.5300,7.5300,0
20140206,7.5300,7.5300,7.5300,7.5300,0
20140207,7.5400,7.5400,7.3500,7.5000,5586500
20140210,7.7300,7.7400,7.5400,7.5400,9180600
20140211,7.8600,7.8800,7.6800,7.6800,9532700
20140212,8.0100,8.0700,7.6600,7.8800,8637000
20140213,8.1000,8.1800,7.9100,7.9600,13383300
20140214,8.1600,8.2000,8.0700,8.2000,6936500
20140217,8.1700,8.3000,8.1100,8.2500,7548500
20140218,7.9800,8.1800,7.9500,8.1600,10708200
20140219,8.1100,8.1200,7.9400,7.9500,9418800
20140220,8.0800,8.2200,8.0100,8.1100,6868700
20140221,8.0900,8.1000,7.9600,8.0800,6169400
20140224,7.8400,8.0700,7.7800,8.0700,6569100
20140225,7.5600,7.9100,7.5500,7.8500,6681300
