20130226,2.5200,2.5500,2.5100,2.5500,4196900
20130227,2.5100,2.5400,2.5000,2.5000,2419800
20130228,2.5700,2.5800,2.5100,2.5200,6276800
20130301,2.5800,2.5900,2.5400,2.5500,5114000
20130304,2.5200,2.5800,2.4900,2.5800,4889600
20130305,2.5400,2.5400,2.5000,2.5000,3510000
20130306,2.5700,2.5800,2.5300,2.5300,6717800
20130307,2.5900,2.5900,2.5500,2.5700,7645800
20130308,2.6100,2.6500,2.5600,2.5800,13040200
20130311,2.5700,2.6000,2.5500,2.5900,5796200
20130312,2.5000,2.5800,2.4600,2.5700,8751700
20130313,2.4700,2.5000,2.4500,2.5000,4199400
20130314,2.4700,2.5000,2.4500,2.4600,4187800
20130315,2.4500,2.4900,2.4300,2.4600,4407900
20130318,2.4000,2.4600,2.3900,2.4300,4339300
20130319,2.4000,2.4200,2.3800,2.4000,2938000
20130320,2.4800,2.4900,2.3900,2.4000,6269700
20130321,2.5700,2.6800,2.4600,2.4700,20324900
20130322,2.5400,2.5500,2.5000,2.5500,10497200
20130325,2.5300,2.5500,2.5100,2.5400,3252100
20130326,2.5100,2.5400,2.4900,2.5400,3401600
20130327,2.5200,2.5400,2.5000,2.5100,2952400
20130328,2.4500,2.5300,2.4300,2.5300,4899500
20130329,2.4500,2.4700,2.4400,2.4400,2488500
20130401,2.4600,2.4700,2.4400,2.4500,2344900
20130402,2.4500,2.4800,2.4300,2.4500,3794100
20130403,2.4100,2.4700,2.4000,2.4600,2393300
20130404,2.4100,2.4100,2.4100,2.4100,0
20130405,2.4100,2.4100,2.4100,2.4100,0
20130408,2.3800,2.4100,2.3200,2.4100,4150900
20130409,2.4100,2.4400,2.3600,2.3800,3022400
20130410,2.4100,2.4300,2.3800,2.4200,2230000
20130411,2.4200,2.4500,2.4100,2.4100,2750700
20130412,2.3900,2.4200,2.3900,2.4200,1861200
20130415,2.3800,2.4100,2.3700,2.3900,2243900
20130416,2.4100,2.4100,2.3500,2.3700,2278100
20130417,2.3900,2.4100,2.3700,2.4100,1829800
20130418,2.4300,2.4900,2.3600,2.3900,6001900
20130419,2.4500,2.4700,2.4100,2.4300,5229200
20130422,2.4400,2.4400,2.4200,2.4200,3978500
20130423,2.3900,2.4400,2.3800,2.4400,3583700
20130424,2.4200,2.4300,2.3800,2.3800,3963200
20130425,2.4600,2.5200,2.4100,2.4300,12051600
20130426,2.4100,2.4600,2.3800,2.4600,6172400
20130429,2.4100,2.4100,2.4100,2.4100,0
20130430,2.4100,2.4100,2.4100,2.4100,0
20130501,2.4100,2.4100,2.4100,2.4100,0
20130502,2.3800,2.4100,2.3700,2.4000,3591500
20130503,2.4200,2.4200,2.3800,2.3800,2800700
20130506,2.4400,2.4500,2.4000,2.4100,4620500
20130507,2.4600,2.5000,2.4100,2.4300,9270600
20130508,2.4600,2.4900,2.4400,2.4400,5103200
20130509,2.4400,2.4700,2.4200,2.4500,4373500
20130510,2.5200,2.5300,2.4200,2.4300,15039000
20130513,2.5100,2.5700,2.4800,2.5100,11304300
20130514,2.4600,2.5000,2.4400,2.5000,5899300
20130515,2.4700,2.4800,2.4400,2.4700,3354300
20130516,2.4700,2.5000,2.4400,2.4700,5309700
20130517,2.5000,2.5000,2.4600,2.4700,6775600
20130520,2.5300,2.5400,2.5000,2.5100,9954300
20130521,2.5300,2.5500,2.5100,2.5200,9596200
20130522,2.5600,2.6100,2.5200,2.5300,18567100
20130523,2.5200,2.5600,2.4900,2.5400,12327000
20130524,2.5800,2.6200,2.5100,2.5100,18966100
20130527,2.5600,2.6000,2.5500,2.5700,9443900
20130528,2.5700,2.5900,2.5300,2.5600,9512600
20130529,2.5900,2.6200,2.5500,2.5700,16668000
20130530,2.5600,2.5800,2.5300,2.5700,9916700
20130531,2.5200,2.5600,2.5100,2.5500,8041900
20130603,2.5100,2.5400,2.5000,2.5200,5946500
20130604,2.4800,2.5200,2.4600,2.5000,6279700
20130605,2.4800,2.4900,2.4600,2.4800,3639900
20130606,2.4500,2.4700,2.4400,2.4700,3818200
20130607,2.4200,2.4600,2.4100,2.4400,4776300
20130610,2.4200,2.4200,2.4200,2.4200,0
20130611,2.4200,2.4200,2.4200,2.4200,0
20130612,2.4200,2.4200,2.4200,2.4200,0
20130613,2.3400,2.4000,2.3300,2.3800,5291500
20130614,2.3600,2.3800,2.3400,2.3400,2324000
20130617,2.3500,2.3800,2.3300,2.3700,2837700
20130618,2.3900,2.3900,2.3400,2.3600,3777300
20130619,2.3600,2.3900,2.3400,2.3900,3004200
20130620,2.3000,2.3500,2.2900,2.3500,3080400
20130621,2.2600,2.2800,2.2300,2.2800,3977400
20130624,2.1200,2.2400,2.1000,2.2400,6124000
20130625,2.1400,2.1500,1.9800,2.1100,6842000
20130626,2.1300,2.1500,2.1000,2.1400,4306400
20130627,2.1100,2.1700,2.0900,2.1300,3374900
20130628,2.1300,2.1400,2.0700,2.1100,2623700
20130701,2.1300,2.1300,2.1000,2.1300,2469100
20130702,2.1200,2.1400,2.0900,2.1400,4642800
20130703,2.0900,2.1000,2.0600,2.1000,3973800
20130704,2.1000,2.1200,2.0600,2.0900,3350400
20130705,2.1200,2.1500,2.0900,2.1000,3788500
20130708,2.0400,2.1000,2.0300,2.1000,3318500
20130709,2.0600,2.0600,2.0300,2.0400,2748800
20130710,2.1100,2.1100,2.0400,2.0500,3799300
20130711,2.1600,2.1700,2.1000,2.1100,7372800
20130712,2.1200,2.1600,2.1100,2.1600,4460600
20130715,2.1500,2.1600,2.1200,2.1200,3087100
20130716,2.1900,2.2300,2.1300,2.1500,8326400
20130717,2.3300,2.3500,2.1500,2.1900,27600700
20130718,2.2700,2.4200,2.2600,2.3300,28049500
20130719,2.1700,2.2900,2.1700,2.2500,14193700
20130722,2.2000,2.2100,2.1300,2.1600,6938600
20130723,2.2400,2.2600,2.1800,2.2000,6670000
20130724,2.2400,2.2600,2.1900,2.2400,7063000
20130725,2.2400,2.2800,2.2200,2.2300,6816700
20130726,2.2000,2.2400,2.1600,2.2400,4503100
20130729,2.1600,2.1900,2.1400,2.1900,4158800
20130730,2.1500,2.1700,2.1200,2.1600,3036400
20130731,2.1500,2.1600,2.1300,2.1400,2841700
20130801,2.1800,2.1900,2.1200,2.1400,3877800
20130802,2.1800,2.1900,2.1600,2.1800,2809600
20130805,2.2100,2.2200,2.1600,2.1700,5002700
20130806,2.2300,2.2500,2.1900,2.2100,8084700
20130807,2.1900,2.2400,2.1900,2.2200,5230200
20130808,2.2100,2.2200,2.1800,2.1900,5097700
20130809,2.2600,2.2700,2.2100,2.2100,11144900
20130812,2.2800,2.2800,2.2400,2.2400,6814200
20130813,2.3100,2.3200,2.2600,2.2700,9441700
20130814,2.3200,2.3600,2.3000,2.3100,11914000
20130815,2.3100,2.3400,2.3000,2.3200,6303400
20130816,2.2700,2.3300,2.2700,2.3100,5185600
20130819,2.2900,2.3000,2.2500,2.2500,3968100
20130820,2.3400,2.3600,2.2800,2.3000,9538700
20130821,2.4300,2.4900,2.3600,2.3800,28952900
20130822,2.4500,2.4800,2.4000,2.4200,14565000
20130823,2.4400,2.5000,2.3800,2.4800,11564000
20130826,2.5800,2.5800,2.4300,2.4400,32006000
20130827,2.5900,2.6700,2.5000,2.5700,40548100
20130828,2.5900,2.6700,2.5100,2.5600,36747100
20130829,2.4900,2.5700,2.4700,2.5300,22946800
20130830,2.5800,2.6800,2.5000,2.5100,32741100
20130902,2.5200,2.6300,2.5000,2.6000,18533700
20130903,2.5500,2.5600,2.4800,2.5000,15073000
20130904,2.5700,2.5900,2.5300,2.5500,12913700
20130905,2.5200,2.5700,2.5000,2.5600,11048000
20130906,2.6000,2.6300,2.5100,2.5200,19647100
20130909,2.5800,2.6600,2.5700,2.5800,27205200
20130910,2.8400,2.8400,2.5800,2.5800,83969904
20130911,3.1200,3.1200,2.9500,2.9600,91962496
20130912,3.1200,3.1200,3.1200,3.1200,0
20130913,3.1200,3.1200,3.1200,3.1200,0
20130916,3.1200,3.1200,3.1200,3.1200,0
20130917,3.1200,3.1200,3.1200,3.1200,0
20130918,3.1200,3.1200,3.1200,3.1200,0
20130920,3.1200,3.1200,3.1200,3.1200,0
20130923,3.1200,3.1200,3.1200,3.1200,0
20130924,3.1200,3.1200,3.1200,3.1200,0
20130925,3.1200,3.1200,3.1200,3.1200,0
20130926,3.1200,3.1200,3.1200,3.1200,0
20130927,3.1200,3.1200,3.1200,3.1200,0
20130930,3.1200,3.1200,3.1200,3.1200,0
20131001,3.1200,3.1200,3.1200,3.1200,0
20131002,3.1200,3.1200,3.1200,3.1200,0
20131003,3.1200,3.1200,3.1200,3.1200,0
20131004,3.1200,3.1200,3.1200,3.1200,0
20131007,3.1200,3.1200,3.1200,3.1200,0
20131008,3.1200,3.1200,3.1200,3.1200,0
20131009,3.1200,3.1200,3.1200,3.1200,0
20131010,3.1200,3.1200,3.1200,3.1200,0
20131011,3.1200,3.1200,3.1200,3.1200,0
20131014,3.1200,3.1200,3.1200,3.1200,0
20131015,3.1200,3.1200,3.1200,3.1200,0
20131016,3.1200,3.1200,3.1200,3.1200,0
20131017,2.8100,2.8100,2.8100,2.8100,15823400
20131018,2.6100,2.7400,2.5300,2.5900,97235800
20131021,2.6000,2.6100,2.5000,2.5600,68088200
20131022,2.6900,2.7300,2.5400,2.5700,66213600
20131023,2.6900,2.8100,2.6200,2.6600,63875600
20131024,2.6100,2.7000,2.6000,2.6600,26807500
20131025,2.6300,2.6900,2.5500,2.5900,25864700
20131028,2.6100,2.6400,2.5600,2.6100,17065900
20131029,2.4800,2.6100,2.3800,2.5900,30566700
20131030,2.5000,2.5000,2.3900,2.4600,16209200
20131031,2.5500,2.5800,2.4400,2.4700,21325800
20131101,2.4900,2.5500,2.4800,2.5400,14822800
20131104,2.4700,2.5100,2.4500,2.4600,9090200
20131105,2.5000,2.5000,2.4500,2.4700,10171500
20131106,2.4500,2.5000,2.4500,2.4900,11073600
20131107,2.5400,2.5800,2.4300,2.4300,22736300
20131108,2.4700,2.5300,2.4700,2.5200,10540000
20131111,2.5100,2.5400,2.4500,2.4600,8566900
20131112,2.5700,2.5800,2.4800,2.5100,17405300
20131113,2.4700,2.5600,2.4700,2.5500,10543900
20131114,2.5200,2.5600,2.4600,2.4700,10650000
20131115,2.5700,2.6200,2.5100,2.5200,21726000
20131118,2.6200,2.6300,2.5500,2.6000,16530300
20131119,2.6800,2.7200,2.5900,2.6100,23501200
20131120,2.6800,2.7000,2.6200,2.6800,13994700
20131121,2.6900,2.6900,2.6400,2.6400,12921300
20131122,2.6600,2.7200,2.6100,2.6900,15658700
20131125,2.6300,2.6900,2.6200,2.6400,12204500
20131126,2.6000,2.6500,2.5900,2.6200,9394700
20131127,2.6300,2.6400,2.5800,2.6100,8062900
20131128,2.6200,2.6700,2.6100,2.6400,11842000
20131129,2.6000,2.6300,2.5800,2.6100,11463900
20131202,2.5200,2.5900,2.4500,2.5800,20069700
20131203,2.5200,2.5800,2.5000,2.5100,11936600
20131204,2.5800,2.6000,2.5200,2.5300,14983500
20131205,2.6300,2.6900,2.5600,2.5600,21853900
20131206,2.6100,2.6300,2.5900,2.6000,9621200
20131209,2.6200,2.6400,2.6000,2.6000,7595000
20131210,2.6900,2.7100,2.6200,2.6400,21690900
20131211,2.6500,2.6900,2.6300,2.6900,11780700
20131212,2.6200,2.6800,2.6200,2.6500,8948700
20131213,2.6200,2.6400,2.6000,2.6100,5238500
20131216,2.6500,2.6900,2.6200,2.6300,9916400
20131217,2.6100,2.6700,2.6000,2.6500,6139800
20131218,2.5500,2.6300,2.5400,2.6100,7092000
20131219,2.5600,2.5800,2.5500,2.5500,3836500
20131220,2.5200,2.5700,2.5100,2.5500,4714900
20131223,2.5300,2.5500,2.4700,2.5200,3938500
20131224,2.5300,2.5700,2.5100,2.5100,3605800
20131225,2.5500,2.5600,2.5200,2.5300,2616000
20131226,2.5000,2.5600,2.4900,2.5400,4321200
20131227,2.4900,2.5200,2.4800,2.4900,4476800
20131230,2.4900,2.5300,2.4800,2.5100,4035500
20131231,2.4900,2.5000,2.4700,2.5000,4860400
20140101,2.4900,2.4900,2.4900,2.4900,0
20140102,2.5000,2.5000,2.4700,2.4800,4107500
20140103,2.4700,2.5000,2.4700,2.5000,4656600
20140106,2.3600,2.4700,2.3000,2.4600,9425500
20140107,2.3400,2.3600,2.3200,2.3600,5044500
20140108,2.3100,2.3500,2.2900,2.3400,5317100
20140109,2.2800,2.3400,2.2700,2.3000,4356700
20140110,2.2400,2.3000,2.2300,2.2800,3255600
20140113,2.2300,2.2600,2.2000,2.2100,4166000
20140114,2.3400,2.4500,2.2300,2.2400,9235400
20140115,2.3200,2.3400,2.2900,2.3100,4550200
20140116,2.3200,2.3300,2.3000,2.3200,2239500
20140117,2.2800,2.3300,2.2700,2.3300,2938600
20140120,2.2500,2.2900,2.2400,2.2900,2722700
20140121,2.2900,2.3000,2.2500,2.2500,2617800
20140122,2.3500,2.3700,2.2900,2.2900,4128000
20140123,2.3500,2.3800,2.3300,2.3500,3767400
20140124,2.3700,2.3900,2.3300,2.3500,4333500
20140127,2.3500,2.3900,2.3200,2.3800,5674000
20140128,2.3400,2.3700,2.3200,2.3400,2563000
20140129,2.3400,2.3700,2.3300,2.3400,3025200
20140130,2.3900,2.3900,2.3400,2.3600,3839400
20140131,2.3900,2.3900,2.3900,2.3900,0
20140203,2.3900,2.3900,2.3900,2.3900,0
20140205,2.3900,2.3900,2.3900,2.3900,0
20140206,2.3900,2.3900,2.3900,2.3900,0
20140207,2.4100,2.4200,2.3600,2.3800,4270900
20140210,2.5200,2.5600,2.3900,2.4200,12142500
20140211,2.5200,2.5500,2.4900,2.5100,10346800
20140212,2.5300,2.5400,2.4900,2.5300,6408500
20140213,2.5300,2.6300,2.5100,2.5200,12899700
20140214,2.5400,2.5500,2.5000,2.5200,5746300
20140217,2.5600,2.5700,2.5200,2.5300,7201400
20140218,2.5900,2.6200,2.5500,2.5500,13748100
20140219,2.7100,2.7700,2.5700,2.5800,27250400
20140220,2.7200,2.7200,2.6200,2.6800,20095900
20140221,2.6500,2.7200,2.6300,2.7100,10911400
20140224,2.5600,2.6400,2.5000,2.6300,9087100
20140225,2.5400,2.6400,2.5200,2.5600,11981700
