20130226,3.8400,3.9600,3.8300,3.9300,3101500
20130227,3.8600,3.9200,3.8400,3.8500,4318000
20130228,4.0200,4.0600,3.8800,3.8800,10499500
20130301,4.0000,4.0300,3.9500,4.0200,4755600
20130304,3.6500,3.8800,3.6000,3.8800,10560400
20130305,3.7000,3.7200,3.6400,3.6400,3921300
20130306,3.7300,3.7600,3.6800,3.7000,3065000
20130307,3.7200,3.7900,3.6700,3.7200,3899300
20130308,3.7000,3.7400,3.6900,3.7100,1969000
20130311,3.7400,3.7600,3.7000,3.7200,1809600
20130312,3.6600,3.7600,3.6300,3.7400,2221700
20130313,3.6700,3.6900,3.6000,3.6300,1827000
20130314,3.6500,3.6900,3.6300,3.6500,1022200
20130315,3.6100,3.6900,3.5700,3.6500,2870100
20130318,3.6100,3.6400,3.5800,3.6100,1474700
20130319,3.6500,3.6800,3.6000,3.6000,2426500
20130320,3.7200,3.7300,3.6500,3.6500,4560900
20130321,3.6900,3.7400,3.6800,3.7400,3089800
20130322,3.7300,3.7400,3.6800,3.6800,2087700
20130325,3.7200,3.7500,3.6900,3.7300,2228800
20130326,3.7700,3.7800,3.7000,3.7100,4452700
20130327,3.7300,3.7800,3.7000,3.7800,2505100
20130328,3.5800,3.7000,3.5700,3.7000,3560700
20130329,3.6000,3.6200,3.5400,3.5900,1478600
20130401,3.6400,3.6900,3.5900,3.6000,2870700
20130402,3.6400,3.7000,3.6200,3.6300,2435200
20130403,3.5500,3.6500,3.5500,3.6500,2181400
20130404,3.5500,3.5500,3.5500,3.5500,0
20130405,3.5500,3.5500,3.5500,3.5500,0
20130408,3.5800,3.5800,3.4800,3.5400,1966100
20130409,3.5900,3.6300,3.5500,3.5800,1668100
20130410,3.6000,3.6300,3.5600,3.6300,1293200
20130411,3.6100,3.6500,3.6000,3.6100,2741600
20130412,3.5700,3.6200,3.5700,3.6100,1275800
20130415,3.5300,3.6100,3.5100,3.5700,2047400
20130416,3.6200,3.6300,3.4800,3.5300,2289300
20130417,3.6200,3.6500,3.5900,3.6400,1971200
20130418,3.5900,3.6300,3.5800,3.6000,1402800
20130419,3.6500,3.6700,3.6000,3.6000,3844400
20130422,3.6200,3.6500,3.5800,3.6100,2791500
20130423,3.5000,3.6000,3.4900,3.6000,2827300
20130424,3.5400,3.5500,3.5000,3.5100,1906600
20130425,3.5100,3.5600,3.5000,3.5400,1613000
20130426,3.4900,3.5400,3.4800,3.5100,1902800
20130429,3.4900,3.4900,3.4900,3.4900,0
20130430,3.4900,3.4900,3.4900,3.4900,0
20130501,3.4900,3.4900,3.4900,3.4900,0
20130502,3.5300,3.5500,3.4700,3.4700,1412700
20130503,3.5800,3.5900,3.5300,3.5500,3202400
20130506,3.6100,3.6200,3.5500,3.5700,2790100
20130507,3.6200,3.6400,3.5800,3.6200,2568900
20130508,3.6200,3.6500,3.5900,3.6200,2333000
20130509,3.5900,3.6200,3.5600,3.6200,1917000
20130510,3.6700,3.6900,3.5800,3.5800,4192200
20130513,3.6500,3.6700,3.6300,3.6500,2126100
20130514,3.6200,3.6600,3.6100,3.6600,1800400
20130515,3.7200,3.7300,3.6200,3.6200,3824100
20130516,3.9100,4.0000,3.8600,3.8900,21685000
20130517,3.9100,3.9500,3.8500,3.8500,12453200
20130520,3.9100,3.9400,3.8900,3.9200,8267500
20130521,3.8900,3.9000,3.8500,3.9000,5255200
20130522,3.9100,3.9600,3.8700,3.9000,6774500
20130523,3.8500,3.9500,3.8300,3.8800,5537300
20130524,3.8900,3.9000,3.8400,3.8500,3331100
20130527,3.8900,3.9000,3.8500,3.8900,4010100
20130528,3.9700,3.9800,3.8700,3.8800,8879200
20130529,3.9500,4.0900,3.9300,3.9900,13862900
20130530,3.8700,3.9500,3.8700,3.9100,7286600
20130531,3.8900,3.9400,3.8800,3.8900,4562100
20130603,3.8900,3.9600,3.8600,3.9000,6250500
20130604,3.8200,3.9300,3.8100,3.8800,5469500
20130605,3.8000,3.8600,3.7500,3.8300,4214800
20130606,3.6600,3.7500,3.6600,3.7500,1957400
20130607,3.5700,3.7100,3.5500,3.6600,3925300
20130610,3.5700,3.5700,3.5700,3.5700,0
20130611,3.5700,3.5700,3.5700,3.5700,0
20130612,3.5700,3.5700,3.5700,3.5700,0
20130613,3.4500,3.5500,3.4200,3.5300,3949200
20130614,3.4800,3.5000,3.4500,3.4500,1854900
20130617,3.4700,3.5000,3.4500,3.4800,2354300
20130618,3.5000,3.5200,3.4600,3.4800,2607900
20130619,3.4600,3.4800,3.4100,3.4800,2693500
20130620,3.4400,3.4800,3.4200,3.4500,2786000
20130621,3.5300,3.5900,3.4100,3.4300,7259800
20130624,3.2300,3.5200,3.1900,3.4900,6105700
20130625,3.1600,3.2300,2.9600,3.2000,3908800
20130626,3.1500,3.2000,3.1100,3.1700,2212600
20130627,3.1400,3.2200,3.1100,3.1800,2938400
20130628,3.2300,3.2800,3.1000,3.1400,5269800
20130701,3.2500,3.2600,3.1400,3.1900,2693200
20130702,3.2200,3.2500,3.1600,3.2500,2309200
20130703,3.1600,3.2200,3.1000,3.1900,2351900
20130704,3.1900,3.2200,3.1300,3.1400,2315000
20130705,3.2400,3.2900,3.1700,3.1700,3790500
20130708,3.0900,3.2100,3.0900,3.2100,2777100
20130709,3.1200,3.1500,3.0600,3.1500,1100800
20130710,3.2000,3.2100,3.0900,3.1200,3419900
20130711,3.2900,3.3400,3.2000,3.2100,7695600
20130712,3.2200,3.3100,3.1900,3.3000,5395700
20130715,3.2600,3.2800,3.2100,3.2200,3948700
20130716,3.2800,3.2900,3.2100,3.2600,3679500
20130717,3.2900,3.3500,3.2400,3.2700,5778000
20130718,3.2500,3.3100,3.2400,3.2900,3821400
20130719,3.1400,3.2700,3.1300,3.2500,3818000
20130722,3.1400,3.1400,3.0700,3.1300,1680800
20130723,3.2000,3.2400,3.1300,3.1400,3632800
20130724,3.1700,3.2200,3.1100,3.2000,3306700
20130725,3.1500,3.1800,3.1200,3.1800,3030100
20130726,3.1400,3.1500,3.0800,3.1400,2157300
20130729,3.1000,3.1200,3.0600,3.1100,3066300
20130730,3.1100,3.1500,3.0700,3.1000,1863500
20130731,3.1300,3.2400,3.1200,3.1500,4550000
20130801,3.1800,3.2000,3.1200,3.1400,3184600
20130802,3.2200,3.2600,3.1900,3.2300,8038800
20130805,3.2200,3.2200,3.1700,3.2100,5061700
20130806,3.2400,3.2400,3.1600,3.2100,16196800
20130807,3.2500,3.3200,3.2100,3.2100,11179100
20130808,3.2100,3.2500,3.1900,3.2200,5935100
20130809,3.2400,3.2600,3.1900,3.2200,4947100
20130812,3.3000,3.3200,3.2300,3.2400,10119700
20130813,3.3200,3.3300,3.2800,3.3000,7754300
20130814,3.3200,3.3800,3.3000,3.3500,8960500
20130815,3.2800,3.3300,3.2700,3.3300,6400100
20130816,3.2300,3.3600,3.2300,3.2600,6978700
20130819,3.2600,3.2700,3.2100,3.2200,2956000
20130820,3.2500,3.2900,3.2300,3.2500,4796800
20130821,3.2600,3.2600,3.2200,3.2300,3189300
20130822,3.3100,3.4700,3.2500,3.2700,10820200
20130823,3.3000,3.3700,3.2700,3.3200,7239500
20130826,3.4100,3.4300,3.2900,3.3000,11622600
20130827,3.5100,3.5500,3.3900,3.3900,15789200
20130828,3.6500,3.7500,3.4200,3.5100,21478400
20130829,3.5900,3.6400,3.5300,3.6100,9951200
20130830,3.6800,3.7600,3.5800,3.5800,16717300
20130902,3.5300,3.7400,3.4600,3.7400,11989500
20130903,3.6100,3.6500,3.4800,3.5300,7681200
20130904,3.6200,3.6800,3.5800,3.6200,8015000
20130905,3.6500,3.6900,3.5700,3.6400,8350100
20130906,3.7500,3.8100,3.6300,3.6400,14431300
20130909,3.7600,3.8300,3.7200,3.8100,12885800
20130910,3.8900,3.9200,3.7400,3.7500,17742400
20130911,3.8200,4.0000,3.7500,3.9900,15299800
20130912,3.8100,3.8400,3.7300,3.8000,9775900
20130913,3.7900,3.8100,3.7300,3.7900,7452000
20130916,3.7000,3.7800,3.6900,3.7700,5685100
20130917,3.6700,3.7300,3.6200,3.7000,4581700
20130918,3.7100,3.7500,3.6500,3.6500,5012400
20130920,3.7100,3.7100,3.7100,3.7100,0
20130923,3.7600,3.7800,3.7100,3.7200,4971400
20130924,3.8500,4.0300,3.7100,3.7500,14304500
20130925,3.7700,3.8800,3.7500,3.8200,8491200
20130926,3.5800,3.7600,3.5600,3.7400,7515500
20130927,3.5600,3.6100,3.5500,3.5900,3349600
20130930,3.6500,3.6600,3.5600,3.5600,3282500
20131001,3.6500,3.6500,3.6500,3.6500,0
20131002,3.6500,3.6500,3.6500,3.6500,0
20131003,3.6500,3.6500,3.6500,3.6500,0
20131004,3.6500,3.6500,3.6500,3.6500,0
20131007,3.6500,3.6500,3.6500,3.6500,0
20131008,3.7200,3.7400,3.5600,3.6400,5869300
20131009,3.7400,3.7800,3.6800,3.7100,3812000
20131010,3.7700,3.7900,3.7100,3.7400,4851200
20131011,3.9500,3.9900,3.7600,3.7700,18746600
20131014,3.8500,3.9400,3.7800,3.9200,12458400
20131015,3.8500,3.8800,3.7600,3.8500,8707100
20131016,3.7200,3.8500,3.6800,3.8500,7317500
20131017,3.7200,3.7800,3.6900,3.7400,4865800
20131018,3.7100,3.7400,3.7000,3.7200,2428100
20131021,3.7600,3.7700,3.6800,3.7300,4631100
20131022,3.7100,3.7600,3.7000,3.7500,3741800
20131023,3.6400,3.7600,3.6200,3.7300,3395400
20131024,3.6400,3.6600,3.6100,3.6500,2140800
20131025,3.5700,3.6400,3.5500,3.6300,2839500
20131028,3.5800,3.5900,3.5300,3.5500,1655500
20131029,3.4800,3.6000,3.4000,3.5800,3960000
20131030,3.5100,3.5200,3.4500,3.4600,2261700
20131031,3.5000,3.5700,3.5000,3.5100,2315200
20131101,3.5800,3.6200,3.4900,3.4900,4746400
20131104,3.5600,3.5800,3.5000,3.5700,3903700
20131105,3.5400,3.5500,3.4900,3.5200,3014900
20131106,3.5400,3.5700,3.5100,3.5500,2380800
20131107,3.4900,3.5300,3.4500,3.5000,2530400
20131108,3.4800,3.5000,3.4200,3.4800,1731200
20131111,3.4600,3.4900,3.3900,3.4700,1143700
20131112,3.4700,3.4900,3.4300,3.4800,2092600
20131113,3.4200,3.4700,3.4200,3.4700,1504600
20131114,3.4300,3.4400,3.3800,3.4000,1321900
20131115,3.4900,3.5100,3.4000,3.4300,3248900
20131118,3.5600,3.5800,3.4800,3.5100,5550800
20131119,3.5400,3.5600,3.5200,3.5500,3223700
20131120,3.5900,3.5900,3.5200,3.5600,2996200
20131121,3.5700,3.5800,3.5100,3.5500,2079500
20131122,3.6400,3.7500,3.5300,3.5700,8061600
20131125,3.6100,3.6600,3.5500,3.6500,6021700
20131126,3.5800,3.6200,3.5500,3.6000,2945200
20131127,3.5800,3.5900,3.5400,3.5700,3249600
20131128,3.6400,3.6800,3.5700,3.5800,7320900
20131129,3.5900,3.6500,3.5800,3.6500,4786000
20131202,3.4400,3.5600,3.4300,3.5400,4910600
20131203,3.5000,3.5200,3.4300,3.4400,1955900
20131204,3.5400,3.5800,3.4900,3.4900,5685500
20131205,3.5400,3.5500,3.5200,3.5300,2572000
20131206,3.5300,3.5700,3.5200,3.5300,3563000
20131209,3.5400,3.5600,3.5200,3.5300,1312000
20131210,3.5700,3.6000,3.5400,3.5400,3797000
20131211,3.5200,3.5600,3.4800,3.5600,2975400
20131212,3.5400,3.5500,3.5000,3.5200,2348700
20131213,3.5300,3.5600,3.5200,3.5400,1946500
20131216,3.4800,3.5600,3.4600,3.5600,2476100
20131217,3.4400,3.4900,3.4400,3.4900,2101700
20131218,3.4200,3.4700,3.4000,3.4500,2032100
20131219,3.3700,3.4400,3.3700,3.4300,2122200
20131220,3.3200,3.4000,3.3000,3.4000,1860600
20131223,3.2800,3.3500,3.2300,3.3200,2632800
20131224,3.2900,3.3200,3.2500,3.2900,1920900
20131225,3.3000,3.3000,3.2600,3.2900,1684300
20131226,3.1900,3.3000,3.1900,3.3000,2483400
20131227,3.2300,3.2400,3.1900,3.2000,1863000
20131230,3.2400,3.2600,3.2200,3.2400,1643200
20131231,3.2400,3.2600,3.2200,3.2400,1602700
20140101,3.2400,3.2400,3.2400,3.2400,0
20140102,3.2700,3.2800,3.2400,3.2400,1724500
20140103,3.2600,3.2700,3.2000,3.2700,2457400
20140106,3.1700,3.2400,3.1400,3.2200,3510100
20140107,3.2100,3.2700,3.1300,3.1700,3901600
20140108,3.1500,3.2100,3.1300,3.2000,2934500
20140109,3.1400,3.2100,3.0900,3.1400,2713500
20140110,3.0600,3.1400,3.0400,3.1300,1997800
20140113,3.0300,3.0800,3.0000,3.0600,2000700
20140114,3.0800,3.0800,3.0100,3.0300,1212600
20140115,3.1200,3.1300,3.0500,3.0800,1804000
20140116,3.0900,3.1200,3.0500,3.0800,2990900
20140117,3.0400,3.0700,3.0300,3.0700,1119800
20140120,3.0300,3.0500,3.0100,3.0300,900000
20140121,3.0800,3.0800,3.0300,3.0300,1261000
20140122,3.1700,3.1800,3.0600,3.0800,3775700
20140123,3.1700,3.1700,3.1300,3.1600,2396900
20140124,3.2800,3.3100,3.1400,3.1400,7340400
20140127,3.2700,3.3500,3.2000,3.2600,4832500
20140128,3.2300,3.3100,3.2100,3.2700,2476000
20140129,3.2300,3.2500,3.1900,3.2200,2100300
20140130,3.2200,3.2400,3.1900,3.2200,983900
20140131,3.2200,3.2200,3.2200,3.2200,0
20140203,3.2200,3.2200,3.2200,3.2200,0
20140205,3.2200,3.2200,3.2200,3.2200,0
20140206,3.2200,3.2200,3.2200,3.2200,0
20140207,3.2300,3.2400,3.1800,3.2100,1718700
20140210,3.3000,3.3100,3.2300,3.2300,4404200
20140211,3.3000,3.3200,3.2800,3.2900,3155600
20140212,3.3300,3.3300,3.2800,3.3000,4242700
20140213,3.2700,3.3400,3.2500,3.3300,4171700
20140214,3.3100,3.3400,3.2600,3.2900,5107700
20140217,3.3300,3.3500,3.3100,3.3200,6140200
20140218,3.2800,3.3300,3.2600,3.3200,4641500
20140219,3.3000,3.3300,3.2700,3.2800,3568300
20140220,3.2800,3.3300,3.2700,3.3100,4035500
20140221,3.2400,3.3100,3.2100,3.2700,2994000
20140224,3.0800,3.2300,3.0600,3.2300,6194600
20140225,3.0200,3.1000,3.0100,3.0800,4325100
