20130226,3.7800,3.8800,3.7700,3.7800,10902600
20130227,3.7800,3.8200,3.7400,3.7900,7763800
20130228,3.8600,3.8700,3.7600,3.7700,14759300
20130301,3.8400,3.8600,3.8000,3.8600,10823500
20130304,3.5900,3.8100,3.5000,3.8100,18963500
20130305,3.6300,3.6500,3.5500,3.6100,8202300
20130306,3.6800,3.6800,3.5600,3.6300,13496200
20130307,3.7500,3.8400,3.6200,3.6400,19708400
20130308,3.9200,4.0900,3.7000,3.7200,51646400
20130311,3.7700,3.9000,3.7000,3.8800,22213300
20130312,3.6700,3.8200,3.6500,3.7600,15334300
20130313,3.5800,3.7100,3.5600,3.6700,11385300
20130314,3.6300,3.6700,3.5600,3.5800,6867300
20130315,3.5800,3.6700,3.5200,3.6500,8948800
20130318,3.4400,3.5400,3.4000,3.5400,10642500
20130319,3.4800,3.4800,3.3800,3.4400,7264000
20130320,3.6400,3.7600,3.4400,3.4600,15521000
20130321,3.6300,3.6800,3.5500,3.6000,10392300
20130322,3.6400,3.6400,3.5800,3.5900,8799000
20130325,3.6900,3.6900,3.6100,3.6400,10132600
20130326,3.6200,3.6900,3.6100,3.6500,8490300
20130327,3.6600,3.7000,3.6200,3.6200,7690700
20130328,3.5100,3.6400,3.4500,3.6300,7959300
20130329,3.4700,3.5300,3.4500,3.4500,5118000
20130401,3.4800,3.4900,3.4500,3.4700,3584100
20130402,3.4700,3.5300,3.4600,3.4900,5444300
20130403,3.4000,3.5100,3.3700,3.4700,5794500
20130404,3.4000,3.4000,3.4000,3.4000,0
20130405,3.4000,3.4000,3.4000,3.4000,0
20130408,3.3100,3.3800,3.0800,3.3800,8405000
20130409,3.3700,3.3800,3.3000,3.3100,5600300
20130410,3.3400,3.3800,3.3000,3.3600,4924400
20130411,3.3800,3.5100,3.3600,3.3700,10485100
20130412,3.2900,3.4100,3.2600,3.4000,6386400
20130415,3.2700,3.3400,3.2300,3.2700,5119400
20130416,3.3200,3.3300,3.1800,3.2300,4216200
20130417,3.2900,3.3400,3.2700,3.3100,3860000
20130418,3.4700,3.5500,3.2600,3.2900,15393100
20130419,3.4700,3.4800,3.4000,3.4400,11377100
20130422,3.4400,3.4600,3.4000,3.4200,7704100
20130423,3.2900,3.4400,3.2800,3.4400,7583200
20130424,3.3500,3.3600,3.2700,3.2800,6459100
20130425,3.6900,3.6900,3.4400,3.5100,37749500
20130426,3.7900,3.8600,3.6300,3.6900,74517000
20130429,3.7900,3.7900,3.7900,3.7900,0
20130430,3.7900,3.7900,3.7900,3.7900,0
20130501,3.7900,3.7900,3.7900,3.7900,0
20130502,3.6700,3.7500,3.5400,3.7500,29445700
20130503,3.7400,3.8100,3.5900,3.6400,34344500
20130506,3.7700,3.8500,3.6700,3.7000,31532800
20130507,3.9000,4.0400,3.6500,3.7500,48567400
20130508,3.8100,4.0000,3.7700,3.8400,41222700
20130509,3.8000,3.9100,3.7000,3.8200,27154100
20130510,3.9300,3.9900,3.7300,3.7400,42314100
20130513,3.9500,4.0900,3.8200,3.9100,38018700
20130514,3.8400,3.9300,3.7300,3.9200,22493100
20130515,3.7600,3.8200,3.7100,3.8200,14979800
20130516,3.7600,3.8300,3.7300,3.7500,15483300
20130517,3.7700,3.7900,3.7100,3.7800,16667900
20130520,3.8200,3.8300,3.7400,3.7500,18774100
20130521,3.8100,3.8600,3.7700,3.7900,17640100
20130522,3.9000,3.9800,3.8000,3.8100,35133100
20130523,3.7800,3.9000,3.7800,3.9000,17191900
20130524,3.7900,3.8400,3.7600,3.7600,10617300
20130527,3.8200,3.8500,3.7100,3.7600,12180600
20130528,3.8700,3.8800,3.7500,3.8400,16042500
20130529,3.9200,4.0400,3.8300,3.8400,42674300
20130530,3.8400,3.8900,3.8000,3.8800,20019900
20130531,3.7800,3.8800,3.7700,3.8400,13684300
20130603,3.7700,3.8200,3.7500,3.7500,7409000
20130604,3.6600,3.8000,3.6300,3.7600,12906700
20130605,3.6700,3.6900,3.6300,3.6500,5485200
20130606,3.6500,3.7200,3.6400,3.6700,7631700
20130607,3.5100,3.7100,3.4800,3.6500,9466200
20130610,3.5100,3.5100,3.5100,3.5100,0
20130611,3.5100,3.5100,3.5100,3.5100,0
20130612,3.5100,3.5100,3.5100,3.5100,0
20130613,3.3700,3.4700,3.2200,3.4700,7234500
20130614,3.3900,3.4300,3.3400,3.3700,4527400
20130617,3.4000,3.4200,3.3600,3.3900,4112900
20130618,3.4400,3.4800,3.4000,3.4000,5234800
20130619,3.3600,3.4300,3.2900,3.4300,4994400
20130620,3.2400,3.3500,3.2200,3.3500,5838500
20130621,3.2300,3.2500,3.1100,3.1900,4986500
20130624,2.9700,3.2300,2.9100,3.2100,7040000
20130625,2.9100,3.0000,2.6800,2.9400,12016500
20130626,2.9300,2.9700,2.8300,2.9000,9256600
20130627,2.8500,2.9900,2.8400,2.9300,8479100
20130628,2.8700,2.9400,2.8200,2.8500,5559400
20130701,2.8900,2.9000,2.8300,2.8800,4114400
20130702,2.9200,2.9200,2.8600,2.8900,4645400
20130703,2.8600,2.9100,2.7800,2.9100,6367100
20130704,2.8700,2.9200,2.8200,2.8300,7612900
20130705,2.9600,3.0800,2.8700,2.8700,15440500
20130708,2.8100,2.8900,2.8000,2.8700,7816700
20130709,2.8200,2.8500,2.7700,2.8100,5255100
20130710,2.9000,2.9000,2.8000,2.8100,7411200
20130711,2.9700,3.0300,2.8900,2.9100,11305000
20130712,2.9300,3.0500,2.9200,2.9800,7863900
20130715,3.0000,3.0300,2.9500,2.9700,7576500
20130716,3.0400,3.0500,2.9800,3.0000,8537500
20130717,2.9700,3.0400,2.9600,3.0300,7449500
20130718,3.0000,3.1300,2.9300,2.9700,12170600
20130719,2.9100,3.0200,2.9100,2.9900,7855800
20130722,2.9200,2.9300,2.8600,2.9000,3672300
20130723,2.9800,2.9900,2.8900,2.9200,6152200
20130724,2.9900,3.0200,2.9400,2.9700,6554500
20130725,2.9400,3.0000,2.9200,3.0000,5506500
20130726,2.8900,2.9500,2.8800,2.9300,5828400
20130729,2.7900,2.8800,2.7700,2.8800,9993500
20130730,2.8100,2.8300,2.7500,2.7600,5216400
20130731,2.8000,2.8300,2.7900,2.8000,4205300
20130801,3.0000,3.0400,2.7900,2.8100,15661900
20130802,2.9800,3.0700,2.9600,2.9700,19844100
20130805,3.0300,3.0500,2.9400,2.9700,16177700
20130806,3.1300,3.2100,2.9900,3.0000,27562500
20130807,3.0300,3.1100,3.0200,3.0900,16314200
20130808,3.0200,3.0600,3.0000,3.0100,7412500
20130809,3.0100,3.0500,2.9800,3.0300,7917400
20130812,3.0500,3.0500,3.0000,3.0100,9068200
20130813,3.0800,3.1100,3.0200,3.0600,12342600
20130814,3.0900,3.1900,3.0700,3.0700,20904700
20130815,3.0200,3.1300,3.0100,3.0700,13671900
20130816,3.0300,3.1200,3.0100,3.0600,13276500
20130819,3.0600,3.0600,2.9900,3.0100,5535600
20130820,3.0300,3.0800,3.0200,3.0400,6640900
20130821,3.0500,3.0500,3.0100,3.0100,5246000
20130822,3.0300,3.0600,3.0100,3.0400,5071300
20130823,3.2800,3.2900,3.0100,3.0300,37607200
20130826,3.5900,3.6000,3.2100,3.2700,62932100
20130827,3.4900,3.5900,3.4000,3.4500,50579300
20130828,3.3600,3.4400,3.3500,3.4200,23312300
20130829,3.2900,3.3900,3.2600,3.3600,16281700
20130830,3.2700,3.3500,3.2600,3.2800,14994500
20130902,3.3300,3.3600,3.2600,3.2700,11708500
20130903,3.3300,3.3700,3.3000,3.3000,10093000
20130904,3.2600,3.3300,3.2400,3.3200,11713900
20130905,3.2600,3.2900,3.2400,3.2400,5669600
20130906,3.2900,3.3300,3.2300,3.2300,8482200
20130909,3.3200,3.3600,3.2900,3.3000,11370600
20130910,3.3900,3.5200,3.3000,3.3400,22353800
20130911,3.4700,3.5500,3.3300,3.3300,27372600
20130912,3.4400,3.5300,3.4100,3.5100,13113200
20130913,3.3800,3.4700,3.3700,3.4200,10520300
20130916,3.3700,3.4400,3.3600,3.3700,7664500
20130917,3.3100,3.4400,3.3000,3.3800,7277700
20130918,3.3100,3.3500,3.2500,3.3000,7632200
20130920,3.3100,3.3100,3.3100,3.3100,0
20130923,3.3300,3.3400,3.2700,3.3400,7175100
20130924,3.2900,3.3400,3.2700,3.3300,8097700
20130925,3.3000,3.3200,3.2700,3.3000,6413600
20130926,3.1500,3.3000,3.1400,3.2900,9828700
20130927,3.1600,3.2200,3.1500,3.1700,6976000
20130930,3.2700,3.3400,3.1500,3.1600,6528800
20131001,3.2700,3.2700,3.2700,3.2700,0
20131002,3.2700,3.2700,3.2700,3.2700,0
20131003,3.2700,3.2700,3.2700,3.2700,0
20131004,3.2700,3.2700,3.2700,3.2700,0
20131007,3.2700,3.2700,3.2700,3.2700,0
20131008,3.2700,3.3000,3.1900,3.2700,6230000
20131009,3.3100,3.3200,3.2300,3.2600,5628900
20131010,3.3100,3.3700,3.2800,3.2900,8957300
20131011,3.3700,3.4200,3.3100,3.3100,12146900
20131014,3.3800,3.4000,3.3000,3.3600,8627800
20131015,3.3700,3.4200,3.3400,3.3700,7805900
20131016,3.2300,3.3700,3.2100,3.3700,8751600
20131017,3.2800,3.3300,3.2100,3.2400,7300300
20131018,3.2700,3.2800,3.2300,3.2400,4214200
20131021,3.3300,3.3400,3.2600,3.2600,6960200
20131022,3.3700,3.4000,3.3100,3.3300,9019200
20131023,3.3000,3.3800,3.2500,3.3500,8015100
20131024,3.3600,3.4600,3.2300,3.2800,15184500
20131025,3.3400,3.4400,3.3300,3.4000,13327700
20131028,3.3900,3.4000,3.3100,3.3300,8784500
20131029,3.1700,3.4200,3.0500,3.4000,15292800
20131030,3.1900,3.2200,3.1200,3.1700,7302400
20131031,3.1600,3.2400,3.1400,3.1700,4989900
20131101,3.1400,3.1900,3.0900,3.1600,4105900
20131104,3.1300,3.1900,3.1000,3.1400,5040400
20131105,3.1600,3.1600,3.0500,3.1200,5925500
20131106,3.1300,3.1900,3.1200,3.1400,4405300
20131107,3.0800,3.1300,3.0700,3.1300,3781000
20131108,3.0900,3.1100,3.0300,3.0400,4305400
20131111,3.1000,3.1200,3.0700,3.0700,2725000
20131112,3.1100,3.1300,3.0700,3.1100,5492700
20131113,3.0400,3.1100,3.0300,3.1100,4382900
20131114,3.1000,3.1000,3.0200,3.0500,4525000
20131115,3.1100,3.1600,3.0700,3.0700,8208700
20131118,3.1400,3.1600,3.1000,3.1000,10059000
20131119,3.1800,3.1900,3.1300,3.1400,8216900
20131120,3.1700,3.2100,3.1500,3.2000,5345500
20131121,3.1400,3.1800,3.1100,3.1800,7573400
20131122,3.1100,3.1500,3.1100,3.1400,4202500
20131125,3.1400,3.1800,3.0900,3.1100,7771600
20131126,3.1200,3.1600,3.1000,3.1300,3887600
20131127,3.1100,3.1400,3.1000,3.1100,4762300
20131128,3.1500,3.1700,3.1100,3.1200,5918500
20131129,3.1500,3.1700,3.1300,3.1600,4428400
20131202,3.0100,3.1100,3.0000,3.1100,10031000
20131203,3.0600,3.0700,3.0000,3.0200,5147700
20131204,3.0900,3.1100,3.0500,3.0600,5583800
20131205,3.2400,3.3400,3.0800,3.0900,27635800
20131206,3.1500,3.2200,3.1300,3.1900,14598900
20131209,3.1400,3.1700,3.1200,3.1400,5675900
20131210,3.1400,3.1600,3.1200,3.1500,4689000
20131211,3.0900,3.1400,3.0600,3.1400,5946900
20131212,3.0800,3.1000,3.0600,3.0700,2604100
20131213,3.0900,3.1100,3.0700,3.0700,3501700
20131216,3.0400,3.1000,3.0300,3.0900,4213700
20131217,3.0400,3.0600,3.0300,3.0400,2909600
20131218,3.0500,3.0800,3.0400,3.0400,1685800
20131219,3.0300,3.0700,3.0200,3.0600,2904500
20131220,2.9800,3.0500,2.9600,3.0400,4579500
20131223,2.9500,3.0000,2.9000,2.9700,3298400
20131224,2.9600,3.0000,2.9400,2.9500,2475700
20131225,2.9500,2.9800,2.9300,2.9600,2657900
20131226,2.8900,2.9700,2.8800,2.9600,3464300
20131227,2.9200,2.9300,2.8900,2.9000,1715700
20131230,2.9100,2.9500,2.9000,2.9200,2037700
20131231,2.9300,2.9400,2.9000,2.9100,2091200
20140101,2.9300,2.9300,2.9300,2.9300,0
20140102,2.9400,2.9500,2.9100,2.9200,2021200
20140103,2.8900,2.9400,2.8800,2.9400,2737100
20140106,2.8000,2.9000,2.7700,2.9000,3163100
20140107,2.8300,2.8500,2.7800,2.8000,1883200
20140108,2.7600,2.8500,2.7300,2.8300,3521000
20140109,2.7300,2.7800,2.7200,2.7600,2195600
20140110,2.6400,2.7300,2.6300,2.7100,3179000
20140113,2.6000,2.6600,2.5800,2.6400,3284600
20140114,2.8600,2.8600,2.6000,2.6000,6607300
20140115,2.9800,3.0700,2.9000,3.0000,28360500
20140116,2.9100,2.9500,2.8500,2.9500,14426500
20140117,2.9000,2.9900,2.8500,2.9000,13148500
20140120,2.8100,2.9000,2.7700,2.9000,8626800
20140121,2.8200,2.8300,2.7800,2.8000,5759400
20140122,2.8700,2.8800,2.8000,2.8300,7653300
20140123,2.8900,2.9500,2.8500,2.8700,10771300
20140124,2.8900,2.9600,2.8600,2.8700,9079700
20140127,2.8400,2.9100,2.8300,2.8800,8027800
20140128,2.8600,2.8700,2.8300,2.8400,3149000
20140129,2.8500,2.8800,2.8400,2.8500,3250600
20140130,2.8100,2.8500,2.7800,2.8500,3576700
20140131,2.8100,2.8100,2.8100,2.8100,0
20140203,2.8100,2.8100,2.8100,2.8100,0
20140205,2.8100,2.8100,2.8100,2.8100,0
20140206,2.8100,2.8100,2.8100,2.8100,0
20140207,2.8400,2.8500,2.7800,2.8000,3150100
20140210,2.9900,2.9900,2.8300,2.8300,15094200
20140211,2.9600,3.0500,2.9500,2.9800,12474300
20140212,3.0100,3.0400,2.9400,2.9600,10626500
20140213,3.0200,3.1500,2.9800,3.0100,15529700
20140214,3.0300,3.0400,2.9900,3.0000,6554000
20140217,3.0800,3.1100,3.0000,3.0300,10324600
20140218,3.0300,3.0900,2.9900,3.0500,12325200
20140219,3.1500,3.3100,3.0000,3.0300,25613800
20140220,3.0800,3.2000,3.0500,3.1100,15098900
20140221,3.0700,3.1400,3.0300,3.0500,9207300
20140224,2.9900,3.0500,2.9600,3.0500,8451900
20140225,2.9100,3.0200,2.9000,3.0000,7516700
