20130226,6.5200,6.7000,6.5100,6.6300,4584300
20130227,6.6600,6.6800,6.5300,6.5400,4330500
20130228,6.8000,6.8000,6.6500,6.6700,6827000
20130301,6.7800,6.8000,6.6600,6.8000,5179700
20130304,6.1600,6.6000,6.1000,6.6000,10323400
20130305,6.2600,6.3000,6.1000,6.1600,5214700
20130306,6.2900,6.3300,6.2300,6.2700,6072100
20130307,6.2700,6.3400,6.2100,6.3100,5745900
20130308,6.1700,6.2900,6.1500,6.2800,4758200
20130311,6.2200,6.2500,6.1600,6.1800,2709800
20130312,6.1000,6.2800,6.0300,6.2200,4222300
20130313,6.1000,6.1400,6.0300,6.0500,2256900
20130314,6.1200,6.1700,6.0900,6.1000,2449800
20130315,6.0100,6.1400,5.9300,6.1200,5058800
20130318,6.0200,6.0400,5.9800,6.0100,2341500
20130319,6.1200,6.1200,5.9900,6.0200,3584600
20130320,6.2700,6.2900,6.1000,6.1400,5241700
20130321,6.2400,6.3000,6.2000,6.2400,4107200
20130322,6.2700,6.2900,6.2100,6.2400,2936700
20130325,6.2500,6.3100,6.1900,6.2700,3127400
20130326,6.2700,6.3100,6.1800,6.2300,4042500
20130327,6.2800,6.3200,6.2000,6.2700,3995300
20130328,6.0000,6.2600,5.9800,6.2600,4814800
20130329,6.0700,6.1000,6.0000,6.0100,2766400
20130401,6.1500,6.2300,6.0300,6.0600,3335100
20130402,6.2900,6.3000,6.1200,6.1500,6161200
20130403,6.1800,6.3300,6.1300,6.3200,3739400
20130404,6.1800,6.1800,6.1800,6.1800,0
20130405,6.1800,6.1800,6.1800,6.1800,0
20130408,6.0900,6.1000,5.9600,6.0900,2998900
20130409,6.2300,6.2400,6.0900,6.0900,3446900
20130410,6.2000,6.2400,6.1100,6.2300,2522400
20130411,6.2700,6.3100,6.1700,6.2200,4965400
20130412,6.1400,6.2700,6.1200,6.1900,2615200
20130415,6.0800,6.1600,6.0300,6.0900,2321600
20130416,6.2800,6.3000,6.0200,6.0500,4666800
20130417,6.2400,6.3000,6.1600,6.2800,3329300
20130418,6.2200,6.2700,6.1700,6.1900,2477100
20130419,6.3800,6.4000,6.2000,6.2200,8804400
20130422,6.4500,6.4700,6.3000,6.3100,6626300
20130423,6.2600,6.4500,6.2300,6.4500,4247000
20130424,6.3600,6.3700,6.2500,6.2600,4382000
20130425,6.4500,6.8700,6.4100,6.5300,15555400
20130426,6.5600,6.6500,6.4100,6.4100,11026400
20130429,6.5600,6.5600,6.5600,6.5600,0
20130430,6.5600,6.5600,6.5600,6.5600,0
20130501,6.5600,6.5600,6.5600,6.5600,0
20130502,6.6700,6.7600,6.4700,6.4700,10438200
20130503,6.7100,6.7900,6.6100,6.6800,9660200
20130506,6.7200,6.7900,6.6100,6.7100,8791800
20130507,6.6400,6.7500,6.6100,6.7100,6393100
20130508,6.5900,6.6900,6.5400,6.6800,7071200
20130509,6.5100,6.6100,6.4700,6.6000,5993500
20130510,6.7200,6.7500,6.4800,6.4800,9664400
20130513,6.6800,6.7500,6.6400,6.7400,5576400
20130514,6.7700,6.7800,6.6200,6.6900,7920100
20130515,6.7300,6.8000,6.6700,6.7500,4522800
20130516,6.8500,6.8600,6.6400,6.7300,11730600
20130517,6.8600,6.9300,6.8000,6.8300,11232200
20130520,6.8800,6.9700,6.8400,6.8800,8670700
20130521,6.8700,6.9000,6.7900,6.8800,6782900
20130522,6.9500,7.0300,6.8500,6.8800,9289900
20130523,6.7600,6.9500,6.7400,6.9200,7490200
20130524,6.8300,6.8400,6.7100,6.7800,4619600
20130527,6.8000,6.8500,6.7700,6.8100,3933700
20130528,6.9700,6.9800,6.7600,6.8100,8043900
20130529,6.9400,7.1100,6.9200,6.9800,8623300
20130530,6.9000,6.9400,6.8700,6.9300,5744500
20130531,6.8400,6.9200,6.8300,6.9000,4868700
20130603,6.9300,6.9800,6.8400,6.8400,5765300
20130604,6.7300,6.9300,6.7100,6.9000,4930500
20130605,6.8700,7.0000,6.7300,6.7500,8149700
20130606,6.6300,6.7900,6.6100,6.7800,6412900
20130607,6.5200,6.6800,6.5000,6.6300,3841900
20130610,6.5200,6.5200,6.5200,6.5200,0
20130611,6.5200,6.5200,6.5200,6.5200,0
20130612,6.5200,6.5200,6.5200,6.5200,0
20130613,6.2300,6.4800,6.1900,6.4800,3585300
20130614,6.2500,6.3000,6.2100,6.2300,2901200
20130617,6.2000,6.2800,6.1500,6.2600,2393300
20130618,6.2000,6.2700,6.1700,6.2100,2930900
20130619,6.1300,6.1800,6.0300,6.1800,3520400
20130620,6.0000,6.1400,5.9900,6.1300,2576100
20130621,5.9300,6.0000,5.8600,5.8700,3009500
20130624,5.5500,5.9500,5.3700,5.9300,5401700
20130625,5.4300,5.5800,5.0800,5.4900,5540600
20130626,5.5000,5.5600,5.3500,5.4800,2737300
20130627,5.4400,5.6500,5.4000,5.5500,4726600
20130628,5.5600,5.6700,5.4000,5.4400,3912800
20130701,5.6200,5.6200,5.4600,5.5300,2654800
20130702,5.6400,5.7000,5.5500,5.6300,2805900
20130703,5.5200,5.6500,5.4000,5.6500,4089800
20130704,5.6400,5.7000,5.4800,5.5400,4724400
20130705,5.6700,5.7800,5.6300,5.6300,4465300
20130708,5.4900,5.6100,5.4500,5.6100,3950800
20130709,5.5100,5.5400,5.4500,5.4900,1512000
20130710,5.6900,5.7000,5.5100,5.5400,3236000
20130711,5.8600,5.9400,5.6600,5.6800,8199200
20130712,5.7200,5.8800,5.7100,5.8200,4247600
20130715,5.7900,5.8100,5.7100,5.7200,2703100
20130716,5.8400,5.8400,5.7100,5.7600,3341000
20130717,5.8300,5.9700,5.7600,5.8100,4226800
20130718,5.7900,5.8700,5.7200,5.8200,3374500
20130719,5.7300,5.9500,5.7200,5.8000,5121100
20130722,5.7000,5.7700,5.5900,5.7300,3402900
20130723,5.8500,5.8700,5.7000,5.7000,4652900
20130724,5.8300,5.9000,5.6900,5.8800,5308300
20130725,5.6000,5.6700,5.5700,5.6700,2222000
20130726,5.5600,5.6100,5.5200,5.6100,2082000
20130729,5.4300,5.5500,5.4100,5.5300,3279100
20130730,5.4600,5.5200,5.3800,5.4600,2702200
20130731,5.5100,5.6700,5.4700,5.5500,4441400
20130801,5.6100,5.6200,5.4600,5.5300,4481100
20130802,5.6800,5.7300,5.6400,5.6800,5528500
20130805,5.7200,5.7400,5.6200,5.6500,3724000
20130806,5.7400,5.7500,5.6600,5.7000,3674800
20130807,5.6700,5.8400,5.6400,5.7100,5819000
20130808,5.6800,5.7300,5.6200,5.6600,2730900
20130809,5.7900,5.9500,5.7400,5.7800,6591100
20130812,5.9100,5.9400,5.8100,5.8300,5948700
20130813,5.9400,5.9600,5.8400,5.9100,5475200
20130814,5.9600,6.0600,5.9300,6.0000,8672400
20130815,5.8500,6.0000,5.8400,5.9600,4848600
20130816,5.8100,6.0000,5.7900,5.8300,5569300
20130819,5.8700,5.8900,5.7200,5.7600,5184900
20130820,5.7900,5.9300,5.7700,5.8800,5145500
20130821,5.8000,5.8100,5.7300,5.8000,2844800
20130822,5.8600,5.9200,5.7800,5.8000,4901100
20130823,5.8600,6.0300,5.7700,5.9200,8336600
20130826,6.3500,6.4400,5.8200,5.8700,23191300
20130827,6.4900,6.7500,6.3000,6.3800,24509900
20130828,6.6700,6.8400,6.3500,6.4000,27981300
20130829,6.5300,6.7300,6.4300,6.6500,16783800
20130830,6.7300,6.9700,6.5600,6.5800,22465600
20130902,7.0400,7.0700,6.3000,6.9000,29282000
20130903,7.2000,7.3600,6.7000,7.0000,35506900
20130904,7.0800,7.2200,6.9900,7.0900,19651600
20130905,6.9000,7.0800,6.8100,7.0100,14815800
20130906,7.2200,7.3500,6.9300,6.9500,28464000
20130909,7.1100,7.2900,7.0500,7.1700,23571800
20130910,7.6600,7.8200,7.0500,7.0700,44779600
20130911,7.4800,7.6700,7.3900,7.5800,23405500
20130912,7.5100,7.7100,7.3500,7.3800,15774000
20130913,7.2700,7.5600,7.2000,7.4900,15631700
20130916,7.1400,7.4000,7.0800,7.3800,12095600
20130917,6.7500,7.1400,6.7000,7.1300,11543400
20130918,6.9000,6.9400,6.7500,6.7700,8001100
20130920,6.9000,6.9000,6.9000,6.9000,0
20130923,7.0800,7.1800,6.9000,6.9400,11009000
20130924,7.4500,7.7700,7.0200,7.0700,25032400
20130925,7.2100,7.5900,7.1300,7.3600,23594000
20130926,6.7000,7.2000,6.6800,7.2000,14788700
20130927,6.7400,6.7800,6.5600,6.6900,6061800
20130930,6.8300,6.8700,6.7500,6.7500,5010100
20131001,6.8300,6.8300,6.8300,6.8300,0
20131002,6.8300,6.8300,6.8300,6.8300,0
20131003,6.8300,6.8300,6.8300,6.8300,0
20131004,6.8300,6.8300,6.8300,6.8300,0
20131007,6.8300,6.8300,6.8300,6.8300,0
20131008,6.8600,6.8800,6.6700,6.8200,5912200
20131009,6.8700,6.8900,6.7500,6.8100,7050900
20131010,6.9000,6.9800,6.8200,6.8300,9265200
20131011,7.1900,7.2600,6.9100,6.9100,13151900
20131014,7.1700,7.4000,7.1200,7.2100,11395800
20131015,7.2700,7.2800,7.0200,7.1900,10092900
20131016,6.8800,7.2000,6.8400,7.1800,9677100
20131017,6.7500,6.9800,6.7200,6.9200,5874900
20131018,6.7700,6.8400,6.7200,6.7200,2969500
20131021,6.9600,7.0500,6.7600,6.7600,5514500
20131022,6.7900,6.9900,6.7600,6.9900,6825600
20131023,6.5800,6.8500,6.5600,6.8200,6793600
20131024,6.6000,6.6800,6.5800,6.6000,3413300
20131025,6.4800,6.7100,6.4500,6.6500,4836300
20131028,6.5200,6.5300,6.4300,6.4800,2614300
20131029,6.3300,6.5700,6.1700,6.5300,5030100
20131030,6.4000,6.4100,6.2700,6.3400,3349700
20131031,6.4200,6.5600,6.4000,6.4200,4306100
20131101,6.3700,6.4300,6.2600,6.4200,3324600
20131104,6.4100,6.5000,6.3800,6.4800,2150700
20131105,6.4500,6.4500,6.2900,6.4100,2806300
20131106,6.3100,6.4300,6.3000,6.4300,3355800
20131107,6.2200,6.3200,6.2000,6.2700,3590400
20131108,6.1000,6.2300,6.0000,6.2200,3780100
20131111,6.0500,6.1200,5.9800,6.0800,2390400
20131112,6.1400,6.1600,6.0300,6.0500,2427500
20131113,5.9800,6.1400,5.9800,6.1100,2427000
20131114,6.0200,6.0400,5.9500,5.9900,1844000
20131115,6.1900,6.2400,6.0000,6.0000,4495600
20131118,6.3300,6.3400,6.1700,6.2000,4421800
20131119,6.3900,6.4400,6.3500,6.3700,4340400
20131120,6.3600,6.4100,6.3200,6.3900,4023100
20131121,6.3700,6.3900,6.3100,6.3500,3126000
20131122,6.3100,6.3800,6.2600,6.3600,4134000
20131125,6.4000,6.4400,6.1900,6.2700,5503200
20131126,6.3800,6.4500,6.3300,6.3800,4311400
20131127,6.4200,6.4400,6.3500,6.3800,3539500
20131128,6.4700,6.5200,6.4100,6.4500,5284400
20131129,6.3800,6.4700,6.3600,6.4600,4247900
20131202,6.0700,6.2900,6.0000,6.2900,6296900
20131203,6.1800,6.2100,6.0200,6.0200,4038900
20131204,6.4400,6.5300,6.1300,6.1600,10411700
20131205,6.4000,6.4900,6.3500,6.4300,5289300
20131206,6.4100,6.4500,6.3600,6.4100,3991600
20131209,6.5400,6.5800,6.4200,6.4500,7809600
20131210,6.7700,6.9500,6.5800,6.5900,15221100
20131211,6.5600,6.7100,6.5000,6.7100,7664900
20131212,6.6800,6.7800,6.5700,6.5800,7834900
20131213,6.6100,6.7100,6.5900,6.6600,4779600
20131216,6.5400,6.7400,6.4800,6.6600,6714200
20131217,6.4300,6.6100,6.4100,6.4900,5139900
20131218,6.4200,6.4700,6.3900,6.4500,2728500
20131219,6.2400,6.4700,6.2300,6.4300,3650500
20131220,6.2000,6.3600,6.1200,6.2400,3442800
20131223,6.0900,6.2000,6.0000,6.1800,3003400
20131224,6.1200,6.2000,6.0700,6.1200,2153600
20131225,6.1400,6.1600,6.0800,6.1100,2367200
20131226,6.0100,6.1700,5.9800,6.1500,4133600
20131227,6.0700,6.1000,5.9800,6.0200,3996600
20131230,6.0900,6.1400,6.0600,6.0600,3041400
20131231,6.1700,6.1700,6.0200,6.0800,3404200
20140101,6.1700,6.1700,6.1700,6.1700,0
20140102,6.1500,6.2000,6.1200,6.1500,2694100
20140103,6.0500,6.1900,6.0200,6.1500,2950900
20140106,5.7400,6.0300,5.7200,6.0100,4253100
20140107,5.7300,5.8300,5.6500,5.7400,2185800
20140108,5.6500,5.7700,5.6500,5.7300,2405100
20140109,5.5900,5.7200,5.5800,5.6400,2714900
20140110,5.4900,5.5900,5.4800,5.5900,2280400
20140113,5.5100,5.5400,5.4500,5.4900,1776700
20140114,5.5900,5.6000,5.4900,5.5200,1697200
20140115,5.5900,5.6000,5.5200,5.6000,1448600
20140116,5.6500,5.6800,5.5500,5.5900,2034200
20140117,5.5400,5.6400,5.5400,5.6200,1713900
20140120,5.5500,5.5700,5.5100,5.5100,1256700
20140121,5.6200,5.6600,5.5800,5.5800,1546000
20140122,5.8000,5.8100,5.6400,5.6500,4160500
20140123,5.7500,5.8000,5.7400,5.8000,2400000
20140124,5.8200,5.8600,5.7500,5.7500,2996300
20140127,5.7900,5.8800,5.7600,5.7900,3077700
20140128,5.8000,5.8500,5.7700,5.8000,1916400
20140129,5.8200,5.8400,5.7600,5.8200,2028100
20140130,5.8100,5.8500,5.7400,5.8200,2532200
20140131,5.8100,5.8100,5.8100,5.8100,0
20140203,5.8100,5.8100,5.8100,5.8100,0
20140205,5.8100,5.8100,5.8100,5.8100,0
20140206,5.8100,5.8100,5.8100,5.8100,0
20140207,5.8700,5.8700,5.7500,5.7700,2541000
20140210,6.0400,6.0600,5.8700,5.8700,5420700
20140211,6.0600,6.0800,6.0000,6.0100,5006800
20140212,6.1700,6.1800,6.0100,6.0600,5876000
20140213,6.1000,6.2100,6.0800,6.1600,5130600
20140214,6.1500,6.1600,6.0700,6.1100,3649400
20140217,6.2500,6.2800,6.1600,6.1600,4979000
20140218,6.2000,6.3300,6.1200,6.2500,8192200
20140219,6.2000,6.2600,6.1500,6.1800,5509900
20140220,6.1400,6.2600,6.1200,6.2000,4567500
20140221,6.0200,6.1600,5.9700,6.1200,3979100
20140224,5.7700,5.9900,5.7300,5.9800,5879200
20140225,5.6000,5.7900,5.5200,5.7600,5257200
