20130226,8.9000,9.1100,8.8000,8.8300,13497100
20130227,9.1100,9.1400,8.9400,8.9400,14851800
20130228,9.1800,9.1800,9.0400,9.1500,13267700
20130301,9.1200,9.1600,9.0000,9.1500,10945100
20130304,8.9400,9.2300,8.8600,9.0800,13349400
20130305,8.9700,8.9900,8.8700,8.9400,8824500
20130306,9.0400,9.1300,8.9100,8.9500,12924300
20130307,8.9900,9.1200,8.9100,9.0000,10026400
20130308,8.7700,9.0800,8.7400,9.0100,13111000
20130311,8.8200,8.8700,8.6700,8.7800,6333200
20130312,8.7300,8.9900,8.5500,8.8500,14858500
20130313,8.4900,8.7600,8.4500,8.6100,14570800
20130314,8.5300,8.6500,8.4700,8.4700,5749800
20130315,8.5500,8.7500,8.4900,8.5200,9081500
20130318,8.7000,8.7600,8.5400,8.5900,7928200
20130319,8.8300,8.8300,8.6600,8.7300,11158700
20130320,8.8800,8.9100,8.7900,8.8500,6881500
20130321,9.1000,9.1800,8.8600,8.9200,16075200
20130322,9.0700,9.1900,9.0500,9.1000,8989800
20130325,9.3400,9.3500,9.0800,9.1300,16783600
20130326,9.2800,9.3700,9.2000,9.2900,8806900
20130327,9.3100,9.4300,9.2700,9.3000,9792700
20130328,9.0800,9.2800,9.0300,9.2500,9582400
20130329,9.2200,9.2900,9.0600,9.1100,10081900
20130401,9.0500,9.2000,8.9800,9.1900,9425200
20130402,9.0800,9.2500,8.9900,9.0700,10795500
20130403,9.2400,9.3200,9.0600,9.0700,11415300
20130404,9.2400,9.2400,9.2400,9.2400,0
20130405,9.2400,9.2400,9.2400,9.2400,0
20130408,9.4500,9.5300,9.1300,9.1500,19671500
20130409,9.5000,9.5500,9.3500,9.4800,10108800
20130410,9.5000,9.7200,9.2800,9.6600,18067400
20130411,9.3900,9.5300,9.3700,9.5100,6639700
20130412,9.4300,9.5100,9.3200,9.3900,7417600
20130415,9.1000,9.4400,9.0700,9.4300,14423500
20130416,8.9000,9.1400,8.7400,9.1000,17881700
20130417,8.9300,9.0000,8.8400,8.9000,6312200
20130418,8.9500,8.9800,8.8500,8.9800,4818500
20130419,9.1400,9.2000,8.9100,8.9500,8068500
20130422,8.9800,9.1400,8.8000,9.0600,17416900
20130423,8.9000,9.0700,8.8500,9.0100,11601500
20130424,8.9900,9.0300,8.8500,8.9100,10112200
20130425,8.8000,9.0100,8.8000,9.0000,11903200
20130426,8.9800,8.9900,8.7500,8.8300,7642500
20130429,8.9800,8.9800,8.9800,8.9800,0
20130430,8.9800,8.9800,8.9800,8.9800,0
20130501,8.9800,8.9800,8.9800,8.9800,0
20130502,9.2000,9.2100,8.9200,8.9800,9435500
20130503,9.2200,9.3100,9.1600,9.2000,8566600
20130506,9.3200,9.3500,9.1800,9.2500,7317500
20130507,9.4900,9.6200,9.3400,9.3500,15079500
20130508,9.4800,9.5300,9.3400,9.5200,9607100
20130509,9.3800,9.4700,9.2700,9.4200,8379800
20130510,9.6100,9.6400,9.3600,9.3700,15856000
20130513,9.6900,9.7500,9.5100,9.6300,11405300
20130514,9.5900,9.7500,9.4800,9.6600,8267600
20130515,9.5700,9.6700,9.5100,9.5800,6717400
20130516,10.0300,10.0600,9.5000,9.5500,25523800
20130517,10.2500,10.3500,9.9600,10.0300,20991000
20130520,10.2600,10.3600,10.1600,10.2600,14897500
20130521,10.1700,10.3700,10.0900,10.3600,12123200
20130522,10.1700,10.3200,10.0500,10.2300,13644000
20130523,10.1800,10.4600,10.1000,10.1000,15564400
20130524,10.2900,10.3500,10.1600,10.2800,7306500
20130527,10.4000,10.5100,10.2500,10.3500,11039900
20130528,11.2300,11.4400,10.3200,10.4000,38825300
20130529,11.2500,11.3800,10.9600,11.1900,21063900
20130530,11.2800,11.5200,11.1100,11.1800,16043600
20130531,11.2900,11.4500,11.1300,11.3300,10108500
20130603,11.3000,11.6800,11.2300,11.2900,19775500
20130604,10.9100,11.3000,10.8300,11.3000,20758700
20130605,10.9000,11.0600,10.8400,10.8700,6411400
20130606,11.1200,11.3500,10.8600,10.9000,16532300
20130607,10.9100,11.2500,10.7800,11.0800,14766900
20130610,10.9100,10.9100,10.9100,10.9100,0
20130611,10.9100,10.9100,10.9100,10.9100,0
20130612,10.9100,10.9100,10.9100,10.9100,0
20130613,10.8700,11.0100,10.4700,10.7200,14688200
20130614,10.8500,11.0600,10.8000,10.8700,9746300
20130617,10.6400,10.9300,10.6200,10.9100,10384900
20130618,10.5000,10.7300,10.4300,10.6200,12076900
20130619,10.2200,10.4900,10.0000,10.4900,16198300
20130620,9.9200,10.2000,9.8300,10.1200,12986900
20130621,10.0100,10.1100,9.5300,9.8000,10500400
20130624,9.6600,10.0300,9.2900,9.9300,14010900
20130625,10.0000,10.0300,9.2800,9.5400,18200700
20130626,10.0200,10.1100,9.8300,10.0700,13136600
20130627,10.0500,10.2200,9.9800,10.0500,12479700
20130628,10.1700,10.3600,9.9400,10.0000,12139500
20130701,10.3000,10.3300,10.0200,10.1900,7154100
20130702,10.3600,10.3700,10.2200,10.3000,6830900
20130703,10.4200,10.4700,10.1900,10.3600,8867200
20130704,10.4000,10.5600,10.2200,10.3000,9212100
20130705,10.2400,10.4700,10.1700,10.4400,9529600
20130708,9.9900,10.1800,9.9700,10.1800,6830800
20130709,10.2100,10.2400,9.9500,10.0000,5560400
20130710,10.5300,10.7900,10.4000,10.4200,15628300
20130711,10.8600,10.9700,10.5900,10.5900,18944400
20130712,10.6700,10.9700,10.6400,10.9500,13312400
20130715,10.7100,10.8600,10.5900,10.6500,9963600
20130716,10.8100,10.9500,10.7100,10.7500,9164200
20130717,10.5900,10.7800,10.5500,10.7000,10659400
20130718,10.5000,10.6200,10.3500,10.5900,6163700
20130719,10.2000,10.6400,10.1700,10.5900,10981800
20130722,10.4700,10.5500,10.0400,10.1600,7475000
20130723,10.7700,10.7700,10.4400,10.4900,10008200
20130724,10.7000,10.8600,10.5900,10.7700,8687800
20130725,10.6200,10.8200,10.5600,10.7500,5632100
20130726,10.6200,10.7200,10.5300,10.5800,6737200
20130729,10.4200,10.6800,10.3500,10.6800,7778900
20130730,10.4700,10.5500,10.3400,10.3800,5819900
20130731,10.5800,10.6000,10.4100,10.4100,4929900
20130801,10.7800,10.8400,10.5200,10.5500,6859200
20130802,10.9800,11.0500,10.7400,10.8300,11733100
20130805,11.3300,11.4200,10.9500,10.9800,11936200
20130806,11.9100,12.0500,11.2200,11.2600,26264000
20130807,11.7400,11.9300,11.6500,11.9000,12810900
20130808,11.8000,12.0300,11.6500,11.7400,10829100
20130809,11.6800,11.9300,11.5000,11.8500,10260100
20130812,11.9500,11.9600,11.6100,11.8200,8870100
20130813,12.1100,12.1800,11.8100,11.9200,11112400
20130814,11.8000,12.0900,11.7500,12.0600,8607700
20130815,11.5000,11.8700,11.4800,11.8400,8237100
20130816,11.5800,12.6500,11.4100,11.5000,14126100
20130819,11.8900,11.9300,11.4100,11.4100,9553600
20130820,11.8100,11.9400,11.7300,11.8900,6662100
20130821,11.7200,11.9100,11.5900,11.9100,6583000
20130822,11.6400,11.8500,11.6200,11.7200,5487400
20130823,11.7300,11.7500,11.5200,11.6300,6056600
20130826,11.7700,11.8700,11.6500,11.7300,8852000
20130827,12.0400,12.0500,11.7000,11.7700,8147200
20130828,11.9100,12.2700,11.9000,12.0600,10821800
20130829,12.0400,12.0800,11.8600,11.9900,4939000
20130830,11.8200,12.0600,11.7700,12.0000,9427400
20130902,11.7000,11.8500,11.6200,11.8500,10953100
20130903,11.7400,11.8000,11.6700,11.7700,6843100
20130904,11.7400,11.8800,11.7000,11.7100,4851700
20130905,11.4100,11.7500,11.3800,11.7500,11881400
20130906,11.4400,11.5600,11.3800,11.4300,7434300
20130909,11.5500,11.6400,11.2800,11.4200,9738500
20130910,11.5500,11.7300,11.4400,11.5100,9755500
20130911,11.4800,11.5900,11.3500,11.5900,8161300
20130912,11.6200,11.6600,11.3700,11.4700,8848300
20130913,11.8800,11.9100,11.5000,11.6200,11075700
20130916,11.7000,11.9900,11.6300,11.9000,8049200
20130917,11.6000,11.7300,11.4000,11.6800,6506500
20130918,11.3800,11.5800,11.2600,11.5100,6828400
20130920,11.3800,11.3800,11.3800,11.3800,0
20130923,11.3600,11.4800,11.3000,11.4100,7956400
20130924,11.2900,11.4900,11.2700,11.3800,6772000
20130925,11.3400,11.4700,11.3000,11.3000,5398800
20130926,10.8700,11.3400,10.8500,11.3200,8632200
20130927,11.0800,11.1600,10.8800,10.9000,5341500
20130930,11.2600,11.4200,11.0900,11.1800,7817400
20131001,11.2600,11.2600,11.2600,11.2600,0
20131002,11.2600,11.2600,11.2600,11.2600,0
20131003,11.2600,11.2600,11.2600,11.2600,0
20131004,11.2600,11.2600,11.2600,11.2600,0
20131007,11.2600,11.2600,11.2600,11.2600,0
20131008,11.3300,11.4200,11.2000,11.4200,4655800
20131009,11.3200,11.4300,11.1600,11.3300,7414000
20131010,11.6000,11.8300,11.4600,11.5500,19405700
20131011,11.6300,11.7100,11.4600,11.7100,11557100
20131014,11.7700,11.8400,11.6000,11.6600,11162300
20131015,11.7900,11.8900,11.6100,11.7100,9361400
20131016,11.6000,11.8000,11.5400,11.7500,7919600
20131017,11.5000,11.6900,11.4500,11.6300,9813800
20131018,11.5900,11.6000,11.5000,11.5000,3895100
20131021,11.6600,11.7400,11.4800,11.6300,9031400
20131022,11.8400,12.0500,11.5900,11.6900,15762300
20131023,11.8900,12.2800,11.6000,11.9100,18879900
20131024,11.6800,11.8600,11.6000,11.8000,6218500
20131025,11.4700,11.7300,11.3800,11.6500,8016900
20131028,11.5700,11.6100,11.2200,11.4400,6470500
20131029,11.7700,11.8500,11.4000,11.5800,13889000
20131030,12.1500,12.6400,11.7100,11.7700,40665000
20131031,11.7200,12.1000,11.6500,12.1000,19918900
20131101,11.8500,11.9800,11.6600,11.6600,10725400
20131104,11.9000,12.0800,11.8000,11.9300,14186000
20131105,11.9000,11.9500,11.7000,11.8100,9125800
20131106,11.9700,12.5200,11.7700,11.8300,24079000
20131107,11.8700,12.2600,11.8400,11.9200,13764700
20131108,11.7500,11.9500,11.7100,11.8600,11280300
20131111,11.9000,11.9600,11.7500,11.9000,7581000
20131112,11.7100,11.9600,11.6400,11.8800,13987000
20131113,11.3700,11.7300,11.3300,11.6900,10824800
20131114,11.3500,11.5200,11.2800,11.3500,9144700
20131115,11.4700,11.6200,11.3600,11.3600,8894700
20131118,11.6300,11.6500,11.3300,11.5800,11976100
20131119,11.7300,11.8000,11.5800,11.6000,8342000
20131120,11.7400,11.8500,11.4500,11.7800,10676600
20131121,11.5900,11.6600,11.5000,11.6600,6357300
20131122,11.3800,11.6400,11.3700,11.6100,8127200
20131125,11.4400,11.5700,11.2900,11.3600,5741500
20131126,11.4600,11.5500,11.3900,11.4500,5677800
20131127,11.4300,11.5000,11.3300,11.4000,6184400
20131128,11.6000,11.6500,11.4400,11.4900,7286600
20131129,11.6700,11.7200,11.2900,11.6100,8668900
20131202,11.6800,11.9500,11.4800,11.4800,12696400
20131203,11.9300,12.0100,11.6000,11.6000,20829100
20131204,11.9900,12.1700,11.8500,11.9100,13897600
20131205,11.8700,11.9900,11.8100,11.9900,6779000
20131206,11.7800,11.9300,11.7000,11.8300,5996500
20131209,11.9400,12.0300,11.8000,11.8000,8614500
20131210,11.9300,12.0500,11.9000,11.9700,8970700
20131211,11.7400,11.9300,11.7200,11.8800,5645500
20131212,11.7500,11.8800,11.7200,11.7900,3850700
20131213,11.7100,11.8100,11.6300,11.7500,3751500
20131216,11.5200,11.7800,11.4400,11.6800,6872200
20131217,11.5000,11.5700,11.4400,11.5200,3746800
20131218,11.5500,11.5700,11.4600,11.5100,6517400
20131219,11.5100,11.5900,11.4500,11.5500,6955300
20131220,11.3500,11.5500,11.3100,11.5500,8848800
20131223,11.2700,11.4400,11.2300,11.3900,3874900
20131224,11.3700,11.4400,11.3200,11.3300,5667600
20131225,11.4600,11.4700,11.3200,11.3900,2958900
20131226,11.2000,11.4800,11.1900,11.4500,4140000
20131227,11.2400,11.3500,11.1300,11.2300,4450300
20131230,11.0800,11.3400,11.0200,11.3000,9205800
20131231,11.1600,11.2800,10.9600,10.9600,5051600
20140101,11.1600,11.1600,11.1600,11.1600,0
20140102,11.2400,11.2900,11.1100,11.1500,2514300
20140103,11.1800,11.2600,11.0300,11.1500,3637100
20140106,10.7900,11.1700,10.7800,11.1100,6168600
20140107,10.3800,10.7700,10.2300,10.7300,17205600
20140108,10.3600,10.4500,10.1000,10.3600,9827800
20140109,10.3100,10.3900,10.2300,10.2900,4637500
20140110,10.1300,10.3400,10.0000,10.2500,7510900
20140113,10.5200,10.5500,10.2300,10.2500,8013800
20140114,10.7700,10.8100,10.4800,10.5000,7687200
20140115,10.6800,10.7700,10.6100,10.7700,4139700
20140116,10.7000,10.7300,10.5700,10.6400,6067200
20140117,10.4300,10.7300,10.4300,10.7300,4959200
20140120,10.0800,10.4500,10.0100,10.4500,12127700
20140121,10.2000,10.3300,10.0100,10.1300,8655300
20140122,10.3700,10.4000,10.1300,10.2000,7430800
20140123,10.5200,10.8300,10.4100,10.4500,9671000
20140124,10.3600,10.6500,10.2900,10.5800,19301700
20140127,10.3000,10.3700,10.1800,10.3000,5382900
20140128,10.4600,10.5600,10.3100,10.3500,9823200
20140129,10.7400,10.8500,10.5000,10.5000,11260000
20140130,10.5900,10.7700,10.5300,10.7400,5616600
20140131,10.5900,10.5900,10.5900,10.5900,0
20140203,10.5900,10.5900,10.5900,10.5900,0
20140205,10.5900,10.5900,10.5900,10.5900,0
20140206,10.5900,10.5900,10.5900,10.5900,0
20140207,10.7000,10.7200,10.4800,10.5100,4658600
20140210,10.8400,11.0400,10.6500,10.6800,10055000
20140211,10.7900,10.9400,10.7300,10.8200,10390900
20140212,10.8300,10.8800,10.7200,10.8500,5815400
20140213,10.5500,10.8500,10.5300,10.8000,12786800
20140214,10.8400,10.8900,10.5100,10.5300,9710800
20140217,10.8500,10.9600,10.7700,10.8700,7335300
20140218,10.9600,10.9800,10.7700,10.8400,10419000
20140219,10.9800,11.0400,10.8300,10.8900,7332400
20140220,11.0400,11.0600,10.8500,10.9200,12328500
20140221,11.1200,11.2200,11.0000,11.0600,10785100
20140224,10.8700,11.0900,10.8000,11.0800,9039300
20140225,10.6900,10.9400,10.5000,10.8300,8027700
