20130226,7.0000,7.4000,6.7700,6.8500,5373400
20130227,7.0400,7.1400,6.8800,7.0100,2809600
20130228,7.0800,7.1000,6.8800,7.0400,3052400
20130301,7.1000,7.1300,6.9300,7.0800,2918800
20130304,6.8200,7.0800,6.6000,7.0800,4015200
20130305,6.6800,6.7600,6.2600,6.2600,5274500
20130306,6.5200,6.6900,6.4500,6.5800,4552600
20130307,6.6000,6.8500,6.4800,6.5100,4421300
20130308,6.5300,6.7200,6.5200,6.5900,1683300
20130311,6.5500,6.6500,6.5100,6.5600,1211700
20130312,6.4900,6.6700,6.4500,6.5700,2570900
20130313,6.2200,6.4900,6.2100,6.4800,2323200
20130314,6.2800,6.3800,6.2100,6.2100,1332500
20130315,6.3300,6.4300,6.2500,6.2800,1124900
20130318,6.2200,6.3800,6.2000,6.3500,998100
20130319,6.3800,6.4000,6.2200,6.3200,1440400
20130320,7.0200,7.0200,6.3000,6.3500,13488900
20130321,7.2100,7.3100,6.9000,7.0200,15874200
20130322,7.0500,7.1500,6.9800,7.0900,7204100
20130325,7.1100,7.2500,7.0300,7.0500,7768900
20130326,7.1500,7.2300,6.9500,7.1000,5631200
20130327,7.0100,7.1900,6.9400,7.1500,4573800
20130328,6.7600,6.9500,6.7100,6.9500,3904100
20130329,6.7300,6.8700,6.7200,6.7500,2479000
20130401,6.8200,6.8700,6.7000,6.7000,2222500
20130402,6.7400,6.9300,6.7200,6.8000,2658600
20130403,6.6200,6.7800,6.5700,6.7200,2598600
20130404,6.6200,6.6200,6.6200,6.6200,0
20130405,6.6200,6.6200,6.6200,6.6200,0
20130408,6.6200,6.6400,6.3600,6.5900,1801200
20130409,6.9700,7.1200,6.5500,6.6800,5795700
20130410,6.9000,6.9900,6.7900,6.9200,2879900
20130411,6.9400,7.0900,6.8600,6.9100,3826400
20130412,6.8100,7.0000,6.7800,6.9600,2742100
20130415,6.7500,6.8400,6.6400,6.8000,1495500
20130416,6.8800,6.9100,6.6100,6.7000,1775400
20130417,6.9000,7.0800,6.8000,6.9800,2788100
20130418,7.1800,7.2200,6.7900,6.8000,7231700
20130419,7.2200,7.2400,7.0800,7.1500,5623200
20130422,7.2300,7.3200,7.1000,7.2000,4582100
20130423,6.9800,7.2500,6.9600,7.2500,4100300
20130424,7.0900,7.1600,6.9200,6.9200,2838900
20130425,6.9700,7.1500,6.9000,7.0900,3896800
20130426,6.5400,7.0200,6.4900,6.9400,5367800
20130429,6.5400,6.5400,6.5400,6.5400,0
20130430,6.5400,6.5400,6.5400,6.5400,0
20130501,6.5400,6.5400,6.5400,6.5400,0
20130502,6.5700,6.7100,6.4200,6.5300,1705600
20130503,6.6600,6.7000,6.5200,6.5200,1622300
20130506,6.7100,6.7200,6.6200,6.7000,1492800
20130507,6.8200,6.8400,6.6000,6.6600,2302000
20130508,6.8200,6.8200,6.8200,6.8200,0
20130509,6.8200,6.8200,6.8200,6.8200,0
20130510,6.8200,6.8200,6.8200,6.8200,0
20130513,6.8200,6.8200,6.8200,6.8200,0
20130514,6.8200,6.8200,6.8200,6.8200,0
20130515,6.1400,6.1400,6.1400,6.1400,1998500
20130516,6.0500,6.0700,5.7300,5.7800,18288700
20130517,5.9400,5.9600,5.8200,5.8900,10908000
20130520,5.9100,5.9400,5.8300,5.9000,8126400
20130521,6.5000,6.5000,5.9200,5.9200,18570000
20130522,6.4000,6.5900,6.3300,6.4900,12017100
20130523,6.4500,6.4800,6.2600,6.2600,4444900
20130524,6.5100,6.5200,6.3900,6.4300,3949400
20130527,6.4100,6.5600,6.3600,6.4900,5028700
20130528,6.2900,6.3800,6.1900,6.3800,5249100
20130529,6.3600,6.4500,6.2400,6.2900,5151500
20130530,6.3100,6.4300,6.2500,6.3000,3089700
20130531,6.3300,6.3900,6.1900,6.2900,4687600
20130603,6.4500,6.5000,6.2400,6.3000,7248300
20130604,6.2700,6.4900,6.1000,6.4100,4467900
20130605,6.2000,6.3000,6.1700,6.2200,2194400
20130606,6.1000,6.2000,6.0500,6.1400,2534200
20130607,5.9700,6.1500,5.9400,6.0700,3320100
20130610,5.9700,5.9700,5.9700,5.9700,0
20130611,5.9700,5.9700,5.9700,5.9700,0
20130612,5.9700,5.9700,5.9700,5.9700,0
20130613,5.7100,6.0100,5.6600,5.8500,4219800
20130614,5.8200,5.9400,5.7100,5.7100,2646300
20130617,5.9600,6.2200,5.8000,5.8100,3950300
20130618,5.9900,6.0500,5.9200,5.9300,1691800
20130619,6.0200,6.0200,5.8000,6.0000,1647800
20130620,5.8700,5.9900,5.8300,5.9900,1493600
20130621,6.1400,6.3500,5.8800,5.9000,8377400
20130624,5.6600,6.0900,5.5300,6.0000,5443000
20130625,5.4300,5.7800,5.0900,5.6800,6570600
20130626,5.3900,5.4600,5.2000,5.4400,3595000
20130627,5.4000,5.8500,5.3100,5.4300,5586900
20130628,5.4800,5.5200,5.2800,5.2800,2422200
20130701,5.5300,5.6000,5.3200,5.4100,3381300
20130702,5.5400,5.6000,5.4400,5.4600,2466700
20130703,5.3900,5.5000,5.3500,5.5000,1702400
20130704,5.4500,5.5200,5.3100,5.3600,2963800
20130705,5.4700,5.5400,5.4400,5.4600,2471100
20130708,5.2000,5.4900,5.1900,5.4700,2950700
20130709,5.0400,5.2400,5.0100,5.2100,2772000
20130710,5.1900,5.2300,5.0400,5.0400,2311700
20130711,5.3300,5.3800,5.1500,5.2400,3054900
20130712,5.3000,5.4300,5.2100,5.3200,3455300
20130715,5.3800,5.4700,5.2700,5.2700,2864100
20130716,5.5800,5.6400,5.3200,5.4000,5465100
20130717,5.4800,5.6200,5.4200,5.5500,3641000
20130718,5.4400,5.5200,5.3900,5.4700,1759200
20130719,5.2800,5.4900,5.2500,5.4300,3002500
20130722,5.2900,5.3300,5.2000,5.2200,1709200
20130723,5.4100,5.4100,5.2000,5.2800,2674300
20130724,5.5000,5.5100,5.3700,5.4100,2515400
20130725,5.5400,5.7300,5.4700,5.4800,5480600
20130726,5.3900,5.5200,5.3100,5.5200,2784700
20130729,5.3500,5.4300,5.3100,5.3500,1553100
20130730,5.2000,5.4000,5.1800,5.2800,3101500
20130731,5.2600,5.3900,5.2100,5.2100,1978000
20130801,5.4000,5.4200,5.2600,5.2700,2060000
20130802,5.3800,5.4500,5.3400,5.4400,2516700
20130805,5.4600,5.4800,5.3500,5.3600,2219200
20130806,5.4900,5.5000,5.3800,5.4600,2394000
20130807,5.4300,5.5100,5.4200,5.4800,1999700
20130808,5.4700,5.5000,5.4100,5.4500,2262300
20130809,5.4700,5.4900,5.3300,5.4700,2355900
20130812,5.6000,5.7100,5.4300,5.4700,6471200
20130813,5.6300,5.6400,5.5000,5.6000,2992600
20130814,5.5800,5.6700,5.5400,5.6500,2613400
20130815,5.6700,5.7900,5.5700,5.6200,5312600
20130816,5.6800,5.9900,5.6100,5.6600,7129400
20130819,6.2500,6.2500,5.7000,5.7000,17001200
20130820,6.4300,6.7800,6.1300,6.2000,28483200
20130821,6.3800,6.4200,6.1300,6.3700,14333800
20130822,6.2300,6.3200,6.1900,6.3200,8830300
20130823,6.0800,6.4700,5.9000,6.2400,11174200
20130826,6.3400,6.4400,5.9400,6.0400,12823300
20130827,6.3900,6.5900,6.2300,6.3300,13611100
20130828,6.5400,6.7400,6.1500,6.2800,20154900
20130829,6.4100,6.5200,6.3000,6.4000,9225500
20130830,6.5300,6.8800,6.1800,6.3400,15731100
20130902,6.2800,6.4600,6.1600,6.4600,8985000
20130903,6.2900,6.3300,6.1800,6.2500,6470100
20130904,6.2700,6.4200,6.1900,6.3000,7397500
20130905,6.0700,6.2600,6.0200,6.2200,8382900
20130906,6.3700,6.5000,6.0800,6.0900,12678100
20130909,6.3800,6.5400,6.3100,6.4000,10990600
20130910,6.6700,6.7700,6.3900,6.3900,17839800
20130911,6.5600,6.6700,6.4300,6.5500,8708400
20130912,6.6400,6.7500,6.4700,6.5500,8098200
20130913,6.5000,6.6900,6.4200,6.6600,5597200
20130916,6.5500,6.6400,6.4000,6.5400,4334200
20130917,6.4300,6.6100,6.3700,6.5500,3863600
20130918,6.7400,6.8400,6.4000,6.4500,10415600
20130920,6.7400,6.7400,6.7400,6.7400,0
20130923,6.7700,6.7900,6.6100,6.7200,8305000
20130924,7.0100,7.2200,6.6600,6.7300,15967200
20130925,6.9100,7.3800,6.8300,6.9200,14869400
20130926,6.8400,7.2400,6.8200,6.8300,9416600
20130927,6.6200,6.9400,6.5000,6.7900,8197600
20130930,6.7500,6.7500,6.5800,6.6200,4651800
20131001,6.7500,6.7500,6.7500,6.7500,0
20131002,6.7500,6.7500,6.7500,6.7500,0
20131003,6.7500,6.7500,6.7500,6.7500,0
20131004,6.7500,6.7500,6.7500,6.7500,0
20131007,6.7500,6.7500,6.7500,6.7500,0
20131008,6.9300,7.0600,6.7800,6.7800,6520800
20131009,6.9000,6.9800,6.7700,6.9500,5445100
20131010,6.6800,6.8800,6.6600,6.8500,5671900
20131011,6.9100,6.9700,6.7000,6.7000,5852900
20131014,7.0000,7.1100,6.8800,6.9400,8278700
20131015,7.2800,7.4800,6.8000,7.0000,14034000
20131016,7.3100,7.4500,7.0100,7.2100,12553100
20131017,7.1100,7.4700,7.0600,7.3000,7824600
20131018,7.5300,7.5500,7.0200,7.1200,14968900
20131021,7.6000,7.7200,7.3500,7.5100,12096200
20131022,7.2900,7.6000,7.2600,7.5500,9014500
20131023,7.0900,7.3900,7.0100,7.2800,6962400
20131024,7.1400,7.2900,7.0600,7.0800,4539100
20131025,6.6700,7.2200,6.4300,7.1800,9508200
20131028,6.7000,6.7400,6.5200,6.6800,3105200
20131029,6.5100,6.8100,6.1500,6.6600,6788300
20131030,6.6000,6.6000,6.4100,6.5000,3175400
20131031,6.5900,6.6600,6.5000,6.6000,2292500
20131101,6.5200,6.6000,6.3200,6.5900,2791000
20131104,6.7100,6.7600,6.4900,6.5300,2357400
20131105,6.8500,6.8800,6.6200,6.6200,2851900
20131106,6.7200,6.9200,6.7000,6.8500,3346300
20131107,6.6300,6.7500,6.6300,6.7100,1622000
20131108,6.5700,6.6500,6.5500,6.6100,1939800
20131111,6.8700,6.9800,6.5600,6.5600,5481800
20131112,6.8500,6.9100,6.7500,6.8800,2294500
20131113,6.6900,6.8900,6.6400,6.8800,2129700
20131114,6.7600,6.7600,6.5500,6.6900,1832500
20131115,6.8500,6.9400,6.7000,6.7600,3402800
20131118,6.9400,6.9700,6.8100,6.8300,5239700
20131119,6.9500,7.0000,6.8600,6.9800,3844100
20131120,7.0400,7.1500,6.9400,6.9400,4760700
20131121,6.9500,7.1000,6.9000,7.1000,3285200
20131122,6.8700,6.9700,6.8400,6.9200,2420600
20131125,6.9200,6.9700,6.7100,6.8700,2939800
20131126,6.9400,7.0000,6.8800,6.9000,2005600
20131127,6.8900,6.9800,6.8600,6.9400,2314600
20131128,6.9000,6.9800,6.8700,6.9300,3124900
20131129,6.8700,6.9500,6.8300,6.9000,2854200
20131202,6.1800,6.6600,6.1800,6.6000,9899400
20131203,6.3000,6.3100,6.1300,6.1800,3239100
20131204,6.3700,6.4500,6.2000,6.3000,4075700
20131205,6.2800,6.3900,6.2700,6.3800,2859500
20131206,6.5500,6.6600,6.2800,6.3000,6124200
20131209,6.4800,6.6200,6.4600,6.5500,2645600
20131210,6.6500,6.8500,6.5100,6.5100,4216900
20131211,6.5200,6.6200,6.4900,6.6200,2260400
20131212,6.5000,6.5700,6.4800,6.5700,2031500
20131213,6.5300,6.5300,6.4000,6.4700,1364700
20131216,6.3700,6.5100,6.3200,6.5100,1554300
20131217,6.3500,6.4500,6.3200,6.3600,1144500
20131218,6.1000,6.1700,5.7500,5.9000,9900200
20131219,5.8200,6.0500,5.7800,5.9700,4351300
20131220,5.9200,6.0200,5.7700,5.8300,3020500
20131223,5.7700,5.9100,5.6800,5.8500,1959300
20131224,5.8900,5.9500,5.8100,5.8700,1778600
20131225,5.9000,5.9800,5.8500,5.8900,1022900
20131226,5.7200,5.9000,5.7100,5.8800,1439700
20131227,5.8100,5.8400,5.7000,5.7300,1294900
20131230,6.0000,6.0600,5.7800,5.8000,3213600
20131231,6.0700,6.1000,5.9200,6.0000,3087900
20140101,6.0700,6.0700,6.0700,6.0700,0
20140102,6.6500,6.6800,6.0200,6.0900,16990600
20140103,6.8200,6.8600,6.5400,6.5500,14337500
20140106,6.6900,6.8200,6.6100,6.7400,8681600
20140107,6.6300,6.8500,6.5600,6.6000,6105600
20140108,6.7000,6.9500,6.6300,6.6800,13535500
20140109,6.4600,6.8100,6.4300,6.6800,8972000
20140110,5.9700,6.4800,5.8100,6.4400,12376600
20140113,5.9000,6.0000,5.8300,5.8700,4143900
20140114,6.0600,6.0800,5.8600,5.8600,3440000
20140115,6.0900,6.1300,6.0200,6.0900,2543000
20140116,6.0800,6.1300,6.0400,6.0800,1672500
20140117,6.0200,6.0800,5.9200,6.0700,2001900
20140120,6.1800,6.2400,6.0100,6.0700,3173100
20140121,6.2900,6.3100,6.1800,6.1800,2125400
20140122,6.3600,6.3700,6.2500,6.2800,1815300
20140123,6.4200,6.4600,6.3000,6.3700,2099000
20140124,6.3400,6.4400,6.2400,6.3800,3861500
20140127,6.5900,6.7200,6.2600,6.3000,6423000
20140128,6.5500,6.6400,6.4700,6.5900,2184500
20140129,6.5300,6.6200,6.5000,6.5200,2604300
20140130,6.5300,6.5700,6.4500,6.5100,1950200
20140131,6.5300,6.5300,6.5300,6.5300,0
20140203,6.5300,6.5300,6.5300,6.5300,0
20140205,6.5300,6.5300,6.5300,6.5300,0
20140206,6.5300,6.5300,6.5300,6.5300,0
20140207,6.7200,6.7600,6.4100,6.4200,4307500
20140210,6.7300,6.8500,6.6500,6.6900,6101500
20140211,6.7900,6.8800,6.7200,6.7700,4959600
20140212,6.8500,6.8900,6.7600,6.8400,3988800
20140213,6.9700,7.1600,6.7800,6.8500,9822100
20140214,6.9800,7.1100,6.9000,6.9700,5069900
20140217,7.0100,7.0900,6.9000,7.0500,5399300
20140218,6.9700,7.0600,6.9100,7.0000,5075300
20140219,6.8900,6.9900,6.8000,6.9300,6047100
20140220,6.9000,7.0100,6.7500,6.8900,4543800
20140221,6.8500,7.0300,6.8000,6.9300,3455300
20140224,6.9000,6.9300,6.7400,6.8300,2887500
20140225,6.9200,7.2000,6.8600,6.8800,9901800
