20130226,8.1900,8.4300,8.1500,8.3100,12804000
20130227,8.2300,8.2800,8.1600,8.2000,9536600
20130228,8.3400,8.4700,8.2000,8.2600,14147300
20130301,8.2300,8.3900,8.1600,8.3500,12301500
20130304,7.9200,8.2000,7.8200,8.2000,14612000
20130305,8.1700,8.2000,7.8700,7.9400,10779700
20130306,8.1100,8.2300,8.0600,8.2200,10744200
20130307,8.1800,8.2600,8.1000,8.1300,8841100
20130308,8.1800,8.2200,8.1300,8.2100,2479200
20130311,8.1000,8.1600,8.0400,8.1600,4571400
20130312,8.1300,8.2700,7.9500,8.1000,8811900
20130313,8.0400,8.1300,7.9300,8.1300,3715600
20130314,8.1800,8.2300,7.9400,7.9400,7541900
20130315,8.3500,8.4200,8.1300,8.1800,16706300
20130318,8.4000,8.4500,8.2300,8.3200,14885000
20130319,8.4200,8.5600,8.3300,8.3400,11767600
20130320,8.4900,8.5000,8.3700,8.4300,14916800
20130321,8.4600,8.5400,8.4200,8.4800,7120700
20130322,8.4700,8.5000,8.3400,8.4600,6254300
20130325,8.3800,8.4900,8.3600,8.4600,5133400
20130326,8.1800,8.3800,8.1400,8.3500,9708700
20130327,8.1900,8.2900,8.1500,8.1700,4851000
20130328,8.0900,8.2400,8.0400,8.1600,6219100
20130329,8.1100,8.1800,8.0600,8.1700,3403900
20130401,8.1300,8.2100,8.0400,8.0700,4740300
20130402,8.1700,8.2000,8.0900,8.1500,2929700
20130403,8.1100,8.2200,8.1000,8.1900,3071200
20130404,8.1100,8.1100,8.1100,8.1100,0
20130405,8.1100,8.1100,8.1100,8.1100,0
20130408,8.1500,8.1900,7.9800,8.0500,5704000
20130409,8.1300,8.2200,8.1000,8.2200,5030700
20130410,8.1500,8.1800,8.1100,8.1300,4275600
20130411,8.0700,8.2000,8.0400,8.2000,5487100
20130412,8.1100,8.1300,8.0200,8.1000,3909100
20130415,7.9900,8.1400,7.9400,8.1100,4977600
20130416,8.0800,8.1000,7.9600,8.0300,3969500
20130417,8.1600,8.1800,8.0100,8.0900,4767700
20130418,8.1500,8.2100,8.1000,8.1200,3067100
20130419,8.3800,8.4500,8.1700,8.1900,13192800
20130422,8.4300,8.4400,8.3300,8.3500,5837600
20130423,8.1500,8.4300,8.1300,8.4100,6307200
20130424,8.2500,8.2800,8.1300,8.1800,5303900
20130425,8.0900,8.2400,8.0800,8.2300,6255500
20130426,8.1600,8.1900,8.0300,8.1700,5931500
20130429,8.1600,8.1600,8.1600,8.1600,0
20130430,8.1600,8.1600,8.1600,8.1600,0
20130501,8.1600,8.1600,8.1600,8.1600,0
20130502,8.1000,8.1300,8.0400,8.0700,3632200
20130503,8.2200,8.3100,8.1000,8.1200,7690100
20130506,8.2900,8.3400,8.2200,8.2700,5335700
20130507,8.3200,8.3200,8.2300,8.2300,5174300
20130508,8.5100,8.6100,8.3800,8.3800,16880200
20130509,8.7700,8.8400,8.4100,8.5100,12009800
20130510,8.6800,8.8100,8.6100,8.7100,11438200
20130513,8.6500,8.7800,8.5800,8.7200,7811000
20130514,8.4900,8.6300,8.4100,8.6000,7678200
20130515,8.5800,8.6000,8.4500,8.5200,4571200
20130516,8.6800,8.7300,8.5000,8.5600,7266600
20130517,8.7500,8.7900,8.5900,8.6800,13922700
20130520,8.7500,8.7900,8.6600,8.7500,9635600
20130521,8.8200,8.8500,8.7100,8.7500,9775500
20130522,8.7000,8.8300,8.6700,8.8000,9210000
20130523,8.6300,8.7900,8.6200,8.6500,8012500
20130524,8.6600,8.7200,8.5800,8.6400,7419000
20130527,8.8700,8.9500,8.6500,8.6600,17469800
20130528,8.9100,8.9500,8.8000,8.9500,11012500
20130529,9.0100,9.0700,8.9100,8.9600,19162700
20130530,9.0000,9.0900,8.8800,9.0000,12979100
20130531,9.0100,9.0900,8.9900,9.0000,11667700
20130603,9.0000,9.0700,8.8600,9.0100,14404600
20130604,8.2300,8.5000,8.1800,8.5000,8874900
20130605,8.2200,8.2800,8.1300,8.2200,5679400
20130606,8.1500,8.3000,8.0400,8.2000,8732400
20130607,8.1000,8.2100,7.9100,8.1800,10536400
20130610,8.1000,8.1000,8.1000,8.1000,0
20130611,8.1000,8.1000,8.1000,8.1000,0
20130612,8.1000,8.1000,8.1000,8.1000,0
20130613,7.8300,8.0100,7.7000,8.0000,9408400
20130614,7.8000,7.8500,7.7600,7.7800,7348400
20130617,7.7200,7.8300,7.5200,7.8300,10144100
20130618,7.7400,7.8000,7.6800,7.7600,5810000
20130619,7.6000,7.7200,7.4300,7.7200,9323000
20130620,7.4500,7.5800,7.3800,7.5700,5616900
20130621,7.4200,7.5300,7.3000,7.3500,3591300
20130624,7.1000,7.4300,7.0000,7.4200,9656200
20130625,7.2600,7.3700,6.6800,7.0000,11727400
20130626,7.1200,7.2800,7.0300,7.2600,8622300
20130627,7.0300,7.2400,7.0000,7.1400,5615300
20130628,7.1900,7.2000,6.9700,7.0300,6446000
20130701,7.1900,7.2600,7.1000,7.1600,4100900
20130702,7.2000,7.2500,7.1300,7.2000,4604800
20130703,7.2500,7.3000,7.1400,7.2200,5723500
20130704,7.2900,7.3900,7.1900,7.2400,5056800
20130705,7.3300,7.4300,7.3000,7.3000,4806800
20130708,7.1500,7.3000,7.1300,7.3000,3998600
20130709,7.1600,7.1900,7.1300,7.1500,1855400
20130710,7.3100,7.3200,7.1300,7.1400,3216700
20130711,7.5500,7.6500,7.2800,7.3000,7318800
20130712,7.4600,7.5500,7.4100,7.5500,5890800
20130715,7.5600,7.6300,7.4600,7.5300,5069800
20130716,7.5600,7.5800,7.4400,7.5000,4534400
20130717,7.5800,7.6400,7.5000,7.5100,8264700
20130718,7.4700,7.6000,7.4600,7.5400,7491700
20130719,7.1900,7.5400,7.1800,7.4700,7335400
20130722,7.1500,7.2100,7.0600,7.1900,6148000
20130723,7.3500,7.3600,7.1000,7.1200,15888000
20130724,7.3500,7.5000,7.2600,7.3600,16731100
20130725,7.2200,7.4000,7.1800,7.3700,7908500
20130726,7.2700,7.4000,7.2300,7.2500,7809100
20130729,7.1200,7.2400,7.1100,7.2400,7465600
20130730,7.1300,7.2200,7.0400,7.2000,7450700
20130731,7.1400,7.2500,7.1200,7.1500,5822000
20130801,7.2400,7.2500,7.1400,7.1400,6756700
20130802,7.3000,7.3400,7.2300,7.2900,10407000
20130805,7.3200,7.3300,7.2500,7.3000,10189900
20130806,7.4500,7.5000,7.2000,7.3200,18813800
20130807,7.3800,7.5200,7.3400,7.4400,13022000
20130808,7.3500,7.4400,7.3000,7.4000,7826900
20130809,7.5200,7.6300,7.3600,7.4000,14556600
20130812,7.6600,7.7000,7.5400,7.6000,13826000
20130813,7.6100,7.6800,7.5900,7.6600,6503900
20130814,7.6300,7.7600,7.6000,7.6500,12548200
20130815,7.5000,7.6500,7.4900,7.6500,6603500
20130816,7.4300,7.7000,7.3500,7.4600,9343900
20130819,7.4700,7.5500,7.3700,7.4500,7158000
20130820,7.4000,7.5600,7.3800,7.4600,10533100
20130821,7.3700,7.4700,7.3000,7.4600,10856500
20130822,7.3500,7.4000,7.3200,7.3700,7341700
20130823,7.3100,7.4000,7.2200,7.3700,8648500
20130826,7.4300,7.4500,7.2900,7.3200,11994400
20130827,7.4700,7.4800,7.3800,7.4000,9764300
20130828,7.3700,7.4400,7.3600,7.4400,10632700
20130829,7.4000,7.4200,7.3100,7.3700,6653700
20130830,7.5300,7.5700,7.3500,7.3700,12113400
20130902,7.6100,7.7300,7.4800,7.5500,12539600
20130903,7.6700,7.6700,7.5300,7.6300,13110200
20130904,7.6100,7.6700,7.5600,7.6700,7121400
20130905,7.5800,7.6100,7.5200,7.6100,6822200
20130906,7.5700,7.6200,7.5100,7.5500,7463800
20130909,7.8300,7.8600,7.6000,7.6000,19479900
20130910,7.8400,7.8800,7.7800,7.8500,13926100
20130911,7.8300,7.9200,7.8000,7.8700,12519500
20130912,7.8900,7.9000,7.7200,7.8300,12034500
20130913,7.7600,7.9100,7.7400,7.8600,9354100
20130916,7.7500,7.8300,7.7400,7.7700,8532400
20130917,7.6000,7.7600,7.5800,7.7500,7264900
20130918,7.6700,7.6800,7.5800,7.6200,4658800
20130920,7.6700,7.6700,7.6700,7.6700,0
20130923,7.8000,7.8700,7.6600,7.6700,12022100
20130924,8.5800,8.5800,7.8900,8.0000,91613296
20130925,8.5900,8.6800,8.4200,8.5800,34983300
20130926,8.1000,8.5800,8.0800,8.5800,23839500
20130927,8.6700,8.7600,8.1600,8.1600,29956300
20130930,8.5600,8.8000,8.4800,8.6900,18808700
20131001,8.5600,8.5600,8.5600,8.5600,0
20131002,8.5600,8.5600,8.5600,8.5600,0
20131003,8.5600,8.5600,8.5600,8.5600,0
20131004,8.5600,8.5600,8.5600,8.5600,0
20131007,8.5600,8.5600,8.5600,8.5600,0
20131008,8.4900,8.5600,8.3300,8.5000,15457300
20131009,8.6300,8.6800,8.3800,8.4600,14750000
20131010,8.5700,8.6300,8.4200,8.6000,11348600
20131011,8.8500,8.9200,8.5200,8.5700,23711600
20131014,8.7000,8.8800,8.5700,8.8500,24655200
20131015,8.4900,8.7400,8.4200,8.6300,16361100
20131016,8.3300,8.5400,8.3000,8.5100,9883700
20131017,8.2700,8.4900,8.2400,8.3600,10801900
20131018,8.3700,8.4000,8.2200,8.2800,8420700
20131021,8.4900,8.5200,8.2500,8.3100,14331000
20131022,8.3300,8.5400,8.3200,8.4900,8227700
20131023,8.5400,8.8000,8.3500,8.3500,22733600
20131024,8.5300,8.7400,8.4900,8.5100,12911400
20131025,8.2200,8.6000,8.1400,8.5300,11790600
20131028,8.2400,8.3100,8.1500,8.2200,4772000
20131029,8.1100,8.3500,7.9400,8.2800,9763900
20131030,8.4100,8.5500,8.0800,8.1500,14967300
20131031,8.4100,8.5500,8.3200,8.4100,7216800
20131101,8.4700,8.5900,8.4200,8.5500,8184300
20131104,8.5600,8.6900,8.4800,8.5700,13672400
20131105,8.5400,8.5500,8.4000,8.5500,8900700
20131106,8.3300,8.6100,8.3000,8.5100,8873700
20131107,8.2200,8.3800,8.1600,8.3600,6584100
20131108,8.1900,8.2900,8.1600,8.2200,5130900
20131111,8.2500,8.3200,8.1000,8.1800,5389500
20131112,8.2800,8.3800,8.1700,8.3100,5595500
20131113,8.1100,8.2600,8.1000,8.1800,4741600
20131114,8.2000,8.2600,8.1100,8.1300,5145700
20131115,8.2900,8.3800,8.1700,8.2000,10980400
20131118,8.5000,8.5100,8.2700,8.3200,16010600
20131119,8.4100,8.5000,8.3400,8.5000,8650800
20131120,8.3800,8.4600,8.2800,8.4300,8842400
20131121,8.3800,8.4600,8.3000,8.3800,7698100
20131122,8.3100,8.4600,8.3000,8.4100,6795000
20131125,8.4200,8.4300,8.2300,8.3000,8425400
20131126,8.3700,8.4500,8.3400,8.4000,12317400
20131127,8.3200,8.3900,8.2700,8.3600,9150100
20131128,8.5300,8.7000,8.2900,8.3200,32583900
20131129,8.5900,8.6500,8.4900,8.5400,18117400
20131202,8.6700,8.7200,8.3900,8.5300,23659200
20131203,8.8700,8.8900,8.6000,8.6500,30265600
20131204,9.1200,9.2700,8.8500,8.8800,40010300
20131205,9.1200,9.2100,9.0600,9.1400,20599200
20131206,9.1100,9.1200,9.0100,9.1100,11488200
20131209,8.9900,9.1800,8.9600,9.1200,14052100
20131210,9.0200,9.0700,8.9200,9.0000,10766200
20131211,8.7400,8.9900,8.7000,8.9500,15181400
20131212,8.8400,8.8800,8.6700,8.7000,10717800
20131213,8.8200,8.9200,8.7300,8.7500,10559800
20131216,8.7600,8.8600,8.6800,8.8200,10963200
20131217,8.6800,8.9000,8.6700,8.7900,13571200
20131218,8.5300,8.7600,8.5300,8.6100,11087900
20131219,8.5200,8.6300,8.5100,8.5700,6984700
20131220,8.3300,8.5700,8.2800,8.5700,11144800
20131223,8.4100,8.4700,8.2600,8.3800,7558300
20131224,8.3800,8.5500,8.3200,8.4000,7618800
20131225,8.4200,8.4500,8.3300,8.4000,7755200
20131226,8.1100,8.4000,8.0600,8.3600,14001700
20131227,8.2100,8.2700,8.1000,8.1200,7985000
20131230,8.2100,8.3000,8.1800,8.2800,6505400
20131231,8.2900,8.3500,8.1700,8.1700,10531900
20140101,8.2900,8.2900,8.2900,8.2900,0
20140102,8.1900,8.3100,8.1700,8.2900,10195500
20140103,8.0300,8.2100,7.9800,8.1800,10478200
20140106,7.8800,8.0300,7.8500,8.0300,8117700
20140107,7.7500,7.9200,7.6900,7.8200,9221100
20140108,7.8600,7.9900,7.7300,7.7900,8476800
20140109,7.6200,7.8800,7.5600,7.8600,14371400
20140110,7.6100,7.7100,7.4100,7.6200,11096600
20140113,7.6700,7.8000,7.5300,7.6800,11255100
20140114,7.8900,7.9200,7.6300,7.6300,10285000
20140115,7.7000,7.8400,7.6200,7.8100,12423600
20140116,7.6700,7.7600,7.6300,7.7000,11099100
20140117,7.4700,7.6500,7.3700,7.6300,19038000
20140120,7.3700,7.5000,7.2600,7.4200,10015500
20140121,7.4000,7.4900,7.2800,7.4000,25115300
20140122,7.7200,7.7500,7.3500,7.3900,27844000
20140123,7.7600,7.9100,7.7000,7.7900,16883800
20140124,7.7300,7.8500,7.6900,7.7400,9594700
20140127,7.7700,7.8200,7.5800,7.6900,9745900
20140128,7.7100,7.8100,7.6900,7.8100,5443000
20140129,7.7400,7.8200,7.7000,7.7100,6633200
20140130,7.6700,7.7500,7.6000,7.7500,5403400
20140131,7.6700,7.6700,7.6700,7.6700,0
20140203,7.6700,7.6700,7.6700,7.6700,0
20140205,7.6700,7.6700,7.6700,7.6700,0
20140206,7.6700,7.6700,7.6700,7.6700,0
20140207,7.7200,7.7500,7.5500,7.6500,5028700
20140210,7.9900,8.0300,7.7700,7.7700,14283600
20140211,7.9900,8.0300,7.8800,8.0000,13571100
20140212,7.9700,8.0800,7.9400,8.0100,10985800
20140213,7.8500,8.0200,7.8400,7.9500,11778900
20140214,7.9300,7.9800,7.8300,7.8300,9853400
20140217,8.0400,8.0800,7.9500,7.9900,13643900
20140218,7.9400,8.0600,7.8900,8.0400,8522200
20140219,8.0000,8.0500,7.9300,7.9400,12715300
20140220,8.0200,8.1800,8.0100,8.0400,14267300
20140221,8.0000,8.1000,7.9400,8.0300,10392800
20140224,7.9000,7.9800,7.8100,7.9700,10691300
20140225,8.0000,8.1300,7.9100,8.1000,30438700
