20130226,4.7700,4.9100,4.7500,4.8800,6002000
20130227,4.8000,4.8400,4.6900,4.8000,4429700
20130228,5.0200,5.0200,4.8700,4.8900,14632600
20130301,5.0100,5.0300,4.9400,4.9900,9545800
20130304,4.7600,4.9800,4.7500,4.9800,9826000
20130305,4.9600,4.9800,4.7600,4.7600,9710700
20130306,5.0600,5.0800,4.9100,4.9700,12463100
20130307,4.9600,5.0600,4.9100,5.0600,9586400
20130308,4.9500,5.0200,4.9300,4.9700,5172200
20130311,5.0500,5.0600,4.9200,4.9500,7998400
20130312,4.8900,5.0600,4.8100,5.0300,8400800
20130313,5.0900,5.1800,4.8000,4.8700,21605200
20130314,5.1700,5.2500,5.0100,5.0300,20612200
20130315,5.2200,5.3000,5.0900,5.1400,21429900
20130318,5.1700,5.4200,5.1300,5.2800,27905200
20130319,5.1100,5.1700,4.9800,5.1200,14206500
20130320,5.3800,5.4700,5.0400,5.1000,22309000
20130321,5.3100,5.4000,5.2500,5.3000,15956400
20130322,5.3000,5.4700,5.2500,5.3000,16630900
20130325,5.2200,5.3700,5.2000,5.3300,11658100
20130326,5.2400,5.2900,5.1500,5.2300,9177200
20130327,5.2500,5.2800,5.1700,5.2100,8022200
20130328,5.2700,5.3300,5.1000,5.2100,15501500
20130329,5.2300,5.2900,5.1700,5.2500,8979400
20130401,5.3300,5.3800,5.1800,5.1800,10556500
20130402,5.3800,5.4800,5.2700,5.3200,18180100
20130403,5.2000,5.3700,5.1700,5.3400,11419300
20130404,5.2000,5.2000,5.2000,5.2000,0
20130405,5.2000,5.2000,5.2000,5.2000,0
20130408,5.4400,5.4500,5.0600,5.1100,21085500
20130409,5.4400,5.5200,5.4000,5.4400,13741600
20130410,5.5100,5.6200,5.4300,5.4700,17451700
20130411,5.4300,5.5700,5.3800,5.5000,10800300
20130412,5.3700,5.4300,5.3200,5.3900,7004500
20130415,5.3600,5.4000,5.2000,5.3600,8201900
20130416,5.3500,5.3900,5.2300,5.2700,7222200
20130417,5.2800,5.3700,5.2500,5.3500,5183600
20130418,5.4400,5.4500,5.1800,5.2300,12265900
20130419,5.4900,5.5900,5.3700,5.4000,16618600
20130422,5.6400,5.7200,5.3800,5.4500,17844100
20130423,5.6900,5.7700,5.5300,5.6100,25563900
20130424,5.9600,6.0800,5.5900,5.6700,29639700
20130425,5.8500,6.0500,5.7700,5.9100,25549100
20130426,5.7900,5.9100,5.6600,5.8200,13937900
20130429,5.7900,5.7900,5.7900,5.7900,0
20130430,5.7900,5.7900,5.7900,5.7900,0
20130501,5.7900,5.7900,5.7900,5.7900,0
20130502,5.7500,5.7900,5.5700,5.7600,12465200
20130503,5.8900,5.9100,5.7100,5.7100,13469100
20130506,5.8700,5.9800,5.8000,5.8900,13170400
20130507,5.7800,5.9600,5.7600,5.8500,11349100
20130508,5.7700,5.8300,5.6500,5.7900,10582200
20130509,6.0100,6.0200,5.6700,5.7400,21378700
20130510,5.9900,6.0900,5.8900,5.9800,13900000
20130513,5.8800,6.0700,5.8800,6.0500,10771500
20130514,5.7900,5.9200,5.7400,5.8700,9963600
20130515,5.9000,5.9300,5.7000,5.7500,10441100
20130516,5.8300,5.9500,5.8200,5.9200,11469400
20130517,6.1200,6.1900,5.8000,5.8000,23491900
20130520,6.3200,6.4900,6.0400,6.1200,26471900
20130521,6.3300,6.4300,6.2400,6.3000,14300500
20130522,6.2300,6.3900,6.1700,6.2800,12813900
20130523,6.4300,6.4800,6.1600,6.1800,21692300
20130524,6.5700,6.6500,6.3600,6.4300,20165400
20130527,6.5200,6.6400,6.5000,6.5600,13857400
20130528,6.5200,6.5400,6.3500,6.5300,11854600
20130529,6.6500,6.7000,6.4100,6.5200,15268300
20130530,6.5300,6.7800,6.4700,6.6000,15974500
20130531,6.3700,6.5500,6.3500,6.5100,11028200
20130603,6.4700,6.5600,6.3200,6.3300,12262600
20130604,6.3600,6.5400,6.2800,6.4200,7762900
20130605,6.3900,6.4600,6.3300,6.3600,4729900
20130606,6.0900,6.3900,6.0600,6.3900,13299200
20130607,5.8500,6.1300,5.7800,6.0600,11455900
20130610,5.8500,5.8500,5.8500,5.8500,0
20130611,5.8500,5.8500,5.8500,5.8500,0
20130612,5.8500,5.8500,5.8500,5.8500,0
20130613,5.7000,5.8000,5.6000,5.8000,8358100
20130614,5.8400,5.8600,5.6800,5.7200,8533700
20130617,5.6100,5.8300,5.6100,5.8300,8029300
20130618,5.6800,5.7100,5.5700,5.6200,5654800
20130619,5.7300,5.7300,5.4700,5.6600,11035800
20130620,5.4600,5.7000,5.4400,5.6500,6149300
20130621,5.4500,5.5100,5.2700,5.3100,5910800
20130624,4.9400,5.5000,4.9100,5.4600,11558300
20130625,5.1500,5.1800,4.7000,4.9000,14387900
20130626,5.2300,5.2600,5.0900,5.1300,8185700
20130627,5.0400,5.2900,5.0000,5.2300,7457700
20130628,5.2400,5.5400,5.2000,5.2000,34609400
20130701,5.3300,5.4000,4.9100,5.1500,18789300
20130702,5.2900,5.4800,5.1700,5.2200,17856400
20130703,5.2600,5.3400,5.1400,5.2000,8412100
20130704,5.3300,5.4300,5.2000,5.2100,7460600
20130705,5.2400,5.3800,5.2300,5.3200,6993400
20130708,5.0200,5.1800,5.0000,5.1800,7526000
20130709,4.9800,5.0500,4.9400,5.0200,2737200
20130710,5.0700,5.0900,4.8200,4.8800,9772200
20130711,5.2100,5.3700,5.0200,5.0700,16095100
20130712,5.1900,5.2800,5.1500,5.2200,5677200
20130715,5.4700,5.7100,5.2800,5.2900,33697600
20130716,5.4800,5.6500,5.4100,5.6500,15817500
20130717,5.4100,5.5700,5.3600,5.4500,12262000
20130718,5.4700,5.6200,5.3600,5.4200,13096400
20130719,5.6300,5.7600,5.4700,5.4800,25838700
20130722,5.5500,5.5700,5.3900,5.5200,13643100
20130723,5.6200,5.7000,5.5000,5.5300,13887300
20130724,5.5100,5.6000,5.4400,5.5900,12353600
20130725,5.3000,5.5300,5.2900,5.4900,9922400
20130726,5.2500,5.3200,5.1900,5.3000,8409000
20130729,5.1200,5.2600,5.1200,5.2600,4556400
20130730,5.1200,5.1900,5.0400,5.1500,7117600
20130731,5.1200,5.2500,5.0900,5.1200,6606100
20130801,5.3800,5.4700,5.0800,5.1200,14654500
20130802,5.3200,5.4500,5.3100,5.3500,11193000
20130805,5.4400,5.4600,5.2500,5.3100,10820400
20130806,5.4400,5.5600,5.3600,5.3800,21322600
20130807,5.3100,5.4500,5.3000,5.4400,10860800
20130808,5.3200,5.3900,5.2800,5.3200,5984900
20130809,5.2600,5.3500,5.1800,5.3300,6183100
20130812,5.4000,5.4200,5.2300,5.2700,8076900
20130813,5.4200,5.4500,5.3600,5.3800,5911600
20130814,5.4100,5.4800,5.3900,5.4300,8802100
20130815,5.2800,5.4400,5.2500,5.4200,7196100
20130816,5.1500,5.4400,5.1400,5.2500,9019600
20130819,5.2900,5.3200,5.1100,5.1400,5794600
20130820,5.2300,5.3500,5.1700,5.3500,5394400
20130821,5.4200,5.4600,5.2000,5.2200,11347200
20130822,5.4700,5.6300,5.2800,5.3800,18087200
20130823,5.3500,5.5400,5.2500,5.4600,13545500
20130826,5.5900,5.6500,5.3100,5.3500,20185600
20130827,5.6800,5.8800,5.5500,5.5800,26014500
20130828,5.9300,6.0800,5.5700,5.6400,40202500
20130829,5.7800,5.9400,5.6400,5.9000,18344900
20130830,5.9500,6.2000,5.7800,5.7800,31169500
20130902,6.0400,6.5500,6.0000,6.5500,42183100
20130903,6.2000,6.4000,5.9400,5.9800,27030200
20130904,6.1700,6.3800,6.0400,6.0900,26095700
20130905,6.7900,6.7900,6.1100,6.2500,79630304
20130906,6.7600,7.0800,6.5500,6.7500,80344896
20130909,6.6900,6.9300,6.5800,6.7900,49317600
20130910,6.9900,7.0500,6.5600,6.6400,59522300
20130911,6.8400,7.3600,6.7000,7.2000,54033100
20130912,6.6200,6.8800,6.6000,6.7000,31035600
20130913,6.6000,6.9200,6.4100,6.6500,31106500
20130916,6.4200,6.6400,6.3800,6.4800,20321200
20130917,6.1900,6.4400,6.1300,6.3800,22972500
20130918,6.2300,6.3100,6.1500,6.1600,12207300
20130920,6.2300,6.2300,6.2300,6.2300,0
20130923,6.3300,6.3800,6.1900,6.2500,16374200
20130924,6.4200,6.5300,6.2000,6.3000,21568900
20130925,6.5100,6.7300,6.3800,6.4000,32299000
20130926,5.9100,6.4200,5.8700,6.4000,27825900
20130927,5.9100,5.9900,5.8100,5.8700,10770700
20130930,6.1000,6.2300,6.0000,6.0400,12402800
20131001,6.1000,6.1000,6.1000,6.1000,0
20131002,6.1000,6.1000,6.1000,6.1000,0
20131003,6.1000,6.1000,6.1000,6.1000,0
20131004,6.1000,6.1000,6.1000,6.1000,0
20131007,6.1000,6.1000,6.1000,6.1000,0
20131008,6.1500,6.1700,6.0000,6.0100,9109800
20131009,6.1400,6.1600,6.0600,6.1300,11149200
20131010,6.2900,6.4400,6.1000,6.1000,22130600
20131011,6.4900,6.5900,6.2200,6.2900,24658800
20131014,6.4400,6.5700,6.3300,6.4700,17177000
20131015,6.4800,6.5200,6.3000,6.4600,13730700
20131016,6.1100,6.4700,6.0600,6.4700,14809100
20131017,6.0900,6.2300,6.0400,6.1700,7409000
20131018,6.1100,6.1900,6.0500,6.1300,5868700
20131021,6.3000,6.3600,6.1000,6.1500,10066000
20131022,6.1500,6.3300,6.0800,6.3100,11485300
20131023,5.9100,6.2000,5.9000,6.1200,10269600
20131024,5.9100,6.0300,5.8900,5.9500,6125200
20131025,5.7300,5.9500,5.6400,5.9200,9741800
20131028,5.7300,5.8200,5.6900,5.7400,4183400
20131029,5.5300,5.8000,5.3700,5.7900,7099800
20131030,5.6200,5.6300,5.5100,5.5400,3202900
20131031,5.6300,5.7800,5.6000,5.7000,4063900
20131101,5.5900,5.6500,5.4600,5.5900,3974400
20131104,5.6200,5.6500,5.5700,5.6000,2698900
20131105,5.6600,5.6600,5.5000,5.6200,4076200
20131106,5.6400,5.7400,5.6000,5.6500,5135600
20131107,5.5200,5.6000,5.5000,5.5600,4028500
20131108,5.4800,5.5900,5.4700,5.5500,4038500
20131111,5.4700,5.5400,5.4000,5.4800,2165400
20131112,5.5200,5.5300,5.4400,5.4700,2528000
20131113,5.3500,5.5300,5.3400,5.5300,2854600
20131114,5.3400,5.3800,5.2400,5.3600,4658100
20131115,5.5500,5.6300,5.3200,5.3400,8561500
20131118,5.6800,5.6900,5.5200,5.6000,8389300
20131119,5.6900,5.7900,5.6600,5.7700,7047900
20131120,5.7000,5.7300,5.6100,5.7000,5557700
20131121,5.6700,5.7000,5.6000,5.7000,5210900
20131122,5.6400,5.7200,5.6000,5.6800,5061400
20131125,5.8200,5.9800,5.5800,5.6400,15094200
20131126,5.9000,5.9600,5.7500,5.7700,13758200
20131127,5.8800,5.9200,5.7800,5.9100,7950100
20131128,5.9000,5.9700,5.8500,5.9000,9875200
20131129,5.8600,5.9200,5.8300,5.9100,5644400
20131202,5.7700,5.9500,5.6000,5.7600,15179400
20131203,5.8400,5.8500,5.6600,5.6700,7614800
20131204,6.0200,6.1600,5.8000,5.8300,19813100
20131205,6.0100,6.1000,5.9600,6.0000,8603900
20131206,6.0600,6.1700,5.9600,6.0000,9538900
20131209,6.2000,6.3400,6.0600,6.0600,16460000
20131210,6.4500,6.6800,6.2800,6.2900,29365000
20131211,6.3200,6.4100,6.1800,6.3500,18241000
20131212,6.2800,6.6300,6.2600,6.2800,22996600
20131213,6.1800,6.2700,6.1000,6.2500,11338400
20131216,6.0000,6.2900,5.9900,6.2200,12103500
20131217,5.9000,6.0700,5.8500,6.0500,7992100
20131218,5.9300,6.0300,5.8600,5.8900,7281500
20131219,5.8400,6.0000,5.8200,5.9300,5450800
20131220,5.7700,5.9500,5.7600,5.8600,6314100
20131223,5.6500,5.8000,5.5900,5.8000,6699800
20131224,5.6800,5.7200,5.5900,5.6400,5245300
20131225,5.7300,5.7400,5.6500,5.6800,4516400
20131226,5.5700,5.7200,5.5700,5.7200,6215700
20131227,5.6300,5.6800,5.5400,5.6000,4356900
20131230,5.6300,5.7000,5.6100,5.6600,4211600
20131231,5.7100,5.7300,5.6200,5.6200,5706000
20140101,5.7100,5.7100,5.7100,5.7100,0
20140102,5.8500,5.8700,5.6600,5.7300,7862900
20140103,5.7100,5.8600,5.7000,5.8000,6908300
20140106,5.6100,5.8700,5.5800,5.7200,12373600
20140107,5.6000,5.6500,5.4800,5.6000,6461200
20140108,5.7600,5.9000,5.5300,5.6200,11518900
20140109,5.6600,5.8700,5.6300,5.7000,9480300
20140110,5.4500,5.6800,5.3900,5.6800,7950900
20140113,5.3200,5.4800,5.2400,5.4600,5176200
20140114,5.4700,5.4700,5.3200,5.3300,3388700
20140115,5.6800,5.7200,5.4100,5.4400,8451100
20140116,5.6000,5.7900,5.5700,5.6800,7702400
20140117,5.6100,5.6900,5.5500,5.5900,4698000
20140120,5.4400,5.6800,5.4000,5.6300,5664000
20140121,5.5600,5.5700,5.4500,5.4500,3829000
20140122,5.6900,5.7100,5.5100,5.5300,6430500
20140123,5.6600,5.7700,5.6500,5.6800,8125300
20140124,5.7600,5.7800,5.6300,5.6300,7242700
20140127,5.7600,5.8300,5.6900,5.7200,6939800
20140128,5.6900,5.8100,5.6300,5.7400,5169000
20140129,5.7600,5.7800,5.6800,5.6900,3993100
20140130,5.9100,6.0500,5.7200,5.7600,11139800
20140131,5.9100,5.9100,5.9100,5.9100,0
20140203,5.9100,5.9100,5.9100,5.9100,0
20140205,5.9100,5.9100,5.9100,5.9100,0
20140206,5.9100,5.9100,5.9100,5.9100,0
20140207,6.0400,6.0600,5.8100,5.8600,11388900
20140210,6.1000,6.1500,6.0400,6.0500,14244000
20140211,6.1100,6.1200,6.0100,6.1000,12000400
20140212,6.0800,6.1400,6.0100,6.1000,9857000
20140213,6.0700,6.2000,5.9500,6.0500,16294100
20140214,6.2200,6.2700,6.0200,6.0400,18594300
20140217,6.2800,6.4300,6.2100,6.3500,18677600
20140218,6.3600,6.4300,6.2800,6.3400,21272700
20140219,6.5600,6.6300,6.3800,6.4200,28465700
20140220,6.4400,6.6200,6.3400,6.6200,22314700
20140221,6.2200,6.4900,6.2000,6.4800,17661800
20140224,6.2100,6.2800,6.0500,6.1500,15238200
20140225,6.0500,6.4000,5.9800,6.1900,18242100
