20130226,12.8800,13.2000,12.8500,12.9600,4890400
20130227,13.0400,13.1000,12.8300,12.9500,3741800
20130228,13.3200,13.5900,13.0100,13.0900,8560700
20130301,13.2800,13.5000,13.1500,13.2500,5607100
20130304,12.8700,13.2100,12.7800,13.2100,4803300
20130305,12.9200,12.9800,12.8000,12.8500,3714600
20130306,12.9600,13.1200,12.8500,13.0200,4209300
20130307,12.7100,12.9900,12.6500,12.9700,4410100
20130308,12.8000,13.0200,12.6800,12.6800,2491200
20130311,12.9000,13.0400,12.7500,12.8000,2532300
20130312,12.4100,12.9700,12.2600,12.8500,4737400
20130313,12.0900,12.3800,12.0000,12.3600,3106700
20130314,12.0800,12.3000,12.0600,12.1100,1698200
20130315,11.8400,12.1700,11.8000,12.1100,3011000
20130318,11.4800,11.8500,11.4600,11.8300,3157400
20130319,11.6000,11.6800,11.4000,11.4000,1648400
20130320,11.8600,11.8700,11.6000,11.6000,2537100
20130321,11.9500,12.0300,11.8100,11.8200,3244900
20130322,11.8400,11.9900,11.7700,11.9000,1800800
20130325,11.9900,12.2000,11.7200,11.8200,2814900
20130326,12.1900,12.3600,11.7600,11.9500,5332500
20130327,11.9700,12.1700,11.9200,12.0500,3180200
20130328,11.3000,11.9000,11.2800,11.8800,3570700
20130329,11.4300,11.7000,11.3000,11.3000,1653600
20130401,11.4100,11.5800,11.3500,11.4600,1140500
20130402,11.4300,11.7000,11.3600,11.4200,1761500
20130403,11.5900,11.6900,11.4800,11.5000,3780300
20130404,11.5900,11.5900,11.5900,11.5900,0
20130405,11.5900,11.5900,11.5900,11.5900,0
20130408,11.4000,11.5700,11.1700,11.4200,2671100
20130409,11.4600,11.5100,11.3700,11.3800,2028100
20130410,11.6500,11.6600,11.4300,11.4400,2785300
20130411,11.4900,11.6600,11.4800,11.5500,2477900
20130412,11.3600,11.6000,11.2900,11.5500,1700900
20130415,11.0500,11.3500,11.0100,11.2500,2032100
20130416,11.0700,11.1000,10.8300,10.8900,1513900
20130417,11.1700,11.2900,11.0900,11.0900,1255300
20130418,11.1200,11.2400,11.0500,11.1000,1042200
20130419,11.2800,11.2800,11.1100,11.1200,2008700
20130422,11.3400,11.3500,11.1500,11.2100,2090200
20130423,10.9200,11.3400,10.9100,11.3100,2780500
20130424,11.0700,11.1300,10.9000,10.9600,1501200
20130425,10.8300,11.0600,10.8000,11.0600,1931900
20130426,10.8400,11.0700,10.7200,11.0700,1366900
20130429,10.8400,10.8400,10.8400,10.8400,0
20130430,10.8400,10.8400,10.8400,10.8400,0
20130501,10.8400,10.8400,10.8400,10.8400,0
20130502,10.7200,10.9000,10.6800,10.8500,1240100
20130503,10.8600,10.9800,10.7000,10.7800,1344000
20130506,11.0300,11.0500,10.8600,10.9100,1543000
20130507,11.0700,11.0700,10.9600,11.0000,1564200
20130508,11.1300,11.2400,11.0300,11.0800,2482400
20130509,11.0300,11.2600,10.9900,11.1300,2611700
20130510,11.1900,11.2400,11.0500,11.0800,3082700
20130513,11.1900,11.1900,11.1900,11.1900,0
20130514,11.1900,11.1900,11.1900,11.1900,0
20130515,11.1900,11.1900,11.1900,11.1900,0
20130516,11.1900,11.1900,11.1900,11.1900,0
20130517,11.1900,11.1900,11.1900,11.1900,0
20130520,11.1900,11.1900,11.1900,11.1900,0
20130521,11.1900,11.1900,11.1900,11.1900,0
20130522,11.1900,11.1900,11.1900,11.1900,0
20130523,11.1900,11.1900,11.1900,11.1900,0
20130524,11.1900,11.1900,11.1900,11.1900,0
20130527,11.1900,11.1900,11.1900,11.1900,0
20130528,11.1900,11.1900,11.1900,11.1900,0
20130529,11.1900,11.1900,11.1900,11.1900,0
20130530,11.1900,11.1900,11.1900,11.1900,0
20130531,11.1900,11.1900,11.1900,11.1900,0
20130603,11.1900,11.1900,11.1900,11.1900,0
20130604,11.1900,11.1900,11.1900,11.1900,0
20130605,11.1900,11.1900,11.1900,11.1900,0
20130606,11.1900,11.1900,11.1900,11.1900,0
20130607,11.1900,11.1900,11.1900,11.1900,0
20130610,11.1900,11.1900,11.1900,11.1900,0
20130611,11.1900,11.1900,11.1900,11.1900,0
20130612,11.1900,11.1900,11.1900,11.1900,0
20130613,11.1900,11.1900,11.1900,11.1900,0
20130614,11.1900,11.1900,11.1900,11.1900,0
20130617,11.1900,11.1900,11.1900,11.1900,0
20130618,11.1900,11.1900,11.1900,11.1900,0
20130619,11.1900,11.1900,11.1900,11.1900,0
20130620,11.1900,11.1900,11.1900,11.1900,0
20130621,11.1900,11.1900,11.1900,11.1900,0
20130624,11.1900,11.1900,11.1900,11.1900,0
20130625,10.3700,10.8000,10.0700,10.8000,7128700
20130626,9.9000,10.2500,9.7400,10.2500,5164600
20130627,10.1600,10.3000,9.8000,9.8100,4379200
20130628,9.8400,10.2200,9.8100,10.0100,2656600
20130701,9.9600,10.0700,9.8000,9.8600,1651000
20130702,10.0400,10.1400,9.9700,10.0400,2732900
20130703,9.7200,10.0000,9.6700,10.0000,2739000
20130704,9.8100,9.9200,9.5000,9.6400,2586800
20130705,9.8100,10.0300,9.7800,9.8800,2050600
20130708,9.1700,9.7100,9.1500,9.7100,2626600
20130709,9.1700,9.3200,9.0100,9.1600,1475500
20130710,9.3700,9.3900,9.0700,9.1800,2112800
20130711,9.7600,9.9200,9.3000,9.3800,3911200
20130712,9.4900,9.8100,9.4700,9.7600,2516000
20130715,9.6300,9.6800,9.4600,9.4700,2005800
20130716,9.8600,9.9500,9.5600,9.6000,2513900
20130717,9.5300,9.8100,9.4900,9.6900,2007200
20130718,9.3400,9.5300,9.3300,9.5300,1597100
20130719,9.3300,9.6500,9.3100,9.3500,2504100
20130722,9.3200,9.3700,9.1300,9.2400,1323500
20130723,9.5000,9.5500,9.3100,9.3100,2009300
20130724,9.4300,9.5600,9.2900,9.4700,1751400
20130725,9.5600,9.7000,9.3600,9.4300,2901400
20130726,9.3300,9.5700,9.3000,9.5600,1623900
20130729,8.9300,9.2700,8.8800,9.2700,2666700
20130730,8.8900,9.0500,8.7200,9.0200,1760400
20130731,8.9100,9.0600,8.8600,8.9500,1603600
20130801,9.3700,9.4000,9.0000,9.0000,4045600
20130802,10.2100,10.3100,9.3800,9.3800,13408800
20130805,10.9900,11.1600,9.9000,10.3000,17053000
20130806,10.8700,10.9500,10.6600,10.9500,9634100
20130807,11.0000,11.5500,10.6300,10.7100,11756400
20130808,10.7100,10.9100,10.5800,10.8000,5850600
20130809,10.6800,10.8000,10.5000,10.6000,4300300
20130812,10.7300,10.8500,10.6000,10.6000,4310300
20130813,10.7200,10.8900,10.6200,10.7500,3495000
20130814,10.5800,10.7900,10.4800,10.7400,3435300
20130815,10.5100,10.7800,10.4900,10.5900,2613400
20130816,10.2200,10.6400,10.1200,10.4800,4214800
20130819,10.2600,10.4000,9.9800,10.0000,2575100
20130820,10.2200,10.4300,10.1400,10.2900,2441500
20130821,10.5500,10.6000,10.0800,10.2900,4500300
20130822,10.3500,10.5400,10.3100,10.4900,2191000
20130823,10.1000,10.4200,10.0100,10.3500,2833600
20130826,10.3000,10.3500,10.1200,10.1800,2543600
20130827,10.7500,10.8300,10.3100,10.3100,5831000
20130828,11.0600,11.3200,10.6000,10.7400,10229400
20130829,10.8000,11.1500,10.6500,11.0000,5368100
20130830,11.0100,11.1000,10.6500,10.8900,7522600
20130902,10.8100,11.2900,10.7700,11.1000,5695000
20130903,10.7300,10.8800,10.5100,10.7500,3757200
20130904,10.6800,10.9800,10.6000,10.7000,4230900
20130905,10.4000,10.6300,10.3800,10.6100,4110900
20130906,11.2000,11.3000,10.4100,10.4200,9734500
20130909,11.6200,11.9000,11.0800,11.2000,15914400
20130910,12.3800,12.5000,11.4100,11.5700,17401300
20130911,12.7800,13.6200,12.7700,12.8500,28500500
20130912,12.3800,12.5500,12.1600,12.5000,12710000
20130913,12.1600,12.4900,12.0000,12.3400,7711000
20130916,11.9800,12.5000,11.8900,12.1500,8670700
20130917,11.9300,12.1600,11.7500,11.9000,8520000
20130918,11.7900,12.0000,11.7000,11.7600,3683800
20130920,11.7900,11.7900,11.7900,11.7900,0
20130923,11.8600,12.0200,11.8000,11.9700,4354400
20130924,12.0300,12.1500,11.7900,11.8500,6135600
20130925,11.6000,11.9600,11.5500,11.9600,5855000
20130926,11.1300,11.6500,11.1000,11.6000,4686700
20130927,11.2100,11.3500,11.0800,11.1000,2349000
20130930,11.2100,11.2100,11.2100,11.2100,0
20131001,11.2100,11.2100,11.2100,11.2100,0
20131002,11.2100,11.2100,11.2100,11.2100,0
20131003,11.2100,11.2100,11.2100,11.2100,0
20131004,11.2100,11.2100,11.2100,11.2100,0
20131007,11.2100,11.2100,11.2100,11.2100,0
20131008,11.9100,12.3300,11.8100,12.3300,9275900
20131009,11.7100,11.9200,11.5600,11.9200,4784800
20131010,11.8100,11.9800,11.7000,11.7200,5325900
20131011,12.3200,12.3400,11.9000,11.9000,7350700
20131014,12.7700,12.9300,12.2300,12.3100,10400400
20131015,12.6200,12.9000,12.4200,12.7200,6655000
20131016,12.1200,12.6500,12.0500,12.5500,4615100
20131017,12.1600,12.5000,12.0800,12.1800,2811000
20131018,12.3800,12.5700,12.1100,12.1900,2778000
20131021,12.3700,12.4800,12.2000,12.4200,4972900
20131022,12.1700,12.3700,12.1300,12.3700,4665700
20131023,12.2800,12.6000,12.1000,12.1900,4711700
20131024,12.2900,12.3200,12.0500,12.1800,1873900
20131025,11.9400,12.4500,11.8200,12.3100,3128700
20131028,11.6900,12.1000,11.3800,11.9800,2854900
20131029,11.0800,11.8000,10.9000,11.5100,3560300
20131030,11.2300,11.3400,11.0500,11.0800,3264200
20131031,11.1300,11.4200,11.0600,11.4100,1712100
20131101,11.0700,11.2300,10.8600,11.1300,1741600
20131104,11.5000,11.5600,11.0900,11.0900,3305100
20131105,11.8000,11.9500,11.3000,11.4100,4125300
20131106,11.7900,12.4000,11.6000,11.6800,5667600
20131107,11.8000,12.2300,11.7000,11.8000,3774000
20131108,11.7500,12.1400,11.6800,11.7600,3252800
20131111,11.6100,11.7200,11.4200,11.4200,1363500
20131112,11.9600,12.0300,11.6900,11.7300,3211200
20131113,12.3600,12.5000,11.9200,11.9600,7142400
20131114,13.6000,13.6000,12.1100,12.3000,23571700
20131115,13.9000,14.6000,13.4500,13.6900,25538300
20131118,14.1300,14.3400,13.7400,13.9500,13954800
20131119,13.7500,14.1300,13.7000,14.0200,8262100
20131120,14.8500,15.0800,13.7500,13.8000,18655800
20131121,14.8200,15.3000,14.3000,14.5100,13038700
20131122,15.1100,15.4800,14.5000,14.7700,10425300
20131125,14.9600,15.6900,14.7500,15.2500,10709800
20131126,14.8200,14.9600,14.6000,14.7800,6750200
20131127,15.1600,16.1600,15.0000,15.5000,10608500
20131128,15.2900,15.5600,15.0500,15.1600,9167500
20131129,16.8200,16.8200,15.2000,15.2900,17601200
20131202,16.4900,18.1000,16.3300,16.9000,26769500
20131203,17.1800,17.5000,16.1500,16.2100,15871400
20131204,17.1900,17.3800,16.6400,17.0900,11604600
20131205,16.6200,17.0800,16.3800,17.0500,9683100
20131206,16.3500,17.0800,16.2000,16.5500,6807800
20131209,16.6900,16.9800,16.1500,16.2100,7211000
20131210,15.9200,16.7800,15.6000,16.5900,11688000
20131211,15.6800,15.8900,15.4600,15.6000,6531300
20131212,15.8400,16.1500,15.7400,15.8000,5330800
20131213,15.7100,16.0500,15.4700,15.6000,3125800
20131216,15.4000,16.0500,15.0600,15.6500,5907600
20131217,15.8600,15.9400,15.2300,15.3000,4505100
20131218,15.7500,16.0300,15.6600,15.8000,3339600
20131219,14.8200,15.9000,14.6000,15.7700,8609500
20131220,14.9800,15.0200,14.1500,14.7700,6700500
20131223,15.0700,15.2000,14.4100,14.8000,5823600
20131224,15.8600,16.2200,15.0700,15.0700,7760500
20131225,15.9900,16.2000,15.5600,15.8500,4660900
20131226,15.8600,16.3000,15.8200,16.0000,5281400
20131227,17.0400,17.4000,15.8200,15.8500,10791900
20131230,16.8200,17.1900,16.7300,17.0600,4372000
20131231,16.9100,17.5000,16.6500,16.7500,7388600
20140101,16.9100,16.9100,16.9100,16.9100,0
20140102,17.2700,17.4500,16.7000,16.8100,6392800
20140103,17.2600,17.9300,17.1500,17.2800,8589500
20140106,16.9700,17.6700,16.4300,17.1600,8485500
20140107,17.5300,17.9000,16.6700,16.7000,6898800
20140108,17.5500,17.8700,17.3500,17.5800,3822900
20140109,16.9400,17.7100,16.9100,17.4800,4340600
20140110,15.9700,16.9100,15.8500,16.9100,8045000
20140113,15.6900,16.4000,15.3700,16.0000,4819600
20140114,16.3200,16.3400,15.6800,15.6900,2839900
20140115,16.4100,16.8500,16.2900,16.4300,3796100
20140116,16.5700,16.7000,15.8100,16.5100,2998100
20140117,16.2200,16.7400,16.1200,16.4900,2727800
20140120,16.0600,16.5300,15.9000,16.2900,2387600
20140121,16.1700,16.3400,15.8800,15.9000,1391700
20140122,16.8200,16.9900,16.1800,16.2800,3750300
20140123,17.1000,17.3000,16.7000,16.8100,3931000
20140124,17.1700,17.3900,16.8900,17.1500,4647400
20140127,17.1900,17.2700,16.7800,17.1500,4036800
20140128,16.9800,17.4000,16.7000,17.1600,3536000
20140129,17.3800,17.4000,16.8800,16.9800,3938300
20140130,17.7700,17.8100,17.1200,17.2200,3557800
20140131,17.7700,17.7700,17.7700,17.7700,0
20140203,17.7700,17.7700,17.7700,17.7700,0
20140205,17.7700,17.7700,17.7700,17.7700,0
20140206,17.7700,17.7700,17.7700,17.7700,0
20140207,19.0900,19.2900,17.5100,17.6000,11286100
20140210,19.3200,19.5700,18.8000,18.8500,9785200
20140211,19.0100,19.4000,18.8000,19.2000,5738500
20140212,19.3700,19.4800,18.8000,19.0900,5244600
20140213,18.7900,19.4000,18.7100,19.3900,4302100
20140214,18.7900,19.0000,18.6300,18.7500,3670500
20140217,19.4300,19.4600,18.7700,18.7700,4919000
20140218,19.0600,19.4800,18.9000,19.4000,3345500
20140219,18.2800,19.0300,18.0300,19.0000,6671400
20140220,18.2800,18.5900,18.0000,18.2000,3235000
20140221,18.1200,18.4000,17.9500,18.2900,2691800
20140224,18.2800,18.4900,18.1200,18.1200,4632300
20140225,17.4900,18.5800,17.0000,18.3900,5203700
