20130226,7.7920,7.9680,7.6040,7.6040,6742900
20130227,8.0360,8.0800,7.5200,7.7920,5119300
20130228,8.1680,8.2400,7.9600,8.0000,4940700
20130301,8.1600,8.2760,8.0640,8.2000,3450000
20130304,8.1360,8.2400,8.0840,8.1600,2164900
20130305,8.5440,8.5440,8.1480,8.1520,2063900
20130306,8.1160,8.9720,8.1160,8.7600,6386900
20130307,8.3080,8.4600,7.7120,7.7120,5397100
20130308,8.7240,8.7240,8.2000,8.2000,5088300
20130311,9.1520,9.1600,8.9200,8.9440,5947000
20130312,9.4000,9.5520,9.1520,9.2400,5550400
20130313,9.5800,9.6640,9.4000,9.4000,6056800
20130314,9.3280,9.6480,9.2000,9.6280,3886000
20130315,9.0400,9.4600,8.8960,9.3200,6848800
20130318,9.4920,9.4920,9.1200,9.2000,5018800
20130319,9.8720,9.9520,9.5720,9.5720,5917900
20130320,9.8800,10.0800,9.7320,9.7320,2659800
20130321,9.9840,10.0000,9.7240,9.8800,2891100
20130322,9.9360,10.1200,9.9240,9.9680,2402000
20130325,10.3920,10.3920,9.9120,9.9120,5998200
20130326,10.3960,10.6000,10.2800,10.4800,5037700
20130327,10.2480,10.4800,9.9200,10.4800,3344900
20130328,10.2480,10.2480,10.2480,10.2480,0
20130329,10.2480,10.2480,10.2480,10.2480,0
20130401,10.2480,10.2480,10.2480,10.2480,0
20130402,10.2480,10.2480,10.2480,10.2480,0
20130403,10.0440,11.1600,9.4800,11.1600,6895600
20130404,10.0440,10.0440,10.0440,10.0440,0
20130405,10.0440,10.0440,10.0440,10.0440,0
20130408,10.1960,10.3120,9.5200,9.8000,2848100
20130409,9.9680,10.3600,9.9200,10.0560,2582900
20130410,9.9000,10.0400,9.8400,9.8400,1651400
20130411,10.2000,10.2600,9.8880,9.9200,2360200
20130412,9.9800,10.2200,9.9240,10.2200,2378600
20130415,9.6320,10.0320,9.6080,9.8840,2141800
20130416,9.6600,9.7880,9.5600,9.7040,2424600
20130417,9.7320,9.8000,9.5800,9.6600,2934900
20130418,10.1120,10.1200,9.6000,9.6000,2625000
20130419,10.6800,10.9200,10.1120,10.1120,5032400
20130422,10.7560,10.8920,10.5760,10.6000,2983700
20130423,10.5520,10.8600,10.4800,10.7200,3406900
20130424,10.8720,10.9200,10.4840,10.4840,3896000
20130425,11.1320,11.2880,10.8720,10.8880,5260000
20130426,11.0760,11.3200,10.6960,11.3120,4028600
20130429,11.0760,11.0760,11.0760,11.0760,0
20130430,11.0760,11.0760,11.0760,11.0760,0
20130501,11.0760,11.0760,11.0760,11.0760,0
20130502,11.0160,11.1000,10.7840,11.1000,2732100
20130503,11.1240,11.2400,10.9240,10.9960,3255100
20130506,10.9760,11.2400,10.8800,11.1280,3260100
20130507,10.7840,11.0520,10.5280,10.9520,3596600
20130508,10.8760,10.8800,10.6080,10.7840,2346700
20130509,10.9320,10.9880,10.6840,10.8760,2584600
20130510,11.8840,11.9960,11.1160,11.1320,10371800
20130513,11.1360,12.0000,11.1000,11.8000,9402700
20130514,11.2640,11.4000,10.7200,11.1280,4599800
20130515,11.1600,11.3600,10.9160,11.2480,4252300
20130516,11.3900,11.9900,11.2800,11.4900,4989200
20130517,11.1100,11.3000,10.5000,10.9800,6707800
20130520,10.9400,11.1700,10.8000,11.1300,5456900
20130521,11.4500,11.7600,10.8200,10.9200,8253700
20130522,11.4900,11.7600,11.3000,11.3000,4937200
20130523,11.3100,11.5600,11.2000,11.3900,3718400
20130524,11.4100,11.5900,11.3400,11.3400,3144100
20130527,11.2000,11.5500,11.0600,11.4100,5321200
20130528,11.1800,11.2900,10.7000,11.2400,4387200
20130529,11.1000,11.2700,11.0100,11.1600,3004600
20130530,10.9500,11.1300,10.8500,11.1000,4434000
20130531,10.9400,11.1200,10.9100,10.9500,2470500
20130603,10.8100,11.0000,10.5000,11.0000,2897600
20130604,10.5700,10.7800,10.5600,10.7000,2172200
20130605,11.1800,11.5000,10.5500,10.5700,4603200
20130606,11.2000,11.4600,11.1000,11.2000,4206600
20130607,10.9100,11.4800,10.8700,11.2800,2982600
20130610,10.9100,10.9100,10.9100,10.9100,0
20130611,10.9100,10.9100,10.9100,10.9100,0
20130612,10.9100,10.9100,10.9100,10.9100,0
20130613,10.9400,11.2000,10.6900,11.0300,5812300
20130614,10.9700,11.0400,10.7700,10.7700,2678400
20130617,10.8600,11.0500,10.8300,11.0300,2012700
20130618,11.0000,11.0000,10.7800,10.9000,2712100
20130619,10.9500,11.0100,10.7000,10.7000,1582000
20130620,10.9800,11.3400,10.8000,10.8500,2902000
20130621,10.8600,11.0900,10.7500,10.8600,1615200
20130624,9.7700,10.9300,9.7700,10.7200,4591600
20130625,9.3600,9.7600,8.7900,9.7000,5077700
20130626,9.3700,9.5500,9.2200,9.3600,1327300
20130627,8.6700,9.4900,8.5000,9.3700,4048800
20130628,8.4600,8.9400,8.3600,8.9400,2518800
20130701,9.0600,9.0700,8.3200,8.4500,2252400
20130702,9.8100,9.9700,9.0000,9.0900,3338200
20130703,9.6900,9.9800,9.5000,9.9500,1905000
20130704,9.8800,9.9400,9.6100,9.8700,1733700
20130705,9.6800,9.8800,9.6400,9.8600,1446100
20130708,9.1700,9.6600,9.0800,9.6600,1069800
20130709,9.2000,9.3800,9.0200,9.1700,740000
20130710,9.3300,9.3500,9.1000,9.2000,1165900
20130711,9.6600,9.9200,9.3300,9.3600,2849300
20130712,9.4700,9.8600,9.4500,9.6800,1807600
20130715,9.6200,9.6600,9.4700,9.6600,1434300
20130716,9.5200,9.6100,9.4700,9.5200,1812800
20130717,9.4500,9.6500,9.3900,9.3900,1310100
20130718,9.1400,9.5800,9.0200,9.4700,2391400
20130719,8.9300,9.2300,8.9200,9.2200,2246100
20130722,8.8800,8.9300,8.7000,8.9300,1251400
20130723,9.2700,9.2900,8.7300,8.7300,1696900
20130724,9.7900,10.1500,9.2800,9.3400,4660900
20130725,9.7700,10.1000,9.6000,9.6300,2642500
20130726,9.6800,9.8600,9.5000,9.7600,1556800
20130729,9.8300,9.8500,9.5900,9.7000,1790400
20130730,9.8800,10.1200,9.8400,9.9900,2762400
20130731,9.7900,9.8900,9.7100,9.7100,1184500
20130801,10.0300,10.0400,9.7900,9.8800,2297200
20130802,9.8400,10.1000,9.8200,10.0400,1768600
20130805,9.6800,9.8400,9.4000,9.7800,3092300
20130806,9.7600,9.8700,9.4700,9.6800,3552500
20130807,9.6600,9.8000,9.6300,9.7600,1486400
20130808,10.0100,10.0200,9.6300,9.6300,3263400
20130809,9.8700,10.1600,9.7000,10.1600,3113100
20130812,9.9600,9.9800,9.7500,9.8800,3565700
20130813,10.2800,10.4800,10.1000,10.1500,5023600
20130814,10.0900,10.3000,10.0300,10.2100,2469400
20130815,9.9000,10.2000,9.8800,10.0500,2183100
20130816,9.7400,9.9500,9.7100,9.9000,2397600
20130819,9.5700,9.8600,9.4700,9.7400,3223100
20130820,9.4500,9.6400,9.3800,9.5000,1916700
20130821,9.5000,9.5300,9.4200,9.4400,1636800
20130822,9.4900,9.5800,9.4400,9.5700,936100
20130823,9.4800,9.5800,9.3800,9.5300,2558000
20130826,9.5400,9.6700,9.5000,9.5000,4080800
20130827,9.2200,9.5300,9.1200,9.5300,6492900
20130828,9.2300,9.3400,9.1300,9.2500,2906300
20130829,9.1200,9.2600,9.1100,9.2000,2624400
20130830,9.2100,9.3300,9.0000,9.1200,3583200
20130902,9.9900,9.9900,9.2100,9.3000,6781900
20130903,10.4900,10.5400,10.0000,10.0000,9993000
20130904,10.5000,10.9700,10.4400,10.4400,8979000
20130905,10.5100,10.8800,10.4000,10.4400,6522900
20130906,10.8500,10.8700,10.4000,10.5100,5285000
20130909,11.4900,11.5000,10.8700,10.8700,10121000
20130910,11.4200,11.5600,11.1600,11.5100,7547100
20130911,11.1000,11.4800,11.0700,11.4300,4473300
20130912,11.1600,11.3300,11.1100,11.1100,2406100
20130913,10.8500,11.2100,10.7500,11.2100,3585300
20130916,10.2200,10.8500,10.1500,10.8400,10037600
20130917,10.1500,10.4900,10.0900,10.2000,5010300
20130918,10.2700,10.3500,10.1600,10.2000,2580500
20130920,10.2700,10.2700,10.2700,10.2700,0
20130923,10.6600,10.7000,10.2900,10.2900,4272400
20130924,10.4400,10.7500,10.3600,10.7300,2461600
20130925,10.1500,10.4400,10.1400,10.4400,4248400
20130926,10.0900,10.2600,10.0600,10.1400,2574000
20130927,10.5200,10.5800,10.1000,10.1600,2520600
20130930,11.0100,11.0500,10.5100,10.5100,4382400
20131001,11.0100,11.0100,11.0100,11.0100,0
20131002,11.0100,11.0100,11.0100,11.0100,0
20131003,11.0100,11.0100,11.0100,11.0100,0
20131004,11.0100,11.0100,11.0100,11.0100,0
20131007,11.0100,11.0100,11.0100,11.0100,0
20131008,10.7600,11.1900,10.6800,10.9300,4586100
20131009,10.5200,10.8700,10.5000,10.8700,3149600
20131010,10.6100,10.7700,10.4700,10.6000,3152100
20131011,11.0700,11.1100,10.6600,10.7300,5774000
20131014,10.9300,11.4400,10.8000,11.1800,7241400
20131015,10.7900,10.9900,10.7000,10.8700,2350900
20131016,10.6000,10.8300,10.4700,10.7500,2332600
20131017,10.3400,10.7900,10.1600,10.5100,3139300
20131018,10.0500,10.3800,9.9700,10.3400,5440800
20131021,9.6800,10.0000,9.0500,10.0000,16509100
20131022,9.1200,9.4300,9.0600,9.3800,13235000
20131023,8.6700,9.2300,8.6000,9.1200,12637700
20131024,8.2300,8.5500,7.8500,8.5500,14250800
20131025,8.1200,8.4800,8.0000,8.1600,14761100
20131028,7.5900,8.1500,7.3100,8.1200,31967500
20131029,7.3000,7.6900,7.1900,7.4400,44018700
20131030,7.1500,7.3600,7.0500,7.2500,31448500
20131031,7.0600,7.2000,7.0100,7.0900,21203900
20131101,6.8900,7.0800,6.7000,7.0300,23977700
20131104,7.0000,7.0300,6.5900,6.8000,49652900
20131105,7.0000,7.0600,6.8100,6.8200,40912200
20131106,6.7900,6.9600,6.7800,6.9300,27393200
20131107,6.7600,6.8600,6.6700,6.7100,14896300
20131108,6.8000,6.8900,6.6800,6.6900,15428300
20131111,6.7500,6.8300,6.4000,6.8000,21577900
20131112,6.9200,6.9500,6.6000,6.7000,21930900
20131113,6.5600,6.8900,6.5200,6.8500,32017000
20131114,6.5900,6.6200,6.4300,6.5700,14146800
20131115,6.6900,6.7500,6.5500,6.6000,14736500
20131118,6.7400,6.7900,6.6600,6.6800,17185800
20131119,6.8500,6.8600,6.7300,6.7500,18449300
20131120,6.8000,6.9300,6.7600,6.8600,16865900
20131121,6.9000,6.9300,6.7600,6.8000,20387600
20131122,7.5900,7.5900,6.8500,6.9100,69433904
20131125,7.3300,7.5900,7.3000,7.5900,46036100
20131126,7.7700,8.0500,7.2100,7.2800,53974100
20131127,7.6200,7.6600,7.3000,7.4000,38150500
20131128,7.4500,7.9700,7.4200,7.6000,42801300
20131129,7.3400,7.5200,7.2500,7.3500,32248400
20131202,6.8000,7.1800,6.7300,7.1000,26745700
20131203,7.1200,7.2300,6.7500,6.7900,17579700
20131204,7.1400,7.2000,7.0600,7.1200,18348600
20131205,7.1200,7.1600,7.0400,7.1100,9942600
20131206,7.2100,7.3400,7.0900,7.1100,15750900
20131209,7.2300,7.2800,7.1600,7.2600,9421400
20131210,7.2800,7.3400,7.1800,7.2000,9662800
20131211,7.2400,7.2900,7.0800,7.2900,11482800
20131212,7.1900,7.2800,7.1500,7.2200,7505900
20131213,7.0300,7.1900,7.0100,7.1800,9394000
20131216,6.8000,7.0900,6.7800,7.0000,11525200
20131217,6.6600,6.8600,6.6000,6.8100,8347800
20131218,6.6200,6.6900,6.5000,6.6600,7333100
20131219,6.6900,6.7800,6.6200,6.6200,8241700
20131220,6.6800,6.7800,6.5500,6.6800,5379200
20131223,6.6300,6.7000,6.5200,6.7000,4377900
20131224,6.5700,6.7600,6.5500,6.6100,7255700
20131225,6.5800,6.6200,6.5100,6.6000,6191300
20131226,6.2400,6.5600,6.2200,6.5600,12596000
20131227,6.2900,6.3400,6.1900,6.2200,6458600
20131230,6.2300,6.3600,6.2200,6.3000,5211100
20131231,6.2000,6.2300,6.0700,6.2200,5866300
20140101,6.2000,6.2000,6.2000,6.2000,0
20140102,6.3200,6.3800,6.1500,6.1500,6168800
20140103,6.2200,6.3700,6.2100,6.3000,5687800
20140106,5.8900,6.2200,5.8500,6.2200,8866400
20140107,5.7900,6.0100,5.7400,5.9000,7570300
20140108,5.5300,5.8400,5.5000,5.8000,11975400
20140109,5.3900,5.5400,5.2600,5.5200,11559200
20140110,5.9300,5.9300,5.3200,5.3400,16431100
20140113,5.8100,6.1500,5.7400,6.0300,17364100
20140114,6.0800,6.1100,5.6500,5.8200,16224700
20140115,6.0200,6.0600,5.9200,6.0300,8059100
20140116,6.2300,6.3000,5.9700,6.0300,10558600
20140117,6.0700,6.2300,6.0500,6.2300,6811900
20140120,5.8400,6.0800,5.7600,6.0800,6682100
20140121,5.9000,6.0200,5.8000,5.8400,3382700
20140122,6.0000,6.0300,5.8900,5.9000,5068400
20140123,5.9800,6.0600,5.9600,5.9600,5285000
20140124,5.9900,6.0300,5.9000,5.9800,7159700
20140127,5.8000,6.0000,5.7900,5.9800,6684000
20140128,5.7600,5.8900,5.7500,5.7800,4109900
20140129,5.6900,5.8000,5.6800,5.7900,4859200
20140130,5.5100,5.6300,5.4000,5.6300,6055800
20140131,5.5100,5.5100,5.5100,5.5100,0
20140203,5.5100,5.5100,5.5100,5.5100,0
20140205,5.5100,5.5100,5.5100,5.5100,0
20140206,5.5100,5.5100,5.5100,5.5100,0
20140207,5.8900,5.9900,5.5100,5.5100,9411700
20140210,5.9600,5.9700,5.7500,5.8800,15271600
20140211,6.0500,6.2300,5.9700,6.0000,13014100
20140212,6.0800,6.1000,6.0000,6.0500,8983100
20140213,5.9300,6.0800,5.9200,6.0800,8912100
20140214,5.9700,5.9700,5.8900,5.9100,6260600
20140217,5.9700,6.0100,5.9000,5.9700,9133400
20140218,5.8200,5.9700,5.8000,5.9700,10226200
20140219,6.1000,6.1900,5.8300,5.8300,18334400
20140220,6.0700,6.2400,6.0500,6.1000,13411500
20140221,5.9200,6.0700,5.8500,6.0000,9459600
20140224,5.8300,5.9000,5.7800,5.9000,5843100
20140225,5.5800,5.8800,5.5300,5.8300,9424300
