20130226,16.3900,16.9200,16.2300,16.4500,3799400
20130227,15.8300,16.4900,15.5300,16.3500,3847500
20130228,16.1300,16.1800,15.8300,15.8300,2483300
20130301,16.2400,16.4900,16.0300,16.0300,2346000
20130304,15.3000,16.2300,15.1500,16.2300,3328600
20130305,16.0000,16.0500,15.2600,15.2600,2807400
20130306,15.7800,16.0900,15.5000,15.9800,4730200
20130307,15.5700,15.9800,15.5300,15.8200,2060400
20130308,15.6700,16.1000,15.6000,15.6900,2513900
20130311,15.9400,16.2000,15.7000,15.7000,2653400
20130312,15.2300,16.1500,15.0000,15.9400,2322600
20130313,15.1900,15.2800,14.9800,15.0800,1258400
20130314,15.0500,15.3400,15.0100,15.1500,1552500
20130315,14.9900,15.2600,14.7100,15.0400,1255900
20130318,15.0600,15.4000,14.9500,14.9500,1930700
20130319,14.7500,15.1700,14.5800,15.1400,1865900
20130320,15.1600,15.2000,14.7000,14.7500,1789600
20130321,15.4200,15.5000,15.0800,15.2500,1545100
20130322,15.3900,15.5300,15.2300,15.4200,1006200
20130325,15.3900,15.4900,15.2600,15.4500,1192200
20130326,15.2200,15.3800,15.1300,15.2300,995200
20130327,15.8600,15.8700,15.2000,15.2200,3073300
20130328,15.6100,15.9200,15.4600,15.8000,1879500
20130329,15.6100,15.8000,15.4100,15.6300,1001600
20130401,15.3000,15.4900,14.9000,15.4900,1868000
20130402,15.3500,15.4700,15.1200,15.3200,1519300
20130403,14.9100,15.3800,14.9000,15.2200,1236700
20130404,14.9100,14.9100,14.9100,14.9100,0
20130405,14.9100,14.9100,14.9100,14.9100,0
20130408,14.6800,14.8100,14.2500,14.8100,1883000
20130409,14.7700,15.0000,14.5700,14.6800,971300
20130410,14.4500,14.8600,14.3000,14.6300,1278400
20130411,14.3800,14.6700,14.3000,14.5200,531000
20130412,14.3900,14.4700,14.2800,14.4200,533300
20130415,13.9500,14.4400,13.9000,14.4400,943600
20130416,13.9000,13.9900,13.7800,13.8700,1022500
20130417,14.9200,14.9500,13.9200,14.0000,2041400
20130418,15.3400,15.3900,14.7500,14.9200,3546100
20130419,15.3100,15.6200,15.2500,15.2600,2581600
20130422,15.9700,16.2000,15.2200,15.2600,3473900
20130423,15.6400,16.0400,15.5500,15.6500,1785000
20130424,16.3000,16.8500,15.7000,15.7000,6005200
20130425,16.3000,16.6800,16.0700,16.3200,4793200
20130426,15.5500,16.5600,15.3200,16.4100,3205100
20130429,15.5500,15.5500,15.5500,15.5500,0
20130430,15.5500,15.5500,15.5500,15.5500,0
20130501,15.5500,15.5500,15.5500,15.5500,0
20130502,15.9000,16.0000,15.1500,15.3800,4115600
20130503,15.9500,16.1000,15.7800,15.9800,2658000
20130506,16.8000,17.5500,15.9900,16.0500,7934200
20130507,16.4700,17.1000,16.2500,16.7200,4711600
20130508,16.8900,17.1900,16.5500,16.5500,5233400
20130509,17.1000,17.2500,16.6100,16.8800,6283400
20130510,16.5700,17.8800,16.5300,17.1400,7305300
20130513,16.2000,16.5500,15.8500,16.3100,6014300
20130514,15.7900,16.1900,15.5800,16.1700,3289600
20130515,16.0800,16.1100,15.7000,15.7400,3178400
20130516,16.0800,16.3500,15.8000,15.9900,3552800
20130517,16.9700,17.2000,16.0400,16.1800,6761100
20130520,17.3000,17.8400,16.9300,17.0500,7357700
20130521,19.0300,19.0300,17.3000,17.3000,16581000
20130522,18.3800,18.8700,17.8800,18.8000,12055300
20130523,18.1100,18.4000,17.9000,18.0700,6865500
20130524,19.1400,19.3800,18.3000,18.3500,11676800
20130527,18.9100,19.1500,18.6200,19.1500,6473100
20130528,18.1200,18.8800,17.8800,18.8800,7824600
20130529,18.3000,18.5000,17.9600,18.0600,4161800
20130530,18.5500,18.7000,18.0000,18.3200,4816900
20130531,18.1000,18.7800,18.0500,18.4200,3736100
20130603,17.6800,18.1000,17.6000,18.0200,3352300
20130604,17.0000,17.8900,16.6000,17.6000,4282600
20130605,17.1900,17.4000,16.8200,16.9500,2507500
20130606,16.5200,17.2700,16.4700,17.0500,2685300
20130607,16.5200,16.9500,16.3200,16.5800,2297100
20130610,16.5200,16.5200,16.5200,16.5200,0
20130611,16.5200,16.5200,16.5200,16.5200,0
20130612,16.5200,16.5200,16.5200,16.5200,0
20130613,16.0000,16.3400,15.1100,16.3400,2855300
20130614,17.1000,17.5000,16.0100,16.0100,5636700
20130617,18.8100,18.8100,17.8000,18.0000,8472300
20130618,19.5500,20.3000,18.3000,19.1000,16404300
20130619,18.9600,19.4100,18.3100,18.9400,8928500
20130620,18.1200,19.9300,18.0700,18.7300,11371900
20130621,18.5100,18.7000,17.1200,17.1600,8481000
20130624,16.9800,18.6400,16.6600,18.3100,8207900
20130625,18.0300,18.2800,15.6500,16.8100,10445800
20130626,19.8300,19.8300,17.7300,17.8500,16538500
20130627,19.6100,20.7000,19.0800,19.9400,18107000
20130628,21.5700,21.5700,18.8800,19.0600,18836500
20130701,23.7300,23.7300,21.1100,21.8700,24532600
20130702,24.4000,24.8000,23.3700,23.6800,20547700
20130703,26.8400,26.8400,23.9500,24.0000,16677800
20130704,28.7800,29.5000,27.8500,28.4000,21149400
20130705,27.3100,29.9800,26.7200,28.7000,22326800
20130708,26.2100,27.2800,25.6700,26.8000,21990700
20130709,26.3700,27.0000,25.2200,26.1100,20227000
20130710,26.4500,28.4900,25.6100,25.9000,23238500
20130711,26.6200,26.7000,25.1500,25.8300,18965000
20130712,26.3800,28.3000,26.1500,26.1500,22071200
20130715,28.0300,28.2000,25.8000,26.0000,18417900
20130716,27.1700,28.1300,26.6100,27.7800,14163100
20130717,29.8900,29.8900,28.2500,28.2500,12964400
20130718,31.4900,32.6600,30.1000,32.0500,27050100
20130719,31.8200,33.9400,30.6000,31.1300,19398700
20130722,32.8100,33.2800,30.5900,31.8200,14092900
20130723,32.3500,32.5000,31.2500,32.3900,11684100
20130724,32.4200,33.9900,32.1800,32.6300,14682300
20130725,29.3900,31.8000,29.3600,31.6900,13327400
20130726,29.6900,30.4900,28.1800,29.3600,10131600
20130729,28.3000,29.8800,28.2600,28.9600,5930800
20130730,27.2600,28.7000,26.3500,28.3000,8857100
20130731,28.0000,28.3600,27.1100,27.6000,7553400
20130801,29.4900,29.9800,27.5600,27.9000,7946500
20130802,29.0800,29.8800,29.0000,29.3000,5967900
20130805,29.1600,29.4400,28.4800,28.4800,4057000
20130806,31.2300,31.9800,29.0000,29.0000,11108300
20130807,29.9900,31.0000,29.8600,30.8000,6670700
20130808,29.7800,30.1000,28.8000,29.7500,4513300
20130809,28.8700,30.1200,28.0800,29.7800,4514200
20130812,28.4100,29.1100,27.7000,28.8900,5190000
20130813,28.8300,29.6600,27.7100,28.3500,6158800
20130814,28.8900,29.2400,28.0900,28.7900,4426700
20130815,29.0500,30.1000,28.3200,28.8000,8615900
20130816,27.4500,29.4600,27.3000,28.5000,7127800
20130819,27.9000,28.1900,27.0000,27.3200,4310300
20130820,28.4600,28.7500,27.9000,28.0000,6330800
20130821,28.4400,28.7000,28.0000,28.7000,3622400
20130822,30.6200,31.0000,28.4400,28.4400,13376500
20130823,31.2900,31.9000,29.8500,30.5000,12847200
20130826,34.4200,34.4200,30.8200,31.2000,14152500
20130827,35.7300,36.1300,33.5000,34.2000,14728000
20130828,37.9500,38.8800,36.3500,36.3500,14069300
20130829,38.2500,39.6000,36.2900,36.3200,10894400
20130830,34.8800,37.8000,34.4300,37.8000,8135000
20130902,38.3700,38.3700,34.1100,34.3000,10442900
20130903,41.0100,42.0600,36.8800,38.7700,11046700
20130904,40.2900,43.2800,39.6500,40.4000,8583200
20130905,41.4300,43.0000,39.4300,40.0000,7896800
20130906,41.1600,42.0900,39.8000,41.6000,6483800
20130909,41.4200,43.0000,40.3000,40.3000,7224900
20130910,39.8700,42.1900,38.6400,41.2000,9123500
20130911,37.1200,39.6600,36.3100,39.2700,5348300
20130912,37.3100,38.5400,37.0000,37.2100,3790600
20130913,39.6300,40.4900,36.5000,37.1500,5844300
20130916,41.3800,43.0000,39.0100,39.5900,8661200
20130917,41.5800,42.4000,40.2800,41.8000,5350700
20130918,45.7400,45.7400,41.0500,41.4000,7555400
20130920,45.7400,45.7400,45.7400,45.7400,0
20130923,47.7900,49.0000,46.2800,48.0000,10248300
20130924,46.5900,48.3500,45.7600,47.1900,8955400
20130925,47.3000,51.0000,45.7200,46.0000,8887500
20130926,45.4500,48.1700,44.6000,46.1800,6421700
20130927,46.6400,47.7300,44.8200,45.1800,4306000
20130930,48.7000,49.9000,46.2100,46.5400,5723700
20131001,48.7000,48.7000,48.7000,48.7000,0
20131002,48.7000,48.7000,48.7000,48.7000,0
20131003,48.7000,48.7000,48.7000,48.7000,0
20131004,48.7000,48.7000,48.7000,48.7000,0
20131007,48.7000,48.7000,48.7000,48.7000,0
20131008,47.9800,49.4500,45.9000,49.1000,6522000
20131009,47.9700,48.9100,46.5700,47.5000,5279600
20131010,43.5800,48.3500,43.2500,48.2800,8529000
20131011,42.5400,44.1800,40.2200,43.4000,8647400
20131014,42.8500,43.1200,41.0500,42.3000,5452900
20131015,41.7500,43.5300,41.0100,42.5100,5025300
20131016,37.6400,42.1800,37.5800,41.9300,7271800
20131017,37.1100,38.5300,36.4500,38.0200,5046300
20131018,39.3700,40.4000,37.2000,37.2000,7844900
20131021,39.7800,39.9500,38.4600,39.5000,6046500
20131022,35.8000,39.4100,35.8000,39.4100,10319100
20131023,35.3700,36.1700,34.3400,35.3600,6829600
20131024,34.8600,35.6700,34.5000,35.4500,4170900
20131025,33.4600,35.3000,32.0000,35.0600,7548400
20131028,33.8900,34.3500,32.7000,33.4500,6142300
20131029,31.8900,34.0500,30.5000,33.5000,11504900
20131030,34.6600,35.0800,31.9500,32.2400,16818600
20131031,33.3800,34.0600,32.3900,33.7500,10189700
20131101,33.6000,34.6800,32.0000,33.1000,8722500
20131104,33.6300,34.4500,33.1600,33.2000,5279400
20131105,34.7500,34.7900,32.6000,33.2800,8106400
20131106,32.7500,34.8700,32.5000,34.5100,7559900
20131107,32.5600,33.8300,31.2000,32.3800,6198000
20131108,32.9900,33.6900,31.7900,32.0200,5486100
20131111,32.0900,32.9800,31.8200,32.5000,3687800
20131112,33.2600,33.7200,31.9000,32.1800,6431000
20131113,34.2300,34.9000,32.9100,33.2600,11051100
20131114,36.0200,36.4000,33.2800,33.7000,10853000
20131115,36.6700,38.5000,35.6100,36.0000,11748200
20131118,37.0000,37.3700,36.2200,36.8600,7412400
20131119,36.8900,38.2000,36.4000,37.0300,6584500
20131120,36.5300,37.1800,35.5800,37.0100,6130000
20131121,36.6700,37.4000,35.8200,36.4000,7396900
20131122,36.7400,37.6600,35.5500,36.4000,8465900
20131125,35.5300,36.7000,35.4000,36.2000,4518200
20131126,34.2500,35.7500,34.0800,35.2200,5097600
20131127,35.6700,36.4300,33.8200,34.2100,7206400
20131128,35.4500,35.7500,35.0300,35.6800,4781300
20131129,35.9700,36.4700,35.3300,35.3300,5311800
20131202,32.3700,34.5000,32.3700,34.5000,9263400
20131203,32.3400,32.6500,31.2200,31.5200,3223800
20131204,32.3800,33.1800,32.0300,32.1000,3377700
20131205,31.2800,32.6400,31.2300,32.3800,4367500
20131206,31.6200,31.9900,31.1000,31.2700,2855100
20131209,32.3500,32.4300,31.5000,31.8000,3712900
20131210,31.8500,32.4900,31.6000,32.2200,2596300
20131211,31.6500,32.4300,31.4000,31.6600,4216100
20131212,33.8700,33.9800,31.4000,31.6000,10161100
20131213,33.5800,34.1800,32.8500,33.4400,6171700
20131216,33.8600,34.6600,33.1200,33.5000,4393400
20131217,32.3700,34.1500,32.0300,33.9000,3840000
20131218,31.5700,32.5500,31.1300,32.3800,2874000
20131219,31.5900,32.8300,31.2500,31.2500,3085800
20131220,31.6300,32.1700,31.3000,31.6200,1701700
20131223,30.6700,31.7800,29.5000,31.6000,2883600
20131224,31.0900,31.2600,30.3300,30.6400,2292400
20131225,32.3200,32.4200,30.7700,31.0100,2809000
20131226,31.1200,32.3600,31.0200,32.2000,2251600
20131227,31.4600,31.6600,31.0100,31.1600,1547700
20131230,31.4600,31.9800,31.3200,31.4600,1917600
20131231,30.3700,31.9900,30.2200,31.3800,3705300
20140101,30.3700,30.3700,30.3700,30.3700,0
20140102,31.0900,31.2600,30.4300,30.4400,3529800
20140103,32.1300,32.4500,30.9100,30.9100,5458400
20140106,31.2300,32.3300,31.2000,31.8500,3665000
20140107,32.2300,32.2600,30.8200,31.0800,3988800
20140108,34.1000,34.7000,32.3600,32.5100,7519000
20140109,35.2500,36.9800,33.8800,34.1200,11532600
20140110,35.2300,36.2000,34.0100,35.2600,4655900
20140113,35.2300,36.0000,34.6100,35.2500,4358900
20140114,36.0000,36.0000,35.0000,35.4300,4755700
20140115,36.0600,36.7900,35.5800,36.2500,4833400
20140116,34.7100,36.4500,34.5000,35.8600,4682600
20140117,33.6800,34.9700,33.5000,34.5600,4311700
20140120,32.6100,33.8000,32.2000,33.5000,3534100
20140121,34.1700,34.2300,32.6500,32.6500,4552300
20140122,37.5900,37.5900,34.0100,34.1800,11617500
20140123,39.8900,40.8600,37.8000,38.0000,12241300
20140124,39.8100,39.8500,38.5200,39.5000,6522000
20140127,39.4300,41.1900,38.5500,39.4000,7057000
20140128,38.8100,40.0900,37.8400,39.2200,4503400
20140129,41.4300,41.7700,39.0200,39.0200,8052900
20140130,41.3900,42.5000,40.5200,41.4300,5322900
20140131,41.3900,41.3900,41.3900,41.3900,0
20140203,41.3900,41.3900,41.3900,41.3900,0
20140205,41.3900,41.3900,41.3900,41.3900,0
20140206,41.3900,41.3900,41.3900,41.3900,0
20140207,43.6400,44.4500,40.6100,41.0000,4872100
20140210,43.2700,46.3500,43.2300,43.5100,8600400
20140211,43.5800,43.9500,40.7900,43.1800,6482700
20140212,41.9900,42.8700,41.4100,42.8500,4010800
20140213,39.3400,42.2000,39.0200,41.9900,5769400
20140214,40.3900,41.3500,38.9000,39.3000,5102900
20140217,40.7300,40.7800,39.1000,40.3100,4235800
20140218,41.1100,42.1800,39.6300,40.7500,5549800
20140219,40.6900,41.9800,40.2200,41.1300,3668400
20140220,38.7500,40.8000,37.8000,40.6800,6441000
20140221,39.0300,39.2500,38.2100,38.5900,2718700
20140224,39.6300,39.7800,38.8200,39.2600,3327700
20140225,38.8100,43.1800,36.0000,39.5000,7531500
