20130226,22.6000,22.8900,22.4300,22.5100,955400
20130227,22.6000,23.0000,22.4900,22.7000,250700
20130228,22.7000,22.9000,22.4300,22.6000,338000
20130301,22.8900,22.9000,22.5000,22.7300,1241900
20130304,22.0900,22.7500,21.9600,22.7500,714200
20130305,22.3700,22.4900,22.1000,22.1800,217900
20130306,22.6500,22.8400,22.3700,22.3700,760500
20130307,22.7000,22.8900,22.4300,22.6400,493000
20130308,22.5000,22.7900,22.5000,22.7000,155800
20130311,21.8300,22.5000,21.8100,22.5000,1408000
20130312,21.0200,21.8700,20.5000,21.7800,802400
20130313,21.0400,21.3300,20.8800,20.9100,221500
20130314,21.4100,21.5000,20.9100,21.0000,182300
20130315,21.3100,21.7500,21.1300,21.4000,142000
20130318,21.1500,21.5200,21.0300,21.2100,204000
20130319,20.6500,21.2700,20.3000,21.0600,851800
20130320,21.2900,21.3500,20.6400,20.6400,426800
20130321,21.4300,21.6000,21.0000,21.3500,228100
20130322,21.4700,21.4800,21.2300,21.4100,82500
20130325,21.3200,21.6200,21.2400,21.4500,273600
20130326,21.4500,21.4500,21.1700,21.2600,312600
20130327,21.5800,21.6200,21.0600,21.4200,644200
20130328,21.1600,21.4800,21.1500,21.4800,240800
20130329,21.2200,21.3800,21.0100,21.0100,124500
20130401,20.8000,21.2000,20.8000,21.2000,549100
20130402,20.6000,20.8800,20.3400,20.8100,241800
20130403,20.6000,20.8000,20.4500,20.5000,472500
20130404,20.6000,20.6000,20.6000,20.6000,0
20130405,20.6000,20.6000,20.6000,20.6000,0
20130408,21.3000,22.6000,20.0300,20.5800,462700
20130409,21.0600,21.2600,20.9300,21.2600,463000
20130410,21.0000,21.2500,20.9000,21.0200,333000
20130411,20.8500,21.2900,20.6200,21.2900,198100
20130412,20.3000,20.8200,20.1700,20.8100,1095200
20130415,19.8000,20.5000,19.7500,20.5000,531600
20130416,20.0000,20.0900,19.6700,19.8000,611300
20130417,20.0000,20.1300,19.8200,19.8600,215600
20130418,20.1800,20.3600,19.8500,20.0000,569600
20130419,20.4600,20.7300,20.1800,20.1800,875600
20130422,20.1900,20.4600,20.1400,20.2700,528100
20130423,20.1700,20.3500,20.0500,20.1800,416900
20130424,20.1000,20.1700,19.9500,20.0600,775200
20130425,19.7000,20.2700,19.7000,20.1000,802100
20130426,19.8300,19.9900,19.5200,19.7100,791100
20130429,19.8300,19.8300,19.8300,19.8300,0
20130430,19.8300,19.8300,19.8300,19.8300,0
20130501,19.8300,19.8300,19.8300,19.8300,0
20130502,19.9100,20.0000,19.6500,19.8700,996000
20130503,20.1000,20.1600,19.8800,19.9800,1555000
20130506,20.0000,20.2200,19.9500,20.1500,1130300
20130507,19.9900,20.1400,19.8300,20.1000,668000
20130508,19.9800,20.0700,19.7000,20.0500,680600
20130509,19.9000,20.0000,19.8400,20.0000,734900
20130510,19.9000,19.9400,19.6600,19.9000,882200
20130513,19.9700,20.0200,19.8100,19.9300,919500
20130514,20.0400,20.0500,19.8700,19.9700,724600
20130515,19.8400,20.1500,19.7200,20.0500,791200
20130516,19.9900,20.0300,19.6200,19.8500,909800
20130517,20.5400,20.8700,19.9000,19.9800,1716600
20130520,20.4600,20.8500,20.4000,20.5500,1186500
20130521,20.5700,20.5900,20.1900,20.4500,1431600
20130522,21.5300,21.7600,20.4600,20.5500,2145100
20130523,21.1600,21.8800,20.9300,21.5500,2117800
20130524,21.3100,21.4700,21.0600,21.0600,823700
20130527,21.7000,21.9000,21.2100,21.2200,796900
20130528,21.6900,22.0400,21.5600,21.8700,732400
20130529,21.3700,21.8700,21.3000,21.6300,569700
20130530,21.1000,21.4000,20.8800,21.4000,575800
20130531,21.2700,21.3700,21.1000,21.1000,516500
20130603,21.0800,21.3900,20.9200,21.1100,790300
20130604,20.3900,21.2200,20.3100,20.8800,1069000
20130605,20.5000,20.5700,20.3500,20.3500,489700
20130606,20.1000,20.5300,20.0100,20.3800,521800
20130607,19.8900,20.1800,19.7100,20.1800,596700
20130610,19.8900,19.8900,19.8900,19.8900,0
20130611,19.8900,19.8900,19.8900,19.8900,0
20130612,19.8900,19.8900,19.8900,19.8900,0
20130613,19.0000,19.8900,18.7000,19.8800,3505800
20130614,18.8700,19.2400,18.3600,19.2100,5600800
20130617,18.9200,19.1800,18.6200,18.8000,1769200
20130618,19.2600,19.3500,18.8200,18.9800,666300
20130619,19.3600,19.5300,18.8500,19.2500,629000
20130620,18.6900,19.2200,18.6800,19.1000,659800
20130621,18.6100,18.7000,18.3200,18.5100,474000
20130624,17.8400,18.6200,17.7700,18.6200,1314200
20130625,17.6800,17.8400,16.8500,17.8400,941500
20130626,17.3400,17.7700,17.2000,17.6800,784300
20130627,17.4300,17.6800,17.3700,17.4000,1068500
20130628,18.3900,18.5000,17.0800,17.4800,2408300
20130701,18.8000,18.9500,18.0800,18.0800,385700
20130702,18.3600,18.9400,18.0000,18.5800,369800
20130703,17.7900,18.2600,17.4000,18.2500,740900
20130704,18.1900,18.2300,17.3600,17.8200,576800
20130705,18.0300,18.3000,17.8100,18.2100,610000
20130708,17.5000,17.8900,17.1100,17.8900,1305300
20130709,17.7900,17.9400,17.3000,17.3700,781300
20130710,18.0700,18.6700,17.7000,18.6700,685300
20130711,18.4900,18.5700,17.8000,17.8300,1317700
20130712,18.4100,18.6100,18.1800,18.5000,593400
20130715,19.0400,19.0900,18.4100,18.4500,1576300
20130716,19.0500,19.2400,18.6500,19.1000,775900
20130717,18.5500,19.0000,18.4500,18.9000,601200
20130718,17.9900,18.5400,17.8000,18.5400,724300
20130719,17.6700,18.0800,17.6100,17.9400,817800
20130722,17.6600,17.7000,17.2600,17.2600,687000
20130723,17.9900,18.0400,17.5100,17.5100,970600
20130724,17.5900,18.0000,17.4000,17.8900,1473900
20130725,17.5800,17.8000,17.4000,17.6400,737900
20130726,17.3400,17.6000,17.3000,17.5100,466300
20130729,17.2100,17.4000,17.0000,17.3400,661900
20130730,17.0000,17.2900,16.8800,17.2000,911800
20130731,17.0800,17.2900,16.9500,17.0100,713500
20130801,17.4000,17.4300,16.9000,17.0100,812500
20130802,17.2200,17.4700,17.1700,17.3900,622900
20130805,17.3700,17.5000,17.1000,17.1800,783400
20130806,17.5300,17.6500,17.2300,17.3700,1442700
20130807,17.5200,17.6500,17.3500,17.5200,944100
20130808,17.3500,17.5300,17.3100,17.5300,472200
20130809,17.6300,17.6700,17.2100,17.3700,1640600
20130812,17.9500,18.1000,17.4000,17.5600,2731200
20130813,18.0500,18.1600,17.6500,17.6500,1581400
20130814,18.1700,18.2800,17.9100,18.0500,1677800
20130815,17.8500,18.2000,17.8200,18.1700,886600
20130816,18.2600,18.5000,17.7500,17.7500,2334300
20130819,18.2900,18.5500,18.1000,18.2500,1434900
20130820,18.0200,18.3400,17.9500,18.3400,1169700
20130821,18.0300,18.1900,17.9200,17.9900,688600
20130822,17.9200,18.1700,17.8400,18.0000,544700
20130823,17.5100,18.1000,17.4500,18.1000,824900
20130826,17.9500,18.0700,17.5100,17.5100,741600
20130827,17.9600,18.0500,17.8100,17.8200,389700
20130828,17.7900,17.9000,17.7000,17.9000,591000
20130829,17.6400,17.8100,17.5300,17.7900,437000
20130830,18.1800,18.2700,17.6000,17.6400,1684100
20130902,18.1900,18.2900,17.8100,18.2000,932900
20130903,18.2700,18.4100,17.9800,18.0300,1116400
20130904,17.9500,18.3500,17.7800,18.3000,1586600
20130905,17.9900,18.1300,17.8600,17.9500,584900
20130906,17.9300,18.0800,17.7700,17.9700,779900
20130909,18.0500,18.0800,17.8600,17.9700,1132300
20130910,18.4200,18.5000,18.0000,18.0500,1523700
20130911,18.8500,19.0000,18.4100,18.4200,2189700
20130912,19.0800,19.2000,18.6000,18.8100,1469400
20130913,19.8400,20.3000,19.0000,19.0000,3134000
20130916,19.5100,19.8700,19.1800,19.8400,1670700
20130917,19.0500,19.7300,19.0000,19.5100,830800
20130918,19.0000,19.2400,18.8000,19.0400,824000
20130920,19.0000,19.0000,19.0000,19.0000,0
20130923,19.3000,19.3100,18.9300,19.2000,926200
20130924,19.2400,19.3600,18.7700,19.3100,1031000
20130925,21.1200,21.1600,19.3500,19.3600,6122300
20130926,20.5100,21.2600,20.4500,20.7000,2737800
20130927,19.5900,20.7600,19.5000,20.5000,3025300
20130930,20.3300,20.6200,19.5900,19.8000,1825900
20131001,20.3300,20.3300,20.3300,20.3300,0
20131002,20.3300,20.3300,20.3300,20.3300,0
20131003,20.3300,20.3300,20.3300,20.3300,0
20131004,20.3300,20.3300,20.3300,20.3300,0
20131007,20.3300,20.3300,20.3300,20.3300,0
20131008,20.7800,21.0000,19.7600,20.0900,1558300
20131009,20.5600,20.8100,20.4000,20.4900,725600
20131010,20.2000,20.5600,20.0900,20.4800,1003500
20131011,22.0000,22.2000,20.1700,20.1700,3800000
20131014,23.0000,23.0100,22.0900,22.2000,4411400
20131015,22.7500,23.4300,22.5500,22.9000,2878500
20131016,22.1600,22.7100,21.7200,22.7100,1384900
20131017,21.6400,22.2600,21.3000,22.1000,1249200
20131018,21.2600,21.7400,20.9000,21.3500,1536700
20131021,21.8300,22.0400,21.0500,21.2800,1362300
20131022,20.7800,21.8300,20.3000,21.8300,2272900
20131023,19.5900,20.8000,19.5600,20.6300,2299200
20131024,19.3900,19.8700,19.2000,19.5900,1783600
20131025,18.8000,19.6200,18.5800,19.3800,2803900
20131028,19.1400,19.3800,18.8000,19.0000,1879400
20131029,18.9500,19.3900,18.5000,19.2400,1531900
20131030,19.1200,19.2000,18.8800,18.8800,1555400
20131031,19.0300,19.3300,18.5000,19.1100,1479500
20131101,19.1900,19.2100,18.7000,19.0700,484400
20131104,19.1900,19.4800,18.6000,19.2500,1383200
20131105,19.6900,19.8300,18.8100,19.1300,976500
20131106,19.6700,20.2000,19.4900,19.5200,1419100
20131107,19.4600,19.7900,19.3000,19.5700,490800
20131108,19.3200,19.7000,19.2400,19.4500,924300
20131111,19.2800,19.4600,19.2200,19.4600,316600
20131112,18.8900,19.3700,18.7600,19.2000,1038800
20131113,18.4100,18.8600,18.4000,18.8200,650000
20131114,18.7000,18.7100,18.2500,18.4100,852100
20131115,18.8800,19.0000,18.5000,18.5000,1771300
20131118,19.0700,19.1000,18.7000,18.9500,1972100
20131119,18.7200,19.0800,18.5900,19.0800,3470500
20131120,19.0500,19.0700,18.6200,18.6900,1508400
20131121,19.2200,19.2600,18.8300,18.9500,1367000
20131122,18.9800,19.4000,18.8300,19.2500,1354000
20131125,18.6800,19.0700,18.6000,18.9800,1876600
20131126,18.5600,18.7000,18.1800,18.6500,2686900
20131127,18.4000,18.5500,18.1800,18.5200,3470700
20131128,18.7400,18.9800,18.4300,18.4500,2419800
20131129,18.8400,18.9000,18.5300,18.8000,1497000
20131202,18.2300,18.7000,18.1900,18.5200,2138500
20131203,18.7300,18.7600,18.0600,18.0600,1112200
20131204,19.0900,19.1400,18.6900,18.7700,2281500
20131205,19.0000,19.1500,18.9200,19.1000,1281300
20131206,19.2500,19.3600,19.0000,19.0300,1996200
20131209,19.3000,19.3500,19.1200,19.2600,1730100
20131210,19.7700,19.9000,19.2200,19.2800,2754400
20131211,19.5900,19.7300,19.2500,19.6000,2469300
20131212,19.8500,20.0700,19.4600,19.5300,1952800
20131213,19.8900,20.0800,19.6000,19.8500,1156400
20131216,19.2400,19.9700,19.2000,19.8000,918400
20131217,19.0500,19.3500,19.0000,19.3000,593900
20131218,19.1400,19.2700,19.0200,19.0200,491300
20131219,19.1300,19.2800,19.0800,19.1100,688400
20131220,18.6700,19.1200,18.6100,19.1000,636400
20131223,18.7700,18.9300,18.4000,18.6100,665500
20131224,18.9100,19.2000,18.5400,18.7800,1241100
20131225,18.9000,19.0000,18.7600,18.7700,304200
20131226,18.4300,19.0200,18.4000,18.9600,511100
20131227,18.6400,18.6600,18.3700,18.4900,1304800
20131230,18.6700,18.9000,18.6200,18.7100,1500900
20131231,18.7300,18.8700,18.5000,18.7000,1268900
20140101,18.7300,18.7300,18.7300,18.7300,0
20140102,18.8000,18.9000,18.6500,18.7300,1121500
20140103,18.4400,18.8200,18.2000,18.8000,1759600
20140106,17.8600,18.4300,17.6300,18.4300,1479400
20140107,17.9200,18.1700,17.5500,17.8000,1976900
20140108,17.3100,18.0300,17.0100,17.9200,4353600
20140109,17.0900,17.5600,16.9900,17.2200,1902000
20140110,16.9000,17.1800,16.8200,17.0000,1264300
20140113,16.6500,17.1000,16.5000,16.9100,1385700
20140114,16.8200,16.9000,16.5300,16.5300,1118800
20140115,16.8200,16.8700,16.7300,16.8000,689300
20140116,17.0200,17.1400,16.7600,16.8500,904400
20140117,16.8500,17.0400,16.7400,16.9500,646100
20140120,16.7000,16.9200,16.6500,16.8500,626800
20140121,17.0200,17.1500,16.7500,16.7500,512600
20140122,17.3600,17.4000,16.9800,17.0000,939800
20140123,17.2800,17.4100,17.2500,17.2600,949300
20140124,17.4000,17.4900,17.2000,17.2500,966200
20140127,16.9900,17.3700,16.9000,17.3700,1526200
20140128,17.1100,17.1200,16.9100,17.0000,734300
20140129,17.3100,17.3500,17.0400,17.1100,525600
20140130,17.2900,17.3700,17.1300,17.1300,462600
20140131,17.2900,17.2900,17.2900,17.2900,0
20140203,17.2900,17.2900,17.2900,17.2900,0
20140205,17.2900,17.2900,17.2900,17.2900,0
20140206,17.2900,17.2900,17.2900,17.2900,0
20140207,17.3400,17.3500,17.1600,17.2400,404400
20140210,17.7100,17.7300,17.3000,17.3400,939100
20140211,17.8700,18.1600,17.6000,17.7100,1188900
20140212,17.9700,18.0800,17.7400,17.9500,1274200
20140213,17.5100,17.9800,17.1500,17.9800,1730100
20140214,17.8600,17.8900,17.3600,17.3600,1212700
20140217,18.0500,18.1400,17.8500,17.8800,1215100
20140218,17.7100,18.0800,17.6800,18.0700,1149500
20140219,17.7300,17.8500,17.5500,17.7100,2087700
20140220,17.9300,18.1500,17.6600,17.7600,2999800
20140221,17.3900,17.9000,17.2200,17.8700,1875800
20140224,16.8100,17.3500,16.7000,17.3500,2061300
20140225,16.4100,16.9300,16.4100,16.8200,2076000
