20130226,5.2800,5.5100,5.2700,5.4600,3151200
20130227,5.3200,5.3600,5.1800,5.3000,2771200
20130228,5.4200,5.4500,5.3100,5.3600,3831800
20130301,5.4000,5.4600,5.3400,5.4300,3385900
20130304,4.8600,5.2600,4.8600,5.2600,11966400
20130305,5.0000,5.1000,4.7000,4.8000,16011000
20130306,5.0100,5.0400,4.9000,5.0000,6705900
20130307,4.9700,5.0800,4.9200,5.0200,3868900
20130308,4.9500,4.9900,4.8600,4.9700,4305300
20130311,4.9200,4.9800,4.8300,4.9200,2251400
20130312,4.8400,4.9400,4.7800,4.9200,3680900
20130313,4.8100,4.8500,4.7200,4.8100,3265500
20130314,4.8500,4.8700,4.7600,4.8000,2021600
20130315,4.8800,5.0000,4.7500,4.8400,4852700
20130318,4.8300,4.9300,4.8100,4.8600,2176600
20130319,4.8800,4.9300,4.8000,4.8300,2820200
20130320,5.0100,5.0200,4.8600,4.8900,5027800
20130321,4.9900,5.0500,4.9300,5.0000,5761900
20130322,5.0800,5.1200,4.9500,4.9800,8572300
20130325,4.9500,5.0500,4.9300,5.0400,3856200
20130326,4.9300,5.0000,4.8800,4.9500,2371400
20130327,4.8600,4.9600,4.7900,4.9300,3622600
20130328,4.6800,4.8600,4.6300,4.8600,4423600
20130329,4.6800,4.7300,4.6600,4.6800,1713600
20130401,4.6900,4.7500,4.6200,4.6200,2284200
20130402,4.7900,4.8200,4.6000,4.6900,6719400
20130403,4.7600,4.8000,4.6400,4.7500,5572800
20130404,4.7600,4.7600,4.7600,4.7600,0
20130405,4.7600,4.7600,4.7600,4.7600,0
20130408,4.7200,4.7500,4.6200,4.6900,1954600
20130409,4.7800,4.8000,4.7000,4.7300,3062300
20130410,4.7100,4.7800,4.6600,4.7700,2928600
20130411,4.6800,4.7500,4.6800,4.7200,2147300
20130412,4.6400,4.7000,4.6300,4.6800,1587600
20130415,4.6500,4.6900,4.6200,4.6400,1810800
20130416,4.7400,4.7400,4.6100,4.6300,2293800
20130417,4.7200,4.7600,4.6800,4.7500,1686600
20130418,4.6900,4.7400,4.6600,4.7000,1308000
20130419,4.7700,4.7900,4.6900,4.7200,3684400
20130422,4.8800,4.9000,4.7300,4.7500,4980500
20130423,4.6900,4.9400,4.6600,4.8500,6722100
20130424,4.7800,4.8300,4.6600,4.6900,2367100
20130425,4.6700,4.7700,4.6500,4.7500,3426800
20130426,4.5800,4.6900,4.5200,4.6800,3169300
20130429,4.5800,4.5800,4.5800,4.5800,0
20130430,4.5800,4.5800,4.5800,4.5800,0
20130501,4.5800,4.5800,4.5800,4.5800,0
20130502,4.5600,4.5900,4.4800,4.5200,3302700
20130503,4.6300,4.6700,4.5400,4.5600,2353700
20130506,4.6800,4.7600,4.5900,4.6300,4099200
20130507,4.7200,4.7400,4.6000,4.6500,3974500
20130508,4.7200,4.7400,4.6800,4.7100,1901900
20130509,4.7200,4.7600,4.6700,4.7200,1973300
20130510,4.8000,4.9000,4.6800,4.6900,6364600
20130513,4.8200,4.8600,4.7700,4.7800,3572700
20130514,4.7600,4.8400,4.7300,4.8200,1974800
20130515,4.7700,4.7900,4.7100,4.7600,1412100
20130516,4.8200,4.8300,4.7100,4.7700,3134900
20130517,4.9100,5.0000,4.7900,4.8200,8089600
20130520,4.9900,5.0000,4.8700,4.9100,5114300
20130521,4.9900,4.9900,4.9300,4.9600,3529000
20130522,4.9500,5.0300,4.9100,5.0000,3817900
20130523,5.0200,5.1100,4.9100,4.9100,6737100
20130524,5.0500,5.0900,5.0100,5.0200,2773600
20130527,5.1400,5.1700,4.9700,5.0300,6345000
20130528,5.2600,5.2800,5.0800,5.1300,6547200
20130529,5.3300,5.3800,5.2200,5.2200,6615000
20130530,5.2700,5.3600,5.2300,5.3600,3496800
20130531,5.1400,5.3400,5.1200,5.2800,4561300
20130603,5.1200,5.2100,5.0300,5.1300,4101000
20130604,5.0000,5.1500,4.9500,5.1000,3078700
20130605,5.0400,5.1000,5.0000,5.0000,1777900
20130606,5.0300,5.0700,4.9500,5.0400,1934100
20130607,5.0500,5.0700,4.9100,5.0500,2623500
20130610,5.0500,5.0500,5.0500,5.0500,0
20130611,5.0500,5.0500,5.0500,5.0500,0
20130612,5.0500,5.0500,5.0500,5.0500,0
20130613,4.8800,5.0000,4.8500,5.0000,2323200
20130614,4.9400,4.9800,4.8800,4.8900,1871200
20130617,4.9300,4.9900,4.7900,4.9200,6972500
20130618,4.9000,4.9700,4.8500,4.9300,4114400
20130619,4.8600,4.9000,4.8000,4.8500,2190300
20130620,4.9200,4.9300,4.8100,4.8600,2674900
20130621,4.8300,4.8900,4.7000,4.8900,1950200
20130624,4.7700,4.8400,4.6100,4.7800,2958100
20130625,4.8100,4.9500,4.3800,4.7500,3913600
20130626,4.8200,4.8900,4.7600,4.7800,2146000
20130627,4.8000,4.9000,4.6000,4.8000,8004600
20130628,4.8500,4.9100,4.7100,4.7700,5738900
20130701,4.7600,4.8300,4.6800,4.8300,2287500
20130702,4.7500,4.7800,4.5900,4.7600,5590500
20130703,4.7600,4.8900,4.6600,4.8400,4557600
20130704,4.7300,4.7700,4.6100,4.7300,3307200
20130705,4.8300,4.8900,4.7000,4.7500,3424900
20130708,4.7000,4.8100,4.6200,4.7700,2643400
20130709,4.6400,4.7000,4.6000,4.6900,2435600
20130710,4.7200,4.7500,4.6000,4.6900,2622400
20130711,4.8100,4.8800,4.7000,4.7100,3317200
20130712,4.8000,4.8900,4.7300,4.8100,2932900
20130715,4.8100,4.8600,4.7600,4.7600,1881600
20130716,4.8100,4.8400,4.7600,4.7700,1978800
20130717,4.8700,4.9000,4.7700,4.7800,4277500
20130718,4.8400,4.8800,4.8000,4.8800,1853300
20130719,4.6500,4.8400,4.6400,4.8100,3066000
20130722,4.6500,4.6600,4.5500,4.6000,1988700
20130723,4.8800,4.9200,4.6100,4.6400,4411800
20130724,4.8300,4.9000,4.7800,4.9000,2524100
20130725,4.8000,4.8400,4.7700,4.8000,1467500
20130726,4.7700,4.8000,4.7300,4.7300,923700
20130729,4.7000,4.7900,4.6800,4.7500,1283700
20130730,4.7000,4.7500,4.6600,4.6800,655400
20130731,4.7300,4.8400,4.7000,4.7200,2446000
20130801,4.7900,4.8200,4.7000,4.7400,2022600
20130802,4.7700,4.8400,4.7700,4.8400,2319200
20130805,4.8000,4.8200,4.7600,4.7800,1038800
20130806,4.9000,4.9200,4.7800,4.7800,4294600
20130807,5.0300,5.1500,4.8700,4.9000,6000000
20130808,4.9900,5.0800,4.9500,5.0500,4720000
20130809,5.0200,5.1100,4.9500,5.0100,3213600
20130812,5.0700,5.0900,4.9600,5.0200,4187200
20130813,5.0600,5.1400,5.0500,5.0800,2783100
20130814,5.1300,5.1700,4.9400,5.0800,6297000
20130815,5.0900,5.2000,4.9800,5.0200,4443900
20130816,5.2500,5.2600,4.9800,4.9900,7159500
20130819,5.4900,5.6000,5.1600,5.1800,12335700
20130820,5.4200,5.5400,5.3700,5.4200,4466600
20130821,5.3800,5.4500,5.3500,5.4200,2920300
20130822,5.4600,5.5000,5.3200,5.4100,4380000
20130823,5.4700,5.5900,5.4300,5.4600,4228500
20130826,5.6100,5.7500,5.4500,5.4600,5947800
20130827,5.5100,5.6900,5.5000,5.5500,2819700
20130828,5.5900,5.7100,5.4000,5.5300,5059500
20130829,5.5300,5.6900,5.5300,5.5900,2051200
20130830,5.4000,5.6000,5.3500,5.5100,4892300
20130902,5.4900,5.5600,5.3500,5.4000,2711000
20130903,5.5800,5.7500,5.4500,5.4800,5550100
20130904,5.8400,5.9900,5.4000,5.5500,9427400
20130905,5.7800,5.8900,5.7300,5.7500,3014100
20130906,5.8100,5.8200,5.6900,5.7000,2421700
20130909,5.9200,6.1200,5.8800,6.0800,10519100
20130910,6.0100,6.1600,5.9000,5.9400,5125800
20130911,5.9600,6.0400,5.8000,5.9800,5959200
20130912,5.8500,5.9100,5.7900,5.8800,3011900
20130913,5.9400,6.0700,5.8300,5.8800,7307400
20130916,6.1100,6.3900,6.0200,6.0800,8569300
20130917,6.0000,6.2000,5.8900,6.0000,9580000
20130918,6.0100,6.0600,5.8600,5.9600,7428600
20130920,6.0100,6.0100,6.0100,6.0100,0
20130923,6.0100,6.0900,5.9400,5.9800,5878500
20130924,5.8000,5.9900,5.7800,5.9900,6212800
20130925,5.8000,5.9000,5.6700,5.8000,7598400
20130926,5.4400,5.7600,5.4300,5.7600,5314000
20130927,5.5600,5.6300,5.4300,5.4300,3225600
20130930,5.6800,5.7800,5.5200,5.5600,3611400
20131001,5.6800,5.6800,5.6800,5.6800,0
20131002,5.6800,5.6800,5.6800,5.6800,0
20131003,5.6800,5.6800,5.6800,5.6800,0
20131004,5.6800,5.6800,5.6800,5.6800,0
20131007,5.6800,5.6800,5.6800,5.6800,0
20131008,5.8000,5.8400,5.6400,5.6500,5499100
20131009,5.8200,5.8800,5.7500,5.8000,5143200
20131010,5.9100,5.9900,5.7100,5.8600,8792000
20131011,6.0500,6.0800,5.8600,5.9100,7440500
20131014,6.0100,6.0500,5.9300,6.0100,4947200
20131015,6.0600,6.1800,5.9700,6.0200,9231900
20131016,6.1400,6.3500,6.0100,6.1200,13068900
20131017,6.0900,6.2300,6.0400,6.1800,6861500
20131018,5.9700,6.0700,5.9200,6.0000,3839700
20131021,6.2100,6.2400,5.9500,5.9700,7324300
20131022,6.2600,6.3400,6.1600,6.2200,6954300
20131023,6.4800,6.8000,6.3000,6.8000,16406300
20131024,6.1400,6.5300,6.1400,6.3600,9063300
20131025,5.9300,6.1900,5.8000,6.1000,7076100
20131028,5.7100,5.8900,5.6700,5.7400,3947500
20131029,5.6200,5.9100,5.5000,5.7500,6745700
20131030,5.6800,5.6900,5.5600,5.5600,3644300
20131031,5.6700,5.7900,5.6300,5.6400,2758900
20131101,5.7100,5.7300,5.6100,5.6700,1452300
20131104,5.8700,5.8800,5.7000,5.7300,3463100
20131105,6.0200,6.0300,5.8100,5.8100,3251400
20131106,6.0400,6.0900,5.9300,6.0100,2750700
20131107,6.0400,6.0500,5.9200,6.0100,1981400
20131108,6.0200,6.1000,5.9600,6.0200,2588400
20131111,6.0000,6.0500,5.8800,6.0200,1349100
20131112,6.3000,6.3300,5.9500,5.9900,4666700
20131113,6.1500,6.3100,6.0600,6.2600,3161000
20131114,6.1400,6.1800,6.0700,6.1100,1991400
20131115,6.1800,6.2900,6.1000,6.1500,3034700
20131118,6.3000,6.3200,6.1300,6.1700,3993300
20131119,6.3800,6.4100,6.2600,6.3500,3818100
20131120,6.3600,6.4400,6.3200,6.3800,2472100
20131121,6.2700,6.3500,6.2200,6.3500,2671000
20131122,6.2900,6.3300,6.2000,6.2500,3480200
20131125,6.2200,6.2900,6.1900,6.2900,1571600
20131126,6.0800,6.2200,6.0500,6.1900,2337900
20131127,6.1300,6.1300,6.0100,6.0800,2101000
20131128,6.0900,6.1700,6.0000,6.0000,2581700
20131129,5.9400,6.1400,5.8700,6.0500,4746400
20131202,5.6400,5.8700,5.5400,5.8000,6536200
20131203,5.7000,5.7100,5.5500,5.6000,6524000
20131204,5.8600,5.8800,5.6800,5.6900,5784700
20131205,6.0700,6.1100,5.8300,5.8900,5579100
20131206,6.2600,6.2700,6.0100,6.1500,3462600
20131209,6.4100,6.4500,6.1700,6.2200,4911100
20131210,6.2300,6.5400,6.2100,6.5200,3771800
20131211,6.2500,6.2600,6.0900,6.2100,4432400
20131212,6.3900,6.4800,6.1900,6.2500,4760300
20131213,6.4000,6.4100,6.3000,6.3800,2486800
20131216,6.4400,6.4500,6.3300,6.4000,3148700
20131217,6.3000,6.4800,6.2500,6.4200,2000800
20131218,6.5000,6.5200,6.2100,6.2500,4032100
20131219,6.4300,6.5500,6.3000,6.4800,3112800
20131220,6.5600,6.6000,6.3500,6.4000,4615800
20131223,6.7100,6.7700,6.5100,6.5100,8214800
20131224,6.8300,6.8800,6.6100,6.6800,8242300
20131225,6.8500,6.8700,6.7100,6.7900,5280700
20131226,6.9600,7.0200,6.7700,6.7700,7585600
20131227,7.1700,7.1800,6.9000,6.9300,7058300
20131230,7.3700,7.4000,7.0000,7.1700,10670800
20131231,7.3000,7.4100,7.1800,7.3600,6424900
20140101,7.3000,7.3000,7.3000,7.3000,0
20140102,7.0500,7.2900,6.9500,7.2500,7378800
20140103,6.9000,7.0700,6.6800,7.0700,10227700
20140106,7.0500,7.0700,6.7600,6.9300,6250200
20140107,6.9600,7.1000,6.8100,7.0000,5786000
20140108,6.9300,7.1000,6.8900,6.9800,3348700
20140109,6.9300,7.0500,6.8000,6.9400,3288100
20140110,6.9300,6.9400,6.6600,6.8400,2616400
20140113,7.1700,7.2800,6.8300,6.8900,5370100
20140114,7.4400,7.4900,7.1800,7.2900,5383600
20140115,7.3800,7.6000,7.3600,7.4600,4393800
20140116,7.1500,7.4000,7.0000,7.4000,4769800
20140117,7.2500,7.3000,7.0400,7.1500,2595900
20140120,7.3600,7.4400,7.1800,7.2400,2893100
20140121,7.4000,7.5000,7.2000,7.3500,3029400
20140122,7.6200,7.6500,7.3500,7.4100,4017400
20140123,7.5000,7.6900,7.4600,7.5800,3634800
20140124,7.4700,7.7300,7.3700,7.5000,4423400
20140127,7.5300,7.5900,7.3100,7.4100,2789000
20140128,7.3800,7.5500,7.3200,7.4900,2280600
20140129,7.3600,7.4000,7.2600,7.3800,2951200
20140130,7.3600,7.4600,7.3000,7.3200,2070600
20140131,7.3600,7.3600,7.3600,7.3600,0
20140203,7.3600,7.3600,7.3600,7.3600,0
20140205,7.3600,7.3600,7.3600,7.3600,0
20140206,7.3600,7.3600,7.3600,7.3600,0
20140207,7.5000,7.5300,7.2500,7.3200,2446500
20140210,7.6000,7.6600,7.4600,7.4800,4707800
20140211,7.5600,7.6600,7.5200,7.5900,3174600
20140212,8.2000,8.2300,7.5600,7.6100,11108700
20140213,8.2800,8.5400,8.0500,8.2000,10311000
20140214,8.7900,8.8100,8.2500,8.2500,8839300
20140217,9.1900,9.4500,8.8800,8.9500,13801000
20140218,9.8500,9.9400,9.1000,9.2800,19780200
20140219,10.8400,10.8400,9.7000,9.7700,22137300
20140220,10.1800,10.9900,9.9300,10.8400,21659400
20140221,9.9600,10.4600,9.6100,10.1800,22195000
20140224,10.5700,10.6700,9.5200,9.7200,20695500
20140225,10.0200,10.7200,9.7500,10.4900,12470600
