20130226,8.8600,9.0800,8.8100,8.9200,9078700
20130227,8.8100,8.9400,8.7000,8.8800,5079800
20130228,8.9600,8.9600,8.8000,8.8200,6809300
20130301,9.0200,9.0500,8.9000,8.9800,7513700
20130304,8.6600,8.9800,8.5800,8.9300,6915200
20130305,8.9000,8.9600,8.6700,8.7300,5301200
20130306,9.3100,9.4800,8.8900,8.9500,21644900
20130307,9.0900,9.2400,9.0200,9.2400,10510700
20130308,9.0900,9.3200,9.0200,9.1100,6224000
20130311,9.2700,9.3100,9.0800,9.1400,6637400
20130312,8.8600,9.2900,8.6900,9.2700,8877200
20130313,8.7300,8.8700,8.6700,8.8700,4224300
20130314,8.6500,8.8000,8.6000,8.6600,3729200
20130315,8.6800,8.8400,8.5800,8.6900,3260700
20130318,8.5800,8.8600,8.5600,8.7400,4276300
20130319,8.6500,8.7700,8.5000,8.6700,3158700
20130320,8.8200,8.8300,8.6300,8.7200,4151900
20130321,9.0100,9.1600,8.7700,8.8400,7807000
20130322,8.9500,9.1400,8.9100,8.9300,6427100
20130325,9.0600,9.1600,8.9100,8.9500,6032400
20130326,9.1800,9.2900,8.8200,9.0200,12198700
20130327,9.2100,9.2900,9.0700,9.1900,10413900
20130328,8.8900,9.1000,8.8600,9.1000,7176600
20130329,9.2500,9.5500,8.9000,8.9800,17861100
20130401,9.5900,9.6200,9.0700,9.1800,16080300
20130402,9.4500,9.5800,9.3000,9.5000,11008000
20130403,9.1900,9.4800,9.0800,9.4200,10879200
20130404,9.1900,9.1900,9.1900,9.1900,0
20130405,9.1900,9.1900,9.1900,9.1900,0
20130408,9.5000,9.5000,8.9000,9.0800,9381900
20130409,9.4400,9.5700,9.3400,9.4300,7786400
20130410,9.5300,9.8800,9.3700,9.4400,14812100
20130411,9.6900,9.9600,9.4800,9.5300,11988100
20130412,9.4100,9.8500,9.3000,9.6000,8013700
20130415,9.1500,9.3200,9.1200,9.2500,5856400
20130416,9.3100,9.3200,9.0000,9.1400,4902000
20130417,9.5600,9.7400,9.3100,9.3300,9479900
20130418,9.2500,9.5400,9.2100,9.4900,8012000
20130419,9.6700,9.7400,9.1600,9.1800,11051800
20130422,9.9300,9.9900,9.5400,9.6000,14850300
20130423,9.5500,9.9300,9.4900,9.9000,9703000
20130424,10.5100,10.5100,9.5300,9.5300,29958800
20130425,10.2000,10.6300,10.1400,10.4000,18381400
20130426,10.0500,10.7800,9.8000,10.2100,18297800
20130429,10.0500,10.0500,10.0500,10.0500,0
20130430,10.0500,10.0500,10.0500,10.0500,0
20130501,10.0500,10.0500,10.0500,10.0500,0
20130502,10.4600,10.6500,9.9200,10.0000,14004200
20130503,10.4300,10.8300,10.4000,10.4000,14521600
20130506,10.4900,10.7900,10.2700,10.4200,13471300
20130507,10.8900,11.2800,10.4100,10.4500,16474600
20130508,11.5000,11.5200,10.7500,10.9000,20920000
20130509,11.3200,11.4800,11.0500,11.4800,16097600
20130510,11.3700,11.7400,11.0900,11.2600,16373100
20130513,11.2300,11.5000,10.8900,11.4000,11878400
20130514,10.4600,11.2300,10.3200,11.2300,18140900
20130515,10.6200,10.6700,10.3700,10.4100,9105200
20130516,10.5700,10.7100,10.3900,10.5700,11428100
20130517,10.7900,10.8500,10.5700,10.6100,11749800
20130520,11.0900,11.1900,10.8100,10.9200,12238400
20130521,11.1800,11.3300,10.9100,11.1000,12552800
20130522,10.8500,11.5100,10.7000,11.2800,14536900
20130523,11.1100,11.3200,10.7300,10.8100,13237100
20130524,11.4900,11.5000,11.1000,11.1000,16499100
20130527,11.3600,11.5900,11.2400,11.5100,11626200
20130528,11.2400,11.5400,11.1100,11.3800,10592700
20130529,11.3600,11.4400,11.1200,11.3000,8776700
20130530,11.5400,11.6500,11.2800,11.3200,13589700
20130531,11.2900,11.6900,11.2500,11.6000,10654000
20130603,10.8500,11.4700,10.8400,11.4000,10718300
20130604,10.6900,10.9500,10.3800,10.8500,8605800
20130605,10.9000,10.9200,10.5100,10.6100,6550600
20130606,10.3900,10.9200,10.3000,10.9200,7802300
20130607,10.1300,10.4700,10.0600,10.3400,6246000
20130610,10.1300,10.1300,10.1300,10.1300,0
20130611,10.1300,10.1300,10.1300,10.1300,0
20130612,10.1300,10.1300,10.1300,10.1300,0
20130613,9.2900,9.8500,9.1200,9.8200,7957900
20130614,9.3700,9.4700,9.3100,9.3100,4540600
20130617,9.4900,9.5400,9.0900,9.4000,6209100
20130618,9.6100,9.7300,9.4800,9.5400,6050500
20130619,9.4600,9.6600,9.1200,9.6500,5418700
20130620,9.0300,9.4200,9.0100,9.3200,4851100
20130621,8.7900,8.9000,8.4400,8.9000,4467800
20130624,8.0400,8.8300,7.9500,8.8000,5356900
20130625,8.1400,8.2200,7.2700,7.9800,7009500
20130626,8.3000,8.3300,7.9600,8.1200,5935500
20130627,8.1800,8.5200,8.0800,8.2500,6586000
20130628,8.3200,8.4700,8.1500,8.3700,5615300
20130701,8.2600,8.2700,8.0000,8.1600,4816800
20130702,8.3700,8.3900,8.1300,8.2400,5531100
20130703,8.2200,8.3200,8.0400,8.3200,4908400
20130704,8.2700,8.4400,8.1000,8.1000,6610500
20130705,8.0300,8.3200,8.0000,8.2400,6759700
20130708,7.4600,7.9600,7.3800,7.9600,5539100
20130709,7.5400,7.5700,7.4200,7.5000,2583000
20130710,7.7900,7.8000,7.5400,7.6000,3987500
20130711,8.0900,8.2900,7.8000,7.8500,6625600
20130712,7.9600,8.3200,7.9300,8.0900,5432600
20130715,8.4800,8.4900,8.0600,8.0600,9885000
20130716,8.4900,8.4900,8.3100,8.4800,6159900
20130717,8.4100,8.8000,8.3700,8.4600,8845900
20130718,8.5600,8.7100,8.2400,8.3900,10189100
20130719,8.6900,9.2800,8.4600,8.5600,14991100
20130722,9.0200,9.1500,8.3600,8.5000,11173400
20130723,9.0500,9.1700,8.8600,9.0800,9427300
20130724,9.2500,9.5000,8.8100,9.0600,13731300
20130725,8.8000,9.2300,8.7600,9.1900,9799300
20130726,9.0200,9.1100,8.5600,8.6700,11087100
20130729,9.2400,9.3900,8.6200,8.8300,16282100
20130730,8.8900,9.4000,8.8000,9.0500,10322900
20130731,9.2500,9.3000,8.8000,8.8000,12546500
20130801,9.8800,10.1700,9.1900,9.1900,27107600
20130802,9.7200,10.1900,9.6700,9.7900,23267100
20130805,9.6800,9.8500,9.5300,9.5700,11936200
20130806,9.8800,9.9700,9.5300,9.6900,12408200
20130807,9.5800,9.8500,9.4200,9.8000,10403600
20130808,9.9600,10.2300,9.5200,9.5200,15619400
20130809,9.8100,10.1800,9.7200,10.0000,16169600
20130812,9.7100,9.8800,9.5000,9.7000,10542700
20130813,9.7900,9.9200,9.6200,9.7100,7974100
20130814,10.1500,10.5500,9.7400,9.7400,23821300
20130815,9.8800,10.4400,9.8700,10.1600,16588000
20130816,10.6000,10.8700,9.6300,9.7900,43396600
20130819,11.1900,11.5000,10.3000,10.6800,40254800
20130820,11.1600,11.4000,10.9000,10.9500,27325600
20130821,12.2800,12.2800,10.8200,11.1700,37079900
20130822,13.5100,13.5100,12.5000,12.6000,29258200
20130823,13.3600,14.2800,12.8800,14.0500,49576400
20130826,13.3600,13.7200,12.8000,13.2300,31618100
20130827,14.3700,14.6500,12.7500,13.1800,50650700
20130828,13.3400,14.7300,13.3200,13.7000,46380700
20130829,12.8900,13.3300,12.7000,12.9900,25237200
20130830,11.6800,12.7500,11.6000,12.7000,35078200
20130902,11.8800,12.0900,11.5400,11.5400,19300900
20130903,13.0700,13.0700,11.7400,11.7500,29841200
20130904,13.2300,13.7000,12.8600,13.1000,38373600
20130905,13.4400,14.2400,12.6100,12.9000,33315100
20130906,13.4100,14.0000,13.0700,13.2200,24526500
20130909,13.0100,13.4000,12.8000,13.3100,18902100
20130910,12.9300,13.3700,12.7000,13.0100,19601200
20130911,12.6300,12.9800,12.0000,12.9500,19800600
20130912,12.3400,12.9100,12.1500,12.4900,15652400
20130913,13.0700,13.2600,12.0100,12.3700,27178900
20130916,13.0000,13.3600,12.6200,12.9500,19955800
20130917,13.0300,13.4900,12.7000,12.9800,24106400
20130918,12.7800,13.1500,12.6000,13.0000,15546500
20130920,12.7800,12.7800,12.7800,12.7800,0
20130923,13.1400,13.2500,12.7000,12.7900,15418000
20130924,13.1300,13.5400,13.0700,13.1500,20670500
20130925,12.6700,13.1200,12.6000,13.0000,17665400
20130926,12.4200,12.9700,12.4000,12.6500,10308900
20130927,12.2600,12.7200,12.1000,12.3000,8695300
20130930,13.4900,13.4900,13.0200,13.4900,45580600
20131001,13.4900,13.4900,13.4900,13.4900,0
20131002,13.4900,13.4900,13.4900,13.4900,0
20131003,13.4900,13.4900,13.4900,13.4900,0
20131004,13.4900,13.4900,13.4900,13.4900,0
20131007,13.4900,13.4900,13.4900,13.4900,0
20131008,14.8400,14.8400,13.9700,14.0000,31276100
20131009,16.3200,16.3200,16.1600,16.3200,19411400
20131010,17.4900,17.9500,16.6300,16.9000,73761904
20131011,17.7700,19.2400,17.3800,18.1000,57842200
20131014,18.1800,18.9500,17.5100,17.7700,50130600
20131015,17.7600,18.4600,17.4000,17.8000,42017800
20131016,16.4400,17.4100,16.0000,17.1800,40262600
20131017,16.5600,17.1600,16.1800,16.6000,24503800
20131018,18.0700,18.1800,15.8600,16.3000,47300000
20131021,17.8900,19.1600,17.7200,17.9800,42672000
20131022,16.6100,17.7500,16.3000,17.5500,34878100
20131023,15.5600,16.4900,15.2000,16.2300,21279300
20131024,16.0400,16.4700,15.2700,15.2700,17640800
20131025,14.9000,15.9000,14.7800,15.8300,15152300
20131028,15.0600,15.2200,14.6000,14.8800,8678000
20131029,13.9900,15.1900,13.5700,15.0600,17084100
20131030,14.1400,14.3500,13.8300,13.9900,11589200
20131031,13.7800,14.4400,13.5500,14.1600,13480900
20131101,13.3300,13.6400,12.9400,13.5800,12304700
20131104,13.3800,13.5300,13.0200,13.1800,8006100
20131105,14.7200,14.7200,13.1400,13.3000,17048800
20131106,14.6800,15.7900,14.3400,14.4000,26502400
20131107,14.1600,14.7900,14.1000,14.4500,11627100
20131108,13.5500,14.0800,13.4100,14.0700,9921800
20131111,13.7900,13.9500,13.5000,13.6100,7243000
20131112,13.8900,14.2000,13.5100,13.7100,7465400
20131113,14.0300,14.7700,14.0000,14.3800,12611600
20131114,14.1500,14.4600,13.3600,13.8000,10550200
20131115,14.6800,15.2000,14.1500,14.2900,17209100
20131118,15.0000,15.1600,14.5100,14.7700,13543900
20131119,15.4100,15.7000,15.0500,15.5000,14942000
20131120,16.0600,16.1000,15.0100,15.2200,20528000
20131121,16.0900,16.6400,15.8300,16.0600,25698800
20131122,15.4300,15.9900,15.3000,15.8900,14022400
20131125,15.1100,15.5500,15.0600,15.3800,8049900
20131126,15.3500,15.4400,15.0300,15.0300,7923100
20131127,15.5400,15.6600,15.2300,15.4000,9104000
20131128,15.3200,15.7800,15.3000,15.5000,9329700
20131129,15.2700,15.4000,15.0800,15.3000,7534500
20131202,13.7400,14.9000,13.7400,14.7800,15326100
20131203,13.8000,13.9500,13.0000,13.4900,11412800
20131204,13.9500,14.1700,13.6000,13.6000,8393400
20131205,13.8000,14.0700,13.8000,13.9500,6047900
20131206,13.6200,13.9500,13.6000,13.8300,4845100
20131209,13.7600,13.8900,13.6400,13.8900,3892500
20131210,13.6400,13.8700,13.4900,13.7700,5116000
20131211,13.4700,13.6300,13.2800,13.6300,4471100
20131212,13.7000,13.7900,13.3800,13.4700,5146900
20131213,13.7300,13.7900,13.5000,13.5800,3301800
20131216,13.3800,13.8400,13.3600,13.6500,4469100
20131217,13.2200,13.4500,13.0500,13.3900,3469500
20131218,13.2100,13.3800,13.1500,13.1800,1977400
20131219,13.1200,13.5000,13.1100,13.2600,2669600
20131220,12.8600,13.3500,12.8100,13.2000,3368100
20131223,12.6300,12.9800,12.4800,12.8500,2868000
20131224,13.1300,13.2300,12.7100,12.7500,5363700
20131225,13.4900,13.5500,12.9000,13.1100,6179600
20131226,12.9600,13.4300,12.9600,13.4300,4711000
20131227,13.2700,13.3200,12.7100,12.9600,3768400
20131230,13.2400,13.3900,13.2100,13.2900,2839200
20131231,13.1400,13.3200,13.0600,13.1200,2501500
20140101,13.1400,13.1400,13.1400,13.1400,0
20140102,13.2400,13.3100,13.1000,13.1100,2610400
20140103,13.6900,13.8500,13.1300,13.2400,9443300
20140106,13.1500,13.6000,13.1100,13.6000,5569800
20140107,13.2800,13.4600,12.8700,13.1500,4723100
20140108,13.7000,13.7900,13.1600,13.2800,9049300
20140109,13.7300,14.2500,13.4600,13.5500,12717400
20140110,13.1500,13.9800,13.1400,13.7300,8174300
20140113,12.6300,13.1500,12.5300,12.9800,5779100
20140114,12.9300,13.0700,12.5500,12.6200,3982700
20140115,13.1800,13.2500,12.8100,12.8800,5712700
20140116,13.0400,13.3500,13.0000,13.2600,4532300
20140117,12.9400,13.1800,12.8800,13.0500,2728700
20140120,12.8700,13.1700,12.7000,12.9100,3296600
20140121,13.2100,13.2300,12.8300,12.8700,4016400
20140122,13.4900,13.6300,13.2100,13.2100,6186200
20140123,13.8500,14.0800,13.4500,13.4700,12105300
20140124,14.2100,14.4700,13.9800,14.0800,13001200
20140127,14.8800,15.4000,13.9200,14.0100,17881700
20140128,14.4700,15.0600,14.1800,14.8500,10867000
20140129,14.9600,15.0600,14.2100,14.3000,12691100
20140130,14.3900,15.1500,14.3100,14.9000,8323900
20140131,14.3900,14.3900,14.3900,14.3900,0
20140203,14.3900,14.3900,14.3900,14.3900,0
20140205,14.3900,14.3900,14.3900,14.3900,0
20140206,14.3900,14.3900,14.3900,14.3900,0
20140207,15.0100,15.1100,14.1200,14.2500,9605200
20140210,15.2600,15.4900,14.8100,15.1600,15471500
20140211,14.9700,15.4400,14.6200,15.2800,15245000
20140212,14.8600,15.0600,14.7000,14.9900,7582400
20140213,14.5400,15.1800,14.5000,14.8600,10300200
20140214,14.7000,14.8700,14.2800,14.5900,6116000
20140217,15.5900,15.6000,14.5900,14.7200,15178300
20140218,15.4500,15.7600,15.2500,15.5000,14042700
20140219,15.5300,15.9200,15.3800,15.4700,13493900
20140220,14.7600,15.6800,14.7500,15.5000,9618100
20140221,15.4800,16.2400,14.7200,14.7500,24281100
20140224,15.1600,15.2500,14.7500,15.2000,14879100
20140225,14.9900,16.0000,14.8000,15.2000,22900600
