20130226,4.7000,4.8600,4.6600,4.8600,9980500
20130227,4.8300,4.8400,4.6800,4.7000,11228900
20130228,4.8700,4.8900,4.7900,4.8200,11010100
20130301,4.9400,4.9700,4.7900,4.8700,14060900
20130304,4.4600,4.7900,4.4500,4.7900,23812800
20130305,4.5100,4.5400,4.3400,4.4300,12417400
20130306,4.5400,4.5700,4.4600,4.5100,15169000
20130307,4.9900,4.9900,4.4900,4.5300,50069300
20130308,4.8800,5.1300,4.8600,4.9800,48357600
20130311,5.0300,5.0700,4.8900,5.0400,31996000
20130312,4.8000,5.0700,4.7700,4.9700,29101800
20130313,4.6000,4.7900,4.4100,4.7600,18639600
20130314,4.5800,4.6600,4.5300,4.5500,7190600
20130315,4.8700,4.9700,4.4300,4.6100,25400100
20130318,4.8000,4.9800,4.7200,4.8300,17811600
20130319,4.7800,4.8300,4.6800,4.8000,9884200
20130320,4.8400,4.9000,4.7700,4.8000,18941500
20130321,4.8000,4.9300,4.7800,4.8300,19025900
20130322,4.7400,4.8200,4.6300,4.8000,10851500
20130325,4.6800,4.7900,4.6400,4.7100,11052200
20130326,4.6700,4.7600,4.6400,4.6700,8693800
20130327,4.7800,4.9200,4.6800,4.6800,17842300
20130328,4.5800,4.7500,4.4500,4.7500,14261500
20130329,4.6000,4.7400,4.5500,4.5900,8993500
20130401,4.6800,4.7400,4.5800,4.5800,7347400
20130402,4.8100,4.9300,4.6500,4.7000,21508800
20130403,4.6400,4.8200,4.6300,4.7900,13900200
20130404,4.6400,4.6400,4.6400,4.6400,0
20130405,4.6400,4.6400,4.6400,4.6400,0
20130408,4.5900,4.6100,4.4000,4.6100,8229200
20130409,4.7200,4.8200,4.5600,4.5700,10679400
20130410,4.6200,4.7300,4.5900,4.7100,8140600
20130411,4.6800,4.8400,4.6400,4.6500,14953800
20130412,4.6500,4.6700,4.5800,4.6500,9913200
20130415,4.6600,4.7300,4.5800,4.6200,8329400
20130416,4.7400,4.7500,4.6000,4.6200,11858100
20130417,4.7600,4.8200,4.7000,4.7500,11387100
20130418,4.7600,4.7800,4.7000,4.7600,8810400
20130419,4.8900,4.9300,4.7300,4.7500,22892100
20130422,4.8500,4.9000,4.7900,4.8500,15180200
20130423,4.6600,4.8900,4.6100,4.8700,15421800
20130424,4.6800,4.7300,4.6200,4.6500,7244500
20130425,4.4900,4.6800,4.4600,4.6800,12476600
20130426,4.4400,4.5700,4.4200,4.5000,6448400
20130429,4.4400,4.4400,4.4400,4.4400,0
20130430,4.4400,4.4400,4.4400,4.4400,0
20130501,4.4400,4.4400,4.4400,4.4400,0
20130502,4.4800,4.5300,4.4400,4.4400,3433800
20130503,4.5800,4.6300,4.5000,4.5000,6057200
20130506,4.5900,4.6400,4.5600,4.6000,6969900
20130507,4.5700,4.6000,4.5300,4.6000,5976200
20130508,4.5300,4.6100,4.4800,4.5700,6911100
20130509,4.3900,4.4800,4.3600,4.4500,15244200
20130510,4.3700,4.3900,4.2800,4.2900,12448000
20130513,4.4000,4.4100,4.3400,4.3500,6009100
20130514,4.2600,4.3900,4.2400,4.3900,7514000
20130515,4.2700,4.3000,4.2200,4.2600,5544700
20130516,4.3500,4.3500,4.2500,4.2800,7556600
20130517,4.4200,4.4600,4.3400,4.3600,12021800
20130520,4.4400,4.4400,4.3700,4.4200,12053100
20130521,4.4700,4.5100,4.3900,4.4400,11004900
20130522,4.5200,4.5400,4.4200,4.4500,15679100
20130523,4.4200,4.5300,4.4100,4.5000,11749200
20130524,4.5200,4.5300,4.4100,4.4200,15472900
20130527,4.5300,4.5900,4.4900,4.4900,12313300
20130528,4.5900,4.6100,4.5200,4.5300,14462600
20130529,4.5600,4.6300,4.5300,4.6000,11395700
20130530,4.5100,4.5800,4.4900,4.5600,11739600
20130531,4.4500,4.5500,4.4500,4.5100,7046200
20130603,4.4300,4.4900,4.4100,4.4800,6550900
20130604,4.3800,4.4400,4.3600,4.4400,5547700
20130605,4.4200,4.4300,4.3500,4.3900,4543500
20130606,4.3600,4.4100,4.3400,4.4100,5056400
20130607,4.1400,4.3700,4.1100,4.3500,12401400
20130610,4.1400,4.1400,4.1400,4.1400,0
20130611,4.1400,4.1400,4.1400,4.1400,0
20130612,4.1400,4.1400,4.1400,4.1400,0
20130613,4.0400,4.1400,3.9000,4.1400,7662500
20130614,4.1700,4.1900,4.0000,4.0300,6768100
20130617,4.2500,4.3200,4.1100,4.1900,8231600
20130618,4.2400,4.2900,4.2100,4.2500,4586700
20130619,4.1300,4.2400,4.0800,4.2400,5798500
20130620,4.0800,4.2400,4.0600,4.1300,4659300
20130621,4.1300,4.2000,3.9500,4.0600,5646700
20130624,3.9600,4.1400,3.7900,4.1400,8699800
20130625,3.9500,4.0000,3.5600,3.9400,13184000
20130626,3.9000,3.9700,3.7900,3.8800,6919900
20130627,3.9000,3.9500,3.8700,3.9000,8076600
20130628,3.9200,4.0000,3.8100,3.8800,7987500
20130701,3.9600,4.0000,3.8500,3.9200,5714400
20130702,4.1100,4.1500,3.8700,3.9500,16454800
20130703,4.0000,4.0900,3.9800,4.0900,7201400
20130704,4.1000,4.1200,4.0000,4.0000,9353800
20130705,4.5100,4.5100,4.1200,4.1200,31164100
20130708,4.3700,4.7800,4.2900,4.5000,54488600
20130709,4.3300,4.4700,4.1300,4.2100,20388500
20130710,4.3400,4.3700,4.2100,4.3100,12056100
20130711,4.4600,4.5500,4.3100,4.3100,22393800
20130712,4.8200,4.8800,4.4100,4.4200,36120400
20130715,4.8800,5.0600,4.7000,4.7800,55985800
20130716,5.1300,5.1500,4.7300,4.8500,58057800
20130717,4.8600,5.1300,4.8500,4.9500,74293000
20130718,4.7800,4.8200,4.5600,4.8100,27367700
20130719,4.6200,4.8500,4.6100,4.7600,31364900
20130722,4.6800,4.7000,4.4900,4.5800,11281600
20130723,4.9200,4.9600,4.6200,4.6700,27526300
20130724,4.9000,4.9800,4.7500,4.8800,19742600
20130725,4.7600,4.9800,4.7500,4.8200,43527000
20130726,4.6200,4.7300,4.6100,4.6900,18584400
20130729,4.5200,4.6400,4.5200,4.6000,9565200
20130730,4.5200,4.6100,4.4100,4.5300,7238400
20130731,4.6400,4.7400,4.5500,4.5500,31887800
20130801,4.7100,4.8400,4.5900,4.6500,13475300
20130802,4.7100,4.7700,4.6500,4.7200,23314400
20130805,4.7300,4.7500,4.6300,4.7100,13667100
20130806,4.7200,4.7300,4.6500,4.7000,8860100
20130807,4.7900,4.9500,4.7000,4.7000,22331700
20130808,4.7500,4.8500,4.7100,4.7900,7453500
20130809,4.7500,4.7700,4.6300,4.7300,9605400
20130812,4.8700,4.9000,4.7100,4.7200,30217600
20130813,4.8100,4.9500,4.7800,4.8400,13588500
20130814,4.7600,4.8300,4.7300,4.8000,6237400
20130815,4.6800,4.7900,4.6800,4.7900,6087700
20130816,4.6600,4.9500,4.6500,4.6700,10924000
20130819,4.7000,4.7200,4.6500,4.6500,3785400
20130820,4.7200,4.8000,4.6000,4.6300,10668800
20130821,4.8100,4.8500,4.6500,4.7100,11462600
20130822,4.8400,4.9000,4.7500,4.7900,13781200
20130823,4.9400,4.9700,4.7600,4.8600,33156000
20130826,4.9000,5.1700,4.8400,4.9000,65580500
20130827,4.8700,4.9300,4.7600,4.8600,16849900
20130828,4.8000,4.8700,4.7600,4.8300,29412700
20130829,4.7600,4.8700,4.7500,4.8000,32501600
20130830,4.6300,4.7300,4.6000,4.7000,15815000
20130902,4.5900,4.6300,4.4700,4.6200,13815500
20130903,4.8900,4.9100,4.5800,4.5800,46632800
20130904,4.6900,4.8700,4.6300,4.8700,29088700
20130905,4.6100,4.6600,4.5800,4.6100,12754100
20130906,4.6100,4.6800,4.5900,4.6000,9348700
20130909,4.6800,4.6900,4.6100,4.6100,13805300
20130910,4.7000,4.7100,4.5800,4.6900,15288700
20130911,4.7300,4.8100,4.6500,4.7000,15211400
20130912,4.6700,4.7400,4.6500,4.7000,9535800
20130913,4.7000,4.7100,4.6400,4.6400,6587600
20130916,4.6200,4.7400,4.6200,4.6600,12374200
20130917,4.5900,4.6700,4.5800,4.6200,7495900
20130918,4.5600,4.6300,4.5000,4.6000,7388600
20130920,4.5600,4.5600,4.5600,4.5600,0
20130923,4.6100,4.6600,4.5600,4.5600,5742500
20130924,4.6100,4.6100,4.6100,4.6100,0
20130925,4.6100,4.6100,4.6100,4.6100,0
20130926,4.6100,4.6100,4.6100,4.6100,0
20130927,4.6100,4.6100,4.6100,4.6100,0
20130930,4.6100,4.6100,4.6100,4.6100,0
20131001,4.6100,4.6100,4.6100,4.6100,0
20131002,4.6100,4.6100,4.6100,4.6100,0
20131003,4.6100,4.6100,4.6100,4.6100,0
20131004,4.6100,4.6100,4.6100,4.6100,0
20131007,4.6100,4.6100,4.6100,4.6100,0
20131008,4.6100,4.6100,4.6100,4.6100,0
20131009,4.6100,4.6100,4.6100,4.6100,0
20131010,4.6100,4.6100,4.6100,4.6100,0
20131011,4.6100,4.6100,4.6100,4.6100,0
20131014,4.6100,4.6100,4.6100,4.6100,0
20131015,4.6100,4.6100,4.6100,4.6100,0
20131016,4.6100,4.6100,4.6100,4.6100,0
20131017,4.6100,4.6100,4.6100,4.6100,0
20131018,4.6100,4.6100,4.6100,4.6100,0
20131021,4.6100,4.6100,4.6100,4.6100,0
20131022,4.6100,4.6100,4.6100,4.6100,0
20131023,4.6100,4.6100,4.6100,4.6100,0
20131024,4.6100,4.6100,4.6100,4.6100,0
20131025,4.6100,4.6100,4.6100,4.6100,0
20131028,4.6100,4.6100,4.6100,4.6100,0
20131029,4.6100,4.6100,4.6100,4.6100,0
20131030,4.6100,4.6100,4.6100,4.6100,0
20131031,4.6100,4.6100,4.6100,4.6100,0
20131101,4.6100,4.6100,4.6100,4.6100,0
20131104,4.6100,4.6100,4.6100,4.6100,0
20131105,4.6100,4.6100,4.6100,4.6100,0
20131106,4.6100,4.6100,4.6100,4.6100,0
20131107,4.6100,4.6100,4.6100,4.6100,0
20131108,4.6100,4.6100,4.6100,4.6100,0
20131111,4.6100,4.6100,4.6100,4.6100,0
20131112,4.6100,4.6100,4.6100,4.6100,0
20131113,4.6100,4.6100,4.6100,4.6100,0
20131114,4.6100,4.6100,4.6100,4.6100,0
20131115,4.6100,4.6100,4.6100,4.6100,0
20131118,4.6100,4.6100,4.6100,4.6100,0
20131119,4.6100,4.6100,4.6100,4.6100,0
20131120,4.6100,4.6100,4.6100,4.6100,0
20131121,4.6100,4.6100,4.6100,4.6100,0
20131122,4.6100,4.6100,4.6100,4.6100,0
20131125,4.6100,4.6100,4.6100,4.6100,0
20131126,4.6100,4.6100,4.6100,4.6100,0
20131127,4.6100,4.6100,4.6100,4.6100,0
20131128,4.6100,4.6100,4.6100,4.6100,0
20131129,4.6100,4.6100,4.6100,4.6100,0
20131202,4.6100,4.6100,4.6100,4.6100,0
20131203,4.6100,4.6100,4.6100,4.6100,0
20131204,5.0700,5.0700,5.0700,5.0700,1318300
20131205,5.5800,5.5800,5.5800,5.5800,1149100
20131206,6.1400,6.1400,6.1400,6.1400,3502300
20131209,6.1400,6.1400,6.1400,6.1400,0
20131210,6.7500,6.7500,6.7500,6.7500,5211500
20131211,7.4300,7.4300,7.1300,7.4300,134104200
20131212,8.0100,8.1700,7.5500,7.6000,163806592
20131213,8.1300,8.4400,7.7800,7.9000,101525000
20131216,8.5300,8.9400,8.2800,8.3900,145820608
20131217,8.0100,8.4400,7.9900,8.2900,100068304
20131218,8.0200,8.2400,7.9000,8.0100,55093000
20131219,7.4300,8.1300,7.3900,8.0100,81601904
20131220,7.4800,7.5300,7.2600,7.4300,50202800
20131223,7.4300,7.6200,7.3600,7.3800,37099300
20131224,7.9400,8.1700,7.4400,7.5000,72185800
20131225,8.1800,8.2800,7.8300,7.9000,53670700
20131226,7.8100,8.2700,7.7900,8.1100,36519800
20131227,8.5900,8.5900,7.7800,7.8200,73751800
20131230,8.2700,8.9500,8.2000,8.8400,71457696
20131231,7.9700,8.2600,7.8300,8.2100,41842100
20140101,7.9700,7.9700,7.9700,7.9700,0
20140102,7.9500,8.0600,7.7000,7.8900,34534500
20140103,8.1400,8.2100,7.8500,7.8500,30213500
20140106,7.9200,8.1600,7.8600,8.0400,23091200
20140107,8.4200,8.5700,7.8000,7.8500,48220900
20140108,8.4400,8.8200,8.3100,8.4100,40227600
20140109,8.4700,8.7900,8.2000,8.3700,39059500
20140110,8.3200,8.6700,8.2200,8.3500,32374500
20140113,8.6100,8.6500,8.2300,8.2300,31916900
20140114,9.4700,9.4700,8.5700,8.6300,75049904
20140115,9.5600,9.8700,9.2900,9.6500,75002896
20140116,9.5800,10.0900,9.5000,9.5800,54309400
20140117,9.6200,9.7500,9.4000,9.4200,28945400
20140120,9.4300,9.6300,9.2500,9.6300,25465400
20140121,9.9400,10.0300,9.3400,9.3800,37043800
20140122,9.8800,10.1400,9.8000,9.8600,33526300
20140123,9.9700,10.1800,9.7900,9.8000,30113100
20140124,10.0000,10.1600,9.8800,9.9600,31157400
20140127,10.8900,10.9900,10.0100,10.0500,42754300
20140128,10.5500,10.8500,10.4100,10.8000,29514900
20140129,10.5600,10.7300,10.5100,10.5700,15342900
20140130,10.7000,10.7400,10.3800,10.6600,16134300
20140131,10.7000,10.7000,10.7000,10.7000,0
20140203,10.7000,10.7000,10.7000,10.7000,0
20140205,10.7000,10.7000,10.7000,10.7000,0
20140206,10.7000,10.7000,10.7000,10.7000,0
20140207,10.7800,10.9700,10.6100,10.7000,17990400
20140210,10.8800,11.2000,10.6100,10.7700,23852800
20140211,10.2700,10.9500,10.2000,10.7800,40041200
20140212,10.1400,10.3600,9.9000,10.2200,26568500
20140213,10.1500,10.3000,10.0200,10.1400,15166200
20140214,10.3300,10.4900,10.1900,10.2000,13615000
20140217,10.4200,10.6500,10.3600,10.4100,16520500
20140218,10.1900,10.4800,10.0200,10.3500,17792000
20140219,9.9800,10.2500,9.9200,10.2200,16823200
20140220,10.0100,10.4200,9.9600,9.9600,21516900
20140221,10.1400,10.5000,10.0000,10.4000,18961600
20140224,9.5000,10.0800,9.3200,10.0000,23825400
20140225,9.4800,9.6800,9.3100,9.5300,16784800
