20130226,4.1500,4.2700,4.1400,4.2100,4584700
20130227,4.2000,4.2500,4.1200,4.1200,4534100
20130228,4.2500,4.2600,4.1700,4.2000,4460000
20130301,4.2500,4.2600,4.2000,4.2500,5588500
20130304,4.0300,4.2200,3.9200,4.2200,9266100
20130305,4.0700,4.0800,3.9600,4.0300,4867400
20130306,4.1700,4.1800,4.0700,4.1500,5693800
20130307,4.1000,4.1600,4.0700,4.1500,4946200
20130308,4.0800,4.1300,4.0700,4.0900,3049000
20130311,4.0600,4.1100,4.0400,4.0800,3264600
20130312,3.9500,4.1000,3.8900,4.0800,4735300
20130313,3.9700,3.9700,3.9000,3.9500,2704500
20130314,3.9500,3.9700,3.9100,3.9500,2047300
20130315,3.9700,4.0400,3.9100,3.9500,5323500
20130318,3.9300,3.9600,3.8900,3.9500,3891500
20130319,3.9000,3.9500,3.8100,3.9300,3483400
20130320,4.0100,4.0100,3.8700,3.9000,4718300
20130321,4.0000,4.0400,3.9500,3.9800,6003000
20130322,4.2100,4.4000,4.1000,4.1000,24444700
20130325,4.1200,4.2300,4.1000,4.2300,9781100
20130326,4.0900,4.1200,4.0400,4.1200,6266400
20130327,4.1700,4.1800,4.0700,4.0900,8334200
20130328,4.0000,4.1500,3.9700,4.1400,7015200
20130329,4.0000,4.0400,3.9800,3.9900,3984400
20130401,3.9600,4.0700,3.9500,4.0000,2901700
20130402,3.9600,4.0600,3.9500,3.9700,3148600
20130403,3.9900,4.0100,3.9400,3.9600,2929700
20130404,3.9900,3.9900,3.9900,3.9900,0
20130405,3.9900,3.9900,3.9900,3.9900,0
20130408,4.0200,4.0500,3.8700,3.9700,3936700
20130409,4.0700,4.0900,4.0100,4.0500,3807200
20130410,4.0100,4.0700,3.9700,4.0700,3300200
20130411,3.9600,4.0400,3.9500,4.0300,2044900
20130412,3.9400,4.0200,3.9100,3.9800,1992000
20130415,3.8800,3.9400,3.8800,3.9300,2795000
20130416,3.9300,3.9300,3.8200,3.8500,2211300
20130417,3.9100,3.9400,3.8800,3.9400,2229900
20130418,3.8100,3.8700,3.7800,3.8000,4423900
20130419,3.8900,3.9000,3.8100,3.8400,4244900
20130422,3.9900,4.0200,3.8700,3.8900,7168200
20130423,3.9700,4.0900,3.9500,3.9600,9003600
20130424,4.0100,4.0300,3.9300,3.9600,3854500
20130425,4.0400,4.1500,4.0100,4.0200,10403200
20130426,4.3100,4.3300,4.0000,4.0400,30982100
20130429,4.3100,4.3100,4.3100,4.3100,0
20130430,4.3100,4.3100,4.3100,4.3100,0
20130501,4.3100,4.3100,4.3100,4.3100,0
20130502,4.3100,4.3200,4.2100,4.3000,10787900
20130503,4.3100,4.3600,4.2600,4.2900,8395500
20130506,4.3100,4.3500,4.2500,4.3000,7362700
20130507,4.3000,4.3800,4.2700,4.3200,9416500
20130508,4.3100,4.3500,4.2100,4.3500,7694800
20130509,4.3700,4.4300,4.2800,4.3100,7828700
20130510,4.4400,4.4600,4.3100,4.3700,8810000
20130513,4.5200,4.5300,4.3900,4.4600,8872200
20130514,4.6000,4.6100,4.4800,4.5200,12416500
20130515,4.5700,4.6000,4.5300,4.5900,6106200
20130516,4.7400,4.7800,4.5700,4.5700,16410900
20130517,4.6200,4.7300,4.5700,4.7300,14228800
20130520,4.6000,4.6600,4.5400,4.6400,8343100
20130521,4.6000,4.6500,4.5000,4.6100,8370700
20130522,4.5700,4.6500,4.5500,4.5800,8078400
20130523,4.6100,4.6200,4.5200,4.5700,7333200
20130524,4.5900,4.6800,4.5600,4.6100,4865500
20130527,4.4800,4.5900,4.4100,4.5900,20323800
20130528,4.4800,4.5100,4.3900,4.4700,8838600
20130529,4.4400,4.4900,4.4300,4.4800,5530900
20130530,4.4800,4.5000,4.4100,4.4400,4447400
20130531,4.4800,4.5000,4.4300,4.4700,3772000
20130603,4.6000,4.6300,4.4400,4.4800,10968600
20130604,4.6200,4.6300,4.5400,4.6000,9462000
20130605,4.6000,4.6200,4.5600,4.6200,6014700
20130606,4.4900,4.5800,4.4300,4.5800,6414800
20130607,4.5500,4.7200,4.4500,4.4500,18841200
20130610,4.5500,4.5500,4.5500,4.5500,0
20130611,4.5500,4.5500,4.5500,4.5500,0
20130612,4.5500,4.5500,4.5500,4.5500,0
20130613,4.3600,4.5100,4.1200,4.5100,4610700
20130614,4.3900,4.4400,4.2500,4.3600,5626300
20130617,4.3700,4.3900,4.3100,4.3600,1608600
20130618,4.4200,4.4300,4.3300,4.3500,2020200
20130619,4.3900,4.4600,4.3300,4.3600,2911800
20130620,4.3100,4.3800,4.2600,4.3700,4689600
20130621,4.1300,4.3000,4.0200,4.2400,8771900
20130624,3.7200,4.1100,3.7200,4.1000,6123700
20130625,3.4800,3.7800,3.3500,3.6000,47935700
20130626,3.3700,3.4200,3.3100,3.3700,16305300
20130627,3.1800,3.4200,3.1700,3.3700,13197900
20130628,3.1100,3.2000,2.9900,3.1900,12401600
20130701,3.1600,3.1800,3.0700,3.1600,7215800
20130702,3.1600,3.1800,3.1100,3.1600,5432000
20130703,3.0900,3.1600,3.0500,3.1500,6699800
20130704,3.1300,3.1800,3.0400,3.0800,7069700
20130705,3.1500,3.2100,3.1200,3.1200,7680000
20130708,2.9600,3.1300,2.9200,3.1300,6534800
20130709,2.9400,2.9600,2.9100,2.9200,5007500
20130710,3.0400,3.0400,2.9300,2.9400,4100500
20130711,3.1400,3.2300,3.0400,3.0400,7822600
20130712,3.0900,3.1700,3.0700,3.1500,5114100
20130715,3.1400,3.1600,3.0900,3.1000,3768800
20130716,3.1800,3.1900,3.1200,3.1300,5062600
20130717,3.1100,3.2000,3.1100,3.1900,5213300
20130718,3.0400,3.1300,3.0300,3.1200,5123600
20130719,2.9700,3.0700,2.9700,3.0700,3682500
20130722,3.0100,3.0200,2.9300,2.9500,2716000
20130723,3.0900,3.1000,3.0100,3.0400,4531900
20130724,3.0900,3.1100,3.0100,3.1100,4851600
20130725,3.2000,3.3500,3.1800,3.2600,25744200
20130726,3.1400,3.1700,3.0800,3.1300,8602400
20130729,3.0800,3.1200,3.0500,3.1200,5201300
20130730,3.0800,3.1100,3.0100,3.0700,3902400
20130731,3.0600,3.1200,3.0300,3.0900,3230700
20130801,3.1200,3.1200,3.0500,3.0600,5191600
20130802,3.1200,3.1500,3.1000,3.1300,4014000
20130805,3.1600,3.1700,3.1000,3.1200,4350600
20130806,3.2100,3.2600,3.1300,3.1500,7290800
20130807,3.2100,3.2600,3.1900,3.2200,6978400
20130808,3.2000,3.2400,3.1700,3.2100,4232800
20130809,3.2200,3.2300,3.1600,3.2200,4674900
20130812,3.2800,3.2800,3.1900,3.2200,7268700
20130813,3.3900,3.5200,3.2700,3.2800,14583700
20130814,3.3600,3.3900,3.3000,3.3700,7022300
20130815,3.3200,3.3800,3.3000,3.3300,3604700
20130816,3.2400,3.3900,3.2300,3.3000,6037000
20130819,3.2800,3.3000,3.1900,3.1900,2829900
20130820,3.2400,3.2900,3.2100,3.2900,4309900
20130821,3.2400,3.2500,3.2000,3.2400,3681200
20130822,3.2400,3.2700,3.2200,3.2400,3817300
20130823,3.2100,3.2600,3.1600,3.2100,3908500
20130826,3.2700,3.2700,3.1800,3.2100,4501800
20130827,3.3300,3.3400,3.2600,3.2800,6210100
20130828,3.3000,3.3500,3.2600,3.3000,5829500
20130829,3.3100,3.3300,3.2700,3.3000,5469800
20130830,3.3300,3.3700,3.2800,3.3000,6756800
20130902,3.4400,3.5100,3.2500,3.3300,10504000
20130903,3.5100,3.5600,3.3800,3.3900,14544000
20130904,3.4600,3.5300,3.4200,3.5000,8933600
20130905,3.4200,3.4900,3.3900,3.4600,5915900
20130906,3.4200,3.4500,3.4000,3.4300,3579400
20130909,3.4800,3.5100,3.4000,3.4300,7875900
20130910,3.5200,3.5800,3.4600,3.4800,8036100
20130911,3.6100,3.7200,3.5000,3.5300,16368700
20130912,3.6200,3.7900,3.5800,3.6000,15738700
20130913,3.5400,3.6600,3.5200,3.6000,9896700
20130916,3.4500,3.6100,3.4400,3.5300,7967000
20130917,3.3900,3.4600,3.3700,3.4500,4769200
20130918,3.4600,3.4700,3.3800,3.3900,3792500
20130920,3.4600,3.4600,3.4600,3.4600,0
20130923,3.4800,3.4900,3.4000,3.4600,10084700
20130924,3.4100,3.4700,3.3900,3.4600,5799900
20130925,3.4000,3.4400,3.3900,3.4100,4777100
20130926,3.2900,3.3900,3.2800,3.3900,4993400
20130927,3.3000,3.3300,3.2700,3.2900,3006500
20130930,3.3000,3.3200,3.2700,3.3100,4158800
20131001,3.3000,3.3000,3.3000,3.3000,0
20131002,3.3000,3.3000,3.3000,3.3000,0
20131003,3.3000,3.3000,3.3000,3.3000,0
20131004,3.3000,3.3000,3.3000,3.3000,0
20131007,3.3000,3.3000,3.3000,3.3000,0
20131008,3.3500,3.3600,3.2700,3.2800,4893800
20131009,3.3600,3.3700,3.3000,3.3300,5257600
20131010,3.4000,3.4100,3.3600,3.3600,6519700
20131011,3.4400,3.4400,3.3900,3.4200,6013000
20131014,3.4800,3.4800,3.4300,3.4500,5766700
20131015,3.4600,3.5000,3.4000,3.4800,8693000
20131016,3.3400,3.4500,3.3200,3.4300,6752100
20131017,3.3200,3.3800,3.3100,3.3500,8192500
20131018,3.3400,3.3600,3.3000,3.3200,4447800
20131021,3.3800,3.3900,3.3200,3.3300,5181300
20131022,3.3900,3.4100,3.3600,3.3700,4949700
20131023,3.2900,3.3900,3.2700,3.3600,6263700
20131024,3.2000,3.2900,3.1900,3.2900,4488800
20131025,3.1300,3.2100,3.1100,3.2100,5149300
20131028,3.1300,3.1500,3.1100,3.1300,2759600
20131029,3.0200,3.1600,2.9700,3.1400,5616900
20131030,3.1000,3.1100,3.0000,3.0200,3119000
20131031,3.1000,3.1100,3.0600,3.1000,2824200
20131101,3.0800,3.1600,3.0500,3.1000,5478100
20131104,3.0800,3.0900,3.0200,3.0600,6905400
20131105,3.1000,3.1200,3.0300,3.0600,4587400
20131106,3.0400,3.1200,3.0300,3.0700,4746800
20131107,3.0400,3.0700,3.0300,3.0400,3429500
20131108,3.0500,3.0500,2.9900,3.0300,4109400
20131111,3.0600,3.0800,3.0100,3.0400,3450700
20131112,3.1100,3.1200,3.0300,3.0800,4909900
20131113,3.0400,3.1100,3.0300,3.0800,4302700
20131114,3.0900,3.0900,3.0200,3.0500,2102700
20131115,3.1200,3.1600,3.0800,3.1000,5905100
20131118,3.1900,3.1900,3.1200,3.1400,6458400
20131119,3.1900,3.2100,3.1500,3.1900,6391100
20131120,3.2000,3.2100,3.1700,3.2000,5402900
20131121,3.1700,3.2000,3.1500,3.2000,4487400
20131122,3.1800,3.1900,3.1600,3.1600,2401200
20131125,3.1900,3.2300,3.1600,3.1800,5016000
20131126,3.1600,3.1900,3.1500,3.1900,2973900
20131127,3.2000,3.2100,3.1500,3.1600,3833600
20131128,3.2100,3.2400,3.2000,3.2100,4877100
20131129,3.2300,3.2500,3.2000,3.2100,3706000
20131202,3.0700,3.1900,3.0300,3.1800,6080400
20131203,3.1400,3.1400,3.0400,3.0400,2396300
20131204,3.1800,3.2200,3.1000,3.1200,5331800
20131205,3.2300,3.2600,3.1600,3.1700,6819700
20131206,3.2100,3.2300,3.1900,3.2100,3913800
20131209,3.2100,3.2300,3.2000,3.2000,2734300
20131210,3.2100,3.2300,3.1800,3.2100,2843100
20131211,3.1700,3.2000,3.1300,3.2000,3289300
20131212,3.1900,3.2000,3.1500,3.1600,2333500
20131213,3.1800,3.2000,3.1600,3.1800,1959500
20131216,3.1300,3.1900,3.1200,3.1800,2222200
20131217,3.1300,3.1500,3.1100,3.1500,2669100
20131218,3.0900,3.1400,3.0800,3.1200,2546900
20131219,3.0700,3.1100,3.0600,3.1000,2089800
20131220,3.0200,3.0800,3.0000,3.0700,3331100
20131223,2.9900,3.0300,2.9800,3.0100,2690800
20131224,3.0100,3.0200,2.9800,2.9900,2594700
20131225,3.0200,3.0400,3.0000,3.0100,1753800
20131226,2.9500,3.0400,2.9400,3.0400,2195100
20131227,2.9800,3.0000,2.9400,2.9400,1733400
20131230,3.0100,3.0100,2.9700,2.9900,1824600
20131231,3.0500,3.0700,3.0100,3.0100,2882600
20140101,3.0500,3.0500,3.0500,3.0500,0
20140102,3.0600,3.0700,3.0200,3.0600,1692600
20140103,3.0300,3.0500,3.0100,3.0500,1866900
20140106,2.9400,3.0300,2.9400,3.0300,1922400
20140107,2.9500,2.9800,2.9200,2.9200,1606600
20140108,2.9300,2.9700,2.9200,2.9500,1809900
20140109,2.9200,2.9600,2.9100,2.9300,1759900
20140110,2.8100,2.9400,2.8000,2.9200,2477700
20140113,2.8200,2.8600,2.8100,2.8200,1512800
20140114,2.8600,2.8700,2.8200,2.8500,1170900
20140115,2.8700,2.8900,2.8400,2.8600,1358300
20140116,2.8700,2.8800,2.8400,2.8600,1306400
20140117,2.8300,2.8700,2.8200,2.8700,1094800
20140120,2.8100,2.8400,2.7900,2.8300,1344600
20140121,2.8300,2.8500,2.8000,2.8000,1473600
20140122,2.9100,2.9100,2.8100,2.8100,2684000
20140123,2.9000,2.9300,2.8900,2.9100,1622400
20140124,2.9300,2.9400,2.8900,2.9000,1427500
20140127,2.9100,2.9400,2.9000,2.9200,1046500
20140128,2.8900,2.9300,2.8800,2.9000,1713200
20140129,2.8900,2.9200,2.8700,2.9000,1511800
20140130,2.9100,2.9300,2.8300,2.8600,1669100
20140131,2.9100,2.9100,2.9100,2.9100,0
20140203,2.9100,2.9100,2.9100,2.9100,0
20140205,2.9100,2.9100,2.9100,2.9100,0
20140206,2.9100,2.9100,2.9100,2.9100,0
20140207,2.9400,2.9700,2.8700,2.9000,3156700
20140210,2.9800,2.9900,2.9400,2.9500,3018400
20140211,2.9800,3.0100,2.9700,2.9800,3095900
20140212,3.0000,3.0100,2.9500,2.9800,3769300
20140213,2.9700,3.0100,2.9600,3.0100,2586700
20140214,3.0200,3.0200,2.9600,2.9700,4319700
20140217,3.0500,3.0500,3.0000,3.0100,5754400
20140218,3.0200,3.0500,3.0000,3.0400,3603100
20140219,3.0400,3.0500,3.0000,3.0200,3790400
20140220,3.0200,3.0800,3.0100,3.0200,6088800
20140221,2.9800,3.0400,2.9600,3.0200,4141700
20140224,2.9200,2.9700,2.8900,2.9700,3632300
20140225,2.8300,2.9300,2.8100,2.9200,3821700
