20130226,4.3500,4.5400,4.3200,4.5100,16450300
20130227,4.3600,4.4100,4.3300,4.3600,6641600
20130228,4.4300,4.4500,4.3600,4.3700,11827900
20130301,4.4700,4.5100,4.4300,4.4300,10072100
20130304,4.1800,4.3600,4.1500,4.3600,16444100
20130305,4.2200,4.2200,4.1600,4.1800,6791800
20130306,4.2600,4.2800,4.1900,4.2300,9240300
20130307,4.2800,4.3600,4.2300,4.2700,9915400
20130308,4.2300,4.3100,4.2300,4.2900,4708500
20130311,4.2300,4.2600,4.1900,4.2300,3735200
20130312,4.1900,4.3200,4.1600,4.2300,9239600
20130313,4.1100,4.2000,4.0700,4.1900,4986700
20130314,4.1400,4.1900,4.0700,4.1100,5807000
20130315,4.0900,4.1500,4.0300,4.1000,6773600
20130318,4.0500,4.1000,4.0400,4.0700,3784500
20130319,4.0800,4.0800,4.0100,4.0600,4288800
20130320,4.1700,4.1700,4.0600,4.0800,8240500
20130321,4.2000,4.2500,4.1400,4.1700,10694400
20130322,4.2000,4.2100,4.1600,4.2000,6168100
20130325,4.1700,4.2100,4.1400,4.2000,6532200
20130326,4.1200,4.1800,4.0800,4.1500,4742900
20130327,4.1200,4.1600,4.0800,4.1100,6533200
20130328,3.9900,4.1000,3.9900,4.1000,7970900
20130329,4.0400,4.0700,3.9900,3.9900,4442500
20130401,4.0300,4.0800,4.0200,4.0500,3516600
20130402,4.0400,4.0800,4.0300,4.0400,4662200
20130403,3.9900,4.0500,3.9800,4.0500,4533000
20130404,3.9900,3.9900,3.9900,3.9900,0
20130405,3.9900,3.9900,3.9900,3.9900,0
20130408,3.9400,3.9800,3.9000,3.9800,4543600
20130409,3.9900,4.0000,3.9200,3.9200,3992700
20130410,4.0000,4.0200,3.9500,3.9800,3323000
20130411,4.0100,4.0500,3.9900,4.0300,4008800
20130412,3.9900,4.0500,3.9700,4.0000,3837600
20130415,3.9500,3.9900,3.9200,3.9700,4136600
20130416,4.0400,4.0500,3.9000,3.9200,6585500
20130417,4.0300,4.0500,3.9800,4.0400,4995200
20130418,4.0000,4.0400,3.9900,4.0300,3552200
20130419,4.0700,4.0800,4.0100,4.0100,9116200
20130422,4.0300,4.0600,4.0100,4.0500,4567200
20130423,3.9300,4.0400,3.9200,4.0400,6704900
20130424,3.9600,3.9800,3.9100,3.9200,5294600
20130425,3.9100,3.9600,3.9000,3.9600,4737100
20130426,3.8500,3.9400,3.8200,3.9200,5351200
20130429,3.8500,3.8500,3.8500,3.8500,0
20130430,3.8500,3.8500,3.8500,3.8500,0
20130501,3.8500,3.8500,3.8500,3.8500,0
20130502,3.8500,3.8800,3.8000,3.8500,2803700
20130503,3.8900,3.9300,3.8500,3.8500,4006300
20130506,3.9400,3.9500,3.8900,3.9000,5032000
20130507,3.9700,4.0300,3.9500,3.9800,5790000
20130508,4.0000,4.0100,3.9500,3.9800,4441300
20130509,3.9800,4.0300,3.9300,3.9600,4680100
20130510,4.2200,4.3800,4.1700,4.3800,41002200
20130513,4.0800,4.1500,4.0200,4.0600,19037900
20130514,4.1300,4.1500,4.0000,4.0700,16927600
20130515,4.0900,4.1200,4.0400,4.1200,10215700
20130516,4.1700,4.1900,4.0600,4.1000,16436100
20130517,4.2400,4.2600,4.1600,4.1900,22461600
20130520,4.2200,4.2500,4.1900,4.2200,16144400
20130521,4.3200,4.3600,4.1900,4.2100,24907200
20130522,4.2900,4.3500,4.2700,4.3000,15883100
20130523,4.3200,4.5000,4.3100,4.4200,27526800
20130524,4.3400,4.3400,4.2700,4.3000,13877200
20130527,4.3200,4.3600,4.2800,4.3500,8774200
20130528,4.3900,4.4000,4.2700,4.3500,14783400
20130529,4.3800,4.4100,4.3400,4.3800,11322400
20130530,4.3100,4.3600,4.2800,4.3400,9845700
20130531,4.2800,4.3500,4.2800,4.3100,7042300
20130603,4.2500,4.2900,4.2400,4.2600,6274500
20130604,4.1500,4.2600,4.1400,4.2600,7631300
20130605,4.1300,4.1600,4.1200,4.1600,4475000
20130606,4.0600,4.1300,4.0500,4.1200,5182300
20130607,4.0200,4.1100,3.9900,4.1000,5910200
20130610,4.0200,4.0200,4.0200,4.0200,0
20130611,4.0200,4.0200,4.0200,4.0200,0
20130612,4.0200,4.0200,4.0200,4.0200,0
20130613,3.9300,4.0300,3.8800,4.0200,5609000
20130614,3.9800,3.9900,3.9200,3.9300,3243200
20130617,3.9900,4.0600,3.9700,4.0000,3194000
20130618,4.0000,4.0200,3.9400,3.9900,3441200
20130619,4.0500,4.0800,3.8900,3.9700,6497300
20130620,4.0500,4.1700,4.0100,4.0700,12903000
20130621,3.9500,3.9900,3.8300,3.9400,6112800
20130624,3.6900,3.9800,3.6000,3.9700,7511300
20130625,3.5600,3.6800,3.3600,3.6800,8852600
20130626,3.5500,3.6200,3.4900,3.5700,5372300
20130627,3.5200,3.6600,3.5100,3.5500,6381600
20130628,3.5500,3.6200,3.4700,3.5300,4929500
20130701,3.5700,3.6000,3.5000,3.5500,3461700
20130702,3.5900,3.6000,3.4600,3.5600,5016600
20130703,3.5100,3.5600,3.4700,3.5500,4208700
20130704,3.5600,3.6100,3.4900,3.4900,4811800
20130705,3.6700,3.7000,3.5500,3.5700,10784200
20130708,3.4900,3.6000,3.4800,3.6000,5457500
20130709,3.4800,3.5300,3.4600,3.4900,2485700
20130710,3.5600,3.5800,3.4800,3.4800,4553200
20130711,3.6700,3.7100,3.5500,3.5600,10998600
20130712,3.6000,3.7000,3.5900,3.6900,5497500
20130715,3.7700,3.8500,3.5800,3.6000,12348800
20130716,3.7300,3.7500,3.6700,3.7100,7989800
20130717,3.7100,3.7900,3.6900,3.7200,7671700
20130718,3.6300,3.7400,3.6100,3.7200,5903600
20130719,3.5300,3.7000,3.5200,3.6400,7235000
20130722,3.5400,3.5600,3.4900,3.5200,3831600
20130723,3.6100,3.6200,3.5100,3.5500,7254700
20130724,3.5700,3.6100,3.5200,3.6100,5357900
20130725,3.5400,3.5900,3.5300,3.5700,4364700
20130726,3.5200,3.5500,3.5100,3.5400,2993000
20130729,3.4500,3.5200,3.4200,3.5100,5733000
20130730,3.4700,3.4800,3.4100,3.4600,2927100
20130731,3.4700,3.5700,3.4300,3.4900,4794400
20130801,3.5200,3.5300,3.4500,3.4800,4698400
20130802,3.5600,3.6900,3.5400,3.5700,8179800
20130805,3.5800,3.5900,3.5400,3.5600,3896700
20130806,3.6000,3.6300,3.5500,3.5700,7094900
20130807,3.6700,3.7500,3.5800,3.5800,15087700
20130808,3.6100,3.6500,3.5800,3.6200,8497000
20130809,3.6000,3.6300,3.5600,3.6000,6106300
20130812,3.6600,3.6600,3.5800,3.6000,7366600
20130813,3.7100,3.8200,3.6300,3.6500,15387600
20130814,3.6900,3.7300,3.6500,3.6900,9938100
20130815,3.6300,3.7000,3.6200,3.6900,6572000
20130816,3.6400,3.9900,3.6000,3.6100,11586300
20130819,3.6700,3.7000,3.6000,3.6300,5254300
20130820,3.6300,3.7000,3.6000,3.6700,5371800
20130821,3.6600,3.6700,3.6000,3.6500,4009400
20130822,3.6700,3.7200,3.6300,3.6600,7881000
20130823,3.6400,3.7100,3.6000,3.6700,6839700
20130826,3.7400,3.7500,3.6300,3.6400,11676900
20130827,3.7800,3.8000,3.7100,3.7300,10614300
20130828,3.8100,3.9000,3.7100,3.7300,17338000
20130829,3.9600,3.9700,3.8000,3.8400,25162400
20130830,4.0500,4.1100,3.9200,4.0000,37257400
20130902,3.8900,4.0300,3.8300,4.0300,17154700
20130903,3.9200,3.9700,3.8600,3.8900,7529900
20130904,3.9900,4.0600,3.8700,3.9000,16252300
20130905,4.0300,4.2500,4.0200,4.1800,29979100
20130906,4.0600,4.1500,3.9500,3.9900,16067200
20130909,4.1500,4.2000,4.0000,4.0500,23783800
20130910,4.2100,4.2800,4.0800,4.1300,21528000
20130911,4.1200,4.2000,4.0700,4.1800,18314800
20130912,4.1700,4.3700,4.0800,4.1200,22417300
20130913,4.2300,4.3300,4.1300,4.1500,22640300
20130916,4.2100,4.2500,4.1300,4.2000,15553400
20130917,4.0600,4.2500,4.0500,4.2200,14438000
20130918,4.0400,4.0900,4.0000,4.0500,8154100
20130920,4.0400,4.0400,4.0400,4.0400,0
20130923,4.1000,4.1000,4.0400,4.0600,7878800
20130924,4.1500,4.2700,4.0800,4.1000,15180900
20130925,4.0500,4.2300,4.0400,4.1200,15783600
20130926,3.8500,4.0500,3.8300,4.0500,17964100
20130927,3.9200,3.9500,3.8200,3.8500,12580800
20130930,3.8600,3.9300,3.8000,3.9000,9183700
20131001,3.8600,3.8600,3.8600,3.8600,0
20131002,3.8600,3.8600,3.8600,3.8600,0
20131003,3.8600,3.8600,3.8600,3.8600,0
20131004,3.8600,3.8600,3.8600,3.8600,0
20131007,3.8600,3.8600,3.8600,3.8600,0
20131008,3.9700,3.9700,3.8300,3.8700,7880800
20131009,3.9800,4.0000,3.9300,3.9700,7798100
20131010,3.9900,4.0900,3.9400,3.9800,13237900
20131011,4.0300,4.0500,3.9900,4.0100,10354000
20131014,4.0100,4.0600,3.9900,4.0300,9407200
20131015,4.0600,4.0700,3.9500,4.0100,13658400
20131016,3.9100,4.0400,3.8900,4.0000,10154200
20131017,3.9200,3.9800,3.9000,3.9500,5931500
20131018,3.9200,3.9400,3.9000,3.9100,4711400
20131021,3.9800,4.0000,3.9000,3.9300,8363000
20131022,3.9300,3.9900,3.9000,3.9700,8263800
20131023,3.8900,3.9800,3.8500,3.9500,9205100
20131024,4.0500,4.0600,3.8600,3.9600,21449400
20131025,4.0300,4.1900,4.0000,4.0700,34125100
20131028,3.9100,3.9900,3.8500,3.9800,12537400
20131029,3.7700,3.9200,3.7100,3.9000,13180400
20131030,3.8100,3.8200,3.7500,3.7600,5816400
20131031,3.8000,3.8600,3.7700,3.7700,4918200
20131101,3.8400,3.9000,3.7500,3.8400,6941700
20131104,3.8200,3.8500,3.7900,3.8300,5040400
20131105,3.9300,3.9400,3.8000,3.8400,10294500
20131106,3.8700,3.9600,3.8600,3.9200,9128100
20131107,3.8400,3.9000,3.8200,3.8700,5443700
20131108,3.7600,3.8500,3.7000,3.8200,7520000
20131111,3.7800,3.7900,3.7200,3.7600,3130100
20131112,3.9200,3.9800,3.7900,3.7900,12259400
20131113,3.7500,3.8700,3.7500,3.8500,7849700
20131114,3.8300,3.8400,3.7500,3.7600,4780900
20131115,4.0000,4.0000,3.8500,3.8500,17575300
20131118,4.0400,4.1300,3.9700,4.0800,20141400
20131119,4.0200,4.0700,3.9700,4.0400,10898500
20131120,4.0500,4.0600,3.9900,4.0300,10264000
20131121,4.0500,4.0700,3.9700,4.0200,9921600
20131122,4.0400,4.1100,4.0300,4.0800,11957100
20131125,3.9500,4.0100,3.9100,3.9900,10295800
20131126,3.9400,3.9800,3.9100,3.9400,5394000
20131127,3.9600,3.9900,3.9100,3.9400,5964300
20131128,4.0200,4.0500,3.9400,3.9800,10864600
20131129,4.0800,4.0900,3.9600,4.0300,16670600
20131202,4.4900,4.4900,3.9800,4.1200,79297000
20131203,4.4500,4.4700,4.2200,4.4000,72489696
20131204,4.4500,4.5900,4.3400,4.3600,59550700
20131205,4.4400,4.5600,4.3800,4.4000,43059800
20131206,4.4800,4.5400,4.3300,4.4400,32653500
20131209,4.3600,4.4700,4.3300,4.4300,26060900
20131210,4.3700,4.4100,4.3100,4.3500,17004400
20131211,4.4100,4.4500,4.2400,4.3600,30047600
20131212,4.5200,4.5800,4.3600,4.3800,37107000
20131213,4.5900,4.7300,4.4800,4.6200,56874700
20131216,4.3800,4.7400,4.3600,4.5800,40365900
20131217,4.2300,4.3600,4.2000,4.3200,19620200
20131218,4.2000,4.2600,4.1500,4.2300,10831100
20131219,4.1200,4.2300,4.1000,4.1800,10557800
20131220,4.0400,4.1600,4.0200,4.1000,10969700
20131223,4.0300,4.0900,3.9900,4.0200,7472000
20131224,4.0100,4.0900,3.9500,4.0000,8426300
20131225,4.0600,4.0600,3.9900,4.0400,7182000
20131226,3.9100,4.0600,3.8900,4.0600,12007600
20131227,3.9800,4.0000,3.9000,3.9100,7327800
20131230,4.0500,4.0900,3.9400,4.0200,12670600
20131231,4.0400,4.0900,4.0000,4.0200,8096100
20140101,4.0400,4.0400,4.0400,4.0400,0
20140102,3.9700,4.0300,3.9500,4.0000,8809000
20140103,3.8700,3.9700,3.8500,3.9600,10536500
20140106,3.7200,3.8700,3.7000,3.8700,8972100
20140107,3.7300,3.7700,3.6800,3.7000,4849600
20140108,3.7200,3.7600,3.7000,3.7300,4463800
20140109,3.7200,3.8000,3.7000,3.7100,6452200
20140110,3.5900,3.7300,3.5700,3.7000,7509700
20140113,3.5900,3.6200,3.5600,3.5800,4012400
20140114,3.6700,3.6800,3.5700,3.6000,4604500
20140115,3.7300,3.7900,3.6300,3.7000,6060000
20140116,3.7500,3.7800,3.6800,3.7300,6227400
20140117,3.7200,3.7600,3.6900,3.7600,4885400
20140120,3.6800,3.7300,3.6200,3.7000,4155800
20140121,3.7100,3.7300,3.6300,3.6300,4101400
20140122,3.8000,3.8000,3.7000,3.7200,8697400
20140123,3.7900,3.8200,3.7500,3.7800,6358000
20140124,4.0400,4.1600,3.7900,3.8200,24211600
20140127,3.9000,3.9900,3.8900,3.9500,13461500
20140128,3.8700,3.9400,3.8300,3.9100,7877700
20140129,3.8800,3.9200,3.8500,3.8700,5716000
20140130,3.8700,3.9000,3.8500,3.8900,3376300
20140131,3.8700,3.8700,3.8700,3.8700,0
20140203,3.8700,3.8700,3.8700,3.8700,0
20140205,3.8700,3.8700,3.8700,3.8700,0
20140206,3.8700,3.8700,3.8700,3.8700,0
20140207,3.8900,3.9100,3.8100,3.8400,4809700
20140210,3.9400,3.9600,3.8900,3.8900,10799100
20140211,3.9400,3.9800,3.9200,3.9500,10380100
20140212,4.0400,4.0700,3.9300,3.9400,17781800
20140213,3.9600,4.0200,3.9400,4.0000,11422100
20140214,4.0400,4.1200,3.9300,3.9400,16316200
20140217,4.0500,4.0600,4.0000,4.0300,10168500
20140218,4.0200,4.0800,3.9700,4.0500,15566800
20140219,4.0500,4.1100,3.9700,3.9900,18172400
20140220,3.9500,4.0600,3.9400,4.0300,11956500
20140221,3.9000,4.0000,3.8800,3.9400,8804800
20140224,3.7600,3.8900,3.7200,3.8900,11102800
20140225,3.6200,3.7800,3.6000,3.7600,10090500
