20130226,7.4100,7.5300,7.3900,7.4800,3547800
20130227,7.3200,7.4800,7.2600,7.4100,3799800
20130228,7.4600,7.5000,7.3000,7.3500,4117900
20130301,7.5200,7.5600,7.3900,7.4600,4174700
20130304,7.1400,7.4600,7.0800,7.4600,4780700
20130305,7.2300,7.2500,7.1000,7.1800,3944500
20130306,7.3000,7.3500,7.1600,7.2000,4490300
20130307,7.3000,7.4100,7.2400,7.3000,4776800
20130308,7.4000,7.4400,7.2800,7.3100,4471300
20130311,7.4900,7.5000,7.3300,7.3700,4993300
20130312,7.3600,7.5200,7.1600,7.4800,5950500
20130313,7.2400,7.3000,7.1700,7.2900,3652500
20130314,7.2200,7.2900,7.1900,7.2300,2350200
20130315,7.1700,7.2800,7.1600,7.2800,3378600
20130318,7.1700,7.2000,7.0300,7.1700,4525400
20130319,7.3200,7.3300,7.1200,7.1600,4262800
20130320,7.5100,7.5500,7.2600,7.3200,7837200
20130321,7.5100,7.5500,7.4600,7.4900,4906000
20130322,7.6900,8.0300,7.4000,7.4600,16223800
20130325,7.6000,7.6400,7.5000,7.5600,8167800
20130326,7.3300,7.5500,7.3000,7.5500,6597400
20130327,7.3100,7.4100,7.2700,7.3000,3751400
20130328,7.0600,7.2900,7.0500,7.2900,4183200
20130329,7.1100,7.1500,7.0700,7.1100,1902200
20130401,7.1200,7.1800,7.0700,7.0700,1793400
20130402,7.0900,7.1800,7.0800,7.1500,1640500
20130403,7.0100,7.1300,7.0000,7.1200,2026600
20130404,7.0100,7.0100,7.0100,7.0100,0
20130405,7.0100,7.0100,7.0100,7.0100,0
20130408,6.9400,6.9600,6.8300,6.9100,2524800
20130409,6.9700,6.9800,6.9300,6.9700,2771400
20130410,6.9800,7.0300,6.9100,6.9500,2935000
20130411,6.9000,7.0300,6.8900,6.9900,2454400
20130412,6.7800,6.9200,6.7700,6.9100,2408900
20130415,6.6500,6.8000,6.6400,6.8000,2112200
20130416,6.6800,6.7000,6.5400,6.6100,2588000
20130417,6.6700,6.7000,6.5800,6.6900,1958200
20130418,6.6600,6.7000,6.6100,6.6400,2222500
20130419,6.7900,6.8100,6.6500,6.6500,2882700
20130422,6.8000,6.8000,6.7200,6.7600,2352900
20130423,6.6300,6.8000,6.6100,6.8000,2256300
20130424,6.7000,6.7300,6.5900,6.6000,1761400
20130425,6.5500,6.7200,6.5500,6.7000,2366500
20130426,6.4800,6.6200,6.4800,6.5600,1999100
20130429,6.4800,6.4800,6.4800,6.4800,0
20130430,6.4800,6.4800,6.4800,6.4800,0
20130501,6.4800,6.4800,6.4800,6.4800,0
20130502,6.5900,6.6500,6.5100,6.5100,1957600
20130503,6.7000,6.7200,6.6000,6.6000,2589200
20130506,6.7400,6.7700,6.6800,6.6900,2345600
20130507,6.7400,6.7500,6.6700,6.7300,1651300
20130508,6.7400,6.7800,6.6900,6.7400,2065200
20130509,6.6700,6.7400,6.6300,6.7400,2297600
20130510,6.7700,6.7800,6.6500,6.6600,2643600
20130513,6.7800,6.7900,6.7100,6.7700,2278000
20130514,6.6900,6.7900,6.6700,6.7700,1706300
20130515,6.8300,6.8300,6.6600,6.6900,3176600
20130516,6.8800,6.8900,6.7500,6.8000,3628400
20130517,6.9900,7.0700,6.8500,6.8500,5168300
20130520,7.1300,7.2300,6.9500,6.9900,6599200
20130521,7.4200,7.4300,7.0800,7.1000,10982300
20130522,7.9200,7.9600,7.3200,7.3900,29711700
20130523,7.5800,7.9800,7.5600,7.7500,32623700
20130524,7.6400,7.7500,7.5200,7.5200,15899700
20130527,7.5400,7.6900,7.4400,7.6100,8279700
20130528,7.5700,7.5800,7.4100,7.5100,6038700
20130529,7.6000,7.7400,7.4800,7.5900,18188300
20130530,7.4700,7.5800,7.4400,7.5600,5518800
20130531,7.4100,7.5000,7.3100,7.4500,5899400
20130603,7.5000,7.6100,7.3600,7.4100,11327100
20130604,7.3300,7.5000,7.2200,7.4000,5628800
20130605,7.3300,7.3800,7.2400,7.3500,3817700
20130606,7.2300,7.3200,7.2000,7.3200,3986400
20130607,7.2200,7.2800,7.1100,7.2300,3530300
20130610,7.2200,7.2200,7.2200,7.2200,0
20130611,7.2200,7.2200,7.2200,7.2200,0
20130612,7.2200,7.2200,7.2200,7.2200,0
20130613,6.9800,7.1600,6.9100,7.1100,5775300
20130614,7.2400,7.2600,6.9500,6.9700,7250600
20130617,7.5300,7.6400,7.1300,7.2300,20578000
20130618,7.2300,7.4700,7.2100,7.3500,17296700
20130619,7.0200,7.1800,6.9500,7.1800,4678100
20130620,6.6800,7.0000,6.6600,7.0000,4843300
20130621,6.6600,6.7300,6.5100,6.6000,2638700
20130624,6.1900,6.6600,6.1700,6.6400,3552800
20130625,6.4100,6.4500,6.0300,6.1100,9568000
20130626,6.4400,6.5300,6.2600,6.4200,4475700
20130627,6.2900,6.5400,6.2900,6.4800,2350000
20130628,6.2800,6.4100,6.2200,6.3000,2171300
20130701,6.3100,6.3700,6.2500,6.3500,2220100
20130702,6.2700,6.3200,6.1900,6.3100,4010200
20130703,6.1700,6.2400,6.1000,6.2300,3754600
20130704,6.2000,6.2600,6.0400,6.1300,4121700
20130705,6.1700,6.2600,6.1600,6.2000,4424200
20130708,5.9100,6.0700,5.9100,6.0700,3326800
20130709,5.9900,6.0700,5.9200,5.9500,3096500
20130710,6.1600,6.1700,5.9700,6.0000,4014100
20130711,6.3400,6.3800,6.1300,6.1500,6487600
20130712,6.2600,6.3600,6.2300,6.3200,5157600
20130715,6.0600,6.1000,5.9800,6.1000,3496700
20130716,6.1200,6.1300,6.0000,6.0800,2994000
20130717,6.0600,6.1600,6.0400,6.1100,3084500
20130718,6.0400,6.1200,5.9900,6.0700,2649600
20130719,5.8600,6.0800,5.8000,6.0500,3699100
20130722,5.8800,5.8900,5.7000,5.8200,3370500
20130723,5.9800,5.9900,5.8400,5.8500,3616900
20130724,5.9000,5.9800,5.8300,5.9600,3292800
20130725,5.8300,5.9500,5.8000,5.9200,2767200
20130726,5.7700,5.8400,5.7300,5.8200,2329700
20130729,5.6500,5.7600,5.6300,5.7300,2671000
20130730,5.6900,5.7300,5.5900,5.6500,1849500
20130731,5.6900,5.7500,5.6700,5.7200,1741000
20130801,5.8300,5.8600,5.6600,5.7000,2595900
20130802,5.8300,5.8900,5.8100,5.8500,2501100
20130805,5.9000,5.9200,5.8400,5.8400,2454600
20130806,5.9900,6.0400,5.8700,5.8900,4764000
20130807,5.9400,6.0200,5.9100,5.9600,3049300
20130808,5.9200,5.9600,5.8800,5.9200,2073500
20130809,6.0000,6.0100,5.9000,5.9200,3270400
20130812,6.3600,6.4600,6.0100,6.0100,13215600
20130813,6.2700,6.3700,6.2300,6.3700,4502200
20130814,6.2700,6.3600,6.2200,6.2900,6002200
20130815,6.1500,6.2800,6.1100,6.2400,4594200
20130816,6.0900,6.3400,6.0700,6.1100,5541600
20130819,6.1500,6.1900,6.0300,6.0300,2991000
20130820,6.1800,6.2500,6.1300,6.1700,3691400
20130821,6.2200,6.2300,6.1500,6.1600,2449700
20130822,6.1400,6.2400,6.1300,6.2200,2173300
20130823,6.0700,6.1800,6.0000,6.1500,3721200
20130826,6.2000,6.2100,6.0500,6.0800,3977200
20130827,6.2300,6.2300,6.1600,6.1900,3553000
20130828,6.1700,6.2200,6.1200,6.2100,4343300
20130829,6.2700,6.2900,6.1600,6.1700,5013200
20130830,6.3400,6.4500,6.2500,6.2800,8503800
20130902,6.2700,6.3800,6.1700,6.3500,4093900
20130903,6.3300,6.3300,6.2500,6.2700,3492900
20130904,6.2800,6.3500,6.2600,6.3200,3594300
20130905,6.2500,6.3100,6.2500,6.2800,2686100
20130906,6.2800,6.2900,6.2100,6.2200,2731300
20130909,6.3600,6.4000,6.2500,6.2800,4955700
20130910,6.4900,6.4900,6.3500,6.3600,6269800
20130911,6.5000,6.5600,6.4300,6.4700,6686400
20130912,6.6800,6.8400,6.4600,6.5000,11021700
20130913,6.6500,6.8600,6.6300,6.7100,8958500
20130916,6.6000,6.6900,6.4600,6.6400,5453100
20130917,6.4000,6.6300,6.3900,6.5700,4777900
20130918,6.5700,6.6000,6.3800,6.3900,3682300
20130920,6.5700,6.5700,6.5700,6.5700,0
20130923,6.9700,7.0000,6.5100,6.5600,15937500
20130924,6.8300,6.9100,6.7000,6.9000,10009100
20130925,7.1100,7.2700,6.8800,6.9000,22592300
20130926,6.7900,7.0900,6.7800,7.0300,8963600
20130927,6.7000,6.8900,6.6300,6.8000,6480300
20130930,6.7200,6.8800,6.7000,6.7400,4422000
20131001,6.7200,6.7200,6.7200,6.7200,0
20131002,6.7200,6.7200,6.7200,6.7200,0
20131003,6.7200,6.7200,6.7200,6.7200,0
20131004,6.7200,6.7200,6.7200,6.7200,0
20131007,6.7200,6.7200,6.7200,6.7200,0
20131008,6.8100,6.8700,6.6000,6.7200,5465200
20131009,6.7700,6.8600,6.7000,6.7600,4007300
20131010,6.8100,6.9200,6.7500,6.7900,6903000
20131011,7.1100,7.1800,6.8400,6.8400,11465900
20131014,7.2300,7.4300,7.0700,7.1100,15261800
20131015,7.1500,7.2200,7.0000,7.2000,8297500
20131016,6.9100,7.1400,6.8300,7.1400,6954600
20131017,6.8000,6.9900,6.7500,6.9600,5879600
20131018,6.8200,6.8700,6.7500,6.8100,3039900
20131021,7.0000,7.0000,6.7700,6.8500,4529200
20131022,6.8200,7.0900,6.8000,7.0000,6934100
20131023,6.5400,6.8600,6.4900,6.8400,8109600
20131024,6.4900,6.5500,6.4100,6.5500,4100900
20131025,6.3900,6.5300,6.3600,6.5200,4094700
20131028,6.4200,6.4600,6.3400,6.4100,3149800
20131029,6.1900,6.5000,6.0400,6.4200,4645100
20131030,6.2900,6.3000,6.1600,6.2300,2187800
20131031,6.2500,6.2800,6.2000,6.2800,2197600
20131101,6.2500,6.2800,6.1700,6.2100,1685300
20131104,6.2100,6.2800,6.1500,6.2700,4052800
20131105,6.2600,6.2800,6.1000,6.1900,3256000
20131106,6.2800,6.3900,6.2400,6.2600,5144500
20131107,6.2500,6.3400,6.2000,6.2100,1977500
20131108,6.1600,6.2500,6.1100,6.2400,1577300
20131111,6.2100,6.2300,6.1200,6.1300,1557400
20131112,6.3200,6.3600,6.1900,6.2200,2714500
20131113,6.1400,6.3100,6.1200,6.3100,1805600
20131114,6.1700,6.1900,6.0800,6.1400,1223100
20131115,6.2700,6.3300,6.1300,6.1800,2898200
20131118,6.4000,6.4100,6.2700,6.2900,3983200
20131119,6.3700,6.4400,6.3600,6.3900,3654500
20131120,6.4900,6.5200,6.3200,6.3700,6215900
20131121,6.4000,6.4600,6.3300,6.4600,4512300
20131122,6.3500,6.4400,6.3400,6.3800,2370200
20131125,6.3400,6.3900,6.3100,6.3500,2740400
20131126,6.3800,6.4000,6.3300,6.3500,1990800
20131127,6.4100,6.4300,6.3500,6.3800,2877500
20131128,6.4500,6.4900,6.4100,6.4200,3743500
20131129,6.4300,6.4600,6.4200,6.4600,2869600
20131202,6.1600,6.3800,6.1000,6.3000,5622800
20131203,6.3000,6.3300,6.1300,6.1300,2966300
20131204,6.4100,6.4400,6.2500,6.2800,4270300
20131205,6.4300,6.4500,6.3800,6.4000,2808600
20131206,6.5400,6.5500,6.4200,6.4300,6712000
20131209,6.5400,6.5800,6.4900,6.5800,2598900
20131210,6.5800,6.6500,6.5200,6.5200,4579300
20131211,6.5100,6.6500,6.4000,6.5800,5644300
20131212,6.6800,6.6900,6.4800,6.5200,6927500
20131213,6.6000,6.6900,6.5500,6.6900,5232300
20131216,6.4000,6.6200,6.3800,6.5800,4231500
20131217,6.3700,6.4600,6.3500,6.4000,1582400
20131218,6.4300,6.4500,6.3500,6.3800,1552600
20131219,6.3200,6.4700,6.2500,6.4200,1910400
20131220,6.1900,6.3400,6.1800,6.3200,2178600
20131223,6.1900,6.2500,6.1200,6.2200,1238300
20131224,6.2800,6.3600,6.1500,6.2100,3216600
20131225,6.2900,6.3100,6.2300,6.2700,1130400
20131226,6.3300,6.3600,6.1800,6.3000,4015400
20131227,6.4600,6.4600,6.2800,6.2900,3268600
20131230,6.4500,6.5400,6.3800,6.4400,2712600
20131231,6.5200,6.5800,6.3900,6.4200,3700700
20140101,6.5200,6.5200,6.5200,6.5200,0
20140102,6.4400,6.5300,6.4100,6.5200,1625000
20140103,6.3300,6.4500,6.3100,6.4300,1925300
20140106,6.1500,6.3000,6.1100,6.3000,2509900
20140107,6.1900,6.1900,6.1000,6.1500,1345800
20140108,6.1300,6.2100,6.1300,6.1900,1691300
20140109,5.9800,6.1600,5.9700,6.1600,2180100
20140110,5.8400,5.9900,5.8000,5.9900,2098800
20140113,5.8000,5.9000,5.7300,5.8600,1383300
20140114,5.8900,5.8900,5.8000,5.8100,956100
20140115,5.9500,6.0100,5.8500,5.8600,1516100
20140116,6.0100,6.0800,5.9500,5.9500,1417600
20140117,5.8900,6.0000,5.8300,6.0000,1092900
20140120,5.8800,5.9200,5.8200,5.8500,700800
20140121,5.9200,5.9500,5.8500,5.9100,1383900
20140122,6.0700,6.0900,5.8900,5.9000,2255000
20140123,6.0700,6.1100,6.0300,6.0800,1399000
20140124,6.1100,6.1600,6.0500,6.0500,1987300
20140127,6.0400,6.0900,6.0300,6.0900,1635100
20140128,6.0600,6.0900,6.0200,6.0400,1026100
20140129,6.0800,6.0900,6.0200,6.0600,1337400
20140130,6.0700,6.0800,6.0400,6.0800,1050200
20140131,6.0700,6.0700,6.0700,6.0700,0
20140203,6.0700,6.0700,6.0700,6.0700,0
20140205,6.0700,6.0700,6.0700,6.0700,0
20140206,6.0700,6.0700,6.0700,6.0700,0
20140207,5.9900,6.0400,5.9100,6.0400,1950400
20140210,6.1400,6.1500,5.9800,6.0000,2676100
20140211,6.2100,6.2900,6.1200,6.1200,3507000
20140212,6.2800,6.4000,6.2400,6.2600,3573900
20140213,6.3900,6.5500,6.2500,6.2600,7004400
20140214,6.4700,6.4900,6.3000,6.3900,6298600
20140217,6.5000,6.5400,6.4200,6.5000,5600600
20140218,6.5100,6.6300,6.4600,6.5600,7988700
20140219,6.5100,6.5700,6.4100,6.5300,6326500
20140220,6.4400,6.5600,6.4100,6.5100,5215500
20140221,6.3300,6.5300,6.2700,6.4200,3778400
20140224,6.2900,6.3300,6.2100,6.3000,3041100
20140225,6.0600,6.3500,6.0600,6.2900,3597000
