20130226,9.0400,9.2800,8.5700,8.6700,17803500
20130227,8.7600,9.1200,8.4900,9.0600,15413900
20130228,8.8200,8.9000,8.6000,8.7500,8100000
20130301,8.7700,8.8700,8.6000,8.8000,7437500
20130304,8.6400,8.9300,8.5800,8.7600,9618800
20130305,9.1400,9.1700,8.6100,8.6100,14569300
20130306,9.4700,9.6500,9.0800,9.1400,21385400
20130307,9.3300,9.5500,9.1700,9.4600,9133000
20130308,9.2000,9.4200,9.1700,9.3000,7390100
20130311,9.1100,9.4000,9.0500,9.2200,6457900
20130312,8.8600,9.2000,8.7500,9.1500,8365200
20130313,8.6800,8.8300,8.6000,8.7900,3857900
20130314,8.7200,8.7700,8.6300,8.6900,2924900
20130315,8.8300,9.0100,8.5100,8.7000,7856200
20130318,8.4600,8.7800,8.4000,8.7400,6813000
20130319,8.4700,8.5800,8.3900,8.5800,3772800
20130320,8.7800,8.8200,8.4800,8.4800,5634100
20130321,9.0000,9.1300,8.7000,8.7700,8583500
20130322,9.0400,9.1100,8.9000,9.0000,4823700
20130325,8.9100,9.1500,8.9000,9.0400,3298500
20130326,8.7300,8.9000,8.6200,8.8300,5656500
20130327,8.9500,8.9600,8.6900,8.7700,5288600
20130328,8.8500,9.0700,8.7500,8.8600,8284600
20130329,8.7500,9.0400,8.6800,8.8800,6216700
20130401,8.8600,8.8800,8.4900,8.6900,5028800
20130402,8.8100,9.0300,8.7600,8.9100,6320000
20130403,8.7900,8.9400,8.7300,8.9400,3617000
20130404,8.7900,8.7900,8.7900,8.7900,0
20130405,8.7900,8.7900,8.7900,8.7900,0
20130408,8.7500,8.7600,8.6100,8.7000,3972000
20130409,9.0200,9.0700,8.7500,8.7500,6836100
20130410,9.0000,9.0800,8.8000,9.0200,6385800
20130411,8.9600,9.2100,8.9600,9.0400,10167800
20130412,8.7800,9.0000,8.7400,9.0000,6885000
20130415,8.3200,8.7700,8.3100,8.6900,8124900
20130416,8.4200,8.4500,8.2300,8.3000,3126800
20130417,8.4100,8.5500,8.3300,8.4300,3095700
20130418,8.4600,8.5100,8.3000,8.4200,2533500
20130419,8.6800,8.8000,8.4400,8.4900,6159600
20130422,8.5400,8.7300,8.4800,8.6400,6477600
20130423,8.2000,8.5500,8.1300,8.5500,7152500
20130424,8.2900,8.3800,8.1500,8.1500,5358300
20130425,8.1700,8.3300,8.1300,8.1900,4499400
20130426,8.1400,8.2900,8.1000,8.2100,2526300
20130429,8.1400,8.1400,8.1400,8.1400,0
20130430,8.1400,8.1400,8.1400,8.1400,0
20130501,8.1400,8.1400,8.1400,8.1400,0
20130502,7.6800,8.0700,7.5000,8.0400,9450700
20130503,7.7500,7.8800,7.6800,7.6800,5432300
20130506,7.9200,8.0000,7.7800,7.7800,5577800
20130507,7.9800,8.0700,7.8700,7.8800,6755400
20130508,8.0200,8.1800,7.9500,8.0800,5966800
20130509,8.0100,8.0500,7.8600,8.0000,6324700
20130510,8.0800,8.0900,7.9600,8.0000,6254500
20130513,8.1100,8.1500,8.0000,8.0900,4655400
20130514,7.7700,8.1300,7.7300,8.0800,7963700
20130515,7.9200,7.9500,7.7800,7.7900,4785500
20130516,8.0700,8.1100,7.8600,7.9200,7119700
20130517,8.2000,8.2100,8.0100,8.0700,10560900
20130520,8.4400,8.5200,8.2000,8.2100,11049000
20130521,8.7400,8.8600,8.4100,8.4500,12548200
20130522,8.6700,9.0100,8.5600,8.7400,10202100
20130523,8.9500,9.0900,8.6500,8.7000,16606400
20130524,9.0400,9.1500,8.8600,8.9700,12239900
20130527,8.9300,9.0900,8.8300,9.0600,10708600
20130528,8.8600,9.0800,8.7300,8.9400,10006100
20130529,9.0100,9.0200,8.7900,8.9100,10072100
20130530,8.9700,9.0600,8.8100,9.0000,8854900
20130531,9.0500,9.3500,8.9500,9.0100,17066800
20130603,8.9800,9.2100,8.9000,8.9900,9565400
20130604,8.5900,9.0000,8.5300,8.9800,8660400
20130605,8.6800,8.7200,8.5400,8.6000,4936700
20130606,8.4500,8.6800,8.4000,8.6000,4858000
20130607,8.2600,8.5100,8.1700,8.4100,6660100
20130610,8.2600,8.2600,8.2600,8.2600,0
20130611,8.2600,8.2600,8.2600,8.2600,0
20130612,8.2600,8.2600,8.2600,8.2600,0
20130613,8.0000,8.1500,7.9400,8.1500,5137200
20130614,8.1800,8.3800,8.0100,8.0300,7383000
20130617,8.1800,8.3400,8.0900,8.2300,4519100
20130618,8.3600,8.3900,8.0700,8.2500,6379900
20130619,8.1600,8.2900,8.0700,8.2900,5586800
20130620,8.0000,8.3100,7.9800,8.1200,6523800
20130621,8.0900,8.1100,7.7100,7.8200,5807800
20130624,7.7600,8.1200,7.5800,8.0400,5812400
20130625,7.8000,7.9700,7.3900,7.7700,7513800
20130626,8.4200,8.5000,7.7000,7.8000,14303800
20130627,8.2100,8.4600,8.1000,8.4100,9191900
20130628,8.1400,8.3900,8.0000,8.1300,5671100
20130701,8.3200,8.3400,8.0500,8.1200,5082700
20130702,8.4200,8.4600,8.2200,8.3000,7199400
20130703,8.7000,8.7400,8.3200,8.3900,16437600
20130704,8.6800,8.8400,8.5300,8.6000,10304700
20130705,8.4800,8.7500,8.4700,8.6800,6244300
20130708,8.1800,8.4800,8.1600,8.3300,6071600
20130709,8.1700,8.2600,8.1100,8.1800,3176300
20130710,8.5800,8.6000,8.1500,8.1500,7107100
20130711,8.7900,8.8400,8.5100,8.5700,13773800
20130712,8.6200,8.9000,8.6000,8.7600,10926300
20130715,9.0900,9.1800,8.7000,8.7000,24050100
20130716,9.1500,9.2400,8.8800,9.0800,15747700
20130717,8.9100,9.2500,8.7000,9.1200,13596800
20130718,9.8000,9.8000,9.0100,9.0700,46095100
20130719,10.0600,10.7600,9.9000,10.0800,65443400
20130722,10.3500,10.5400,9.9100,9.9700,46130800
20130723,10.5200,10.5900,10.0900,10.3100,29931900
20130724,10.6400,10.8300,10.4000,10.4500,32746700
20130725,10.1800,10.7000,10.1100,10.6500,20016400
20130726,10.6500,10.6900,9.9000,10.1000,19421100
20130729,10.0000,10.5600,9.9800,10.4000,16269800
20130730,9.7300,10.0800,9.4800,9.9500,21189100
20130731,9.7000,10.1900,9.5300,9.7200,16639600
20130801,10.5800,10.6700,9.7000,9.7800,46249300
20130802,10.9700,11.4800,10.4900,10.5000,53778000
20130805,11.2400,11.4600,10.8800,10.9600,24292000
20130806,11.3000,11.4800,11.1000,11.2200,19791500
20130807,11.0500,11.3600,10.8900,11.2900,18676400
20130808,11.1000,11.2000,10.8700,11.0000,12846900
20130809,10.6700,11.2000,10.6400,10.9600,14311500
20130812,10.7400,10.7500,10.4200,10.6200,15228100
20130813,11.1000,11.2600,10.5400,10.7000,15971200
20130814,11.5600,11.8000,11.0600,11.0700,29266300
20130815,11.3000,11.7800,11.2800,11.5600,16008300
20130816,11.3100,12.0000,11.1300,11.2500,24955800
20130819,12.3000,12.3900,11.1800,11.2000,29917300
20130820,12.1200,12.4300,11.8600,12.2000,21604100
20130821,12.0600,12.3900,11.8300,12.0100,16266500
20130822,12.4300,12.6000,11.9100,11.9800,18807500
20130823,11.8100,12.5700,11.6100,12.5400,30598800
20130826,12.4100,12.4400,11.8000,11.8100,23599500
20130827,12.1800,12.4300,11.7900,12.3000,27308600
20130828,11.7200,12.0500,11.5100,11.9400,23885000
20130829,12.0800,12.2800,11.5700,11.7200,26514100
20130830,11.4300,12.2000,11.2600,12.0000,29043000
20130902,11.6300,11.9200,11.4500,11.5700,13805200
20130903,11.8200,11.9400,11.2600,11.6300,17265100
20130904,11.5900,12.0400,11.5000,11.7300,14404500
20130905,11.7800,11.9700,11.6100,11.6400,9183100
20130906,12.1200,12.2500,11.7200,11.7700,17016000
20130909,12.1600,12.6500,12.0600,12.1800,20073200
20130910,11.9700,12.2800,11.7400,12.1000,15460000
20130911,11.3200,12.1500,11.2700,12.0500,15672000
20130912,10.9600,11.5800,10.8700,11.3300,17510100
20130913,11.1700,11.3100,10.8200,11.0000,11280300
20130916,11.5700,11.6900,11.2500,11.4200,18190700
20130917,11.3800,11.6200,11.3100,11.4900,10275400
20130918,11.1000,11.4200,10.9000,11.4200,12667700
20130920,11.1000,11.1000,11.1000,11.1000,0
20130923,11.8000,11.8200,10.9300,11.0800,21172900
20130924,12.1000,12.3000,11.6200,11.6300,22240900
20130925,11.9500,12.1500,11.8100,12.0100,8735000
20130926,11.6300,12.2000,11.6000,11.8100,11466000
20130927,11.7100,11.9400,11.4500,11.6300,8849600
20130930,12.8800,12.8800,12.1600,12.7000,59095200
20131001,12.8800,12.8800,12.8800,12.8800,0
20131002,12.8800,12.8800,12.8800,12.8800,0
20131003,12.8800,12.8800,12.8800,12.8800,0
20131004,12.8800,12.8800,12.8800,12.8800,0
20131007,12.8800,12.8800,12.8800,12.8800,0
20131008,14.1700,14.1700,13.2800,13.5500,28311200
20131009,15.0400,15.5900,14.7000,15.1000,76966400
20131010,15.0700,16.2300,14.8000,14.8000,55025800
20131011,14.7300,15.7200,14.5500,15.0100,31263700
20131014,14.9400,15.3300,14.3700,14.7800,28302000
20131015,16.4300,16.4300,14.6600,14.8000,58738000
20131016,15.6100,16.3000,15.1000,16.2000,37205300
20131017,15.3100,16.1600,15.0500,15.4100,24736200
20131018,16.8400,16.8400,14.9500,15.1500,51066200
20131021,17.6000,18.3500,17.2200,17.4900,41708900
20131022,16.3700,17.4000,16.0000,17.3000,41365800
20131023,15.1500,16.3400,14.7300,16.1000,31387800
20131024,15.3700,15.8800,14.9500,15.0000,20849500
20131025,14.2300,15.3500,14.0000,15.3500,30785000
20131028,14.2500,14.4000,13.8100,14.2000,14560000
20131029,13.7300,14.4300,13.3100,14.2700,16065500
20131030,14.1500,14.3800,13.6600,13.8000,12973500
20131031,13.6200,14.4800,13.4200,14.2000,15264900
20131101,13.1200,13.5500,12.7000,13.5500,21325400
20131104,13.2800,13.4200,12.9300,13.0800,10081800
20131105,14.0900,14.1700,12.9000,13.0100,15587500
20131106,13.5600,14.6900,13.5100,13.9500,28395600
20131107,13.1700,13.4900,12.9900,13.3000,11318300
20131108,13.0700,13.2500,12.9000,13.1100,8319800
20131111,13.1500,13.3100,12.8900,13.0500,8513200
20131112,12.5300,13.3000,12.1100,13.0800,23769500
20131113,12.7100,13.0800,12.5300,12.9500,17431800
20131114,12.9900,13.0300,12.2500,12.5100,18052000
20131115,13.7900,14.1200,12.9900,13.0800,29081200
20131118,14.0000,14.3800,13.7700,13.9800,21620200
20131119,13.9200,14.2300,13.7700,14.2000,15080100
20131120,14.5500,14.5700,13.8600,14.0900,17092200
20131121,14.3900,14.7800,14.2100,14.5900,17781600
20131122,13.9000,14.4000,13.7600,14.3100,16489600
20131125,13.6200,13.9100,13.5600,13.7900,8879000
20131126,13.7200,13.8000,13.4000,13.5800,8626200
20131127,14.2800,14.4400,13.5500,13.6500,16336400
20131128,14.1500,14.5800,14.1200,14.3000,11677000
20131129,14.2600,14.2800,14.0800,14.2000,7179800
20131202,12.9500,13.9000,12.8300,13.7500,19825700
20131203,13.1000,13.1800,12.5300,12.7900,12636200
20131204,13.3600,13.6100,12.8500,13.0000,12244400
20131205,13.1300,13.4500,13.0300,13.2500,9383900
20131206,12.9400,13.2400,12.9000,13.1600,7107000
20131209,13.0300,13.1300,12.8900,12.9500,7413600
20131210,12.7700,13.1300,12.7000,13.0900,10378000
20131211,12.5300,12.7400,12.4600,12.6800,8956500
20131212,12.8600,13.0000,12.4900,12.5100,8800100
20131213,12.6800,12.9700,12.6200,12.7500,9206900
20131216,12.2400,12.7800,12.1000,12.7800,13393300
20131217,12.2500,12.3500,12.1000,12.2500,6494100
20131218,12.3100,12.5200,12.2500,12.2500,8059900
20131219,12.3900,12.6500,12.2900,12.4000,8062400
20131220,12.1900,12.4600,12.1100,12.3500,7484100
20131223,12.0700,12.3200,11.8600,12.1900,6330400
20131224,12.5300,12.6400,12.0800,12.1000,14066000
20131225,12.7800,12.7900,12.4200,12.4800,10277700
20131226,12.3900,12.8300,12.3600,12.7600,7775800
20131227,12.4200,12.5900,12.2300,12.3100,10251300
20131230,12.2200,12.6600,12.1800,12.5700,10192300
20131231,12.2700,12.3100,11.8700,12.0500,14334600
20140101,12.2700,12.2700,12.2700,12.2700,0
20140102,12.5300,12.5500,11.9800,12.1600,13693000
20140103,12.7400,12.8800,12.2500,12.3400,22490300
20140106,12.2400,12.6000,12.1900,12.5800,13538500
20140107,11.9300,12.3200,11.8500,12.2800,11979800
20140108,12.1900,12.2500,11.6700,11.8700,15342700
20140109,12.7200,13.2800,12.0000,12.1000,32773000
20140110,12.4900,12.9200,12.4500,12.6800,14762300
20140113,12.1300,12.4600,11.9600,12.4400,13633800
20140114,12.8200,12.8500,11.8100,12.1300,16722600
20140115,13.1400,13.2500,12.6600,12.7900,26403900
20140116,12.7000,13.3500,12.5400,13.2500,26178400
20140117,12.7700,12.9000,12.5800,12.7100,13348400
20140120,13.3500,13.6400,12.6700,12.7600,28202600
20140121,14.1500,14.1700,13.1000,13.1500,31368600
20140122,14.2000,14.7300,13.9900,14.0000,28385600
20140123,14.3200,14.8000,14.1500,14.2900,24748000
20140124,15.2900,15.6200,14.0600,14.2200,40662700
20140127,15.4100,16.2500,15.0200,15.1200,50048700
20140128,15.5300,15.8300,14.9500,15.4200,28808400
20140129,17.0400,17.0800,15.3600,15.4700,38373100
20140130,16.1100,16.9200,15.9800,16.7500,29531600
20140131,16.1100,16.1100,16.1100,16.1100,0
20140203,16.1100,16.1100,16.1100,16.1100,0
20140205,16.1100,16.1100,16.1100,16.1100,0
20140206,16.1100,16.1100,16.1100,16.1100,0
20140207,16.6100,16.7500,15.8900,15.9900,32038100
20140210,16.1700,16.7200,15.7100,16.5500,41862800
20140211,15.2000,16.1500,15.1600,16.0200,46440000
20140212,15.4400,15.4700,15.0000,15.2000,34203100
20140213,14.8600,15.3300,14.7000,15.3100,41887100
20140214,15.0200,15.0500,14.6900,14.8700,31573000
20140217,15.6100,15.7300,14.9200,14.9800,46972500
20140218,15.5900,16.0800,15.3200,15.5000,39706500
20140219,14.9000,15.6000,14.8100,15.6000,35757500
20140220,14.4300,15.0600,14.3000,14.8100,21630400
20140221,14.7700,15.1000,14.3000,14.4600,25968000
20140224,15.2200,15.2700,14.4300,14.6300,26151100
20140225,16.5000,16.7400,15.7500,16.7400,101641104
