20130226,4.3400,4.4100,4.2800,4.3400,4278300
20130227,4.3800,4.4000,4.3400,4.3400,2900200
20130228,4.4500,4.4700,4.3300,4.4000,4746500
20130301,4.5000,4.5900,4.3800,4.4500,7119000
20130304,4.2500,4.4200,4.2400,4.4200,5439300
20130305,4.3800,4.4800,4.2200,4.2200,3958100
20130306,4.4800,4.5300,4.3600,4.3800,4110100
20130307,4.5600,4.6200,4.4200,4.5000,9548200
20130308,4.6000,4.6500,4.4600,4.5100,8132400
20130311,4.5000,4.6200,4.4800,4.6000,3426000
20130312,4.3600,4.5400,4.3100,4.4900,3714800
20130313,4.3400,4.3800,4.2600,4.3200,1848400
20130314,4.5300,4.5400,4.3000,4.3500,3219700
20130315,4.4100,4.5500,4.3900,4.5000,3894100
20130318,4.2700,4.4000,4.2600,4.3600,2514200
20130319,4.3200,4.3500,4.2500,4.2700,2277700
20130320,4.3700,4.3800,4.2700,4.3200,2909400
20130321,4.3800,4.4100,4.3300,4.3500,2946700
20130322,4.3300,4.4000,4.3200,4.4000,2639400
20130325,4.3500,4.3600,4.2900,4.3400,2471400
20130326,4.3000,4.3400,4.2700,4.3400,1953300
20130327,4.2800,4.3400,4.2600,4.2800,1654900
20130328,4.0700,4.2600,4.0400,4.2600,4017000
20130329,4.0100,4.0800,3.9800,4.0600,2491100
20130401,3.9900,4.0400,3.9600,4.0000,1574700
20130402,4.0000,4.0700,3.9900,4.0200,1699300
20130403,3.9200,4.0400,3.9100,4.0200,1940600
20130404,3.9200,3.9200,3.9200,3.9200,0
20130405,3.9200,3.9200,3.9200,3.9200,0
20130408,3.9000,3.9100,3.7300,3.9000,2869500
20130409,3.9300,3.9500,3.9000,3.9000,1308400
20130410,4.0000,4.0300,3.9300,3.9600,1779100
20130411,3.9300,4.0900,3.9000,4.0900,1750500
20130412,3.8800,3.9700,3.8400,3.8700,1382100
20130415,3.8200,3.9000,3.8100,3.9000,1030000
20130416,3.8400,3.8700,3.7300,3.7900,1518900
20130417,3.8200,3.8600,3.7900,3.8500,945100
20130418,3.8200,3.8600,3.7900,3.8200,945600
20130419,3.9400,3.9700,3.8300,3.8500,1952200
20130422,3.9300,3.9400,3.8800,3.9000,1420200
20130423,3.8400,3.9500,3.8200,3.9300,1712400
20130424,3.8800,3.9100,3.8100,3.8400,1112600
20130425,3.8000,3.8800,3.8000,3.8500,1290600
20130426,3.6900,3.8800,3.6600,3.7900,1347600
20130429,3.6900,3.6900,3.6900,3.6900,0
20130430,3.6900,3.6900,3.6900,3.6900,0
20130501,3.6900,3.6900,3.6900,3.6900,0
20130502,3.7300,3.7400,3.6000,3.6900,1648100
20130503,3.7800,3.8100,3.7000,3.7000,1337400
20130506,3.8300,3.8400,3.7800,3.7800,1152700
20130507,3.8300,3.8700,3.7700,3.8300,1541700
20130508,3.8200,3.8500,3.7800,3.8300,1469500
20130509,3.7500,3.8300,3.7300,3.8200,1431600
20130510,3.9000,3.9000,3.7000,3.7600,2783200
20130513,3.9000,3.9500,3.8500,3.8900,1991000
20130514,3.8500,3.9100,3.8200,3.8700,1107600
20130515,3.8500,3.9000,3.8300,3.8500,1212400
20130516,3.9500,3.9500,3.8400,3.8500,3120600
20130517,4.0000,4.0800,3.8800,3.9500,4319800
20130520,4.0100,4.0100,3.9400,3.9800,3033000
20130521,4.0100,4.0700,3.9700,3.9900,3130000
20130522,3.9800,4.0500,3.9700,4.0000,3650800
20130523,3.8800,3.9800,3.8500,3.9600,4943700
20130524,3.8600,3.9000,3.8200,3.8900,3908300
20130527,3.8300,3.8500,3.7800,3.8500,5890200
20130528,3.9400,3.9400,3.8000,3.8300,6073300
20130529,3.9500,4.0300,3.9000,3.9200,4723800
20130530,3.9800,3.9900,3.9000,3.9500,3359400
20130531,3.9400,4.0000,3.9200,3.9800,2762800
20130603,3.8700,3.9600,3.8600,3.9400,3196000
20130604,3.7800,3.8700,3.7600,3.8700,2554800
20130605,3.8300,3.8300,3.7700,3.7700,1374900
20130606,3.7400,3.8200,3.7300,3.8100,1709600
20130607,3.6400,3.7700,3.6400,3.7500,2314100
20130610,3.6400,3.6400,3.6400,3.6400,0
20130611,3.6400,3.6400,3.6400,3.6400,0
20130612,3.6400,3.6400,3.6400,3.6400,0
20130613,3.5100,3.6200,3.4500,3.6200,2096300
20130614,3.5300,3.5600,3.5000,3.5400,1234900
20130617,3.5000,3.5600,3.4700,3.5500,1046600
20130618,3.4900,3.5300,3.4600,3.5000,1126200
20130619,3.5200,3.5400,3.4400,3.5200,1837900
20130620,3.4300,3.5100,3.4000,3.4900,1861800
20130621,3.7700,3.7700,3.5000,3.6000,17248400
20130624,3.7700,3.7700,3.7700,3.7700,0
20130625,3.7700,3.7700,3.7700,3.7700,0
20130626,3.7700,3.7700,3.7700,3.7700,0
20130627,3.7700,3.7700,3.7700,3.7700,0
20130628,3.7700,3.7700,3.7700,3.7700,0
20130701,3.5900,3.6200,3.3900,3.4200,13302300
20130702,3.5100,3.5400,3.4100,3.5000,9876800
20130703,3.4100,3.4900,3.4000,3.4700,6926500
20130704,3.4100,3.4200,3.1500,3.3200,9349800
20130705,3.3400,3.4300,3.3100,3.3300,5480100
20130708,3.1100,3.3000,3.1000,3.3000,5030600
20130709,3.1300,3.1600,3.0500,3.0900,2936300
20130710,3.2200,3.2300,3.0800,3.0800,3656300
20130711,3.2900,3.3400,3.2100,3.2300,4772800
20130712,3.2200,3.3200,3.2100,3.2800,3907700
20130715,3.2400,3.2600,3.1900,3.2000,2885000
20130716,3.3100,3.3200,3.2100,3.2200,3907800
20130717,3.2700,3.3700,3.2500,3.3200,4291400
20130718,3.2200,3.3200,3.2100,3.2800,2653000
20130719,3.1100,3.2500,3.0900,3.2200,2405700
20130722,3.1200,3.1400,3.0500,3.1000,2193500
20130723,3.2000,3.2000,3.1000,3.1200,3001100
20130724,3.1400,3.1900,3.1100,3.1800,2787100
20130725,3.1200,3.1900,3.1200,3.1600,3195600
20130726,3.1200,3.1500,3.0800,3.1500,2092300
20130729,3.0600,3.1200,3.0500,3.1200,2050800
20130730,3.0900,3.1100,3.0400,3.0600,1699800
20130731,3.1400,3.1400,3.1000,3.1000,2466800
20130801,3.1900,3.2000,3.1400,3.1400,3525200
20130802,3.1800,3.2300,3.1600,3.1800,3167700
20130805,3.2100,3.2200,3.1500,3.1900,2257000
20130806,3.2900,3.3200,3.2000,3.2100,4333000
20130807,3.2400,3.3100,3.2200,3.2800,3555600
20130808,3.2200,3.2600,3.2000,3.2200,2624200
20130809,3.3600,3.4700,3.2000,3.2300,8771100
20130812,3.5400,3.5700,3.3100,3.3500,11106500
20130813,3.4900,3.5200,3.4300,3.5000,7108100
20130814,3.4100,3.5500,3.4000,3.4700,5010300
20130815,3.3500,3.4400,3.3500,3.3900,2733400
20130816,3.3200,3.4400,3.3000,3.3400,3543000
20130819,3.3800,3.3900,3.3000,3.3100,2380000
20130820,3.3300,3.3900,3.3100,3.3600,2545700
20130821,3.3600,3.3800,3.3100,3.3400,2057400
20130822,3.3300,3.3800,3.3100,3.3800,2123900
20130823,3.2600,3.3600,3.2200,3.3600,2859400
20130826,3.3300,3.3300,3.2400,3.2700,2160200
20130827,3.3900,3.3900,3.3200,3.3500,3232000
20130828,3.3800,3.4200,3.3200,3.3800,4569400
20130829,3.3900,3.4000,3.3500,3.3800,3092600
20130830,3.3900,3.4200,3.3200,3.3500,5609300
20130902,3.3800,3.4000,3.3200,3.4000,3456900
20130903,3.4000,3.4400,3.3700,3.3900,5406700
20130904,3.4800,3.5100,3.3800,3.4000,7315200
20130905,3.4100,3.4600,3.4000,3.4500,3008000
20130906,3.4200,3.4500,3.3800,3.3800,3401900
20130909,3.4400,3.4700,3.3800,3.4200,4359700
20130910,3.5000,3.5100,3.4200,3.4400,5977900
20130911,3.6300,3.6400,3.4800,3.5000,9611600
20130912,3.6000,3.6200,3.5400,3.6100,6195600
20130913,3.5600,3.5800,3.4800,3.5800,5550500
20130916,3.5000,3.5700,3.4900,3.5600,2727500
20130917,3.3800,3.5500,3.3600,3.5100,3508700
20130918,3.4300,3.4400,3.3700,3.3900,2261300
20130920,3.4300,3.4300,3.4300,3.4300,0
20130923,3.4600,3.5100,3.4300,3.4400,2741900
20130924,3.4100,3.4700,3.3800,3.4700,3589600
20130925,3.3700,3.4300,3.3700,3.4200,2656400
20130926,3.3200,3.3900,3.3100,3.3900,3515600
20130927,3.3300,3.3500,3.3100,3.3200,1816100
20130930,3.3600,3.3700,3.3300,3.3400,1440700
20131001,3.3600,3.3600,3.3600,3.3600,0
20131002,3.3600,3.3600,3.3600,3.3600,0
20131003,3.3600,3.3600,3.3600,3.3600,0
20131004,3.3600,3.3600,3.3600,3.3600,0
20131007,3.3600,3.3600,3.3600,3.3600,0
20131008,3.4100,3.4300,3.3200,3.3600,2359200
20131009,3.4100,3.4100,3.3700,3.4100,2139200
20131010,3.3800,3.4200,3.3500,3.4200,2367500
20131011,3.4500,3.4500,3.3800,3.3800,3541100
20131014,3.4700,3.5000,3.4300,3.4500,3608900
20131015,3.4800,3.4900,3.4400,3.4800,3196400
20131016,3.3600,3.4800,3.3400,3.4800,2559700
20131017,3.3700,3.4800,3.3600,3.3600,3456300
20131018,3.4400,3.4500,3.3600,3.3900,1864900
20131021,3.4900,3.5000,3.4100,3.4500,3912600
20131022,3.4900,3.5400,3.4300,3.4900,4094400
20131023,3.4700,3.5100,3.4100,3.4600,3414800
20131024,3.4400,3.4600,3.3900,3.4600,2050400
20131025,3.4000,3.4700,3.3700,3.4600,2280900
20131028,3.3200,3.4100,3.3000,3.3700,1912500
20131029,3.2500,3.4100,3.1800,3.4100,3832500
20131030,3.5800,3.5800,3.3100,3.3100,9583400
20131031,3.8100,3.9400,3.6700,3.9000,39516800
20131101,3.5100,3.7100,3.4300,3.7100,23206400
20131104,3.6800,3.6800,3.4500,3.4500,13167900
20131105,3.7700,3.8500,3.5500,3.6000,19118500
20131106,3.6500,3.8300,3.6300,3.7300,12357500
20131107,3.6400,3.6900,3.5600,3.5900,6515700
20131108,3.7900,3.9000,3.5900,3.5900,18365100
20131111,3.9000,3.9900,3.6800,3.7500,17978900
20131112,3.8400,3.9600,3.8000,3.8900,12231500
20131113,3.6900,3.8300,3.6300,3.8300,8604600
20131114,3.7400,3.7900,3.6100,3.6300,6754600
20131115,3.7800,3.8700,3.6600,3.7500,9851300
20131118,3.8200,3.8200,3.6500,3.7700,9645000
20131119,3.7600,3.8100,3.7000,3.7900,7741900
20131120,3.7600,3.8000,3.7000,3.7400,6792000
20131121,3.9500,4.0000,3.7100,3.7300,21796500
20131122,4.1800,4.2000,3.8800,3.9200,26383200
20131125,4.0500,4.1600,4.0100,4.1600,13784600
20131126,4.0200,4.1100,4.0000,4.0300,8426200
20131127,4.1000,4.2300,4.0300,4.0600,11895000
20131128,4.0500,4.1500,4.0100,4.1000,9727100
20131129,4.0200,4.0600,3.9700,4.0500,7664800
20131202,3.7700,3.9300,3.7400,3.9300,8700700
20131203,3.8200,3.8400,3.7200,3.7500,4359900
20131204,3.9200,3.9800,3.8200,3.8400,6077600
20131205,3.9300,3.9500,3.8800,3.9200,3950100
20131206,3.9800,4.0800,3.9200,3.9500,6673700
20131209,4.0300,4.0800,3.9900,4.0000,5412000
20131210,3.9300,4.0600,3.9000,4.0200,4868200
20131211,3.8400,3.9200,3.7900,3.9000,4329100
20131212,3.8400,3.8800,3.7900,3.8200,2698100
20131213,3.8500,3.8600,3.7900,3.8100,2452600
20131216,3.8100,3.8600,3.8000,3.8600,2689200
20131217,3.8100,3.8300,3.7000,3.8000,2903600
20131218,3.7800,3.8700,3.7700,3.8000,1947500
20131219,3.8900,4.1000,3.7900,3.7900,7849400
20131220,3.8200,3.9300,3.7000,3.8700,3635800
20131223,3.7900,3.8600,3.7500,3.7900,1860800
20131224,3.8200,3.8900,3.7600,3.8400,2153600
20131225,3.8100,3.8400,3.7700,3.8000,1483400
20131226,3.7200,3.8200,3.7100,3.8200,2084000
20131227,3.7300,3.7400,3.6700,3.7200,2086200
20131230,3.7300,3.8000,3.7100,3.7900,1526400
20131231,3.7500,3.7800,3.7100,3.7300,1620400
20140101,3.7500,3.7500,3.7500,3.7500,0
20140102,3.7700,3.7900,3.7200,3.7900,1473400
20140103,3.6600,3.7700,3.6500,3.7500,2122800
20140106,3.5000,3.6600,3.4700,3.6600,1851200
20140107,3.5100,3.5600,3.4500,3.5000,1490200
20140108,3.4600,3.5600,3.4500,3.5200,1604800
20140109,3.3800,3.5000,3.3600,3.4600,1669000
20140110,3.4200,3.4700,3.3200,3.3200,1695100
20140113,3.3700,3.4400,3.3300,3.3900,1223200
20140114,3.4200,3.4200,3.3300,3.3700,1232800
20140115,3.4700,3.4700,3.3900,3.4100,1222000
20140116,3.4600,3.5100,3.4300,3.5100,1154400
20140117,3.3600,3.4600,3.3500,3.4600,875000
20140120,3.3800,3.4500,3.3200,3.3200,737400
20140121,3.3900,3.4400,3.3600,3.3900,1445100
20140122,3.4900,3.5400,3.3900,3.4200,2572800
20140123,3.4800,3.5100,3.4500,3.4900,1400700
20140124,3.5600,3.5700,3.4900,3.4900,2207600
20140127,3.5100,3.5600,3.4700,3.5200,1321300
20140128,3.4500,3.5600,3.4400,3.5200,1422400
20140129,3.4600,3.5000,3.4200,3.4600,1275900
20140130,3.4400,3.4900,3.4300,3.4600,731400
20140131,3.4400,3.4400,3.4400,3.4400,0
20140203,3.4400,3.4400,3.4400,3.4400,0
20140205,3.4400,3.4400,3.4400,3.4400,0
20140206,3.4400,3.4400,3.4400,3.4400,0
20140207,3.5100,3.5200,3.3800,3.3800,1194800
20140210,3.6100,3.6300,3.5100,3.5400,2770600
20140211,3.6200,3.6500,3.5600,3.6200,2654500
20140212,3.6500,3.6600,3.5800,3.6200,2427800
20140213,3.6000,3.6700,3.5900,3.6500,2414500
20140214,3.6400,3.6600,3.5500,3.5500,2256300
20140217,3.7000,3.7000,3.6000,3.6300,2956400
20140218,3.7700,3.7700,3.6700,3.7000,4096800
20140219,3.7900,3.8300,3.7200,3.8300,3734000
20140220,3.8300,4.0900,3.7600,3.8700,13063500
20140221,3.7000,3.8500,3.6500,3.8500,4641700
20140224,3.6100,3.7400,3.5400,3.7000,4693400
20140225,3.5300,3.6300,3.5100,3.6100,3041900
