20130226,8.5200,8.6800,8.4800,8.6700,6902900
20130227,8.6200,8.6500,8.5000,8.5000,5601100
20130228,8.8100,8.8500,8.6000,8.6200,9173500
20130301,8.7100,8.8100,8.6000,8.8000,8893300
20130304,8.1500,8.5600,8.1000,8.5600,11051800
20130305,8.2500,8.2500,8.1400,8.1500,5422000
20130306,8.3100,8.3500,8.1700,8.3000,7781600
20130307,8.5400,8.6900,8.1800,8.2600,15082700
20130308,9.3900,9.3900,8.3800,8.4000,50978500
20130311,9.1900,9.4100,9.0700,9.4100,40110500
20130312,9.4000,9.4100,8.9900,9.0900,54332200
20130313,9.1900,9.4300,9.1700,9.4300,34903200
20130314,9.2600,9.3600,8.8300,9.1600,35576300
20130315,8.7600,9.1500,8.6900,9.1500,26875000
20130318,8.2600,8.5900,8.2600,8.5900,18388000
20130319,8.2600,8.3500,8.1000,8.2200,10319600
20130320,8.4500,8.4700,8.2600,8.2600,10980400
20130321,8.6100,8.7900,8.4200,8.4600,13813600
20130322,8.4900,8.6300,8.4100,8.6200,8540600
20130325,8.4700,8.6300,8.3700,8.5100,7926600
20130326,8.2400,8.4200,8.1600,8.4000,8929700
20130327,8.3300,8.5300,8.2000,8.2400,8194300
20130328,8.1400,8.2800,8.0500,8.2800,8656800
20130329,8.0700,8.2400,8.0600,8.1500,5325000
20130401,8.1200,8.1800,8.0700,8.0700,3994200
20130402,8.1400,8.2900,8.1000,8.1000,5076000
20130403,8.1800,8.2500,8.1100,8.1900,5119100
20130404,8.1800,8.1800,8.1800,8.1800,0
20130405,8.1800,8.1800,8.1800,8.1800,0
20130408,8.3000,8.4300,8.1500,8.4300,9159300
20130409,8.3600,8.4100,8.2800,8.3500,6408700
20130410,8.6000,8.7300,8.3000,8.3700,12997200
20130411,8.2800,8.6500,8.2500,8.6000,11229100
20130412,8.1100,8.2800,8.1000,8.2800,5361800
20130415,7.7900,8.0800,7.7300,8.0800,6303500
20130416,7.9000,7.9600,7.6200,7.7100,4466700
20130417,7.8200,7.9500,7.7500,7.8700,3290400
20130418,7.8600,7.8800,7.6000,7.6000,4060500
20130419,8.0200,8.0600,7.8500,7.8500,6118700
20130422,7.9300,7.9900,7.8700,7.9500,3899400
20130423,7.6500,7.9600,7.6200,7.9300,5601100
20130424,7.7700,7.8200,7.6200,7.7100,3847600
20130425,7.6300,7.8200,7.5800,7.7700,4420200
20130426,7.4400,7.7800,7.4200,7.6500,3749400
20130429,7.4400,7.4400,7.4400,7.4400,0
20130430,7.4400,7.4400,7.4400,7.4400,0
20130501,7.4400,7.4400,7.4400,7.4400,0
20130502,7.2800,7.3200,7.2200,7.2800,3983600
20130503,7.4300,7.5600,7.2900,7.2900,3724100
20130506,7.5300,7.5600,7.4600,7.4900,4362600
20130507,7.6800,7.8200,7.4700,7.5000,6457600
20130508,7.6200,7.7400,7.5700,7.6500,4635000
20130509,7.4000,7.6800,7.3500,7.6400,5980100
20130510,7.6000,7.6400,7.3200,7.3800,6893800
20130513,7.5400,7.5700,7.4300,7.5700,5743700
20130514,7.5000,7.5700,7.3800,7.5500,6030900
20130515,7.4300,7.5400,7.3700,7.5000,4914800
20130516,7.4900,7.5300,7.3300,7.4100,7895900
20130517,7.7300,7.8200,7.4600,7.5400,16342300
20130520,7.7300,7.7700,7.6000,7.6900,13050300
20130521,7.7700,7.9700,7.6700,7.7000,12490400
20130522,7.8200,7.8700,7.7000,7.7900,11207500
20130523,7.7000,7.8400,7.6700,7.7500,9373400
20130524,7.7000,7.7600,7.6000,7.6900,5686500
20130527,7.5200,7.6700,7.4400,7.6700,10034400
20130528,7.7100,7.7800,7.4200,7.5200,12432500
20130529,7.7200,7.7700,7.6600,7.7000,8317500
20130530,7.6400,7.7300,7.6100,7.6800,7075700
20130531,7.6100,7.7200,7.5900,7.6400,5664300
20130603,7.8600,7.9400,7.4500,7.5500,19570700
20130604,7.8500,7.9100,7.6000,7.7800,16437600
20130605,7.9000,7.9800,7.7000,7.8500,19164200
20130606,7.9500,8.1500,7.7400,7.8300,25828800
20130607,8.1900,8.2500,7.7700,7.8900,31790700
20130610,8.1900,8.1900,8.1900,8.1900,0
20130611,8.1900,8.1900,8.1900,8.1900,0
20130612,8.1900,8.1900,8.1900,8.1900,0
20130613,8.3900,8.4800,7.8700,8.0500,37276000
20130614,8.3400,8.5500,8.1500,8.2600,23269500
20130617,8.0000,8.4600,7.9900,8.2900,21374500
20130618,7.5800,8.0900,7.4800,8.0100,22437500
20130619,7.5900,7.6500,7.2500,7.5000,15838000
20130620,7.1700,7.5500,7.1500,7.4800,9249800
20130621,6.9100,7.1000,6.7300,7.0400,10767200
20130624,6.2200,6.9800,6.2200,6.9200,11142600
20130625,6.1000,6.2800,5.6000,6.0600,11477200
20130626,6.1200,6.1800,5.9600,6.1100,9349900
20130627,5.8100,6.2500,5.8000,6.1300,9183300
20130628,5.8600,6.0200,5.6500,5.7800,6869700
20130701,6.0600,6.1300,5.7700,5.8500,7998400
20130702,6.0400,6.1200,5.9800,6.0000,5677600
20130703,6.0300,6.1000,5.9400,6.0500,5844100
20130704,6.1800,6.2500,5.8700,6.0000,11479100
20130705,6.0800,6.2900,6.0600,6.1100,7862100
20130708,5.7000,5.9500,5.6900,5.9500,6999200
20130709,5.7900,5.8800,5.7000,5.7000,3450900
20130710,6.0600,6.1000,5.7400,5.8000,7434300
20130711,6.2800,6.4000,6.0200,6.0600,16435500
20130712,6.0800,6.2900,6.0600,6.2700,9573300
20130715,6.1700,6.2300,6.0700,6.0800,5803600
20130716,6.1500,6.1500,6.0600,6.1000,5772200
20130717,6.1500,6.3400,6.1000,6.2000,9050200
20130718,6.0000,6.1500,5.9700,6.1000,6133400
20130719,5.7800,6.0600,5.7700,6.0400,5910600
20130722,5.8200,5.8600,5.7000,5.7500,4284300
20130723,5.9800,6.0200,5.8000,5.8000,6060100
20130724,6.2100,6.3000,5.8400,5.9500,13611500
20130725,6.1800,6.2900,6.1100,6.1500,8139300
20130726,6.1800,6.3400,6.1000,6.1400,11149700
20130729,6.1600,6.2100,6.0000,6.1500,6619600
20130730,6.2000,6.2900,6.0500,6.1600,12770600
20130731,6.1300,6.2500,6.0900,6.2000,7050900
20130801,6.2400,6.2900,6.1000,6.1300,10834500
20130802,6.3800,6.5800,6.1800,6.2800,20661700
20130805,6.3800,6.4600,6.2500,6.3300,10574400
20130806,6.5300,6.6500,6.2900,6.3800,16310100
20130807,6.5200,6.7200,6.4600,6.5100,15663000
20130808,6.4500,6.6300,6.4100,6.4900,9281000
20130809,6.5200,6.6200,6.4400,6.4500,10091300
20130812,7.1200,7.1700,6.5000,6.5500,31857100
20130813,6.9300,7.1000,6.8700,7.1000,20158000
20130814,6.8700,7.1100,6.8000,6.9500,15312700
20130815,6.6900,6.9100,6.6700,6.8600,8993200
20130816,6.5700,6.9600,6.5600,6.6300,10477400
20130819,6.7700,6.7800,6.5000,6.5200,8519400
20130820,6.6400,6.8100,6.5600,6.7100,7581100
20130821,6.7200,6.7900,6.6100,6.6100,6388600
20130822,6.6400,6.7700,6.6000,6.6900,5634000
20130823,6.5000,6.7500,6.3500,6.6900,7266900
20130826,6.6100,6.6400,6.5100,6.5500,5892100
20130827,6.7300,6.7400,6.5400,6.5900,8776600
20130828,6.7900,6.9400,6.6100,6.6600,15546400
20130829,6.7100,6.7500,6.5800,6.7000,9858200
20130830,6.4500,6.6500,6.4200,6.6200,9636400
20130902,6.5500,6.6100,6.3700,6.4500,6499300
20130903,6.6200,6.6500,6.5300,6.5600,6426500
20130904,6.7000,6.7600,6.4900,6.6200,12632300
20130905,6.8800,6.9400,6.6000,6.6800,17252200
20130906,6.8900,7.0500,6.7900,6.8300,23457600
20130909,6.9100,6.9900,6.7300,6.8000,19574500
20130910,7.0300,7.1100,6.8100,6.8500,20861800
20130911,7.0300,7.2000,6.9300,7.0300,22280900
20130912,6.9000,7.0300,6.8600,6.9500,11608500
20130913,6.7300,6.9200,6.7000,6.9000,9945800
20130916,6.7200,6.7700,6.6700,6.6900,6363500
20130917,6.5300,6.7400,6.5200,6.7300,7142400
20130918,6.5800,6.5900,6.5100,6.5300,3844300
20130920,6.5800,6.5800,6.5800,6.5800,0
20130923,6.6600,6.6800,6.6000,6.6100,5537400
20130924,6.6400,6.7000,6.5900,6.6500,5814100
20130925,6.5700,6.6700,6.5300,6.6100,6473700
20130926,6.3600,6.5700,6.3500,6.5500,5955900
20130927,6.4100,6.5300,6.3700,6.4000,4401200
20130930,6.4300,6.4700,6.3800,6.3900,2561800
20131001,6.4300,6.4300,6.4300,6.4300,0
20131002,6.4300,6.4300,6.4300,6.4300,0
20131003,6.4300,6.4300,6.4300,6.4300,0
20131004,6.4300,6.4300,6.4300,6.4300,0
20131007,6.4300,6.4300,6.4300,6.4300,0
20131008,6.5000,6.5000,6.3200,6.3500,4583900
20131009,6.4400,6.4900,6.3700,6.4900,6027900
20131010,6.3800,6.4800,6.2500,6.4200,8620400
20131011,6.4400,6.4700,6.3600,6.4000,6190700
20131014,6.5900,6.6200,6.3900,6.4100,13291100
20131015,6.6200,6.6900,6.5500,6.6000,7891200
20131016,6.6000,6.7000,6.4500,6.6100,13007800
20131017,6.7600,6.8700,6.5700,6.5900,21378900
20131018,6.7800,6.8400,6.6400,6.6700,16180500
20131021,6.8100,6.9100,6.6100,6.7600,21497200
20131022,6.7200,6.9000,6.6800,6.7500,15449100
20131023,6.5300,6.7400,6.5100,6.6800,11810500
20131024,6.3600,6.5400,6.3500,6.4700,6199400
20131025,6.2800,6.4300,6.2000,6.3600,4643600
20131028,6.1400,6.3200,6.0800,6.3200,5083900
20131029,5.9100,6.1800,5.6800,6.1700,7803400
20131030,6.0500,6.1300,5.8400,5.9400,4600100
20131031,5.9900,6.0500,5.9600,6.0200,3051900
20131101,6.0300,6.0700,5.9900,5.9900,2354800
20131104,6.0200,6.0700,5.9900,6.0300,2069400
20131105,6.0400,6.0400,5.8900,6.0200,3646800
20131106,6.0800,6.2100,5.9700,6.0000,6448500
20131107,6.0800,6.1900,6.0300,6.0500,5459200
20131108,5.9100,6.1200,5.8900,6.0600,3871000
20131111,5.9000,5.9500,5.8600,5.9500,2213300
20131112,6.0200,6.0800,5.9000,5.9000,3696400
20131113,5.8900,6.0400,5.8800,6.0400,2912800
20131114,5.9400,5.9900,5.8900,5.9000,2425400
20131115,6.0800,6.1400,5.9200,5.9300,6051000
20131118,6.3700,6.5000,6.0400,6.0600,14341800
20131119,6.4100,6.4400,6.2800,6.3100,14531600
20131120,6.3200,6.4500,6.2600,6.3700,9195100
20131121,6.3500,6.4500,6.2500,6.2500,9970300
20131122,6.2400,6.4100,6.2200,6.3800,5908500
20131125,6.2400,6.2700,6.1600,6.2200,4667700
20131126,6.3000,6.4300,6.2600,6.2700,6964400
20131127,6.3900,6.4300,6.2500,6.2700,6276100
20131128,6.4100,6.5800,6.4000,6.4600,11777700
20131129,6.5300,6.7000,6.3800,6.3800,15677400
20131202,6.2900,6.5500,6.2200,6.3600,9564300
20131203,6.4400,6.4800,6.2600,6.2600,10495000
20131204,6.4900,6.5000,6.4000,6.5000,10819300
20131205,6.5800,6.6000,6.4000,6.4500,13189900
20131206,6.4800,6.5700,6.4400,6.5100,5937600
20131209,6.4600,6.5300,6.4400,6.4900,3566600
20131210,6.4200,6.5000,6.4100,6.4600,3739000
20131211,6.2800,6.4200,6.2600,6.4100,4255500
20131212,6.3100,6.3600,6.2400,6.3400,3407500
20131213,6.2900,6.3200,6.2200,6.2300,2646900
20131216,6.1300,6.3300,6.0900,6.3300,4660600
20131217,6.0800,6.1700,6.0600,6.1200,2529000
20131218,5.9900,6.1100,5.9600,6.1000,4458700
20131219,5.9400,6.0600,5.9300,6.0200,3198800
20131220,5.7900,5.9900,5.7900,5.9400,4185600
20131223,5.8200,5.8500,5.7600,5.7900,1846300
20131224,5.9300,5.9500,5.7300,5.7300,3969600
20131225,5.9800,5.9900,5.8900,5.9200,2017400
20131226,5.9300,6.0200,5.9100,5.9800,3086000
20131227,5.9700,5.9900,5.9300,5.9300,1848300
20131230,5.9600,6.0400,5.9300,6.0000,2921600
20131231,6.0000,6.0600,5.8500,5.9700,6540800
20140101,6.0000,6.0000,6.0000,6.0000,0
20140102,5.9300,5.9600,5.9100,5.9600,2276100
20140103,5.8900,5.9500,5.8400,5.9200,2525000
20140106,5.8600,5.9100,5.7400,5.9000,2991400
20140107,5.8200,5.8800,5.8000,5.8600,1491600
20140108,5.7600,5.8600,5.7000,5.8200,2810500
20140109,6.0900,6.3200,5.7100,5.7500,22065800
20140110,6.0400,6.2000,5.9800,6.0300,18769600
20140113,5.9300,6.0600,5.8700,6.0300,14468100
20140114,5.9500,5.9700,5.7700,5.9200,4771900
20140115,5.9100,5.9700,5.8800,5.9200,2780800
20140116,5.9800,6.1100,5.8400,5.9100,10833700
20140117,5.7600,5.9600,5.7200,5.9300,3531400
20140120,5.8200,5.9000,5.7300,5.7600,2430000
20140121,5.8100,5.8800,5.7600,5.8600,2113600
20140122,5.9700,6.0400,5.8000,5.8000,4633300
20140123,5.9200,6.0500,5.8800,5.9600,8521100
20140124,6.1200,6.2500,5.8900,5.9000,18096100
20140127,6.4100,6.5700,6.0500,6.0800,36422300
20140128,6.3400,6.4600,6.3200,6.4300,13831700
20140129,6.3500,6.4000,6.3200,6.3700,7874400
20140130,6.2700,6.4000,6.2600,6.3800,3697200
20140131,6.2700,6.2700,6.2700,6.2700,0
20140203,6.2700,6.2700,6.2700,6.2700,0
20140205,6.2700,6.2700,6.2700,6.2700,0
20140206,6.2700,6.2700,6.2700,6.2700,0
20140207,6.3000,6.3200,6.2400,6.2600,8430600
20140210,6.9300,6.9300,6.3000,6.3000,63811600
20140211,7.1800,7.4700,6.7700,6.8300,80155696
20140212,6.8800,7.1000,6.7900,7.1000,59569500
20140213,6.8000,6.9900,6.6300,6.8300,40995300
20140214,6.7400,6.8300,6.6600,6.7800,27015900
20140217,6.7600,6.7800,6.6000,6.7800,23670600
20140218,6.7800,6.8700,6.6400,6.7300,20098500
20140219,6.6000,6.8400,6.5800,6.7700,18818500
20140220,6.6200,6.8200,6.5700,6.5900,17208500
20140221,6.2400,6.6200,6.2000,6.5600,19128100
20140224,6.1000,6.2600,6.0500,6.2100,9972600
20140225,5.9400,6.1800,5.9000,6.1100,9410700
