20130226,14.7000,15.0900,14.6600,14.9700,2629400
20130227,14.7700,14.9200,14.5800,14.7200,2075600
20130228,15.0500,15.0800,14.6800,14.7500,5068900
20130301,14.9300,15.1000,14.7400,15.0200,3695300
20130304,13.9100,14.8000,13.8200,14.8000,5053500
20130305,14.0500,14.1900,13.8800,13.9000,7075000
20130306,14.2300,14.2600,13.9500,14.1000,5429600
20130307,14.0600,14.2200,13.9300,14.2000,4140100
20130308,14.1100,14.2400,13.9500,14.0600,3659200
20130311,13.8300,14.0300,13.7600,14.0200,2579800
20130312,13.4300,13.9300,13.2800,13.8600,3941300
20130313,13.2400,13.4200,13.1000,13.4200,2294200
20130314,13.2400,13.3400,13.1800,13.2100,2122100
20130315,13.2300,13.4200,13.0400,13.2500,3475100
20130318,13.0100,13.2800,13.0000,13.2800,2530900
20130319,13.0700,13.1100,12.8900,13.0800,2887200
20130320,13.5300,13.5500,13.0500,13.0500,5185500
20130321,13.4800,13.6300,13.4100,13.5300,3382500
20130322,13.5700,13.6600,13.4000,13.4400,3006400
20130325,13.6300,13.6900,13.5200,13.6000,2732100
20130326,13.3500,13.6100,13.2000,13.6100,2590700
20130327,13.3300,13.5000,13.2200,13.3600,2349500
20130328,12.8200,13.2300,12.8100,13.2300,3046600
20130329,12.9000,13.0400,12.8200,12.8800,1635900
20130401,13.0600,13.1000,12.9100,13.0500,1877500
20130402,12.9400,13.1500,12.8500,13.0200,1664000
20130403,12.8800,12.9800,12.7500,12.9200,1592100
20130404,12.8800,12.8800,12.8800,12.8800,0
20130405,12.8800,12.8800,12.8800,12.8800,0
20130408,12.8400,12.8800,12.5000,12.6900,1526600
20130409,13.0100,13.0800,12.8400,12.8700,1442200
20130410,13.1900,13.2100,12.9500,13.0100,1811700
20130411,13.0100,13.2500,12.9800,13.2400,1741100
20130412,12.7600,13.0300,12.7500,13.0200,1591000
20130415,12.4500,12.7600,12.3700,12.7600,2156900
20130416,12.7400,12.7600,12.1100,12.3500,1923400
20130417,12.6500,12.7700,12.5000,12.7700,1245200
20130418,12.6400,12.6900,12.4700,12.6500,1371400
20130419,12.9900,13.0000,12.6600,12.6600,2457700
20130422,13.0200,13.0900,12.8500,12.8900,1565100
20130423,12.5100,13.0200,12.4900,13.0200,1981100
20130424,13.0900,13.1000,12.5500,12.5500,3124900
20130425,13.1200,13.3400,12.9800,13.0800,3868900
20130426,12.6600,12.7800,12.4100,12.6800,3794400
20130429,12.6600,12.6600,12.6600,12.6600,0
20130430,12.6600,12.6600,12.6600,12.6600,0
20130501,12.6600,12.6600,12.6600,12.6600,0
20130502,12.6500,12.6800,12.4000,12.6700,1531000
20130503,12.8800,12.9400,12.6300,12.6300,1789900
20130506,13.0100,13.0900,12.9200,12.9200,2748400
20130507,12.8800,13.0300,12.8100,13.0300,2574400
20130508,12.9900,13.0500,12.8900,12.8900,2821100
20130509,12.7600,13.1000,12.6000,13.0000,3797700
20130510,12.8200,12.8500,12.6100,12.7500,2573400
20130513,12.8800,12.8900,12.7100,12.8000,1968500
20130514,12.7300,12.8900,12.6200,12.8700,1508300
20130515,13.1000,13.1700,12.6700,12.7400,3612100
20130516,13.2400,13.3100,13.0300,13.2000,4410100
20130517,13.4500,13.5100,13.1000,13.2600,4314800
20130520,13.6100,13.6800,13.4300,13.5100,5342900
20130521,13.7000,13.7000,13.4500,13.6000,3512100
20130522,13.8300,14.0200,13.6300,13.7000,5565600
20130523,13.4900,13.8500,13.4300,13.7000,4483300
20130524,13.7300,13.7800,13.4500,13.4900,3709900
20130527,14.1400,14.1800,13.6800,13.6800,5157300
20130528,14.1500,14.1800,13.8800,14.1000,2851100
20130529,14.0300,14.2500,14.0200,14.1500,2721800
20130530,13.9200,14.0600,13.8500,13.9800,2620600
20130531,13.6900,14.0700,13.6400,13.9700,3184000
20130603,13.6700,13.8100,13.5300,13.6800,2468900
20130604,14.1200,14.1900,13.3500,13.6600,3941300
20130605,14.1100,14.1600,13.7600,13.9800,5414600
20130606,13.8600,14.1000,13.8300,14.1000,2742900
20130607,13.4000,13.8600,13.3700,13.8100,2622800
20130610,13.4000,13.4000,13.4000,13.4000,0
20130611,13.4000,13.4000,13.4000,13.4000,0
20130612,13.4000,13.4000,13.4000,13.4000,0
20130613,12.8600,13.2800,12.8100,13.2600,1782300
20130614,12.8800,12.9900,12.8400,12.9000,1479000
20130617,12.5900,12.9400,12.5500,12.9000,1842300
20130618,12.6600,12.7900,12.6100,12.6100,1573900
20130619,12.3500,12.5800,12.2200,12.5800,2682100
20130620,12.0700,12.3400,12.0600,12.3300,1522600
20130621,11.9300,12.0500,11.6900,11.8500,1421100
20130624,11.2800,11.9900,11.1400,11.9300,1676300
20130625,10.9200,11.3100,10.1800,11.2600,2789100
20130626,10.8900,11.1300,10.6000,11.0200,2554300
20130627,10.6800,11.0700,10.6600,10.8200,2143000
20130628,10.8400,10.9000,10.5100,10.6800,1470100
20130701,10.9600,10.9700,10.6000,10.8100,1572900
20130702,10.9000,10.9900,10.7400,10.9600,1887500
20130703,10.7200,10.8600,10.5200,10.8600,1577100
20130704,10.8300,10.9500,10.4700,10.6300,2622100
20130705,10.7700,10.9300,10.7500,10.8300,2199500
20130708,10.2000,10.5800,10.1400,10.5800,2093000
20130709,10.2600,10.3500,10.2000,10.2000,1346700
20130710,10.8100,10.8400,10.2600,10.2900,3350700
20130711,11.1300,11.2600,10.7600,10.8400,3645600
20130712,10.9400,11.2600,10.8800,11.1100,2712700
20130715,10.8400,10.8800,10.6300,10.7300,1614700
20130716,11.0300,11.0600,10.8000,10.8400,1692000
20130717,10.7500,11.0300,10.7300,11.0300,1609400
20130718,10.4700,10.8000,10.4300,10.7600,2335800
20130719,10.3000,10.6000,10.2900,10.4600,1659000
20130722,10.3600,10.3800,10.0600,10.2600,1548800
20130723,10.6200,10.6400,10.3600,10.3600,1772500
20130724,10.5300,10.6200,10.3900,10.6200,1678500
20130725,10.4400,10.5800,10.4200,10.5400,1341400
20130726,10.3500,10.5000,10.3300,10.3800,1111500
20130729,10.1000,10.2900,10.0600,10.2900,1387000
20130730,10.2100,10.2900,10.0500,10.1200,1767300
20130731,10.2100,10.3500,10.2000,10.2200,1525700
20130801,10.4200,10.4400,10.2100,10.2100,1578800
20130802,10.4000,10.5300,10.3800,10.4900,1637700
20130805,10.7500,10.7700,10.4000,10.4300,2367100
20130806,10.9900,11.1200,10.6800,10.7000,4127100
20130807,10.8300,11.0500,10.7100,11.0000,2515400
20130808,10.8200,10.9500,10.7200,10.8200,3191900
20130809,11.4600,11.5000,10.8200,10.8600,7679400
20130812,11.7400,11.9800,11.3700,11.4100,9803200
20130813,11.7600,11.8800,11.6100,11.7500,2785100
20130814,11.6500,11.9700,11.6000,11.7800,3671200
20130815,11.6100,11.8200,11.5500,11.6600,3539500
20130816,11.5400,11.8900,11.5000,11.6400,3241200
20130819,11.6200,11.6900,11.3800,11.4400,1847000
20130820,11.2100,11.7400,11.1100,11.6200,4122200
20130821,11.3700,11.4200,11.1300,11.2300,2544000
20130822,11.2600,11.4800,11.2400,11.3700,2722600
20130823,11.1500,11.3500,10.9800,11.3500,3111700
20130826,11.4800,11.4900,11.1000,11.2000,3085500
20130827,11.5700,11.5700,11.3900,11.4500,2629300
20130828,11.3700,11.5000,11.3300,11.4900,2210100
20130829,11.6200,11.6400,11.3400,11.3700,3273800
20130830,12.0900,12.2300,11.4700,11.5800,8004300
20130902,11.8200,12.5500,11.7300,12.4500,6274400
20130903,11.8900,11.9700,11.7300,11.8300,3508400
20130904,11.9200,11.9400,11.6700,11.8800,3127500
20130905,11.7600,11.9400,11.7500,11.9000,1864600
20130906,11.7900,11.8100,11.6200,11.7100,3202400
20130909,11.9000,12.0500,11.7500,11.8200,4757100
20130910,12.2300,12.2700,11.9000,11.9100,4245100
20130911,12.1900,12.3300,12.1100,12.2600,4127300
20130912,12.3800,12.4600,12.1400,12.1900,3573100
20130913,12.6700,13.0900,12.3900,12.3900,8124900
20130916,12.5800,12.7900,12.4100,12.7500,4292900
20130917,12.2300,12.7000,12.1900,12.5000,3262100
20130918,12.3400,12.4100,11.9500,12.2600,3244900
20130920,12.3400,12.3400,12.3400,12.3400,0
20130923,12.4600,12.4700,12.2200,12.3600,3070400
20130924,12.2500,12.4300,12.0000,12.4000,3739500
20130925,12.6600,13.0000,12.2500,12.2500,8377600
20130926,12.4100,12.8800,12.3800,12.6000,5098600
20130927,12.3300,12.6400,12.2600,12.4200,2525100
20130930,12.4300,12.5800,12.3700,12.4000,1686900
20131001,12.4300,12.4300,12.4300,12.4300,0
20131002,12.4300,12.4300,12.4300,12.4300,0
20131003,12.4300,12.4300,12.4300,12.4300,0
20131004,12.4300,12.4300,12.4300,12.4300,0
20131007,12.4300,12.4300,12.4300,12.4300,0
20131008,12.8000,12.9500,12.3900,12.5300,3954900
20131009,12.7400,12.8300,12.5800,12.7800,2960300
20131010,12.8300,13.1500,12.6500,12.7000,4226800
20131011,13.4600,13.6600,12.8500,12.9000,8911900
20131014,13.8000,14.0800,13.4200,13.5000,9491700
20131015,13.9300,13.9500,13.5100,13.8100,5893400
20131016,13.2100,13.8000,13.1300,13.7400,5692200
20131017,12.9500,13.4500,12.9200,13.4400,4109900
20131018,12.9500,12.9500,12.9500,12.9500,0
20131021,12.9500,12.9500,12.9500,12.9500,0
20131022,12.9500,12.9500,12.9500,12.9500,0
20131023,12.9500,12.9500,12.9500,12.9500,0
20131024,12.9500,12.9500,12.9500,12.9500,0
20131025,12.9500,12.9500,12.9500,12.9500,0
20131028,12.9500,12.9500,12.9500,12.9500,0
20131029,12.9500,12.9500,12.9500,12.9500,0
20131030,12.9500,12.9500,12.9500,12.9500,0
20131031,11.6700,12.2500,11.6600,12.0000,9420000
20131101,11.6800,11.7900,11.5600,11.6100,2783900
20131104,11.7000,11.7300,11.5800,11.6100,2121400
20131105,11.6600,11.7100,11.3400,11.6800,2646700
20131106,11.4900,11.6500,11.4800,11.6000,2037900
20131107,11.2900,11.5000,11.2100,11.4800,1870800
20131108,11.0400,11.2700,10.9800,11.2300,2069500
20131111,11.1100,11.1600,10.9200,11.0000,1184200
20131112,11.2400,11.2700,11.0600,11.1100,1506800
20131113,10.9400,11.2100,10.9300,11.1600,1921500
20131114,10.9300,10.9900,10.7500,10.9200,2670700
20131115,11.1500,11.3100,10.9000,10.9300,3298700
20131118,11.4600,11.4600,11.2400,11.2600,3320100
20131119,11.4300,11.5700,11.3800,11.4600,2524100
20131120,11.5200,11.5400,11.3700,11.4400,2022500
20131121,11.5800,11.5900,11.4100,11.4700,2096700
20131122,11.4900,11.7200,11.4500,11.6000,2084300
20131125,11.4900,11.6200,11.4000,11.4800,1736300
20131126,11.4600,11.5500,11.4200,11.5000,1148900
20131127,11.6500,11.6900,11.4100,11.5000,2355100
20131128,11.7400,11.8200,11.6400,11.6500,3185100
20131129,11.8700,11.9500,11.7300,11.7500,3580500
20131202,11.3600,11.7900,11.2600,11.5600,3806800
20131203,11.7400,11.7800,11.3200,11.3500,2497000
20131204,11.9500,12.0500,11.6800,11.7400,4515600
20131205,12.0200,12.0800,11.8800,11.9200,2555700
20131206,12.1900,12.3200,11.9100,12.0000,4058200
20131209,12.2800,12.4300,12.1900,12.2000,3237900
20131210,12.5000,12.6400,12.1800,12.2900,3701400
20131211,12.1600,12.4500,12.0600,12.4500,3719900
20131212,12.1600,12.1600,12.1600,12.1600,0
20131213,12.1600,12.1600,12.1600,12.1600,0
20131216,12.1600,12.1600,12.1600,12.1600,0
20131217,12.1600,12.1600,12.1600,12.1600,0
20131218,12.1600,12.1600,12.1600,12.1600,0
20131219,12.1600,12.1600,12.1600,12.1600,0
20131220,11.3100,11.7200,11.3000,11.6000,3721900
20131223,11.3200,11.4000,11.0900,11.2400,1410300
20131224,11.5100,11.6200,11.3400,11.3400,1404600
20131225,11.5500,11.5800,11.4000,11.5800,1060000
20131226,11.3300,11.6800,11.3000,11.5600,1569400
20131227,11.5000,11.5500,11.2600,11.2600,1463600
20131230,11.7200,11.7900,11.6000,11.7200,2255600
20131231,11.7900,11.9700,11.6200,11.6800,2968800
20140101,11.7900,11.7900,11.7900,11.7900,0
20140102,11.8400,11.9100,11.6500,11.6500,2698700
20140103,11.7700,11.8700,11.7000,11.7400,1808100
20140106,11.3000,11.7700,11.2300,11.7000,2492400
20140107,11.2400,11.3600,11.2100,11.3400,1786100
20140108,10.9700,11.3500,10.9000,11.2500,2750900
20140109,10.8200,11.0900,10.8000,10.9600,1681600
20140110,10.5500,10.9700,10.5000,10.7800,1891600
20140113,10.6300,10.6900,10.4700,10.5600,1040900
20140114,10.8300,10.8400,10.5800,10.6600,1366600
20140115,10.8700,10.9500,10.7700,10.8000,1396000
20140116,10.8500,10.9200,10.7800,10.8700,1232100
20140117,10.6900,10.8400,10.5800,10.8400,1339400
20140120,10.6500,10.7200,10.5900,10.6800,922300
20140121,10.8800,10.8800,10.6600,10.6600,895000
20140122,11.1100,11.1200,10.8200,10.8700,2311400
20140123,11.0900,11.2100,11.0400,11.1100,1681700
20140124,11.2000,11.2700,11.0100,11.0800,2090600
20140127,11.0900,11.1800,11.0400,11.1200,1314900
20140128,11.2900,11.3800,11.0800,11.0800,2167400
20140129,11.3300,11.3400,11.1900,11.2800,1393300
20140130,11.2500,11.3000,11.1200,11.3000,965600
20140131,11.2500,11.2500,11.2500,11.2500,0
20140203,11.2500,11.2500,11.2500,11.2500,0
20140205,11.2500,11.2500,11.2500,11.2500,0
20140206,11.2500,11.2500,11.2500,11.2500,0
20140207,11.2800,11.2800,11.0600,11.1500,1411800
20140210,11.5300,11.5400,11.2700,11.2800,2988000
20140211,11.6200,11.7800,11.4700,11.5300,2401800
20140212,11.7500,11.7600,11.5700,11.6600,2459700
20140213,11.4900,11.7300,11.4800,11.7000,3050200
20140214,11.8500,11.8700,11.4400,11.4700,3946700
20140217,11.9500,12.0000,11.8000,11.9300,3231200
20140218,11.7800,11.9500,11.6800,11.9500,3130100
20140219,11.9700,12.0400,11.7800,11.8700,3510600
20140220,11.7800,12.2000,11.7500,12.0100,4151000
20140221,11.1000,11.4700,10.9500,11.4400,8135000
20140224,10.9400,11.0200,10.7600,11.0100,3385300
20140225,10.6400,11.0100,10.5800,10.9200,3851100
