20130226,2.6900,2.7400,2.6800,2.7100,61251200
20130227,2.6800,2.7200,2.6700,2.6900,26420200
20130228,2.7500,2.7600,2.6800,2.7000,56110700
20130301,2.7700,2.7800,2.7200,2.7500,44125900
20130304,2.7800,2.8500,2.7600,2.7600,137855504
20130305,2.8200,2.8500,2.7800,2.7800,79339296
20130306,2.9600,2.9900,2.8400,2.8400,173811696
20130307,2.9900,3.0300,2.9300,2.9400,207915904
20130308,2.9400,3.0300,2.9200,2.9900,87486000
20130311,2.9200,2.9500,2.8900,2.9500,82600496
20130312,2.9900,3.0500,2.8900,2.9100,162596800
20130313,2.9500,3.0200,2.9200,3.0000,70931800
20130314,2.9500,2.9800,2.9300,2.9300,31550000
20130315,2.8900,2.9600,2.8600,2.9500,57998500
20130318,2.9000,2.9400,2.8700,2.8800,44334700
20130319,2.9900,3.0000,2.9100,2.9200,86916200
20130320,2.9800,3.0100,2.9600,3.0000,85668704
20130321,2.9900,3.0100,2.9700,2.9800,47430600
20130322,3.0100,3.0400,2.9800,3.0000,57255200
20130325,2.9900,3.0400,2.9800,3.0200,54699900
20130326,2.9300,3.0000,2.8500,2.9900,88115800
20130327,2.9500,2.9600,2.9200,2.9200,32121800
20130328,2.9200,2.9600,2.9000,2.9300,52785700
20130329,2.9700,3.0200,2.9200,2.9400,55762800
20130401,2.9500,2.9700,2.9300,2.9600,38667000
20130402,2.9400,2.9700,2.9100,2.9500,39406000
20130403,2.9600,2.9700,2.9300,2.9400,34283700
20130404,2.9600,2.9600,2.9600,2.9600,0
20130405,2.9600,2.9600,2.9600,2.9600,0
20130408,2.9600,2.9800,2.9100,2.9200,44330000
20130409,2.9700,3.0000,2.9500,2.9700,40413700
20130410,2.9400,2.9800,2.9300,2.9700,20514900
20130411,2.9600,2.9700,2.9300,2.9600,35953300
20130412,2.9100,2.9900,2.8900,2.9800,80081800
20130415,2.8300,2.9200,2.7700,2.8900,81606200
20130416,2.8400,2.8400,2.7600,2.8200,86049400
20130417,2.7800,2.8400,2.7300,2.8300,101696896
20130418,2.7800,2.8100,2.7000,2.7400,61750500
20130419,2.8200,2.8300,2.7700,2.7800,47032800
20130422,2.8000,2.8300,2.7800,2.8000,37458400
20130423,2.7600,2.8100,2.7400,2.8000,46770700
20130424,2.7900,2.8100,2.7500,2.7700,36160500
20130425,2.8000,2.8100,2.7700,2.7900,37201200
20130426,2.8100,2.8400,2.7800,2.8100,51309500
20130429,2.8100,2.8100,2.8100,2.8100,0
20130430,2.8100,2.8100,2.8100,2.8100,0
20130501,2.8100,2.8100,2.8100,2.8100,0
20130502,2.8700,2.8800,2.7800,2.7900,47075100
20130503,2.9200,2.9400,2.8700,2.8800,51346800
20130506,2.9100,2.9500,2.8900,2.9200,32012900
20130507,2.9400,2.9400,2.8900,2.8900,49111500
20130508,2.9200,2.9500,2.9100,2.9500,37681300
20130509,2.9000,2.9400,2.8900,2.9200,37154800
20130510,2.9000,2.9300,2.8700,2.8900,39802900
20130513,2.8500,2.9200,2.8200,2.9200,63470200
20130514,2.8100,2.8600,2.8000,2.8500,38952400
20130515,2.8400,2.8400,2.8100,2.8100,18210400
20130516,2.8700,2.8800,2.8300,2.8300,28545100
20130517,2.9600,2.9900,2.8700,2.8800,78704896
20130520,2.9500,2.9700,2.9300,2.9700,66553300
20130521,2.9500,2.9600,2.9200,2.9400,49196300
20130522,2.8400,2.9500,2.8000,2.9400,190214304
20130523,2.6700,2.7000,2.6300,2.7000,138416096
20130524,2.6700,2.6900,2.6300,2.6800,74495600
20130527,2.6500,2.6600,2.6300,2.6600,45905300
20130528,2.6900,2.6900,2.6400,2.6500,39509800
20130529,2.7200,2.7400,2.6800,2.7000,53698000
20130530,2.7100,2.7300,2.6900,2.7200,44562300
20130531,2.6600,2.7300,2.6500,2.7200,52898000
20130603,2.6800,2.7000,2.6600,2.6700,33607900
20130604,2.6600,2.6900,2.6500,2.6900,37336500
20130605,2.6700,2.6900,2.6400,2.6600,45888400
20130606,2.6400,2.6700,2.6400,2.6600,23502700
20130607,2.6000,2.6600,2.5800,2.6500,32178000
20130610,2.6000,2.6000,2.6000,2.6000,0
20130611,2.6000,2.6000,2.6000,2.6000,0
20130612,2.6000,2.6000,2.6000,2.6000,0
20130613,2.4800,2.5800,2.4300,2.5800,88114304
20130614,2.4500,2.4800,2.4300,2.4800,74166896
20130617,2.4100,2.4600,2.3900,2.4500,78961000
20130618,2.4100,2.4200,2.3800,2.4100,50312900
20130619,2.3500,2.4000,2.3300,2.4000,65136600
20130620,2.3000,2.3400,2.3000,2.3400,46989900
20130621,2.3500,2.3600,2.2600,2.2900,48245200
20130624,2.2300,2.3500,2.2100,2.3500,81737104
20130625,2.2800,2.2900,2.1500,2.2200,116404200
20130626,2.2600,2.2900,2.2300,2.2800,58969100
20130627,2.2600,2.3200,2.2500,2.2600,86676896
20130628,2.2800,2.3200,2.2500,2.2600,58852000
20130701,2.3500,2.3500,2.2700,2.3000,69184704
20130702,2.3300,2.3500,2.3200,2.3500,45278600
20130703,2.2500,2.3300,2.2100,2.3200,140126800
20130704,2.2600,2.2900,2.2100,2.2400,72853200
20130705,2.2600,2.2800,2.2500,2.2700,45836600
20130708,2.2000,2.2400,2.2000,2.2400,58235500
20130709,2.2400,2.2600,2.2100,2.2100,40628500
20130710,2.2900,2.3000,2.2300,2.2400,57943800
20130711,2.3700,2.4100,2.3000,2.3000,109228800
20130712,2.3400,2.4300,2.3200,2.3900,96161000
20130715,2.3600,2.3800,2.3100,2.3600,57829500
20130716,2.3400,2.3600,2.3200,2.3600,58162400
20130717,2.3200,2.3500,2.3000,2.3400,46470300
20130718,2.2800,2.3300,2.2700,2.3100,61669100
20130719,2.2600,2.3100,2.2600,2.2900,40697700
20130722,2.2800,2.3000,2.2400,2.2500,33061200
20130723,2.3200,2.3300,2.2700,2.2800,48162700
20130724,2.3100,2.3200,2.2600,2.3100,57319000
20130725,2.2800,2.3200,2.2800,2.3200,32307000
20130726,2.2900,2.3000,2.2600,2.2700,26878100
20130729,2.2400,2.2900,2.2300,2.2800,44564300
20130730,2.2600,2.2900,2.2400,2.2500,40548300
20130731,2.2600,2.2900,2.2400,2.2700,26186600
20130801,2.3000,2.3000,2.2600,2.2600,52776300
20130802,2.2800,2.3100,2.2600,2.3100,66484800
20130805,2.3000,2.3000,2.2600,2.2800,61410700
20130806,2.3600,2.3800,2.2700,2.2900,115482800
20130807,2.3200,2.3500,2.3100,2.3400,79552096
20130808,2.3100,2.3300,2.3000,2.3200,45432600
20130809,2.3100,2.3300,2.2800,2.3200,48044500
20130812,2.3500,2.3600,2.3000,2.3200,70132600
20130813,2.3500,2.3700,2.3400,2.3500,64112400
20130814,2.3400,2.3700,2.3300,2.3500,66986100
20130815,2.3400,2.3600,2.3300,2.3400,44346700
20130816,2.3400,2.5700,2.3100,2.3300,142756304
20130819,2.3300,2.3400,2.3100,2.3300,50233400
20130820,2.3100,2.3400,2.3000,2.3300,64794600
20130821,2.2900,2.3200,2.2800,2.3100,51176400
20130822,2.2700,2.3000,2.2600,2.2900,49849900
20130823,2.2700,2.2900,2.2400,2.2800,57262400
20130826,2.3000,2.3000,2.2600,2.2700,47071100
20130827,2.3100,2.3200,2.2800,2.2900,58187600
20130828,2.2900,2.3000,2.2800,2.3000,49362400
20130829,2.3200,2.3300,2.2800,2.2900,52786000
20130830,2.3400,2.3600,2.2800,2.3200,107275296
20130902,2.3300,2.3600,2.3100,2.3400,58738100
20130903,2.3500,2.3600,2.3300,2.3400,61927200
20130904,2.3500,2.3600,2.3300,2.3500,43436400
20130905,2.3200,2.3500,2.3100,2.3500,51113100
20130906,2.3200,2.3300,2.3100,2.3200,51957400
20130909,2.3800,2.3900,2.3200,2.3200,130402400
20130910,2.4600,2.4900,2.4000,2.4000,175979104
20130911,2.4700,2.5300,2.4200,2.4500,202982896
20130912,2.4700,2.4900,2.4300,2.4600,115320600
20130913,2.4200,2.4700,2.4100,2.4600,78300704
20130916,2.4300,2.4500,2.4200,2.4300,74330304
20130917,2.3800,2.4400,2.3700,2.4300,70383696
20130918,2.3900,2.4000,2.3700,2.3800,54597100
20130920,2.3900,2.3900,2.3900,2.3900,0
20130923,2.4100,2.4100,2.3900,2.3900,45684500
20130924,2.3800,2.4100,2.3700,2.4100,42726000
20130925,2.3400,2.3800,2.3300,2.3700,68833504
20130926,2.3000,2.3500,2.2800,2.3400,76763104
20130927,2.3000,2.3100,2.2900,2.2900,35123500
20130930,2.3200,2.3300,2.3000,2.3100,26326900
20131001,2.3200,2.3200,2.3200,2.3200,0
20131002,2.3200,2.3200,2.3200,2.3200,0
20131003,2.3200,2.3200,2.3200,2.3200,0
20131004,2.3200,2.3200,2.3200,2.3200,0
20131007,2.3200,2.3200,2.3200,2.3200,0
20131008,2.3400,2.3400,2.3100,2.3200,47528200
20131009,2.3300,2.3400,2.3100,2.3300,49046900
20131010,2.3000,2.3300,2.2900,2.3200,55338400
20131011,2.3300,2.3300,2.3100,2.3200,50616700
20131014,2.3600,2.3700,2.3200,2.3300,69394704
20131015,2.4000,2.4100,2.3400,2.3600,121422800
20131016,2.3900,2.4100,2.3700,2.3900,97158304
20131017,2.3600,2.4100,2.3500,2.3900,56170300
20131018,2.3600,2.3700,2.3400,2.3600,48006900
20131021,2.4000,2.4000,2.3400,2.3800,98954600
20131022,2.3900,2.4100,2.3800,2.4000,75922896
20131023,2.4200,2.4600,2.3900,2.3900,124199296
20131024,2.4000,2.4200,2.3800,2.4200,59242900
20131025,2.3600,2.4100,2.3400,2.4000,47900000
20131028,2.4000,2.4200,2.3500,2.3600,97603600
20131029,2.4900,2.4900,2.4000,2.4100,260725504
20131030,2.6200,2.7400,2.4900,2.5000,465256096
20131031,2.6100,2.6500,2.5200,2.5800,194041504
20131101,2.5700,2.6300,2.5600,2.6000,121789600
20131104,2.6200,2.6600,2.5700,2.5700,99274304
20131105,2.5600,2.6100,2.5200,2.6000,130340400
20131106,2.5100,2.5900,2.5000,2.5400,98487600
20131107,2.5200,2.5400,2.4900,2.5000,66644000
20131108,2.5000,2.5500,2.4800,2.5000,70400400
20131111,2.5100,2.5200,2.4800,2.5000,40557500
20131112,2.4900,2.5200,2.4800,2.5000,73161200
20131113,2.4000,2.5000,2.3900,2.5000,118455104
20131114,2.3900,2.4100,2.3800,2.4000,65207100
20131115,2.4400,2.4800,2.3800,2.3900,102097200
20131118,2.4800,2.4900,2.4200,2.4500,112830096
20131119,2.5100,2.5400,2.4600,2.4700,114716200
20131120,2.5000,2.5200,2.4700,2.5100,58687200
20131121,2.5000,2.5000,2.4600,2.5000,57994500
20131122,2.5000,2.5100,2.4800,2.5100,58692300
20131125,2.4900,2.5100,2.4800,2.5100,41896800
20131126,2.4800,2.5000,2.4700,2.5000,32741700
20131127,2.4900,2.5000,2.4600,2.4800,34956000
20131128,2.5000,2.5200,2.4700,2.4900,66781900
20131129,2.5000,2.5100,2.4900,2.5100,35255900
20131202,2.5800,2.6500,2.5100,2.5200,212398400
20131203,2.5900,2.6000,2.5500,2.5700,96232400
20131204,2.6300,2.6500,2.5700,2.5800,134215000
20131205,2.5900,2.6300,2.5800,2.6300,58982200
20131206,2.5600,2.5900,2.5400,2.5900,76455800
20131209,2.5800,2.5900,2.5600,2.5600,37660800
20131210,2.5600,2.5900,2.5500,2.5900,39560600
20131211,2.4900,2.5600,2.4900,2.5500,69750400
20131212,2.5200,2.5200,2.4900,2.4900,32848000
20131213,2.4900,2.5100,2.4900,2.5000,28959800
20131216,2.4500,2.5100,2.4300,2.5100,57118500
20131217,2.4400,2.4600,2.4200,2.4500,59017200
20131218,2.4300,2.4500,2.4200,2.4400,35135000
20131219,2.4000,2.4400,2.3800,2.4400,57689700
20131220,2.3300,2.4000,2.3000,2.4000,91720496
20131223,2.3300,2.3500,2.3100,2.3400,35831500
20131224,2.3400,2.3700,2.3200,2.3400,37661800
20131225,2.3500,2.3500,2.3100,2.3400,32894500
20131226,2.3100,2.3500,2.3000,2.3500,41162600
20131227,2.3400,2.3500,2.3000,2.3000,41633900
20131230,2.3300,2.3600,2.3200,2.3500,37505100
20131231,2.3500,2.3600,2.3200,2.3300,34179300
20140101,2.3500,2.3500,2.3500,2.3500,0
20140102,2.3400,2.3600,2.3300,2.3500,23124500
20140103,2.3000,2.3400,2.2900,2.3400,42702000
20140106,2.2700,2.3000,2.2500,2.3000,49312100
20140107,2.2600,2.2700,2.2400,2.2500,43702800
20140108,2.2700,2.2800,2.2500,2.2600,37202800
20140109,2.2600,2.2800,2.2500,2.2700,30804300
20140110,2.2500,2.2700,2.2200,2.2600,57943300
20140113,2.2600,2.2600,2.2300,2.2400,28648100
20140114,2.2700,2.2700,2.2400,2.2600,25068500
20140115,2.2700,2.2800,2.2500,2.2700,19291000
20140116,2.2800,2.3000,2.2500,2.2600,40969000
20140117,2.2600,2.2800,2.2500,2.2700,41779200
20140120,2.2500,2.2700,2.2400,2.2600,25489000
20140121,2.2700,2.2800,2.2500,2.2500,16896000
20140122,2.3200,2.3300,2.2600,2.2700,53017200
20140123,2.3000,2.3300,2.2900,2.3200,47056700
20140124,2.3100,2.3300,2.2900,2.3000,55065200
20140127,2.2800,2.3100,2.2600,2.3000,36437600
20140128,2.2900,2.3000,2.2700,2.2800,24422500
20140129,2.3200,2.3200,2.2900,2.3000,33141900
20140130,2.3000,2.3200,2.2900,2.3100,21580300
20140131,2.3000,2.3000,2.3000,2.3000,0
20140203,2.3000,2.3000,2.3000,2.3000,0
20140205,2.3000,2.3000,2.3000,2.3000,0
20140206,2.3000,2.3000,2.3000,2.3000,0
20140207,2.3000,2.3000,2.2700,2.2900,34396100
20140210,2.3300,2.3400,2.2900,2.3000,69554304
20140211,2.3500,2.3500,2.3200,2.3300,50805200
20140212,2.3400,2.3500,2.3200,2.3400,30324700
20140213,2.3200,2.3400,2.3000,2.3300,87867296
20140214,2.3300,2.3300,2.3000,2.3100,40265300
20140217,2.3300,2.3400,2.3200,2.3300,42029800
20140218,2.3100,2.3300,2.2900,2.3200,45745800
20140219,2.3200,2.3300,2.2900,2.3000,61716300
20140220,2.3500,2.3600,2.3100,2.3200,102740096
20140221,2.3200,2.3500,2.3100,2.3500,53025000
20140224,2.2900,2.3200,2.2800,2.3100,44099300
20140225,2.2700,2.3000,2.2600,2.2900,46098800
