20130226,11.9500,12.3800,11.9300,12.2700,1565900
20130227,11.8100,12.0500,11.6800,11.9400,1096800
20130228,12.2400,12.2900,11.8200,11.9400,1488000
20130301,12.1600,12.2800,12.0000,12.2400,1515000
20130304,11.8600,12.1600,11.7500,12.1600,1796200
20130305,12.1000,12.1700,11.8000,11.9000,1343400
20130306,12.3800,12.3900,12.0200,12.1900,1962400
20130307,12.2700,12.6000,12.1900,12.3100,2490700
20130308,12.0800,12.3800,12.0000,12.3100,899200
20130311,12.0200,12.1800,11.9500,12.0500,733100
20130312,11.7600,12.1100,11.4800,12.0100,1317100
20130313,11.5900,11.8700,11.4500,11.4500,453600
20130314,11.5300,11.6400,11.4400,11.5900,727300
20130315,11.5100,11.7600,11.4300,11.5100,818700
20130318,11.3400,11.5500,11.2800,11.5500,728200
20130319,11.3500,11.4300,11.2400,11.4300,594700
20130320,11.6300,11.6500,11.3200,11.3700,1056400
20130321,11.6700,11.7300,11.5700,11.6300,1305600
20130322,11.6900,11.7200,11.6300,11.6800,908000
20130325,11.7100,11.8300,11.6500,11.7500,1297800
20130326,11.6700,11.7500,11.4300,11.6800,1085600
20130327,12.0100,12.0800,11.6800,11.7000,2252700
20130328,11.7900,12.0900,11.7500,11.9300,1885600
20130329,11.2500,11.8200,11.2100,11.8200,2076900
20130401,11.1300,11.2200,11.0400,11.1100,787000
20130402,10.9000,11.2000,10.8900,11.1600,1179600
20130403,10.6500,10.9500,10.5300,10.9000,972900
20130404,10.6500,10.6500,10.6500,10.6500,0
20130405,10.6500,10.6500,10.6500,10.6500,0
20130408,10.5500,10.5800,10.3700,10.5000,632100
20130409,10.7200,10.7700,10.5200,10.5200,460300
20130410,10.7000,10.7200,10.5200,10.7100,449800
20130411,10.6000,10.7700,10.5900,10.6300,490400
20130412,10.5000,10.7000,10.4600,10.6300,416600
20130415,10.3500,10.5000,10.1100,10.5000,585600
20130416,10.4500,10.4500,10.1500,10.3000,583600
20130417,10.4500,10.5200,10.3500,10.3900,353800
20130418,10.4800,10.5700,10.4000,10.4500,447800
20130419,10.7000,10.7600,10.4600,10.5300,627800
20130422,10.5400,10.5800,10.4200,10.5400,791300
20130423,10.1500,10.5400,10.1300,10.5200,951900
20130424,10.2800,10.3200,10.1700,10.1800,683200
20130425,10.2600,10.4200,10.2000,10.2500,578700
20130426,10.0200,10.3400,9.9200,10.2700,696700
20130429,10.0200,10.0200,10.0200,10.0200,0
20130430,10.0200,10.0200,10.0200,10.0200,0
20130501,10.0200,10.0200,10.0200,10.0200,0
20130502,9.8100,9.9700,9.7300,9.9400,506200
20130503,9.9600,10.0500,9.8000,9.8000,485200
20130506,10.1200,10.2000,9.9700,10.0000,524700
20130507,10.1900,10.2000,10.0400,10.1000,842100
20130508,10.2000,10.2800,10.1500,10.2000,640500
20130509,10.1600,10.2600,10.0900,10.2600,520400
20130510,10.3000,10.3100,10.0900,10.1600,783800
20130513,10.2100,10.2900,10.1300,10.2900,493700
20130514,10.5200,10.6900,10.1500,10.2500,2686000
20130515,10.5400,10.5800,10.3400,10.4800,1105600
20130516,10.5200,10.5500,10.2700,10.5300,1070500
20130517,10.5500,10.5600,10.4300,10.5200,1195600
20130520,10.7600,10.7700,10.5900,10.6100,1426600
20130521,10.7700,10.8100,10.6900,10.7700,1037000
20130522,10.6000,10.8700,10.5700,10.7700,1027400
20130523,10.6500,11.0800,10.5500,10.5900,933800
20130524,10.7100,10.8100,10.5700,10.6600,1017500
20130527,10.7200,10.7500,10.6000,10.6400,666200
20130528,10.8200,10.8600,10.6100,10.7200,1188200
20130529,10.9400,10.9800,10.7500,10.7500,1033400
20130530,11.1100,11.1700,10.8500,10.9100,1759600
20130531,10.8600,11.1600,10.8300,11.1500,1009800
20130603,10.7200,10.9800,10.6600,10.8700,871300
20130604,10.3400,10.7000,10.2200,10.7000,837800
20130605,10.4300,10.4500,10.2900,10.3400,376200
20130606,10.1200,10.4000,10.1000,10.3800,599000
20130607,10.1200,10.2400,10.0000,10.0800,776300
20130610,10.1200,10.1200,10.1200,10.1200,0
20130611,10.1200,10.1200,10.1200,10.1200,0
20130612,10.1200,10.1200,10.1200,10.1200,0
20130613,9.7800,10.0200,9.5000,10.0200,583700
20130614,9.8200,9.8800,9.7700,9.7800,645600
20130617,9.8800,9.9300,9.7600,9.8200,442100
20130618,9.8600,9.9600,9.8100,9.9200,361600
20130619,9.8100,9.9500,9.6200,9.9500,456700
20130620,10.3600,10.7900,10.0500,10.0500,3880200
20130621,10.3400,10.4000,9.6500,10.0000,2548600
20130624,9.7700,10.2600,9.6600,10.1200,1185600
20130625,9.7900,10.0000,8.7900,9.7800,1800300
20130626,9.6900,9.7700,9.4200,9.5500,1078200
20130627,9.6400,9.7800,9.2200,9.5700,1216400
20130628,9.6600,9.7100,9.3300,9.4200,916400
20130701,9.8100,9.8400,9.4800,9.5700,1045300
20130702,9.7200,9.9300,9.6000,9.7900,832500
20130703,9.6200,9.7900,9.4100,9.6500,708300
20130704,9.5300,9.6500,9.3300,9.5300,1427800
20130705,9.5100,9.5800,9.3300,9.5000,1267400
20130708,9.0900,9.4200,9.0700,9.4200,691600
20130709,9.0800,9.1400,8.9600,9.0300,327800
20130710,9.2800,9.2900,8.9700,8.9700,717500
20130711,9.5600,9.6700,9.2400,9.2800,1327200
20130712,9.6100,9.6900,9.4100,9.4100,1068100
20130715,9.6100,9.6500,9.5000,9.6000,617900
20130716,9.6600,9.6800,9.5000,9.5100,1129400
20130717,9.5400,9.7400,9.4600,9.6700,722300
20130718,9.4100,9.4600,9.2700,9.4500,666000
20130719,9.3000,9.6000,9.3000,9.4300,648100
20130722,9.9000,10.2300,9.2100,9.2200,1779100
20130723,10.3600,10.3900,9.6600,9.7600,4223800
20130724,10.1100,10.2700,9.8300,10.1500,2301100
20130725,9.9000,10.1300,9.8300,10.0800,1049700
20130726,9.8700,9.9400,9.7800,9.7900,651300
20130729,9.4200,9.8000,9.4000,9.8000,1093200
20130730,9.4300,9.5800,9.3000,9.4800,550100
20130731,9.4500,9.5700,9.4100,9.4300,407000
20130801,9.6800,9.7200,9.4100,9.4900,608700
20130802,9.7500,9.8300,9.6300,9.6800,674500
20130805,9.9500,9.9900,9.6500,9.7100,814600
20130806,10.1800,10.3000,9.9300,10.0000,2586400
20130807,9.9600,10.2500,9.9200,10.1700,1122700
20130808,10.0900,10.1900,9.8500,9.9500,855700
20130809,10.0700,10.1500,9.9500,10.0900,549900
20130812,10.2100,10.2900,10.0700,10.0700,860200
20130813,10.2200,10.3000,10.0900,10.1300,652100
20130814,10.1300,10.2500,10.0900,10.2400,641900
20130815,10.0900,10.2200,10.0200,10.2200,512000
20130816,9.8700,10.2400,9.8500,10.0600,621200
20130819,10.0100,10.0400,9.7900,9.7900,452400
20130820,9.8900,10.0800,9.8400,10.0200,463600
20130821,9.9800,9.9800,9.7300,9.8900,684700
20130822,9.9900,10.0000,9.8600,9.8600,435100
20130823,9.9100,10.0500,9.8300,9.9900,578600
20130826,10.2600,10.3600,9.8500,9.8600,1388800
20130827,10.1900,10.2900,10.1600,10.2500,920200
20130828,10.1600,10.2100,10.0600,10.1200,815800
20130829,10.4100,10.5400,10.1000,10.1600,2509400
20130830,10.2500,10.4600,10.2200,10.4600,1655500
20130902,10.6200,10.7300,10.1800,10.1800,2553900
20130903,10.6600,10.7100,10.4600,10.6500,1740400
20130904,10.5800,10.7000,10.5000,10.6600,1397000
20130905,10.4200,10.6000,10.3900,10.5500,1199800
20130906,10.8200,10.9600,10.4500,10.4800,2833900
20130909,11.3000,11.9000,11.1300,11.4800,6870000
20130910,12.4300,12.4300,11.1300,11.3500,10727100
20130911,12.4700,12.8700,12.1100,12.7000,9780500
20130912,12.6200,13.3000,12.1700,12.1800,6694900
20130913,12.3700,12.7000,12.2100,12.7000,3338500
20130916,12.1800,12.6500,12.1000,12.4700,3834700
20130917,12.4800,12.9400,12.1000,12.3400,6289000
20130918,13.7300,13.7300,12.2500,12.3300,9872000
20130920,13.7300,13.7300,13.7300,13.7300,0
20130923,14.3800,14.6600,13.8100,14.0000,13708900
20130924,14.7500,15.7800,13.9200,14.1400,10899500
20130925,14.3600,14.7300,14.1300,14.2500,8608200
20130926,14.3200,14.9600,13.5300,14.0500,9738800
20130927,13.6400,14.3000,13.6300,14.3000,6176100
20130930,13.6500,14.0600,13.1000,13.6800,6086500
20131001,13.6500,13.6500,13.6500,13.6500,0
20131002,13.6500,13.6500,13.6500,13.6500,0
20131003,13.6500,13.6500,13.6500,13.6500,0
20131004,13.6500,13.6500,13.6500,13.6500,0
20131007,13.6500,13.6500,13.6500,13.6500,0
20131008,13.6600,13.7500,13.1400,13.6500,5287000
20131009,14.0300,14.2700,13.3600,13.6000,7912800
20131010,14.3700,14.3900,13.4000,13.9000,9730800
20131011,14.1000,14.9000,13.9800,14.2000,9783800
20131014,14.3300,14.3900,13.5000,13.9000,6775800
20131015,13.8400,14.4100,13.8000,14.3000,4620700
20131016,14.0500,14.8800,13.8800,13.9300,9533600
20131017,12.6700,14.1000,12.6500,14.0400,9062900
20131018,12.3700,12.5400,12.1300,12.5400,4066700
20131021,12.7900,12.8000,12.5000,12.6300,3494100
20131022,12.4200,12.7000,12.3000,12.7000,3821800
20131023,11.9100,12.5500,11.7700,12.5500,3092000
20131024,11.8900,12.2000,11.6200,12.1800,2342500
20131025,11.9500,12.0700,11.7100,11.8000,1972000
20131028,11.7900,12.0500,11.6500,11.8800,1817600
20131029,11.5200,11.9500,11.2600,11.7000,3372100
20131030,11.6500,11.6800,11.3500,11.4200,2178000
20131031,11.7100,11.8500,11.5500,11.6000,3374100
20131101,12.0900,12.1200,11.5200,11.6900,4992300
20131104,11.9800,12.1500,11.8200,11.9800,2448400
20131105,12.0300,12.1000,11.5800,11.9400,2823000
20131106,12.1200,12.3900,11.8000,12.0100,4009400
20131107,11.6700,11.9700,11.5900,11.9300,2213400
20131108,11.5200,11.6700,11.2000,11.5800,1970800
20131111,11.4500,11.6000,11.3200,11.3200,751300
20131112,11.8400,11.9800,11.3000,11.5300,1824600
20131113,11.2700,11.7000,11.2200,11.6400,1548300
20131114,11.3200,11.3800,11.0400,11.2500,1166400
20131115,11.8000,12.3100,11.2800,11.2800,3785500
20131118,12.3400,12.5000,12.1200,12.3500,5879700
20131119,12.8900,13.4300,12.2000,12.3000,8313300
20131120,12.9800,13.0400,12.5200,12.6700,4530900
20131121,13.2500,13.2600,12.7000,12.9000,5777200
20131122,13.1000,13.3700,12.7300,13.2500,4369800
20131125,12.7000,13.0500,12.6500,12.9200,3396700
20131126,12.7900,12.9800,12.6700,12.7900,2913800
20131127,13.0500,13.1200,12.5900,12.7000,4230800
20131128,13.5200,13.8500,12.9300,13.0500,8760100
20131129,13.3500,13.5400,13.2100,13.5200,5750800
20131202,12.4100,13.1600,12.2200,12.8800,5594100
20131203,12.6900,12.7500,12.1600,12.3900,2181300
20131204,12.8000,12.9600,12.5700,12.5700,2362400
20131205,12.7200,12.8300,12.6200,12.7000,1785100
20131206,12.7500,13.0600,12.6100,12.6100,2172600
20131209,12.7000,12.7800,12.5700,12.6600,1603800
20131210,12.4600,12.7500,12.3500,12.6300,2094900
20131211,12.4200,12.6500,12.3200,12.5700,1659400
20131212,12.3800,12.5300,12.3000,12.3900,1170800
20131213,12.5200,12.5600,12.3100,12.3800,1091200
20131216,12.5000,12.7500,12.4000,12.7500,1221200
20131217,12.2200,12.5200,12.1200,12.4700,1217600
20131218,12.0000,12.3500,11.9100,12.2900,1023000
20131219,11.9900,12.1500,11.9500,12.0300,734300
20131220,11.5200,12.0700,11.5000,11.9900,957700
20131223,11.5300,11.6500,11.3200,11.5200,661200
20131224,11.7200,11.8000,11.5000,11.5300,734300
20131225,11.7700,11.9500,11.6000,11.9500,543500
20131226,11.3300,11.7700,11.2700,11.7700,1243000
20131227,11.5300,11.5500,11.2700,11.2700,1126300
20131230,11.8700,11.9800,11.5000,11.6800,1279700
20131231,11.7900,11.8700,11.6000,11.7400,872000
20140101,11.7900,11.7900,11.7900,11.7900,0
20140102,11.9400,11.9800,11.7200,11.7900,904800
20140103,11.7200,11.9700,11.6600,11.8900,753000
20140106,11.3400,11.6800,11.3200,11.6600,738400
20140107,11.3700,11.4900,11.1800,11.2000,944100
20140108,11.2900,11.4400,11.2400,11.4000,672400
20140109,11.5900,12.4200,11.1600,11.2300,2461700
20140110,12.0000,12.1100,11.4000,11.4000,3445200
20140113,11.7900,12.0700,11.6700,12.0000,1648100
20140114,11.8200,11.8200,11.4500,11.7600,1701600
20140115,11.9500,12.0700,11.7300,11.7800,1616600
20140116,11.8100,12.0100,11.7600,11.9200,1398400
20140117,11.3500,11.7700,11.3200,11.7700,1209300
20140120,11.4000,11.5400,11.2500,11.3500,763800
20140121,11.6100,11.6100,11.4000,11.4000,860000
20140122,12.0800,12.1600,11.6000,11.6000,2705400
20140123,12.0900,12.1800,11.9400,12.1800,2941600
20140124,12.3900,12.5700,11.9200,12.0000,3114500
20140127,12.2000,12.5500,12.1600,12.2100,2188200
20140128,12.0600,12.3800,11.8900,12.2000,1664200
20140129,12.2100,12.2200,11.9900,12.0300,1273300
20140130,12.3000,12.3400,12.0600,12.1000,1533000
20140131,12.3000,12.3000,12.3000,12.3000,0
20140203,12.3000,12.3000,12.3000,12.3000,0
20140205,12.3000,12.3000,12.3000,12.3000,0
20140206,12.3000,12.3000,12.3000,12.3000,0
20140207,12.4600,12.4700,12.0500,12.2500,2080200
20140210,12.7000,12.7800,12.5300,12.5300,2897400
20140211,12.7700,13.1700,12.6600,12.7200,3808500
20140212,13.0500,13.0900,12.6000,12.7900,3413700
20140213,12.5700,13.0400,12.5300,13.0400,2910800
20140214,13.5600,13.5900,12.6600,12.6600,7079100
20140217,13.5300,13.5900,13.2500,13.5000,4962600
20140218,13.2800,13.5000,13.2100,13.4600,3455800
20140219,13.4000,13.9800,13.2600,13.4500,5333700
20140220,12.9100,13.4000,12.8100,13.2700,3567500
20140221,12.9600,13.0300,12.7700,12.9100,1754500
20140224,12.9700,12.9800,12.6500,12.9600,1746900
20140225,12.7400,13.2900,12.6600,12.9100,3240500
