20130226,8.7100,8.8600,8.7000,8.7700,3147000
20130227,8.7600,8.8300,8.6800,8.7600,2304300
20130228,8.9100,8.9400,8.7800,8.8300,3486900
20130301,8.8800,8.9500,8.8000,8.9000,2948600
20130304,8.4300,8.7500,8.3000,8.7500,4908300
20130305,8.4600,8.5000,8.3500,8.4500,6534600
20130306,8.7000,8.7400,8.3800,8.5000,5222500
20130307,8.5400,8.6700,8.4500,8.6500,2804500
20130308,8.5200,8.6000,8.4300,8.5600,1919500
20130311,8.5500,8.5500,8.4100,8.5200,1751400
20130312,8.3900,8.6900,8.3200,8.5500,2746000
20130313,8.2600,8.3900,8.1100,8.3600,2034600
20130314,8.2600,8.3000,8.1800,8.2500,1950700
20130315,8.2100,8.3800,8.1500,8.2300,3916300
20130318,7.9800,8.2100,7.9500,8.1800,3499400
20130319,8.1200,8.1800,8.0000,8.0000,2954400
20130320,8.3600,8.3700,8.1200,8.1600,3555000
20130321,8.5900,8.6800,8.4400,8.4500,8058600
20130322,8.6100,8.6300,8.5500,8.5500,2864300
20130325,8.4800,8.6100,8.4200,8.5900,3374800
20130326,8.6100,8.6500,8.3500,8.4500,4448200
20130327,8.6400,8.7000,8.5200,8.5900,3984100
20130328,8.3300,8.6000,8.3000,8.6000,2419300
20130329,8.2900,8.4000,8.2700,8.3100,1668700
20130401,8.4100,8.5100,8.3000,8.3000,3214300
20130402,8.4100,8.4800,8.3000,8.3700,3351000
20130403,8.4400,8.5300,8.4000,8.4000,2454200
20130404,8.4400,8.4400,8.4400,8.4400,0
20130405,8.4400,8.4400,8.4400,8.4400,0
20130408,8.1800,8.3400,8.0300,8.3400,3850400
20130409,8.2100,8.2800,8.1100,8.1800,2271500
20130410,8.1900,8.2600,8.1100,8.2100,2148000
20130411,8.2600,8.3200,8.1900,8.2300,3093500
20130412,8.2100,8.3200,8.1000,8.2600,1811500
20130415,8.3100,8.3400,8.1300,8.1300,2781100
20130416,8.3800,8.3800,8.2200,8.2900,1821100
20130417,8.3700,8.4000,8.2900,8.3700,1382700
20130418,8.4200,8.4600,8.3000,8.3300,1805900
20130419,8.6500,8.7000,8.4200,8.4200,4515300
20130422,8.6800,8.7800,8.5800,8.5800,3244000
20130423,8.6200,8.7600,8.5700,8.6600,4411600
20130424,8.7300,8.7500,8.5000,8.6800,2278100
20130425,8.4500,8.7000,8.4300,8.6300,3764000
20130426,8.5200,8.6200,8.4500,8.4600,2109900
20130429,8.5200,8.5200,8.5200,8.5200,0
20130430,8.5200,8.5200,8.5200,8.5200,0
20130501,8.5200,8.5200,8.5200,8.5200,0
20130502,8.7400,8.7900,8.3600,8.4800,3725500
20130503,8.8900,8.9000,8.6600,8.7300,4474000
20130506,8.8600,8.9400,8.8000,8.9000,2481300
20130507,8.8000,8.9000,8.7600,8.8600,1797400
20130508,8.9100,9.0200,8.8300,8.8300,2929600
20130509,8.7500,8.9200,8.5800,8.9200,3670300
20130510,8.7100,8.8500,8.6000,8.7000,4774200
20130513,8.6800,8.7500,8.6500,8.7100,2981300
20130514,8.6300,8.6800,8.5500,8.6800,1849200
20130515,8.6000,8.7300,8.5800,8.6800,3650400
20130516,8.7900,8.8000,8.5500,8.6400,3139100
20130517,8.9000,8.9500,8.7400,8.7500,5193500
20130520,8.9400,9.0200,8.8700,8.9800,3772400
20130521,8.9500,9.0000,8.8500,8.9500,3166300
20130522,8.8700,9.0300,8.8200,8.9600,4167400
20130523,8.7900,8.9200,8.7600,8.8300,3990800
20130524,8.7500,8.8400,8.6700,8.8300,3289300
20130527,8.8800,8.9200,8.7200,8.7500,3538300
20130528,9.0500,9.2500,8.9700,9.1500,12312100
20130529,9.0900,9.1600,8.9700,8.9700,6805300
20130530,9.9200,9.9900,8.9700,9.0700,18463000
20130531,9.5000,9.7700,9.5000,9.7500,13890600
20130603,9.4700,9.6000,9.3800,9.5000,6752500
20130604,9.2200,9.4700,9.1600,9.4700,6772200
20130605,9.2300,9.3000,9.1400,9.2500,3683200
20130606,9.1000,9.2900,9.0900,9.2000,3154600
20130607,9.0200,9.1900,8.9500,9.1100,3025800
20130610,9.0200,9.0200,9.0200,9.0200,0
20130611,9.0200,9.0200,9.0200,9.0200,0
20130612,9.0200,9.0200,9.0200,9.0200,0
20130613,8.8900,9.0000,8.6800,9.0000,3385000
20130614,9.0400,9.0600,8.8700,8.8700,3705800
20130617,9.2000,9.2500,9.0200,9.0400,5368800
20130618,9.2300,9.3500,9.1600,9.1600,5111500
20130619,8.7800,9.0200,8.6700,9.0200,3879500
20130620,8.4900,8.7700,8.3500,8.7700,2195300
20130621,8.4900,8.5000,8.3000,8.4000,1333600
20130624,7.9900,8.4500,7.9200,8.4500,2129200
20130625,7.8700,8.0700,7.3500,8.0000,4882100
20130626,7.8700,8.0300,7.7400,8.0200,3042300
20130627,7.7900,8.0200,7.5000,7.7900,2741000
20130628,7.7600,7.8900,7.4500,7.6700,2297800
20130701,7.9000,7.9500,7.4800,7.7600,1759300
20130702,7.8300,7.9000,7.7500,7.8500,2449800
20130703,7.6700,7.7900,7.5800,7.7700,2187500
20130704,7.8100,7.9000,7.6300,7.7000,3408100
20130705,7.8100,7.9500,7.7600,7.8300,2319400
20130708,7.6600,7.8000,7.5800,7.6200,2565100
20130709,7.5900,7.6900,7.5600,7.6500,1322300
20130710,7.8200,7.9000,7.5700,7.5800,1943700
20130711,8.1500,8.2600,7.8000,7.8200,4146400
20130712,7.9700,8.2000,7.9000,8.1400,2636600
20130715,8.1000,8.1500,7.9500,7.9600,1964000
20130716,8.1500,8.1900,7.9700,8.1000,2096600
20130717,8.0200,8.1600,8.0100,8.1300,1866800
20130718,7.9300,8.0500,7.8600,8.0500,1742300
20130719,7.8100,8.0100,7.8000,7.9500,1410700
20130722,7.7800,7.8300,7.6500,7.8100,1681000
20130723,8.0200,8.0400,7.7800,7.7800,2348200
20130724,7.9000,8.0000,7.8200,7.9900,2862600
20130725,7.7800,7.9800,7.7700,7.9100,1381600
20130726,7.8000,7.8600,7.7100,7.7500,1049900
20130729,7.6500,7.8000,7.6400,7.8000,1381400
20130730,7.6800,7.7400,7.5800,7.6500,1033000
20130731,7.7400,7.8100,7.6900,7.6900,1922900
20130801,8.1100,8.2300,7.8500,7.8800,5810000
20130802,8.0400,8.1100,8.0200,8.1000,2126300
20130805,8.1800,8.1900,8.0000,8.0200,2287100
20130806,8.2200,8.2800,8.1100,8.1700,2205900
20130807,8.0800,8.2400,8.0700,8.2200,2100500
20130808,8.1800,8.2600,8.0800,8.0800,2219100
20130809,8.2500,8.2700,8.1300,8.1800,2696400
20130812,9.0400,9.0600,8.5500,8.6800,18897600
20130813,9.0100,9.0300,8.8700,9.0300,7380800
20130814,8.9100,9.1600,8.8300,8.9200,6835500
20130815,8.8300,8.9900,8.8000,8.8500,5519500
20130816,8.6700,8.9500,8.5900,8.7700,7478400
20130819,8.8000,8.8700,8.5400,8.5600,2860300
20130820,8.8200,9.0200,8.7200,8.7800,3971300
20130821,8.7800,8.8800,8.7100,8.8200,2185400
20130822,8.8900,8.9700,8.7500,8.7600,3573000
20130823,8.7700,8.9600,8.6300,8.9000,2895100
20130826,8.9800,9.0000,8.7500,8.7900,4280000
20130827,9.0300,9.0400,8.9000,8.9900,3400800
20130828,8.9000,8.9800,8.8000,8.9800,3819300
20130829,8.8400,8.9600,8.8200,8.8900,2586100
20130830,8.9500,9.1200,8.8400,8.8400,4568000
20130902,9.2600,9.4200,8.9800,8.9800,7405500
20130903,9.2400,9.3800,9.1000,9.2300,5056900
20130904,9.2200,9.3800,9.1300,9.2900,3861900
20130905,9.2800,9.4700,9.1700,9.2000,5169600
20130906,9.2700,9.3600,9.1800,9.2800,2860600
20130909,9.3600,9.4100,9.2200,9.2700,4307600
20130910,9.5100,9.5400,9.3700,9.3900,5453300
20130911,9.3900,9.6600,9.3600,9.5900,7177000
20130912,9.2300,9.4500,9.1900,9.4500,6342300
20130913,9.2000,9.2800,9.1200,9.2300,3276100
20130916,9.1600,9.2500,9.1300,9.1700,3397500
20130917,9.0400,9.2400,9.0000,9.2100,3856500
20130918,9.0500,9.0700,8.9200,8.9200,2717200
20130920,9.0500,9.0500,9.0500,9.0500,0
20130923,9.1400,9.2000,9.0400,9.0900,3912900
20130924,8.8300,9.1200,8.8000,9.1200,6354800
20130925,8.9000,8.9300,8.7400,8.8400,4674000
20130926,8.6500,8.8900,8.6300,8.8900,3465400
20130927,8.6600,8.7600,8.6100,8.6500,1800300
20130930,8.8900,8.9100,8.6600,8.7000,2185000
20131001,8.8900,8.8900,8.8900,8.8900,0
20131002,8.8900,8.8900,8.8900,8.8900,0
20131003,8.8900,8.8900,8.8900,8.8900,0
20131004,8.8900,8.8900,8.8900,8.8900,0
20131007,8.8900,8.8900,8.8900,8.8900,0
20131008,8.9900,9.0200,8.8000,8.8600,2602400
20131009,9.1200,9.1300,8.9100,8.9600,6069400
20131010,8.9500,9.1600,8.9100,9.1300,4837300
20131011,9.2100,9.2600,8.9900,8.9900,4727700
20131014,9.1200,9.2800,9.0700,9.2200,5300100
20131015,9.1800,9.2200,9.0800,9.1300,6013500
20131016,9.2500,9.6100,9.1300,9.1900,16258000
20131017,9.5700,9.6700,9.3200,9.3300,11612900
20131018,9.3600,9.6500,9.2900,9.6300,6644100
20131021,9.6900,9.7500,9.3200,9.3200,9477400
20131022,9.9400,10.0700,9.6300,9.8200,15743500
20131023,9.5700,10.0100,9.5200,9.9800,9793800
20131024,10.2200,10.5300,9.7200,9.7900,29280500
20131025,11.2400,11.2400,10.2500,10.3500,49123800
20131028,11.4000,11.4400,10.9500,11.2700,27898800
20131029,10.9100,11.3100,10.4200,11.2100,22585100
20131030,11.0300,11.0900,10.5900,10.8000,17587500
20131031,10.4900,10.9600,10.4400,10.8500,11556800
20131101,10.6200,10.8600,10.3600,10.4600,11351200
20131104,10.3000,10.8200,10.2400,10.6700,10848100
20131105,10.5400,10.5600,10.1200,10.3500,8031000
20131106,10.3500,10.6900,10.2800,10.4800,8948400
20131107,10.4500,10.5900,10.1900,10.2500,6283300
20131108,10.1100,10.4000,9.9500,10.3800,8629000
20131111,10.0600,10.1400,9.8800,10.1100,5487300
20131112,10.2300,10.2600,10.0300,10.0500,6188100
20131113,9.9200,10.1900,9.8800,10.1400,4812100
20131114,10.3600,10.4000,9.8200,9.9000,10813500
20131115,10.5700,10.7700,10.2800,10.3300,12113800
20131118,11.0000,11.4200,10.4800,10.4800,15830300
20131119,11.1500,11.3200,10.8400,11.0000,9640800
20131120,11.1500,11.1900,10.9300,11.1300,5728900
20131121,11.1800,11.4600,10.9800,11.1000,7666600
20131122,10.7600,11.2400,10.7200,11.2000,10346200
20131125,10.7700,11.1300,10.6400,10.7600,5939700
20131126,11.6300,11.6500,10.7200,10.7800,13885300
20131127,11.8900,12.1000,11.5300,11.6000,15361200
20131128,11.9100,12.0800,11.7200,12.0000,5924900
20131129,11.7600,12.2800,11.6000,11.9100,9486700
20131202,11.3000,11.8500,11.1600,11.7500,12985700
20131203,12.4300,12.4300,11.1600,11.2300,18286300
20131204,12.8600,13.2500,12.4600,12.5800,25498200
20131205,13.2200,13.4500,12.6900,12.8000,14807500
20131206,12.8200,13.7600,12.5500,13.2500,17918900
20131209,13.0100,13.1000,12.6200,12.8000,10145600
20131210,13.9100,14.3100,12.8200,12.8900,16152600
20131211,13.5600,13.8800,13.3000,13.8800,14155600
20131212,13.5800,13.7200,13.3100,13.5000,6132500
20131213,13.3600,14.2500,13.2300,13.5700,12569600
20131216,12.9700,13.3100,12.9000,13.2500,10354500
20131217,12.5500,12.8900,12.3700,12.8000,11170700
20131218,12.5800,12.8600,12.3500,12.4700,7978200
20131219,12.6900,13.2300,12.5800,12.5800,8009500
20131220,12.6100,12.8800,12.5000,12.7000,5618200
20131223,12.6800,12.8400,12.1000,12.5800,7347500
20131224,12.4600,12.9100,12.2300,12.7000,6185800
20131225,12.0600,12.5300,11.8000,12.3600,14489800
20131226,11.9400,12.1600,11.6800,12.1200,7921700
20131227,12.1000,12.2200,11.8600,11.9500,9611100
20131230,11.9800,12.2800,11.8900,12.1400,8053000
20131231,12.0900,12.2100,11.9400,12.0000,4940200
20140101,12.0900,12.0900,12.0900,12.0900,0
20140102,12.1800,12.2300,11.8000,12.0300,6822300
20140103,11.9500,12.1700,11.8500,12.0800,8127800
20140106,11.6900,11.8400,11.3600,11.7900,7557500
20140107,12.0000,12.1200,11.3700,11.7000,8271700
20140108,11.7700,12.1800,11.7500,11.9800,10808600
20140109,11.1700,11.7600,11.1500,11.7500,9195800
20140110,10.9600,11.1700,10.7000,11.1700,6699200
20140113,10.9400,11.0600,10.7800,11.0000,4307700
20140114,11.2700,11.3000,10.8800,10.9200,4858100
20140115,11.4500,11.4800,11.1500,11.2500,8459700
20140116,11.2900,11.6000,11.2800,11.4600,5872500
20140117,11.1100,11.4000,11.0300,11.2900,5855900
20140120,10.9400,11.1700,10.7800,11.1000,3360100
20140121,11.2100,11.2300,10.9400,11.0000,5910800
20140122,11.5600,11.6100,11.2100,11.2100,11661100
20140123,11.3600,11.5100,11.3200,11.5100,8128300
20140124,11.4100,11.5700,11.1300,11.3700,13838200
20140127,11.2000,11.4100,11.1000,11.2000,6071900
20140128,11.6000,11.6800,11.1700,11.3000,10970300
20140129,11.6400,11.7900,11.5500,11.6000,8329600
20140130,11.5700,11.7000,11.5000,11.6400,3163300
20140131,11.5700,11.5700,11.5700,11.5700,0
20140203,11.5700,11.5700,11.5700,11.5700,0
20140205,11.5700,11.5700,11.5700,11.5700,0
20140206,11.5700,11.5700,11.5700,11.5700,0
20140207,11.5500,11.6100,11.2000,11.4400,4503200
20140210,12.3300,12.3500,11.4600,11.5000,11843200
20140211,12.5500,12.8300,12.0800,12.3300,12781200
20140212,12.6100,12.6700,12.3000,12.6200,5225000
20140213,12.3800,12.7300,12.3300,12.6600,5398800
20140214,12.4100,12.4500,12.1200,12.3100,6097500
20140217,12.3000,12.4800,12.1800,12.4100,10818100
20140218,12.0500,12.3500,12.0000,12.3000,8274200
20140219,12.4800,12.5000,12.0500,12.0500,9663800
20140220,13.0300,13.7000,12.7600,12.9900,24872300
20140221,12.7200,13.1900,12.5500,12.8600,11117900
20140224,12.2600,12.7200,12.1000,12.7200,8410100
20140225,11.8500,12.4400,11.7200,12.3400,9032500
