20130226,15.7800,16.3300,15.6700,16.3300,362500
20130227,15.8400,15.9700,15.4700,15.7000,520200
20130228,15.8500,15.9300,15.5400,15.6700,265800
20130301,15.9000,15.9200,15.6600,15.6600,193400
20130304,15.8300,15.9000,15.5500,15.7800,436600
20130305,16.0800,16.1000,15.6200,15.8000,509000
20130306,16.1000,16.1800,15.9100,16.0800,429200
20130307,15.8200,16.1500,15.7900,16.1000,432800
20130308,16.3000,16.3000,15.6000,15.6000,2129000
20130311,16.3900,16.6100,16.1700,16.2400,2003900
20130312,16.1500,16.3900,15.6100,16.3900,2631900
20130313,15.7600,15.9500,15.3400,15.9100,1034900
20130314,15.6600,15.8500,15.3900,15.6900,797900
20130315,15.6900,15.7900,15.4600,15.4600,72100
20130318,15.4600,15.7000,15.4100,15.5000,199700
20130319,15.9100,16.0000,15.0100,15.5600,1996900
20130320,16.0500,16.2500,15.7300,15.7400,1358800
20130321,15.9000,16.2500,15.8000,15.9500,1713300
20130322,15.5700,15.9900,15.5000,15.9000,404700
20130325,15.4600,15.7800,15.3600,15.7000,203000
20130326,15.4000,15.4900,15.2500,15.2600,332400
20130327,15.2800,15.4300,15.2200,15.4300,148700
20130328,14.6300,15.1500,14.3500,15.1500,233900
20130329,14.8400,15.0200,14.5000,14.6300,249000
20130401,15.0600,15.1000,14.6200,14.8100,156200
20130402,15.0500,15.1500,14.7800,15.0600,186600
20130403,15.0700,15.4200,14.9500,15.4200,163300
20130404,15.0700,15.0700,15.0700,15.0700,0
20130405,15.0700,15.0700,15.0700,15.0700,0
20130408,14.8900,15.0000,14.5100,15.0000,132800
20130409,14.8000,14.9800,14.7700,14.9700,73500
20130410,14.7600,14.8600,14.6300,14.8500,64300
20130411,14.6900,14.7600,14.5100,14.6200,143400
20130412,14.5900,14.6600,14.3700,14.5600,117400
20130415,14.5300,14.5900,14.3000,14.5800,64100
20130416,14.7500,14.7500,14.4400,14.4800,67600
20130417,14.6900,14.8200,14.6300,14.7400,51800
20130418,14.7000,14.7200,14.5400,14.6300,46100
20130419,14.8200,14.8600,14.5200,14.5400,122000
20130422,14.8600,14.9000,14.6800,14.8000,108000
20130423,14.5100,14.7700,14.4800,14.7600,156300
20130424,14.6600,14.7600,14.5500,14.5500,82900
20130425,14.8500,14.8700,14.2200,14.5300,303800
20130426,15.3500,15.3700,14.7200,14.8200,863900
20130429,15.3500,15.3500,15.3500,15.3500,0
20130430,15.3500,15.3500,15.3500,15.3500,0
20130501,15.3500,15.3500,15.3500,15.3500,0
20130502,15.5800,15.7700,15.2500,15.3400,1273900
20130503,15.6200,16.0000,15.4800,15.7000,454900
20130506,15.6000,15.7600,15.4500,15.4500,289300
20130507,15.4800,15.8500,15.4000,15.4900,807700
20130508,15.2200,15.6700,14.8400,15.6400,799800
20130509,15.2300,15.3100,14.9800,15.1800,231800
20130510,15.2300,15.4000,15.1200,15.2000,212200
20130513,15.1900,15.3700,15.1000,15.3600,275400
20130514,15.3600,15.3700,15.0800,15.1600,277800
20130515,16.0600,16.3000,15.3300,15.3500,1323300
20130516,16.0900,16.2400,15.7600,16.0100,565600
20130517,16.0200,16.1000,15.8500,16.0600,475500
20130520,16.2900,16.4600,16.0000,16.0300,708300
20130521,16.7800,17.0700,16.2000,16.3800,931600
20130522,16.7800,17.1500,16.5500,16.5500,569100
20130523,16.2300,16.9000,16.1900,16.6700,592900
20130524,16.7000,16.8100,16.1900,16.2500,461200
20130527,17.4800,17.7000,16.6700,16.6700,898300
20130528,17.2500,17.8000,17.1300,17.4200,545300
20130529,17.3000,17.5400,17.1600,17.2000,379700
20130530,17.1000,17.4700,17.0600,17.4700,331400
20130531,17.6000,17.6900,17.0600,17.2200,1169000
20130603,17.1700,17.6800,17.1200,17.6700,1004600
20130604,16.5300,17.3500,16.1000,17.0400,696800
20130605,16.4500,16.6300,16.1500,16.4100,374200
20130606,16.5800,16.6700,16.2800,16.4500,344400
20130607,16.0500,16.7800,15.0000,16.7700,347100
20130610,16.0500,16.0500,16.0500,16.0500,0
20130611,16.0500,16.0500,16.0500,16.0500,0
20130612,16.0500,16.0500,16.0500,16.0500,0
20130613,16.2500,16.2900,15.3400,15.9400,576000
20130614,16.6300,16.7300,16.0600,16.0600,512100
20130617,16.8700,16.9000,16.4600,16.6900,362600
20130618,16.8500,16.9500,16.6700,16.8100,691200
20130619,16.9100,17.2900,16.5100,16.8000,466700
20130620,16.5300,17.1500,16.3600,17.0100,314400
20130621,16.8300,17.4100,16.0000,16.0900,1284300
20130624,15.9900,17.3100,15.8200,16.9000,3014200
20130625,14.8600,15.8000,14.3900,15.5800,771800
20130626,14.9100,14.9500,14.5200,14.9000,551500
20130627,14.8300,15.4000,14.6600,14.9000,387000
20130628,14.6000,14.9500,14.3500,14.8000,340700
20130701,14.6900,14.7300,14.3500,14.7200,279800
20130702,14.5800,14.6900,14.3700,14.6200,315200
20130703,14.4200,14.5700,14.0600,14.4300,286600
20130704,14.7700,15.1500,14.1300,14.3000,404000
20130705,14.7200,14.8600,14.6100,14.7600,194600
20130708,14.3000,14.8900,14.0600,14.8900,231800
20130709,14.2800,14.4700,14.0000,14.2000,211600
20130710,14.6500,14.6900,13.9200,14.3700,628400
20130711,14.8400,14.9900,14.3500,14.6000,570500
20130712,14.7700,14.9100,14.6200,14.8400,203500
20130715,14.8800,15.0000,14.6100,14.7400,491400
20130716,14.8800,14.8900,14.5200,14.7500,257300
20130717,14.6200,14.8800,14.5500,14.8000,191700
20130718,14.4300,14.6600,14.3300,14.6600,288700
20130719,15.5500,15.8300,14.4600,14.4600,1998400
20130722,16.1900,16.9800,15.1100,15.5900,2938700
20130723,16.0600,16.3000,15.5300,16.1900,781200
20130724,16.3400,16.6200,15.6300,15.9900,1251600
20130725,16.5500,16.7000,15.6200,16.0800,1566900
20130726,16.2000,16.4700,15.8500,16.1300,474700
20130729,15.7100,16.1400,15.5000,15.9000,533900
20130730,15.7400,15.8400,15.4200,15.7100,210700
20130731,15.3300,15.8200,15.2500,15.6400,344800
20130801,15.6400,15.7100,15.2100,15.4200,222200
20130802,15.4500,15.8900,15.4200,15.6400,295000
20130805,15.7200,15.7300,15.3000,15.4600,357400
20130806,15.8100,15.8200,15.4500,15.6600,591000
20130807,16.1900,16.2000,15.5500,15.7700,2154600
20130808,16.0000,16.4800,15.8600,16.0600,2026700
20130809,15.7000,16.1100,15.4700,15.9900,717800
20130812,15.9000,16.1000,15.5200,15.7200,399900
20130813,15.9000,15.9900,15.8100,15.9800,237600
20130814,16.0000,16.2000,15.7900,15.9000,475200
20130815,16.3300,16.4000,15.5000,15.9200,580900
20130816,15.6800,16.2800,15.5000,16.0100,483300
20130819,15.6600,15.7500,15.3200,15.5000,236400
20130820,15.7700,15.8800,15.5100,15.8000,324200
20130821,15.9000,15.9500,15.5100,15.7000,757500
20130822,15.9200,16.1100,15.8000,15.8700,1112000
20130823,15.7600,15.9200,15.5600,15.9000,283700
20130826,15.7700,15.8400,15.5800,15.7600,241800
20130827,16.3600,16.4700,15.8000,15.8100,933200
20130828,16.4000,16.4200,16.0200,16.3200,684300
20130829,16.8900,17.5000,16.3900,16.3900,936600
20130830,16.2400,16.8900,16.0200,16.6600,770500
20130902,16.1100,16.3600,15.9500,16.0000,359600
20130903,16.2000,16.4000,15.8600,16.1000,449200
20130904,16.1800,16.2900,16.0000,16.2000,242300
20130905,16.1400,16.2100,16.0100,16.0800,284100
20130906,15.9500,16.1800,15.8500,16.1800,443300
20130909,15.8700,16.0600,15.8000,16.0600,416000
20130910,15.9500,15.9900,15.7500,15.8300,224200
20130911,16.1200,16.1600,15.7900,15.7900,351700
20130912,15.8700,16.0700,15.8300,16.0700,290300
20130913,16.1300,16.1500,15.7300,15.7300,274900
20130916,16.0100,16.2500,16.0000,16.0500,166600
20130917,15.8100,16.1600,15.8000,16.0500,324600
20130918,16.1300,16.5000,15.7300,15.8100,740100
20130920,16.1300,16.1300,16.1300,16.1300,0
20130923,15.9800,16.1400,15.8200,16.1300,374500
20130924,16.6700,16.8900,15.8000,15.9300,2236200
20130925,16.1800,16.6400,16.1800,16.5400,616200
20130926,16.0900,16.3400,15.9000,16.1200,405800
20130927,16.1100,16.2500,15.8800,16.0000,202700
20130930,16.5300,16.6900,16.0300,16.0300,1795300
20131001,16.5300,16.5300,16.5300,16.5300,0
20131002,16.5300,16.5300,16.5300,16.5300,0
20131003,16.5300,16.5300,16.5300,16.5300,0
20131004,16.5300,16.5300,16.5300,16.5300,0
20131007,16.5300,16.5300,16.5300,16.5300,0
20131008,16.8000,16.9500,16.2700,16.4000,1324400
20131009,16.6500,16.9600,16.5200,16.7100,849700
20131010,16.5000,16.7000,16.4900,16.5300,348500
20131011,16.5800,16.6900,16.5000,16.5500,323300
20131014,16.3200,16.6100,16.2300,16.5800,690900
20131015,16.3400,16.5200,16.2200,16.3700,295000
20131016,15.7600,16.4100,15.7600,16.2400,401000
20131017,15.8400,15.8800,15.6700,15.6700,551800
20131018,15.5500,15.8600,15.5300,15.8400,254100
20131021,15.7200,15.7900,15.4400,15.6700,267900
20131022,15.7100,15.8200,15.6100,15.7800,250100
20131023,15.1700,15.7500,15.0100,15.4600,463000
20131024,15.0300,15.1900,14.8600,15.1700,309100
20131025,14.8000,15.1900,14.8000,15.1400,319200
20131028,14.7900,14.9700,14.6900,14.9700,230300
20131029,14.4200,14.9200,14.2000,14.6000,317300
20131030,14.8000,14.8100,14.2000,14.5500,324000
20131031,14.7900,14.8000,14.5600,14.7000,294100
20131101,14.7500,14.8700,14.6000,14.8700,165400
20131104,15.1100,15.1200,14.6500,14.8500,174700
20131105,15.3400,15.3700,13.6000,15.0200,346600
20131106,15.2300,15.3600,15.1000,15.3400,217600
20131107,15.1500,15.3500,14.8100,15.0100,161400
20131108,15.1300,15.1500,14.7200,14.9400,140700
20131111,15.2500,15.3100,14.9200,15.2100,138200
20131112,15.1900,15.3800,15.1300,15.3800,87500
20131113,15.1000,15.1900,14.9000,15.1000,175100
20131114,15.1800,15.1900,14.9400,14.9400,149000
20131115,15.3200,15.4700,15.0600,15.0700,96700
20131118,15.4400,15.5900,15.1900,15.3200,349800
20131119,15.7300,15.8500,15.4400,15.4400,809800
20131120,15.9300,16.3000,15.7000,15.7700,1271600
20131121,16.2400,16.4200,15.5700,15.8800,1495300
20131122,16.3000,16.7000,16.0000,16.2000,732500
20131125,16.3000,16.5000,16.1600,16.2700,269800
20131126,15.9700,16.2900,15.8000,16.2900,442700
20131127,16.3900,16.4600,15.8300,15.8300,850500
20131128,16.5500,16.7700,16.2100,16.3300,1019600
20131129,16.4700,16.6500,16.3600,16.5000,234500
20131202,16.0200,16.3100,15.8300,16.0100,528600
20131203,16.3100,16.3500,15.8000,16.0200,373000
20131204,16.3800,16.4000,16.1100,16.1500,285300
20131205,16.0500,16.4000,16.0000,16.3800,237000
20131206,16.0600,16.1300,16.0100,16.1300,110300
20131209,16.0700,16.2200,16.0200,16.2200,108500
20131210,16.0500,16.1400,15.9500,16.0800,125600
20131211,16.0800,16.1500,16.0000,16.0000,212400
20131212,16.8000,17.1800,16.0300,16.0300,2383600
20131213,16.4100,16.7800,16.3100,16.6600,680000
20131216,16.3500,16.5300,16.0500,16.3900,352900
20131217,16.1400,16.4400,16.0600,16.2400,273300
20131218,15.5200,16.0900,15.4100,16.0400,619500
20131219,15.3900,15.5500,15.0500,15.4400,378600
20131220,15.4200,15.4600,15.1100,15.2800,147300
20131223,15.2800,15.4000,14.8000,14.8000,155200
20131224,15.6300,15.7900,15.1700,15.3200,347800
20131225,15.8100,15.9500,15.5000,15.5000,477200
20131226,15.8500,15.8800,15.6100,15.7300,133800
20131227,15.7900,15.8400,15.6700,15.8400,109200
20131230,15.7500,15.8900,15.5200,15.8900,136200
20131231,16.0400,16.1700,15.5300,15.5300,402800
20140101,16.0400,16.0400,16.0400,16.0400,0
20140102,15.9700,16.0800,15.8700,16.0200,101700
20140103,15.6000,15.8300,15.5100,15.8300,210500
20140106,15.2800,15.7400,15.1600,15.7400,112800
20140107,15.2900,15.3400,15.0000,15.3400,87700
20140108,15.2900,15.4300,15.1800,15.4000,39000
20140109,15.2800,15.6700,15.0600,15.4000,163500
20140110,14.8700,15.3400,14.7000,15.1200,148600
20140113,14.9900,15.2300,14.6000,14.9100,133900
20140114,15.2800,15.3500,14.8900,15.3000,121400
20140115,15.1900,15.3300,15.0900,15.3300,74700
20140116,15.1800,15.2000,15.0200,15.1900,78000
20140117,14.9300,15.1200,14.8900,15.1200,74600
20140120,14.8600,15.2000,14.7100,14.7100,40700
20140121,14.9500,15.0600,14.7500,14.7500,52000
20140122,15.1800,15.2800,14.7600,14.9300,214000
20140123,15.0100,15.2600,14.9100,15.1000,151500
20140124,15.2000,15.2600,14.9200,14.9200,145300
20140127,15.0100,15.1700,14.8700,15.1100,90400
20140128,15.0000,15.1500,14.9800,15.1100,94800
20140129,15.1200,15.1500,14.9000,15.0000,74600
20140130,15.4200,15.9500,15.1800,15.9500,229300
20140131,15.4200,15.4200,15.4200,15.4200,0
20140203,15.4200,15.4200,15.4200,15.4200,0
20140205,15.4200,15.4200,15.4200,15.4200,0
20140206,15.4200,15.4200,15.4200,15.4200,0
20140207,15.3100,15.3900,15.0400,15.0400,150700
20140210,15.6500,15.7400,15.2900,15.2900,271800
20140211,15.7700,16.3100,15.6500,15.6500,217600
20140212,15.8000,15.9600,15.7000,15.9600,183300
20140213,15.9900,16.1000,15.5600,15.8500,294600
20140214,16.0000,16.1400,15.9200,15.9800,219000
20140217,16.0800,16.1900,15.8700,15.8700,218200
20140218,17.6900,17.6900,16.1800,16.1800,1794700
20140219,17.9900,18.9800,17.6900,18.0000,3017200
20140220,17.6000,18.2800,17.1500,17.6600,1477600
20140221,17.4000,17.6000,17.1600,17.5500,624000
20140224,17.4000,17.4800,17.1700,17.1800,411200
20140225,16.5900,17.4100,16.0000,17.4000,691200
