20130226,10.0900,10.6800,10.0500,10.4700,10617900
20130227,9.7900,10.1900,9.2800,10.0000,14862200
20130228,9.7900,9.8200,9.5100,9.6100,8283700
20130301,9.8200,9.9200,9.6700,9.7400,4022100
20130304,9.4600,9.8200,9.3900,9.8200,6511600
20130305,9.6800,9.6900,9.3600,9.4600,3024700
20130306,9.7900,9.8500,9.6700,9.6700,5773600
20130307,9.8200,9.9900,9.7200,9.8500,6355000
20130308,9.4600,9.9500,9.3600,9.8200,7915600
20130311,9.1800,9.5500,9.0000,9.5000,10767600
20130312,8.8200,9.2600,8.5100,9.1600,8939800
20130313,8.6500,8.8600,8.5000,8.8600,5841300
20130314,8.7300,8.7600,8.5600,8.5600,4068400
20130315,8.5000,8.8300,8.4000,8.7200,7921700
20130318,8.4600,8.6100,8.4000,8.4600,5251800
20130319,8.6400,8.7500,8.3100,8.5000,5645000
20130320,8.6400,8.6400,8.6400,8.6400,0
20130321,8.6400,8.6400,8.6400,8.6400,0
20130322,8.6400,8.6400,8.6400,8.6400,0
20130325,8.6400,8.6400,8.6400,8.6400,0
20130326,8.6400,8.6400,8.6400,8.6400,0
20130327,8.6400,8.6400,8.6400,8.6400,0
20130328,8.6400,8.6400,8.6400,8.6400,0
20130329,8.6400,8.6400,8.6400,8.6400,0
20130401,9.0800,9.4200,8.9100,9.4200,15366700
20130402,9.0300,9.2400,8.9800,9.1000,11487100
20130403,9.0100,9.1600,8.8800,9.0600,5218000
20130404,9.0100,9.0100,9.0100,9.0100,0
20130405,9.0100,9.0100,9.0100,9.0100,0
20130408,8.7300,8.8800,8.6500,8.8800,6915600
20130409,8.7400,8.8600,8.7000,8.7300,4980200
20130410,8.8000,8.8200,8.6000,8.7400,5166700
20130411,8.7700,8.8800,8.7500,8.7800,4356200
20130412,8.8200,8.8700,8.7200,8.7800,2585600
20130415,8.6000,8.8200,8.4000,8.8200,5914700
20130416,8.7000,8.7300,8.4000,8.4500,5855100
20130417,8.6900,8.7300,8.6000,8.7000,2135000
20130418,8.6000,8.7100,8.5500,8.6300,3298700
20130419,8.8200,8.8500,8.6100,8.6100,10336300
20130422,8.7100,8.8400,8.5900,8.7300,7606500
20130423,8.4300,8.7100,8.3000,8.7100,5842500
20130424,8.4500,8.5900,8.3500,8.4000,6760500
20130425,8.2800,8.4400,8.2700,8.4000,8682000
20130426,8.0500,8.3600,7.9600,8.3100,4353000
20130429,8.0500,8.0500,8.0500,8.0500,0
20130430,8.0500,8.0500,8.0500,8.0500,0
20130501,8.0500,8.0500,8.0500,8.0500,0
20130502,7.8000,8.0800,7.7100,8.0500,5339800
20130503,7.9200,7.9500,7.8300,7.8900,6294900
20130506,8.2500,8.2700,7.9200,7.9500,7762900
20130507,8.2500,8.3100,8.1800,8.2600,4631400
20130508,8.2000,8.2900,8.1800,8.2600,4030000
20130509,8.4000,8.4400,8.1900,8.2500,5784400
20130510,8.4300,8.4400,8.3000,8.3500,3127400
20130513,8.4300,8.5300,8.3900,8.5000,4366500
20130514,8.2000,8.4300,8.1500,8.4200,4224200
20130515,8.2700,8.2900,8.1800,8.1800,2667000
20130516,8.6800,8.9000,8.1700,8.3000,11031600
20130517,8.8300,8.8500,8.5700,8.6800,10379900
20130520,8.9300,9.0700,8.7400,8.8100,13318000
20130521,8.8400,8.9500,8.7500,8.9500,8229500
20130522,9.0400,9.1200,8.8100,8.8800,10156400
20130523,9.1200,9.3800,9.0500,9.1000,13592500
20130524,9.0800,9.2600,8.9500,9.1300,8391100
20130527,9.2000,9.3000,9.1100,9.2000,7192000
20130528,9.1400,9.2200,8.9700,9.2000,8491800
20130529,9.0800,9.1700,9.0700,9.1400,5314700
20130530,9.0700,9.0800,9.0100,9.0600,4103500
20130531,9.1400,9.2200,9.0600,9.0800,6907500
20130603,9.0600,9.2300,9.0300,9.1500,5436600
20130604,8.8400,9.0900,8.7900,9.0600,5448600
20130605,9.2200,9.2600,8.7600,8.8400,9300000
20130606,9.0500,9.2900,9.0100,9.2900,5775100
20130607,8.9000,9.0900,8.8100,9.0500,3673000
20130610,8.9000,8.9000,8.9000,8.9000,0
20130611,8.9000,8.9000,8.9000,8.9000,0
20130612,8.9000,8.9000,8.9000,8.9000,0
20130613,8.5000,8.7900,8.4200,8.5800,5860600
20130614,8.5100,8.6400,8.4500,8.5500,3579000
20130617,8.4700,8.6400,8.4600,8.5000,4322800
20130618,8.6600,8.8200,8.4900,8.4900,5154800
20130619,8.5300,8.7300,8.3700,8.7000,4678700
20130620,8.2900,8.5900,8.2400,8.5400,3014800
20130621,8.2800,8.3700,8.1000,8.3500,2227000
20130624,7.8500,8.3700,7.7000,8.3300,4442600
20130625,8.0900,8.1400,7.4000,7.8100,5651000
20130626,8.0900,8.0900,8.0900,8.0900,0
20130627,8.0900,8.0900,8.0900,8.0900,0
20130628,7.8500,8.0700,7.5500,8.0000,1533600
20130701,7.4700,7.6900,7.2800,7.6800,7257900
20130702,7.3100,7.4700,7.1200,7.4700,9643600
20130703,7.2700,7.3200,7.1800,7.2200,5198800
20130704,7.4400,7.5400,7.2700,7.3100,6950900
20130705,7.4800,7.6300,7.4300,7.4400,3953800
20130708,7.1500,7.4000,7.1000,7.4000,3735900
20130709,7.1700,7.2300,7.0800,7.1600,2523600
20130710,7.3900,7.4200,7.1600,7.1900,3775900
20130711,7.5800,7.6600,7.3300,7.3600,6357700
20130712,7.4800,7.6400,7.4700,7.5800,3984500
20130715,7.6900,7.7300,7.4700,7.4800,4177800
20130716,7.6500,7.6600,7.5400,7.6000,2930300
20130717,7.4700,7.6700,7.4200,7.6500,2961800
20130718,7.2600,7.4600,7.1900,7.4600,4991700
20130719,7.1000,7.3000,7.1000,7.2900,3711000
20130722,7.1800,7.3000,7.0300,7.0900,3629500
20130723,7.3200,7.3400,7.1100,7.1600,6062500
20130724,7.2500,7.3000,7.1100,7.2600,4021100
20130725,7.1400,7.2400,7.1100,7.1600,2119300
20130726,7.0900,7.1600,7.0300,7.1300,2456700
20130729,6.8600,7.0400,6.8100,7.0400,3824900
20130730,6.7800,6.9000,6.6200,6.8900,4638400
20130731,6.7700,6.9300,6.7000,6.7800,7006800
20130801,6.8800,6.8900,6.7100,6.8000,7870900
20130802,6.8300,6.9300,6.7900,6.9300,7911100
20130805,6.9500,6.9600,6.7800,6.8300,7237100
20130806,7.0200,7.0600,6.8200,6.9300,12279100
20130807,6.9200,7.0700,6.9000,7.0000,8399800
20130808,6.8700,6.9500,6.8400,6.8900,6055500
20130809,6.9700,7.0000,6.8600,6.8800,7957100
20130812,7.1800,7.1900,6.9600,6.9800,12646400
20130813,7.3000,7.3200,7.1200,7.1700,8838900
20130814,7.1800,7.3100,7.1600,7.2800,6348100
20130815,7.1400,7.2300,7.1200,7.1700,4847400
20130816,7.1200,7.3000,7.0400,7.0900,6911800
20130819,7.0500,7.1100,6.9200,7.0500,8525000
20130820,7.0100,7.1100,6.9600,7.0500,4818600
20130821,7.0500,7.0700,6.9700,7.0100,4395100
20130822,7.0100,7.1200,6.9700,7.0400,6864800
20130823,6.8600,7.0600,6.7900,7.0100,9525200
20130826,6.9800,6.9900,6.8400,6.8800,5715600
20130827,7.0200,7.0300,6.9400,6.9800,6502800
20130828,7.0000,7.0400,6.9200,6.9700,7057900
20130829,7.1400,7.1700,6.9300,6.9900,9053400
20130830,7.2200,7.3000,7.1100,7.1200,12225000
20130902,7.1900,7.2800,7.0800,7.2500,7567100
20130903,7.2600,7.2800,7.1500,7.1800,7392300
20130904,7.3000,7.3300,7.1700,7.2500,9161900
20130905,7.3500,7.4700,7.2500,7.2600,14007700
20130906,7.4700,7.5600,7.2900,7.3200,14302900
20130909,7.6100,7.6600,7.4200,7.5100,15815100
20130910,7.7400,7.7800,7.5600,7.6000,17770700
20130911,8.0000,8.1000,7.6200,7.6300,26364800
20130912,7.9900,8.1400,7.8700,8.0000,13202000
20130913,7.9500,8.3000,7.9000,8.0200,13260500
20130916,7.7400,7.9800,7.7200,7.9400,12392300
20130917,7.7600,8.0500,7.7400,7.7500,16125900
20130918,7.9200,7.9300,7.6900,7.7600,8002900
20130920,7.9200,7.9200,7.9200,7.9200,0
20130923,8.0100,8.0400,7.8500,7.9200,6831000
20130924,7.9900,8.1400,7.9700,8.0100,8020700
20130925,8.5400,8.7800,7.9700,8.0000,28553800
20130926,8.3500,8.8100,8.3100,8.4900,19006900
20130927,8.1300,8.4200,8.0100,8.4000,9745100
20130930,8.1900,8.2300,8.0500,8.1500,4543900
20131001,8.1900,8.1900,8.1900,8.1900,0
20131002,8.1900,8.1900,8.1900,8.1900,0
20131003,8.1900,8.1900,8.1900,8.1900,0
20131004,8.1900,8.1900,8.1900,8.1900,0
20131007,8.1900,8.1900,8.1900,8.1900,0
20131008,8.1900,8.2800,8.0300,8.1300,6643900
20131009,8.0200,8.1700,7.9200,8.1700,9952700
20131010,7.9700,8.1000,7.9000,8.0200,9423900
20131011,8.5000,8.5800,7.9700,8.0300,19846600
20131014,8.6300,8.7500,8.3600,8.3800,14122600
20131015,8.7000,8.9200,8.4500,8.6300,12456000
20131016,8.3000,8.7000,8.1700,8.5700,12335700
20131017,8.1400,8.4000,8.0700,8.3500,7609700
20131018,8.1000,8.2500,8.0800,8.1300,4507200
20131021,8.3000,8.3600,8.0800,8.1500,6261800
20131022,8.1500,8.4300,8.0600,8.3100,6579800
20131023,7.7100,8.1700,7.6900,8.1500,9459200
20131024,7.6400,7.7200,7.5600,7.6400,4470900
20131025,7.5500,7.7000,7.4800,7.6800,3846300
20131028,7.1800,7.5900,7.1600,7.5500,8972400
20131029,7.2800,7.3000,6.9200,7.2200,6695200
20131030,7.3200,7.3900,7.1600,7.2300,4447600
20131031,7.2100,7.3400,7.1300,7.3300,2578100
20131101,7.2700,7.3100,7.1300,7.2100,1966200
20131104,7.3100,7.3600,7.2500,7.2900,2466000
20131105,7.3600,7.3600,7.1600,7.2700,3113300
20131106,7.1900,7.3600,7.1800,7.3000,2812800
20131107,7.1200,7.2400,7.1100,7.1900,2536300
20131108,7.0000,7.1500,6.9900,7.0900,2108900
20131111,7.0700,7.0800,6.9300,7.0700,1792100
20131112,7.1200,7.1300,7.0200,7.0600,2077200
20131113,6.9900,7.1200,6.9700,7.0900,2085400
20131114,7.2000,7.2100,6.9500,6.9500,3671000
20131115,7.2200,7.3100,7.1600,7.1900,3471500
20131118,7.5500,7.5600,7.2300,7.2800,7403700
20131119,7.6100,7.7100,7.4300,7.5200,6609300
20131120,7.5900,7.6500,7.5000,7.6300,2822200
20131121,7.5800,7.6200,7.4800,7.6200,2496800
20131122,7.4800,7.6000,7.4100,7.5800,3177600
20131125,7.6100,7.6200,7.4100,7.4100,2947800
20131126,7.5500,7.6200,7.5200,7.6200,1444300
20131127,7.5500,7.6000,7.4500,7.5600,2130200
20131128,7.8400,7.9400,7.6500,7.6500,6906300
20131129,8.0300,8.0400,7.8000,7.8900,5761400
20131202,7.7000,8.0200,7.6400,7.9500,4499000
20131203,7.9900,8.0300,7.5300,7.6500,4089400
20131204,8.0500,8.1400,7.9300,7.9300,3698700
20131205,8.0200,8.1300,7.9600,8.0600,2554700
20131206,7.8900,8.1500,7.8400,7.9700,3493200
20131209,7.9600,7.9700,7.8600,7.8600,1614800
20131210,8.0500,8.3000,8.0200,8.2800,6121100
20131211,8.3000,8.4100,8.0400,8.0400,10759400
20131212,8.2100,8.4000,8.1900,8.3100,4736100
20131213,8.1900,8.2200,8.1200,8.2100,2362200
20131216,7.9100,8.1600,7.8700,8.1600,4780400
20131217,7.8200,7.9500,7.7000,7.9000,2888000
20131218,7.8300,7.8900,7.7400,7.8100,982200
20131219,7.5600,7.8500,7.5000,7.8300,6052400
20131220,7.4500,7.6100,7.3300,7.5600,3829300
20131223,7.4500,7.5700,7.3800,7.4500,2339200
20131224,7.4600,7.6500,7.4000,7.4200,3152300
20131225,7.5100,7.5300,7.3800,7.4600,2282400
20131226,7.3800,7.5200,7.3000,7.5200,1704900
20131227,7.4300,7.4500,7.3300,7.4100,2296100
20131230,7.4600,7.5000,7.3900,7.4700,3335600
20131231,7.5600,7.5800,7.3000,7.4400,3498600
20140101,7.5600,7.5600,7.5600,7.5600,0
20140102,7.5300,7.5600,7.4000,7.4900,3108800
20140103,7.4000,7.5000,7.3800,7.5000,2039700
20140106,7.1500,7.3700,7.1500,7.3500,1856200
20140107,7.1500,7.2600,7.1000,7.1500,1757300
20140108,7.0300,7.2300,6.9800,7.1500,3266600
20140109,7.0000,7.1500,6.9800,7.0700,4215100
20140110,6.8100,6.9600,6.7600,6.9600,2890200
20140113,6.6500,6.8900,6.5000,6.8200,5333500
20140114,6.8300,6.8400,6.5900,6.6400,3422700
20140115,6.6800,6.8400,6.5800,6.8200,3650300
20140116,6.7000,6.7200,6.6100,6.6800,2646100
20140117,6.6600,6.6800,6.5700,6.6800,5541800
20140120,6.7100,6.7300,6.5900,6.6600,4397900
20140121,6.8600,6.9600,6.7000,6.7200,4951700
20140122,7.0300,7.0500,6.8600,6.8700,6632100
20140123,7.0500,7.0900,6.9400,7.0000,9436900
20140124,7.2300,7.3300,6.9900,7.0100,12049800
20140127,7.2700,7.3300,7.1200,7.1900,9973400
20140128,7.2700,7.3100,7.2000,7.2600,10023000
20140129,7.1900,7.2500,7.1600,7.2500,7536700
20140130,7.1100,7.1800,7.0500,7.1600,1694900
20140131,7.1100,7.1100,7.1100,7.1100,0
20140203,7.1100,7.1100,7.1100,7.1100,0
20140205,7.1100,7.1100,7.1100,7.1100,0
20140206,7.1100,7.1100,7.1100,7.1100,0
20140207,7.1400,7.1500,7.0000,7.0000,1830600
20140210,7.3800,7.3900,7.1300,7.1300,14597100
20140211,7.4200,7.4400,7.2600,7.3600,13799000
20140212,7.5500,7.6200,7.3200,7.4300,14548200
20140213,7.4600,7.6400,7.4400,7.5000,11164700
20140214,7.4100,7.4700,7.3400,7.4000,5454900
20140217,7.3600,7.4800,7.3400,7.4100,8279500
20140218,7.2500,7.3900,7.2100,7.3500,6399700
20140219,7.3400,7.3500,7.1800,7.2300,6550800
20140220,7.2200,7.4400,7.2000,7.3400,6461000
20140221,7.0300,7.2500,6.9700,7.2500,6365400
20140224,6.8400,7.0000,6.7900,7.0000,4656400
20140225,6.6000,6.8900,6.5100,6.8000,7737700
