20130226,7.1100,7.1300,6.8100,6.9700,11475900
20130227,7.2700,7.3600,7.0000,7.0400,44611600
20130228,7.1900,7.3500,7.0800,7.3000,18737900
20130301,7.3800,7.5000,7.0800,7.1500,29899400
20130304,7.2500,7.7500,6.7900,7.7100,37612500
20130305,7.1100,7.3100,7.0200,7.1800,19686000
20130306,6.8100,7.2000,6.7500,7.1400,25806900
20130307,6.5200,6.7900,6.4200,6.7900,18107800
20130308,6.4000,6.5400,6.3800,6.5100,7733300
20130311,6.4200,6.4500,6.3100,6.3900,5988500
20130312,6.1500,6.4400,6.1100,6.3900,7390300
20130313,6.0400,6.2000,5.9600,6.1500,5420300
20130314,6.0600,6.1100,6.0200,6.0200,3365000
20130315,6.1200,6.2000,6.0100,6.0500,5261600
20130318,6.0100,6.2100,5.9800,6.1200,5586600
20130319,5.8300,6.0500,5.6900,6.0000,7596500
20130320,6.0300,6.0400,5.8200,5.8300,5383200
20130321,6.0600,6.1000,5.9600,5.9900,5361100
20130322,6.0300,6.0600,5.9700,6.0500,4098000
20130325,5.9400,6.0500,5.9000,6.0300,4258900
20130326,5.7900,5.9400,5.7500,5.9400,4823700
20130327,5.8800,5.9200,5.8000,5.8000,4300000
20130328,5.5600,5.8300,5.5300,5.8300,5555300
20130329,5.5800,5.6600,5.5000,5.5800,3322700
20130401,5.6100,5.6600,5.5500,5.5700,2441400
20130402,5.5300,5.6500,5.4800,5.6100,3102800
20130403,5.3700,5.5500,5.3300,5.5200,3749000
20130404,5.3700,5.3700,5.3700,5.3700,0
20130405,5.3700,5.3700,5.3700,5.3700,0
20130408,5.3400,5.3500,5.1800,5.2800,2430900
20130409,5.4100,5.4600,5.2700,5.3200,2433200
20130410,5.4200,5.4700,5.3500,5.4100,2449200
20130411,5.3600,5.4700,5.3600,5.4700,1733500
20130412,5.3200,5.4200,5.2900,5.3500,1573900
20130415,5.3500,5.3800,5.2400,5.3400,1821900
20130416,5.5400,5.5500,5.2600,5.3100,3511400
20130417,5.8300,5.8800,5.4700,5.5100,10373500
20130418,5.7500,5.8500,5.7200,5.8300,4935000
20130419,5.7900,5.8200,5.7300,5.7700,3869300
20130422,5.8800,6.0400,5.7800,5.7800,6369300
20130423,5.6400,5.9800,5.6300,5.8800,4146000
20130424,5.7500,5.7600,5.6100,5.6500,2806800
20130425,5.5700,5.7900,5.5700,5.7600,3463900
20130426,5.5500,5.6600,5.5300,5.5600,1928200
20130429,5.5500,5.5500,5.5500,5.5500,0
20130430,5.5500,5.5500,5.5500,5.5500,0
20130501,5.5500,5.5500,5.5500,5.5500,0
20130502,5.4400,5.5500,5.4000,5.5400,2184400
20130503,5.5300,5.5400,5.4200,5.4200,2724800
20130506,5.6100,5.6300,5.4600,5.5000,2617600
20130507,5.6000,5.6200,5.5400,5.6200,1984300
20130508,5.6200,5.6900,5.5900,5.6000,2947400
20130509,5.4600,5.6400,5.4500,5.6200,4323300
20130510,5.5000,5.5100,5.4300,5.4600,2699900
20130513,5.5100,5.5200,5.4400,5.4800,3045300
20130514,5.4600,5.5200,5.4500,5.5000,2628500
20130515,5.4400,5.4900,5.4000,5.4900,1850800
20130516,5.4800,5.4900,5.3500,5.4300,3046800
20130517,5.5400,5.5600,5.4500,5.4800,4136900
20130520,5.7700,5.7800,5.5700,5.6000,7165300
20130521,5.7900,5.8600,5.6800,5.7800,5551900
20130522,5.7500,5.8200,5.7200,5.7800,3657100
20130523,5.6300,5.7800,5.6000,5.7600,3866700
20130524,5.7100,5.7200,5.6200,5.6200,2785000
20130527,5.7100,5.7100,5.7100,5.7100,0
20130528,5.7100,5.7100,5.7100,5.7100,0
20130529,5.7100,5.7100,5.7100,5.7100,0
20130530,5.7100,5.7100,5.7100,5.7100,0
20130531,6.2800,6.2800,5.9800,6.2300,17817600
20130603,6.9100,6.9100,6.3500,6.4000,30273700
20130604,6.7000,6.9600,6.5600,6.9300,16248800
20130605,6.6000,6.7900,6.5600,6.7900,9645100
20130606,6.2900,6.6000,6.2600,6.6000,10390000
20130607,6.0200,6.3200,5.9200,6.3000,9256400
20130610,6.0200,6.0200,6.0200,6.0200,0
20130611,6.0200,6.0200,6.0200,6.0200,0
20130612,6.0200,6.0200,6.0200,6.0200,0
20130613,5.8400,6.0100,5.7100,6.0100,6699700
20130614,5.9300,6.0000,5.8200,5.8200,5083100
20130617,5.9300,6.0100,5.8300,5.9500,3780000
20130618,6.2600,6.2800,5.8700,5.9100,10197800
20130619,6.1100,6.2400,5.9600,6.1800,7630000
20130620,5.8200,6.0800,5.8000,6.0700,4452300
20130621,5.6800,5.7400,5.5500,5.7000,3819400
20130624,5.1100,5.6700,5.1100,5.6600,5573700
20130625,4.9300,5.2100,4.6000,5.0000,5327800
20130626,5.0200,5.1100,4.8900,4.9800,3087100
20130627,4.8100,5.1100,4.7900,5.0400,4085000
20130628,4.8100,4.9500,4.7000,4.8000,3173400
20130701,4.8400,4.9000,4.7100,4.9000,2436300
20130702,4.9400,4.9600,4.8100,4.8800,3328800
20130703,4.8900,4.9400,4.7800,4.9000,2734000
20130704,4.9800,5.0400,4.8000,4.8000,4188500
20130705,5.0000,5.1100,4.9500,4.9800,4326800
20130708,4.7100,4.9200,4.7100,4.9200,3765900
20130709,4.7800,4.7900,4.7100,4.7100,1516000
20130710,4.9500,4.9600,4.7800,4.8300,2530600
20130711,5.1300,5.2700,4.9500,5.0000,5823500
20130712,5.0400,5.1400,5.0200,5.1300,2719500
20130715,5.0900,5.1100,4.9900,5.0400,2266800
20130716,5.1700,5.1900,5.0200,5.1200,2522000
20130717,5.1300,5.1900,5.1000,5.1700,2525000
20130718,5.0200,5.1100,4.9600,5.1100,1943300
20130719,4.8700,5.0800,4.8600,5.0200,3186400
20130722,4.9000,4.9000,4.7600,4.8200,1368600
20130723,5.0400,5.0600,4.8800,4.8800,2267000
20130724,5.0000,5.0500,4.9100,5.0300,1681300
20130725,5.0500,5.0700,4.9800,5.0100,2433200
20130726,4.9800,5.0600,4.9400,5.0400,1569200
20130729,4.9900,5.1500,4.8200,4.8900,3069500
20130730,5.0400,5.0800,4.9500,5.0200,1521200
20130731,4.9100,5.0600,4.8800,5.0200,3998500
20130801,5.0200,5.0300,4.8600,4.9200,2720900
20130802,5.0900,5.1000,4.9700,5.0200,3556400
20130805,5.1000,5.1200,5.0400,5.1200,2845600
20130806,5.1900,5.2800,5.0500,5.1000,5250800
20130807,5.1300,5.2200,5.1200,5.1800,2698500
20130808,5.0800,5.1500,5.0400,5.1200,2082300
20130809,5.2400,5.2500,5.0600,5.1300,3030800
20130812,5.3000,5.3300,5.2000,5.2400,4484500
20130813,5.3400,5.3600,5.2400,5.3200,3254700
20130814,5.2600,5.4100,5.2500,5.3900,3181500
20130815,5.2100,5.3200,5.1900,5.2600,2459600
20130816,5.2300,5.3900,5.1500,5.1800,4394400
20130819,5.2400,5.2600,5.1000,5.1500,3270700
20130820,5.3600,5.4900,5.1600,5.1600,5893100
20130821,5.3000,5.4400,5.2700,5.4000,4132200
20130822,5.3000,5.3300,5.2500,5.3000,2414500
20130823,5.1600,5.3000,5.0500,5.3000,3709200
20130826,5.2500,5.2500,5.1300,5.1300,2394000
20130827,5.2800,5.2800,5.2000,5.2500,2633800
20130828,5.2000,5.2700,5.1500,5.2400,2705900
20130829,5.2000,5.2400,5.1500,5.2000,2627400
20130830,5.2900,5.3300,5.1900,5.2000,5066600
20130902,5.3800,5.3900,5.2500,5.2900,4463700
20130903,5.4100,5.4700,5.3500,5.3500,3814700
20130904,5.4000,5.4200,5.3200,5.3900,2661000
20130905,5.3200,5.4500,5.3100,5.4100,2227600
20130906,5.8500,5.8500,5.4800,5.5000,19406900
20130909,5.8000,5.9000,5.6800,5.7500,13162500
20130910,5.8200,5.8400,5.6700,5.7400,9843500
20130911,5.7200,5.8500,5.7100,5.8400,6398100
20130912,5.6500,5.7500,5.5900,5.7100,5611700
20130913,5.7400,5.7800,5.6100,5.6500,5484700
20130916,5.6800,5.8100,5.6400,5.7600,3951800
20130917,5.4900,5.6700,5.4800,5.6600,3784700
20130918,5.5700,5.6000,5.4600,5.4900,2217300
20130920,5.5700,5.5700,5.5700,5.5700,0
20130923,5.6300,5.6600,5.5100,5.5600,2557600
20130924,5.5000,5.6300,5.4700,5.6200,3867300
20130925,5.4600,5.5700,5.4400,5.5000,3083900
20130926,5.3100,5.4600,5.3000,5.4400,2906100
20130927,5.3100,5.3600,5.2900,5.3100,1787400
20130930,5.3800,5.3900,5.2900,5.3000,1698500
20131001,5.3800,5.3800,5.3800,5.3800,0
20131002,5.3800,5.3800,5.3800,5.3800,0
20131003,5.3800,5.3800,5.3800,5.3800,0
20131004,5.3800,5.3800,5.3800,5.3800,0
20131007,5.3800,5.3800,5.3800,5.3800,0
20131008,5.4800,5.5000,5.3100,5.3600,2875900
20131009,5.4800,5.4900,5.4000,5.4700,2315100
20131010,5.4900,5.5000,5.4200,5.4700,3099000
20131011,5.5100,5.5400,5.4500,5.4900,4470800
20131014,5.4700,5.5100,5.4400,5.5000,4033100
20131015,5.5900,5.6300,5.4400,5.4700,7439400
20131016,5.3700,5.5700,5.3200,5.5500,4094000
20131017,5.3500,5.4400,5.3400,5.4000,2622600
20131018,5.3500,5.4100,5.3300,5.3500,1534200
20131021,5.4300,5.4500,5.3400,5.3600,2587600
20131022,5.3800,5.4300,5.3500,5.4300,3143000
20131023,5.2500,5.4200,5.2000,5.3600,3623400
20131024,5.1800,5.2500,5.1000,5.2500,2377500
20131025,5.0300,5.1800,4.9500,5.1800,3256800
20131028,5.0200,5.1000,4.9800,5.0200,2390400
20131029,4.8700,5.0600,4.8100,5.0300,3415100
20131030,4.9300,4.9300,4.8000,4.9100,2671300
20131031,4.9800,5.1100,4.9600,5.0000,4986900
20131101,5.0100,5.0500,4.9600,4.9800,1928000
20131104,5.0200,5.0500,4.9900,5.0200,1370700
20131105,5.0300,5.0300,4.9000,5.0100,2721000
20131106,4.9700,5.0300,4.9400,5.0000,4037000
20131107,4.8900,4.9600,4.8900,4.9300,1937900
20131108,4.8600,4.9200,4.8200,4.8600,1653200
20131111,4.9300,4.9500,4.8800,4.9200,1531800
20131112,4.9800,4.9800,4.9100,4.9400,1678400
20131113,4.8600,4.9600,4.8500,4.9500,1307700
20131114,5.0500,5.0500,4.8200,4.8500,3337900
20131115,5.1500,5.3400,5.1300,5.2000,8317400
20131118,5.3100,5.3700,5.2500,5.2500,7015200
20131119,5.3400,5.3900,5.2500,5.2700,5291500
20131120,5.4300,5.4700,5.2600,5.3500,5570800
20131121,5.4700,5.5600,5.4000,5.4000,5198200
20131122,5.4100,5.5000,5.3400,5.4600,3829500
20131125,5.3100,5.4000,5.2800,5.4000,2940700
20131126,5.4200,5.4500,5.2600,5.3400,2434800
20131127,5.5300,5.5300,5.3500,5.4000,5887400
20131128,5.6400,5.7300,5.4800,5.5300,6038400
20131129,5.6900,5.7900,5.6300,5.6300,8510200
20131202,5.6500,5.6900,5.2600,5.5600,8381800
20131203,5.7000,5.7600,5.5400,5.6500,5022400
20131204,5.7500,5.8300,5.6200,5.6700,5409000
20131205,6.0400,6.1100,5.6500,5.7600,10649600
20131206,5.9900,6.1700,5.9600,5.9800,8137000
20131209,6.0400,6.1100,5.9100,5.9800,4784300
20131210,6.1500,6.2100,5.9900,6.0000,5025200
20131211,6.0700,6.2700,6.0500,6.1500,6880200
20131212,5.9000,6.0600,5.8800,6.0000,6033700
20131213,5.9000,6.0200,5.8200,5.8500,4469700
20131216,5.6500,5.9500,5.6300,5.9200,4339300
20131217,6.2200,6.2200,5.6200,5.6300,12779800
20131218,6.1400,6.3200,6.0500,6.2200,9817100
20131219,6.1400,6.2600,6.0300,6.2000,6383600
20131220,6.1700,6.4500,6.0500,6.1000,9019100
20131223,6.0500,6.2500,5.8800,6.2300,4507300
20131224,6.2900,6.4000,6.0000,6.0500,8307100
20131225,6.2500,6.5000,6.1500,6.2900,5614800
20131226,6.2600,6.3800,6.1200,6.2100,4701400
20131227,6.4000,6.5000,6.1700,6.2500,5972000
20131230,6.4500,6.5600,6.3500,6.3900,4399800
20131231,6.3300,6.4700,6.2900,6.4600,3915000
20140101,6.3300,6.3300,6.3300,6.3300,0
20140102,6.2700,6.3600,6.2300,6.3600,2700000
20140103,6.1100,6.3100,6.0600,6.2900,3807700
20140106,5.9000,6.1700,5.7800,6.1100,5902800
20140107,6.0600,6.1100,5.8600,5.8600,3229700
20140108,6.0500,6.2200,5.9900,6.0900,3636600
20140109,5.8300,6.0600,5.8100,6.0600,2970700
20140110,5.7200,5.9200,5.6000,5.9200,2217200
20140113,5.7100,5.8000,5.6500,5.7000,1453300
20140114,5.8400,5.8600,5.6800,5.7000,2186600
20140115,5.8700,5.9700,5.8000,5.8100,1751900
20140116,5.7900,5.9000,5.7700,5.8700,1663100
20140117,5.7200,5.9000,5.6800,5.7600,2512700
20140120,5.8000,5.9000,5.6600,5.6800,1336400
20140121,5.8700,5.9600,5.7800,5.7800,2354200
20140122,6.0600,6.0700,5.8800,5.9200,5071100
20140123,5.9600,6.1000,5.9000,6.0200,3140000
20140124,6.0900,6.1800,6.0100,6.0100,3698900
20140127,5.9200,6.0800,5.9000,6.0800,4685700
20140128,5.7700,5.9600,5.7000,5.9000,4924500
20140129,5.7900,5.8400,5.7500,5.8000,1690900
20140130,5.7700,5.8300,5.7000,5.7600,1868500
20140131,5.7700,5.7700,5.7700,5.7700,0
20140203,5.7700,5.7700,5.7700,5.7700,0
20140205,5.7700,5.7700,5.7700,5.7700,0
20140206,5.7700,5.7700,5.7700,5.7700,0
20140207,5.8800,5.8800,5.7300,5.7900,2527300
20140210,6.1200,6.3000,5.8900,5.9000,6919000
20140211,6.1200,6.1900,6.0400,6.1600,3671200
20140212,6.1500,6.1600,6.0500,6.1000,3969700
20140213,6.0100,6.1900,6.0000,6.1400,4529900
20140214,6.0000,6.0600,5.8700,6.0000,5680000
20140217,6.0400,6.0600,5.9400,6.0300,8515200
20140218,6.2100,6.3400,6.0000,6.0000,11816600
20140219,6.2600,6.2800,6.1000,6.2100,7269700
20140220,6.0900,6.3000,6.0800,6.2800,6674800
20140221,6.1400,6.1900,6.0000,6.0900,4060800
20140224,6.3100,6.3500,6.0000,6.1200,7757000
20140225,5.9100,6.4200,5.8800,6.3000,7163100
