20130226,5.9400,6.1600,5.9000,5.9800,9858100
20130227,5.9500,6.0400,5.8900,5.9200,6046500
20130228,6.0800,6.1000,5.9400,5.9900,7173900
20130301,6.1400,6.1600,6.0300,6.0800,9587600
20130304,5.8600,6.1100,5.7300,6.1000,13848400
20130305,6.0500,6.0700,5.8300,5.8800,11260600
20130306,6.1900,6.4000,6.0900,6.1200,16416500
20130307,6.3700,6.4500,6.2000,6.2600,30089200
20130308,6.1300,6.4100,6.1200,6.3200,17364000
20130311,6.0100,6.0900,5.9300,6.0800,8070100
20130312,5.8700,6.0800,5.7800,6.0300,8861700
20130313,5.8900,5.9000,5.7000,5.8600,6576200
20130314,5.8700,6.0400,5.8200,5.8300,7022800
20130315,5.8500,5.9700,5.7500,5.8700,6134100
20130318,5.7600,5.8900,5.7500,5.8000,4336700
20130319,5.6700,5.8300,5.5700,5.7100,6267000
20130320,5.8500,5.8800,5.6600,5.6800,5636500
20130321,5.9200,5.9200,5.8100,5.8500,6198200
20130322,5.9000,5.9900,5.8400,5.9000,7207100
20130325,5.9100,5.9700,5.8700,5.8900,6020600
20130326,5.7800,5.9100,5.7100,5.8700,6315400
20130327,5.8600,5.8800,5.7500,5.7500,5530500
20130328,5.6100,5.8200,5.6000,5.8200,7449500
20130329,5.6900,5.7900,5.5700,5.6100,7445600
20130401,5.6800,5.8300,5.6700,5.7100,6134500
20130402,5.6100,5.7800,5.5700,5.6800,6099300
20130403,5.7200,5.8600,5.6100,5.6500,11978400
20130404,5.7200,5.7200,5.7200,5.7200,0
20130405,5.7200,5.7200,5.7200,5.7200,0
20130408,5.7200,5.7300,5.5800,5.6500,8986900
20130409,5.7800,5.9400,5.6800,5.7300,8738200
20130410,6.0500,6.1900,5.7100,5.7400,31825700
20130411,5.9100,6.0500,5.9000,6.0100,14763500
20130412,5.9200,6.0900,5.9000,5.9200,15589700
20130415,5.7100,5.9500,5.6400,5.8800,12073300
20130416,5.6900,5.7200,5.4800,5.6400,8188200
20130417,5.6700,5.7100,5.5600,5.6900,6212300
20130418,5.8100,5.9500,5.6100,5.6200,13753400
20130419,6.0500,6.1000,5.7900,5.8300,24688700
20130422,6.6600,6.6600,5.9400,6.0000,56126700
20130423,6.4600,6.9500,6.4500,6.9500,80255696
20130424,6.8000,6.9800,6.4300,6.5800,60667500
20130425,6.4000,6.7900,6.3700,6.6800,42747100
20130426,6.2200,6.5200,6.1800,6.4000,21230300
20130429,6.2200,6.2200,6.2200,6.2200,0
20130430,6.2200,6.2200,6.2200,6.2200,0
20130501,6.2200,6.2200,6.2200,6.2200,0
20130502,6.2500,6.3200,6.1800,6.1900,13013800
20130503,6.3800,6.5400,6.2100,6.2900,16302100
20130506,6.5900,6.6900,6.2900,6.3800,23747000
20130507,6.5400,6.7700,6.4900,6.5700,22405800
20130508,6.5700,6.7300,6.4900,6.5500,19763800
20130509,6.3800,6.5900,6.3000,6.5800,19593500
20130510,6.5100,6.5400,6.2900,6.3800,15876100
20130513,6.6200,6.6400,6.4600,6.5200,16905500
20130514,6.4300,6.6800,6.3100,6.6100,13681700
20130515,6.4500,6.4800,6.3400,6.4400,9241300
20130516,6.8900,7.1000,6.4600,6.4800,49579000
20130517,6.9100,7.0200,6.7800,6.8500,27631300
20130520,6.9300,7.2300,6.9000,6.9700,29749600
20130521,7.3500,7.4700,6.9100,6.9200,40272500
20130522,7.1800,7.3000,7.0600,7.2900,29683200
20130523,7.0100,7.2600,7.0100,7.1700,19677000
20130524,7.1100,7.1900,6.9200,7.0000,17078700
20130527,7.2100,7.2500,7.0200,7.0700,18784400
20130528,7.2000,7.3900,7.1100,7.1800,22953700
20130529,7.1600,7.2300,7.1100,7.2300,13626800
20130530,7.3100,7.4900,7.1000,7.1400,27618200
20130531,7.4400,7.7000,7.2400,7.2700,38991400
20130603,7.8700,8.0800,7.3600,7.4500,41146300
20130604,8.0500,8.4500,8.0000,8.0600,57204900
20130605,8.8600,8.8600,7.8300,7.9500,78897904
20130606,9.1100,9.4800,8.9100,9.0100,91233600
20130607,9.0400,9.3400,8.7400,9.2500,61647200
20130610,9.0400,9.0400,9.0400,9.0400,0
20130611,9.0400,9.0400,9.0400,9.0400,0
20130612,9.0400,9.0400,9.0400,9.0400,0
20130613,8.2500,8.7000,8.1400,8.7000,47608300
20130614,8.4000,8.6900,7.9800,8.2200,46729900
20130617,8.5500,8.8200,8.3900,8.4600,36383200
20130618,8.8700,8.9500,8.1800,8.5000,46127500
20130619,8.6400,8.8600,8.5100,8.7200,27185900
20130620,8.7400,9.2800,8.6500,8.9100,44840700
20130621,8.5100,8.7200,7.8800,8.4000,31997900
20130624,7.9400,8.6000,7.7100,8.5200,32455100
20130625,8.0000,8.0700,7.1500,7.7500,34756800
20130626,8.3100,8.4600,7.8200,7.9400,27962100
20130627,7.6900,8.5700,7.6000,8.3300,32267200
20130628,7.2700,7.8100,7.1800,7.6600,30065500
20130701,7.5300,7.5300,7.0000,7.1600,19175000
20130702,7.8000,7.8400,7.4300,7.4700,20989400
20130703,8.1100,8.2500,7.8300,7.9800,34070500
20130704,8.0000,8.1500,7.8500,7.9500,18532400
20130705,7.7500,8.0900,7.7300,7.9500,18618300
20130708,7.2500,7.5600,7.2000,7.5500,13450100
20130709,7.3600,7.4400,7.1900,7.2000,8250900
20130710,7.5800,7.5900,7.2800,7.3700,13489700
20130711,7.7100,7.8200,7.4800,7.6000,18416000
20130712,7.7900,7.9300,7.6300,7.6900,19999000
20130715,7.8700,7.9400,7.7100,7.7200,13925700
20130716,7.8800,7.9300,7.7400,7.8800,11455400
20130717,7.8000,8.1000,7.7800,7.9400,19050500
20130718,7.5400,7.7500,7.4700,7.7500,14405300
20130719,7.5400,7.7400,7.5000,7.5600,15003300
20130722,7.9400,7.9700,7.5300,7.6000,20413400
20130723,8.1300,8.2500,7.9000,7.9100,26853800
20130724,8.2300,8.2400,8.0800,8.1800,23277900
20130725,8.4100,8.6500,8.1600,8.2600,37395700
20130726,8.1100,8.4000,8.0500,8.2600,19128600
20130729,8.0400,8.2100,7.8600,8.0800,13446400
20130730,8.0300,8.1400,7.8100,8.0000,11047600
20130731,7.9100,8.1200,7.8800,8.0700,9684900
20130801,8.1000,8.1300,7.9000,7.9100,11600300
20130802,8.0000,8.1900,7.9800,8.1500,12425800
20130805,8.2400,8.2600,8.0000,8.0000,15584300
20130806,8.3700,8.4400,8.1000,8.2800,18207500
20130807,8.3200,8.5300,8.3000,8.4200,21620800
20130808,8.1700,8.3600,8.1200,8.3500,15934800
20130809,8.2100,8.3500,8.0900,8.2200,12348500
20130812,8.2900,8.3200,8.1000,8.2000,14333900
20130813,8.2700,8.3000,8.1800,8.2700,10726200
20130814,8.3400,8.4100,8.2100,8.3000,15162500
20130815,8.3900,8.5800,8.2700,8.3100,26233400
20130816,7.8400,8.3500,7.7600,8.3200,23563300
20130819,7.8400,7.9000,7.6300,7.7000,11220900
20130820,7.6800,7.8800,7.6500,7.8800,12257400
20130821,7.8000,7.8200,7.6400,7.7000,9358200
20130822,7.6400,7.8000,7.6000,7.7100,9642000
20130823,7.5500,7.7400,7.4900,7.6800,8906700
20130826,7.7900,7.8100,7.5400,7.5500,10462300
20130827,8.0400,8.1000,7.8300,7.8400,19811800
20130828,8.0400,8.2900,7.8200,7.9800,22002200
20130829,7.8700,8.0800,7.8400,8.0000,10681800
20130830,7.9300,8.1500,7.8200,7.8200,16417400
20130902,7.6700,7.9300,7.5500,7.8900,14476900
20130903,7.7100,7.7700,7.5800,7.6100,7901200
20130904,7.6100,7.7400,7.6100,7.7100,8726700
20130905,7.6000,7.6300,7.5100,7.5900,9252000
20130906,7.7200,7.8000,7.5600,7.6000,12360800
20130909,7.7400,7.7800,7.6500,7.7100,10401300
20130910,8.0300,8.1800,7.6600,7.7400,25613000
20130911,7.9100,8.1000,7.8200,8.0500,17550900
20130912,8.1300,8.1400,7.8500,7.8600,19467900
20130913,7.9500,8.2000,7.9200,8.0700,12820900
20130916,7.8400,8.0300,7.8100,8.0300,10563200
20130917,7.5600,7.8300,7.5500,7.8300,13373600
20130918,7.6300,7.6800,7.5400,7.5500,6386300
20130920,7.6300,7.6300,7.6300,7.6300,0
20130923,7.7300,7.7700,7.6500,7.6600,7581700
20130924,7.8600,7.9200,7.5400,7.7000,19292700
20130925,7.9300,8.0500,7.7600,7.8100,21511500
20130926,7.6600,7.9100,7.6000,7.8400,13187400
20130927,7.6500,7.7500,7.6000,7.6000,6593100
20130930,7.6600,7.7400,7.5700,7.6600,5829100
20131001,7.6600,7.6600,7.6600,7.6600,0
20131002,7.6600,7.6600,7.6600,7.6600,0
20131003,7.6600,7.6600,7.6600,7.6600,0
20131004,7.6600,7.6600,7.6600,7.6600,0
20131007,7.6600,7.6600,7.6600,7.6600,0
20131008,7.7000,7.7700,7.6000,7.6000,6680700
20131009,8.1000,8.1900,7.6300,7.7000,31139200
20131010,8.0100,8.3400,7.9700,8.0100,28973500
20131011,8.2200,8.2600,8.0200,8.1200,26296100
20131014,8.2100,8.5800,8.1600,8.5000,28229800
20131015,9.0300,9.0300,8.1500,8.1800,58025300
20131016,8.7500,8.9600,8.4900,8.9600,45511700
20131017,8.9100,8.9800,8.6100,8.7500,32509400
20131018,8.6900,8.9000,8.6100,8.7600,21417700
20131021,8.8200,8.9100,8.6200,8.7300,18493300
20131022,8.8800,8.9900,8.6400,8.7700,30999300
20131023,8.2600,9.0500,8.2300,8.9400,29161000
20131024,8.1000,8.3800,8.0500,8.2500,15791200
20131025,7.7900,8.1900,7.7200,8.1000,15831400
20131028,7.8900,7.9400,7.7400,7.8500,8412900
20131029,7.3700,7.9400,7.1500,7.8600,14682600
20131030,7.4200,7.4700,7.2700,7.3800,7447300
20131031,7.2700,7.4200,7.1900,7.4200,5988500
20131101,7.2900,7.3300,7.1500,7.2400,4700500
20131104,7.3500,7.4500,7.2900,7.2900,5183800
20131105,7.4000,7.4300,7.2800,7.3600,5164000
20131106,7.3100,7.4900,7.3000,7.4300,6372100
20131107,7.0600,7.3000,7.0500,7.3000,7062000
20131108,6.8000,7.0700,6.7000,7.0000,8776400
20131111,7.0500,7.1600,6.7200,6.8000,7416600
20131112,7.0100,7.0800,6.9200,7.0300,5111000
20131113,6.8500,6.9900,6.8200,6.9900,4219100
20131114,6.9000,6.9200,6.7600,6.8700,4788600
20131115,7.0700,7.1300,6.9000,6.9200,7067600
20131118,7.3500,7.3600,7.0800,7.1500,9414800
20131119,7.3100,7.3900,7.2300,7.3200,8249100
20131120,7.3100,7.3400,7.2000,7.2700,6861300
20131121,7.1700,7.2900,7.1300,7.2900,6414500
20131122,7.1800,7.2300,7.1500,7.1700,4412000
20131125,7.1200,7.2300,7.0700,7.1600,4776900
20131126,7.1300,7.1700,7.0700,7.0900,3358000
20131127,7.2500,7.2700,7.0800,7.1000,6485000
20131128,7.2900,7.4500,7.2400,7.3600,10637400
20131129,7.2300,7.3100,7.1800,7.2600,6201000
20131202,6.8900,7.1700,6.8400,7.1400,9183200
20131203,7.0200,7.0200,6.8400,6.8400,5486400
20131204,7.1400,7.2200,6.9300,7.0000,8682300
20131205,7.3100,7.5100,7.0700,7.1100,13285300
20131206,7.1900,7.3400,7.1500,7.2300,6679400
20131209,7.2200,7.2700,7.1400,7.1400,4065400
20131210,7.3000,7.4100,7.2300,7.2500,7879600
20131211,7.1700,7.3000,7.1200,7.3000,4897600
20131212,7.2000,7.2900,7.1400,7.1700,4933100
20131213,7.2500,7.2600,7.0900,7.1500,5333400
20131216,7.2400,7.4100,7.1700,7.2800,7734000
20131217,7.2200,7.3500,7.1700,7.2400,4961200
20131218,7.2500,7.3200,7.0800,7.2400,6930200
20131219,7.2600,7.3000,7.1800,7.2500,5730100
20131220,7.3400,7.4700,7.1900,7.2500,15850500
20131223,7.4300,7.4900,7.2800,7.3200,18216900
20131224,7.2800,7.5100,7.2000,7.4500,11334500
20131225,7.1300,7.2900,7.0800,7.2900,8300900
20131226,6.9300,7.2000,6.9200,7.1700,7012900
20131227,7.0000,7.0500,6.9200,6.9300,5046200
20131230,7.0000,7.0400,6.9300,7.0400,3928200
20131231,7.0400,7.0600,6.9100,6.9900,3842900
20140101,7.0400,7.0400,7.0400,7.0400,0
20140102,7.0100,7.0500,6.9800,7.0000,2976300
20140103,6.7800,7.0100,6.7800,7.0100,7783700
20140106,6.5500,6.8200,6.5200,6.8000,5625800
20140107,6.5500,6.6200,6.4700,6.5300,3451500
20140108,6.3900,6.6500,6.3800,6.5900,4987200
20140109,6.3600,6.4800,6.3500,6.4000,3890400
20140110,6.0900,6.3600,6.0800,6.3600,5495400
20140113,5.9900,6.1800,5.9100,6.0900,3985200
20140114,6.1000,6.1000,5.9600,6.0200,3597400
20140115,6.1900,6.2000,6.0700,6.1200,4034700
20140116,6.1400,6.2000,6.0900,6.2000,2929600
20140117,6.0800,6.1700,6.0700,6.1300,2638900
20140120,6.1000,6.1300,6.0300,6.0300,2316900
20140121,6.1800,6.2000,6.0400,6.1300,3182500
20140122,6.3400,6.3700,6.1800,6.2000,4341200
20140123,6.2800,6.3700,6.2000,6.3100,5257200
20140124,6.3500,6.4000,6.2300,6.2800,5205300
20140127,6.2600,6.3400,6.2400,6.2900,4030700
20140128,6.3800,6.3800,6.2400,6.2400,4349900
20140129,6.3300,6.4500,6.2900,6.3700,4817000
20140130,6.2500,6.3400,6.2300,6.2900,2996400
20140131,6.2500,6.2500,6.2500,6.2500,0
20140203,6.2500,6.2500,6.2500,6.2500,0
20140205,6.2500,6.2500,6.2500,6.2500,0
20140206,6.2500,6.2500,6.2500,6.2500,0
20140207,6.4400,6.4900,6.1100,6.2000,6069900
20140210,6.6900,6.7800,6.4400,6.4400,10360600
20140211,6.6800,6.8100,6.6300,6.6500,7272700
20140212,6.7100,6.7600,6.6600,6.6700,5463100
20140213,6.7600,6.9400,6.6800,6.6900,10219100
20140214,6.8700,6.9100,6.7700,6.7700,5864500
20140217,6.9600,6.9700,6.8300,6.8800,7477500
20140218,7.0900,7.1800,6.8900,6.9400,12849200
20140219,7.0500,7.1700,6.9700,7.1200,9522600
20140220,6.8500,7.0800,6.8100,7.0400,8626000
20140221,6.8900,6.9100,6.7800,6.8100,6019500
20140224,6.9300,6.9700,6.7300,6.8400,7870100
20140225,6.5500,6.9300,6.5100,6.9000,9937200
