20130226,14.5100,14.8800,14.3000,14.3800,14158000
20130227,15.1000,15.3600,14.5100,14.5100,19268100
20130228,15.3200,15.4500,14.7800,15.0800,19722400
20130301,15.0900,15.4500,14.9100,15.2400,13715100
20130304,13.6100,14.6900,13.5800,14.4700,17845200
20130305,14.0100,14.1600,13.5100,13.5100,11519400
20130306,13.8900,14.0900,13.7800,14.0400,9657100
20130307,13.7300,13.7900,13.4000,13.5500,12264200
20130308,13.5100,13.9800,13.5000,13.6000,6504200
20130311,13.4000,13.5800,13.2500,13.5100,4554200
20130312,13.0600,13.7700,12.8300,13.5500,7828200
20130313,12.8200,13.1300,12.6800,13.0500,5389500
20130314,12.8100,13.0600,12.7600,12.8100,3347700
20130315,12.8200,13.2300,12.4600,12.7200,6644400
20130318,12.4800,12.8600,12.4600,12.6600,4653600
20130319,12.6100,12.6500,12.2300,12.4800,3894900
20130320,13.1000,13.1400,12.6100,12.6900,10488900
20130321,13.1000,13.1900,12.9900,13.1100,7077200
20130322,13.2400,13.3700,13.0300,13.1100,8228700
20130325,12.8600,13.3800,12.8400,13.2400,7427100
20130326,12.4100,12.8900,12.3100,12.8800,7999200
20130327,12.4100,12.6700,12.3000,12.4500,4752500
20130328,11.4900,12.2000,11.4600,12.2000,9000500
20130329,11.5400,11.7600,11.4800,11.5000,4329200
20130401,11.7400,11.9900,11.5000,11.5300,3994900
20130402,11.8300,12.0500,11.7300,11.8300,3701100
20130403,11.8000,11.9800,11.7300,11.7700,3168400
20130404,11.8000,11.8000,11.8000,11.8000,0
20130405,11.8000,11.8000,11.8000,11.8000,0
20130408,11.5700,11.6200,11.0600,11.6000,3122700
20130409,11.8000,11.9400,11.6000,11.6000,2912700
20130410,11.9000,11.9200,11.7100,11.8200,3898600
20130411,11.7200,12.0400,11.7100,11.9600,2669100
20130412,11.5900,11.8500,11.5800,11.6500,2484300
20130415,11.4500,11.7700,11.3800,11.5500,3031500
20130416,11.8400,11.8400,11.2600,11.3000,3839000
20130417,11.8100,11.9600,11.6600,11.8500,2963900
20130418,11.8800,11.9500,11.6000,11.8000,4353000
20130419,12.2400,12.3200,11.8500,11.9100,7077400
20130422,12.1700,12.2100,12.0200,12.1000,4488600
20130423,11.5100,12.1800,11.5000,12.1800,5356800
20130424,12.2400,12.4600,11.5600,11.5700,7711200
20130425,11.9100,12.2800,11.9000,12.1500,7611100
20130426,12.3900,13.1000,12.0200,12.1000,15930600
20130429,12.3900,12.3900,12.3900,12.3900,0
20130430,12.3900,12.3900,12.3900,12.3900,0
20130501,12.3900,12.3900,12.3900,12.3900,0
20130502,12.5400,12.5700,12.0500,12.1500,8531000
20130503,12.9800,13.4800,12.4900,12.5500,15259800
20130506,13.2600,13.4400,12.9100,12.9700,13262800
20130507,13.1700,13.2400,12.9500,13.1100,9532600
20130508,13.1000,13.5500,12.9800,13.1200,10871500
20130509,13.0600,13.1000,12.7300,13.0300,8681100
20130510,13.5000,13.5600,12.9500,13.0000,12493700
20130513,13.5000,13.6000,13.2900,13.5600,7282600
20130514,13.2300,13.4900,13.1400,13.4400,5720200
20130515,13.1200,13.4400,13.0500,13.2500,5446700
20130516,14.4300,14.4300,13.0700,13.1200,18521800
20130517,14.6400,14.6700,14.1800,14.5000,20795500
20130520,14.9100,15.4200,14.3700,14.5000,21537600
20130521,14.9700,15.0200,14.4500,14.7000,12569600
20130522,14.7100,15.1400,14.6000,14.8900,8936200
20130523,14.3400,15.1200,14.3200,14.5100,13490500
20130524,14.6400,14.7200,14.3300,14.3600,9466900
20130527,14.5900,14.8800,14.5200,14.6400,7894000
20130528,15.1400,15.1600,14.5300,14.6100,13367600
20130529,14.8700,15.2200,14.8000,15.1700,9423400
20130530,14.7800,14.9900,14.6600,14.7300,7158400
20130531,14.2800,15.0500,14.2600,14.7000,7680400
20130603,14.2200,14.5800,14.1700,14.2800,5715400
20130604,13.8100,14.2000,13.7000,14.0000,7333700
20130605,13.8400,13.9300,13.6900,13.8500,3368400
20130606,13.6900,13.9300,13.6800,13.7500,3250200
20130607,13.2100,13.8800,12.9000,13.7100,6842800
20130610,13.2100,13.2100,13.2100,13.2100,0
20130611,13.2100,13.2100,13.2100,13.2100,0
20130612,13.2100,13.2100,13.2100,13.2100,0
20130613,12.9500,13.0000,12.5700,13.0000,6829000
20130614,13.5000,13.6000,13.0100,13.1400,5492100
20130617,13.3400,13.6800,13.2000,13.5000,3432500
20130618,13.4400,13.6000,13.2300,13.5200,2656700
20130619,13.3200,13.3600,12.9300,13.3300,4571500
20130620,13.5100,13.7800,13.1600,13.3300,6043300
20130621,13.7500,13.9300,12.8300,12.9300,6951500
20130624,12.7300,13.6500,12.5600,13.5700,7691300
20130625,12.7700,12.9000,11.5000,12.4400,6317900
20130626,13.2900,13.5000,12.5100,12.6900,6280900
20130627,12.2800,13.3800,12.2300,13.2800,6943400
20130628,12.4700,12.8700,12.0100,12.1800,3602900
20130701,12.6000,12.7500,12.4000,12.5700,2411900
20130702,12.7200,12.8700,12.4100,12.6000,3818100
20130703,12.3600,12.6000,12.1600,12.6000,3994800
20130704,12.5800,12.7500,12.2900,12.3600,4685100
20130705,12.7600,13.0500,12.5900,12.5900,6323400
20130708,13.4500,13.6600,12.2800,12.6400,13552100
20130709,13.2400,13.6500,13.0600,13.2600,8647400
20130710,14.2800,14.3500,13.1300,13.2400,14956900
20130711,14.3500,14.9700,13.9700,14.0500,20841000
20130712,13.9600,14.4500,13.9200,14.2100,10036400
20130715,14.1000,14.4700,13.7200,14.0000,9465400
20130716,14.1400,14.2800,13.9600,13.9600,5916500
20130717,13.6900,14.2800,13.6800,14.1100,5954700
20130718,13.6700,13.9600,13.5800,13.6000,4276500
20130719,13.3600,13.9000,13.2600,13.6800,4522500
20130722,12.8300,13.1500,12.3000,13.1500,7631700
20130723,13.1600,13.2900,12.7300,12.7800,5901400
20130724,12.9000,13.0900,12.6200,12.9100,5704100
20130725,13.1000,13.5700,12.8200,12.9100,7572000
20130726,12.9800,13.1900,12.7800,12.9500,4258600
20130729,12.8600,13.0100,12.6300,12.7800,2923900
20130730,13.3500,13.7600,12.7600,12.8800,7414200
20130731,13.3400,13.6600,13.3100,13.3500,6704400
20130801,13.7400,13.7800,13.2200,13.3600,7093200
20130802,13.4000,13.9500,13.3700,13.8000,7004000
20130805,13.6400,13.6500,13.3300,13.4000,3650200
20130806,13.7400,13.7900,13.5400,13.7000,5260300
20130807,13.6800,14.0000,13.6300,13.7000,6312700
20130808,13.4400,13.7700,13.4100,13.6300,4363700
20130809,13.6500,13.7200,13.3700,13.5500,3444000
20130812,14.0300,14.1500,13.5700,13.6800,8595600
20130813,13.9700,14.0200,13.8200,13.9800,6558600
20130814,13.8100,14.0500,13.7600,13.9300,5626300
20130815,13.8500,14.1100,13.6800,13.8500,6584000
20130816,13.5100,14.6800,13.4500,13.6500,11194400
20130819,13.2600,13.3300,12.8300,13.1000,6192500
20130820,13.1300,13.4400,13.0500,13.1900,4305500
20130821,13.3700,13.4200,13.0900,13.1600,3199800
20130822,13.3000,13.6400,13.2300,13.3800,3796100
20130823,13.0400,13.4300,12.9200,13.3500,4024800
20130826,13.5700,13.8000,13.1300,13.1300,8609800
20130827,13.9900,14.2700,13.6100,13.6500,16684100
20130828,14.4000,14.7800,13.7200,13.8300,26410100
20130829,14.9500,15.8400,14.7600,15.2600,37347800
20130830,16.4500,16.4500,14.5400,14.7600,37803900
20130902,17.4600,18.1000,16.5300,18.1000,78593800
20130903,16.4800,16.9500,16.1300,16.6600,47916600
20130904,16.6300,17.4900,16.2800,16.3200,43810800
20130905,16.0700,16.3500,15.5900,16.1000,34744100
20130906,16.6600,17.3900,16.3200,16.5800,44147800
20130909,17.8700,18.3300,16.7100,16.9500,67030700
20130910,18.0800,18.5400,17.5000,17.6000,55048800
20130911,17.0200,17.9800,16.8300,17.9000,38687900
20130912,17.2200,17.9400,16.8600,17.0000,39231600
20130913,16.6300,17.2700,16.4000,17.0000,27764800
20130916,16.2200,16.8000,16.1800,16.7000,18451900
20130917,16.0200,16.5300,15.9000,16.1500,17026800
20130918,16.1900,16.4300,16.0000,16.0500,12563500
20130920,16.1900,16.1900,16.1900,16.1900,0
20130923,16.4800,16.5900,16.0600,16.2300,20265500
20130924,16.0200,16.3900,15.6500,16.3900,23530100
20130925,16.5800,17.6000,15.7000,15.8100,38534800
20130926,15.0700,16.2900,15.0500,16.1500,27733200
20130927,15.1300,15.3500,14.7900,15.0100,11847900
20130930,15.2200,15.5000,15.1000,15.2400,8954200
20131001,15.2200,15.2200,15.2200,15.2200,0
20131002,15.2200,15.2200,15.2200,15.2200,0
20131003,15.2200,15.2200,15.2200,15.2200,0
20131004,15.2200,15.2200,15.2200,15.2200,0
20131007,15.2200,15.2200,15.2200,15.2200,0
20131008,15.5200,15.6400,14.8100,15.1500,11210400
20131009,15.4600,15.6000,15.2700,15.3900,11337100
20131010,15.1400,15.7700,15.0800,15.3800,14736200
20131011,16.0000,16.1500,15.2000,15.2500,22016500
20131014,16.2900,16.5500,15.5000,15.8800,24366900
20131015,16.0800,16.4800,15.8300,16.3200,15204700
20131016,15.1200,16.0000,14.8900,16.0000,16824600
20131017,14.9600,15.4300,14.8000,15.3200,9628500
20131018,15.1200,15.3700,14.9300,14.9900,7408500
20131021,15.3300,15.4000,14.9500,15.1300,10705200
20131022,15.1400,15.3200,14.9600,15.3200,9277300
20131023,15.0000,15.5100,14.9500,15.1200,10334900
20131024,14.6200,15.1200,14.6000,14.9000,7199700
20131025,14.2200,14.7600,14.1200,14.6400,9857400
20131028,14.8100,15.0400,14.1500,14.2000,8777400
20131029,14.5100,14.9700,14.0000,14.6000,8524500
20131030,14.6500,14.7500,14.3000,14.4000,5857100
20131031,14.3600,14.7500,14.2800,14.7500,3689100
20131101,14.5000,14.7000,14.2900,14.3000,4412100
20131104,14.5500,14.7500,14.4800,14.5100,4995400
20131105,14.7100,14.7800,14.2600,14.5000,5143000
20131106,14.3000,14.7900,14.2200,14.6500,5671000
20131107,14.3600,14.7700,14.2000,14.2600,7776400
20131108,14.1700,14.6500,14.0200,14.2000,9672000
20131111,14.3600,14.4900,14.0200,14.2800,4811200
20131112,14.6100,14.6300,14.2000,14.3200,5764500
20131113,14.3600,14.8300,14.2100,14.5700,5913700
20131114,14.3300,14.4300,14.2000,14.3000,4386500
20131115,14.8900,15.2700,14.3300,14.3700,14695400
20131118,15.3800,15.4900,14.7600,14.8500,16942300
20131119,15.1600,15.3000,15.0500,15.2700,8376700
20131120,15.2900,15.3500,15.0500,15.2600,6868600
20131121,15.1100,15.2900,15.0000,15.2900,7004900
20131122,14.9100,15.2000,14.9000,15.0800,7141900
20131125,15.0500,15.1700,14.8000,14.8600,5543000
20131126,15.0300,15.2100,14.8800,14.9800,4869500
20131127,15.3000,15.3700,14.9700,15.0300,9101100
20131128,15.3100,15.4500,15.1900,15.2800,9606100
20131129,15.1000,15.3800,15.0500,15.3000,8299300
20131202,15.1600,15.9800,14.8500,14.9900,16562900
20131203,15.4000,15.4700,15.0300,15.1600,9085100
20131204,15.5900,15.9000,15.2200,15.3900,15392700
20131205,15.5300,15.6800,15.4000,15.4100,7820100
20131206,15.4200,15.7500,15.3900,15.4800,7354600
20131209,15.2300,15.5800,15.1600,15.5500,7236500
20131210,15.2400,15.4600,15.1800,15.2300,4484500
20131211,14.6600,15.1600,14.6300,15.1500,7717100
20131212,14.6600,14.8400,14.6400,14.7200,3873000
20131213,14.7600,14.8400,14.6500,14.6600,3269800
20131216,14.6900,14.9700,14.6900,14.8100,4090800
20131217,14.8600,14.8700,14.6000,14.6800,3026800
20131218,15.1800,15.1900,14.7700,14.8600,5063500
20131219,15.1700,15.3600,15.0100,15.2000,4638300
20131220,15.1900,15.4000,15.1200,15.2000,6225000
20131223,14.4900,15.2000,14.2500,15.1800,5390400
20131224,14.5700,14.6900,14.3300,14.3300,2332200
20131225,14.5900,14.6800,14.5000,14.5100,1968200
20131226,13.8400,14.5900,13.8000,14.5900,5107000
20131227,14.1000,14.1700,13.8500,13.8700,2863400
20131230,14.0500,14.3000,14.0300,14.1600,2435900
20131231,14.2500,14.2800,14.0000,14.0500,2886500
20140101,14.2500,14.2500,14.2500,14.2500,0
20140102,14.2400,14.2900,14.1200,14.1500,2407900
20140103,14.1500,14.2300,14.0400,14.1800,2979800
20140106,13.8900,14.1400,13.8200,14.1400,3367900
20140107,14.2200,14.3800,13.7300,13.8700,3742900
20140108,14.2900,14.3700,14.1200,14.1200,2505800
20140109,14.2000,14.3900,14.1900,14.2700,2603100
20140110,14.3900,14.4300,14.1800,14.2000,3065400
20140113,14.4500,14.6200,14.3600,14.3600,4136600
20140114,14.9100,14.9200,14.4000,14.4700,4764900
20140115,14.9600,15.1200,14.8100,14.8800,3567000
20140116,14.9900,15.0700,14.7800,14.9800,3055200
20140117,14.6100,14.9000,14.4900,14.8800,2615800
20140120,14.6200,14.7500,14.5600,14.5900,2083000
20140121,14.6600,14.9000,14.6000,14.6200,2346400
20140122,15.2500,15.2700,14.6700,14.7300,6010800
20140123,15.2500,15.5800,15.1300,15.4200,7746200
20140124,15.3600,15.6000,15.1600,15.2400,6167500
20140127,15.3600,15.3600,15.3600,15.3600,0
20140128,15.3600,15.3600,15.3600,15.3600,0
20140129,15.3600,15.3600,15.3600,15.3600,0
20140130,15.3600,15.3600,15.3600,15.3600,0
20140131,15.3600,15.3600,15.3600,15.3600,0
20140203,15.3600,15.3600,15.3600,15.3600,0
20140205,15.3600,15.3600,15.3600,15.3600,0
20140206,15.3600,15.3600,15.3600,15.3600,0
20140207,15.3600,15.3600,15.3600,15.3600,0
20140210,15.3600,15.3600,15.3600,15.3600,0
20140211,15.3600,15.3600,15.3600,15.3600,0
20140212,15.8100,16.4800,15.4000,15.8000,13466900
20140213,15.3900,16.0000,15.3000,15.6000,7887600
20140214,15.4200,15.6900,15.1000,15.1600,6087000
20140217,15.4600,15.6400,15.2300,15.5200,6114900
20140218,15.1100,15.5000,15.0500,15.4600,5988400
20140219,15.2800,15.4500,14.9400,15.0900,6326300
20140220,15.1200,15.4700,15.0100,15.2000,6589000
20140221,14.5900,15.1800,14.5100,15.0900,5693700
20140224,14.2200,14.3800,14.0300,14.3800,4107900
20140225,13.9300,14.4300,13.8200,14.2200,4241900
