20130226,11.5800,11.8800,11.5600,11.8800,3211500
20130227,11.6500,11.7300,11.5200,11.5900,2893900
20130228,11.9500,11.9800,11.5900,11.7100,3773900
20130301,11.8200,12.0500,11.6500,11.9300,4006600
20130304,10.9500,11.6500,10.8000,11.6500,5342400
20130305,11.1200,11.2400,10.8800,11.0000,3327000
20130306,11.2800,11.4000,11.1000,11.1400,3498100
20130307,11.4100,11.5900,11.0400,11.2000,5225700
20130308,11.2000,11.3800,11.1100,11.3400,2304100
20130311,11.4600,11.5800,11.0900,11.1300,4018000
20130312,11.1100,11.5900,10.8200,11.4400,4089600
20130313,11.3300,11.4700,10.9200,11.1000,4051500
20130314,11.1000,11.3600,11.0600,11.2000,2584000
20130315,11.3400,11.4800,11.0200,11.1800,4373800
20130318,10.7900,11.2500,10.7500,11.2500,3750600
20130319,10.7100,10.9400,10.3600,10.7900,2432600
20130320,10.9700,10.9900,10.6000,10.7000,2661700
20130321,11.0800,11.2000,10.8800,10.9600,3020200
20130322,11.4300,11.5500,10.9800,11.0900,5076300
20130325,11.4200,11.6100,11.2400,11.3500,4213500
20130326,11.1300,11.4000,11.0400,11.3000,2653200
20130327,11.1600,11.3200,11.0500,11.1000,2391500
20130328,10.6400,11.2000,10.6000,11.2000,2569300
20130329,10.5600,10.7500,10.4600,10.6200,1371300
20130401,10.7200,10.7900,10.5100,10.5800,1272900
20130402,10.5900,10.8500,10.5300,10.7900,1449600
20130403,10.7300,10.7800,10.5100,10.5800,1624200
20130404,10.7300,10.7300,10.7300,10.7300,0
20130405,10.7300,10.7300,10.7300,10.7300,0
20130408,10.5700,10.6400,10.1200,10.6300,1584200
20130409,10.7000,10.8000,10.5000,10.5100,1977000
20130410,10.9100,10.9600,10.6600,10.7000,2891400
20130411,10.7800,10.9600,10.7500,10.9100,1627800
20130412,10.5600,10.9500,10.5600,10.8100,2091400
20130415,10.2600,10.4800,10.2000,10.4800,2340500
20130416,10.3000,10.3800,10.0800,10.2200,1943300
20130417,10.2900,10.3600,10.1500,10.3200,1197900
20130418,10.1100,10.2700,10.0000,10.1400,2030200
20130419,10.4700,10.4900,10.1200,10.1200,2687300
20130422,10.4400,10.4400,10.3300,10.3600,1640800
20130423,10.1300,10.4700,10.0900,10.3600,2150500
20130424,10.3000,10.3500,10.0700,10.1900,1289300
20130425,10.0400,10.3000,9.9100,10.2800,2330400
20130426,9.5900,10.2900,9.5000,10.1800,2506500
20130429,9.5900,9.5900,9.5900,9.5900,0
20130430,9.5900,9.5900,9.5900,9.5900,0
20130501,9.5900,9.5900,9.5900,9.5900,0
20130502,9.5900,9.6000,9.4200,9.5900,1453300
20130503,9.7600,9.8700,9.5900,9.6600,1723700
20130506,9.8700,9.9700,9.7800,9.8700,2476500
20130507,10.1500,10.2400,9.8000,9.8900,4317400
20130508,10.0800,10.2000,9.9100,10.1000,2476500
20130509,9.9600,10.1200,9.8200,10.0100,1861300
20130510,10.1900,10.3800,9.8800,9.9000,2875800
20130513,10.0800,10.2400,10.0300,10.1300,1878100
20130514,9.9400,10.0900,9.8000,10.0700,2259900
20130515,10.1800,10.5900,9.9900,9.9900,3983800
20130516,10.1700,10.1800,9.9100,10.0800,3393600
20130517,10.3100,10.3200,10.0800,10.1800,3400600
20130520,10.4300,10.4800,10.2900,10.3200,3982000
20130521,10.5400,10.5500,10.2500,10.3800,3967900
20130522,10.5400,10.6200,10.4000,10.4700,3601200
20130523,10.2100,10.5000,10.1900,10.4300,3252300
20130524,10.2800,10.3300,10.1400,10.2500,1874100
20130527,10.3800,10.4100,10.2000,10.2800,2518700
20130528,10.4500,10.4700,10.2200,10.3200,3323700
20130529,10.6800,10.8500,10.4300,10.4600,6778600
20130530,10.5700,10.6700,10.5200,10.6600,3401900
20130531,10.5700,10.8500,10.5400,10.5500,3660400
20130603,10.3300,10.6100,10.2800,10.5200,3028200
20130604,10.0100,10.3800,9.9800,10.3600,2448300
20130605,9.9600,10.0500,9.8600,9.9300,2076400
20130606,9.7700,9.9600,9.7300,9.9500,2557200
20130607,9.4700,9.8200,9.3700,9.7900,2378600
20130610,9.4700,9.4700,9.4700,9.4700,0
20130611,9.4700,9.4700,9.4700,9.4700,0
20130612,9.4700,9.4700,9.4700,9.4700,0
20130613,8.9600,9.4300,8.8700,9.4300,2163000
20130614,9.1000,9.1400,8.9500,9.0200,1455900
20130617,8.9800,9.1200,8.9000,9.1100,1365800
20130618,8.9600,9.0500,8.8500,8.9300,970100
20130619,9.0800,9.0900,8.6000,8.9300,2048000
20130620,8.8400,9.0500,8.8200,9.0500,1418700
20130621,8.9500,9.2000,8.6200,8.6600,2743200
20130624,8.1200,8.9000,8.1000,8.8500,2866500
20130625,7.8300,8.1300,7.3100,8.0600,4320000
20130626,7.8300,7.8900,7.5000,7.7800,2594700
20130627,7.7300,7.9000,7.6500,7.8400,2348200
20130628,7.8000,7.9500,7.5000,7.6600,1777700
20130701,7.9000,7.9000,7.5000,7.7700,1208600
20130702,7.9200,7.9900,7.8000,7.8900,1167800
20130703,7.7900,8.0000,7.6500,7.8400,1350900
20130704,8.0100,8.1900,7.6700,7.7700,2615800
20130705,8.3500,8.4700,7.9300,8.0000,3681700
20130708,7.7700,8.1800,7.7000,8.1800,2083800
20130709,7.9400,8.0200,7.6400,7.7700,2110900
20130710,8.2500,8.3300,7.8100,7.9100,2714800
20130711,8.7000,8.8000,8.2200,8.2500,5982300
20130712,8.4400,8.7600,8.4100,8.6000,3542000
20130715,8.5700,8.7500,8.4000,8.4300,2104100
20130716,8.5600,8.6400,8.4500,8.4900,1680000
20130717,8.3700,8.5900,8.3100,8.5600,2511400
20130718,8.4000,8.4900,8.2500,8.3800,1254200
20130719,7.8700,8.4400,7.8400,8.3600,2129800
20130722,7.9400,7.9800,7.7000,7.8700,2157800
20130723,8.4100,8.6300,7.9300,7.9300,3433900
20130724,8.2300,8.3500,8.0600,8.3300,2206200
20130725,8.1700,8.3500,8.1200,8.2800,1145100
20130726,8.0100,8.1500,7.9500,8.1100,1199900
20130729,7.6900,8.0200,7.6100,8.0200,2284800
20130730,7.7200,7.8100,7.6200,7.7000,2006700
20130731,7.7200,7.8800,7.6800,7.7800,1618400
20130801,7.9300,7.9500,7.6300,7.7100,1774500
20130802,7.9900,8.1000,7.8800,7.9700,2493600
20130805,8.1100,8.1400,7.9100,7.9300,1495200
20130806,8.1500,8.2400,7.9600,8.1100,1945300
20130807,8.1700,8.3200,8.0900,8.1600,2407900
20130808,8.2500,8.2900,8.1300,8.1700,2600000
20130809,8.4300,8.5700,8.1700,8.2400,5008000
20130812,8.7500,8.8500,8.3000,8.4300,6118900
20130813,8.8700,9.3500,8.8500,9.0200,9139700
20130814,9.0200,9.3800,8.6100,8.8500,9398500
20130815,9.0300,9.1700,8.7900,8.9300,5476900
20130816,8.9900,9.3700,8.9500,8.9900,6687900
20130819,8.8700,8.9500,8.5500,8.8200,4724400
20130820,8.6000,8.8700,8.5700,8.8500,3201600
20130821,8.6500,8.6600,8.4800,8.6200,2422100
20130822,8.6000,8.7500,8.5700,8.6500,2729800
20130823,8.8800,8.9000,8.5500,8.6800,3972100
20130826,8.9100,8.9700,8.7600,8.8500,2827800
20130827,8.8200,8.9500,8.7800,8.8800,2744100
20130828,8.8400,8.9100,8.6800,8.8000,3310900
20130829,8.4900,8.9200,8.3600,8.8900,6846200
20130830,8.2300,8.5300,8.1500,8.4700,3810300
20130902,8.3400,8.3800,8.1500,8.2600,2592900
20130903,8.4400,8.4600,8.2800,8.3100,2244900
20130904,8.5300,8.6500,8.3800,8.4800,2766800
20130905,8.4000,8.5200,8.3700,8.5200,2092000
20130906,8.6600,8.7900,8.3200,8.4000,4143100
20130909,8.8500,8.9100,8.5800,8.6500,5967800
20130910,8.8300,8.8900,8.7300,8.8200,3793800
20130911,8.8900,9.1600,8.7700,8.7700,6704000
20130912,8.9200,8.9400,8.7000,8.8500,3962700
20130913,8.8500,8.9100,8.6400,8.9000,4186900
20130916,8.6500,8.9200,8.6300,8.9200,2463500
20130917,8.4600,8.7000,8.4200,8.6800,1996200
20130918,8.5700,8.5900,8.4200,8.5000,1237200
20130920,8.5700,8.5700,8.5700,8.5700,0
20130923,8.6700,8.7300,8.4400,8.6000,2797400
20130924,8.6000,8.6700,8.5000,8.5000,1881400
20130925,8.6100,8.6800,8.5300,8.5800,2202100
20130926,8.4200,8.6200,8.4000,8.5500,1802800
20130927,8.4800,8.4900,8.3600,8.3600,1327300
20130930,8.2900,8.3300,8.2500,8.3300,716500
20131001,8.2900,8.2900,8.2900,8.2900,0
20131002,8.2900,8.2900,8.2900,8.2900,0
20131003,8.2900,8.2900,8.2900,8.2900,0
20131004,8.2900,8.2900,8.2900,8.2900,0
20131007,8.2900,8.2900,8.2900,8.2900,0
20131008,8.4400,8.4700,8.2600,8.2900,1045200
20131009,8.4100,8.4400,8.3400,8.4400,1275900
20131010,8.3700,8.4400,8.3100,8.4300,1215400
20131011,8.5500,8.5500,8.3900,8.4100,2423400
20131014,8.5400,8.6400,8.4800,8.6000,2337800
20131015,8.8000,8.8100,8.5000,8.5400,4456100
20131016,9.3000,9.3300,8.5500,8.7500,12774400
20131017,9.0900,9.3000,9.0200,9.2500,6602000
20131018,9.1400,9.3000,8.6900,9.0000,10535900
20131021,9.5300,9.5500,8.9100,9.0500,15421400
20131022,9.3000,9.4500,9.2200,9.3500,6953200
20131023,9.1000,9.3100,9.0700,9.3000,3857300
20131024,9.3800,9.9500,9.3100,9.5000,11715600
20131025,8.9500,9.1900,8.8900,9.0400,5050800
20131028,8.6700,8.8800,8.6000,8.8800,3593200
20131029,8.3200,8.8000,8.1400,8.6700,4435800
20131030,8.4800,8.5400,8.3300,8.3300,2586000
20131031,8.3200,8.5300,8.2600,8.5200,2077400
20131101,8.4400,8.4500,8.2700,8.3100,1786100
20131104,8.5200,8.5600,8.3800,8.4400,1829100
20131105,8.5300,8.5500,8.3000,8.4700,1820300
20131106,8.6700,8.8000,8.4100,8.5000,3272000
20131107,8.8200,8.9800,8.5800,8.6100,4178900
20131108,8.3800,8.8500,8.2900,8.7300,3018600
20131111,8.4200,8.4800,8.2000,8.3500,1801600
20131112,8.4000,8.4200,8.2900,8.3300,1673900
20131113,8.6100,8.6100,8.1000,8.3800,4403100
20131114,8.8800,8.9700,8.5000,8.5200,4357800
20131115,8.9400,9.1000,8.7500,8.8500,7724700
20131118,9.0200,9.0700,8.8800,8.9400,5857700
20131119,8.8400,8.9600,8.8100,8.9600,3729800
20131120,9.0500,9.0800,8.6900,8.9000,5477400
20131121,8.8700,9.0100,8.8600,9.0000,2792400
20131122,8.9900,9.0300,8.8100,8.8600,3283500
20131125,8.9100,9.1100,8.8700,8.9200,3104700
20131126,8.8000,8.9700,8.7200,8.9700,2486600
20131127,8.8400,8.8700,8.7000,8.8000,2387000
20131128,9.0500,9.1500,8.8100,8.8600,4932400
20131129,8.9300,9.0300,8.8500,9.0100,3333900
20131202,8.4600,8.8000,8.2600,8.6800,4381300
20131203,8.6300,8.6400,8.4000,8.4700,1740000
20131204,8.7600,8.8000,8.5800,8.6300,3060900
20131205,8.8000,8.8300,8.6900,8.7800,2292000
20131206,8.6600,8.8000,8.6400,8.7500,2697800
20131209,8.7300,8.7700,8.6600,8.7100,2220500
20131210,8.7100,8.7600,8.6500,8.7100,2477700
20131211,8.5500,8.6900,8.5200,8.6900,2075400
20131212,8.7000,8.7900,8.5100,8.5400,2446800
20131213,8.7100,8.7600,8.6100,8.6500,1570600
20131216,8.4900,8.7500,8.4600,8.7100,1569900
20131217,8.4200,8.5300,8.3500,8.5200,1399200
20131218,8.4100,8.4700,8.3100,8.4100,924800
20131219,8.2500,8.4500,8.2300,8.4000,1183600
20131220,8.2900,8.4700,8.1900,8.2700,1941600
20131223,8.3700,8.7300,8.2000,8.2000,1929200
20131224,8.4300,8.5100,8.3000,8.4300,1997100
20131225,8.4100,8.4700,8.3500,8.4300,1129500
20131226,8.1200,8.4700,8.0100,8.4300,1949500
20131227,8.2400,8.2700,8.1000,8.1300,1045200
20131230,8.2100,8.3600,8.1900,8.3500,1331300
20131231,8.2400,8.2900,8.1300,8.2000,1175400
20140101,8.2400,8.2400,8.2400,8.2400,0
20140102,8.0700,8.2300,8.0000,8.2000,2757500
20140103,7.8500,8.0500,7.8000,8.0500,2535600
20140106,7.5700,7.8300,7.5700,7.7900,1399100
20140107,7.6800,7.7100,7.5900,7.6000,983400
20140108,7.5800,7.7400,7.4300,7.7000,2223900
20140109,7.2900,7.6200,7.2800,7.5600,1819700
20140110,6.9600,7.2900,6.9500,7.2900,2530200
20140113,6.9600,7.1200,6.9200,6.9400,2185200
20140114,7.1300,7.1400,6.9000,6.9700,1184900
20140115,7.1900,7.2400,7.0000,7.1300,1745700
20140116,7.3100,7.5600,7.1000,7.2200,2682700
20140117,7.1600,7.4600,7.0800,7.2800,1236800
20140120,7.0100,7.1900,6.9800,7.1100,1016700
20140121,7.1900,7.4300,7.0300,7.0700,1625600
20140122,7.3600,7.3900,7.1600,7.2100,2077000
20140123,7.3300,7.3800,7.2700,7.3600,1690000
20140124,7.4400,7.4800,7.2000,7.3300,2332200
20140127,7.2800,7.4200,7.2300,7.4200,1620600
20140128,7.2500,7.3100,7.2300,7.2900,1000800
20140129,7.2400,7.3200,7.2300,7.2500,1122400
20140130,7.2200,7.2900,7.1500,7.2500,942200
20140131,7.2200,7.2200,7.2200,7.2200,0
20140203,7.2200,7.2200,7.2200,7.2200,0
20140205,7.2200,7.2200,7.2200,7.2200,0
20140206,7.2200,7.2200,7.2200,7.2200,0
20140207,7.3100,7.3400,7.1500,7.1600,849300
20140210,7.5600,7.6300,7.3100,7.3100,4381100
20140211,7.5600,7.6100,7.4900,7.5900,2799500
20140212,7.9300,8.0300,7.6900,7.6900,6874700
20140213,7.8200,8.0000,7.8000,7.8400,3428700
20140214,7.9400,7.9600,7.8100,7.8200,2096700
20140217,7.8900,7.9500,7.7800,7.9100,5492700
20140218,7.7900,7.8800,7.7600,7.8400,3025000
20140219,7.8000,7.8600,7.7300,7.8200,2500800
20140220,7.8800,8.0400,7.8200,7.8600,4654500
20140221,7.6300,7.8900,7.5900,7.8800,2727400
20140224,7.6200,7.6300,7.5200,7.5600,1518400
20140225,7.3100,7.6800,7.3000,7.6000,2717400
