20130226,6.9400,7.0800,6.8200,6.9200,7066800
20130227,7.0500,7.3500,7.0000,7.3500,8977400
20130228,7.1300,7.1800,7.0000,7.0500,9421100
20130301,7.1400,7.1600,7.0300,7.1000,7634700
20130304,6.7600,7.0400,6.6600,7.0400,9241900
20130305,6.8900,6.9100,6.7400,6.7500,5804400
20130306,6.9900,7.0400,6.8400,6.8900,6957400
20130307,6.9200,6.9900,6.8000,6.9700,5203000
20130308,6.9600,7.0800,6.8500,6.9000,5509500
20130311,6.9400,7.0400,6.8500,6.9600,3668800
20130312,6.7100,7.0300,6.6000,6.9000,6616300
20130313,6.5700,6.7000,6.4700,6.6300,4330100
20130314,6.5600,6.6100,6.5200,6.5600,2427800
20130315,6.5200,6.6700,6.4400,6.5600,4085700
20130318,6.3300,6.5700,6.3200,6.5400,3429700
20130319,6.3500,6.4100,6.2100,6.3200,3961300
20130320,6.6800,6.7300,6.3500,6.3700,8314800
20130321,6.6800,6.7900,6.6000,6.6200,5672500
20130322,6.6600,6.7300,6.6000,6.6800,3375200
20130325,6.6700,6.7200,6.6300,6.6600,3935600
20130326,6.9500,7.1800,6.5600,6.6500,16809200
20130327,6.8600,6.9800,6.8100,6.9300,7914000
20130328,6.4900,6.8100,6.4100,6.8000,6438500
20130329,6.5000,6.6300,6.4500,6.4700,2628000
20130401,6.5100,6.6300,6.4400,6.4600,2499500
20130402,6.4200,6.6100,6.3700,6.5100,3805200
20130403,6.3600,6.4900,6.3200,6.4300,2375000
20130404,6.3600,6.3600,6.3600,6.3600,0
20130405,6.3600,6.3600,6.3600,6.3600,0
20130408,6.3800,6.3800,6.1400,6.2700,2448800
20130409,6.4800,6.6300,6.3800,6.3800,3679300
20130410,6.4800,6.5200,6.4000,6.4400,2612400
20130411,6.4800,6.5400,6.4300,6.5400,2475700
20130412,6.3900,6.5200,6.3800,6.5200,1829700
20130415,6.3600,6.4400,6.3000,6.4400,2075600
20130416,6.4300,6.4700,6.2300,6.3300,2191000
20130417,6.4000,6.5200,6.3500,6.4400,1674300
20130418,6.4000,6.4900,6.3600,6.4000,1815700
20130419,6.5300,6.5800,6.4100,6.4200,4605100
20130422,6.4800,6.5100,6.4200,6.5000,3070600
20130423,6.3800,6.4900,6.2700,6.4800,4145600
20130424,6.8900,6.9700,6.3600,6.3600,14342400
20130425,6.8300,6.9600,6.7700,6.8300,10043300
20130426,6.8300,7.0800,6.7100,6.8500,9196200
20130429,6.8300,6.8300,6.8300,6.8300,0
20130430,6.8300,6.8300,6.8300,6.8300,0
20130501,6.8300,6.8300,6.8300,6.8300,0
20130502,6.9800,7.0200,6.6900,6.8600,9270400
20130503,7.2000,7.2900,6.9400,7.0000,18302700
20130506,7.2100,7.3000,7.1500,7.2200,14273300
20130507,7.5600,7.6000,7.1500,7.1500,29789300
20130508,7.5200,7.6500,7.3200,7.5100,27107400
20130509,7.4300,7.6000,7.3600,7.5000,17199300
20130510,7.4800,7.5200,7.3000,7.4400,18708400
20130513,7.4800,7.6200,7.4000,7.4600,24566900
20130514,7.3900,7.4700,7.2900,7.4700,14505300
20130515,7.6600,7.7100,7.3100,7.4200,30891200
20130516,7.5800,7.7300,7.5600,7.6300,24535300
20130517,7.3500,7.5700,7.2200,7.5700,22856200
20130520,7.3600,7.4300,7.2700,7.3400,12416100
20130521,7.3900,7.4000,7.2300,7.3500,12230200
20130522,7.5100,7.5900,7.2900,7.3600,18298700
20130523,7.0600,7.4400,7.0500,7.4400,19101200
20130524,7.1000,7.1300,7.0200,7.0400,8575800
20130527,7.1300,7.2000,7.0500,7.1000,7663800
20130528,7.2500,7.3300,6.9700,7.1100,14338600
20130529,7.1900,7.2400,7.1000,7.2000,9446400
20130530,7.2600,7.3500,7.1400,7.1600,10181200
20130531,7.0900,7.3100,7.0800,7.2400,8174800
20130603,7.0300,7.1300,7.0100,7.0700,5183500
20130604,6.8400,7.0200,6.8100,7.0200,5979000
20130605,6.8000,6.8900,6.6800,6.8400,4306500
20130606,6.6000,6.7800,6.5800,6.7300,4208700
20130607,6.4600,6.6600,6.3000,6.6100,4559100
20130610,6.4600,6.4600,6.4600,6.4600,0
20130611,6.4600,6.4600,6.4600,6.4600,0
20130612,6.4600,6.4600,6.4600,6.4600,0
20130613,6.2100,6.4100,6.1600,6.4100,5399500
20130614,6.2600,6.2900,6.2000,6.2300,3248600
20130617,6.2200,6.2800,6.1400,6.2700,2418900
20130618,6.3500,6.3900,6.2000,6.2200,3149900
20130619,6.3800,6.3900,6.1500,6.3200,3027600
20130620,6.1900,6.4400,6.1700,6.3400,4297100
20130621,6.0000,6.1100,5.8800,6.0900,3879700
20130624,5.5900,6.0600,5.4000,6.0000,6682800
20130625,6.1500,6.1500,5.5100,5.5200,20337900
20130626,6.6900,6.7700,6.5500,6.6600,50043400
20130627,6.9100,7.1700,6.3500,6.4000,53283200
20130628,6.6800,6.9800,6.5500,6.6600,28578500
20130701,6.8800,7.0800,6.6600,6.7700,25704800
20130702,7.2000,7.2200,6.6000,6.7400,36421900
20130703,7.0600,7.1500,6.9500,7.0300,23412200
20130704,6.8700,7.2500,6.8300,6.9700,25154800
20130705,7.5600,7.5600,6.8800,7.0000,55738300
20130708,8.3200,8.3200,7.9100,8.0000,41854500
20130709,8.8100,9.1000,8.5100,8.6200,86262600
20130710,9.2200,9.6900,8.7400,8.9000,89837200
20130711,9.3600,9.4400,8.9500,9.0000,72513200
20130712,9.0900,9.4100,8.9400,9.2300,53288000
20130715,9.1900,9.2600,8.7500,8.9500,55424900
20130716,9.1900,9.4600,8.9300,9.1000,55364300
20130717,9.2900,9.6400,8.9000,9.0000,61285300
20130718,9.0200,9.2300,8.9400,9.1000,41542300
20130719,8.2100,9.0900,8.1800,9.0000,54201700
20130722,8.1200,8.1400,7.7700,7.9200,42718300
20130723,8.2700,8.5400,8.0300,8.0700,47778500
20130724,8.3400,8.4300,7.8700,8.1900,39649100
20130725,8.4500,8.7700,8.1200,8.2600,49224300
20130726,8.2400,8.6300,8.0800,8.4500,30730800
20130729,7.7000,8.0400,7.6700,8.0000,25888100
20130730,8.4700,8.4700,7.5800,7.7800,29247600
20130731,8.5900,8.9500,8.5400,8.7500,50416500
20130801,8.7400,8.9500,8.3100,8.5900,38987300
20130802,8.5400,8.8800,8.4700,8.7000,29984300
20130805,8.7900,8.9300,8.4800,8.6800,26718500
20130806,8.7700,8.8800,8.5800,8.7700,24137800
20130807,9.0500,9.4700,8.6400,8.7200,44149700
20130808,8.7900,8.9700,8.6700,8.9000,24297500
20130809,8.6600,8.9400,8.4400,8.7100,22298900
20130812,8.8400,8.9000,8.5600,8.6600,22502600
20130813,9.2200,9.5000,8.6300,8.8200,44970400
20130814,9.2200,9.6800,8.9700,9.0200,45462300
20130815,10.1400,10.1400,9.2900,9.3900,50528300
20130816,9.9200,10.9300,9.8800,10.3500,78518200
20130819,10.1100,10.3000,9.2300,9.3800,46610200
20130820,10.5700,10.8700,9.8100,9.9200,51575000
20130821,10.5100,10.8300,10.1600,10.5000,40810300
20130822,9.9900,10.6200,9.9400,10.4000,41844500
20130823,9.7000,10.1500,9.5000,10.0500,34353800
20130826,9.9000,9.9600,9.6900,9.8000,24947900
20130827,10.1500,10.4400,9.8600,9.8900,32588300
20130828,9.9500,10.3000,9.6800,10.1300,35711900
20130829,9.8400,10.3500,9.7700,9.9400,22320100
20130830,10.2800,10.6000,9.6200,9.6800,57914900
20130902,9.8000,10.1800,9.6100,10.1500,29260900
20130903,9.9000,9.9100,9.5100,9.6800,25764200
20130904,9.6400,9.9000,9.6200,9.8200,22012800
20130905,9.8500,10.0900,9.4200,9.5700,31753500
20130906,9.8900,10.0800,9.7000,9.7100,29468300
20130909,10.8800,10.8800,9.9800,10.1500,75347904
20130910,11.1200,11.4500,10.6000,10.8900,72876600
20130911,10.5800,11.1000,10.5400,11.1000,37270400
20130912,11.6400,11.6400,10.7100,10.8200,75996704
20130913,11.5100,12.6400,11.4700,11.9000,85987400
20130916,12.2300,12.3700,10.9800,11.5400,63069800
20130917,11.4100,12.1900,11.3800,11.8100,40916400
20130918,11.5500,11.8800,11.2400,11.3100,28866800
20130920,11.5500,11.5500,11.5500,11.5500,0
20130923,11.9000,11.9700,11.4400,11.4500,34666300
20130924,12.2300,12.3000,11.5000,11.9000,48338800
20130925,11.7700,12.1900,11.6200,12.0000,32496200
20130926,11.1800,11.6300,10.9500,11.6000,30002000
20130927,11.0800,11.3600,10.9300,11.0100,18105900
20130930,11.4100,11.5500,11.0900,11.1300,19009900
20131001,11.4100,11.4100,11.4100,11.4100,0
20131002,11.4100,11.4100,11.4100,11.4100,0
20131003,11.4100,11.4100,11.4100,11.4100,0
20131004,11.4100,11.4100,11.4100,11.4100,0
20131007,11.4100,11.4100,11.4100,11.4100,0
20131008,11.9400,12.3500,11.2200,11.4500,34436500
20131009,12.0000,12.1000,11.6700,11.7500,22859500
20131010,12.2600,12.7100,11.8500,11.9000,44443100
20131011,12.2900,12.4300,12.0900,12.3500,24686000
20131014,12.0400,12.3800,11.8200,12.3800,26386600
20131015,11.7100,11.9800,11.5800,11.8300,38005400
20131016,10.9600,11.5700,10.9100,11.4500,30538200
20131017,10.7500,11.4300,10.6100,11.1900,21796700
20131018,10.8900,11.0900,10.5100,10.8900,17345500
20131021,11.2200,11.2800,10.8200,10.8200,19247600
20131022,10.9700,11.3500,10.9000,11.2100,19421400
20131023,10.4200,11.1700,10.3100,10.9000,21230600
20131024,10.4700,10.6500,10.3300,10.4500,12100600
20131025,9.8400,10.5300,9.7000,10.4400,17838500
20131028,10.0700,10.2000,9.5800,9.8400,15983900
20131029,9.6000,10.1600,9.0700,10.0300,17314400
20131030,9.7500,9.8000,9.5000,9.5900,11014300
20131031,9.7700,10.0700,9.4400,9.6400,18003000
20131101,10.2700,10.3400,9.4600,9.6400,21789300
20131104,10.2900,10.4000,10.0000,10.1500,18090700
20131105,10.2900,10.3700,10.0200,10.1600,14526500
20131106,10.2600,10.6800,10.1100,10.2800,18799500
20131107,9.9200,10.3200,9.9000,10.1000,14470900
20131108,9.5000,9.8500,9.4900,9.7800,12693400
20131111,9.5500,9.6700,9.4200,9.5000,6535100
20131112,9.7600,9.8000,9.5100,9.6000,8950300
20131113,9.2400,9.6700,9.2200,9.6000,12653600
20131114,9.2700,9.3300,9.0800,9.2000,9616800
20131115,9.5400,9.6900,9.2800,9.2800,16567300
20131118,9.9000,9.9100,9.5900,9.6000,16541700
20131119,9.9500,10.1400,9.7100,9.9000,18024400
20131120,10.0700,10.1500,9.8500,9.9400,14690900
20131121,10.2700,10.3400,9.8800,9.9700,21480700
20131122,10.0900,10.4500,10.0500,10.2400,20664000
20131125,10.0800,10.3400,9.9500,10.0500,14364100
20131126,10.0800,10.2200,9.9700,10.0200,12338700
20131127,10.2000,10.2400,10.0000,10.1000,11831400
20131128,10.1000,10.3500,10.0600,10.2000,16588600
20131129,10.3500,10.5000,10.0300,10.1100,23581500
20131202,9.8400,10.4500,9.8000,10.0600,22231700
20131203,10.0000,10.0900,9.6600,9.8300,10344500
20131204,10.2600,10.3400,9.9200,9.9200,19664400
20131205,10.2900,10.3800,10.1800,10.2800,15307600
20131206,10.1400,10.3200,10.0700,10.2500,9124200
20131209,10.1200,10.2400,10.0900,10.2100,6473000
20131210,10.3500,10.4800,10.1000,10.1200,18816400
20131211,10.0100,10.2900,9.9200,10.2900,12729600
20131212,9.8600,10.1000,9.8200,10.0000,9220400
20131213,9.7100,9.9800,9.6800,9.8400,8913900
20131216,9.3700,9.7800,9.3100,9.7000,11047300
20131217,9.4500,9.5700,9.3800,9.4400,5245800
20131218,9.6800,9.8600,9.4000,9.4600,8886400
20131219,9.8000,9.9500,9.5200,9.6200,14369000
20131220,10.7000,10.7700,9.8800,10.0000,55490300
20131223,10.6200,11.1500,10.3700,10.4000,47272500
20131224,10.3500,10.8000,10.1300,10.4300,33586500
20131225,10.2100,10.2700,9.9100,10.1800,24176900
20131226,9.5700,10.1500,9.5500,10.1400,20718100
20131227,9.8000,9.8600,9.3800,9.4000,16089100
20131230,9.6400,9.8800,9.5800,9.8700,12747100
20131231,9.6500,9.7100,9.4500,9.5600,7774800
20140101,9.6500,9.6500,9.6500,9.6500,0
20140102,9.5200,9.6600,9.4900,9.5900,10218700
20140103,9.2600,9.5200,9.1300,9.4800,14339500
20140106,8.8000,9.2300,8.7400,9.2300,11052800
20140107,9.2700,9.3300,8.7500,8.8000,14164900
20140108,9.1400,9.2800,9.0500,9.2800,9572400
20140109,8.8400,9.2400,8.8200,9.1100,8368800
20140110,8.7300,8.9300,8.7200,8.8300,6103400
20140113,8.5300,8.7800,8.5000,8.5400,6878300
20140114,8.7300,8.7600,8.5100,8.5900,5681300
20140115,8.8400,8.8500,8.6700,8.7000,5981000
20140116,8.8300,8.9200,8.7900,8.9000,7006200
20140117,8.9000,9.1400,8.7400,8.7400,10923300
20140120,9.0300,9.0600,8.6800,8.8800,9786600
20140121,9.0900,9.1100,8.9000,8.9000,8786700
20140122,9.2300,9.2800,9.0300,9.0800,11561000
20140123,9.1800,9.3000,9.0800,9.2300,11105300
20140124,9.2100,9.2600,9.1000,9.1100,10952600
20140127,9.1600,9.2700,9.0100,9.1100,10261700
20140128,9.0600,9.2000,9.0300,9.1800,6698900
20140129,8.9800,9.1200,8.9500,9.0300,7257900
20140130,8.8400,9.0600,8.8300,8.9800,4955700
20140131,8.8400,8.8400,8.8400,8.8400,0
20140203,8.8400,8.8400,8.8400,8.8400,0
20140205,8.8400,8.8400,8.8400,8.8400,0
20140206,8.8400,8.8400,8.8400,8.8400,0
20140207,8.9100,8.9300,8.6300,8.7500,5420800
20140210,9.2000,9.2000,8.9400,8.9500,11252700
20140211,9.2900,9.4100,9.1600,9.2300,14138800
20140212,9.8100,9.9100,9.1800,9.3000,26229400
20140213,9.4700,9.7800,9.4500,9.7800,18269900
20140214,9.5700,9.6400,9.4200,9.4200,10296000
20140217,9.7000,9.7600,9.5600,9.6400,13079700
20140218,9.7400,9.9100,9.6500,9.7700,15249000
20140219,9.7700,9.8800,9.5600,9.7500,15815100
20140220,9.5100,9.8700,9.5000,9.8500,13853900
20140221,9.2400,9.5500,9.0900,9.5100,10598300
20140224,9.0300,9.2300,8.9300,9.1700,9555300
20140225,8.8600,9.1700,8.7000,9.0800,11110400
