20130226,3.6700,3.7900,3.6600,3.7300,7027300
20130227,3.6500,3.7100,3.6300,3.6800,5300800
20130228,3.7200,3.7300,3.6400,3.6600,5910400
20130301,3.7400,3.7600,3.6800,3.7300,6506700
20130304,3.5200,3.7300,3.4700,3.7200,10061200
20130305,3.5900,3.5900,3.5100,3.5300,5237700
20130306,3.6800,3.6900,3.5600,3.6000,8262600
20130307,3.6900,3.7200,3.6500,3.6800,6975700
20130308,3.6400,3.7000,3.6300,3.6800,3830700
20130311,3.6200,3.6600,3.6000,3.6400,3834100
20130312,3.5100,3.6500,3.4500,3.6000,6942500
20130313,3.4700,3.5100,3.4300,3.5100,3518000
20130314,3.4800,3.5000,3.4300,3.4600,2896800
20130315,3.4600,3.5500,3.4400,3.4900,3561100
20130318,3.4100,3.4700,3.4000,3.4600,3832700
20130319,3.4400,3.4400,3.3700,3.4100,3149200
20130320,3.5000,3.5100,3.4200,3.4400,4532600
20130321,3.5100,3.5300,3.4700,3.5000,4899700
20130322,3.5400,3.5700,3.4800,3.5200,6246200
20130325,3.5400,3.5500,3.5100,3.5300,4058700
20130326,3.4800,3.5400,3.4600,3.5300,3968900
20130327,3.5000,3.5200,3.4600,3.4800,4124300
20130328,3.3600,3.4800,3.3500,3.4800,6183200
20130329,3.3900,3.4200,3.3700,3.3800,3427000
20130401,3.4100,3.4400,3.3900,3.3900,3553800
20130402,3.3700,3.4400,3.3500,3.4100,4007200
20130403,3.3500,3.4000,3.3100,3.3700,2727300
20130404,3.3500,3.3500,3.3500,3.3500,0
20130405,3.3500,3.3500,3.3500,3.3500,0
20130408,3.3600,3.3600,3.2600,3.3100,3152800
20130409,3.3700,3.4200,3.3400,3.3600,3306200
20130410,3.4500,3.4600,3.3400,3.3600,5175600
20130411,3.4000,3.4800,3.3900,3.4500,4304200
20130412,3.3500,3.4100,3.3500,3.4000,2232200
20130415,3.3200,3.3600,3.3100,3.3200,2312300
20130416,3.3400,3.3500,3.2600,3.2800,2149500
20130417,3.3900,3.4100,3.3200,3.3300,4074900
20130418,3.3500,3.4000,3.3200,3.3700,3609600
20130419,3.4000,3.4300,3.3400,3.3400,4514900
20130422,3.4000,3.4000,3.3600,3.3600,2934700
20130423,3.3000,3.4000,3.3000,3.3900,3529800
20130424,3.3500,3.3600,3.3000,3.3100,2775400
20130425,3.2700,3.3500,3.2600,3.3500,3601900
20130426,3.2100,3.3000,3.2100,3.2700,3227100
20130429,3.2100,3.2100,3.2100,3.2100,0
20130430,3.2100,3.2100,3.2100,3.2100,0
20130501,3.2100,3.2100,3.2100,3.2100,0
20130502,3.2200,3.2400,3.1900,3.2100,1764800
20130503,3.2500,3.2900,3.2200,3.2200,2703500
20130506,3.2800,3.2900,3.2400,3.2400,2673300
20130507,3.3500,3.3600,3.2600,3.2800,5728400
20130508,3.3500,3.3600,3.3200,3.3400,2799200
20130509,3.2800,3.3500,3.2700,3.3500,4130000
20130510,3.3100,3.3200,3.2700,3.2700,2787900
20130513,3.3400,3.3500,3.3000,3.3000,3611500
20130514,3.3100,3.3500,3.2700,3.3500,2971000
20130515,3.3500,3.3500,3.3000,3.3200,3103300
20130516,3.4000,3.4100,3.3000,3.3300,6817300
20130517,3.4300,3.4700,3.3600,3.4000,10168700
20130520,3.4900,3.5100,3.4100,3.4200,9585000
20130521,3.4900,3.5200,3.4500,3.4900,6277500
20130522,3.4600,3.5000,3.4400,3.4900,6022800
20130523,3.4300,3.4800,3.4200,3.4500,5332600
20130524,3.5100,3.5100,3.4100,3.4300,8097000
20130527,3.5100,3.5400,3.4800,3.5100,6030500
20130528,3.5300,3.5500,3.4600,3.5200,6580400
20130529,3.6000,3.6200,3.5200,3.5300,9939100
20130530,3.7000,3.7700,3.5700,3.5900,25773200
20130531,3.6100,3.7100,3.6000,3.7000,11176000
20130603,3.6600,3.6800,3.5600,3.6300,9577000
20130604,3.7500,3.9200,3.6800,3.7000,34201800
20130605,3.9000,3.9800,3.7800,3.7900,29840700
20130606,3.7800,3.8700,3.7600,3.8500,16487400
20130607,3.6300,3.7900,3.6100,3.7400,12586100
20130610,3.6300,3.6300,3.6300,3.6300,0
20130611,3.6300,3.6300,3.6300,3.6300,0
20130612,3.6300,3.6300,3.6300,3.6300,0
20130613,3.4000,3.6000,3.3000,3.6000,10270100
20130614,3.4600,3.4800,3.3900,3.4000,5305700
20130617,3.4300,3.4600,3.3900,3.4600,4837600
20130618,3.4400,3.4700,3.4000,3.4200,4125900
20130619,3.3900,3.4300,3.3000,3.4200,4760100
20130620,3.3200,3.4000,3.3100,3.4000,3218300
20130621,3.2400,3.2900,3.2000,3.2700,5462000
20130624,3.0500,3.2500,3.0100,3.2500,6044300
20130625,3.0400,3.1200,2.7500,3.0500,6563200
20130626,3.0500,3.0800,2.9800,3.0200,3165700
20130627,3.1600,3.2900,3.0300,3.0700,8446700
20130628,3.1400,3.2000,3.0500,3.1300,4240300
20130701,3.1400,3.1800,3.0600,3.1200,3549200
20130702,3.1900,3.2000,3.1200,3.1300,3624000
20130703,3.1600,3.1900,3.0600,3.1900,3619000
20130704,3.1600,3.1900,3.0800,3.1500,4845900
20130705,3.1400,3.1800,3.1200,3.1600,3574200
20130708,2.9900,3.1200,2.9800,3.0900,3913800
20130709,2.9800,3.0300,2.9500,2.9900,2532000
20130710,3.0700,3.0800,2.9600,2.9800,3994400
20130711,3.2300,3.2700,3.0500,3.0700,9680700
20130712,3.1600,3.2300,3.1400,3.2300,3753900
20130715,3.1900,3.2200,3.1500,3.1600,2760200
20130716,3.2300,3.2400,3.1400,3.1900,4955100
20130717,3.1700,3.2300,3.1500,3.2000,3343100
20130718,3.1500,3.1900,3.1100,3.1600,3384700
20130719,3.1100,3.1800,3.0900,3.1300,5437200
20130722,3.1100,3.1200,3.0600,3.0900,2990500
20130723,3.2000,3.2100,3.1100,3.1300,6774300
20130724,3.2800,3.3200,3.1700,3.2000,8059100
20130725,3.2500,3.3000,3.2300,3.3000,4621000
20130726,3.3100,3.3100,3.2200,3.2300,5443300
20130729,3.3400,3.4800,3.2400,3.2900,7628600
20130730,3.3700,3.3800,3.2600,3.3200,5274700
20130731,3.4100,3.4400,3.3700,3.3700,6017000
20130801,3.4400,3.4700,3.3900,3.4500,7985200
20130802,3.4400,3.4600,3.4300,3.4600,5962700
20130805,3.6300,3.6800,3.4100,3.4400,20243400
20130806,3.6400,3.7100,3.5800,3.6500,12055400
20130807,3.6800,3.7500,3.6000,3.6400,13540100
20130808,3.6400,3.7400,3.6300,3.6700,10542200
20130809,3.6500,3.6700,3.5500,3.6000,8044600
20130812,3.7900,3.8300,3.6400,3.6600,17210600
20130813,3.7900,3.8500,3.7500,3.7800,13766300
20130814,3.7800,3.8800,3.7600,3.8200,10012700
20130815,3.7400,3.8300,3.7000,3.7900,11781200
20130816,3.7300,3.7700,3.6600,3.7400,13118300
20130819,3.7600,3.7900,3.7200,3.7500,8494500
20130820,3.9400,3.9700,3.7300,3.7600,47014000
20130821,3.9900,4.0500,3.8900,3.9100,50717700
20130822,3.9700,4.0400,3.9500,3.9900,28328500
20130823,3.9800,4.0100,3.9200,3.9500,34299400
20130826,4.0900,4.1400,3.9500,4.0000,53736600
20130827,4.0600,4.1200,4.0200,4.0800,41911200
20130828,3.9800,4.1300,3.9200,3.9900,31988600
20130829,4.0400,4.0500,3.8700,3.9800,32187900
20130830,4.1100,4.1800,3.9900,4.0500,56062500
20130902,4.1100,4.1900,4.0600,4.1100,36844000
20130903,4.1100,4.1700,4.0500,4.1300,37002500
20130904,3.8300,4.1700,3.7700,4.1700,51134100
20130905,3.6900,3.7800,3.6000,3.7800,22187700
20130906,3.6600,3.7200,3.6400,3.7000,12317800
20130909,3.6900,3.7100,3.6400,3.6700,14917300
20130910,3.8100,3.8300,3.6100,3.6900,24934300
20130911,3.7400,3.9300,3.7100,3.8700,21649300
20130912,3.7100,3.7900,3.6500,3.6900,9076300
20130913,3.7500,3.7600,3.6700,3.6900,7410200
20130916,3.7600,3.7800,3.7200,3.7500,6778700
20130917,3.7400,3.8500,3.7300,3.7700,11019500
20130918,3.6900,3.7600,3.6500,3.7400,7484300
20130920,3.6900,3.6900,3.6900,3.6900,0
20130923,3.7000,3.7100,3.6300,3.7000,8078000
20130924,3.6200,3.6900,3.6100,3.6900,9377400
20130925,3.6800,3.7400,3.6000,3.6200,11809700
20130926,3.7000,3.7900,3.6300,3.6700,10878200
20130927,3.6500,3.7400,3.6500,3.7000,5092900
20130930,3.6400,3.6900,3.6400,3.6400,3947900
20131001,3.6400,3.6400,3.6400,3.6400,0
20131002,3.6400,3.6400,3.6400,3.6400,0
20131003,3.6400,3.6400,3.6400,3.6400,0
20131004,3.6400,3.6400,3.6400,3.6400,0
20131007,3.6400,3.6400,3.6400,3.6400,0
20131008,3.6600,3.6700,3.5900,3.6400,6451400
20131009,3.6700,3.6800,3.6100,3.6400,5283500
20131010,3.6300,3.6900,3.6100,3.6800,6004900
20131011,3.6400,3.6600,3.6200,3.6300,6646500
20131014,3.5800,3.6600,3.5600,3.6400,13025400
20131015,3.5600,3.5900,3.5200,3.5800,8458600
20131016,3.4600,3.5600,3.4400,3.5600,8890300
20131017,3.4800,3.5500,3.4700,3.4700,5632300
20131018,3.5200,3.5400,3.4800,3.4800,3347900
20131021,3.5600,3.5700,3.5000,3.5300,5746900
20131022,3.5300,3.5700,3.5000,3.5700,5066100
20131023,3.4500,3.5400,3.4400,3.5300,5065300
20131024,3.3800,3.4500,3.3800,3.4300,3794800
20131025,3.3300,3.4200,3.3000,3.3900,4864900
20131028,3.3500,3.3600,3.3100,3.3300,2615200
20131029,3.2200,3.3700,3.1000,3.3500,7185400
20131030,3.2700,3.2800,3.1900,3.2300,3995400
20131031,3.2900,3.3200,3.2200,3.2800,4979900
20131101,3.3100,3.3400,3.2500,3.2700,3935800
20131104,3.3000,3.3300,3.2800,3.3100,2696300
20131105,3.3100,3.3200,3.2300,3.2800,2534900
20131106,3.2600,3.3200,3.2400,3.3000,3727600
20131107,3.1900,3.2700,3.1900,3.2500,4632900
20131108,3.1600,3.1900,3.1300,3.1900,3154000
20131111,3.2700,3.2800,3.1500,3.1700,4330600
20131112,3.2900,3.3200,3.2500,3.2600,3942100
20131113,3.2000,3.2900,3.2000,3.2900,2804200
20131114,3.2400,3.2700,3.1900,3.2000,2376700
20131115,3.3000,3.3500,3.2400,3.2400,5670800
20131118,3.3400,3.3400,3.2900,3.3000,5613000
20131119,3.3300,3.3500,3.3100,3.3400,4625900
20131120,3.3800,3.3800,3.3200,3.3400,5181600
20131121,3.3500,3.3700,3.3200,3.3700,4590400
20131122,3.3300,3.3600,3.3100,3.3500,3434700
20131125,3.3600,3.3700,3.3100,3.3400,3223300
20131126,3.3600,3.3900,3.3500,3.3600,2411900
20131127,3.4300,3.4400,3.3500,3.3500,7335100
20131128,3.4200,3.4500,3.4100,3.4300,4909000
20131129,3.3800,3.4300,3.3500,3.4200,7299700
20131202,3.4000,3.4100,3.2500,3.3400,13873000
20131203,3.3500,3.3800,3.2300,3.3700,8981400
20131204,3.3700,3.4100,3.3100,3.3100,7785000
20131205,3.3900,3.4300,3.3400,3.3700,6260600
20131206,3.3600,3.4100,3.3400,3.3800,4529200
20131209,3.3400,3.3700,3.3100,3.3600,4112300
20131210,3.3500,3.3700,3.3300,3.3400,3171500
20131211,3.2900,3.3500,3.2700,3.3500,4578200
20131212,3.2700,3.3100,3.2600,3.2900,3668100
20131213,3.3000,3.3100,3.2300,3.2600,4090700
20131216,3.2600,3.3100,3.2400,3.2900,3805500
20131217,3.2500,3.2700,3.2400,3.2500,2359400
20131218,3.2200,3.2500,3.2100,3.2500,2126700
20131219,3.1800,3.2400,3.1600,3.2200,3098600
20131220,3.1200,3.1900,3.1000,3.1800,2954000
20131223,3.0500,3.1200,3.0400,3.1200,2820400
20131224,3.0800,3.1000,3.0500,3.0600,2845200
20131225,3.0900,3.1000,3.0500,3.0800,2476300
20131226,3.0400,3.0800,3.0100,3.0800,3594500
20131227,3.0800,3.0800,3.0400,3.0400,2421300
20131230,3.1600,3.1700,3.0700,3.0900,5844700
20131231,3.1600,3.1700,3.1000,3.1200,4152300
20140101,3.1600,3.1600,3.1600,3.1600,0
20140102,3.1800,3.2000,3.1400,3.1500,2953900
20140103,3.1200,3.1900,3.1200,3.1800,2686100
20140106,3.0700,3.1100,3.0500,3.1100,2854500
20140107,3.0700,3.1000,3.0400,3.0600,1877800
20140108,3.0400,3.0900,3.0400,3.0600,2201400
20140109,3.0200,3.0800,3.0200,3.0300,2091800
20140110,2.9600,3.0200,2.9600,3.0100,2171700
20140113,2.9900,3.0000,2.9400,2.9500,1854600
20140114,3.0400,3.0600,2.9800,2.9900,1930000
20140115,3.0300,3.0600,3.0100,3.0500,2196700
20140116,3.0300,3.0600,3.0200,3.0400,1520400
20140117,2.9900,3.0300,2.9700,3.0300,1475600
20140120,2.9700,2.9900,2.9600,2.9800,1091200
20140121,3.0000,3.0100,2.9700,2.9700,1280800
20140122,3.0800,3.0800,3.0000,3.0000,3256000
20140123,3.0500,3.0900,3.0400,3.0600,2880400
20140124,3.0900,3.1000,3.0300,3.0500,3580800
20140127,3.0400,3.0800,3.0400,3.0700,1987600
20140128,3.0100,3.0500,2.9900,3.0500,3331700
20140129,3.0100,3.0200,2.9900,3.0000,2907400
20140130,2.9900,3.0200,2.9800,3.0000,1612300
20140131,2.9900,2.9900,2.9900,2.9900,0
20140203,2.9900,2.9900,2.9900,2.9900,0
20140205,2.9900,2.9900,2.9900,2.9900,0
20140206,2.9900,2.9900,2.9900,2.9900,0
20140207,3.0300,3.0500,2.9800,2.9900,2441100
20140210,3.1000,3.1100,3.0200,3.0200,7352700
20140211,3.0900,3.1000,3.0600,3.1000,5689400
20140212,3.1500,3.1600,3.0800,3.0900,6553100
20140213,3.1100,3.1500,3.1000,3.1400,4041500
20140214,3.1400,3.1500,3.0800,3.1100,5028700
20140217,3.2400,3.2500,3.1400,3.1400,9858600
20140218,3.2200,3.2600,3.1900,3.2400,5156300
20140219,3.2600,3.2700,3.1900,3.2200,6813200
20140220,3.2100,3.2900,3.2100,3.2500,7671700
20140221,3.1900,3.2300,3.1600,3.2100,5306800
20140224,3.1100,3.1800,3.0900,3.1800,5214900
20140225,3.0000,3.1500,2.9800,3.1500,5472400
