20130226,5.6100,5.7400,5.6000,5.6900,12074900
20130227,5.6100,5.6600,5.6000,5.6400,6363000
20130228,5.7100,5.7500,5.6200,5.6300,9199300
20130301,5.7100,5.7400,5.6400,5.7300,7938000
20130304,5.6100,5.7500,5.5700,5.6900,15098000
20130305,5.6600,5.6900,5.5800,5.6000,8042500
20130306,5.9300,6.1700,5.6800,5.6900,32307500
20130307,5.8400,5.9600,5.8000,5.8800,12166400
20130308,5.9100,5.9700,5.8500,5.8600,22676900
20130311,5.9200,5.9500,5.8500,5.9500,8733400
20130312,5.7600,5.9400,5.6900,5.9000,13144000
20130313,5.6200,5.7700,5.6100,5.7600,6835000
20130314,5.5600,5.6900,5.5300,5.6000,6398700
20130315,5.5700,5.6900,5.5200,5.6000,6304200
20130318,5.5100,5.6000,5.5000,5.5300,5276800
20130319,5.6200,5.6700,5.5200,5.5700,6074100
20130320,5.6900,5.7100,5.5900,5.6400,7457700
20130321,5.6800,5.7200,5.6700,5.7000,5030100
20130322,5.6500,5.7300,5.6400,5.7100,5334000
20130325,5.5900,5.7200,5.5600,5.6800,9073800
20130326,5.6700,5.7200,5.5300,5.5800,11507800
20130327,5.6400,5.6900,5.6200,5.6500,3859100
20130328,5.4900,5.6300,5.4700,5.6300,7804300
20130329,5.5100,5.5600,5.5000,5.5500,2921600
20130401,5.5200,5.5400,5.4800,5.5000,3646100
20130402,5.5100,5.5500,5.4700,5.5000,4262100
20130403,5.4600,5.5500,5.4500,5.5400,3695100
20130404,5.4600,5.4600,5.4600,5.4600,0
20130405,5.4600,5.4600,5.4600,5.4600,0
20130408,5.4100,5.4500,5.3600,5.4200,5248100
20130409,5.4200,5.4900,5.4000,5.4400,4648200
20130410,5.3900,5.4400,5.3800,5.4100,2726300
20130411,5.3700,5.4500,5.3600,5.4400,2968000
20130412,5.3000,5.4000,5.3000,5.3700,3244900
20130415,5.1500,5.3100,5.0900,5.3100,12410400
20130416,5.2000,5.2000,5.1200,5.1400,3727700
20130417,5.1600,5.2200,5.1200,5.2000,3649700
20130418,5.2000,5.2400,5.1400,5.1400,3112900
20130419,5.2700,5.2900,5.1800,5.2100,6948300
20130422,5.2600,5.3100,5.2300,5.2400,5487700
20130423,5.1100,5.2700,5.0900,5.2500,6918400
20130424,5.2500,5.3100,5.1200,5.1200,7594800
20130425,5.2300,5.2700,5.1800,5.2500,5295400
20130426,5.2200,5.2800,5.2000,5.2700,4761600
20130429,5.2200,5.2200,5.2200,5.2200,0
20130430,5.2200,5.2200,5.2200,5.2200,0
20130501,5.2200,5.2200,5.2200,5.2200,0
20130502,5.1600,5.2500,5.1500,5.2200,4162700
20130503,5.2300,5.2800,5.1700,5.1900,6478700
20130506,5.4700,5.5900,5.2400,5.2600,24297900
20130507,5.4600,5.4800,5.3700,5.4200,9268600
20130508,5.4800,5.5200,5.4300,5.4600,18776900
20130509,5.4100,5.4800,5.3700,5.4700,7657000
20130510,5.4400,5.4700,5.3800,5.4000,8247100
20130513,5.7800,5.9000,5.4100,5.4500,37758200
20130514,5.7800,5.8300,5.6200,5.7300,17564200
20130515,5.7400,5.8000,5.6700,5.7400,41189900
20130516,5.7500,5.8400,5.6900,5.7100,34419000
20130517,5.8500,5.9700,5.6900,5.7500,38949100
20130520,5.8300,5.8900,5.7800,5.8200,25325800
20130521,6.0000,6.0400,5.8100,5.8400,35337800
20130522,5.8100,6.0000,5.7900,6.0000,25712400
20130523,5.7600,5.8800,5.7500,5.7900,16202000
20130524,5.8600,5.8900,5.7700,5.7900,19053600
20130527,5.9100,5.9200,5.8200,5.8600,13997200
20130528,6.0900,6.2500,5.8500,5.8700,35023500
20130529,6.1000,6.1400,6.0000,6.0900,19164800
20130530,6.0800,6.1400,6.0200,6.1000,46513900
20130531,5.9700,6.0900,5.9600,6.0700,13889200
20130603,6.0800,6.1000,5.8900,5.9600,33414000
20130604,5.9600,6.1400,5.8800,6.0600,20089700
20130605,5.9700,6.0700,5.8900,5.9200,17463100
20130606,6.2700,6.4700,5.9300,5.9800,53180400
20130607,5.8900,6.2100,5.8600,6.1200,79177904
20130610,5.8900,5.8900,5.8900,5.8900,0
20130611,5.8900,5.8900,5.8900,5.8900,0
20130612,5.8900,5.8900,5.8900,5.8900,0
20130613,5.8200,5.9500,5.5700,5.8300,25028400
20130614,5.9000,5.9500,5.7300,5.8200,23101300
20130617,5.8200,5.9700,5.8000,5.9000,22425600
20130618,6.0200,6.0500,5.8000,5.8400,21638100
20130619,6.0200,6.1000,5.9200,5.9800,32890100
20130620,5.9000,6.1300,5.8200,6.0300,36484500
20130621,5.9400,5.9700,5.8000,5.8200,19876000
20130624,5.7600,6.0500,5.6900,5.9400,22415800
20130625,5.5500,5.8300,5.2200,5.7000,30990000
20130626,5.5200,5.6000,5.4200,5.5000,19461600
20130627,5.3600,5.5600,5.3200,5.5200,14119200
20130628,5.5100,5.6800,5.2800,5.3500,37373800
20130701,5.6200,5.6900,5.4800,5.5300,48094700
20130702,5.5700,5.6400,5.5100,5.6200,16574100
20130703,5.5300,5.6000,5.3600,5.5300,29063200
20130704,5.5000,5.6000,5.4300,5.4300,17602500
20130705,5.4700,5.5600,5.4500,5.5100,11856200
20130708,5.1700,5.4300,5.1600,5.4300,13263400
20130709,5.2400,5.3600,5.1600,5.1700,18974900
20130710,5.3400,5.3500,5.2100,5.2500,18823200
20130711,5.4600,5.5200,5.3100,5.3300,15296100
20130712,5.4000,5.5400,5.3900,5.4600,12630800
20130715,5.5600,5.7000,5.4300,5.4400,20564800
20130716,5.5800,5.6100,5.5200,5.5500,11251400
20130717,5.5100,5.6300,5.5000,5.5600,11240900
20130718,5.6100,5.7000,5.4400,5.4800,20050900
20130719,5.7300,5.9400,5.5700,5.6100,47827400
20130722,6.0400,6.1700,5.6500,5.6800,44985400
20130723,6.0100,6.1100,5.9200,5.9800,57160000
20130724,6.0100,6.1300,5.9000,6.0300,39505000
20130725,5.8700,6.0300,5.7400,6.0100,32800400
20130726,5.8400,5.9400,5.7400,5.8200,34330800
20130729,5.7900,5.8700,5.7000,5.7700,17459200
20130730,5.7200,5.8200,5.6100,5.8000,10328000
20130731,5.8100,5.8700,5.7200,5.7200,34423300
20130801,5.8400,5.8800,5.7700,5.8100,39197200
20130802,5.7200,5.9000,5.7100,5.8800,25049100
20130805,5.7600,5.7700,5.7000,5.7500,11267800
20130806,5.8900,5.9400,5.7300,5.7500,23489600
20130807,5.8600,5.9800,5.8100,5.8700,29499100
20130808,5.9300,6.0500,5.8600,5.9100,21740600
20130809,5.8900,5.9800,5.8300,5.9500,29389200
20130812,5.9400,5.9500,5.8400,5.8600,13604200
20130813,5.9200,5.9600,5.8600,5.9500,13336400
20130814,5.9200,5.9800,5.8600,5.9200,24877100
20130815,5.8300,5.9400,5.8200,5.9200,21809400
20130816,5.6900,5.9300,5.6800,5.8000,22792900
20130819,5.5700,5.6100,5.5100,5.5500,7142500
20130820,5.5300,5.6200,5.5000,5.5600,7605700
20130821,5.6200,5.6300,5.5200,5.5700,10269400
20130822,5.6800,5.7600,5.6100,5.6300,12760300
20130823,5.9200,5.9700,5.5900,5.7600,46754400
20130826,6.1000,6.2100,5.7700,5.8900,77340400
20130827,6.1400,6.3300,6.0500,6.0600,61111800
20130828,6.7500,6.7500,6.0500,6.0600,101255000
20130829,6.6800,6.9800,6.5800,6.9600,104650600
20130830,6.8000,7.2400,6.6000,6.6100,129433904
20130902,6.3600,6.9700,6.2500,6.9100,77583200
20130903,6.4300,6.5400,6.3100,6.3800,39862600
20130904,6.4100,6.6400,6.3000,6.4300,50846400
20130905,6.3000,6.3700,6.2300,6.3600,39169900
20130906,6.5800,6.6800,6.3100,6.3200,73822496
20130909,6.7200,6.9100,6.4800,6.5400,70283800
20130910,7.2200,7.3700,6.6800,6.6800,111744600
20130911,7.3100,7.4800,6.9000,7.2300,87906000
20130912,8.0400,8.0400,7.6100,7.6200,123500896
20130913,8.0200,8.5000,7.9000,8.2000,168425904
20130916,7.6900,7.9800,7.6600,7.9100,70054496
20130917,7.6800,7.9200,7.3900,7.6900,65537800
20130918,8.1800,8.2800,7.5200,7.6500,87278800
20130920,8.1800,8.1800,8.1800,8.1800,0
20130923,9.0000,9.0000,8.1100,8.3500,131949696
20130924,8.8900,9.4700,8.8000,9.1000,136819296
20130925,9.7700,9.7800,8.8100,8.9000,198956400
20130926,8.7900,9.4800,8.7900,9.4800,151864304
20130927,9.5800,9.6700,8.5100,8.5100,204834400
20130930,10.5400,10.5400,9.4000,9.5800,72321104
20131001,10.5400,10.5400,10.5400,10.5400,0
20131002,10.5400,10.5400,10.5400,10.5400,0
20131003,10.5400,10.5400,10.5400,10.5400,0
20131004,10.5400,10.5400,10.5400,10.5400,0
20131007,10.5400,10.5400,10.5400,10.5400,0
20131008,11.1700,11.5900,10.9000,11.5900,184065792
20131009,12.1000,12.1800,10.8800,10.9000,168967904
20131010,11.3200,12.1000,11.1600,11.8400,128694704
20131011,11.4800,11.8500,10.9600,11.4500,111551104
20131014,12.2900,12.6200,11.3200,11.7500,145344000
20131015,12.2900,12.2900,12.2900,12.2900,0
20131016,12.2900,12.2900,12.2900,12.2900,0
20131017,11.0600,11.6800,11.0600,11.5000,116904400
20131018,11.2000,11.3800,10.2300,10.7600,85586200
20131021,12.3200,12.3200,11.2200,11.2200,151322704
20131022,11.9000,12.8400,11.4500,12.5000,139918400
20131023,10.7100,11.7500,10.7100,11.7200,106467904
20131024,10.8600,11.1500,10.5100,10.5500,60563000
20131025,10.1500,10.9600,9.8800,10.8800,82131296
20131028,9.9900,10.2700,9.6800,10.0700,54603800
20131029,9.2500,10.1300,8.9900,10.0000,93050800
20131030,9.3500,9.4500,9.0800,9.2700,53335400
20131031,9.2200,9.7700,9.2000,9.6000,67512704
20131101,9.3200,9.4800,8.5800,8.9700,67171296
20131104,9.1600,9.3000,9.0000,9.1800,35954300
20131105,9.6800,9.7400,9.0100,9.0900,51727400
20131106,9.2300,9.6500,9.2200,9.5700,48444100
20131107,9.2200,9.4000,9.0200,9.1700,33131700
20131108,9.1500,9.3900,9.0400,9.1300,39059100
20131111,8.5200,9.1300,8.4800,9.1000,48917300
20131112,8.7400,8.8400,8.3300,8.5000,43747800
20131113,8.6700,9.1000,8.5400,8.6700,51036500
20131114,8.8800,8.9600,8.3000,8.5100,48861300
20131115,9.4700,9.7700,8.7700,8.8600,128284704
20131118,9.9000,10.1300,9.4200,9.5800,95396704
20131119,9.8800,10.3000,9.7300,9.9000,63495100
20131120,10.0900,10.1800,9.8200,9.9700,47376400
20131121,10.2000,10.4300,9.9000,10.0000,52148600
20131122,10.0000,10.5400,9.9500,10.2900,46351800
20131125,9.8200,10.1800,9.7700,9.9000,37730400
20131126,9.8100,10.0000,9.7600,9.9000,26216600
20131127,10.2800,10.3800,9.7700,9.8500,63047700
20131128,10.1500,10.4600,10.1200,10.3000,43534100
20131129,10.3000,10.4600,10.0300,10.2700,43616100
20131202,9.4500,10.2700,9.3000,10.0000,68464800
20131203,9.5800,9.6900,9.2900,9.4000,38206500
20131204,10.2800,10.5400,9.5400,9.5800,76194496
20131205,10.1000,10.2800,9.9600,10.2200,37145900
20131206,10.0900,10.2500,9.9600,10.0000,25678500
20131209,10.8400,10.9000,10.1300,10.2300,71715904
20131210,10.7800,11.3700,10.7000,10.7500,72770096
20131211,10.9600,11.1800,10.5400,10.7500,54331000
20131212,10.9000,11.3700,10.8000,11.0000,57295700
20131213,10.9100,11.0600,10.7000,10.8100,44765300
20131216,10.2800,10.9800,10.1600,10.9000,51227000
20131217,9.9900,10.4000,9.8800,10.3300,35997700
20131218,9.7000,10.0900,9.6400,10.0400,29266000
20131219,9.6500,9.9000,9.6000,9.7200,20785100
20131220,9.7200,9.9500,9.6100,9.6500,25121700
20131223,9.2100,9.8000,9.1100,9.7600,35854400
20131224,9.1800,9.4500,9.0500,9.2500,26836700
20131225,9.4300,9.4900,9.0800,9.1600,21878700
20131226,9.5000,9.6800,9.3900,9.4700,28308200
20131227,9.5300,9.7600,9.4900,9.5000,24033200
20131230,9.6000,9.7000,9.4900,9.5900,20018000
20131231,9.7700,9.8500,9.5000,9.5300,19180600
20140101,9.7700,9.7700,9.7700,9.7700,0
20140102,9.7100,9.8000,9.6500,9.7500,13933300
20140103,9.2900,9.7000,9.2200,9.7000,30971900
20140106,8.9200,9.2300,8.6800,9.1000,34195900
20140107,9.0200,9.2800,8.6800,8.8600,22487500
20140108,9.3800,9.4600,8.9400,8.9400,38422600
20140109,9.2000,9.7300,9.0500,9.3300,45854800
20140110,8.8200,9.1500,8.7900,9.1000,29476600
20140113,8.8300,9.0900,8.7500,8.9400,17573200
20140114,9.1500,9.1600,8.8500,8.8800,14747800
20140115,9.0200,9.1500,8.8400,9.1500,18077300
20140116,9.1900,9.2700,8.9300,9.0100,23182100
20140117,8.9300,9.1600,8.9200,9.1000,15659000
20140120,9.0700,9.2200,8.8600,8.9000,20178600
20140121,9.4700,9.5000,9.0100,9.0300,32779400
20140122,9.7200,9.7400,9.3800,9.5200,35085700
20140123,10.0200,10.5000,9.6400,9.7900,58904100
20140124,10.1900,10.4100,9.8500,9.9000,36322400
20140127,10.3800,10.5400,10.1100,10.1700,40663300
20140128,10.3200,10.6900,10.1900,10.5000,29855900
20140129,10.4200,10.6000,10.2300,10.3500,31354800
20140130,10.7900,10.8700,10.3000,10.3800,42608800
20140131,10.7900,10.7900,10.7900,10.7900,0
20140203,10.7900,10.7900,10.7900,10.7900,0
20140205,10.7900,10.7900,10.7900,10.7900,0
20140206,10.7900,10.7900,10.7900,10.7900,0
20140207,10.9400,11.0800,10.5000,10.7200,41360500
20140210,10.9100,11.0500,10.7700,10.9800,48975200
20140211,10.6200,11.0700,10.5600,10.9300,46030100
20140212,10.4800,10.7100,10.3900,10.6100,35232600
20140213,11.3500,11.5300,10.3800,10.4900,137288304
20140214,11.8200,11.9800,11.3300,11.6000,111746304
20140217,11.7500,11.9000,11.3000,11.8400,70978600
20140218,12.9300,12.9300,11.5100,11.6200,160108608
20140219,13.1400,13.3700,12.6500,12.8700,135753792
20140220,12.7300,13.4500,12.7000,13.2500,85963696
20140221,12.8100,13.1000,12.4800,12.7300,68025600
20140224,12.9100,13.0500,12.5500,12.7800,54358500
20140225,11.9700,13.5200,11.8000,12.8900,122732400
