20130226,11.4500,11.9400,11.1600,11.4000,139980992
20130227,11.8500,12.0400,11.5500,11.5500,148826592
20130228,12.5100,12.5700,11.7700,12.0700,201313792
20130301,12.6700,12.7300,12.2100,12.4600,137872896
20130304,11.8600,12.3700,11.6000,12.3600,200118896
20130305,12.6000,12.6500,11.8000,11.9800,185374896
20130306,12.4600,12.6300,12.3300,12.6000,154154592
20130307,12.0300,12.7000,11.8500,12.6000,190429904
20130308,11.7000,12.1300,11.6000,12.0500,102889904
20130311,11.5600,11.7800,11.3300,11.6200,77214896
20130312,11.4900,11.8200,11.3300,11.5600,96192600
20130313,11.1800,11.5300,11.0000,11.5000,100325400
20130314,11.1200,11.3200,11.0100,11.0900,104802200
20130315,11.1500,11.5300,10.6400,11.1300,196685104
20130318,10.8300,10.9800,10.6300,10.9700,157125904
20130319,10.8400,10.9800,10.5700,10.8300,115418896
20130320,11.5900,11.6400,10.8600,10.8800,200686800
20130321,11.5700,11.6900,11.4300,11.5900,112722704
20130322,11.4800,11.6100,11.4000,11.5300,65382700
20130325,11.2300,11.6500,11.1500,11.5400,84696304
20130326,10.7500,11.1200,10.6900,11.1200,143022496
20130327,10.8600,11.0200,10.6600,10.7600,96650800
20130328,10.2300,10.5800,10.1800,10.5800,156623104
20130329,10.1100,10.3100,10.0600,10.2400,82637904
20130401,10.1400,10.2700,10.0600,10.1200,69762800
20130402,10.2500,10.3400,10.0400,10.1900,112758096
20130403,10.1000,10.3400,10.0900,10.2800,69175200
20130404,10.1000,10.1000,10.1000,10.1000,0
20130405,10.1000,10.1000,10.1000,10.1000,0
20130408,9.9300,9.9900,9.7600,9.8300,81439104
20130409,10.1500,10.2600,9.9800,9.9800,110707504
20130410,10.1000,10.2200,9.9800,10.1500,64814700
20130411,10.1100,10.4000,10.1000,10.3000,67232496
20130412,9.9600,10.2500,9.9500,10.1000,58475100
20130415,10.0000,10.1900,9.8200,9.8900,68087504
20130416,10.3800,10.4500,9.8900,9.9000,126765800
20130417,10.4000,10.5100,10.2100,10.3800,100714896
20130418,10.4500,10.6000,10.2200,10.3000,84815296
20130419,10.9100,11.0600,10.5000,10.5200,172656400
20130422,10.8900,11.0100,10.7200,10.8400,91049504
20130423,10.2400,10.8700,10.2100,10.8600,116496000
20130424,10.6100,10.7800,10.1200,10.2500,122062704
20130425,10.6600,10.8500,10.2700,10.5700,110371400
20130426,10.7100,10.8700,10.6600,10.7000,88582400
20130429,10.7100,10.7100,10.7100,10.7100,0
20130430,10.7100,10.7100,10.7100,10.7100,0
20130501,10.7100,10.7100,10.7100,10.7100,0
20130502,10.7700,10.8700,10.5300,10.6200,71543000
20130503,11.2000,11.3500,10.8800,10.8800,162438400
20130506,11.3000,11.3900,11.1500,11.2900,111793000
20130507,11.1100,11.2700,10.9200,11.2700,123299400
20130508,10.9400,11.2400,10.8100,11.1100,116388600
20130509,10.9300,10.9400,10.6600,10.9200,90904800
20130510,10.9000,11.0700,10.7800,10.8500,68872704
20130513,10.7000,10.9700,10.6400,10.9000,87941200
20130514,10.5500,10.7300,10.4800,10.6500,75976000
20130515,10.6400,10.6900,10.5200,10.6000,44505100
20130516,11.0300,11.0800,10.4900,10.6300,119540304
20130517,11.3700,11.4600,10.9300,11.0300,157003696
20130520,11.5300,11.7200,11.3100,11.4500,155653408
20130521,11.4300,11.6000,11.2600,11.4900,104179000
20130522,11.3900,11.6000,11.3000,11.4900,100605200
20130523,11.1400,11.4400,11.1100,11.2700,117204896
20130524,11.2500,11.2900,11.0500,11.2500,88406704
20130527,11.4700,11.5500,11.1000,11.1800,127458096
20130528,12.0200,12.0800,11.4300,11.4800,207991504
20130529,11.9100,12.2500,11.8900,12.1000,156137104
20130530,12.2600,12.4300,11.8800,11.8800,154078400
20130531,12.1100,12.4400,12.0800,12.3100,98509600
20130603,12.1100,12.4300,12.0800,12.1600,112909600
20130604,11.7000,12.0800,11.6600,12.0700,124525800
20130605,11.8000,11.9300,11.7000,11.7800,85577000
20130606,11.7000,11.9100,11.5900,11.7000,83820496
20130607,11.5600,12.0700,11.4500,11.7100,174956704
20130610,11.5600,11.5600,11.5600,11.5600,0
20130611,11.5600,11.5600,11.5600,11.5600,0
20130612,11.5600,11.5600,11.5600,11.5600,0
20130613,10.9600,11.2100,10.6700,11.2000,136470592
20130614,10.9600,11.1200,10.8000,11.0300,105155600
20130617,10.6700,11.0000,10.6200,10.9500,78680896
20130618,10.8100,10.9400,10.6500,10.7600,70545200
20130619,10.6100,10.7700,10.3600,10.7700,90650200
20130620,10.3900,10.5800,10.2500,10.4900,80409200
20130621,10.2700,10.4900,10.0000,10.0200,108698200
20130624,9.2500,10.2300,9.2400,10.1700,154038096
20130625,9.3800,9.4600,8.3300,9.1200,186908704
20130626,9.2100,9.4000,9.0200,9.3300,115631904
20130627,9.0200,9.4300,8.9800,9.3000,111914600
20130628,9.3800,9.6200,8.9800,9.0900,134882400
20130701,9.4000,9.4200,9.2000,9.2900,72797800
20130702,9.5000,9.6000,9.1500,9.4100,91894200
20130703,9.2900,9.4200,9.2000,9.4000,74061400
20130704,9.5100,9.6500,9.0200,9.1500,107453800
20130705,9.5000,9.7600,9.4900,9.5100,110532800
20130708,9.3400,9.7100,9.2200,9.3200,96231296
20130709,9.3600,9.5700,9.3000,9.3500,69840496
20130710,9.9500,9.9900,9.2800,9.3700,135225296
20130711,10.9300,10.9500,10.0000,10.0000,299596608
20130712,10.5600,11.1400,10.5400,10.7900,194632304
20130715,10.9800,11.4000,10.5900,10.8800,194893504
20130716,11.0600,11.0900,10.7200,10.8500,113682896
20130717,10.6900,11.2400,10.6800,11.0900,110279400
20130718,10.3800,10.7500,10.2600,10.6000,120774200
20130719,10.0900,10.5600,9.9900,10.4500,125093696
20130722,10.3000,10.3600,9.8200,9.9100,94283104
20130723,10.8900,10.9400,10.2800,10.3900,176337296
20130724,10.6800,10.8300,10.4500,10.7300,138679504
20130725,10.8100,10.9500,10.6100,10.7600,126713600
20130726,10.6900,10.8500,10.5800,10.6800,80422704
20130729,10.1600,10.5100,10.1400,10.5000,107488096
20130730,10.4400,10.7200,10.1100,10.2600,122015200
20130731,10.5200,10.8800,10.4600,10.7000,108293104
20130801,11.2000,11.2200,10.4800,10.6100,209831600
20130802,11.0600,11.3600,11.0000,11.2800,121065696
20130805,11.2800,11.2900,10.9600,11.0800,99692800
20130806,11.3000,11.4100,11.0100,11.2000,103521800
20130807,11.1000,11.6500,11.0600,11.3000,142220896
20130808,10.9400,11.1300,10.7900,11.0400,117358896
20130809,11.1300,11.1500,10.7900,10.9800,127319296
20130812,11.6000,11.6200,11.1300,11.1600,214726704
20130813,11.5900,11.6600,11.4400,11.5500,126098800
20130814,11.4000,11.7900,11.3100,11.6100,123208704
20130815,11.1800,11.5300,11.1600,11.3900,106888304
20130816,11.2200,12.3000,11.0000,11.1400,327934304
20130819,10.9900,11.1200,10.6600,10.8000,217841200
20130820,10.6300,11.1400,10.5000,10.9500,198587600
20130821,10.7200,10.7800,10.5300,10.6900,131061000
20130822,10.7100,10.9000,10.6000,10.6400,121794096
20130823,10.5000,10.8700,10.3200,10.7800,128838200
20130826,11.3500,11.4300,10.6900,10.7900,245531392
20130827,11.4200,11.4500,11.2100,11.3000,189112992
20130828,11.2100,11.4200,11.0700,11.3100,193829904
20130829,11.3100,11.5600,11.1900,11.4900,164893600
20130830,11.5800,11.8000,11.0700,11.2200,272999392
20130902,11.6100,11.7500,11.4200,11.5900,171758304
20130903,11.6500,11.7400,11.4300,11.6500,149550208
20130904,11.5000,11.7100,11.4400,11.6100,119007000
20130905,11.3400,11.5300,11.2800,11.4700,94558400
20130906,11.5900,11.7600,11.2900,11.3000,157096096
20130909,12.5900,12.7500,11.6400,11.7500,501454592
20130910,13.0300,13.1000,12.3600,12.5000,374049216
20130911,12.7300,13.1400,12.6700,13.0000,283231392
20130912,13.2700,13.6900,12.6900,12.7300,343436288
20130913,13.0500,13.3500,12.9500,13.1500,196998096
20130916,12.8000,13.2700,12.6700,13.2200,167314704
20130917,12.4600,12.9100,12.4200,12.8000,179201408
20130918,12.6300,12.6600,12.2500,12.4500,158918400
20130920,12.6300,12.6300,12.6300,12.6300,0
20130923,12.8800,12.9000,12.5100,12.6000,145086592
20130924,12.5500,12.8800,12.2900,12.7900,154627200
20130925,12.3700,12.7700,12.3100,12.4900,124300600
20130926,12.1600,12.5700,12.1400,12.4900,141668304
20130927,12.6900,12.7000,12.1200,12.1200,137841200
20130930,12.5100,12.7400,12.4900,12.7200,100790000
20131001,12.5100,12.5100,12.5100,12.5100,0
20131002,12.5100,12.5100,12.5100,12.5100,0
20131003,12.5100,12.5100,12.5100,12.5100,0
20131004,12.5100,12.5100,12.5100,12.5100,0
20131007,12.5100,12.5100,12.5100,12.5100,0
20131008,12.6100,12.7000,12.2000,12.4000,126279696
20131009,12.6600,12.7100,12.3800,12.4800,117089296
20131010,11.9800,12.7000,11.9100,12.6600,232139104
20131011,12.2100,12.3800,12.0000,12.1400,162216096
20131014,12.0600,12.2900,11.9000,12.2200,149546800
20131015,12.0400,12.1300,11.8800,12.1200,105097200
20131016,11.6300,11.9500,11.5800,11.9500,126364800
20131017,11.6300,11.8500,11.5100,11.7500,122216704
20131018,11.8500,12.0500,11.6100,11.6100,127983000
20131021,12.0800,12.1200,11.7300,11.8600,118442800
20131022,11.8000,12.0800,11.7100,12.0800,110618800
20131023,11.8300,12.1900,11.7300,11.8500,135213792
20131024,11.5900,11.8300,11.5600,11.7700,89845504
20131025,11.4500,11.8000,11.4100,11.5800,101785600
20131028,11.5400,11.5900,11.3500,11.4600,71500896
20131029,11.7500,11.9000,11.3500,11.5400,163690896
20131030,11.8200,11.8800,11.6100,11.7500,109823000
20131031,11.6700,11.8500,11.6500,11.8500,75214800
20131101,11.8400,11.9400,11.6000,11.7300,116466704
20131104,11.7500,11.9700,11.7100,11.9000,54286500
20131105,11.6100,11.7300,11.4500,11.6300,89584496
20131106,11.3000,11.6200,11.2800,11.5500,102068896
20131107,10.9700,11.3500,10.9500,11.2800,136142800
20131108,10.2000,10.9000,10.0700,10.8500,267981296
20131111,10.2800,10.3900,10.0300,10.2400,105973400
20131112,10.3800,10.4500,10.2700,10.3000,97452400
20131113,9.9200,10.2900,9.9000,10.2600,123902896
20131114,10.0500,10.0600,9.7700,9.9500,97446496
20131115,10.7500,11.0600,10.0500,10.0800,299054304
20131118,11.7000,11.7300,10.8400,10.8900,344994112
20131119,11.4700,11.6500,11.3200,11.6000,184349408
20131120,11.5800,11.7000,11.3900,11.6200,111417200
20131121,11.4700,11.5400,11.2100,11.4200,136541696
20131122,11.5000,11.7800,11.4500,11.6000,145365296
20131125,11.3400,11.6800,11.2100,11.4000,120220200
20131126,11.3500,11.5200,11.2700,11.3000,97268704
20131127,11.7300,11.8000,11.2900,11.3400,155404496
20131128,11.7100,11.9900,11.6000,11.6700,145119696
20131129,11.7600,11.8300,11.6600,11.7700,70760704
20131202,12.4100,12.6500,11.9100,12.1600,327313088
20131203,12.3400,12.4300,12.1100,12.3100,135146000
20131204,12.3900,12.5800,12.2500,12.3300,148943808
20131205,12.4100,12.5500,12.3000,12.3200,113299296
20131206,11.9400,12.2700,11.8900,12.2500,184949792
20131209,11.9400,12.1800,11.9000,11.9600,76382496
20131210,11.8800,12.0500,11.8300,11.9400,73399904
20131211,11.4300,11.7900,11.2900,11.7900,120884496
20131212,11.3500,11.5200,11.2500,11.3700,78397296
20131213,11.4900,11.5500,11.1500,11.2000,73204800
20131216,11.2500,11.6500,11.1600,11.6000,75340096
20131217,11.2900,11.4300,11.1400,11.2600,64337600
20131218,11.3400,11.4400,11.2600,11.3200,50877400
20131219,11.3300,11.5000,11.2900,11.4200,66399800
20131220,10.9100,11.3700,10.8300,11.3300,84383904
20131223,11.0000,11.1400,10.7400,10.9200,67099400
20131224,11.0300,11.1800,10.9100,11.0500,56843700
20131225,11.1800,11.2000,11.0000,11.0800,56930500
20131226,11.0600,11.1700,10.9900,11.1700,51478100
20131227,11.2100,11.2700,11.0500,11.0800,84622896
20131230,11.1400,11.2900,11.1100,11.2900,57041700
20131231,11.3200,11.3500,11.0400,11.0600,105408896
20140101,11.3200,11.3200,11.3200,11.3200,0
20140102,11.2100,11.3300,11.1700,11.2800,54352500
20140103,10.7700,11.1600,10.7300,11.1300,108482496
20140106,10.8900,10.9500,10.5000,10.7300,84584200
20140107,10.7600,10.8900,10.6700,10.7100,36443000
20140108,10.8100,10.9900,10.7400,10.8000,51870300
20140109,10.5100,10.8700,10.5000,10.7700,61991900
20140110,10.1900,10.3800,10.1500,10.3800,76531904
20140113,10.1600,10.3000,10.1000,10.1500,49689900
20140114,10.2900,10.3500,10.1400,10.1700,43803200
20140115,10.1600,10.3000,10.0600,10.3000,54662300
20140116,10.2300,10.2900,10.1000,10.1700,55985100
20140117,10.2700,10.3000,10.0600,10.1500,62535600
20140120,10.1900,10.2800,10.1300,10.1900,32605600
20140121,10.4400,10.5200,10.2000,10.2000,59075000
20140122,10.7600,10.8100,10.4100,10.4500,86936304
20140123,10.6300,10.7700,10.5700,10.7300,57376500
20140124,10.7200,10.8200,10.5300,10.5900,52215200
20140127,10.4100,10.6500,10.3600,10.6000,55030000
20140128,10.4300,10.5900,10.3800,10.4900,43182700
20140129,10.4700,10.5400,10.3800,10.4900,37066200
20140130,10.2900,10.4300,10.2700,10.4200,31926800
20140131,10.2900,10.2900,10.2900,10.2900,0
20140203,10.2900,10.2900,10.2900,10.2900,0
20140205,10.2900,10.2900,10.2900,10.2900,0
20140206,10.2900,10.2900,10.2900,10.2900,0
20140207,10.3400,10.3500,10.1000,10.1600,39687200
20140210,10.5900,10.6600,10.3800,10.3900,76049800
20140211,10.6500,10.8100,10.5200,10.5900,89607000
20140212,10.6200,10.7400,10.5500,10.7000,66806200
20140213,10.5600,10.7400,10.5400,10.6900,79584400
20140214,10.5900,10.6200,10.4900,10.5500,50581200
20140217,10.6200,10.7300,10.5400,10.6900,72700096
20140218,10.2300,10.6200,10.2000,10.6200,121472896
20140219,10.3100,10.4000,10.1100,10.2100,91459200
20140220,10.1100,10.4000,10.0800,10.3100,86839400
20140221,9.9400,10.1000,9.8500,10.0400,96630096
20140224,9.6500,9.8900,9.5800,9.8900,95124000
20140225,9.4400,9.7600,9.4100,9.6900,97372800
