20130226,37.2900,39.2800,37.1000,38.1000,7625400
20130227,37.0300,38.0000,36.7000,36.7500,2754000
20130228,36.7200,37.4500,35.5000,37.1100,6570000
20130301,36.6100,36.9700,35.8300,36.4900,5619100
20130304,37.4000,38.2800,36.3600,36.5100,9155200
20130305,37.8000,38.7000,37.3000,37.3800,5677400
20130306,38.9300,39.2200,37.7300,37.7900,7795800
20130307,40.9200,42.8200,39.4000,39.4000,15589300
20130308,40.6700,43.1000,40.4800,40.4800,8449800
20130311,39.4000,40.6800,39.1900,40.6700,6340700
20130312,40.2900,40.6500,38.8500,39.3800,5214400
20130313,41.3300,42.2800,39.8000,40.4000,5596300
20130314,39.5500,41.6800,39.4000,41.3200,4681100
20130315,38.9300,39.3800,37.6300,38.5000,5488000
20130318,36.5700,38.6500,35.3000,38.6500,8790500
20130319,35.0700,36.6000,34.8000,36.6000,13293200
20130320,36.0200,36.0700,33.9800,35.0200,10760000
20130321,34.9200,35.9000,34.7000,35.8800,15592000
20130322,35.0000,35.4900,34.5600,34.8000,7743800
20130325,34.7900,35.0900,34.3000,34.7800,5424800
20130326,34.8000,35.1500,34.3000,34.7000,5683900
20130327,32.2100,34.7300,31.4000,34.7000,19630100
20130328,30.7900,32.0000,30.0200,32.0000,15733600
20130329,30.0100,30.9000,29.4500,30.6300,9393700
20130401,28.1600,29.8900,28.1300,29.8900,15902800
20130402,28.8500,28.9900,28.1300,28.1500,8891300
20130403,28.7000,28.9900,28.2100,28.8700,6319000
20130404,28.7000,28.7000,28.7000,28.7000,0
20130405,28.7000,28.7000,28.7000,28.7000,0
20130408,28.7100,29.0000,27.2700,28.1800,7463400
20130409,29.6500,29.7800,28.7100,28.7100,10702800
20130410,31.7100,31.7800,29.4600,29.6000,14000900
20130411,31.6000,32.0000,31.0000,31.4500,7065100
20130412,32.0200,33.0200,30.8800,31.4000,9538300
20130415,31.4800,31.9000,30.7000,31.9000,5012400
20130416,30.9000,31.3700,30.1600,30.6000,5298000
20130417,31.5100,31.8000,30.7500,30.7500,4806400
20130418,30.8700,31.4500,30.5000,31.4500,5738800
20130419,30.6900,31.1000,29.8000,30.7000,8754200
20130422,28.2400,30.4000,28.0000,30.2500,24479300
20130423,27.8200,28.4900,27.6000,27.9800,10743300
20130424,27.6400,28.0900,26.7200,27.8500,11493200
20130425,26.9600,27.4700,26.8200,27.3800,6571300
20130426,26.7900,27.4600,26.6200,26.9000,5807400
20130429,26.7900,26.7900,26.7900,26.7900,0
20130430,26.7900,26.7900,26.7900,26.7900,0
20130501,26.7900,26.7900,26.7900,26.7900,0
20130502,25.3900,26.5400,25.1800,26.5400,9442300
20130503,25.6200,25.7500,25.2100,25.3900,8074900
20130506,26.6700,26.7000,25.5000,25.6500,8800000
20130507,27.8900,28.0500,26.4800,26.6000,15389600
20130508,27.3300,27.8900,27.0500,27.8000,9508900
20130509,27.6100,28.3100,27.3700,27.3800,11566200
20130510,27.3400,28.1500,27.2900,27.6100,6021100
20130513,27.8200,28.0000,27.1600,27.1600,7234200
20130514,26.6200,27.8000,26.6000,27.8000,7132200
20130515,26.5500,27.0800,26.4300,26.6500,4788700
20130516,26.7500,27.0500,25.8000,26.5500,7004900
20130517,27.3000,27.3200,26.5100,26.7500,5846100
20130520,28.1200,28.2900,27.4000,27.4500,9037300
20130521,28.1000,28.4400,27.6200,28.1100,7354800
20130522,29.2600,29.5300,28.0000,28.1100,12818700
20130523,29.5200,30.4200,29.0200,29.2000,13295800
20130524,29.7700,30.0900,28.8500,29.5000,8091100
20130527,29.2800,29.7700,28.9500,29.7600,7625100
20130528,29.6700,29.7600,28.8600,29.2900,6392100
20130529,29.6100,30.3700,29.4000,29.6800,6492600
20130530,28.6200,29.3600,28.5700,29.3600,9524600
20130531,28.4000,28.8700,28.3500,28.5100,4780900
20130603,27.9000,28.7200,27.7900,28.4400,7766000
20130604,27.2100,27.9200,27.0000,27.8000,6291700
20130605,27.9800,28.0500,26.8900,27.1000,6697200
20130606,27.5900,28.3500,27.4000,27.9100,5380500
20130607,27.0100,27.9400,26.7900,27.4600,4696100
20130610,27.0100,27.0100,27.0100,27.0100,0
20130611,27.0100,27.0100,27.0100,27.0100,0
20130612,27.0100,27.0100,27.0100,27.0100,0
20130613,27.4100,27.5500,25.8500,26.6000,7344800
20130614,27.5500,27.6500,27.1100,27.2700,3990900
20130617,26.6500,27.8000,26.1100,27.6000,5349600
20130618,26.7600,26.8600,26.3000,26.4000,3206900
20130619,27.9300,28.0300,26.3500,26.5500,7361400
20130620,27.4900,28.4000,27.4000,27.7700,7477000
20130621,28.1800,28.3500,26.8000,27.1900,6923300
20130624,27.5800,28.4300,26.9500,28.1800,7682800
20130625,28.3900,28.4400,24.8600,27.0100,10156600
20130626,27.9700,28.5900,27.4100,28.3500,7575200
20130627,25.2700,27.7700,25.2000,27.7700,9674500
20130628,24.5000,25.8300,24.3000,25.2700,9773000
20130701,23.5400,24.5400,23.1600,24.5000,12453900
20130702,24.2600,24.6000,23.2100,23.6000,12470100
20130703,23.6700,24.1000,23.3100,24.1000,7322100
20130704,23.8300,24.1200,23.3100,23.5700,6548000
20130705,23.9900,24.5000,23.6600,23.7800,7338400
20130708,23.1400,23.8200,23.1000,23.6400,5939200
20130709,22.7800,23.1900,22.7000,22.8800,5126600
20130710,23.3400,23.3800,22.5200,22.7100,6285200
20130711,24.4000,25.1400,23.1600,23.3300,13784800
20130712,23.6300,24.4500,23.5800,24.3700,8069400
20130715,23.8000,23.8800,23.3000,23.6300,6108500
20130716,24.5400,24.6800,23.6500,23.8100,9333800
20130717,24.1800,24.7700,24.0300,24.3200,5948500
20130718,23.6000,24.1700,23.5100,24.0100,4443300
20130719,22.9000,23.6000,22.8900,23.4800,8712900
20130722,22.6700,23.1000,22.5300,22.5500,4678500
20130723,23.1000,23.2300,22.6700,22.7600,5912400
20130724,22.8500,23.2200,22.4500,22.9500,6496600
20130725,23.0700,23.8800,22.6200,22.8200,11167100
20130726,22.5100,22.9600,22.4000,22.9600,7673400
20130729,22.0100,22.4000,21.9900,22.3400,4480200
20130730,21.7500,22.2100,21.5400,22.0500,5626800
20130731,21.7300,21.9600,21.6500,21.8000,3610400
20130801,22.0500,22.1800,21.7200,21.8000,5230900
20130802,22.0800,22.5300,22.0000,22.1600,6018800
20130805,22.2600,22.3800,22.0000,22.1400,5341400
20130806,22.7500,22.8100,22.2200,22.3000,9642200
20130807,23.2000,23.3600,22.4600,22.6000,10001800
20130808,22.8800,23.3000,22.7400,23.0300,4557900
20130809,22.5300,23.0500,22.3000,22.8900,6040100
20130812,23.4000,23.4500,22.3700,22.5300,11421600
20130813,23.5700,24.0700,23.3200,23.4000,9249200
20130814,23.4700,24.0600,23.2200,23.5900,7345000
20130815,23.4300,23.9500,23.3500,23.5100,7640400
20130816,23.2500,24.1000,23.0000,23.2000,6891300
20130819,23.4900,23.5100,22.9200,22.9200,3165000
20130820,22.6100,23.2900,22.5100,23.1400,11795600
20130821,22.7100,22.7600,22.5000,22.5700,4521800
20130822,22.2900,22.7200,22.2800,22.6000,5812700
20130823,22.1800,22.4900,21.9100,22.3200,3975100
20130826,22.6200,22.6300,22.0600,22.2000,3788000
20130827,22.9600,23.0200,22.2200,22.6000,9036500
20130828,22.4100,22.8000,22.3700,22.6500,6401600
20130829,22.7300,22.8900,22.3500,22.5000,6039300
20130830,22.3800,22.6600,22.2000,22.6000,4367500
20130902,20.4700,22.1800,20.4500,22.1700,16759200
20130903,20.7900,20.8800,20.2600,20.5600,10181600
20130904,20.6300,20.7500,20.4300,20.6000,6706700
20130905,20.4200,20.6400,20.2500,20.6400,5441600
20130906,20.5700,21.4200,20.3800,20.4900,5945900
20130909,20.7300,20.7900,20.4900,20.6000,7917900
20130910,20.7800,20.8400,20.5600,20.7100,6108400
20130911,21.3400,21.3700,20.6500,20.8000,12429000
20130912,21.2200,21.5000,21.1400,21.2900,5958700
20130913,21.6900,22.0700,21.1100,21.1100,13186400
20130916,21.2300,21.7400,21.2200,21.7000,6480700
20130917,20.0700,21.2300,19.9800,21.2300,13231400
20130918,19.9100,20.2700,19.6900,20.0600,10885900
20130920,19.9100,19.9100,19.9100,19.9100,0
20130923,19.8100,19.8800,19.6300,19.8700,8832600
20130924,19.4200,20.0800,19.1900,20.0200,13072900
20130925,19.1000,19.3500,19.0100,19.3400,10459600
20130926,18.9500,19.2300,18.8200,19.0000,8051000
20130927,18.3600,19.0200,18.2500,18.9200,10896300
20130930,18.2900,18.4800,17.9000,18.3300,7388300
20131001,18.2900,18.2900,18.2900,18.2900,0
20131002,18.2900,18.2900,18.2900,18.2900,0
20131003,18.2900,18.2900,18.2900,18.2900,0
20131004,18.2900,18.2900,18.2900,18.2900,0
20131007,18.2900,18.2900,18.2900,18.2900,0
20131008,18.3100,18.3900,17.9200,18.1600,7449700
20131009,18.3600,18.5000,18.2000,18.2400,6095100
20131010,17.8800,18.3600,17.8600,18.3500,7334100
20131011,18.0000,18.1000,17.7500,17.8900,9244300
20131014,18.4300,18.5900,17.9100,18.0200,16603000
20131015,18.4900,18.6500,18.1600,18.3500,10642600
20131016,18.4400,18.7600,18.3100,18.5400,13091700
20131017,18.2500,18.5300,18.1300,18.5000,7618400
20131018,18.0700,18.3500,17.9800,18.2600,5436000
20131021,18.4000,18.4300,18.0600,18.0700,5934300
20131022,18.5100,18.7200,18.2500,18.3900,8624600
20131023,18.3900,18.6800,18.3400,18.4700,6340700
20131024,18.0700,18.4000,18.0400,18.3900,4153000
20131025,17.2900,18.1500,17.1800,18.0700,9134300
20131028,16.9500,17.0900,16.4800,17.0900,8670900
20131029,16.7400,16.9900,16.4800,16.7900,5208900
20131030,16.7200,16.7900,16.5300,16.7100,4453800
20131031,17.3700,17.7400,16.7000,16.7900,11515700
20131101,17.1000,17.2800,16.9500,17.0700,4755100
20131104,17.2200,17.3600,17.0000,17.1100,3543900
20131105,17.3400,17.4000,16.9200,17.1500,3938300
20131106,18.0000,18.5900,17.1800,17.3300,14908800
20131107,18.1900,18.4200,17.7800,17.8900,7404700
20131108,17.8000,18.3200,17.7000,18.0200,4662700
20131111,18.4800,18.5700,17.6200,17.6800,9450100
20131112,19.7300,20.1800,18.3300,18.4000,24157300
20131113,19.6800,20.6500,19.3300,19.5000,20570000
20131114,19.3500,19.7800,19.0000,19.6900,9818500
20131115,19.2400,19.5500,19.1000,19.3400,10877700
20131118,19.4200,19.4400,18.8300,19.1800,9367700
20131119,19.6300,20.2200,19.2800,19.4000,12697000
20131120,19.6600,19.9700,19.3600,19.6500,6790100
20131121,18.9300,19.5900,18.8000,19.5900,8189000
20131122,18.8300,19.0200,18.6500,18.9300,4776800
20131125,19.1500,19.4200,18.7900,18.8100,6601300
20131126,19.0500,19.2400,18.8100,19.1800,3980300
20131127,19.1000,19.1400,18.7600,19.0000,3964600
20131128,19.4500,19.7000,19.0400,19.1100,7923200
20131129,19.2700,19.4700,19.1400,19.4400,4171200
20131202,18.3600,19.0800,18.3500,19.0500,6456400
20131203,18.6600,19.0300,18.2600,18.3500,5998800
20131204,18.8900,19.0500,18.3900,18.5500,6825600
20131205,18.7700,19.0600,18.7000,18.8700,4887700
20131206,19.3600,19.3700,18.6000,18.7400,10337500
20131209,19.9300,20.5000,19.0700,19.3500,13986600
20131210,20.0500,20.2500,19.7200,19.8000,8409800
20131211,20.3500,20.6500,19.7600,19.9900,11816100
20131212,19.9700,20.5600,19.8800,20.2000,6565600
20131213,19.7300,20.2400,19.7000,19.8000,5290900
20131216,18.9500,19.7500,18.8200,19.6700,7469600
20131217,18.9100,19.2000,18.7900,18.9700,5313000
20131218,18.4900,18.9500,18.4300,18.8700,5105200
20131219,18.5900,18.8400,18.4000,18.6000,3700200
20131220,17.9400,18.6700,17.7700,18.6500,6843100
20131223,17.7800,18.0500,17.3000,18.0000,4149500
20131224,18.0200,18.3700,17.7600,17.7700,4148900
20131225,18.1600,18.3300,18.0200,18.1500,1573000
20131226,17.5900,18.2200,17.2700,18.1200,4009100
20131227,18.2500,18.4800,17.4000,17.6000,5001600
20131230,18.1300,18.4400,17.9900,18.2600,5933500
20131231,19.3000,19.5800,17.8500,18.0000,14357800
20140101,19.3000,19.3000,19.3000,19.3000,0
20140102,19.2700,19.4400,18.7600,19.0000,7204200
20140103,19.1100,19.2300,18.8100,19.0100,4196100
20140106,18.2300,19.0700,18.2100,18.9000,3550700
20140107,18.4400,18.5900,18.0000,18.1500,3968600
20140108,17.7800,18.5000,17.7000,18.4000,4094300
20140109,17.6400,18.6500,17.4700,17.8000,6492000
20140110,17.7800,17.9600,17.4200,17.6000,2673200
20140113,18.0600,18.3200,17.7500,17.8900,4402600
20140114,18.2800,18.4000,17.8600,18.0500,2992400
20140115,18.2000,18.3900,18.0000,18.2700,4085700
20140116,18.2900,18.6500,18.0700,18.0700,4747300
20140117,17.5700,18.2400,17.4800,18.2100,6392000
20140120,18.4500,18.4900,17.3400,17.3800,8779700
20140121,18.3200,18.5300,18.2000,18.3600,2315100
20140122,18.8000,19.0600,18.1500,18.1800,7894300
20140123,18.4200,18.6900,18.0100,18.5000,8438700
20140124,18.1700,18.5200,18.1100,18.2100,7499700
20140127,18.1200,18.4500,17.8800,18.1200,6985000
20140128,18.1700,18.4000,18.0200,18.1500,4101000
20140129,17.5600,18.2400,17.4400,18.1700,7542000
20140130,16.2900,17.5400,16.2600,17.5400,12209100
20140131,16.2900,16.2900,16.2900,16.2900,0
20140203,16.2900,16.2900,16.2900,16.2900,0
20140205,16.2900,16.2900,16.2900,16.2900,0
20140206,16.2900,16.2900,16.2900,16.2900,0
20140207,16.2600,16.3800,16.0100,16.2100,3749700
20140210,16.5100,16.5500,16.2100,16.3000,7188000
20140211,16.7500,16.9400,16.3700,16.4600,7657200
20140212,16.6500,16.7500,16.5000,16.7500,4625800
20140213,16.6900,16.9800,16.5400,16.6300,5802400
20140214,17.3200,17.3800,16.6600,16.6600,9478000
20140217,17.8800,18.1000,17.2600,17.3000,10686000
20140218,17.3700,17.9400,17.3100,17.8700,6192800
20140219,17.5900,17.9700,17.3500,17.3500,6646000
20140220,17.1100,17.6600,17.0600,17.5300,4138200
20140221,16.9500,17.3200,16.7000,17.1200,4613600
20140224,16.7300,16.8100,16.4000,16.8000,3627800
20140225,16.0500,16.7400,16.0300,16.6200,5971400
