20130226,3.9800,4.0700,3.9700,4.0700,2733200
20130227,3.9700,4.0100,3.9500,3.9600,1702300
20130228,4.2200,4.3000,3.9200,3.9700,6142600
20130301,4.1700,4.2500,4.1200,4.1500,6000100
20130304,4.0400,4.1600,4.0300,4.1300,2836600
20130305,4.1400,4.1500,4.0400,4.0600,3059000
20130306,4.5500,4.5500,4.1200,4.1400,20728400
20130307,4.4900,4.5400,4.3800,4.4800,11244900
20130308,4.3700,4.5300,4.3500,4.4300,4417300
20130311,4.3900,4.4500,4.3400,4.3400,2699900
20130312,4.2800,4.4000,4.2100,4.3800,3580900
20130313,4.3400,4.3700,4.2000,4.2600,2776500
20130314,4.4000,4.4600,4.3100,4.3300,4575600
20130315,4.2400,4.4300,4.2200,4.3800,4226800
20130318,4.1700,4.3000,4.1500,4.2400,3326800
20130319,4.4000,4.4300,4.1300,4.1600,4411800
20130320,4.8400,4.8400,4.3300,4.3600,35258000
20130321,4.9000,5.0800,4.7200,4.7500,24900700
20130322,5.3900,5.3900,4.7700,4.8500,53185500
20130325,5.4400,5.5000,5.1700,5.2500,50559100
20130326,5.2700,5.3800,5.2000,5.3800,16773900
20130327,5.6000,5.8000,5.2100,5.3000,50149500
20130328,5.3900,5.5000,5.2500,5.4800,43867800
20130329,5.2600,5.3700,5.1500,5.3200,34330700
20130401,5.0200,5.2300,4.9600,5.2100,19044600
20130402,5.5200,5.5200,4.9500,5.0300,45757500
20130403,5.3500,5.5300,5.2400,5.4300,36119100
20130404,5.3500,5.3500,5.3500,5.3500,0
20130405,5.3500,5.3500,5.3500,5.3500,0
20130408,5.2100,5.4400,4.9000,5.2500,20125100
20130409,5.3400,5.4700,5.1500,5.1500,33271400
20130410,4.9000,5.2800,4.8900,5.2800,27991900
20130411,4.7900,4.8700,4.7200,4.8700,11984000
20130412,4.6400,4.8300,4.6200,4.7900,9399700
20130415,4.7000,4.7300,4.6200,4.6600,6852000
20130416,4.6600,4.7000,4.5700,4.6000,6184500
20130417,4.7300,4.7600,4.6600,4.6900,7733200
20130418,4.7600,4.7900,4.6200,4.7300,8931300
20130419,4.8200,4.8600,4.7100,4.7400,9860900
20130422,4.7000,4.7900,4.6600,4.7700,7553600
20130423,4.4300,4.7000,4.4200,4.7000,8340100
20130424,4.5800,4.6300,4.4000,4.4500,8256300
20130425,4.4000,4.5400,4.3800,4.5400,7432000
20130426,4.4600,4.6400,4.4200,4.4500,9400100
20130429,4.4600,4.4600,4.4600,4.4600,0
20130430,4.4600,4.4600,4.4600,4.4600,0
20130501,4.4600,4.4600,4.4600,4.4600,0
20130502,4.5600,4.6200,4.4700,4.4800,5049700
20130503,4.6600,4.7300,4.5500,4.5500,7798800
20130506,4.6900,4.7400,4.6100,4.6800,6467600
20130507,4.7400,4.7600,4.6000,4.6700,9050200
20130508,4.6900,4.7400,4.6500,4.7100,5611300
20130509,4.9200,4.9900,4.6100,4.6700,17628800
20130510,4.9800,5.1900,4.8200,4.8600,14484800
20130513,4.9100,4.9900,4.8300,4.9900,6864100
20130514,4.8000,4.9200,4.7500,4.9100,5907500
20130515,4.8300,4.8500,4.7700,4.7900,4408400
20130516,4.8400,4.9100,4.7800,4.8500,6356400
20130517,4.8600,4.9200,4.7700,4.8200,7378300
20130520,4.9600,5.0100,4.8500,4.8900,8610100
20130521,4.9600,4.9800,4.9100,4.9800,7201800
20130522,5.0300,5.0600,4.9300,4.9500,8227000
20130523,5.1500,5.3500,4.8700,5.0000,17638300
20130524,5.1400,5.1800,5.0400,5.0900,8826300
20130527,5.0700,5.1500,5.0400,5.1500,7121600
20130528,5.0800,5.0800,4.9600,5.0800,6307100
20130529,5.1200,5.1400,5.0200,5.0800,6386000
20130530,4.9500,5.1400,4.9200,5.1300,8333100
20130531,4.8500,4.9800,4.8400,4.9500,6334800
20130603,4.8900,4.9100,4.8100,4.8600,3851400
20130604,4.7000,4.9000,4.6900,4.9000,4882500
20130605,4.6900,4.7500,4.6600,4.7100,2794600
20130606,4.7100,4.8200,4.6500,4.6900,3024500
20130607,4.5500,4.7500,4.5000,4.7100,3375800
20130610,4.5500,4.5500,4.5500,4.5500,0
20130611,4.5500,4.5500,4.5500,4.5500,0
20130612,4.5500,4.5500,4.5500,4.5500,0
20130613,4.3700,4.5000,4.2100,4.5000,4815100
20130614,4.3900,4.4200,4.3400,4.3700,2526600
20130617,4.3900,4.4900,4.2800,4.3900,2744000
20130618,4.4700,4.5000,4.4000,4.4000,2933300
20130619,4.4200,4.4800,4.3200,4.4800,2212900
20130620,4.3000,4.4300,4.2500,4.4300,2260700
20130621,4.2400,4.2700,4.1600,4.2700,2745600
20130624,3.8800,4.2200,3.8400,4.2000,4198000
20130625,3.8300,3.8800,3.5200,3.8500,4279800
20130626,3.8300,3.8600,3.7200,3.8200,3483300
20130627,3.8000,3.9200,3.7800,3.8500,2877800
20130628,3.7800,3.8900,3.6800,3.7700,2130500
20130701,3.8700,3.8900,3.7600,3.7600,2180100
20130702,3.9200,3.9300,3.8100,3.8800,2425200
20130703,3.9900,4.1000,3.8700,3.9200,5247200
20130704,4.0600,4.1500,3.9200,3.9300,6263600
20130705,3.9600,4.0800,3.9500,4.0600,5011000
20130708,3.7100,3.9200,3.7000,3.9200,3270200
20130709,3.7300,3.7700,3.6700,3.7100,1854300
20130710,3.8500,3.8700,3.7200,3.7500,2837600
20130711,4.0600,4.0700,3.8400,3.8800,6119400
20130712,4.0000,4.0600,3.9500,4.0600,4292300
20130715,4.0700,4.0900,3.9900,4.0100,3272700
20130716,4.2400,4.3000,4.0100,4.0500,7837600
20130717,4.0800,4.2800,4.0500,4.1800,4153600
20130718,4.0100,4.1100,3.9700,4.1100,3662700
20130719,3.9400,4.0900,3.9000,4.0200,3471600
20130722,4.0000,4.0100,3.8600,3.9400,2438400
20130723,4.0900,4.1200,3.9600,4.0000,3803900
20130724,4.1100,4.1200,4.0000,4.0900,3819500
20130725,4.0100,4.1300,4.0000,4.1100,2974400
20130726,4.0800,4.1500,3.9400,4.0200,3791500
20130729,4.1200,4.2200,4.0200,4.0500,5582500
20130730,4.1900,4.2100,4.0000,4.1100,7715100
20130731,4.1800,4.2500,4.1300,4.2200,5021000
20130801,4.2200,4.2300,4.1500,4.1500,4626600
20130802,4.1800,4.2500,4.1600,4.2300,3308700
20130805,4.2100,4.2500,4.1600,4.1700,3442300
20130806,4.2600,4.2600,4.1600,4.2000,4687100
20130807,4.2500,4.3500,4.2200,4.2500,5982500
20130808,4.3700,4.4100,4.2500,4.2700,8486900
20130809,4.3900,4.4400,4.2800,4.3600,6329400
20130812,4.4500,4.4500,4.3300,4.4000,6549100
20130813,4.4200,4.4900,4.3900,4.4500,4581400
20130814,4.3600,4.4500,4.3400,4.4300,4025800
20130815,4.2300,4.3800,4.2200,4.3300,4344400
20130816,4.1800,4.3100,4.1700,4.2100,4157500
20130819,4.3400,4.3500,4.1500,4.1700,4040300
20130820,4.2800,4.3600,4.2200,4.3200,2887300
20130821,4.3600,4.3900,4.2400,4.3100,3709200
20130822,4.3000,4.4200,4.2900,4.3900,6391400
20130823,4.2100,4.3300,4.1400,4.3000,5701000
20130826,4.3000,4.3200,4.1800,4.2000,5253800
20130827,4.3000,4.3300,4.2700,4.3000,4046100
20130828,4.2300,4.2800,4.2100,4.2600,4388500
20130829,4.2600,4.2800,4.2100,4.2400,3083500
20130830,4.2000,4.2800,4.1800,4.2400,4352200
20130902,4.2400,4.2500,4.0900,4.2400,4344700
20130903,4.3000,4.3200,4.2000,4.2200,4370300
20130904,4.3100,4.3200,4.2500,4.2900,4006400
20130905,4.2300,4.3300,4.2300,4.3100,3348900
20130906,4.3400,4.3700,4.1000,4.2100,7879700
20130909,4.3600,4.3800,4.3100,4.3300,6821500
20130910,4.3900,4.4000,4.3200,4.3600,6268000
20130911,4.4700,4.6300,4.4500,4.5900,19364900
20130912,4.4600,4.4800,4.3700,4.4500,7542200
20130913,4.3800,4.4600,4.3700,4.4500,4260100
20130916,4.4000,4.4200,4.3600,4.3800,3854200
20130917,4.2800,4.4000,4.2600,4.4000,4804800
20130918,4.2800,4.2900,4.2100,4.2700,3248600
20130920,4.2800,4.2800,4.2800,4.2800,0
20130923,4.3500,4.3700,4.2600,4.2800,4054600
20130924,4.2800,4.3500,4.2600,4.3500,3212300
20130925,4.3300,4.3600,4.2500,4.2700,3671100
20130926,4.1900,4.3300,4.1900,4.3200,3467900
20130927,4.1700,4.2300,4.1700,4.1800,1719900
20130930,4.2200,4.2400,4.1700,4.1700,1850500
20131001,4.2200,4.2200,4.2200,4.2200,0
20131002,4.2200,4.2200,4.2200,4.2200,0
20131003,4.2200,4.2200,4.2200,4.2200,0
20131004,4.2200,4.2200,4.2200,4.2200,0
20131007,4.2200,4.2200,4.2200,4.2200,0
20131008,4.2600,4.2700,4.1700,4.2200,2979300
20131009,4.2900,4.3000,4.2300,4.2300,2627800
20131010,4.3700,4.5000,4.2600,4.2900,9725600
20131011,4.3600,4.3800,4.3200,4.3600,5266300
20131014,4.4400,4.4600,4.3800,4.3800,7327600
20131015,4.4500,4.5300,4.4200,4.4500,6139300
20131016,4.4000,4.5100,4.3000,4.4500,8126200
20131017,4.4000,4.4800,4.3600,4.3700,5507600
20131018,4.4900,4.5100,4.3600,4.4000,6881800
20131021,4.5300,4.5900,4.4500,4.4900,9575700
20131022,4.5500,4.6100,4.4600,4.5100,10976200
20131023,4.3900,4.5600,4.3700,4.5300,5776500
20131024,4.4700,4.5300,4.3700,4.4000,6633500
20131025,4.4300,4.5900,4.3500,4.4900,11123700
20131028,4.4400,4.4500,4.2600,4.3700,7502000
20131029,4.1900,4.4400,4.1000,4.4100,7212700
20131030,4.2300,4.2400,4.1400,4.1800,4670700
20131031,4.2600,4.3400,4.1900,4.2100,5634200
20131101,4.1700,4.2500,4.1400,4.2500,3578500
20131104,4.1800,4.2200,4.1600,4.1900,1862600
20131105,4.1900,4.2000,4.1200,4.1800,2303100
20131106,4.2000,4.2700,4.1500,4.1500,4197800
20131107,4.1100,4.2200,4.1000,4.2200,2853500
20131108,4.0000,4.1300,3.9900,4.1300,2897800
20131111,4.0300,4.0500,3.9600,4.0100,1451500
20131112,4.1100,4.1300,4.0500,4.0800,2352200
20131113,4.0000,4.0900,3.9900,4.0900,1986500
20131114,4.0300,4.0700,3.9500,3.9800,1620500
20131115,4.0900,4.1200,4.0100,4.0100,2506500
20131118,4.1600,4.1600,4.0800,4.1200,4052400
20131119,4.5800,4.5800,4.2000,4.2300,13543300
20131120,4.8700,4.9500,4.6600,4.8100,38838200
20131121,4.7500,4.8200,4.7000,4.7300,19363900
20131122,4.7000,4.7900,4.6400,4.6900,13221600
20131125,4.6700,4.7800,4.6400,4.6800,9745700
20131126,4.5800,4.6700,4.5300,4.6400,11707100
20131127,4.6300,4.6500,4.5400,4.5800,7807100
20131128,4.6700,4.8200,4.5900,4.6200,13831200
20131129,4.6000,4.6700,4.5700,4.6300,8200900
20131202,4.3000,4.5100,4.2700,4.4800,9793200
20131203,4.4000,4.4000,4.2400,4.2800,4015100
20131204,4.4500,4.5100,4.3600,4.3800,5023100
20131205,4.6200,4.6800,4.4200,4.4200,11139900
20131206,4.5300,4.7800,4.5200,4.5900,8764100
20131209,4.6600,4.7200,4.5400,4.5900,8617300
20131210,4.8300,4.9300,4.6400,4.7000,17799000
20131211,4.7500,4.9100,4.6700,4.8000,13511200
20131212,4.6700,4.8400,4.6300,4.7500,9252300
20131213,4.7500,4.7700,4.5800,4.6100,10144700
20131216,4.6800,4.7700,4.5400,4.7200,8362400
20131217,4.5300,4.6900,4.5000,4.6400,6352200
20131218,4.5100,4.5900,4.4400,4.5300,4651400
20131219,4.5100,4.6400,4.4600,4.5400,3890400
20131220,4.4300,4.5400,4.3500,4.5400,4678000
20131223,4.3200,4.4400,4.2800,4.4200,4461400
20131224,4.3400,4.3900,4.2800,4.3100,4476500
20131225,4.3300,4.3800,4.3000,4.3400,4032600
20131226,4.2400,4.3300,4.1100,4.3300,6641900
20131227,4.2400,4.2700,4.1900,4.2300,5232500
20131230,4.2100,4.2700,4.1700,4.2500,3786700
20131231,4.2400,4.2600,4.1500,4.2200,3434700
20140101,4.2400,4.2400,4.2400,4.2400,0
20140102,4.2400,4.2900,4.1800,4.2300,3951300
20140103,4.2000,4.2400,4.1400,4.2200,3942300
20140106,4.0300,4.1900,4.0200,4.1800,2941000
20140107,4.0800,4.0900,4.0000,4.0100,2447400
20140108,4.0400,4.1100,4.0300,4.0700,2173900
20140109,4.0600,4.1600,4.0400,4.0500,3820000
20140110,4.0200,4.0700,3.9900,4.0500,3231100
20140113,3.9700,4.0500,3.9500,4.0000,2266100
20140114,4.0700,4.0800,3.9500,3.9600,2572500
20140115,4.1200,4.1500,4.0400,4.0800,3483600
20140116,4.0900,4.1400,4.0700,4.1400,2478400
20140117,4.0000,4.0800,4.0000,4.0800,2565300
20140120,4.0300,4.0400,3.9700,3.9800,1703400
20140121,4.1000,4.1200,4.0100,4.0100,2031000
20140122,4.1900,4.1900,4.0800,4.1100,3393500
20140123,4.1700,4.1900,4.1400,4.1700,3092000
20140124,4.2100,4.2200,4.1400,4.1500,3183100
20140127,4.2200,4.3200,4.1800,4.1900,6330600
20140128,4.2000,4.2500,4.1500,4.2200,3183300
20140129,4.2200,4.2400,4.1900,4.2100,2447600
20140130,4.1800,4.2400,4.1200,4.2100,2584900
20140131,4.1800,4.1800,4.1800,4.1800,0
20140203,4.1800,4.1800,4.1800,4.1800,0
20140205,4.1800,4.1800,4.1800,4.1800,0
20140206,4.1800,4.1800,4.1800,4.1800,0
20140207,4.2700,4.2800,4.1400,4.1500,4375000
20140210,4.4700,4.6500,4.2500,4.2500,10818500
20140211,4.4400,4.4800,4.3800,4.4400,6102100
20140212,4.4900,4.5500,4.4200,4.4400,5807600
20140213,4.4300,4.6200,4.4200,4.4700,7037500
20140214,4.4800,4.5200,4.4100,4.4300,5552700
20140217,4.5700,4.6200,4.4900,4.5000,6312900
20140218,4.5300,4.5900,4.4800,4.5600,7899300
20140219,4.6600,4.7400,4.5200,4.5300,13199700
20140220,4.5400,4.6600,4.5300,4.6300,8710700
20140221,4.4400,4.5700,4.3700,4.5400,6333900
20140224,4.4500,4.4700,4.3500,4.4200,5417300
20140225,4.3400,4.5500,4.3000,4.4200,7964900
