20130226,3.1000,3.1700,3.1000,3.1700,3267600
20130227,3.0700,3.1300,3.0600,3.0900,3110000
20130228,3.1300,3.1300,3.0700,3.0900,2610300
20130301,3.1400,3.1500,3.1100,3.1200,2308600
20130304,3.0100,3.1300,3.0000,3.1300,4674200
20130305,3.0500,3.0500,3.0000,3.0100,2826000
20130306,3.1000,3.1000,3.0500,3.0500,3525100
20130307,3.1000,3.1200,3.0700,3.1100,2539000
20130308,3.0700,3.1100,3.0600,3.0900,1768500
20130311,3.1000,3.1000,3.0600,3.0800,1408400
20130312,3.0500,3.1000,3.0200,3.0900,2561500
20130313,3.0300,3.0500,2.9900,3.0400,1726100
20130314,3.0100,3.0400,3.0000,3.0100,1619800
20130315,3.0200,3.0400,2.9700,3.0100,1618200
20130318,2.9900,3.0200,2.9400,3.0000,1495100
20130319,3.0400,3.0500,2.9700,3.0200,2528900
20130320,3.0700,3.0700,3.0200,3.0400,2680800
20130321,3.3200,3.3700,3.0700,3.0700,22782800
20130322,3.2300,3.2700,3.1700,3.2500,14901000
20130325,3.1900,3.2300,3.1600,3.2200,7491400
20130326,3.1600,3.1800,3.1100,3.1800,6492600
20130327,3.1500,3.1800,3.1100,3.1700,3447100
20130328,3.0500,3.1300,3.0400,3.1300,4429500
20130329,3.0700,3.1100,3.0400,3.0500,2973300
20130401,3.0400,3.0800,3.0300,3.0600,2409800
20130402,3.0500,3.0900,3.0300,3.0400,2181900
20130403,3.0300,3.0800,3.0100,3.0700,1872100
20130404,3.0300,3.0300,3.0300,3.0300,0
20130405,3.0300,3.0300,3.0300,3.0300,0
20130408,2.9800,3.0000,2.9500,3.0000,2232900
20130409,3.0100,3.0200,2.9800,2.9900,2056400
20130410,2.9900,3.0300,2.9800,3.0100,2427700
20130411,3.0200,3.0400,2.9900,3.0000,2583600
20130412,3.0600,3.0600,3.0000,3.0200,3102500
20130415,2.9800,3.0600,2.9800,3.0500,1953400
20130416,3.0100,3.0300,2.9600,2.9900,1533000
20130417,3.0100,3.0200,2.9900,3.0100,1130700
20130418,3.0000,3.0400,2.9800,3.0100,1759500
20130419,3.0300,3.0400,2.9900,3.0000,1841900
20130422,3.0500,3.0600,3.0200,3.0200,2264600
20130423,2.9300,3.0500,2.9200,3.0500,2623200
20130424,2.9700,2.9800,2.9200,2.9600,2062000
20130425,2.9200,2.9800,2.9100,2.9800,1941300
20130426,2.8800,2.9400,2.8400,2.9400,2281100
20130429,2.8800,2.8800,2.8800,2.8800,0
20130430,2.8800,2.8800,2.8800,2.8800,0
20130501,2.8800,2.8800,2.8800,2.8800,0
20130502,2.8900,2.9100,2.8500,2.8600,1114200
20130503,2.9200,2.9400,2.8800,2.9000,1699900
20130506,2.9400,2.9500,2.9200,2.9400,1524200
20130507,3.0100,3.0800,2.9200,2.9200,4789400
20130508,3.0400,3.0600,2.9800,3.0100,5353800
20130509,2.9500,3.0300,2.9300,3.0300,4873400
20130510,2.9700,2.9800,2.9200,2.9500,1834500
20130513,2.9500,2.9800,2.9300,2.9500,1922100
20130514,2.9100,2.9500,2.8900,2.9500,2037400
20130515,2.9400,2.9400,2.9000,2.9100,1670200
20130516,2.9600,2.9700,2.9000,2.9000,2378700
20130517,3.0200,3.0500,2.9900,2.9900,5256000
20130520,3.0100,3.0300,3.0000,3.0300,4260000
20130521,3.0200,3.0300,3.0000,3.0100,2775100
20130522,3.0100,3.0400,3.0000,3.0100,2630600
20130523,2.9900,3.0300,2.9800,3.0000,3123200
20130524,3.0100,3.0200,2.9800,3.0000,2552300
20130527,3.0300,3.0300,2.9900,3.0100,2694200
20130528,3.0400,3.0500,3.0000,3.0300,3986900
20130529,3.0400,3.0500,3.0200,3.0400,2786700
20130530,3.0300,3.0400,3.0100,3.0300,2668800
20130531,3.0000,3.0300,3.0000,3.0300,2591300
20130603,3.0000,3.0300,2.9900,3.0000,3155300
20130604,2.9300,3.0100,2.9300,3.0000,2674800
20130605,2.9400,2.9500,2.9200,2.9300,1281000
20130606,2.8700,2.9300,2.8700,2.9300,3241900
20130607,2.8400,2.8900,2.8200,2.8800,2757500
20130610,2.8400,2.8400,2.8400,2.8400,0
20130611,2.8400,2.8400,2.8400,2.8400,0
20130612,2.8400,2.8400,2.8400,2.8400,0
20130613,2.7700,2.8300,2.7700,2.8200,2614400
20130614,2.7800,2.8100,2.7600,2.7900,3904600
20130617,2.7800,2.7900,2.7500,2.7800,2143300
20130618,2.8000,2.8100,2.7700,2.7900,1870000
20130619,2.7900,2.7900,2.7400,2.7900,1724000
20130620,2.7300,2.8100,2.7200,2.7700,2193200
20130621,2.7300,2.7400,2.6800,2.7200,2461400
20130624,2.5200,2.7200,2.5000,2.7100,3599800
20130625,2.4700,2.5300,2.3100,2.5200,3476300
20130626,2.4700,2.4800,2.4200,2.4500,2112000
20130627,2.4200,2.5200,2.4200,2.4900,2829600
20130628,2.4400,2.4600,2.3900,2.4000,1649700
20130701,2.5200,2.5200,2.4100,2.4400,2491600
20130702,2.6200,2.6300,2.5000,2.5000,5413200
20130703,2.5400,2.6200,2.4800,2.6200,4112500
20130704,2.5400,2.5500,2.4600,2.5400,3227600
20130705,2.5400,2.5600,2.5200,2.5500,1367100
20130708,2.4600,2.5300,2.4300,2.5300,1988700
20130709,2.5000,2.5000,2.4300,2.4700,1826000
20130710,2.5500,2.5600,2.4700,2.4900,2013200
20130711,2.6000,2.6300,2.5200,2.5200,3567100
20130712,2.5600,2.6200,2.5500,2.5700,2550800
20130715,2.5800,2.6000,2.5400,2.5500,2092700
20130716,2.6000,2.6100,2.5500,2.5700,2263900
20130717,2.5600,2.6100,2.5600,2.5900,1834500
20130718,2.5400,2.5900,2.5200,2.5900,1645100
20130719,2.4700,2.5500,2.4600,2.5300,2592500
20130722,2.4500,2.4700,2.4300,2.4500,1871000
20130723,2.5100,2.5200,2.4400,2.4400,2400000
20130724,2.5200,2.5400,2.4800,2.4800,2775200
20130725,2.4600,2.5300,2.4500,2.5100,2029300
20130726,2.4500,2.4800,2.4300,2.4800,1904800
20130729,2.4200,2.4400,2.4100,2.4300,2326200
20130730,2.4400,2.4600,2.4100,2.4300,1553000
20130731,2.4400,2.4700,2.4300,2.4300,1262400
20130801,2.4900,2.5000,2.4300,2.4400,2054000
20130802,2.5000,2.5500,2.4900,2.5000,2986200
20130805,2.5200,2.5400,2.4700,2.4800,2072400
20130806,2.5600,2.5600,2.5000,2.5100,2288000
20130807,2.6300,2.7500,2.6200,2.6300,13728200
20130808,2.5900,2.6200,2.5700,2.5800,4994700
20130809,2.5800,2.6000,2.5400,2.6000,3361000
20130812,2.6200,2.6200,2.5500,2.5600,3089200
20130813,2.6400,2.6400,2.6000,2.6200,3573100
20130814,2.6000,2.6500,2.5900,2.6400,4177400
20130815,2.5700,2.6200,2.5700,2.6100,2143900
20130816,2.5500,2.6200,2.5400,2.5600,3655000
20130819,2.5800,2.5900,2.5300,2.5300,1605800
20130820,2.5800,2.6000,2.5600,2.5800,2124500
20130821,2.7100,2.7500,2.5700,2.5800,8509600
20130822,2.6400,2.6800,2.6400,2.6800,6195200
20130823,2.6100,2.6800,2.5800,2.6500,4108900
20130826,2.6600,2.6600,2.6000,2.6200,3533500
20130827,2.6800,2.6800,2.6400,2.6600,3593700
20130828,2.6600,2.6700,2.6300,2.6700,3802900
20130829,2.7000,2.7100,2.6400,2.6500,5031800
20130830,2.7200,2.7700,2.6800,2.7000,7578900
20130902,2.6900,2.7100,2.6100,2.7100,4625800
20130903,2.7200,2.7200,2.6700,2.6900,3806000
20130904,2.7000,2.7300,2.6900,2.7200,2787800
20130905,2.6800,2.7100,2.6800,2.7000,2250600
20130906,2.6900,2.7000,2.6800,2.6900,2296400
20130909,2.7400,2.7400,2.6900,2.7100,3297600
20130910,2.7800,2.7900,2.7200,2.7300,4885100
20130911,2.8200,2.8600,2.7600,2.7700,7803300
20130912,2.9800,3.1000,2.7900,2.8100,30035300
20130913,2.8200,2.9700,2.8100,2.9300,20360100
20130916,2.8500,2.9500,2.8300,2.8700,9497700
20130917,2.8100,2.8700,2.8000,2.8400,4219500
20130918,2.8200,2.8300,2.7700,2.8100,3440100
20130920,2.8200,2.8200,2.8200,2.8200,0
20130923,2.9300,2.9500,2.8000,2.8300,9988000
20130924,2.8700,2.9100,2.8600,2.9000,6421300
20130925,2.8300,2.9000,2.8200,2.8900,3710200
20130926,2.7500,2.8400,2.7400,2.8300,3544100
20130927,2.7900,2.8000,2.7500,2.7500,1584100
20130930,2.7800,2.8000,2.7600,2.8000,1762700
20131001,2.7800,2.7800,2.7800,2.7800,0
20131002,2.7800,2.7800,2.7800,2.7800,0
20131003,2.7800,2.7800,2.7800,2.7800,0
20131004,2.7800,2.7800,2.7800,2.7800,0
20131007,2.7800,2.7800,2.7800,2.7800,0
20131008,2.8200,2.8200,2.7600,2.7800,2708000
20131009,2.8400,2.8500,2.7900,2.8200,2968700
20131010,2.8300,2.8700,2.8000,2.8600,3453200
20131011,2.8700,2.8800,2.8300,2.8400,4635300
20131014,2.8800,2.9000,2.8400,2.8700,3756900
20131015,2.8800,2.9000,2.8500,2.8800,2795100
20131016,2.8000,2.8800,2.7900,2.8800,3134600
20131017,2.8100,2.8600,2.8000,2.8100,2903200
20131018,2.8100,2.8200,2.7700,2.8100,1443600
20131021,2.8700,2.8800,2.7900,2.8200,3189800
20131022,2.8800,2.9100,2.8500,2.8700,4502100
20131023,2.8200,2.8800,2.8100,2.8800,3675200
20131024,2.8200,2.8300,2.7800,2.8100,2252300
20131025,2.7800,2.8700,2.7500,2.8500,3261600
20131028,2.7800,2.8000,2.7300,2.7800,2620700
20131029,2.6800,2.7900,2.6000,2.7600,3122900
20131030,2.7200,2.7400,2.6700,2.6900,2444800
20131031,2.7200,2.7400,2.6900,2.7200,1784800
20131101,2.7400,2.7500,2.6900,2.7000,1543300
20131104,2.7300,2.7400,2.7100,2.7400,1256200
20131105,2.7400,2.7600,2.7000,2.7100,1958100
20131106,2.7400,2.7700,2.7200,2.7400,1687300
20131107,2.7600,2.7600,2.7200,2.7300,2009700
20131108,2.6800,2.7500,2.6500,2.7500,2332600
20131111,2.6700,2.6900,2.6300,2.6800,1512000
20131112,2.7000,2.7100,2.6600,2.6800,1583800
20131113,2.6500,2.6900,2.6300,2.6900,1817100
20131114,2.6700,2.6900,2.6300,2.6500,1975500
20131115,2.7300,2.7400,2.6800,2.6800,3140000
20131118,2.7800,2.7800,2.7100,2.7300,3040500
20131119,2.8100,2.8400,2.7600,2.7900,4041700
20131120,2.8000,2.8100,2.7800,2.8100,2405300
20131121,2.7800,2.8100,2.7600,2.8100,1952700
20131122,2.8100,2.8200,2.7700,2.8000,3473300
20131125,2.8000,2.8200,2.7900,2.8000,2617900
20131126,2.8500,2.9200,2.8200,2.8600,10604200
20131127,2.8400,2.8500,2.7900,2.8200,4235800
20131128,2.9100,2.9200,2.8100,2.8300,10884700
20131129,2.9100,2.9400,2.8700,2.9300,11102200
20131202,2.7400,2.8500,2.7000,2.8200,6536900
20131203,2.7800,2.8000,2.7000,2.7400,2567000
20131204,2.8400,2.8500,2.7600,2.7800,3271900
20131205,2.8400,2.8800,2.8100,2.8200,3522000
20131206,2.8400,2.8600,2.8200,2.8400,2470000
20131209,2.8500,2.8600,2.8300,2.8500,2368500
20131210,2.8400,2.8600,2.8200,2.8600,2125900
20131211,2.8100,2.8400,2.7700,2.8400,2324000
20131212,2.8000,2.8200,2.7800,2.8000,1539800
20131213,2.7900,2.8100,2.7700,2.7900,1713000
20131216,2.7700,2.8100,2.7500,2.8100,1817500
20131217,2.8000,2.8000,2.7300,2.7700,1832800
20131218,2.7600,2.7900,2.7500,2.7700,1124000
20131219,2.7900,2.8000,2.7300,2.7700,2408200
20131220,2.7500,2.7900,2.7200,2.7900,1179700
20131223,2.7200,2.7800,2.6700,2.7400,1967500
20131224,2.7200,2.7400,2.6900,2.7300,1448500
20131225,2.7200,2.7400,2.7000,2.7100,878900
20131226,2.6800,2.7400,2.6700,2.7300,1503000
20131227,2.7000,2.7100,2.6600,2.6800,1192200
20131230,2.7300,2.7500,2.7000,2.7000,1391800
20131231,2.7600,2.7600,2.7200,2.7200,1399900
20140101,2.7600,2.7600,2.7600,2.7600,0
20140102,2.7500,2.7700,2.7400,2.7600,882400
20140103,2.7100,2.7600,2.7000,2.7600,851800
20140106,2.6300,2.7000,2.6300,2.7000,1670600
20140107,2.6300,2.6500,2.6100,2.6400,1087600
20140108,2.6200,2.6500,2.5900,2.6300,1322200
20140109,2.5600,2.6200,2.5500,2.6200,1216500
20140110,2.5200,2.5800,2.5100,2.5500,1341000
20140113,2.5300,2.5500,2.4900,2.5200,1301100
20140114,2.5500,2.5600,2.5000,2.5200,1566100
20140115,2.5400,2.5800,2.5300,2.5500,817400
20140116,2.5600,2.5700,2.5000,2.5300,918000
20140117,2.4900,2.5500,2.4800,2.5500,944000
20140120,2.5200,2.5300,2.4800,2.4900,836800
20140121,2.5300,2.5500,2.5000,2.5000,667000
20140122,2.5900,2.5900,2.5300,2.5300,1897000
20140123,2.5800,2.6000,2.5700,2.5700,1161700
20140124,2.5900,2.6100,2.5600,2.5800,1441700
20140127,2.6000,2.6000,2.5700,2.5800,1452600
20140128,2.5800,2.6000,2.5600,2.5900,1428000
20140129,2.5900,2.6000,2.5700,2.5800,1316900
20140130,2.5800,2.6000,2.5600,2.5900,1084600
20140131,2.5800,2.5800,2.5800,2.5800,0
20140203,2.5800,2.5800,2.5800,2.5800,0
20140205,2.5800,2.5800,2.5800,2.5800,0
20140206,2.5800,2.5800,2.5800,2.5800,0
20140207,2.6000,2.6000,2.5700,2.5900,1046200
20140210,2.6500,2.6600,2.5900,2.5900,3124700
20140211,2.6600,2.6900,2.6300,2.6600,2369400
20140212,2.6900,2.6900,2.6500,2.6600,2374400
20140213,2.6700,2.7100,2.6600,2.6800,2215900
20140214,2.7400,2.7500,2.6700,2.6800,4521500
20140217,2.7500,2.7500,2.7100,2.7400,2905800
20140218,2.7200,2.7500,2.7000,2.7500,1806900
20140219,2.7500,2.7500,2.7000,2.7100,2930800
20140220,2.7200,2.7500,2.7100,2.7300,2334600
20140221,2.6800,2.7600,2.6700,2.7300,2180600
20140224,2.6400,2.7000,2.6300,2.6900,1907200
20140225,2.5700,2.6600,2.5600,2.6600,2176300
