20130226,13.9700,14.2700,13.9300,14.1400,9944800
20130227,14.0300,14.2100,13.8600,13.9300,6497100
20130228,14.3700,14.3800,14.0600,14.1200,10167300
20130301,14.7600,14.8000,14.2700,14.4200,13397300
20130304,14.4800,15.0500,14.2600,14.7400,21519600
20130305,14.8700,14.9300,14.4900,14.6000,13008600
20130306,15.3500,15.3600,14.6200,14.9500,26862800
20130307,15.4300,15.9000,15.2200,15.3500,37532400
20130308,15.1000,15.5400,15.0500,15.4200,14132900
20130311,15.3400,15.3900,14.8500,15.1900,12071800
20130312,15.0900,15.5200,14.8600,15.3500,16665000
20130313,14.5300,15.0000,14.5000,15.0000,9446000
20130314,14.4300,14.6900,14.3100,14.4000,8342000
20130315,14.9200,15.1300,14.4000,14.4700,17960300
20130318,14.6100,15.0700,14.5100,14.8500,10735000
20130319,14.4900,14.7400,14.3900,14.6300,8171700
20130320,15.0500,15.0900,14.5500,14.5500,13534800
20130321,15.2100,15.3500,14.9600,15.0500,14683500
20130322,15.1000,15.3000,15.0000,15.2100,9255900
20130325,14.8400,15.2500,14.7700,15.2000,10044600
20130326,14.5600,14.8200,14.4500,14.7700,9196900
20130327,14.5000,14.7400,14.4100,14.5700,8575500
20130328,13.6300,14.2800,13.5700,14.2800,18591200
20130329,13.1400,13.7900,12.9800,13.7400,15124400
20130401,13.0000,13.2500,12.9300,13.1300,8898400
20130402,12.9500,13.1600,12.8800,13.0900,7713900
20130403,12.8800,13.1000,12.7300,12.9800,7575300
20130404,12.8800,12.8800,12.8800,12.8800,0
20130405,12.8800,12.8800,12.8800,12.8800,0
20130408,12.7300,12.8000,12.4000,12.7000,8468500
20130409,12.8700,13.0300,12.7500,12.7500,7598400
20130410,12.7400,12.9200,12.5600,12.8700,5242700
20130411,12.6800,12.8800,12.6500,12.7900,4116500
20130412,12.6500,12.8400,12.6200,12.6800,4642200
20130415,12.0200,12.7900,12.0000,12.6600,10811100
20130416,12.0200,12.1400,11.6900,11.9600,10777600
20130417,11.9800,12.1300,11.8500,12.0400,6543400
20130418,11.9800,12.1600,11.8500,11.9000,6885300
20130419,12.2900,12.3000,12.0100,12.0100,12155500
20130422,12.3200,12.3500,12.1500,12.2100,9061400
20130423,12.0300,12.4700,11.9900,12.3500,10840400
20130424,12.3600,12.3800,11.9100,12.0700,8688200
20130425,12.1100,12.4500,12.1000,12.3400,7144700
20130426,11.7300,12.3500,11.7000,12.2800,9581300
20130429,11.7300,11.7300,11.7300,11.7300,0
20130430,11.7300,11.7300,11.7300,11.7300,0
20130501,11.7300,11.7300,11.7300,11.7300,0
20130502,11.6400,11.7500,11.5500,11.7400,6262400
20130503,11.9600,12.0400,11.6300,11.6300,6524900
20130506,12.3000,12.3800,11.9700,11.9700,8792000
20130507,12.4000,12.4900,12.1700,12.2800,7695400
20130508,12.4400,12.6200,12.3000,12.5000,9713900
20130509,12.3600,12.4600,12.2600,12.4000,7783000
20130510,12.9800,13.0300,12.3100,12.3100,19162200
20130513,12.8400,13.0300,12.7000,13.0300,7837900
20130514,12.6000,12.8800,12.5000,12.8000,6512800
20130515,12.8500,12.8600,12.5300,12.6000,5996800
20130516,12.9400,13.0100,12.6500,12.7800,8264300
20130517,13.0800,13.2000,12.8000,12.9000,11831800
20130520,13.1700,13.2200,12.9500,13.1200,10538300
20130521,13.3300,13.4400,13.1200,13.1600,10522400
20130522,13.2000,13.4800,13.1600,13.4000,9852600
20130523,12.8100,13.1600,12.7800,13.1200,11881000
20130524,12.9900,13.0000,12.7800,12.9200,9604800
20130527,13.0400,13.2600,12.9500,13.0000,9561300
20130528,13.3000,13.3400,13.0500,13.0500,9817200
20130529,13.2400,13.5200,13.2100,13.3800,12272300
20130530,13.0200,13.2300,12.9700,13.1700,12005800
20130531,12.9900,13.2100,12.9700,13.0500,7622200
20130603,12.7800,12.9900,12.7700,12.9000,8268400
20130604,12.4800,12.7600,12.4500,12.7500,7974000
20130605,13.0300,13.0900,12.5500,12.5500,15312400
20130606,12.7000,13.0500,12.6800,13.0500,8360700
20130607,12.3300,12.8300,12.2500,12.7100,7313500
20130610,12.3300,12.3300,12.3300,12.3300,0
20130611,12.3300,12.3300,12.3300,12.3300,0
20130612,12.3300,12.3300,12.3300,12.3300,0
20130613,11.8200,12.1000,11.6000,12.1000,7207000
20130614,11.8100,11.8900,11.7500,11.8600,5553700
20130617,12.0000,12.1000,11.7500,11.8600,5895800
20130618,11.9300,12.0100,11.7600,11.9700,3987500
20130619,11.7900,11.8800,11.6500,11.7800,5031400
20130620,11.3700,11.7400,11.3600,11.7400,6167400
20130621,11.5800,11.6700,11.1700,11.2500,7597000
20130624,10.9600,11.5200,10.9000,11.5200,6194100
20130625,10.5900,10.9800,9.9500,10.8800,9063200
20130626,10.4900,10.7000,10.3000,10.6000,6860700
20130627,10.2400,10.6700,10.2000,10.6400,6452600
20130628,10.3200,10.5400,10.1300,10.2400,5526700
20130701,10.3300,10.4400,10.2100,10.3200,3363500
20130702,10.3800,10.4300,10.2200,10.3700,4530200
20130703,10.2800,10.4300,10.1000,10.4000,5539300
20130704,10.4000,10.5100,10.0800,10.2400,8150200
20130705,10.5000,10.7100,10.4000,10.4100,8308300
20130708,10.0100,10.3900,10.0100,10.3800,7011100
20130709,9.8900,10.1400,9.8400,10.0200,6409900
20130710,10.1800,10.1900,9.8400,9.8700,6046500
20130711,10.6900,10.7700,10.1800,10.2500,11795400
20130712,10.3900,10.7000,10.3800,10.7000,8975200
20130715,10.5500,10.6400,10.4300,10.4300,7040900
20130716,10.6800,10.7300,10.3900,10.4800,7951300
20130717,10.3700,10.6100,10.3200,10.5900,6529800
20130718,10.1200,10.3500,10.0700,10.2900,6430800
20130719,9.8700,10.2300,9.8600,10.0500,7669500
20130722,9.9600,9.9700,9.7400,9.8500,5480900
20130723,10.2500,10.2700,9.9700,10.0000,7578200
20130724,10.1000,10.2300,9.9800,10.2000,6697800
20130725,10.0800,10.2000,10.0300,10.1000,5906200
20130726,9.9500,10.0900,9.8800,10.0800,4660600
20130729,9.7900,9.9300,9.7500,9.8900,5036100
20130730,9.8600,9.9900,9.7100,9.7900,4084100
20130731,9.8200,10.0000,9.7700,9.9000,4376200
20130801,10.0400,10.0400,9.8000,9.9000,7784800
20130802,10.0400,10.1400,10.0100,10.0800,5515900
20130805,10.4100,10.4400,9.9700,10.0300,11165300
20130806,10.4200,10.4500,10.2200,10.4000,9608700
20130807,10.2900,10.4900,10.2600,10.3800,8025800
20130808,10.1900,10.3900,10.1600,10.2700,5467600
20130809,10.3500,10.3500,10.1200,10.2500,6527900
20130812,10.6000,10.6300,10.3600,10.3900,13992300
20130813,10.6500,10.7400,10.5800,10.6400,11464700
20130814,10.5100,10.7100,10.4700,10.6500,10029400
20130815,10.3900,10.5600,10.3700,10.5200,6992300
20130816,10.2600,11.2200,10.2500,10.3500,12294400
20130819,10.3600,10.3700,10.1500,10.2200,4920000
20130820,10.2000,10.4200,10.1600,10.3400,7155800
20130821,10.2700,10.2900,10.1700,10.2800,4510800
20130822,10.3000,10.3900,10.1700,10.2600,6952100
20130823,10.1100,10.3800,9.9700,10.3600,7970600
20130826,10.4100,10.4200,10.1800,10.3000,8981400
20130827,10.4900,10.5000,10.3400,10.4000,7724100
20130828,10.5600,10.6300,10.3200,10.4000,11287800
20130829,10.7000,10.9300,10.6900,10.7000,16588400
20130830,11.0500,11.0900,10.6200,10.7000,19542000
20130902,10.9600,11.1800,10.7500,11.0800,12279800
20130903,11.0900,11.1800,10.9400,11.1100,14391400
20130904,10.9200,11.1400,10.8900,11.1400,11871200
20130905,10.9300,11.0500,10.8300,10.9300,8091700
20130906,11.0800,11.1700,10.9100,10.9300,11219900
20130909,11.4500,11.5900,11.0800,11.0800,21291100
20130910,11.6800,11.7400,11.4200,11.5000,19743500
20130911,11.5800,11.9400,11.5200,11.7200,18726300
20130912,11.8200,11.9400,11.5800,11.6400,16454900
20130913,11.7600,11.9600,11.6300,11.9000,11151500
20130916,11.5300,11.7800,11.5300,11.7100,9786500
20130917,11.2700,11.6500,11.2600,11.5400,8843600
20130918,11.3800,11.4000,11.1700,11.3900,5262800
20130920,11.3800,11.3800,11.3800,11.3800,0
20130923,12.1800,12.4000,11.3700,11.3700,23412100
20130924,11.8200,12.1500,11.7000,12.0100,15080100
20130925,11.7600,11.9500,11.6900,11.8200,8690300
20130926,11.4500,11.7900,11.4300,11.7600,9291600
20130927,11.4900,11.6000,11.3600,11.3700,4282200
20130930,11.7700,11.9400,11.5100,11.5200,8149900
20131001,11.7700,11.7700,11.7700,11.7700,0
20131002,11.7700,11.7700,11.7700,11.7700,0
20131003,11.7700,11.7700,11.7700,11.7700,0
20131004,11.7700,11.7700,11.7700,11.7700,0
20131007,11.7700,11.7700,11.7700,11.7700,0
20131008,11.9600,12.1100,11.6600,11.7200,10194900
20131009,11.8900,11.9800,11.6900,11.9800,9998700
20131010,11.7300,12.0700,11.7000,11.8800,9074400
20131011,12.0700,12.1100,11.7600,11.7600,14593900
20131014,12.2900,12.4700,11.9400,12.0100,16778900
20131015,12.3300,12.4300,12.0300,12.3100,12824800
20131016,11.9900,12.4500,11.8700,12.2500,12941700
20131017,11.9200,12.2000,11.9000,12.1200,10183000
20131018,11.7600,12.0000,11.7000,11.9600,9263000
20131021,12.0600,12.0900,11.7000,11.7800,9915000
20131022,12.1200,12.4500,12.0200,12.1000,15121200
20131023,11.8700,12.3900,11.8300,12.2500,13408100
20131024,11.6100,11.9200,11.5700,11.8500,8465300
20131025,11.4400,11.7400,11.4200,11.6500,8989400
20131028,11.4100,11.5900,11.3300,11.4800,5780300
20131029,11.1400,11.6200,10.8400,11.4500,10052500
20131030,11.3200,11.3300,11.1100,11.1200,6701600
20131031,11.5600,11.8500,11.3300,11.5000,14362500
20131101,11.5800,11.6800,11.4000,11.4500,8060700
20131104,11.5300,11.7500,11.5100,11.6600,6376100
20131105,11.6400,11.6700,11.2500,11.5100,9252900
20131106,11.3500,11.6700,11.3400,11.5900,6462200
20131107,11.1100,11.3900,11.1000,11.3200,6531100
20131108,10.9700,11.1900,10.9000,11.1000,7356000
20131111,10.9500,11.0600,10.9000,11.0000,5259700
20131112,11.1500,11.1600,10.9000,10.9500,7051200
20131113,11.0100,11.1500,10.9300,11.0200,7490800
20131114,11.1200,11.1700,10.9300,11.0500,4810800
20131115,11.3000,11.4800,11.1200,11.1300,8718300
20131118,11.5700,11.6300,11.2800,11.3400,10372700
20131119,11.5500,11.6300,11.4900,11.5500,8011300
20131120,11.7300,11.8300,11.4800,11.6200,11582400
20131121,11.5700,11.7200,11.4700,11.6800,9118600
20131122,11.6100,11.6700,11.5000,11.6000,8183500
20131125,11.6100,11.7400,11.4800,11.5000,7813400
20131126,11.6200,11.7000,11.5500,11.6100,5708600
20131127,11.9000,11.9300,11.6000,11.6500,12795100
20131128,11.8000,12.0300,11.8000,11.9000,12721400
20131129,11.8600,11.9200,11.7700,11.7800,7379900
20131202,11.5000,11.8600,11.4200,11.6500,12329200
20131203,12.5200,12.6500,11.5900,11.6000,40717000
20131204,12.7300,12.8700,12.3700,12.5200,35759200
20131205,12.6100,12.7200,12.5100,12.6800,17289000
20131206,13.1200,13.1500,12.4600,12.5800,29676700
20131209,13.1500,13.2500,13.0100,13.1300,20608200
20131210,12.7600,13.1900,12.7100,13.1600,17940100
20131211,12.6400,12.7200,12.5100,12.7200,12195700
20131212,12.6600,12.8700,12.5100,12.5900,10150200
20131213,12.6100,12.7000,12.4800,12.5100,7836400
20131216,12.2400,12.6500,12.2100,12.6200,11145500
20131217,12.1000,12.2900,12.0500,12.2500,8186800
20131218,12.2100,12.4000,11.6900,11.9100,7587700
20131219,12.0400,12.4100,12.0200,12.3000,5895800
20131220,11.7400,12.3000,11.7200,12.0600,11976300
20131223,12.1100,12.1500,11.7000,11.7500,11017600
20131224,12.0300,12.2300,11.9300,12.1200,7167500
20131225,12.1600,12.2400,11.9500,12.0800,6063500
20131226,11.7800,12.1600,11.7500,12.1100,9999300
20131227,12.2300,12.3000,11.7900,11.8000,13643100
20131230,12.5400,12.6300,12.1900,12.3000,12189100
20131231,12.5700,12.6600,12.4100,12.4500,9653600
20140101,12.5700,12.5700,12.5700,12.5700,0
20140102,12.4300,12.5000,12.3000,12.4900,7340700
20140103,12.0600,12.3800,11.9300,12.3500,10719100
20140106,11.6600,12.0000,11.6300,12.0000,8384100
20140107,11.7000,11.7900,11.4900,11.6100,6747000
20140108,11.4500,11.8000,11.4000,11.7100,7597800
20140109,11.2300,11.5800,11.2100,11.4500,6720100
20140110,11.2400,11.5700,11.1100,11.1900,6966000
20140113,11.0800,11.3300,10.9100,11.2600,7198500
20140114,11.1800,11.2000,10.9300,11.0900,4367300
20140115,11.2800,11.3800,11.1500,11.1900,4656800
20140116,11.2600,11.5400,11.2200,11.2200,6985200
20140117,10.9800,11.2600,10.9700,11.2200,5413500
20140120,11.0000,11.1100,10.8700,10.9000,3954800
20140121,11.3300,11.3700,10.9700,10.9700,4728500
20140122,11.4700,11.5100,11.2400,11.3300,8263800
20140123,11.4100,11.5200,11.3500,11.4900,6290300
20140124,11.4300,11.5100,11.3200,11.3600,8155500
20140127,11.0900,11.4000,11.0700,11.3900,10128900
20140128,11.2300,11.2700,11.0600,11.0600,5117100
20140129,11.2400,11.3200,11.2000,11.2300,5328100
20140130,11.0700,11.2200,10.9700,11.1800,5326100
20140131,11.0700,11.0700,11.0700,11.0700,0
20140203,11.0700,11.0700,11.0700,11.0700,0
20140205,11.0700,11.0700,11.0700,11.0700,0
20140206,11.0700,11.0700,11.0700,11.0700,0
20140207,11.3300,11.3500,10.9600,11.0100,4670600
20140210,11.6900,11.7700,11.3700,11.4100,12460800
20140211,11.6500,11.7500,11.5800,11.7000,9009700
20140212,11.7200,11.8400,11.6900,11.7000,8566000
20140213,11.7200,11.9400,11.6300,11.6900,11353900
20140214,11.9000,11.9200,11.6300,11.7200,9246100
20140217,12.2900,12.3700,11.9500,11.9500,18120100
20140218,12.3900,12.6400,12.3300,12.3300,27225300
20140219,12.3700,12.4500,12.1100,12.4000,14896500
20140220,12.0600,12.5500,12.0500,12.3600,10620700
20140221,11.8800,12.1800,11.7000,12.0500,16918700
20140224,11.5700,11.8100,11.5200,11.7400,10323500
20140225,11.2900,11.8000,11.2700,11.6200,11121600
