20130226,5.8800,6.0300,5.8700,6.0100,1015700
20130227,5.9400,5.9500,5.8600,5.8800,917500
20130228,6.0600,6.0800,5.9400,5.9400,1020600
20130301,6.1100,6.1700,6.0100,6.0500,1692600
20130304,5.7900,6.0500,5.7500,6.0500,1417700
20130305,6.0500,6.1400,5.7500,5.7600,2124000
20130306,6.0900,6.1000,5.9500,6.0400,1370300
20130307,6.0100,6.0800,5.9900,6.0600,1193800
20130308,5.9600,6.0500,5.9500,6.0200,708000
20130311,5.9700,6.0000,5.9100,5.9500,795400
20130312,5.8800,6.0200,5.7600,5.9300,1169200
20130313,5.6800,5.8700,5.6500,5.8400,1164500
20130314,5.6000,5.7500,5.5100,5.7200,1158300
20130315,5.5500,5.6800,5.5100,5.5900,1288000
20130318,5.4600,5.5700,5.4600,5.5200,792500
20130319,5.5200,5.5300,5.4100,5.4700,768600
20130320,5.6700,5.6900,5.5000,5.5100,1125400
20130321,5.7000,5.7500,5.6600,5.6700,862300
20130322,5.6900,5.7100,5.6300,5.7000,803300
20130325,5.6500,5.7100,5.6200,5.6600,559500
20130326,5.5300,5.6400,5.4900,5.6200,871800
20130327,5.7100,5.7400,5.5200,5.5900,1506600
20130328,5.7400,5.7600,5.5800,5.6500,1391700
20130329,5.9000,5.9800,5.7100,5.7300,4218400
20130401,5.7100,5.8700,5.6900,5.8000,2656700
20130402,5.5900,5.7700,5.5600,5.7200,1515300
20130403,5.4100,5.6000,5.3300,5.6000,1950200
20130404,5.4100,5.4100,5.4100,5.4100,0
20130405,5.4100,5.4100,5.4100,5.4100,0
20130408,5.3100,5.3500,5.1800,5.3400,1343800
20130409,5.3600,5.3900,5.3000,5.3200,1038300
20130410,5.3200,5.4000,5.3000,5.3500,848400
20130411,5.4100,5.4200,5.3200,5.3200,1035000
20130412,5.3000,5.3900,5.2100,5.3600,719100
20130415,5.2400,5.3500,5.2100,5.2500,493700
20130416,5.3900,5.4000,5.2100,5.2100,800700
20130417,5.3700,5.4400,5.2900,5.3900,615400
20130418,5.4100,5.4400,5.3400,5.3500,628000
20130419,5.4900,5.5000,5.4200,5.4200,1000200
20130422,5.5000,5.5700,5.4500,5.4900,775000
20130423,5.3000,5.5500,5.2800,5.5100,807100
20130424,5.3800,5.4000,5.3000,5.3000,566800
20130425,5.2600,5.3900,5.2500,5.3800,682700
20130426,5.4200,5.4500,5.2700,5.2900,1224900
20130429,5.4200,5.4200,5.4200,5.4200,0
20130430,5.4200,5.4200,5.4200,5.4200,0
20130501,5.4200,5.4200,5.4200,5.4200,0
20130502,5.5000,5.5500,5.4100,5.4400,1279400
20130503,5.6300,5.6700,5.4600,5.4600,1354100
20130506,5.6300,5.6300,5.6300,5.6300,0
20130507,5.6300,5.6300,5.6300,5.6300,0
20130508,5.6300,5.6300,5.6300,5.6300,0
20130509,5.6300,5.6300,5.6300,5.6300,0
20130510,5.6300,5.6300,5.6300,5.6300,0
20130513,5.6300,5.6300,5.6300,5.6300,0
20130514,5.6300,5.6300,5.6300,5.6300,0
20130515,5.6300,5.6300,5.6300,5.6300,0
20130516,5.6300,5.6300,5.6300,5.6300,0
20130517,5.6300,5.6300,5.6300,5.6300,0
20130520,5.8700,6.1000,5.7800,6.1000,4785500
20130521,5.7900,5.8700,5.7100,5.8700,2769600
20130522,6.1400,6.1700,5.7300,5.7400,4846600
20130523,6.0000,6.1500,5.9900,6.0800,3350300
20130524,6.0200,6.0800,5.9500,5.9800,1554400
20130527,6.0300,6.0900,5.9200,5.9800,1666400
20130528,6.3400,6.5600,6.0400,6.0500,6362200
20130529,6.3200,6.3800,6.2000,6.2500,2773000
20130530,6.2200,6.3200,6.2000,6.3200,1908000
20130531,6.0600,6.2800,6.0500,6.2200,1767200
20130603,6.0300,6.1400,6.0000,6.0500,1061100
20130604,5.9100,6.0600,5.8500,6.0300,1164500
20130605,6.0900,6.1000,5.8500,5.9600,1519500
20130606,5.9400,6.0500,5.9200,6.0500,1001500
20130607,5.8100,6.0400,5.6800,5.9400,1047800
20130610,5.8100,5.8100,5.8100,5.8100,0
20130611,5.8100,5.8100,5.8100,5.8100,0
20130612,5.8100,5.8100,5.8100,5.8100,0
20130613,5.4900,5.7200,5.3000,5.7200,1217700
20130614,5.5500,5.5700,5.4000,5.5000,609000
20130617,5.7400,5.9100,5.5300,5.5500,1412900
20130618,5.8200,5.9400,5.7000,5.7600,786600
20130619,5.7600,5.7800,5.6000,5.7300,786200
20130620,5.5800,5.7600,5.5500,5.7600,468600
20130621,5.5700,5.6600,5.4500,5.5900,532600
20130624,5.2400,5.6000,5.2000,5.5900,1006500
20130625,5.1000,5.2400,4.7200,5.2200,1137000
20130626,5.1900,5.2900,5.0400,5.1100,642400
20130627,5.0900,5.2600,5.0400,5.2600,899500
20130628,5.0500,5.1600,4.9900,5.1300,458000
20130701,5.1400,5.1700,5.0100,5.0500,515400
20130702,5.1900,5.2000,5.0700,5.1700,530800
20130703,5.1600,5.1800,5.0700,5.1800,748200
20130704,5.1600,5.2600,5.1000,5.2600,703000
20130705,5.1800,5.2200,5.1400,5.1500,541100
20130708,4.9100,5.1600,4.8800,5.1600,805900
20130709,4.9500,5.0300,4.8800,5.0300,308300
20130710,5.1200,5.1200,4.9500,4.9500,528700
20130711,5.4400,5.4400,5.1000,5.1600,2267100
20130712,5.3200,5.4200,5.2500,5.4200,1669200
20130715,5.3200,5.3800,5.2000,5.2000,767000
20130716,5.3200,5.3500,5.2700,5.3200,632500
20130717,5.2600,5.3600,5.2600,5.3200,599500
20130718,5.1700,5.2600,5.1600,5.2200,604100
20130719,5.0500,5.2300,5.0300,5.2300,736300
20130722,5.0600,5.1000,4.9200,5.0300,687000
20130723,5.1900,5.2000,5.0300,5.0600,650600
20130724,5.1800,5.2000,5.0800,5.2000,725600
20130725,5.2400,5.2800,5.1300,5.1900,950900
20130726,5.3500,5.5400,5.2600,5.3000,2989600
20130729,5.2900,5.3300,5.0300,5.2100,2077200
20130730,5.4000,5.5600,5.2500,5.4300,2191500
20130731,5.3200,5.4000,5.2900,5.3000,833800
20130801,5.3400,5.3500,5.2300,5.2700,1375900
20130802,5.3200,5.3700,5.2700,5.3400,1064400
20130805,5.3400,5.3600,5.2600,5.3400,879400
20130806,5.4000,5.4100,5.2900,5.3600,1681300
20130807,5.4000,5.5200,5.2600,5.3600,1971300
20130808,5.3600,5.4300,5.3200,5.3900,1057500
20130809,5.4000,5.4100,5.3000,5.3700,1133100
20130812,5.4700,5.4800,5.3700,5.4200,2368000
20130813,5.5500,5.6000,5.4500,5.4500,2032100
20130814,5.4800,5.5600,5.4600,5.5500,1648700
20130815,5.4000,5.5000,5.3800,5.4500,840900
20130816,5.2600,5.4800,5.2500,5.3500,1355400
20130819,5.3500,5.3600,5.1500,5.2500,802500
20130820,5.3300,5.4500,5.2700,5.3500,864300
20130821,5.4200,5.4300,5.3000,5.3500,903400
20130822,5.4600,5.4700,5.3700,5.4200,809400
20130823,5.8000,5.8100,5.3600,5.4800,5097500
20130826,6.1600,6.3400,5.7100,5.7300,8057500
20130827,6.0900,6.3900,6.0200,6.1000,4430900
20130828,6.1300,6.4500,6.0600,6.1300,7981500
20130829,6.0800,6.2200,5.9300,6.2200,3390800
20130830,6.3500,6.4500,6.0200,6.0800,9618300
20130902,6.0000,6.4400,5.9100,6.3500,5790800
20130903,5.9800,6.0600,5.9700,5.9800,3011400
20130904,6.0500,6.2800,5.9800,5.9800,3271000
20130905,6.1900,6.4000,5.9300,6.0600,7343000
20130906,6.8100,6.8100,6.1900,6.2200,21355600
20130909,6.6500,6.8000,6.5000,6.8000,15925600
20130910,6.7100,6.9600,6.5100,6.6000,12403200
20130911,6.6000,6.8300,6.4100,6.6200,7954700
20130912,6.6600,6.8300,6.5000,6.5000,6183300
20130913,6.4600,6.6500,6.3400,6.6500,5061700
20130916,6.4900,6.5700,6.3800,6.4400,2790300
20130917,6.1200,6.5300,6.0000,6.4700,5466500
20130918,6.1700,6.2200,6.0600,6.1000,2079300
20130920,6.1700,6.1700,6.1700,6.1700,0
20130923,6.2200,6.2700,6.1500,6.1600,2727000
20130924,6.3900,6.4500,6.1900,6.2000,4505300
20130925,6.2500,6.4500,6.2100,6.3400,3586100
20130926,5.9200,6.2300,5.9100,6.2100,2862600
20130927,5.9400,6.0700,5.9100,5.9200,1330400
20130930,5.9100,5.9800,5.8500,5.9700,2188400
20131001,5.9100,5.9100,5.9100,5.9100,0
20131002,5.9100,5.9100,5.9100,5.9100,0
20131003,5.9100,5.9100,5.9100,5.9100,0
20131004,5.9100,5.9100,5.9100,5.9100,0
20131007,5.9100,5.9100,5.9100,5.9100,0
20131008,6.0500,6.0600,5.8900,5.8900,2035500
20131009,6.1000,6.1300,5.9800,6.0000,2258100
20131010,6.1100,6.1800,6.0400,6.1000,2335500
20131011,6.2600,6.2700,6.0800,6.1500,3958600
20131014,6.3000,6.4200,6.2300,6.2700,3913000
20131015,6.5400,6.7400,6.1200,6.3100,6418400
20131016,6.2700,6.4400,6.1800,6.3900,4169500
20131017,6.3400,6.4600,6.2300,6.2300,3634200
20131018,6.2700,6.3600,6.2300,6.3400,1801000
20131021,6.3300,6.3700,6.2100,6.2700,2129800
20131022,6.1500,6.3400,6.1300,6.3400,2729800
20131023,6.0400,6.2500,6.0000,6.1400,1836900
20131024,6.0000,6.1200,5.9800,6.0100,1203700
20131025,5.9200,6.0600,5.8500,6.0100,1580400
20131028,5.9300,5.9800,5.8500,5.9100,738900
20131029,5.6300,6.0600,5.5500,5.9900,2207900
20131030,5.7100,5.7300,5.6000,5.6500,1440000
20131031,5.7900,5.8500,5.6600,5.7100,1873800
20131101,5.8100,5.8700,5.7000,5.7500,1073100
20131104,5.8500,5.8800,5.7600,5.7800,1010400
20131105,5.8500,5.8800,5.7600,5.8000,1172300
20131106,5.7300,5.8400,5.7000,5.8100,1221500
20131107,5.5700,5.7500,5.5600,5.7500,954400
20131108,5.4900,5.6000,5.4600,5.5600,858800
20131111,5.6100,5.6200,5.4900,5.4900,768500
20131112,5.6200,5.6600,5.5600,5.6200,476300
20131113,5.5100,5.6300,5.5100,5.6000,525800
20131114,5.5500,5.6100,5.5000,5.5000,702900
20131115,5.6800,5.7300,5.5500,5.5500,1272200
20131118,5.8300,5.8900,5.6700,5.6900,1590900
20131119,5.8700,5.9300,5.8000,5.8600,1200300
20131120,5.8700,5.9100,5.7900,5.8900,888800
20131121,5.8700,5.9100,5.7600,5.8700,1450100
20131122,6.0500,6.3600,5.8800,5.9000,4885500
20131125,6.1200,6.2300,6.0100,6.1500,3295400
20131126,6.1000,6.1900,6.0600,6.1200,1450600
20131127,6.1000,6.1500,6.0500,6.1000,1761300
20131128,6.1500,6.2700,6.1100,6.1500,2354400
20131129,6.2300,6.3200,6.1100,6.1200,2500800
20131202,5.9600,6.1900,5.8800,6.1400,1954200
20131203,6.0700,6.0900,5.8600,5.8600,1339000
20131204,6.2000,6.3100,6.1200,6.1300,3337600
20131205,6.2500,6.3000,6.1600,6.2300,2543700
20131206,6.2800,6.3600,6.2000,6.2400,2567800
20131209,6.3900,6.4600,6.3200,6.3800,2841300
20131210,6.5600,6.8300,6.4300,6.4300,7371600
20131211,6.3700,6.5500,6.2900,6.5300,4213000
20131212,6.3800,6.5800,6.3500,6.4300,2524000
20131213,6.3300,6.4200,6.2400,6.3200,1469600
20131216,6.3500,6.4500,6.1600,6.3600,2701700
20131217,6.2500,6.3400,6.1900,6.3000,1720100
20131218,6.1400,6.2500,6.0700,6.2500,1825700
20131219,6.0700,6.2100,6.0300,6.1300,1143600
20131220,6.0700,6.1700,6.0300,6.0700,1054200
20131223,6.0300,6.0900,5.8300,6.0600,1306600
20131224,6.0400,6.1100,5.9000,6.0200,1010900
20131225,6.1100,6.1200,5.9900,6.0800,720800
20131226,5.9800,6.1300,5.9800,6.1300,871100
20131227,6.0500,6.0800,5.9100,5.9300,952700
20131230,6.1500,6.1700,6.0200,6.0600,1501500
20131231,6.2100,6.2500,6.1000,6.1200,1197100
20140101,6.2100,6.2100,6.2100,6.2100,0
20140102,6.1900,6.3200,6.1500,6.2300,1010300
20140103,6.0200,6.1800,6.0000,6.1600,1100100
20140106,5.7900,5.9900,5.7600,5.9900,1397700
20140107,5.7700,5.8500,5.6500,5.7700,671600
20140108,5.7000,5.8500,5.6500,5.7800,1083100
20140109,5.5800,5.8000,5.5600,5.7500,1036700
20140110,5.5500,5.6400,5.5300,5.5800,741100
20140113,5.6000,5.6300,5.5000,5.5000,476000
20140114,5.7600,5.7800,5.6000,5.6000,650900
20140115,5.7300,5.7500,5.6600,5.6900,569100
20140116,5.7300,5.8200,5.6900,5.7200,490800
20140117,5.6800,5.7500,5.5000,5.7000,1391100
20140120,5.7200,5.7400,5.5700,5.5700,704700
20140121,5.7400,5.7800,5.6600,5.7800,1218000
20140122,5.8800,5.8800,5.6600,5.7000,1295300
20140123,5.8100,5.9400,5.8000,5.9400,840000
20140124,5.8600,5.9200,5.8100,5.8900,1007300
20140127,5.7900,5.9600,5.7900,5.8900,2547900
20140128,5.6500,5.8200,5.6400,5.8200,2598400
20140129,5.7000,5.7100,5.6500,5.6800,972200
20140130,5.7100,5.7700,5.6000,5.7000,875800
20140131,5.7100,5.7100,5.7100,5.7100,0
20140203,5.7100,5.7100,5.7100,5.7100,0
20140205,5.7100,5.7100,5.7100,5.7100,0
20140206,5.7100,5.7100,5.7100,5.7100,0
20140207,5.7600,5.7600,5.6200,5.7000,866100
20140210,5.8900,5.9200,5.7000,5.8400,2100000
20140211,5.8900,5.9300,5.8200,5.9300,2638900
20140212,6.1200,6.1200,5.8600,5.9100,4519300
20140213,6.0600,6.2000,6.0300,6.1100,3707400
20140214,6.2000,6.2300,6.0500,6.0500,3408800
20140217,6.2600,6.3500,6.2000,6.2400,3912400
20140218,6.2700,6.3800,6.1800,6.2800,3721700
20140219,6.5000,6.5200,6.2400,6.2400,5523600
20140220,6.4300,6.6500,6.3400,6.5200,3262000
20140221,6.3300,6.4500,6.3000,6.3800,2232400
20140224,6.5000,6.5500,6.2000,6.3100,3148200
20140225,6.3700,6.6500,6.3200,6.5200,4016400
