20130226,6.2300,6.3600,6.1200,6.1900,2749200
20130227,6.3700,6.4300,6.2200,6.2200,3364000
20130228,6.4200,6.4400,6.2600,6.3800,2760600
20130301,6.4100,6.4800,6.3100,6.4000,2496900
20130304,5.9300,6.3900,5.8300,6.3900,2613800
20130305,5.9700,6.0200,5.8600,5.8900,1763500
20130306,6.3100,6.3200,5.9700,5.9700,3199800
20130307,6.6400,6.7300,6.2600,6.2900,7209000
20130308,6.6600,6.6800,6.4700,6.5600,3899800
20130311,7.0000,7.2900,6.5500,6.6200,12764500
20130312,6.8100,6.9300,6.6800,6.8400,7310000
20130313,6.5900,6.7700,6.4800,6.7000,6355200
20130314,6.6400,6.7800,6.5400,6.6000,7397400
20130315,6.5700,6.6700,6.5300,6.5900,4984300
20130318,6.2100,6.5200,6.1800,6.4000,4882600
20130319,6.2000,6.3000,6.0900,6.1700,2395700
20130320,6.3400,6.3700,6.1500,6.2000,2572500
20130321,6.3700,6.4500,6.2700,6.2800,2574200
20130322,6.3600,6.4400,6.3000,6.3600,1683900
20130325,6.2200,6.4100,6.2000,6.4100,2108200
20130326,6.2900,6.3300,6.1200,6.2000,1810300
20130327,6.3300,6.3700,6.2500,6.2800,1601300
20130328,6.1400,6.2900,6.1200,6.2100,1676900
20130329,6.0700,6.2000,6.0200,6.1300,1774800
20130401,6.0500,6.1300,6.0000,6.0000,911600
20130402,6.0300,6.1400,6.0100,6.0500,922500
20130403,5.9900,6.1000,5.9500,6.0200,1116800
20130404,5.9900,5.9900,5.9900,5.9900,0
20130405,5.9900,5.9900,5.9900,5.9900,0
20130408,5.8900,5.9200,5.7500,5.9200,906900
20130409,5.9500,5.9700,5.8600,5.8900,727600
20130410,5.8500,5.9900,5.8200,5.9700,870100
20130411,5.9300,5.9400,5.8300,5.9300,927200
20130412,5.7800,5.9300,5.7300,5.8600,852700
20130415,5.7600,5.8300,5.7400,5.7600,745200
20130416,5.8500,5.8900,5.7100,5.7400,1048300
20130417,5.8000,5.8900,5.7500,5.8200,726000
20130418,5.8800,5.8900,5.7900,5.8000,872400
20130419,5.9600,5.9900,5.8500,5.9000,1013400
20130422,6.0200,6.2300,5.9800,6.1000,2583900
20130423,5.8000,6.0200,5.7800,6.0200,1460700
20130424,5.8500,5.9000,5.7300,5.7300,928400
20130425,5.6400,5.8500,5.6300,5.8000,1264100
20130426,5.6000,5.7300,5.5300,5.6600,973500
20130429,5.6000,5.6000,5.6000,5.6000,0
20130430,5.6000,5.6000,5.6000,5.6000,0
20130501,5.6000,5.6000,5.6000,5.6000,0
20130502,5.6700,5.6900,5.5700,5.6000,716100
20130503,5.7900,5.8500,5.6400,5.6400,913800
20130506,5.8100,5.8800,5.7800,5.7800,1108100
20130507,5.8500,5.8900,5.8000,5.8600,765700
20130508,5.8800,5.9300,5.8000,5.8500,951800
20130509,6.4700,6.4700,5.8400,5.8800,8014200
20130510,6.5600,6.8100,6.2800,6.5000,13569900
20130513,6.4000,6.4700,6.2300,6.4600,5814000
20130514,6.2200,6.3900,6.1500,6.3400,3939500
20130515,6.3400,6.3700,6.2200,6.2300,2967300
20130516,6.3000,6.3700,6.2500,6.3500,2645800
20130517,6.4300,6.4800,6.2200,6.2300,4039900
20130520,6.4300,6.5700,6.3800,6.4600,4052900
20130521,6.8300,6.8700,6.4000,6.4000,9459400
20130522,6.8700,7.0200,6.6300,6.7600,9335800
20130523,6.6900,6.8400,6.6500,6.8200,3964700
20130524,6.8500,6.8600,6.6100,6.6700,3731100
20130527,6.8300,6.9900,6.7500,6.8300,2725800
20130528,6.8100,6.8900,6.7400,6.8000,3057000
20130529,6.9200,6.9500,6.7200,6.8000,3789500
20130530,6.9500,6.9700,6.8400,6.9300,3360100
20130531,6.8500,7.2000,6.8200,6.9400,5160100
20130603,6.7900,6.9500,6.7100,6.8100,3771600
20130604,6.6200,6.8400,6.5600,6.7300,1998200
20130605,6.6700,6.7000,6.5800,6.6600,1305700
20130606,6.5200,6.6800,6.5100,6.6700,1103200
20130607,6.4100,6.5800,6.3100,6.5000,1123300
20130610,6.4100,6.4100,6.4100,6.4100,0
20130611,6.4100,6.4100,6.4100,6.4100,0
20130612,6.4100,6.4100,6.4100,6.4100,0
20130613,6.1300,6.3100,6.0100,6.3000,1495700
20130614,6.1800,6.2100,6.0900,6.1900,1008500
20130617,6.2200,6.3000,6.1600,6.2000,975700
20130618,6.2200,6.3500,6.1700,6.2600,1038500
20130619,6.0600,6.1700,5.9200,6.1700,1432900
20130620,5.8900,6.0700,5.8900,6.0100,802500
20130621,5.9200,5.9400,5.7200,5.8000,1078300
20130624,5.4100,5.8800,5.3300,5.8800,1728400
20130625,5.2900,5.4000,4.9500,5.3400,1925500
20130626,5.2800,5.3900,5.1800,5.3200,1877000
20130627,5.2000,5.4700,5.1800,5.3000,2677700
20130628,5.1200,5.2500,5.0000,5.1500,1693400
20130701,5.1500,5.1600,5.0000,5.1300,1713600
20130702,5.2700,5.2800,5.1200,5.1300,1549400
20130703,5.2000,5.3400,5.1200,5.2800,1206700
20130704,5.2700,5.3400,5.1400,5.1600,1363600
20130705,5.3600,5.4400,5.2800,5.3300,1423500
20130708,4.9400,5.3300,4.9200,5.3300,1762000
20130709,5.0100,5.0300,4.9400,4.9600,868300
20130710,5.1700,5.1700,4.9600,5.0300,1372500
20130711,5.4100,5.6600,5.1200,5.1500,3608300
20130712,5.2500,5.4200,5.2200,5.3800,2374100
20130715,5.3700,5.3900,5.2600,5.2900,1223500
20130716,5.5200,5.5400,5.3300,5.3800,1718400
20130717,5.3500,5.5600,5.3200,5.5200,1590600
20130718,5.2900,5.4300,5.2900,5.3300,1178200
20130719,5.1900,5.3900,5.1800,5.3200,1218100
20130722,5.2200,5.2400,5.1000,5.1600,1007600
20130723,5.3400,5.3600,5.2200,5.2200,1175900
20130724,5.3900,5.4100,5.2400,5.3200,1587200
20130725,5.3400,5.4300,5.3100,5.3800,1644300
20130726,5.3700,5.4000,5.2500,5.3400,1110900
20130729,5.2300,5.3600,5.1400,5.3600,1305300
20130730,5.2600,5.2600,5.1200,5.2000,999200
20130731,5.2500,5.3300,5.2300,5.2600,900800
20130801,5.3800,5.3900,5.2300,5.2500,1504000
20130802,5.7200,5.7600,5.3900,5.4000,4504900
20130805,5.7100,5.7400,5.6000,5.6900,3977200
20130806,5.7200,5.8300,5.6500,5.7100,2754000
20130807,5.5900,5.7800,5.5800,5.6700,2297600
20130808,5.6400,5.7500,5.5100,5.5400,1983500
20130809,5.6600,5.6900,5.5700,5.6400,1632400
20130812,5.7500,5.7700,5.6300,5.6700,1903100
20130813,5.8600,6.0800,5.7200,5.7600,3420400
20130814,5.7500,5.8700,5.7300,5.8000,2121800
20130815,5.6700,5.7800,5.6400,5.7600,1322400
20130816,5.5700,5.8000,5.5600,5.6200,1376700
20130819,5.6900,5.7000,5.4000,5.5500,1526000
20130820,5.6700,5.7200,5.6200,5.6800,1060200
20130821,5.8500,5.9300,5.6500,5.7200,2371000
20130822,6.0200,6.1700,5.7500,5.8000,5141800
20130823,5.9400,6.0300,5.8200,6.0300,2565300
20130826,6.0200,6.0400,5.8800,5.9800,1659000
20130827,6.0400,6.0700,5.8800,6.0400,1907600
20130828,5.9800,6.1100,5.9500,6.0100,2408600
20130829,6.1300,6.2100,5.9000,5.9000,2664700
20130830,6.1000,6.2500,6.0400,6.1500,2641200
20130902,6.1600,6.2000,6.0400,6.1100,1582300
20130903,6.1500,6.1900,6.0700,6.1700,1772300
20130904,6.2400,6.2700,6.1000,6.1500,1729900
20130905,6.1900,6.3300,6.1400,6.1500,1617700
20130906,6.1800,6.2400,6.1100,6.2400,1458600
20130909,6.2600,6.2700,6.1400,6.2000,1452500
20130910,6.3000,6.3600,6.2000,6.2700,2408700
20130911,6.2100,6.4300,6.1500,6.3000,1970000
20130912,6.1200,6.2000,6.1000,6.1900,1945100
20130913,6.1800,6.2400,6.1400,6.1400,1329100
20130916,6.1700,6.2100,6.1100,6.1600,999200
20130917,6.2300,6.4800,6.2200,6.3000,5834200
20130918,6.2000,6.2100,6.0700,6.1700,2217800
20130920,6.2000,6.2000,6.2000,6.2000,0
20130923,6.2700,6.2800,6.1200,6.1600,1643300
20130924,6.2100,6.3400,6.1900,6.2700,1331300
20130925,6.2600,6.4400,6.1700,6.2300,1895700
20130926,6.1400,6.3000,6.1200,6.2400,1270000
20130927,6.2400,6.3400,6.1000,6.1300,1437500
20130930,6.2700,6.3200,6.1000,6.2500,998600
20131001,6.2700,6.2700,6.2700,6.2700,0
20131002,6.2700,6.2700,6.2700,6.2700,0
20131003,6.2700,6.2700,6.2700,6.2700,0
20131004,6.2700,6.2700,6.2700,6.2700,0
20131007,6.2700,6.2700,6.2700,6.2700,0
20131008,6.3600,6.3800,6.2300,6.2700,1612500
20131009,6.6000,6.6100,6.2800,6.3300,3412000
20131010,6.4600,6.6200,6.4600,6.5900,2040200
20131011,6.5000,6.5600,6.4400,6.4600,1757300
20131014,6.5000,6.5800,6.4600,6.4800,1477500
20131015,6.4400,6.5400,6.3800,6.5200,2054900
20131016,6.4700,6.6300,6.3200,6.3800,2634700
20131017,6.4900,6.5700,6.4000,6.4700,1572300
20131018,6.4100,6.4800,6.3100,6.4600,1125200
20131021,6.4700,6.5100,6.3400,6.4100,1329800
20131022,6.6300,6.6600,6.3600,6.4500,3058900
20131023,6.3800,6.6400,6.3400,6.6000,2142700
20131024,6.2300,6.3700,6.1800,6.3200,1326500
20131025,6.0600,6.2900,6.0300,6.2600,1330400
20131028,6.1000,6.1500,6.0300,6.0600,620800
20131029,5.7700,6.1200,5.6400,6.0800,1801400
20131030,5.8300,5.8300,5.6900,5.7700,967000
20131031,5.8800,5.9200,5.7800,5.8000,980100
20131101,5.8400,5.9400,5.7900,5.8400,765000
20131104,5.9000,5.9000,5.8200,5.8600,567600
20131105,5.9500,5.9500,5.8000,5.8600,663100
20131106,5.9400,6.0800,5.9100,5.9600,807200
20131107,5.8200,5.9700,5.8100,5.8700,622600
20131108,5.6500,5.8500,5.6000,5.8000,856100
20131111,5.6500,5.6800,5.4800,5.6600,1404900
20131112,5.6800,5.7100,5.5500,5.6800,571300
20131113,5.6700,5.7300,5.6100,5.6100,636000
20131114,5.7800,5.9100,5.7600,5.7600,3006600
20131115,5.8400,5.8700,5.6200,5.7500,2587900
20131118,5.9300,5.9400,5.7900,5.8800,2522800
20131119,5.8600,5.9300,5.8300,5.9000,1305500
20131120,5.8600,5.9200,5.8100,5.9200,1493700
20131121,5.8900,5.9000,5.7800,5.8500,1409700
20131122,5.8300,5.8800,5.7800,5.8800,1024800
20131125,5.8900,5.8900,5.7500,5.8100,2260400
20131126,5.9700,5.9900,5.8400,5.8500,2241800
20131127,6.0000,6.1500,5.9700,6.0300,3396300
20131128,5.9700,6.0700,5.9200,5.9800,2176600
20131129,5.9900,6.0300,5.9500,5.9500,1165500
20131202,5.5400,5.9300,5.5000,5.9200,2250000
20131203,5.6500,5.6900,5.5000,5.5500,1577600
20131204,5.7000,5.7800,5.6600,5.6900,1509200
20131205,5.7500,5.8000,5.6500,5.7000,1542800
20131206,5.9100,5.9600,5.7100,5.7200,2291800
20131209,6.0000,6.0200,5.8900,5.9900,1606800
20131210,6.0400,6.3900,6.0200,6.1100,6717400
20131211,5.8600,6.0000,5.8300,5.9800,2014100
20131212,5.7800,5.8700,5.6600,5.8600,2274900
20131213,5.7700,5.8000,5.6900,5.7300,1860200
20131216,5.6900,5.7700,5.6600,5.7200,1917200
20131217,5.6500,5.7100,5.6300,5.7100,1077200
20131218,5.6400,5.6800,5.6000,5.6500,1033900
20131219,5.6000,5.6700,5.5700,5.6400,729400
20131220,5.5100,5.6300,5.4600,5.6000,1176600
20131223,5.4400,5.5500,5.3600,5.5100,1038600
20131224,5.4800,5.5000,5.4000,5.4000,958300
20131225,5.4900,5.5300,5.4400,5.5300,759500
20131226,5.3800,5.4800,5.3400,5.4600,783600
20131227,5.4600,5.5000,5.3600,5.3900,896300
20131230,5.5000,5.5100,5.4600,5.4600,833300
20131231,5.5400,5.5700,5.4300,5.5000,1251300
20140101,5.5400,5.5400,5.5400,5.5400,0
20140102,5.6200,5.6400,5.4800,5.4900,1457500
20140103,5.5700,5.6900,5.5500,5.5800,1639800
20140106,5.3100,5.5500,5.2800,5.5500,1345900
20140107,5.3300,5.4000,5.2600,5.2600,754900
20140108,5.2700,5.3800,5.2600,5.3300,728800
20140109,5.1600,5.3700,5.1500,5.3000,968500
20140110,5.0000,5.2000,4.9600,5.1600,772300
20140113,4.9700,5.0600,4.9200,4.9500,846500
20140114,5.1500,5.1700,4.9600,4.9700,839000
20140115,5.1600,5.2000,5.1100,5.1500,443100
20140116,5.1200,5.2400,5.1200,5.1900,550100
20140117,5.0400,5.1500,5.0000,5.1100,716900
20140120,5.0300,5.0500,4.9200,4.9900,372100
20140121,5.1700,5.2300,5.0300,5.0300,1047200
20140122,5.2800,5.2900,5.1400,5.1700,1012500
20140123,5.2300,5.3600,5.2200,5.2700,918600
20140124,5.3300,5.3500,5.2400,5.2600,700600
20140127,5.2300,5.3200,5.2000,5.3000,823200
20140128,5.1600,5.2800,5.1500,5.2800,1012300
20140129,5.2600,5.2800,5.1500,5.2200,1085500
20140130,5.2100,5.2800,5.1800,5.2100,729100
20140131,5.2100,5.2100,5.2100,5.2100,0
20140203,5.2100,5.2100,5.2100,5.2100,0
20140205,5.2100,5.2100,5.2100,5.2100,0
20140206,5.2100,5.2100,5.2100,5.2100,0
20140207,5.3000,5.3200,5.1300,5.1700,977600
20140210,5.4000,5.4400,5.2800,5.2800,2631100
20140211,5.5300,5.5400,5.3400,5.4000,1988400
20140212,5.5700,5.5900,5.4600,5.4900,1474600
20140213,5.5800,5.6200,5.4800,5.5600,2252400
20140214,5.6000,5.6000,5.5000,5.5700,1524000
20140217,5.8000,5.9000,5.5800,5.6200,2265700
20140218,5.9100,6.3300,5.7200,5.7400,5659900
20140219,5.8100,5.9100,5.7200,5.9000,2409000
20140220,5.6900,5.8400,5.6600,5.8000,1375300
20140221,5.6200,5.7400,5.5800,5.7000,1031200
20140224,5.5600,5.6000,5.4700,5.6000,2055700
20140225,5.3200,5.5900,5.2700,5.5500,2035400
