20130226,5.4000,5.6200,5.3000,5.3200,22503100
20130227,5.4700,5.6300,5.3200,5.4300,19743500
20130228,5.5200,5.5600,5.4100,5.5100,16338200
20130301,5.6200,5.6500,5.5000,5.5200,24422400
20130304,5.3700,5.5700,5.3000,5.5700,18975000
20130305,5.4500,5.4500,5.3400,5.3600,12387700
20130306,5.4200,5.4800,5.3700,5.4700,13177900
20130307,5.3800,5.4300,5.3200,5.4200,9584500
20130308,5.3700,5.6000,5.3700,5.4000,14187400
20130311,5.4700,5.5200,5.2600,5.3700,17794800
20130312,5.4100,5.5500,5.3200,5.4900,16117800
20130313,5.2500,5.4200,5.2300,5.4000,7896400
20130314,5.2800,5.3300,5.2400,5.2500,3965000
20130315,5.3000,5.4200,5.1000,5.2700,17050300
20130318,5.4100,5.4600,5.3000,5.3400,18386400
20130319,5.4100,5.4900,5.3400,5.3500,10465300
20130320,5.4800,5.5000,5.3500,5.3700,12429500
20130321,5.5100,5.6000,5.4500,5.5100,15612700
20130322,5.6400,5.7800,5.4500,5.5100,40666300
20130325,5.6700,5.8000,5.6300,5.6600,16878200
20130326,5.6600,5.7800,5.5500,5.6500,17852200
20130327,5.6100,5.7500,5.5800,5.6500,12382300
20130328,5.3900,5.5800,5.3700,5.5800,15698600
20130329,5.5600,5.6000,5.3000,5.3700,17088700
20130401,5.7100,5.8100,5.5000,5.5600,14814100
20130402,5.6500,5.7500,5.5400,5.7100,10715600
20130403,5.7000,5.7200,5.5400,5.6400,8989600
20130404,5.7000,5.7000,5.7000,5.7000,0
20130405,5.7000,5.7000,5.7000,5.7000,0
20130408,5.8800,5.9300,5.6200,5.7000,27516700
20130409,5.8800,5.9400,5.8000,5.8600,13801600
20130410,5.8200,5.9200,5.7800,5.8800,12120600
20130411,5.3500,5.7000,5.3300,5.7000,42202400
20130412,5.3200,5.4200,5.3000,5.4000,13085400
20130415,5.1900,5.3000,5.1300,5.2800,12582900
20130416,5.2600,5.2800,5.1200,5.1200,8810700
20130417,5.2000,5.2900,5.1600,5.2500,9405000
20130418,5.1200,5.2100,5.0900,5.1500,10884500
20130419,5.2400,5.2700,5.1200,5.1400,14342800
20130422,5.2100,5.2900,5.1900,5.2200,9672600
20130423,5.0000,5.2900,4.9800,5.2200,17961100
20130424,5.1000,5.1100,4.9700,5.0000,10271900
20130425,4.9200,5.0800,4.8900,5.0800,12443300
20130426,5.0600,5.0700,4.9000,4.9200,12547000
20130429,5.0600,5.0600,5.0600,5.0600,0
20130430,5.0600,5.0600,5.0600,5.0600,0
20130501,5.0600,5.0600,5.0600,5.0600,0
20130502,5.1900,5.2000,5.0200,5.0700,12006100
20130503,5.2000,5.2400,5.1400,5.1900,12927100
20130506,5.2400,5.2900,5.2200,5.2500,17644200
20130507,5.2100,5.2600,5.1500,5.2400,9326600
20130508,5.2000,5.2500,5.1800,5.2200,8591000
20130509,5.1600,5.2300,5.0500,5.2300,11757600
20130510,5.1800,5.2000,5.0800,5.1200,6492700
20130513,5.3100,5.3200,5.1400,5.1900,16026700
20130514,5.2300,5.3300,5.2000,5.3000,8312100
20130515,5.2500,5.3300,5.2200,5.2200,9382500
20130516,5.2600,5.3000,5.2000,5.2800,15194000
20130517,5.3300,5.3500,5.2100,5.2600,13685900
20130520,5.3700,5.3800,5.2900,5.3500,15678800
20130521,5.4300,5.4900,5.3000,5.3700,18260600
20130522,5.4000,5.4700,5.3700,5.4300,9441700
20130523,5.3000,5.4700,5.2600,5.3500,18794700
20130524,5.4200,5.4900,5.3300,5.3300,13911600
20130527,5.4300,5.4800,5.3600,5.3800,11319300
20130528,5.4000,5.4700,5.3500,5.4300,12631900
20130529,5.3700,5.4500,5.3500,5.4000,10992700
20130530,5.3300,5.3700,5.2800,5.3500,13422000
20130531,5.4800,5.5500,5.3100,5.3300,30376600
20130603,5.6900,5.7400,5.4900,5.4900,28639100
20130604,5.5900,5.7200,5.5100,5.6900,19172000
20130605,5.6400,5.6700,5.5400,5.5700,11615600
20130606,5.4600,5.6800,5.4100,5.6500,11353500
20130607,5.3100,5.4600,5.1800,5.4600,16706200
20130610,5.3100,5.3100,5.3100,5.3100,0
20130611,5.3100,5.3100,5.3100,5.3100,0
20130612,5.3100,5.3100,5.3100,5.3100,0
20130613,5.1700,5.2200,5.0300,5.2000,11458400
20130614,5.2400,5.2800,5.1500,5.1700,6558200
20130617,5.0900,5.2800,5.0700,5.2500,10417100
20130618,5.1300,5.1800,5.1000,5.1200,4898500
20130619,5.1600,5.2100,5.0200,5.1400,4646100
20130620,5.0200,5.1400,5.0000,5.1300,5919200
20130621,4.9800,5.0200,4.8600,4.9400,8037900
20130624,4.6100,5.0000,4.5400,4.9900,12383600
20130625,4.4700,4.6500,4.1600,4.6000,14308400
20130626,4.4100,4.4900,4.2600,4.4800,11503900
20130627,4.3100,4.4800,4.3000,4.4300,8637600
20130628,4.3900,4.4600,4.2600,4.3000,7049100
20130701,4.4200,4.4500,4.3100,4.4000,5690900
20130702,4.4600,4.4800,4.3300,4.4400,8380000
20130703,4.5200,4.5600,4.4000,4.4000,17289500
20130704,4.5100,4.5500,4.4000,4.4800,10485400
20130705,4.5100,4.5400,4.4700,4.4800,7261500
20130708,4.2100,4.4400,4.1500,4.4400,8783900
20130709,4.2700,4.2900,4.1800,4.2200,4017400
20130710,4.4100,4.4200,4.2500,4.2900,5352200
20130711,4.5600,4.6300,4.4000,4.4300,8993800
20130712,4.4300,4.6000,4.4100,4.5800,6894100
20130715,4.4800,4.5100,4.4100,4.4400,10183000
20130716,4.4600,4.4700,4.3700,4.4700,6437200
20130717,4.4300,4.5000,4.4300,4.4500,7491500
20130718,4.3300,4.4400,4.3000,4.4400,6465500
20130719,4.3500,4.4800,4.3200,4.3200,8968800
20130722,4.3200,4.3800,4.2400,4.3200,7844000
20130723,4.4600,4.4800,4.3100,4.3200,9740800
20130724,4.4500,4.4800,4.3300,4.4500,7912200
20130725,4.3300,4.4600,4.3000,4.4300,5510800
20130726,4.2800,4.3500,4.2600,4.3400,4656700
20130729,4.2700,4.2800,4.2000,4.2700,4141500
20130730,4.2000,4.3000,4.1800,4.2300,8407800
20130731,4.2700,4.3500,4.2200,4.2200,7388100
20130801,4.3600,4.3700,4.2600,4.2600,5768900
20130802,4.3400,4.4300,4.3100,4.3600,8683800
20130805,4.5200,4.5700,4.3300,4.3300,12009100
20130806,4.6300,4.6500,4.4700,4.5000,11499700
20130807,4.5500,4.6400,4.5400,4.6000,7887100
20130808,4.4900,4.6000,4.4600,4.5500,8407400
20130809,4.5800,4.6000,4.4800,4.4900,4977800
20130812,4.7300,4.7500,4.5300,4.5900,11818400
20130813,4.8800,4.9000,4.6500,4.7000,15379100
20130814,4.7800,4.9600,4.7700,4.8900,13610700
20130815,4.7500,4.9000,4.7500,4.8300,10564900
20130816,4.6800,4.8200,4.6500,4.7300,12433000
20130819,4.7400,4.7600,4.6600,4.6700,6460100
20130820,4.6700,4.7500,4.6500,4.7400,7732400
20130821,4.6700,4.7300,4.6000,4.7100,12333700
20130822,4.6400,4.7100,4.6000,4.6500,8362900
20130823,4.6500,4.7200,4.5700,4.6300,9293500
20130826,4.7300,4.7400,4.6200,4.6500,8116800
20130827,4.7700,4.7900,4.6800,4.7100,9381600
20130828,4.6800,4.7400,4.6600,4.7400,10681700
20130829,4.6700,4.7100,4.6200,4.6900,8221700
20130830,4.6000,4.7000,4.5500,4.6900,11220200
20130902,4.7500,4.7800,4.5700,4.6200,20579800
20130903,4.8600,4.9500,4.7300,4.7500,24882500
20130904,4.9000,5.0700,4.8600,4.8700,17279900
20130905,5.1400,5.2400,4.8400,4.8900,32858300
20130906,5.0700,5.1800,5.0100,5.0600,20933700
20130909,5.1600,5.3000,5.0700,5.0700,24815000
20130910,5.1800,5.2300,5.0800,5.1700,16944400
20130911,5.0800,5.1900,5.0400,5.1500,20856100
20130912,5.0700,5.1500,5.0200,5.0800,10698800
20130913,5.1200,5.1500,5.0400,5.0400,12293400
20130916,5.1700,5.1900,5.0600,5.1200,10885700
20130917,5.1200,5.2300,5.0800,5.1500,15403500
20130918,5.1300,5.1400,5.0500,5.1200,9685300
20130920,5.1300,5.1300,5.1300,5.1300,0
20130923,5.3000,5.3200,5.1100,5.1500,20020400
20130924,5.3800,5.4400,5.2600,5.2700,21924600
20130925,5.2600,5.4800,5.2400,5.4000,16840200
20130926,5.2300,5.3500,5.1800,5.2500,14744600
20130927,5.2400,5.2800,5.1700,5.2100,8520700
20130930,5.2800,5.3000,5.1900,5.2500,7748000
20131001,5.2800,5.2800,5.2800,5.2800,0
20131002,5.2800,5.2800,5.2800,5.2800,0
20131003,5.2800,5.2800,5.2800,5.2800,0
20131004,5.2800,5.2800,5.2800,5.2800,0
20131007,5.2800,5.2800,5.2800,5.2800,0
20131008,5.2900,5.3500,5.2000,5.3000,12050900
20131009,5.2600,5.2900,5.1800,5.2800,12280000
20131010,5.6600,5.7000,5.2600,5.2700,43824600
20131011,5.9800,6.2200,5.8300,6.2200,77172400
20131014,5.9600,6.0600,5.7400,5.9200,43610500
20131015,5.8700,6.0600,5.8400,5.9100,31576000
20131016,5.7100,5.9400,5.6600,5.8300,22345200
20131017,5.6600,5.8400,5.5400,5.7600,26093000
20131018,5.6300,5.7100,5.5400,5.6800,17264400
20131021,5.9000,5.9600,5.6300,5.6300,29251400
20131022,5.8400,5.9200,5.7500,5.9100,18592600
20131023,5.5900,5.8800,5.5000,5.8300,20825500
20131024,5.4600,5.5900,5.3800,5.5800,18341100
20131025,5.4900,5.5000,5.4000,5.4700,11712000
20131028,5.4600,5.5400,5.4200,5.4900,8334700
20131029,5.3800,5.4900,5.1100,5.4800,19211000
20131030,5.4000,5.4400,5.2800,5.3800,16193200
20131031,5.3900,5.4800,5.3400,5.4000,11251900
20131101,5.3600,5.4200,5.2800,5.3500,10010000
20131104,5.4500,5.5000,5.3500,5.3700,8879700
20131105,5.5700,5.6100,5.3600,5.4300,15300300
20131106,5.4700,5.6000,5.4600,5.5400,7714600
20131107,5.4000,5.4600,5.3300,5.4500,11967000
20131108,5.3500,5.4100,5.2600,5.4000,11039600
20131111,5.3700,5.4100,5.2600,5.3600,4928200
20131112,5.3800,5.4100,5.3100,5.3600,8187200
20131113,5.2700,5.3800,5.2700,5.3400,6919400
20131114,5.2900,5.3200,5.2000,5.2600,5210200
20131115,5.3800,5.4500,5.2800,5.2900,7234200
20131118,5.5200,5.5500,5.3600,5.4300,16202000
20131119,5.4300,5.5400,5.4100,5.5400,10334600
20131120,5.4600,5.4700,5.3900,5.4300,9625300
20131121,5.4200,5.4600,5.3000,5.4500,13773000
20131122,5.3500,5.4200,5.3000,5.4100,10698100
20131125,5.3400,5.4200,5.3100,5.3400,7730100
20131126,5.7100,5.7800,5.4200,5.4200,47861400
20131127,5.7700,5.8500,5.6200,5.6500,40492100
20131128,5.7100,5.8100,5.6700,5.8000,26338800
20131129,5.7200,5.7500,5.6600,5.6900,14079000
20131202,5.5500,5.6400,5.4100,5.6100,23432600
20131203,5.6000,5.6200,5.5000,5.5300,14855800
20131204,5.7000,5.7600,5.5600,5.6200,24129200
20131205,5.6800,5.7400,5.6700,5.7000,12610000
20131206,5.7700,5.7900,5.6500,5.6800,16741100
20131209,5.8700,6.0700,5.7900,5.8100,35594600
20131210,5.8200,6.0200,5.7700,5.9000,23131000
20131211,5.8300,5.9200,5.6600,5.8500,19888700
20131212,5.8300,5.9200,5.7800,5.8000,11984700
20131213,5.8400,5.8600,5.7700,5.8400,10442800
20131216,5.7100,5.8500,5.7000,5.8500,11057600
20131217,5.6300,5.8200,5.6100,5.7900,11315400
20131218,5.6700,5.7100,5.5500,5.5900,11315500
20131219,5.6000,5.7600,5.5800,5.7000,6961900
20131220,5.5300,5.6300,5.5000,5.6000,8053300
20131223,5.4700,5.5600,5.3200,5.5000,8242100
20131224,5.6100,5.6200,5.4000,5.4800,14377400
20131225,5.6800,5.7100,5.5200,5.5500,12084200
20131226,5.5800,5.6900,5.5500,5.6700,7027900
20131227,5.6500,5.6800,5.5600,5.5800,12952400
20131230,5.7100,5.7900,5.5700,5.6800,12369900
20131231,5.7300,5.7400,5.6300,5.6900,11664600
20140101,5.7300,5.7300,5.7300,5.7300,0
20140102,5.8400,5.8700,5.6900,5.7200,16137000
20140103,5.8200,5.8800,5.7500,5.8200,8929000
20140106,5.5900,5.8100,5.5700,5.8000,9760400
20140107,5.5200,5.6700,5.4500,5.5500,9921000
20140108,5.8600,5.9300,5.5400,5.5400,35875400
20140109,5.8100,5.9700,5.7500,5.8600,17384400
20140110,5.7800,5.8400,5.6500,5.7800,8971300
20140113,5.6100,5.8100,5.5600,5.7600,10803900
20140114,5.6800,5.7100,5.5500,5.6000,14467700
20140115,5.6400,5.7000,5.5800,5.6800,9198000
20140116,5.7900,5.8200,5.6000,5.6000,15746900
20140117,5.8200,5.9000,5.6500,5.7600,18405600
20140120,5.9000,5.9400,5.7200,5.7800,23004800
20140121,5.9000,6.0000,5.8400,5.8800,16727400
20140122,6.0000,6.0300,5.8800,5.9200,21807400
20140123,5.9800,6.0500,5.9200,6.0000,15850700
20140124,6.0700,6.0900,5.9100,5.9400,23226400
20140127,6.0400,6.2000,6.0000,6.0400,20830400
20140128,6.2900,6.3100,6.0300,6.0300,35317600
20140129,6.5200,6.6300,6.2000,6.2400,48933500
20140130,6.5300,6.7500,6.4600,6.6000,26807100
20140131,6.5300,6.5300,6.5300,6.5300,0
20140203,6.5300,6.5300,6.5300,6.5300,0
20140205,6.5300,6.5300,6.5300,6.5300,0
20140206,6.5300,6.5300,6.5300,6.5300,0
20140207,6.7100,6.7800,6.4100,6.4600,26310300
20140210,6.6200,6.7500,6.5600,6.7500,39953800
20140211,6.3100,6.6800,6.2500,6.6000,59162400
20140212,6.8900,6.9400,6.2900,6.3100,71254000
20140213,6.6800,7.0100,6.6500,6.8700,81713904
20140214,6.6600,6.8100,6.5700,6.6600,50506500
20140217,6.5500,6.7100,6.5100,6.6600,67937504
20140218,6.5500,6.5500,6.5500,6.5500,0
20140219,6.5500,6.5500,6.5500,6.5500,0
20140220,6.5500,6.5500,6.5500,6.5500,0
20140221,6.5500,6.5500,6.5500,6.5500,0
20140224,6.5500,6.5500,6.5500,6.5500,0
20140225,6.5500,6.5500,6.5500,6.5500,0
