20130226,4.0000,4.1300,3.9800,4.1000,2349500
20130227,3.9900,4.0600,3.9700,4.0100,1550900
20130228,4.0800,4.0900,3.9900,3.9900,1721900
20130301,4.0900,4.1100,4.0000,4.1100,2907600
20130304,3.8400,4.0600,3.7700,4.0600,4990100
20130305,3.9000,3.9000,3.8100,3.8200,3691700
20130306,3.9800,3.9900,3.8900,3.9300,3056900
20130307,3.9200,3.9900,3.8900,3.9800,3064400
20130308,3.9200,3.9400,3.8900,3.9300,2292900
20130311,3.8700,3.9300,3.8500,3.9100,1790200
20130312,3.7700,3.9300,3.7400,3.8600,3179300
20130313,3.7800,3.7900,3.7000,3.7800,1991200
20130314,3.8500,3.8600,3.7600,3.7900,2357000
20130315,3.9800,4.1000,3.8300,3.8300,5175900
20130318,4.0300,4.0700,3.9200,3.9500,10246600
20130319,4.0600,4.0700,3.9400,4.0100,6620700
20130320,4.0700,4.0900,3.9700,4.0300,6337400
20130321,4.0400,4.0600,3.9900,4.0600,4692600
20130322,3.9900,4.0400,3.9700,4.0200,3922400
20130325,4.0000,4.0300,3.9800,3.9900,2398700
20130326,3.8800,3.9700,3.8100,3.9500,4955600
20130327,3.7900,3.9000,3.7800,3.8600,7581000
20130328,3.6700,3.7600,3.6400,3.7400,5719000
20130329,3.7000,3.7100,3.6400,3.6700,2858100
20130401,3.7200,3.7600,3.6700,3.7000,2236300
20130402,3.6900,3.7500,3.6800,3.7300,1632800
20130403,3.6600,3.7100,3.6400,3.7000,1698000
20130404,3.6600,3.6600,3.6600,3.6600,0
20130405,3.6600,3.6600,3.6600,3.6600,0
20130408,3.6800,3.6900,3.5800,3.6300,1799800
20130409,3.7100,3.7300,3.6600,3.6800,1495400
20130410,3.6800,3.7000,3.6400,3.7000,1654200
20130411,3.6500,3.7000,3.6400,3.7000,1457000
20130412,3.6200,3.6800,3.6100,3.6500,1148200
20130415,3.5800,3.6100,3.5500,3.5900,1301500
20130416,3.5900,3.6000,3.5200,3.5800,1586500
20130417,3.6000,3.6000,3.5700,3.5900,1056600
20130418,3.6600,3.6700,3.5600,3.5900,1547800
20130419,3.6900,3.7000,3.6400,3.6600,2114600
20130422,3.6900,3.7700,3.6400,3.6500,2052800
20130423,3.5500,3.7100,3.5400,3.7100,2866600
20130424,3.5900,3.6000,3.5200,3.5700,1868900
20130425,3.5700,3.6700,3.5600,3.5700,2173900
20130426,3.5300,3.5900,3.5000,3.5900,1183800
20130429,3.5300,3.5300,3.5300,3.5300,0
20130430,3.5300,3.5300,3.5300,3.5300,0
20130501,3.5300,3.5300,3.5300,3.5300,0
20130502,3.5500,3.5700,3.5100,3.5300,784100
20130503,3.6000,3.6200,3.5600,3.5600,1179200
20130506,3.6300,3.6400,3.5800,3.6100,1696400
20130507,3.6200,3.6400,3.5900,3.6300,1755600
20130508,3.6500,3.6900,3.6100,3.6200,2279200
20130509,3.6100,3.6400,3.5800,3.6300,1449600
20130510,3.6400,3.6400,3.6000,3.6000,2044400
20130513,3.6500,3.6600,3.6000,3.6400,1823600
20130514,3.6300,3.6500,3.6000,3.6400,1547200
20130515,3.6800,3.6900,3.6200,3.6200,2090700
20130516,3.6900,3.7200,3.6300,3.6700,2307900
20130517,3.7100,3.7200,3.6600,3.6900,2589700
20130520,3.7400,3.7500,3.7000,3.7100,2757500
20130521,3.7800,3.7900,3.7100,3.7400,2898300
20130522,3.7400,3.7900,3.7100,3.7800,2774700
20130523,3.6800,3.7400,3.6600,3.7100,3316400
20130524,3.7100,3.7300,3.6700,3.6900,2190600
20130527,3.7600,3.7800,3.7100,3.7100,3155100
20130528,3.7900,3.8100,3.7100,3.7700,3687300
20130529,3.8100,3.8300,3.7700,3.7900,3982300
20130530,3.8500,3.8700,3.7900,3.8000,4825000
20130531,3.7900,3.8600,3.7800,3.8500,2959300
20130603,3.8400,3.8600,3.7700,3.7800,2689300
20130604,3.7700,3.8500,3.7400,3.8400,2701100
20130605,3.7600,3.8000,3.7300,3.7700,1544200
20130606,3.6900,3.7700,3.6700,3.7600,1788400
20130607,3.6300,3.7000,3.6000,3.7000,2138200
20130610,3.6300,3.6300,3.6300,3.6300,0
20130611,3.6300,3.6300,3.6300,3.6300,0
20130612,3.6300,3.6300,3.6300,3.6300,0
20130613,3.4600,3.5900,3.4300,3.5900,2654600
20130614,3.4700,3.4900,3.4300,3.4600,1562200
20130617,3.4400,3.4900,3.4300,3.4700,1723700
20130618,3.4600,3.4700,3.4300,3.4600,1440900
20130619,3.4700,3.4900,3.4100,3.4700,1600000
20130620,3.3500,3.4500,3.3400,3.4500,1433400
20130621,3.3100,3.3400,3.2800,3.3300,1597000
20130624,3.0600,3.3300,3.0200,3.3300,2380000
20130625,3.0000,3.0900,2.8200,3.0600,2555500
20130626,3.0200,3.0500,2.9500,3.0000,1606700
20130627,2.9500,3.0500,2.9300,3.0500,1636100
20130628,2.9400,3.0100,2.9100,2.9500,1954900
20130701,3.0500,3.0600,2.9000,2.9800,3035500
20130702,3.2500,3.3000,3.1700,3.2100,10270400
20130703,3.1300,3.1800,3.0600,3.1600,4856100
20130704,3.1300,3.1800,3.0800,3.1000,3155800
20130705,3.0900,3.1400,3.0700,3.1200,2754300
20130708,2.9700,3.0600,2.9500,3.0600,1957400
20130709,2.9800,3.0000,2.9600,2.9700,1149800
20130710,3.0800,3.0900,2.9700,2.9800,2222500
20130711,3.1700,3.1900,3.0600,3.0800,3354200
20130712,3.0900,3.1800,3.0800,3.1700,1834700
20130715,3.1300,3.1500,3.0800,3.1000,1435500
20130716,3.1500,3.1600,3.0900,3.1100,1791300
20130717,3.1000,3.1800,3.0900,3.1400,1939100
20130718,3.1100,3.1500,3.0800,3.1100,1627200
20130719,3.0500,3.1300,3.0500,3.1100,1476100
20130722,3.0600,3.0600,3.0100,3.0300,1923500
20130723,3.1300,3.1500,3.0400,3.0400,2469300
20130724,3.3900,3.4000,3.0300,3.1200,9048800
20130725,3.2900,3.3800,3.2600,3.3700,8169900
20130726,3.2700,3.4700,3.1800,3.2600,4878400
20130729,3.1100,3.2600,3.1000,3.2600,4230000
20130730,3.1000,3.1400,3.0000,3.1100,3000300
20130731,3.1200,3.1300,3.0800,3.1000,1314700
20130801,3.1800,3.1900,3.1000,3.1300,2451200
20130802,3.2100,3.2400,3.1800,3.1800,2351000
20130805,3.2300,3.2400,3.1800,3.2300,1620200
20130806,3.2600,3.2900,3.2100,3.2300,2323900
20130807,3.2500,3.3000,3.2400,3.2700,1742400
20130808,3.4000,3.4400,3.2200,3.2500,7126100
20130809,3.5900,3.6700,3.3700,3.3800,14702500
20130812,3.5800,3.6000,3.5000,3.5200,7053200
20130813,3.5600,3.6300,3.5200,3.6300,3387300
20130814,3.7100,3.8300,3.5500,3.5900,9128000
20130815,3.6000,3.7500,3.5700,3.6700,4494900
20130816,3.7300,3.9600,3.5500,3.5600,11150700
20130819,3.7600,3.7800,3.6300,3.6600,6365700
20130820,3.7700,3.7900,3.6800,3.7100,4333500
20130821,3.7800,3.9700,3.7500,3.7900,5389800
20130822,3.9600,4.0100,3.7100,3.7700,10271600
20130823,4.1500,4.1700,3.8100,3.9300,10916100
20130826,4.2400,4.3600,4.1400,4.1500,12320500
20130827,4.3800,4.4900,4.1200,4.2000,10093700
20130828,4.3000,4.4400,4.2900,4.2900,9301700
20130829,4.1400,4.3200,4.1300,4.2300,8679400
20130830,4.0900,4.2700,4.0700,4.1400,7194000
20130902,4.2600,4.3200,3.9500,4.0800,10422000
20130903,4.2800,4.3800,4.1800,4.2300,6049500
20130904,4.2400,4.3000,4.2100,4.2700,3123900
20130905,4.2500,4.2600,4.0900,4.2300,3878400
20130906,4.2100,4.3300,4.1600,4.2000,4815300
20130909,4.2200,4.3000,4.1800,4.2100,3436300
20130910,4.1500,4.2600,4.0900,4.2200,4555900
20130911,4.3500,4.3800,4.1100,4.1500,7180800
20130912,4.3100,4.3900,4.2600,4.3700,3785700
20130913,4.3200,4.3800,4.2600,4.3300,2813800
20130916,4.5800,4.6400,4.2800,4.3200,10197500
20130917,4.4500,4.5600,4.4500,4.5100,4813900
20130918,4.4000,4.5000,4.3300,4.4500,2711000
20130920,4.4000,4.4000,4.4000,4.4000,0
20130923,4.4600,4.5700,4.3700,4.4100,4415800
20130924,4.4200,4.5300,4.3800,4.4500,3278900
20130925,4.3200,4.4800,4.3000,4.4400,3232200
20130926,4.1300,4.3500,4.1200,4.3500,4287400
20130927,4.1500,4.2100,4.1100,4.2100,1765200
20130930,4.1900,4.2000,4.0100,4.1500,2150900
20131001,4.1900,4.1900,4.1900,4.1900,0
20131002,4.1900,4.1900,4.1900,4.1900,0
20131003,4.1900,4.1900,4.1900,4.1900,0
20131004,4.1900,4.1900,4.1900,4.1900,0
20131007,4.1900,4.1900,4.1900,4.1900,0
20131008,4.2000,4.2200,4.1000,4.1800,2061100
20131009,4.2500,4.2500,4.1700,4.2100,1995800
20131010,4.3500,4.3700,4.2000,4.2000,4525800
20131011,4.3800,4.4300,4.3400,4.3800,2986900
20131014,4.4000,4.4500,4.3300,4.3800,2726800
20131015,4.4000,4.4500,4.3500,4.4000,1803100
20131016,4.2600,4.4200,4.0200,4.4200,2912300
20131017,4.2400,4.3900,4.1000,4.2300,3376000
20131018,4.1500,4.2900,4.1200,4.2900,2389800
20131021,4.1600,4.2300,4.0700,4.1600,3056100
20131022,4.1500,4.2100,4.1100,4.1900,1615000
20131023,4.0600,4.1900,4.0500,4.1700,2487400
20131024,4.0800,4.1500,4.0300,4.0500,1962100
20131025,4.0400,4.1000,3.9100,4.1000,3164200
20131028,3.9400,4.0400,3.9000,4.0400,3063200
20131029,3.9500,3.9700,3.7300,3.9500,3037900
20131030,3.9900,4.0000,3.9000,3.9300,2994500
20131031,3.9900,4.0200,3.9200,3.9700,1454900
20131101,3.9300,3.9900,3.8600,3.9900,1128000
20131104,3.9500,3.9700,3.9100,3.9700,759300
20131105,3.9800,3.9800,3.8900,3.9500,864700
20131106,4.3800,4.3800,4.0900,4.1000,15611900
20131107,4.2300,4.3500,4.1800,4.3500,8323400
20131108,4.1700,4.2400,4.0900,4.2000,4796900
20131111,4.1900,4.2300,4.0900,4.2000,4238200
20131112,4.1900,4.2000,4.1100,4.1500,2928800
20131113,3.9000,4.1800,3.8800,4.1800,5145500
20131114,3.8700,3.9000,3.7600,3.8900,3311500
20131115,3.9100,3.9700,3.8300,3.8700,2574200
20131118,4.0300,4.0300,3.8700,3.9000,2338300
20131119,3.9900,4.0500,3.9500,4.0500,2717200
20131120,4.1500,4.1700,3.9500,3.9700,3842200
20131121,4.1400,4.1900,4.1100,4.1700,3154600
20131122,4.1100,4.2200,4.1000,4.1700,2052100
20131125,4.0500,4.1800,4.0500,4.1200,1760000
20131126,4.0900,4.1200,4.0600,4.0800,1410200
20131127,4.1200,4.1400,4.0300,4.0400,1356300
20131128,4.1300,4.2000,4.0800,4.1500,2484600
20131129,4.1100,4.1500,4.0800,4.1300,2748400
20131202,3.8700,4.0700,3.8600,4.0300,3439400
20131203,3.9600,3.9700,3.8700,3.9000,1184200
20131204,4.0200,4.0400,3.9200,3.9600,1588700
20131205,4.0000,4.0400,3.9800,3.9900,1203500
20131206,4.0200,4.0500,3.9900,3.9900,1551000
20131209,4.0500,4.0700,4.0100,4.0400,1855100
20131210,4.0600,4.1000,4.0400,4.1000,942500
20131211,4.0300,4.0700,3.9700,4.0700,1084200
20131212,4.0000,4.0800,3.9900,4.0500,1651900
20131213,3.9900,4.0300,3.9500,3.9800,1385200
20131216,4.0100,4.0400,3.9700,3.9900,1300000
20131217,3.9800,4.0500,3.9300,4.0100,1671400
20131218,3.9200,4.0100,3.9100,4.0100,1287000
20131219,3.8800,3.9600,3.8600,3.9300,818700
20131220,3.8900,3.9500,3.8500,3.9000,779800
20131223,3.8100,3.9400,3.8000,3.9400,1260300
20131224,3.8300,3.8700,3.7900,3.8200,1008100
20131225,3.8500,3.8700,3.8200,3.8600,637600
20131226,3.7500,3.8600,3.7200,3.8400,1167200
20131227,3.7700,3.8100,3.7000,3.7100,1154400
20131230,3.7500,3.8100,3.7400,3.7900,1442900
20131231,3.8100,3.8400,3.7400,3.7700,1665300
20140101,3.8100,3.8100,3.8100,3.8100,0
20140102,3.8500,3.8700,3.7900,3.8100,1647900
20140103,3.8300,3.8500,3.7900,3.8500,1306200
20140106,3.7700,3.8100,3.7400,3.7600,1270000
20140107,3.7600,3.7700,3.7300,3.7700,735900
20140108,3.7600,3.7900,3.7400,3.7600,1022100
20140109,3.6200,3.7600,3.5600,3.7600,2475200
20140110,3.4900,3.6200,3.4800,3.6200,1252400
20140113,3.5300,3.5900,3.5000,3.5900,750000
20140114,3.5500,3.5500,3.4500,3.5200,1754500
20140115,3.5500,3.5500,3.4500,3.5500,1820300
20140116,3.6300,3.6600,3.5400,3.5400,1950200
20140117,3.6400,3.6700,3.5800,3.5900,1218000
20140120,3.5600,3.6400,3.5300,3.6200,1245200
20140121,3.6100,3.6100,3.5300,3.5300,932500
20140122,3.6600,3.6800,3.5700,3.6100,2091800
20140123,3.7000,3.7200,3.6600,3.6600,1444200
20140124,3.7500,3.7600,3.6500,3.7000,2186700
20140127,3.8100,3.8200,3.7000,3.7100,2414600
20140128,3.8400,4.0500,3.8000,3.9100,5162000
20140129,3.8300,3.8800,3.7600,3.7800,2510300
20140130,3.8400,3.8400,3.7500,3.8000,1368900
20140131,3.8400,3.8400,3.8400,3.8400,0
20140203,3.8400,3.8400,3.8400,3.8400,0
20140205,3.8400,3.8400,3.8400,3.8400,0
20140206,3.8400,3.8400,3.8400,3.8400,0
20140207,3.8500,3.8500,3.7700,3.8100,1006600
20140210,4.0400,4.1400,3.8500,3.8500,4498800
20140211,4.0000,4.1700,3.9900,4.1700,3125500
20140212,4.0300,4.0500,3.9400,4.0500,2190200
20140213,4.0400,4.0500,3.9800,4.0500,1929000
20140214,4.0700,4.1200,4.0300,4.0500,2493200
20140217,4.0700,4.0800,4.0300,4.0600,2180300
20140218,4.0300,4.0700,4.0000,4.0500,2377700
20140219,4.0400,4.0700,4.0100,4.0400,2061600
20140220,4.0000,4.0500,3.9800,4.0100,2105100
20140221,4.0000,4.0100,3.9500,3.9600,1929600
20140224,3.9000,4.0000,3.8900,4.0000,2254500
20140225,3.7900,3.9400,3.7700,3.9200,2020500
