20130226,11.2700,11.5300,11.2000,11.3900,2643800
20130227,11.0900,11.3200,11.0200,11.2900,1651300
20130228,11.2000,11.2500,11.0200,11.1500,1677900
20130301,11.3200,11.3400,11.1400,11.1400,2054900
20130304,10.7700,11.2500,10.7300,11.2500,2806000
20130305,10.8900,10.9300,10.7600,10.8400,1733300
20130306,11.1000,11.1800,10.8800,10.9800,2809000
20130307,11.0000,11.1800,10.8500,11.1000,2522600
20130308,10.8000,11.0100,10.7500,11.0100,2183400
20130311,10.8700,10.9200,10.7500,10.8500,1274400
20130312,10.7000,10.9400,10.5800,10.9000,1646200
20130313,10.5000,10.7000,10.4700,10.6600,1077100
20130314,10.5400,10.6000,10.3900,10.4600,1380100
20130315,10.1400,10.5200,10.0400,10.4800,2732800
20130318,10.5900,10.7000,10.1500,10.3100,3247900
20130319,10.5500,10.7900,10.3100,10.5200,1831200
20130320,10.6700,10.6800,10.3800,10.5000,2089300
20130321,10.5800,10.6700,10.5000,10.6700,1652900
20130322,10.6900,10.8800,10.6200,10.8000,2554600
20130325,10.6200,10.7400,10.5100,10.7000,2108900
20130326,10.4100,10.6200,10.3500,10.6200,1995700
20130327,10.4500,10.5400,10.4200,10.4700,1192200
20130328,10.1400,10.5000,10.0700,10.3700,1409400
20130329,10.1400,10.2500,10.0900,10.1500,1239000
20130401,10.2300,10.3900,10.1500,10.1700,921500
20130402,10.1900,10.3200,10.1000,10.2800,1063600
20130403,10.3200,10.3300,10.1000,10.1800,1562200
20130404,10.3200,10.3200,10.3200,10.3200,0
20130405,10.3200,10.3200,10.3200,10.3200,0
20130408,10.5200,10.6000,10.2500,10.2500,3337800
20130409,10.4900,10.5600,10.4000,10.5400,1562100
20130410,10.5300,10.7300,10.4500,10.5400,1807100
20130411,10.2400,10.5300,10.1800,10.4900,1771900
20130412,10.2300,10.2800,10.1500,10.2200,1363500
20130415,10.1700,10.2700,10.0600,10.2100,1573700
20130416,10.1800,10.2000,10.0100,10.0100,1131800
20130417,10.2900,10.3000,10.1500,10.1700,986900
20130418,10.2500,10.3300,10.2100,10.2600,485200
20130419,10.3800,10.4300,10.2300,10.2300,1307500
20130422,10.4100,10.4700,10.3500,10.3600,1138000
20130423,10.1700,10.5800,10.0900,10.4000,1218100
20130424,10.2700,10.2800,10.0600,10.2000,1241100
20130425,10.1800,10.2700,10.0900,10.2700,1158900
20130426,10.1400,10.2600,10.0500,10.2600,758400
20130429,10.1400,10.1400,10.1400,10.1400,0
20130430,10.1400,10.1400,10.1400,10.1400,0
20130501,10.1400,10.1400,10.1400,10.1400,0
20130502,10.1400,10.1700,10.0200,10.1500,504400
20130503,10.2700,10.2800,10.0800,10.1000,962200
20130506,10.3100,10.3400,10.2100,10.2700,1367400
20130507,10.3100,10.3300,10.2200,10.3300,795100
20130508,10.2500,10.3400,10.1400,10.3000,1538700
20130509,10.5800,10.6300,10.2000,10.2000,5888700
20130510,10.7300,10.7700,10.4800,10.5800,4146000
20130513,10.7700,10.8300,10.5500,10.7000,2508400
20130514,10.7500,10.8000,10.6000,10.8000,1817600
20130515,10.7700,10.9500,10.6500,10.7500,1414100
20130516,10.7600,10.9000,10.6700,10.7800,1884600
20130517,10.8600,10.8800,10.6700,10.6900,2155300
20130520,11.0200,11.2000,10.7600,10.8500,2315600
20130521,11.0600,11.2000,10.9500,11.2000,2486900
20130522,11.0100,11.0600,10.6700,11.0600,3450200
20130523,11.0600,11.1500,10.8300,10.9500,2168500
20130524,11.3300,11.4800,11.0600,11.0600,3266700
20130527,11.7900,11.8800,11.2800,11.2900,4780000
20130528,11.7900,11.9700,11.6300,11.7800,2804300
20130529,11.6800,11.9000,11.6300,11.7300,2558400
20130530,11.8100,11.9500,11.6800,11.7700,2602500
20130531,12.1300,12.1600,11.7800,11.8800,4630800
20130603,11.9900,12.5000,11.9500,12.2000,4835000
20130604,11.6600,11.9900,11.5100,11.9800,3249800
20130605,11.7400,11.9300,11.5900,11.6000,1228900
20130606,11.6700,11.7900,11.5100,11.7500,1504600
20130607,11.8300,11.8900,11.5300,11.5400,2459800
20130610,11.8300,11.8300,11.8300,11.8300,0
20130611,11.8300,11.8300,11.8300,11.8300,0
20130612,11.8300,11.8300,11.8300,11.8300,0
20130613,11.7700,11.7900,11.0100,11.7800,2428200
20130614,11.8300,11.9000,11.6000,11.7800,1614500
20130617,11.9900,12.0000,11.6000,11.8400,1818900
20130618,12.0800,12.2800,11.8800,12.0000,2878500
20130619,12.0000,12.0900,11.8000,12.0000,2314900
20130620,11.6600,12.0000,11.5900,11.8900,2118800
20130621,11.6700,11.7600,11.3100,11.6600,2441500
20130624,11.3500,11.7700,11.2800,11.6600,2413700
20130625,11.4800,11.6000,10.7000,11.3200,2779400
20130626,11.6000,11.6800,11.2400,11.4600,2121200
20130627,11.4300,11.9500,11.3100,11.6300,1052000
20130628,11.5900,11.6700,11.3500,11.3500,2248500
20130701,11.7100,11.7200,11.4600,11.7200,1083800
20130702,11.7200,11.8000,11.5700,11.7500,1509500
20130703,11.7300,11.9800,11.5000,11.7200,1083900
20130704,11.6800,11.7400,11.1300,11.7300,1774600
20130705,11.5700,11.7500,11.4100,11.6800,1064000
20130708,11.2900,11.5100,11.1500,11.5000,1653300
20130709,11.4800,11.4900,11.2100,11.3000,1048000
20130710,11.7200,11.7500,11.3000,11.3000,1465700
20130711,11.8800,11.9500,11.6400,11.6900,1860100
20130712,11.8900,11.9200,11.6800,11.8000,1379200
20130715,11.8800,11.9900,11.7000,11.9500,2282500
20130716,12.3500,12.5600,11.7100,11.7800,5814300
20130717,12.1500,12.3500,12.0900,12.3400,3126600
20130718,12.0400,12.3600,11.9500,12.1200,2035500
20130719,12.0100,12.2200,11.9800,12.0400,1839300
20130722,12.2800,12.3400,11.8500,12.0100,3940800
20130723,12.4100,12.7500,12.1500,12.2900,6211900
20130724,12.3300,12.5000,12.1500,12.2000,2811700
20130725,12.2500,12.5900,12.1800,12.3300,2632100
20130726,12.1600,12.2800,12.0200,12.1800,2160200
20130729,12.1100,12.2700,12.0200,12.2700,1403400
20130730,12.0500,12.1600,11.9600,12.1100,963700
20130731,12.0800,12.1200,11.9200,12.1100,1571900
20130801,12.2500,12.2800,12.0600,12.1000,1260000
20130802,12.1400,12.3200,12.0600,12.3200,2284200
20130805,12.1300,12.3000,11.9800,12.1700,1861600
20130806,12.3200,12.3500,12.0100,12.1000,2778100
20130807,12.2900,12.4900,12.1000,12.3000,1871800
20130808,12.2700,12.3300,12.1500,12.3300,1059800
20130809,12.2400,12.4500,12.1500,12.3000,1858000
20130812,12.5000,12.5000,12.0300,12.1700,4045700
20130813,12.5000,12.5000,12.5000,12.5000,0
20130814,12.5400,13.3000,12.5000,12.9000,7283000
20130815,12.2400,12.7800,12.1000,12.6900,3978300
20130816,12.1400,12.4000,11.9800,12.0500,2475300
20130819,12.5800,12.6000,12.0700,12.0700,2635300
20130820,12.6000,12.8800,12.4900,12.7100,3865800
20130821,12.7200,12.9100,12.5600,12.6200,4005300
20130822,12.4800,12.7400,12.3400,12.7400,3757100
20130823,12.4000,12.5400,12.2400,12.4800,3474000
20130826,12.4300,12.5500,12.3100,12.4000,1564800
20130827,12.4800,12.5100,12.2800,12.4400,1819100
20130828,12.3600,12.4900,12.1800,12.4900,1988600
20130829,12.3600,12.6800,12.3300,12.5900,2663700
20130830,12.3400,12.4300,12.1000,12.2800,3666600
20130902,12.3000,12.4200,12.1800,12.2200,1520100
20130903,12.3400,12.4000,12.2400,12.3200,1358600
20130904,12.4900,12.6500,12.3000,12.3700,3065100
20130905,12.5700,12.6600,12.4200,12.5300,2952700
20130906,12.5900,12.6600,12.4000,12.5700,2161500
20130909,12.3900,12.6200,12.2800,12.5900,4436600
20130910,12.2900,12.4500,12.2300,12.4500,2755300
20130911,12.3300,12.3800,12.2000,12.3800,1813300
20130912,12.3200,12.3400,12.2000,12.3300,2601500
20130913,12.3100,12.3500,12.2500,12.3200,1102900
20130916,12.3000,12.3700,12.2600,12.3500,989400
20130917,12.4800,12.5700,12.2900,12.3000,3798000
20130918,12.3800,12.5800,12.3000,12.5800,1911700
20130920,12.3800,12.3800,12.3800,12.3800,0
20130923,12.5900,12.6100,12.3000,12.3900,2838100
20130924,12.6700,12.6800,12.4800,12.5700,3470100
20130925,13.2000,13.2600,12.6700,12.6700,10995700
20130926,13.7000,13.9700,13.1000,13.2100,7152900
20130927,13.6100,13.9100,13.4300,13.6000,3300400
20130930,13.8500,14.1000,13.4600,13.5800,3486700
20131001,13.8500,13.8500,13.8500,13.8500,0
20131002,13.8500,13.8500,13.8500,13.8500,0
20131003,13.8500,13.8500,13.8500,13.8500,0
20131004,13.8500,13.8500,13.8500,13.8500,0
20131007,13.8500,13.8500,13.8500,13.8500,0
20131008,14.0100,14.0900,13.7100,13.8600,3534100
20131009,13.9200,14.0800,13.6200,14.0500,3999700
20131010,14.2600,14.6900,13.7700,14.0000,5613600
20131011,14.0900,14.5000,13.9000,14.1800,2916800
20131014,14.0300,14.2200,13.9400,14.0000,2420500
20131015,14.2400,14.6600,14.0000,14.1500,4890200
20131016,13.7300,14.4300,13.5300,14.3000,4363500
20131017,13.6100,13.8600,13.4200,13.7600,2605800
20131018,13.7200,13.7900,13.4300,13.6100,2023800
20131021,13.8100,13.9000,13.6000,13.7800,2125800
20131022,13.2400,13.7900,13.1000,13.7900,3936100
20131023,13.1900,13.4200,13.0000,13.3900,2337100
20131024,13.2000,13.2600,13.0400,13.1200,808900
20131025,13.2300,13.3300,13.0800,13.1800,1904100
20131028,13.2500,13.3600,13.0300,13.3300,712400
20131029,13.2900,13.5700,12.8000,13.2500,3420900
20131030,13.3100,13.6500,13.2100,13.4400,2417800
20131031,13.0900,13.2800,12.9000,13.2800,2233900
20131101,13.0300,13.1000,12.9100,13.0000,1313100
20131104,13.3500,13.3800,12.8800,13.0300,1633300
20131105,13.4700,13.4900,13.0100,13.4900,1001600
20131106,13.5100,13.7200,13.3000,13.4400,1928600
20131107,13.4000,13.7000,13.3500,13.5900,1328400
20131108,13.2100,13.4000,13.0500,13.4000,1527600
20131111,13.1400,13.4300,12.8500,13.4300,1009400
20131112,13.1800,13.4000,13.0400,13.1800,749600
20131113,13.1500,13.3000,13.1300,13.3000,1432300
20131114,13.2200,13.3600,12.9300,13.0000,796300
20131115,13.1900,13.3000,13.0500,13.2600,1564000
20131118,13.2300,13.2800,13.1300,13.1900,2265800
20131119,13.1400,13.2400,13.0500,13.2300,976000
20131120,13.0700,13.1800,12.8000,13.1800,2619900
20131121,13.0000,13.1400,12.8000,13.0200,1217700
20131122,12.9500,12.9700,12.8500,12.9100,1012300
20131125,13.1500,13.1700,12.8500,12.8500,1198100
20131126,13.1100,13.1700,13.0600,13.0600,1138200
20131127,13.1500,13.1900,13.0100,13.1400,924700
20131128,13.4600,13.6000,13.1000,13.1500,4733500
20131129,13.6400,14.2000,13.5500,13.7500,9989800
20131202,13.2600,13.6100,12.7500,13.3600,4476800
20131203,13.4400,13.5000,12.9100,13.1000,1963800
20131204,13.5000,13.7400,13.3500,13.4400,2457900
20131205,13.2000,13.5700,13.0000,13.4700,5595800
20131206,12.9400,13.1800,12.8500,13.0300,2292000
20131209,13.0700,13.1700,12.9300,13.1700,1567700
20131210,13.0700,13.0800,12.9400,13.0200,1152800
20131211,13.0000,13.0700,12.8300,13.0000,1056500
20131212,13.0000,13.0700,12.8700,12.9400,1056000
20131213,13.0100,13.0700,12.9600,12.9700,592900
20131216,13.2800,13.3200,12.9300,13.0100,2252100
20131217,13.0800,13.2800,13.0000,13.2800,1404600
20131218,13.0300,13.1100,12.9700,13.0000,1041300
20131219,13.0900,13.2000,12.9900,13.0900,649300
20131220,13.0900,13.2200,12.8400,13.1800,772300
20131223,13.3800,13.4500,12.9500,13.0000,3499400
20131224,13.3300,13.5300,13.2100,13.4300,1406300
20131225,13.8500,13.8500,13.4100,13.6000,4620200
20131226,14.4800,14.7400,13.6900,13.7200,11314700
20131227,14.5900,14.7500,14.1000,14.1000,13739600
20131230,14.9900,15.0900,14.4400,14.5200,7882600
20131231,14.9900,15.2300,14.7000,14.9100,7792700
20140101,14.9900,14.9900,14.9900,14.9900,0
20140102,14.9600,15.0900,14.6300,14.8000,3628800
20140103,15.0000,15.1800,14.8100,14.9500,4029500
20140106,14.4800,15.1000,14.3900,15.0100,3988500
20140107,15.0800,15.3800,14.4700,14.4700,10313700
20140108,15.5800,16.4900,14.9700,15.0400,18352000
20140109,15.5900,16.1100,15.2600,15.5900,6766300
20140110,15.3500,15.7200,15.2700,15.5000,4056800
20140113,15.4700,15.7100,15.0400,15.3500,3964200
20140114,15.6400,15.7900,15.3100,15.3100,3989100
20140115,16.2900,16.4500,15.5500,15.6400,14617200
20140116,16.7700,17.1800,16.0800,16.1000,13633300
20140117,16.9500,17.5600,16.6800,17.0000,7893400
20140120,16.9700,17.4900,16.3000,16.9500,10303300
20140121,17.2600,17.4000,16.8200,16.8500,6636500
20140122,17.2700,17.7900,17.0100,17.2900,6620500
20140123,17.4600,17.5000,16.5900,17.2800,8352100
20140124,17.6300,18.0000,17.2800,17.8800,8998700
20140127,17.5000,18.0800,17.1700,17.5500,8438000
20140128,18.1100,19.2500,17.3800,17.3800,17084000
20140129,18.2100,18.5600,17.9500,18.0000,7435300
20140130,18.2800,18.4700,18.0000,18.2400,4968100
20140131,18.2800,18.2800,18.2800,18.2800,0
20140203,18.2800,18.2800,18.2800,18.2800,0
20140205,18.2800,18.2800,18.2800,18.2800,0
20140206,18.2800,18.2800,18.2800,18.2800,0
20140207,18.2900,18.4000,17.9000,18.2700,3952100
20140210,18.7600,19.4200,18.2900,18.3000,15612800
20140211,19.4500,19.9500,18.7200,18.7200,17658400
20140212,19.2000,20.2500,19.0600,19.4600,11503800
20140213,18.7400,19.6000,18.4900,19.2800,12177900
20140214,18.5600,18.9900,17.2000,18.8800,15959100
20140217,18.1700,19.0000,17.8700,18.4000,15123200
20140218,19.9900,19.9900,18.1800,18.3800,30978000
20140219,19.7600,20.5000,18.8100,19.8800,24403900
20140220,18.3000,18.9600,17.7800,18.9600,17357400
20140221,18.1800,18.4700,17.5000,18.3000,10024100
20140224,17.9800,18.2700,17.3900,17.6600,9825300
20140225,16.1800,18.2700,16.1800,17.8800,15616000
