20130226,8.3300,8.6600,8.2900,8.6100,4976000
20130227,8.2500,8.4300,8.1000,8.3000,3398300
20130228,8.3000,8.3700,8.1900,8.2600,3053400
20130301,8.5500,8.6200,8.1900,8.3000,4684600
20130304,8.1100,8.4900,7.9800,8.4900,5646800
20130305,8.3500,8.3800,8.0300,8.0300,3158600
20130306,8.3800,8.4800,8.2000,8.3000,2789600
20130307,8.4100,8.5200,8.2200,8.3900,3021000
20130308,8.6000,8.7300,8.4000,8.4100,4147600
20130311,8.7900,8.9500,8.6100,8.6300,4133200
20130312,8.4500,8.8900,8.3900,8.7900,4448200
20130313,8.5200,8.5500,8.2000,8.3900,2493800
20130314,8.5900,8.7400,8.3500,8.5300,2230200
20130315,8.5800,8.7500,8.4200,8.5500,2809100
20130318,8.4000,8.7800,8.3800,8.5500,3223700
20130319,8.3000,8.4400,8.1400,8.3100,2819700
20130320,8.6400,8.7000,8.2500,8.3500,2993000
20130321,8.7000,8.7700,8.5800,8.6000,2684800
20130322,8.4100,8.7500,8.2900,8.7200,5037400
20130325,8.4500,8.4600,8.3000,8.4100,1904000
20130326,8.2400,8.4500,8.2300,8.4300,2695800
20130327,8.1400,8.3300,8.0600,8.2500,2570200
20130328,8.2500,8.2600,8.0000,8.0900,3440200
20130329,8.1900,8.2800,8.0900,8.2100,1540600
20130401,8.2900,8.3300,8.1000,8.1700,1818500
20130402,8.2100,8.4100,8.1500,8.4100,1146700
20130403,8.1400,8.2300,8.1000,8.1000,872100
20130404,8.1400,8.1400,8.1400,8.1400,0
20130405,8.1400,8.1400,8.1400,8.1400,0
20130408,8.0000,8.0800,7.9100,8.0800,1494000
20130409,8.1000,8.1600,7.9700,8.0000,1152200
20130410,8.2800,8.4000,8.1000,8.1500,2524900
20130411,8.5100,8.5700,8.2700,8.2900,4275700
20130412,8.3000,8.5900,8.2600,8.5000,3283600
20130415,7.8300,8.3500,7.7900,8.1900,4758900
20130416,7.8000,7.9400,7.4300,7.7500,4669900
20130417,7.9500,8.0200,7.7400,7.7800,4150500
20130418,7.9500,8.0500,7.8500,7.9100,2310100
20130419,8.1000,8.1100,7.9000,8.0200,3999700
20130422,8.1000,8.2300,7.8500,8.0700,5259300
20130423,7.9600,8.1700,7.8800,8.1500,2309500
20130424,8.0000,8.0600,7.8500,7.9500,3166300
20130425,8.0400,8.0900,7.8600,8.0000,4956100
20130426,8.5300,8.6900,8.0400,8.0500,10146300
20130429,8.5300,8.5300,8.5300,8.5300,0
20130430,8.5300,8.5300,8.5300,8.5300,0
20130501,8.5300,8.5300,8.5300,8.5300,0
20130502,8.8300,9.0500,8.5300,8.5300,11446400
20130503,9.0400,9.1100,8.7800,8.8800,10203800
20130506,9.0500,9.0700,8.9100,8.9600,6491100
20130507,8.9800,9.0300,8.7700,8.9600,8108800
20130508,9.1900,9.2600,8.9400,8.9400,8296400
20130509,9.2700,9.3400,9.0800,9.1500,6819900
20130510,9.7400,9.9900,9.3200,9.3200,11225100
20130513,9.9600,10.1200,9.6000,9.8200,8367800
20130514,9.9600,9.9600,9.9600,9.9600,0
20130515,9.9600,9.9600,9.9600,9.9600,0
20130516,9.9600,9.9600,9.9600,9.9600,0
20130517,9.9600,9.9600,9.9600,9.9600,0
20130520,9.9600,9.9600,9.9600,9.9600,0
20130521,9.9600,9.9600,9.9600,9.9600,0
20130522,9.9600,9.9600,9.9600,9.9600,0
20130523,9.9600,9.9600,9.9600,9.9600,0
20130524,9.9600,9.9600,9.9600,9.9600,0
20130527,9.9600,9.9600,9.9600,9.9600,0
20130528,9.9600,9.9600,9.9600,9.9600,0
20130529,9.9600,9.9600,9.9600,9.9600,0
20130530,9.9600,9.9600,9.9600,9.9600,0
20130531,9.9600,9.9600,9.9600,9.9600,0
20130603,9.9600,9.9600,9.9600,9.9600,0
20130604,9.9600,9.9600,9.9600,9.9600,0
20130605,9.9600,9.9600,9.9600,9.9600,0
20130606,9.9600,9.9600,9.9600,9.9600,0
20130607,9.9600,9.9600,9.9600,9.9600,0
20130610,9.9600,9.9600,9.9600,9.9600,0
20130611,9.9600,9.9600,9.9600,9.9600,0
20130612,9.9600,9.9600,9.9600,9.9600,0
20130613,9.9600,9.9600,9.9600,9.9600,0
20130614,9.9600,9.9600,9.9600,9.9600,0
20130617,9.9600,9.9600,9.9600,9.9600,0
20130618,9.9600,9.9600,9.9600,9.9600,0
20130619,9.9600,9.9600,9.9600,9.9600,0
20130620,9.9600,9.9600,9.9600,9.9600,0
20130621,9.9600,9.9600,9.9600,9.9600,0
20130624,9.9600,9.9600,9.9600,9.9600,0
20130625,9.9600,9.9600,9.9600,9.9600,0
20130626,9.9600,9.9600,9.9600,9.9600,0
20130627,9.9600,9.9600,9.9600,9.9600,0
20130628,9.9600,9.9600,9.9600,9.9600,0
20130701,9.9600,9.9600,9.9600,9.9600,0
20130702,9.9600,9.9600,9.9600,9.9600,0
20130703,9.9600,9.9600,9.9600,9.9600,0
20130704,9.9600,9.9600,9.9600,9.9600,0
20130705,9.9600,9.9600,9.9600,9.9600,0
20130708,9.9600,9.9600,9.9600,9.9600,0
20130709,9.9600,9.9600,9.9600,9.9600,0
20130710,9.9600,9.9600,9.9600,9.9600,0
20130711,9.9600,9.9600,9.9600,9.9600,0
20130712,9.9600,9.9600,9.9600,9.9600,0
20130715,9.9600,9.9600,9.9600,9.9600,0
20130716,9.9600,9.9600,9.9600,9.9600,0
20130717,9.9600,9.9600,9.9600,9.9600,0
20130718,9.9600,9.9600,9.9600,9.9600,0
20130719,9.9600,9.9600,9.9600,9.9600,0
20130722,9.9600,9.9600,9.9600,9.9600,0
20130723,9.9600,9.9600,9.9600,9.9600,0
20130724,9.9600,9.9600,9.9600,9.9600,0
20130725,9.9600,9.9600,9.9600,9.9600,0
20130726,9.9600,9.9600,9.9600,9.9600,0
20130729,9.9600,9.9600,9.9600,9.9600,0
20130730,9.9600,9.9600,9.9600,9.9600,0
20130731,9.9600,9.9600,9.9600,9.9600,0
20130801,9.9600,9.9600,9.9600,9.9600,0
20130802,9.9600,9.9600,9.9600,9.9600,0
20130805,9.9600,9.9600,9.9600,9.9600,0
20130806,9.9600,9.9600,9.9600,9.9600,0
20130807,9.9600,9.9600,9.9600,9.9600,0
20130808,9.9600,9.9600,9.9600,9.9600,0
20130809,9.9600,9.9600,9.9600,9.9600,0
20130812,9.9600,9.9600,9.9600,9.9600,0
20130813,9.9600,9.9600,9.9600,9.9600,0
20130814,10.1000,10.9000,9.8900,10.9000,23752300
20130815,9.5300,10.0800,9.4500,10.0000,10802400
20130816,9.7200,9.9000,9.3100,9.4100,10558700
20130819,9.7800,9.8800,9.5100,9.7200,7832900
20130820,9.4600,9.8800,9.2900,9.6500,8037600
20130821,9.3300,9.5000,9.1000,9.4600,4492000
20130822,9.2500,9.3200,9.1200,9.3100,4249800
20130823,9.5600,9.7400,9.2800,9.2900,7908400
20130826,9.6200,9.6700,9.4500,9.5500,4118200
20130827,9.5200,9.6900,9.4500,9.5700,3734500
20130828,9.2400,9.6700,9.2200,9.6700,4112000
20130829,9.0500,9.2300,8.8900,9.1800,3220500
20130830,9.0000,9.1500,8.9500,9.0500,2121200
20130902,9.0200,9.1100,8.8000,9.0000,2518600
20130903,9.1000,9.1700,8.8900,9.0100,2428300
20130904,9.0800,9.2000,8.9800,9.0300,3361800
20130905,9.0400,9.1100,8.9500,9.0800,3036100
20130906,9.0300,9.0800,8.9600,9.0100,2865900
20130909,9.6200,9.7000,9.0000,9.0400,9497800
20130910,9.6000,9.6900,9.5100,9.6200,3995700
20130911,9.4000,9.6300,9.3800,9.5900,3441100
20130912,9.2600,9.4700,9.2200,9.4500,3610800
20130913,9.4100,9.4300,9.2100,9.2800,5073400
20130916,9.5300,9.6500,9.3600,9.4100,3737500
20130917,9.5600,9.6600,9.2700,9.5700,3829500
20130918,9.5900,9.6100,9.4000,9.5000,1554100
20130920,9.5900,9.5900,9.5900,9.5900,0
20130923,9.9800,10.0800,9.5000,9.6400,5901200
20130924,9.8400,9.9800,9.6800,9.9800,3098400
20130925,9.5800,9.8400,9.5000,9.8400,2823200
20130926,9.2700,9.7200,9.2500,9.5500,2094300
20130927,9.3400,9.4400,9.2400,9.2400,1322000
20130930,9.6900,9.8600,9.4200,9.4200,4269800
20131001,9.6900,9.6900,9.6900,9.6900,0
20131002,9.6900,9.6900,9.6900,9.6900,0
20131003,9.6900,9.6900,9.6900,9.6900,0
20131004,9.6900,9.6900,9.6900,9.6900,0
20131007,9.6900,9.6900,9.6900,9.6900,0
20131008,9.8700,9.9600,9.6000,9.6000,3221000
20131009,9.8600,9.9100,9.6900,9.8400,2589600
20131010,10.0500,10.1800,9.8000,9.8900,5017200
20131011,9.9200,10.0900,9.7600,10.0500,3799700
20131014,9.8900,10.1000,9.7300,9.8900,4372400
20131015,10.3400,10.4000,9.8000,9.8300,6769900
20131016,10.4300,10.5800,10.0500,10.2900,6692100
20131017,10.2600,10.5800,10.2000,10.5200,2999100
20131018,10.8700,10.8900,10.2000,10.2200,6484900
20131021,11.4400,11.5400,10.7900,10.8800,7695100
20131022,11.7700,11.8500,11.3100,11.3900,5858400
20131023,11.7000,11.8000,11.1600,11.7700,6486200
20131024,11.5500,11.8800,11.2000,11.6300,5360500
20131025,11.2300,11.8900,11.1600,11.7000,3537600
20131028,11.2900,11.5100,11.0000,11.2900,2914400
20131029,10.9800,11.6500,10.7200,11.2300,5540800
20131030,11.5000,11.6000,10.8800,10.9000,4447200
20131031,11.7000,11.9900,11.4500,11.4900,7215600
20131101,11.3400,11.9200,11.0500,11.4500,7350100
20131104,11.5800,11.6600,11.3400,11.3500,4186900
20131105,11.6000,11.6900,11.2500,11.6200,3092400
20131106,11.6300,11.7600,11.3700,11.5900,4726300
20131107,11.2800,11.6800,11.1700,11.5900,3501600
20131108,11.3100,11.4000,11.0000,11.0200,1732800
20131111,11.4000,11.6000,11.3500,11.3500,1707200
20131112,11.6100,11.6500,11.3600,11.3700,1955600
20131113,11.7000,11.8800,11.5100,11.6100,3554800
20131114,12.3900,12.4000,11.5200,11.6600,6150100
20131115,12.3800,12.8500,12.3000,12.5000,7016100
20131118,12.7900,12.8400,12.1700,12.1700,6406100
20131119,13.6100,13.8200,12.7900,13.0000,7689800
20131120,13.7200,13.9600,13.4000,13.4000,5034600
20131121,13.7000,13.8300,13.4100,13.6900,3645500
20131122,14.1900,14.2700,13.8100,13.8100,8340900
20131125,13.9800,14.5800,13.9100,14.1800,6065500
20131126,14.3500,14.5200,13.8500,13.9500,6488000
20131127,14.2800,14.5600,14.1000,14.3500,3920300
20131128,14.1600,14.4400,14.1100,14.2900,3622900
20131129,14.1400,14.2700,13.9100,14.1600,3758300
20131202,13.5200,14.0400,13.4000,14.0000,3640000
20131203,14.8700,14.8700,13.5000,13.5400,8642900
20131204,15.2000,15.3800,14.8700,15.1000,7040100
20131205,16.3400,16.5700,15.1000,15.2000,9823200
20131206,15.9100,16.4000,15.6600,16.3600,5799300
20131209,15.9900,16.8000,15.5600,15.9000,7203500
20131210,15.9900,16.3600,15.5300,16.0000,5535800
20131211,16.1300,16.1500,15.5000,15.7000,4193300
20131212,15.8000,16.1500,15.7000,16.0000,2823000
20131213,16.0500,16.0900,15.7200,15.8100,3025900
20131216,16.3600,16.6000,16.0000,16.0600,6962600
20131217,15.9900,16.2700,15.6800,16.0600,3476100
20131218,15.9000,16.0500,15.6900,15.8500,1722100
20131219,16.0100,16.4500,15.9000,15.9300,2048800
20131220,15.7300,16.1400,15.6500,15.9200,2815300
20131223,14.9500,15.8800,14.7000,15.7300,4376100
20131224,14.2200,15.3000,14.1000,14.9100,5578700
20131225,14.7500,14.8000,13.9900,13.9900,5048500
20131226,14.4800,15.0000,14.1800,14.6300,2817300
20131227,14.5500,14.7500,14.2000,14.4400,3198500
20131230,15.3500,15.3700,14.4700,14.5500,4373100
20131231,15.0300,15.6500,14.8000,15.6500,3677600
20140101,15.0300,15.0300,15.0300,15.0300,0
20140102,15.3700,15.4200,14.7500,15.0300,2365300
20140103,15.1200,15.5200,14.8000,15.5200,4055700
20140106,15.1300,15.3400,14.8500,15.1100,3658400
20140107,15.5900,15.6900,14.9100,14.9100,3857500
20140108,15.5500,15.8000,15.3200,15.5900,1837900
20140109,15.2300,15.7700,15.0600,15.4500,3337800
20140110,15.0300,15.2800,14.9100,15.2600,1560800
20140113,14.4700,15.2600,14.3500,14.9900,1965000
20140114,14.6200,14.6600,13.9700,14.4700,3194200
20140115,14.4700,14.6600,14.3400,14.5000,1440100
20140116,14.3100,14.6500,13.9500,14.5000,3699000
20140117,13.6900,14.4800,13.6500,14.4800,3755900
20140120,13.4100,13.9700,13.1800,13.6700,2549700
20140121,13.2200,13.8000,13.2000,13.3800,3350400
20140122,13.9700,14.0000,13.2300,13.2300,2639600
20140123,13.9800,14.0200,13.6200,13.9100,2162900
20140124,14.1100,14.1600,13.6500,13.6500,2655200
20140127,14.5700,14.7500,14.0000,14.0000,3462000
20140128,14.6100,14.7500,14.4100,14.5600,1909100
20140129,14.7200,14.8500,14.6000,14.7000,1525700
20140130,14.5000,14.6500,14.0900,14.5600,1209500
20140131,14.5000,14.5000,14.5000,14.5000,0
20140203,14.5000,14.5000,14.5000,14.5000,0
20140205,14.5000,14.5000,14.5000,14.5000,0
20140206,14.5000,14.5000,14.5000,14.5000,0
20140207,14.5800,14.6500,14.1100,14.4900,1213600
20140210,14.8000,14.8500,14.5000,14.5000,3656700
20140211,15.2000,15.3500,14.6000,14.8100,5484700
20140212,15.1200,15.4300,14.8300,15.2000,4678800
20140213,14.8700,15.3200,14.8100,15.0000,2315000
20140214,14.9300,15.2000,14.8000,14.8700,2369000
20140217,15.1500,15.1500,14.8200,14.8600,3544800
20140218,14.7900,15.1400,14.7000,15.1400,2356100
20140219,14.3000,14.8300,14.2100,14.7900,3063400
20140220,14.5700,14.7700,14.3500,14.4500,2966400
20140221,14.1700,14.7000,14.1200,14.5600,1588600
20140224,14.1200,14.3500,13.9300,14.1700,1603300
20140225,13.7600,14.1500,13.5900,14.1300,2059400
