20130226,9.1400,9.3500,9.1300,9.2800,3733900
20130227,9.1300,9.2600,9.0500,9.1600,2568300
20130228,9.2900,9.3000,9.0800,9.1400,3594500
20130301,9.3500,9.3900,9.2100,9.3100,4867500
20130304,8.8900,9.3200,8.8300,9.3200,4064800
20130305,9.0100,9.0200,8.8100,8.9100,2260600
20130306,9.2000,9.2500,9.0200,9.0200,3323500
20130307,9.0500,9.2100,8.9900,9.2000,2864400
20130308,9.2100,9.2700,9.0100,9.0500,4017900
20130311,9.2000,9.2800,9.1300,9.2200,2579900
20130312,8.9300,9.2600,8.7800,9.2300,3667600
20130313,8.9300,9.0000,8.7900,8.9200,1782100
20130314,8.7700,8.9300,8.7600,8.8800,2224900
20130315,8.8400,8.9200,8.6300,8.7600,2998600
20130318,8.7400,8.9100,8.7100,8.7800,1651300
20130319,9.1500,9.1600,8.7600,8.8300,6149200
20130320,9.5400,9.7800,9.2000,9.2800,15189000
20130321,9.9000,10.2200,9.7500,9.7500,22100200
20130322,9.7200,9.9000,9.6000,9.7300,11683200
20130325,9.5200,9.9900,9.5200,9.9000,11014500
20130326,9.2500,9.3700,9.1300,9.3700,7623400
20130327,9.3000,9.3100,9.1500,9.2500,4622700
20130328,9.2800,9.5100,9.0100,9.2000,8213700
20130329,9.1600,9.2900,9.1100,9.2000,3555700
20130401,9.1800,9.2700,9.1100,9.1300,2443100
20130402,9.3500,9.3800,9.1700,9.1800,6627000
20130403,8.7600,9.2000,8.7300,9.2000,6956600
20130404,8.7600,8.7600,8.7600,8.7600,0
20130405,8.7600,8.7600,8.7600,8.7600,0
20130408,8.4300,8.5800,8.0000,8.5800,3319000
20130409,8.5100,8.6600,8.4700,8.5800,2338300
20130410,8.5200,8.6000,8.2800,8.5100,2530500
20130411,8.4400,8.5900,8.4000,8.5900,1717200
20130412,8.3200,8.4800,8.2900,8.4400,1832900
20130415,8.2600,8.3900,8.1600,8.3100,1547800
20130416,8.3200,8.3500,8.1600,8.2000,1361200
20130417,8.3400,8.3800,8.2600,8.3200,1165000
20130418,8.3100,8.3800,8.2200,8.3000,1738100
20130419,8.6400,8.7100,8.3000,8.3500,4628800
20130422,8.6400,8.6700,8.5200,8.5600,2478900
20130423,8.2400,8.6400,8.2300,8.6400,2742200
20130424,8.3800,8.4000,8.2400,8.2500,1852500
20130425,8.1700,8.4000,8.1600,8.3600,1807100
20130426,8.1700,8.2700,8.1200,8.2300,1511300
20130429,8.1700,8.1700,8.1700,8.1700,0
20130430,8.1700,8.1700,8.1700,8.1700,0
20130501,8.1700,8.1700,8.1700,8.1700,0
20130502,8.0300,8.1700,7.9900,8.1700,1511000
20130503,8.1700,8.2400,8.0600,8.1000,1305800
20130506,8.3400,8.3500,8.1800,8.1800,1668800
20130507,8.4000,8.4200,8.2500,8.3400,1601200
20130508,8.4300,8.5100,8.3800,8.4000,2286500
20130509,8.5500,8.5800,8.4300,8.4700,3067000
20130510,8.5600,8.5700,8.4300,8.5100,1863100
20130513,8.6900,8.7100,8.5600,8.5600,2646000
20130514,8.5600,8.6800,8.4300,8.6800,2191800
20130515,8.3300,8.3500,8.1900,8.1900,1351900
20130516,8.4400,8.4500,8.2500,8.3300,1713200
20130517,8.5000,8.5500,8.3700,8.4000,2326300
20130520,8.8100,8.8600,8.5100,8.5100,5666500
20130521,8.8600,8.8900,8.7100,8.8100,4107900
20130522,8.8200,8.9300,8.7600,8.8300,3869100
20130523,9.1000,9.2400,8.9800,8.9800,8230000
20130524,9.1000,9.2000,8.9200,8.9500,5028000
20130527,9.2800,9.3100,8.9700,9.0800,7600200
20130528,9.2500,9.4200,9.1700,9.3300,5870500
20130529,9.1500,9.2800,9.0600,9.2400,4680600
20130530,9.2100,9.2500,9.0800,9.1100,3274000
20130531,9.3000,9.4200,9.0900,9.1600,7606200
20130603,9.1700,9.3800,9.1400,9.3500,4750500
20130604,8.9400,9.2400,8.8500,9.2100,4268100
20130605,9.1000,9.1600,8.8800,8.9700,3469000
20130606,9.0100,9.1900,8.9000,9.0200,3061500
20130607,8.7800,9.0300,8.6000,9.0000,2702500
20130610,8.7800,8.7800,8.7800,8.7800,0
20130611,8.7800,8.7800,8.7800,8.7800,0
20130612,8.7800,8.7800,8.7800,8.7800,0
20130613,8.3700,8.6200,8.2000,8.6200,1976600
20130614,8.6900,8.7700,8.5000,8.5400,3488100
20130617,8.7800,8.8700,8.4700,8.6900,3916100
20130618,8.8800,8.9500,8.6700,8.7600,3336700
20130619,9.0400,9.0500,8.6400,8.7800,5097700
20130620,8.6900,9.0700,8.6700,9.0700,3434300
20130621,8.4200,8.5500,8.2600,8.2600,2362300
20130624,7.8200,8.5300,7.6100,8.4500,3470500
20130625,7.9500,8.0100,7.2800,7.6200,3729200
20130626,8.1700,8.2300,7.8400,7.9700,2879400
20130627,7.9500,8.2300,7.9000,8.1500,2408700
20130628,7.9400,8.1200,7.7700,7.9100,1426000
20130701,8.3200,8.3500,7.8200,7.8700,2118900
20130702,8.3300,8.4800,8.1500,8.3000,2129800
20130703,8.2000,8.3200,8.0400,8.2400,1545700
20130704,8.3400,8.4000,8.0000,8.1200,2683700
20130705,8.3500,8.5900,8.2200,8.3300,3380300
20130708,7.8600,8.2200,7.8500,8.1700,2025100
20130709,8.1500,8.6500,7.8200,7.8200,2625700
20130710,8.2800,8.3100,8.0800,8.1500,1603400
20130711,8.4400,8.5400,8.2800,8.3000,3217100
20130712,8.3500,8.6400,8.3300,8.3800,3090400
20130715,8.4500,8.5400,8.3200,8.3200,2608800
20130716,8.5700,8.5800,8.3800,8.4600,3692500
20130717,8.4100,8.5700,8.3200,8.5700,2861400
20130718,8.2600,8.4300,8.2400,8.3500,2657700
20130719,7.9900,8.3400,7.9500,8.2600,2518400
20130722,7.9900,8.1900,7.7800,8.0000,1920500
20130723,8.2900,8.2900,7.9500,8.0000,2616100
20130724,8.1600,8.3200,8.0600,8.2400,2889600
20130725,8.0600,8.2600,8.0000,8.1300,2157000
20130726,8.0200,8.1300,7.9500,8.0100,1331100
20130729,7.8400,8.0300,7.8200,7.8200,1457200
20130730,7.8800,7.9600,7.7300,7.8600,1686200
20130731,8.0100,8.1300,7.9000,7.9000,2268300
20130801,8.1900,8.4000,8.1200,8.2800,2917500
20130802,8.2600,8.3700,8.1600,8.1900,3026200
20130805,8.3400,8.3500,8.2000,8.2300,1677500
20130806,8.3700,8.4100,8.2200,8.3500,2477900
20130807,8.3800,8.4700,8.2800,8.3200,4167300
20130808,8.3600,8.4400,8.2400,8.3800,2466200
20130809,8.5800,8.6000,8.2500,8.3200,3880800
20130812,8.6600,8.7200,8.5400,8.5400,3723600
20130813,8.8800,8.9700,8.6200,8.6600,4943900
20130814,8.6700,8.9400,8.6600,8.9400,3011400
20130815,8.7200,8.9800,8.6700,8.6700,3280400
20130816,8.5800,8.8400,8.4900,8.7100,2383100
20130819,8.7600,8.7800,8.4400,8.5000,1713500
20130820,8.6900,8.8800,8.6800,8.7400,1888300
20130821,8.6900,8.7600,8.6500,8.7000,1215100
20130822,8.5600,8.7500,8.5400,8.7500,1837500
20130823,9.1300,9.2500,8.5600,8.6300,12020700
20130826,9.1700,9.2100,9.0600,9.1300,4505200
20130827,9.5000,9.6200,9.0400,9.1200,7763600
20130828,9.3300,9.8500,9.3100,9.4000,11070200
20130829,9.5900,9.6500,9.2800,9.3500,6645200
20130830,9.6700,9.8200,9.4000,9.5900,6029100
20130902,9.7900,10.1600,9.5000,9.6000,8651600
20130903,9.9700,10.1000,9.6300,9.7500,4493500
20130904,10.0000,10.1800,9.7700,9.9700,6414000
20130905,10.1200,10.4600,9.9500,10.2000,7932600
20130906,10.2200,10.4400,9.8000,10.1500,11170100
20130909,10.0600,10.3300,9.9100,10.3300,6718800
20130910,10.1000,10.2700,10.0000,10.1700,4318000
20130911,10.8000,11.1100,10.1200,10.1200,12618800
20130912,11.1500,11.2500,10.4500,10.5900,7329500
20130913,10.9500,11.1800,10.8000,11.1400,4665100
20130916,11.0100,11.5000,10.8500,11.1000,4265500
20130917,10.8200,11.0700,10.6500,10.9600,2386400
20130918,10.8700,11.1700,10.7400,10.7400,2612700
20130920,10.8700,10.8700,10.8700,10.8700,0
20130923,11.4000,11.4900,10.8700,10.9100,4225800
20130924,11.4100,11.4800,11.1600,11.4700,3056200
20130925,11.2500,11.5900,11.0100,11.2900,2946000
20130926,11.1400,11.2400,10.9100,11.1500,2356700
20130927,11.1300,11.3500,10.9500,11.1000,2457100
20130930,11.0500,11.1500,10.7700,11.0500,2483100
20131001,11.0500,11.0500,11.0500,11.0500,0
20131002,11.0500,11.0500,11.0500,11.0500,0
20131003,11.0500,11.0500,11.0500,11.0500,0
20131004,11.0500,11.0500,11.0500,11.0500,0
20131007,11.0500,11.0500,11.0500,11.0500,0
20131008,11.5900,11.8700,10.9100,10.9300,3097600
20131009,11.3900,11.5300,11.2800,11.5300,1741600
20131010,11.0500,11.4800,11.0200,11.4300,2799800
20131011,11.3700,11.4300,10.9700,11.0500,2155100
20131014,11.7600,11.8200,11.4500,11.4500,4044400
20131015,12.0700,12.1500,11.4600,11.6800,3776800
20131016,11.8600,12.2600,11.6100,12.0000,2530700
20131017,12.7100,12.9600,11.8600,11.8600,4943700
20131018,12.5300,13.1500,12.2300,13.1500,2667900
20131021,12.9700,13.0300,12.2500,12.5300,2642700
20131022,13.4100,13.4500,12.8000,13.2900,3368800
20131023,13.3000,13.5400,12.7000,13.4500,3678200
20131024,12.7500,13.3200,12.7200,13.2000,2504200
20131025,12.7500,12.7500,12.7500,12.7500,0
20131028,12.7500,12.7500,12.7500,12.7500,0
20131029,12.7500,12.7500,12.7500,12.7500,0
20131030,12.7500,12.7500,12.7500,12.7500,0
20131031,12.7500,12.7500,12.7500,12.7500,0
20131101,11.8300,12.6500,11.6600,11.6600,5609300
20131104,12.9200,12.9300,11.8300,11.8400,3453800
20131105,14.2100,14.2100,12.7000,12.8000,10925100
20131106,14.0100,14.5000,13.6300,14.1000,9380200
20131107,13.4500,14.0100,13.3600,13.7100,4771800
20131108,13.0700,13.6200,12.8100,13.2700,4439000
20131111,13.4200,13.5600,13.0000,13.0000,3332900
20131112,13.0100,13.4000,12.7900,13.4000,3061000
20131113,12.6000,12.9100,12.2200,12.8000,3779500
20131114,13.1400,13.2000,12.3200,12.6800,2689100
20131115,13.0000,13.5600,12.8800,13.2400,2999600
20131118,13.4500,13.5000,12.9000,12.9200,3075700
20131119,13.2700,13.4700,13.1000,13.4700,2405800
20131120,13.3400,13.6000,13.1400,13.3000,2348400
20131121,13.1700,13.3000,12.8100,13.3000,3088300
20131122,12.8100,13.2000,12.8100,13.0900,1378900
20131125,12.9400,13.9700,12.8100,13.5800,4442600
20131126,12.6500,12.8500,12.2000,12.5400,3698500
20131127,13.0400,13.1600,12.3500,12.6500,3262400
20131128,13.0200,13.3500,12.9700,12.9700,1916100
20131129,13.1500,13.3100,13.0000,13.0200,2708000
20131202,12.0400,12.9000,12.0000,12.9000,4396800
20131203,12.2600,12.4100,11.9200,11.9200,1525100
20131204,12.4400,12.5600,12.2800,12.3000,2100300
20131205,12.1100,12.4600,12.0000,12.4000,2369100
20131206,11.9300,12.2500,11.7200,12.1900,3174500
20131209,12.4600,12.5100,11.8900,11.8900,4587400
20131210,12.4400,12.5300,12.3000,12.4100,1986700
20131211,12.1700,12.3700,12.0600,12.3000,2062900
20131212,11.9600,12.3400,11.9300,12.2600,3354100
20131213,12.0200,12.1300,11.8600,11.8600,1485200
20131216,11.7700,12.2000,11.7600,12.0100,1978000
20131217,11.4400,11.8300,11.3700,11.8300,2581000
20131218,11.9300,12.0000,11.4200,11.4200,2696700
20131219,11.4500,12.0000,11.3100,11.9300,2000200
20131220,11.4600,11.6900,11.3700,11.4500,1223700
20131223,11.7400,11.7900,11.2000,11.5900,1305400
20131224,12.0300,12.0500,11.6900,11.7500,1736800
20131225,12.5100,12.5200,11.9200,11.9200,3537500
20131226,12.7100,12.7500,12.4200,12.5200,3746600
20131227,13.0100,13.0800,12.4000,12.6300,3337300
20131230,13.0800,13.1000,12.6800,13.0700,2908800
20131231,12.7000,13.0000,12.5600,12.9000,2813000
20140101,12.7000,12.7000,12.7000,12.7000,0
20140102,12.5000,12.8200,12.4800,12.7000,2177000
20140103,12.3000,12.6100,12.2900,12.5100,1881300
20140106,11.8500,12.3500,11.8200,12.2800,1357000
20140107,11.8000,11.9500,11.6800,11.8900,1381300
20140108,11.9700,11.9800,11.7000,11.8500,1241500
20140109,12.4400,12.5400,11.8600,11.9800,2691200
20140110,11.8900,12.5000,11.4600,12.3900,3620100
20140113,11.7000,11.9100,11.3600,11.7900,1773300
20140114,12.1500,12.2000,11.7000,11.7000,1223500
20140115,12.0800,12.2800,11.8000,12.1600,1560300
20140116,11.9300,12.1000,11.5300,12.0900,1428600
20140117,11.6800,11.8500,11.6100,11.7800,862800
20140120,11.4900,11.8000,11.4500,11.7000,743700
20140121,11.5800,11.7600,11.5000,11.6300,739700
20140122,12.3700,12.4500,11.6000,11.6000,2670900
20140123,12.8400,13.0800,12.1200,12.2400,3428900
20140124,12.9100,12.9600,12.7200,12.8400,2766100
20140127,12.8000,12.9200,12.6500,12.9200,1746100
20140128,12.6100,12.8500,12.4900,12.7100,1475600
20140129,12.9500,12.9900,12.4700,12.7800,1833400
20140130,12.8500,12.9500,12.7500,12.9500,1355100
20140131,12.8500,12.8500,12.8500,12.8500,0
20140203,12.8500,12.8500,12.8500,12.8500,0
20140205,12.8500,12.8500,12.8500,12.8500,0
20140206,12.8500,12.8500,12.8500,12.8500,0
20140207,12.8400,12.9900,12.5600,12.5600,1252600
20140210,14.1200,14.1200,12.7500,12.8400,6683000
20140211,14.2200,14.3300,13.8300,14.2000,4275800
20140212,14.3400,14.4400,13.9300,14.2200,3177100
20140213,15.2400,15.7700,14.3400,14.3400,9225500
20140214,16.0000,16.7000,14.8800,15.0000,5196600
20140217,16.1500,16.3800,15.5200,16.0100,5033100
20140218,15.6000,16.3200,15.3500,16.1500,7133900
20140219,15.8000,16.1800,15.3600,15.6200,3594700
20140220,15.9800,17.1000,15.8100,16.0100,6867400
20140221,15.9200,16.2600,15.5100,15.6800,3729600
20140224,16.0900,16.1900,15.0100,15.6300,3887600
20140225,16.1700,16.8400,15.7700,16.0900,5817900
