20130226,3.2100,3.2600,3.1900,3.2400,6336200
20130227,3.2300,3.2400,3.2000,3.2000,3552600
20130228,3.2700,3.2900,3.2100,3.2300,5144300
20130301,3.2500,3.2600,3.2100,3.2600,6060700
20130304,3.0800,3.2300,3.0500,3.2300,8453300
20130305,3.1700,3.2300,3.0800,3.0800,7225200
20130306,3.2000,3.2100,3.1100,3.1500,7333600
20130307,3.2300,3.2500,3.1600,3.2000,8713200
20130308,3.3300,3.4400,3.1800,3.2200,20024300
20130311,3.1800,3.2600,3.1000,3.2500,10268700
20130312,3.1300,3.1800,3.0900,3.1600,7561100
20130313,3.0700,3.1300,3.0400,3.1000,5287000
20130314,3.0600,3.0800,3.0300,3.0700,3072200
20130315,3.0600,3.1000,3.0200,3.0600,4200200
20130318,2.9400,3.0500,2.9200,3.0400,5573000
20130319,2.9700,3.0000,2.8700,2.9300,5570400
20130320,3.0300,3.0300,2.9200,2.9600,5368000
20130321,3.0300,3.0600,3.0000,3.0300,5063200
20130322,3.0200,3.0300,2.9900,3.0100,4229200
20130325,3.2300,3.2600,2.9800,3.0200,21245500
20130326,3.0800,3.1800,3.0700,3.1500,11006600
20130327,3.0700,3.1300,3.0300,3.1100,6524600
20130328,2.9100,3.0400,2.9000,3.0300,7014100
20130329,2.9200,2.9800,2.8700,2.9200,5332400
20130401,2.9200,2.9600,2.8800,2.9200,3649400
20130402,2.9100,2.9500,2.9000,2.9200,3294900
20130403,2.8800,2.9200,2.8700,2.9000,3851000
20130404,2.8800,2.8800,2.8800,2.8800,0
20130405,2.8800,2.8800,2.8800,2.8800,0
20130408,2.8100,2.8600,2.7500,2.8600,4312500
20130409,2.8400,2.8500,2.8000,2.8000,3447700
20130410,2.8900,2.9800,2.8100,2.8400,10689800
20130411,2.8300,2.9000,2.8100,2.8500,7270400
20130412,2.7900,2.8400,2.7800,2.8100,4584900
20130415,2.7200,2.8000,2.7000,2.8000,5028700
20130416,2.7400,2.7400,2.6500,2.7000,5854400
20130417,2.7300,2.7400,2.7000,2.7400,3392900
20130418,2.7000,2.7200,2.6700,2.7000,4518800
20130419,2.7500,2.7600,2.6900,2.7000,8505200
20130422,3.0300,3.0300,2.9700,3.0300,43499200
20130423,2.9400,3.0600,2.8500,3.0600,42337700
20130424,2.8600,2.9200,2.8100,2.9000,19039100
20130425,2.7800,2.8800,2.7600,2.8700,11935900
20130426,2.6800,2.7700,2.6700,2.7600,10223200
20130429,2.6800,2.6800,2.6800,2.6800,0
20130430,2.6800,2.6800,2.6800,2.6800,0
20130501,2.6800,2.6800,2.6800,2.6800,0
20130502,2.6400,2.6600,2.6200,2.6500,6353100
20130503,2.6600,2.6800,2.6400,2.6600,6588200
20130506,2.7000,2.7100,2.6600,2.6700,5661500
20130507,2.7200,2.7400,2.6700,2.7000,6093500
20130508,2.7300,2.7500,2.6900,2.7200,5744700
20130509,2.6700,2.7200,2.6300,2.7200,9455600
20130510,2.6800,2.6900,2.6500,2.6700,6017200
20130513,2.6800,2.7100,2.6500,2.6800,6270100
20130514,2.6400,2.6800,2.6300,2.6800,4868900
20130515,2.6400,2.6500,2.6200,2.6300,3708600
20130516,2.6700,2.6700,2.6200,2.6500,7746300
20130517,2.7200,2.7200,2.6600,2.6800,9326200
20130520,2.8000,2.8100,2.6900,2.7100,18075100
20130521,2.7700,2.7900,2.7400,2.7700,10720400
20130522,2.8000,2.8600,2.7500,2.7700,13933900
20130523,2.8100,2.8800,2.7700,2.7900,15671000
20130524,2.7900,2.8300,2.7500,2.8100,9094900
20130527,2.7600,2.7900,2.7300,2.7800,7765400
20130528,2.7800,2.7900,2.7200,2.7500,7661000
20130529,2.8000,2.8200,2.7500,2.7700,11517300
20130530,2.7600,2.7800,2.7500,2.7800,8019800
20130531,2.7200,2.7600,2.7200,2.7500,5377100
20130603,2.7000,2.7400,2.6900,2.7100,3288900
20130604,2.6400,2.7200,2.6400,2.7200,5523000
20130605,2.6600,2.6700,2.6200,2.6500,2895100
20130606,2.6200,2.6500,2.6000,2.6400,4140900
20130607,2.5300,2.6300,2.5100,2.6200,5730200
20130610,2.5300,2.5300,2.5300,2.5300,0
20130611,2.5300,2.5300,2.5300,2.5300,0
20130612,2.5300,2.5300,2.5300,2.5300,0
20130613,2.4300,2.5200,2.4000,2.5200,4686300
20130614,2.4600,2.4600,2.4100,2.4100,3517800
20130617,2.4500,2.4800,2.4400,2.4600,2493900
20130618,2.4500,2.4800,2.4300,2.4700,1762900
20130619,2.7000,2.7000,2.4100,2.4500,13139600
20130620,2.7300,2.8400,2.6500,2.7100,34960200
20130621,2.6300,2.7800,2.4600,2.6600,20817900
20130624,2.4000,2.6200,2.3700,2.5800,18315000
20130625,2.3200,2.4200,2.1800,2.3500,14393500
20130626,2.3600,2.4000,2.2500,2.2900,12476800
20130627,2.6000,2.6000,2.3200,2.3600,23132200
20130628,2.6900,2.8000,2.4600,2.5000,30920600
20130701,2.6400,2.7200,2.5800,2.6800,17773600
20130702,2.7400,2.7900,2.5700,2.6100,21736900
20130703,2.7100,2.8000,2.6500,2.6900,20212300
20130704,2.6400,2.7200,2.6000,2.6700,13290200
20130705,2.6600,2.7900,2.6200,2.6300,16278300
20130708,2.4300,2.6300,2.4000,2.6000,16925100
20130709,2.4600,2.4800,2.3800,2.4300,8392300
20130710,2.5600,2.5800,2.4300,2.4500,11088100
20130711,2.6400,2.7200,2.5300,2.5600,17563200
20130712,2.7400,2.9000,2.6800,2.7200,25247400
20130715,2.7300,2.7400,2.6500,2.6500,13745900
20130716,2.7800,2.8800,2.6300,2.7200,19226000
20130717,2.8500,2.9400,2.7400,2.7500,27838000
20130718,2.7400,2.8400,2.7300,2.8400,15955400
20130719,2.5800,2.7700,2.5500,2.7400,13483300
20130722,2.6900,2.7000,2.5200,2.5400,9790800
20130723,2.7600,2.7800,2.6500,2.6800,11857400
20130724,2.7100,2.7600,2.6800,2.7500,9322200
20130725,2.8200,2.9200,2.6900,2.7300,31929200
20130726,2.7900,2.8100,2.7100,2.7800,15389600
20130729,2.7100,2.7700,2.6500,2.7600,11312200
20130730,2.7800,2.8300,2.6500,2.7100,14784500
20130731,2.8200,2.9500,2.7600,2.7700,19123600
20130801,2.8500,2.8600,2.7700,2.8000,17406700
20130802,2.8300,2.8700,2.8100,2.8500,11223000
20130805,2.8700,2.9000,2.8000,2.8200,9888200
20130806,2.8700,2.8700,2.8100,2.8600,12957700
20130807,2.8100,2.8800,2.8100,2.8300,11735200
20130808,2.7700,2.8100,2.7500,2.8000,10070300
20130809,2.8200,2.8600,2.7700,2.7700,13253000
20130812,2.8800,2.8900,2.7900,2.8100,20713000
20130813,2.9300,3.0600,2.9000,2.9300,35651800
20130814,2.8800,2.9300,2.8500,2.9200,17692800
20130815,2.8300,2.9100,2.8200,2.8800,11039800
20130816,2.7800,2.9200,2.7700,2.8200,15194600
20130819,2.8000,2.8000,2.7000,2.7400,9463400
20130820,2.7500,2.8100,2.7300,2.7800,7620600
20130821,2.7600,2.7800,2.7000,2.7400,6976700
20130822,2.7000,2.7700,2.6800,2.7500,10317900
20130823,2.6700,2.7300,2.6000,2.7100,9719400
20130826,2.7200,2.7300,2.6500,2.6800,8192600
20130827,2.7400,2.7500,2.7000,2.7100,6999300
20130828,2.7400,2.7800,2.6800,2.7200,8871600
20130829,2.8200,2.9000,2.7800,2.8100,20202100
20130830,2.7200,2.7800,2.6900,2.7600,18411500
20130902,2.7200,2.7200,2.7200,2.7200,0
20130903,2.7300,2.7400,2.6700,2.6800,9713900
20130904,2.8000,2.8600,2.7100,2.7100,25249000
20130905,2.7200,2.7800,2.7100,2.7600,13597000
20130906,2.7300,2.7400,2.6900,2.7200,6750100
20130909,2.8100,2.8300,2.7100,2.7400,17454100
20130910,2.8500,2.9100,2.7700,2.8000,22186000
20130911,3.0600,3.1400,2.8400,2.8400,54178600
20130912,2.9700,3.0000,2.9000,2.9300,26392400
20130913,2.9000,2.9500,2.8400,2.9400,16351800
20130916,2.9100,2.9700,2.8500,2.8800,12747800
20130917,2.8500,2.9200,2.8400,2.9000,9839400
20130918,2.8500,2.8500,2.8500,2.8500,0
20130920,2.8500,2.8500,2.8500,2.8500,0
20130923,2.8500,2.8500,2.8500,2.8500,0
20130924,2.8500,2.8500,2.8500,2.8500,0
20130925,2.8500,2.8500,2.8500,2.8500,0
20130926,2.8700,3.1000,2.8400,2.9200,32857300
20130927,2.7200,2.8000,2.6100,2.8000,14126800
20130930,2.7000,2.7100,2.6600,2.7100,7029500
20131001,2.7000,2.7000,2.7000,2.7000,0
20131002,2.7000,2.7000,2.7000,2.7000,0
20131003,2.7000,2.7000,2.7000,2.7000,0
20131004,2.7000,2.7000,2.7000,2.7000,0
20131007,2.7000,2.7000,2.7000,2.7000,0
20131008,2.7500,2.7500,2.6800,2.7100,8844600
20131009,2.7400,2.7600,2.7000,2.7200,8204700
20131010,2.8000,2.8400,2.7100,2.7400,14915600
20131011,2.8000,2.8400,2.7600,2.7600,11261300
20131014,2.7800,2.8100,2.7500,2.7900,9377700
20131015,2.7600,2.7800,2.7400,2.7800,7312900
20131016,2.7100,2.8000,2.7100,2.7700,11707300
20131017,2.7100,2.7300,2.6700,2.7300,7155300
20131018,2.6900,2.7200,2.6600,2.7200,5785400
20131021,2.6900,2.6900,2.6200,2.6800,9922900
20131022,2.6800,2.7100,2.6600,2.6700,8344600
20131023,2.6900,2.8400,2.6800,2.7300,12940700
20131024,2.6300,2.6600,2.6100,2.6500,7664400
20131025,2.5600,2.6400,2.5400,2.6200,6772200
20131028,2.5800,2.5900,2.5200,2.5500,4656500
20131029,2.4700,2.5900,2.4300,2.5700,7283800
20131030,2.5300,2.5400,2.4700,2.5000,5159800
20131031,2.5500,2.5600,2.5000,2.5300,4181300
20131101,2.5400,2.5600,2.5200,2.5500,2587300
20131104,2.5500,2.5600,2.5300,2.5400,2486100
20131105,2.5500,2.5500,2.5000,2.5400,2112600
20131106,2.5600,2.6300,2.5200,2.5500,7474600
20131107,2.4900,2.5700,2.4800,2.5600,6020500
20131108,2.4500,2.4900,2.4300,2.4800,4038500
20131111,2.7000,2.7000,2.5500,2.5800,23795900
20131112,2.7000,2.9000,2.7000,2.9000,37415100
20131113,2.5300,2.6800,2.5200,2.6000,18455500
20131114,2.5600,2.5600,2.4500,2.5200,11016300
20131115,2.5900,2.6000,2.5100,2.5400,10320000
20131118,2.6100,2.6200,2.5500,2.5500,11199800
20131119,2.6200,2.6800,2.5800,2.6100,10836100
20131120,2.6500,2.6800,2.6000,2.6100,12343300
20131121,2.6300,2.6600,2.5800,2.6400,8163700
20131122,2.6200,2.6600,2.5900,2.6100,6913200
20131125,2.5900,2.6300,2.5900,2.6000,4587900
20131126,2.5800,2.6100,2.5700,2.5900,4985900
20131127,2.6000,2.6100,2.5600,2.5700,4730400
20131128,2.6500,2.6700,2.6000,2.6000,12068500
20131129,2.6500,2.6900,2.6100,2.6400,10726500
20131202,2.5600,2.6200,2.5200,2.5900,8952800
20131203,2.6000,2.6100,2.5600,2.5800,4781600
20131204,2.6200,2.6400,2.5800,2.5800,6116900
20131205,2.6400,2.6400,2.6000,2.6100,5252400
20131206,2.6400,2.7000,2.6200,2.6400,7328200
20131209,2.6200,2.6600,2.6100,2.6300,6713400
20131210,2.6400,2.7000,2.6000,2.6200,11020000
20131211,2.5900,2.6400,2.5800,2.6300,7370200
20131212,2.5800,2.6100,2.5600,2.5600,3393200
20131213,2.5800,2.5900,2.5600,2.5800,3393600
20131216,2.5300,2.5900,2.5300,2.5900,3798700
20131217,2.5000,2.5300,2.4600,2.5300,6333000
20131218,2.5000,2.5100,2.4800,2.5000,2219200
20131219,2.4800,2.5200,2.4800,2.5100,1858700
20131220,2.4400,2.4900,2.4200,2.4800,3940700
20131223,2.4200,2.4500,2.3900,2.4500,2338700
20131224,2.4500,2.4500,2.4200,2.4500,1921800
20131225,2.4500,2.4600,2.4200,2.4600,2373800
20131226,2.4000,2.4500,2.3900,2.4500,2200000
20131227,2.4300,2.4400,2.3800,2.4100,2059100
20131230,2.4500,2.4500,2.4200,2.4300,1722900
20131231,2.4800,2.4800,2.4300,2.4500,2309200
20140101,2.4800,2.4800,2.4800,2.4800,0
20140102,2.4600,2.4700,2.4500,2.4700,1474900
20140103,2.4400,2.4600,2.4200,2.4500,2483800
20140106,2.3700,2.4400,2.3000,2.4400,3487700
20140107,2.3500,2.3800,2.3200,2.3600,1990000
20140108,2.3600,2.3800,2.3300,2.3600,2448500
20140109,2.3300,2.3700,2.3100,2.3600,1818200
20140110,2.2900,2.3300,2.2700,2.3300,1774100
20140113,2.2800,2.3200,2.2700,2.2800,1400900
20140114,2.2900,2.3100,2.2800,2.2800,1759600
20140115,2.3000,2.3100,2.2800,2.2800,1891000
20140116,2.3000,2.3200,2.2900,2.3000,2095400
20140117,2.2700,2.3100,2.2600,2.3000,1784800
20140120,2.2600,2.2800,2.2400,2.2700,1871000
20140121,2.2700,2.2900,2.2300,2.2400,1433900
20140122,2.3100,2.3300,2.2600,2.2700,2987500
20140123,2.2800,2.3100,2.2800,2.2900,2590900
20140124,2.3100,2.3200,2.2700,2.2800,2468100
20140127,2.2800,2.3000,2.2700,2.3000,1959800
20140128,2.2700,2.3000,2.2600,2.3000,2508700
20140129,2.2600,2.2800,2.2500,2.2600,2251400
20140130,2.2700,2.2900,2.2500,2.2700,2170600
20140131,2.2700,2.2700,2.2700,2.2700,0
20140203,2.2700,2.2700,2.2700,2.2700,0
20140205,2.2700,2.2700,2.2700,2.2700,0
20140206,2.2700,2.2700,2.2700,2.2700,0
20140207,2.2900,2.2900,2.2400,2.2600,1996600
20140210,2.3400,2.3400,2.2700,2.2900,6551900
20140211,2.3900,2.4000,2.3200,2.3300,6345300
20140212,2.3800,2.4200,2.3500,2.3700,3258600
20140213,2.3500,2.4100,2.3500,2.3700,3868800
20140214,2.3700,2.3800,2.3400,2.3500,2811500
20140217,2.4200,2.4600,2.3600,2.3600,6145600
20140218,2.3800,2.4400,2.3700,2.3900,3751300
20140219,2.4000,2.4200,2.3500,2.3600,3698400
20140220,2.4500,2.5600,2.3700,2.4000,15699900
20140221,2.3500,2.4400,2.3500,2.4100,6289400
20140224,2.3600,2.3700,2.3100,2.3600,3426500
20140225,2.2900,2.3600,2.2800,2.3400,3412500
