20130226,9.9800,10.5800,9.9500,10.0000,19196100
20130227,9.9000,10.2300,9.8200,10.1000,10369200
20130228,10.1800,10.1900,9.8800,9.8800,11287100
20130301,10.3100,10.4600,10.1000,10.1800,11963300
20130304,9.7900,10.2900,9.7100,10.2900,13336400
20130305,9.9300,9.9500,9.7200,9.8300,5653800
20130306,9.9300,10.0700,9.8000,9.9500,10984400
20130307,9.7000,10.0600,9.6200,9.9300,8166000
20130308,9.9800,10.1200,9.7200,9.7400,8778300
20130311,9.8400,10.0800,9.7400,10.0000,8339900
20130312,9.5000,9.8600,9.4000,9.8500,5942700
20130313,9.3400,9.5300,9.3000,9.5000,3722400
20130314,9.4900,9.4900,9.3100,9.3100,4267700
20130315,9.3500,9.6200,9.3000,9.4400,5514200
20130318,9.2900,9.4500,9.2500,9.2500,3471300
20130319,9.3600,9.3800,9.2300,9.3600,2114500
20130320,9.6000,9.6100,9.3000,9.3600,4850700
20130321,9.7300,9.9800,9.6200,9.8300,8830500
20130322,9.5700,9.7000,9.4000,9.6600,7028700
20130325,9.4000,9.6000,9.3400,9.5400,7041900
20130326,9.4600,9.4800,9.3000,9.3800,4020300
20130327,9.3800,9.4900,9.3500,9.4600,2777500
20130328,8.9900,9.3000,8.9600,9.3000,6524300
20130329,8.9700,9.0700,8.9300,9.0400,2714600
20130401,8.9600,9.0300,8.9100,8.9500,3118200
20130402,8.9200,9.0500,8.8600,8.9700,3005300
20130403,8.8600,8.9600,8.8000,8.9100,2445700
20130404,8.8600,8.8600,8.8600,8.8600,0
20130405,8.8600,8.8600,8.8600,8.8600,0
20130408,8.6100,8.8000,8.5800,8.8000,6045500
20130409,8.7200,8.7700,8.6200,8.6700,4265200
20130410,8.8800,8.8900,8.6900,8.7300,3727800
20130411,8.7100,8.9400,8.7100,8.8900,4023600
20130412,8.6100,8.7800,8.6000,8.7100,2488200
20130415,8.3100,8.6300,8.2800,8.5600,5483900
20130416,8.4100,8.4200,8.2700,8.3900,3723700
20130417,8.4400,8.4600,8.3300,8.4300,2603500
20130418,8.5200,8.5600,8.3700,8.4100,4337200
20130419,8.8500,8.8700,8.5000,8.5200,7011200
20130422,8.9100,9.0400,8.7300,8.7500,9865300
20130423,8.6500,8.9200,8.6300,8.9000,4006100
20130424,8.9300,9.0500,8.6600,8.6800,6452400
20130425,8.8100,9.0100,8.7900,8.8700,5340400
20130426,8.6900,8.8400,8.4600,8.7300,4314000
20130429,8.6900,8.6900,8.6900,8.6900,0
20130430,8.6900,8.6900,8.6900,8.6900,0
20130501,8.6900,8.6900,8.6900,8.6900,0
20130502,8.7400,8.7800,8.5500,8.6000,2538800
20130503,8.9600,8.9700,8.7400,8.7600,5769700
20130506,9.2200,9.3400,8.9700,9.0000,11073100
20130507,9.1500,9.1800,9.0500,9.1300,3916100
20130508,9.2200,9.2700,9.1600,9.2000,4601400
20130509,9.3300,9.3500,9.1100,9.1800,6505200
20130510,9.1600,9.3500,9.1300,9.3100,7026600
20130513,9.0600,9.1700,8.9700,9.1500,5482700
20130514,9.0100,9.1100,8.8600,9.0700,4424500
20130515,9.1300,9.1400,8.9800,9.0000,2928900
20130516,9.3300,9.3800,9.0400,9.1300,7026000
20130517,9.5800,9.6200,9.2700,9.3700,11651000
20130520,9.7700,9.9000,9.5500,9.6000,14455100
20130521,9.8600,9.8900,9.6800,9.7500,7920800
20130522,9.5000,9.8600,9.4600,9.8600,8972500
20130523,9.5000,9.7100,9.4100,9.4600,6009400
20130524,9.8600,9.8900,9.5500,9.6000,11331200
20130527,9.8200,9.9600,9.7200,9.8800,7041600
20130528,9.7400,9.8400,9.5500,9.7600,5011700
20130529,9.7800,10.0200,9.7000,9.7100,8018900
20130530,9.7100,9.9000,9.6300,9.7300,8412700
20130531,9.5500,9.7800,9.5500,9.7100,6302700
20130603,9.5900,9.7700,9.4800,9.5600,4870200
20130604,9.3600,9.5900,9.3100,9.5900,4026600
20130605,9.4000,9.5100,9.3300,9.3300,3022800
20130606,9.5800,9.6200,9.3600,9.4300,6046600
20130607,9.8600,10.2900,9.5600,9.5800,21267900
20130610,9.8600,9.8600,9.8600,9.8600,0
20130611,9.8600,9.8600,9.8600,9.8600,0
20130612,9.8600,9.8600,9.8600,9.8600,0
20130613,9.3600,9.9300,9.2200,9.7000,10873300
20130614,10.1000,10.1000,9.3800,9.5000,15096400
20130617,10.6600,10.8800,10.3500,10.6500,42668400
20130618,10.5500,10.6800,10.3700,10.5200,22033700
20130619,10.3000,10.4900,10.1500,10.4100,16968100
20130620,9.9000,10.4400,9.8100,10.1000,18254000
20130621,9.7500,9.9100,9.4500,9.6100,11213000
20130624,8.9900,9.6800,8.9100,9.6700,12313900
20130625,9.0000,9.0900,8.4100,8.8500,13201700
20130626,9.4400,9.5500,8.9800,9.0100,14861400
20130627,9.0500,9.5300,8.9200,9.4200,11678900
20130628,9.3000,9.5800,8.7500,8.9300,11826200
20130701,10.1800,10.2300,9.1700,9.2400,22363200
20130702,10.2200,10.5200,10.0100,10.1000,18171300
20130703,10.5600,10.8000,10.0200,10.0700,16906500
20130704,10.4300,10.6500,10.3300,10.5000,13895000
20130705,10.1200,10.6800,9.9800,10.5000,13614900
20130708,9.6700,9.9600,9.5800,9.9600,9141900
20130709,9.8300,9.9300,9.5200,9.5600,9019800
20130710,10.2200,10.4200,9.7200,9.8000,16007900
20130711,10.5100,10.7700,10.0800,10.2800,17579600
20130712,11.2100,11.5600,10.5300,10.5500,38258900
20130715,11.4100,11.5900,11.1200,11.2600,36664000
20130716,11.8000,11.9500,11.2000,11.2600,36747800
20130717,11.5700,12.1000,11.4000,11.7000,25196600
20130718,11.7500,11.9200,11.3800,11.6500,21417500
20130719,11.1000,12.0500,11.0800,11.6000,26466000
20130722,11.4200,11.5600,10.9200,10.9900,20314000
20130723,11.8600,11.9300,11.3000,11.3000,21509100
20130724,12.2400,12.5200,11.7100,11.9000,27269900
20130725,11.3900,12.3500,11.3300,12.1300,20901200
20130726,11.3300,11.5500,11.0500,11.5500,12225400
20130729,11.0900,11.4900,11.0300,11.2000,9579700
20130730,11.1100,11.3500,10.6300,11.2500,14352800
20130731,10.9600,11.4100,10.8900,11.1100,13071200
20130801,11.5800,11.6600,10.8600,10.9500,14474700
20130802,11.4000,11.9400,11.3500,11.6800,13729600
20130805,11.9100,12.3400,11.6500,11.7100,20185900
20130806,11.9300,12.2000,11.7800,11.8700,14605000
20130807,11.4500,11.9600,11.4100,11.9600,13599400
20130808,11.4800,11.7400,11.2300,11.5000,10310600
20130809,11.4800,11.7600,11.1800,11.7100,10672000
20130812,11.5500,11.6400,11.2600,11.5100,11823400
20130813,11.5900,11.7800,11.4100,11.5200,7779100
20130814,11.5100,11.6800,11.3200,11.6400,7510100
20130815,11.5000,11.5900,11.3300,11.4200,5986900
20130816,11.0300,11.6000,11.0100,11.4100,13689800
20130819,11.0700,11.1600,10.8900,10.8900,11278300
20130820,11.1100,11.2600,10.9900,11.0700,10062500
20130821,11.0100,11.1800,10.9100,11.1100,7282400
20130822,11.1500,11.2300,11.0400,11.2100,7714200
20130823,11.5300,11.5600,11.0500,11.1200,17642300
20130826,11.8300,11.9500,11.4000,11.5000,16869300
20130827,11.8000,11.9600,11.5500,11.9000,13975000
20130828,11.9100,12.3100,11.6200,11.6800,24944100
20130829,12.0800,12.2300,11.7800,11.9500,15421200
20130830,11.2800,11.9900,11.2000,11.9900,18020900
20130902,11.4000,11.4500,11.2100,11.3200,7128800
20130903,11.5400,11.6000,11.3500,11.4600,7410800
20130904,11.5600,11.6100,11.3300,11.5000,7367500
20130905,12.3500,12.7200,11.5000,11.5600,27258600
20130906,12.7600,12.9900,12.1100,12.3500,23203900
20130909,12.5700,12.7000,12.4000,12.7000,20441200
20130910,12.4500,12.6700,12.1900,12.5100,17394200
20130911,11.9900,12.6100,11.9300,12.5100,16019300
20130912,12.1800,12.4400,11.9800,11.9900,11443000
20130913,12.3900,12.4900,11.7700,12.1600,11789700
20130916,12.8900,13.1000,12.3200,12.4000,21420800
20130917,12.5200,12.9000,12.3300,12.7600,10660800
20130918,12.9600,13.0300,12.3500,12.5200,18963500
20130920,12.9600,12.9600,12.9600,12.9600,0
20130923,13.7200,13.9400,12.7100,12.9000,27401300
20130924,13.6500,13.8900,13.3700,13.6000,15352800
20130925,13.8500,14.2200,13.4700,13.5200,20505200
20130926,13.1800,14.1100,13.0000,13.7000,15221800
20130927,13.3900,13.6000,13.0600,13.1000,11457200
20130930,13.9200,14.1100,13.5400,13.5500,14826200
20131001,13.9200,13.9200,13.9200,13.9200,0
20131002,13.9200,13.9200,13.9200,13.9200,0
20131003,13.9200,13.9200,13.9200,13.9200,0
20131004,13.9200,13.9200,13.9200,13.9200,0
20131007,13.9200,13.9200,13.9200,13.9200,0
20131008,13.8500,14.1700,13.4200,14.0000,16425000
20131009,14.0000,14.1200,13.6000,13.7100,15434400
20131010,13.1400,13.9900,13.0400,13.9500,19780500
20131011,12.9100,13.4100,12.6600,13.3000,20758100
20131014,13.3200,13.3600,12.7000,12.8600,22834300
20131015,13.0000,13.3600,12.8900,13.1700,12851400
20131016,12.1200,12.9500,11.9000,12.9500,16707400
20131017,12.1600,12.4000,12.0000,12.2000,7403800
20131018,12.2100,12.3000,12.1100,12.1500,8721300
20131021,12.3700,12.4500,12.0500,12.2500,9196000
20131022,11.5300,12.3000,11.4700,12.3000,21411100
20131023,11.0400,11.6000,10.8900,11.4000,13811100
20131024,11.1500,11.2200,10.9900,11.0600,9488300
20131025,10.6300,11.1700,10.4700,11.1200,16383300
20131028,10.7600,10.8100,10.5100,10.6500,7489200
20131029,10.3100,10.8800,9.9900,10.7700,17859700
20131030,10.6100,10.6200,10.2000,10.2500,12019000
20131031,10.6000,10.6800,10.4300,10.5000,7111500
20131101,10.3800,10.6600,10.3100,10.5500,9908600
20131104,10.3300,10.5200,10.2400,10.4100,11029500
20131105,10.7800,10.8300,10.1800,10.2600,15069200
20131106,10.5800,10.8000,10.4800,10.6500,15640500
20131107,10.7600,10.8500,10.5100,10.5600,11219300
20131108,10.4500,10.7800,10.3500,10.6600,7269100
20131111,10.5300,10.6000,10.3200,10.3800,3096300
20131112,10.6900,10.7200,10.5000,10.5400,5574900
20131113,10.7500,11.0700,10.6800,10.7000,11919200
20131114,10.9600,11.0100,10.5300,10.7300,8596300
20131115,11.1700,11.3800,10.9400,10.9400,14656700
20131118,11.4800,11.6000,11.3200,11.4100,17593700
20131119,11.4000,11.7100,11.2800,11.4500,22403200
20131120,11.3900,11.4900,11.1800,11.4400,14017600
20131121,11.3200,11.4200,11.2100,11.3200,8419000
20131122,11.0600,11.4200,11.0200,11.4200,10849700
20131125,10.9100,11.0400,10.8300,10.9500,7709300
20131126,11.0200,11.0700,10.9500,10.9600,6716200
20131127,11.3900,11.5200,10.9900,11.0300,14570900
20131128,11.5600,11.8500,11.5000,11.6400,17784400
20131129,11.4400,11.7900,11.3700,11.5100,23477000
20131202,11.0100,11.5600,10.8000,11.1500,23154700
20131203,11.0800,11.3200,10.9100,10.9200,16880900
20131204,11.1600,11.2500,11.0200,11.0900,22200600
20131205,11.1100,11.2800,11.0500,11.2100,10446400
20131206,11.1900,11.2700,11.0300,11.0800,8723600
20131209,11.1200,11.2700,11.0500,11.2200,14566900
20131210,10.9100,11.1300,10.8500,11.1200,12547600
20131211,10.7800,10.9800,10.7600,10.8800,7669500
20131212,10.9500,11.0900,10.7400,10.7700,9319900
20131213,10.7600,10.9200,10.7000,10.8600,7886400
20131216,10.4600,10.8300,10.4000,10.7500,9896900
20131217,10.4900,10.6500,10.4300,10.4700,5971100
20131218,10.5800,10.6700,10.4300,10.5300,4865500
20131219,10.4900,10.7500,10.4700,10.6000,4802900
20131220,10.5600,10.6500,10.4000,10.4900,5069800
20131223,10.4600,10.6700,10.2800,10.6000,4509800
20131224,10.5900,10.7200,10.5000,10.5900,5491100
20131225,10.8500,10.8600,10.5800,10.6100,10475800
20131226,10.7400,11.0300,10.6500,10.9000,9547300
20131227,10.8500,10.9000,10.7000,10.7200,7775300
20131230,10.9100,11.0100,10.8500,10.9000,6759600
20131231,10.9900,11.0000,10.7500,10.8500,7519800
20140101,10.9900,10.9900,10.9900,10.9900,0
20140102,11.0900,11.1000,10.9200,10.9600,10183600
20140103,11.0900,11.1300,10.9200,11.0500,9931200
20140106,11.3400,11.4400,11.0000,11.0800,23589400
20140107,11.3800,11.4200,11.1600,11.3200,11202100
20140108,11.1800,11.4300,11.1300,11.3600,10141500
20140109,11.0700,11.4100,11.0600,11.2400,9808800
20140110,10.6400,11.1200,10.6000,11.0600,8494900
20140113,10.7000,10.7800,10.5900,10.6500,4797400
20140114,10.8700,10.9200,10.6600,10.7000,7293000
20140115,11.0200,11.1800,10.7600,10.8800,9554500
20140116,11.0100,11.0800,10.9100,11.0000,5671400
20140117,10.9600,11.1900,10.9100,10.9500,5131700
20140120,10.5700,10.9100,10.5500,10.9100,7647500
20140121,10.9000,10.9400,10.5100,10.5500,17898500
20140122,11.1300,11.1400,10.7800,10.8300,16685300
20140123,11.2900,11.4400,11.1800,11.2800,21775900
20140124,11.7800,11.9500,11.1700,11.3000,35293900
20140127,11.8300,12.1300,11.5600,11.6300,26306900
20140128,11.6600,11.9300,11.5800,11.8500,13669300
20140129,11.7500,11.8400,11.4800,11.7700,14463000
20140130,12.1800,12.5200,11.6200,11.7000,24139600
20140131,12.1800,12.1800,12.1800,12.1800,0
20140203,12.1800,12.1800,12.1800,12.1800,0
20140205,12.1800,12.1800,12.1800,12.1800,0
20140206,12.1800,12.1800,12.1800,12.1800,0
20140207,12.6300,12.7800,12.0500,12.1300,27261200
20140210,12.8000,12.8800,12.5000,12.6000,23456300
20140211,12.5100,12.8600,12.3000,12.7400,23718200
20140212,12.7300,12.7600,12.2200,12.5200,20573600
20140213,12.6900,13.5000,12.2200,12.9600,30973900
20140214,13.2100,13.4500,12.6900,12.6900,29204100
20140217,13.2900,13.5400,13.0100,13.4000,20308400
20140218,13.2600,13.4600,13.0800,13.2000,18058100
20140219,12.8700,13.3400,12.8000,13.1900,20409400
20140220,12.9900,13.4700,12.5000,12.8800,34634300
20140221,13.2400,13.3500,12.8600,12.9300,19679100
20140224,14.5000,14.5600,13.1000,13.2200,61130100
20140225,13.9800,14.8600,13.6100,14.3300,42935500
