20130226,15.2600,15.5900,15.2000,15.5000,1357900
20130227,14.9700,15.5100,14.7600,15.2800,1893500
20130228,15.2100,15.2500,14.6800,15.0700,1674300
20130301,15.1900,15.3000,15.0500,15.0800,1014100
20130304,14.1800,15.1500,14.0000,15.1500,3291600
20130305,14.8300,15.0200,14.1200,14.3000,2523200
20130306,14.9500,15.0800,14.7000,14.7700,1323600
20130307,15.0100,15.1000,14.7600,14.9500,1282100
20130308,15.3700,15.5900,14.9600,15.1000,3297000
20130311,15.9700,16.1500,15.3800,15.3800,3855800
20130312,15.4900,16.6000,15.3900,15.7900,4394900
20130313,15.5000,16.0000,15.3600,15.6500,2236300
20130314,15.2100,15.4800,15.1400,15.4100,1603200
20130315,15.2100,15.4400,14.9000,15.2700,1278500
20130318,14.7100,15.3800,14.5600,15.3800,1970100
20130319,14.8500,14.8900,14.5600,14.7900,871600
20130320,15.2900,15.3500,14.7800,14.8800,1197900
20130321,15.4900,15.5300,15.1500,15.2900,1379900
20130322,15.2900,15.5300,15.1000,15.5300,1328400
20130325,15.0300,15.3600,14.8000,15.3400,1836900
20130326,14.6600,14.9700,14.4000,14.9000,1709400
20130327,14.4400,14.7700,14.2700,14.5000,1526600
20130328,14.0100,14.4000,13.9600,14.4000,1895800
20130329,14.2100,14.3200,14.0200,14.0200,650100
20130401,14.3800,14.5800,14.1300,14.1300,747400
20130402,14.0600,14.4300,14.0000,14.2400,1064600
20130403,13.9500,14.1900,13.9200,14.0800,771300
20130404,13.9500,13.9500,13.9500,13.9500,0
20130405,13.9500,13.9500,13.9500,13.9500,0
20130408,13.9300,13.9800,13.6200,13.7400,1096600
20130409,14.2900,14.3200,13.9600,14.1100,891300
20130410,14.3500,14.4400,14.2000,14.2900,774000
20130411,14.4100,14.5000,14.3400,14.4000,893600
20130412,14.2700,14.5100,14.2500,14.3300,707000
20130415,14.3700,14.4700,14.0400,14.0800,1044800
20130416,14.6500,14.6600,14.0500,14.3700,1243400
20130417,14.8300,14.9200,14.5800,14.6600,1572700
20130418,14.6600,14.9100,14.5600,14.7600,1317300
20130419,15.0000,15.1000,14.6000,14.8000,2982500
20130422,15.3600,15.5000,15.0000,15.0000,5466400
20130423,15.3900,15.7400,15.1600,15.3600,3901400
20130424,16.0600,16.2000,15.1800,15.3800,3969300
20130425,15.9000,16.3800,15.7600,16.0200,3014500
20130426,15.4300,16.1600,15.4000,15.8000,1622300
20130429,15.4300,15.4300,15.4300,15.4300,0
20130430,15.4300,15.4300,15.4300,15.4300,0
20130501,15.4300,15.4300,15.4300,15.4300,0
20130502,15.0400,15.2600,14.8000,15.2600,2547800
20130503,15.1900,15.4000,15.0400,15.0500,1807700
20130506,15.4100,15.4400,15.1000,15.2000,2252000
20130507,16.0800,16.3400,15.4100,15.4100,4434400
20130508,16.3300,16.4800,15.9600,16.0800,3789500
20130509,15.9700,16.4600,15.8200,16.3700,5332500
20130510,16.0400,16.5100,15.8400,15.9500,5650200
20130513,16.1800,16.5500,15.9600,15.9600,3317700
20130514,15.6300,16.2400,15.4300,16.1700,2833400
20130515,16.0100,16.0200,15.4600,15.4600,1806000
20130516,16.2200,16.6600,16.0000,16.0800,4475200
20130517,16.8700,16.9200,16.2200,16.2200,5864000
20130520,18.1000,18.3800,16.9100,16.9100,12619400
20130521,18.3600,18.4400,17.9000,17.9000,7397600
20130522,17.8800,18.5000,17.6800,18.5000,5531300
20130523,18.6100,19.1500,17.8400,17.9600,6696700
20130524,18.7600,19.0800,17.9500,18.6100,5848700
20130527,18.3400,18.7200,18.0800,18.7000,3799200
20130528,18.0800,18.5900,17.7900,18.3000,3305900
20130529,18.1600,18.3400,17.9800,18.2500,2884500
20130530,17.9300,18.2900,17.8400,17.9700,1498200
20130531,17.6300,18.2900,17.5000,17.9500,2982300
20130603,17.3000,18.4000,17.1000,17.5200,3201100
20130604,16.8100,17.9700,16.6500,17.3000,2809100
20130605,16.9000,17.0100,16.5000,16.8000,2529700
20130606,16.3000,16.8100,16.2800,16.8000,2062700
20130607,15.8900,16.4600,15.5900,16.3100,3097300
20130610,15.8900,15.8900,15.8900,15.8900,0
20130611,15.8900,15.8900,15.8900,15.8900,0
20130612,15.8900,15.8900,15.8900,15.8900,0
20130613,15.5300,15.7000,15.3000,15.7000,2042400
20130614,15.9600,16.0500,15.5900,15.5900,2124000
20130617,15.8000,16.1100,15.4500,15.9600,3246400
20130618,15.8300,15.9900,15.6000,15.9300,2124900
20130619,15.8600,15.9000,15.3800,15.8300,1268000
20130620,15.0200,15.7700,14.9400,15.7700,2059000
20130621,14.5400,14.8400,14.4200,14.8200,3040900
20130624,14.1100,14.6400,13.9000,14.5000,2260100
20130625,14.3600,14.5400,13.3800,13.9100,2958300
20130626,14.8100,14.9400,14.1000,14.3500,2638900
20130627,14.3100,14.9400,14.2500,14.8300,1855400
20130628,14.4500,14.7900,14.0200,14.1800,1096600
20130701,14.8100,14.8300,14.3700,14.4500,1458200
20130702,15.1600,15.3000,14.6700,14.8000,1596400
20130703,15.2400,15.3500,14.7000,15.1600,1690000
20130704,15.3000,15.4400,14.9500,15.0500,1605300
20130705,15.2500,15.4600,15.0800,15.2900,1484800
20130708,14.1800,15.1000,14.1600,15.1000,1991200
20130709,13.9500,14.3600,13.6200,14.1400,1739500
20130710,14.4100,14.4100,13.7200,13.9200,1939200
20130711,15.6600,15.8500,14.7000,15.0000,5354100
20130712,15.4400,15.9500,15.4000,15.5000,2890900
20130715,15.6900,15.9500,15.4200,15.4200,2153800
20130716,15.8400,15.9400,15.5400,15.5600,1689700
20130717,15.5300,15.8400,15.4800,15.8400,1363000
20130718,15.2700,15.4800,15.1100,15.4700,1222200
20130719,14.9700,15.4300,14.9300,15.2900,2381600
20130722,15.0100,15.2000,14.5500,14.6500,1952700
20130723,15.4000,15.5800,14.8100,14.8500,1648000
20130724,15.1900,15.4000,14.8600,15.4000,2451100
20130725,14.9800,15.3500,14.9700,15.0500,1072300
20130726,14.8400,15.0000,14.6000,14.6900,1245300
20130729,14.6200,15.1100,14.5800,14.7500,1631100
20130730,14.6800,14.8800,14.4100,14.4600,1203900
20130731,14.6400,14.9200,14.6100,14.8200,517700
20130801,15.5600,15.6400,14.7100,14.9000,2627300
20130802,15.8000,16.5400,15.7400,15.8000,3493100
20130805,16.0700,16.1600,15.5000,15.8900,1811200
20130806,16.1600,16.4000,15.9500,16.1000,2074600
20130807,15.7100,16.1500,15.6000,16.1400,1647000
20130808,15.7500,15.9600,15.6000,15.6900,1159900
20130809,16.1300,16.2100,15.7300,15.8500,1896000
20130812,16.6000,16.7500,16.1900,16.2000,3254000
20130813,16.6700,16.9400,16.5900,16.6000,2435200
20130814,16.5300,16.7400,16.4500,16.7400,1628400
20130815,16.4100,16.5700,16.3000,16.5100,1521400
20130816,16.0100,16.5900,15.8500,16.2700,1998000
20130819,16.3900,16.4900,15.8700,15.8800,1237100
20130820,16.5000,16.5500,16.2300,16.3000,2065800
20130821,16.9300,16.9800,16.3000,16.5000,2246700
20130822,16.7400,17.3400,16.6700,16.8800,2330100
20130823,17.5300,17.9400,17.0200,17.4000,7630600
20130826,18.1800,18.1900,17.5100,17.5200,6086800
20130827,18.0600,18.1500,17.9000,18.1500,2511400
20130828,17.7800,18.0500,17.6500,18.0500,1456600
20130829,17.6400,17.9600,17.4200,17.7900,2272200
20130830,17.8400,18.1800,17.5100,17.6500,2766500
20130902,18.0300,18.1800,17.8000,17.8500,1735900
20130903,18.5000,18.5500,17.7000,18.0200,2153200
20130904,18.1800,18.4800,18.1300,18.4800,1421800
20130905,19.0300,19.2700,18.0500,18.1200,2969900
20130906,19.4700,19.9500,18.8700,18.9800,3655900
20130909,18.7000,19.5000,18.5400,19.5000,5282300
20130910,18.4600,19.0000,18.1600,18.5200,3581100
20130911,18.0800,18.4700,17.7400,18.4500,2192400
20130912,18.1000,18.2200,17.9100,18.0800,891300
20130913,17.6800,18.4000,17.5100,18.1400,2037600
20130916,18.0600,18.1800,17.2700,17.6500,1828000
20130917,17.8500,18.0400,17.6900,17.8900,1432900
20130918,18.1200,18.1600,17.7100,17.8500,901200
20130920,18.1200,18.1200,18.1200,18.1200,0
20130923,18.7100,18.7400,18.0800,18.1800,1263700
20130924,18.7300,19.0500,18.5800,18.7100,1308700
20130925,18.1300,18.9000,17.8500,18.5800,1743300
20130926,17.8500,18.2700,17.8300,17.9300,1507500
20130927,18.1900,18.5000,17.5100,17.8500,1082000
20130930,18.3600,18.6500,17.9400,18.0600,1362200
20131001,18.3600,18.3600,18.3600,18.3600,0
20131002,18.3600,18.3600,18.3600,18.3600,0
20131003,18.3600,18.3600,18.3600,18.3600,0
20131004,18.3600,18.3600,18.3600,18.3600,0
20131007,18.3600,18.3600,18.3600,18.3600,0
20131008,18.1100,18.3800,17.5200,18.2100,1162700
20131009,18.6000,18.8000,18.2000,18.2000,1382500
20131010,19.1900,19.2500,18.6100,18.7800,3147000
20131011,19.2300,19.3800,18.9900,19.2000,1597500
20131014,19.2500,19.4000,18.9100,19.1500,2592700
20131015,18.6700,19.4500,18.5900,19.2600,1887800
20131016,17.9000,18.7800,17.8000,18.4800,1963600
20131017,17.8400,18.0900,17.6500,17.9900,1550300
20131018,17.9900,18.0000,17.6700,17.6700,846200
20131021,18.4500,18.5800,17.6800,18.0000,1515600
20131022,18.0100,18.4800,17.9400,18.4500,1598400
20131023,17.7500,18.2800,17.5500,18.0000,800900
20131024,17.8300,17.9900,17.4900,17.7300,784800
20131025,17.6500,17.9800,17.5500,17.9100,1034100
20131028,17.9300,17.9500,17.6000,17.8000,755700
20131029,17.9800,18.3200,17.4000,18.0000,1663500
20131030,18.4600,18.7700,17.6900,17.8500,2029700
20131031,18.6700,18.7000,18.2000,18.4800,1459200
20131101,18.0400,18.6600,17.7800,17.7800,1792300
20131104,18.0600,18.1800,17.9100,18.1100,1195300
20131105,17.5300,18.0500,17.2000,18.0500,1926000
20131106,17.0300,17.5000,16.9800,17.5000,1727800
20131107,17.0600,17.2400,16.8400,17.0300,1027200
20131108,16.7300,17.0700,16.5000,17.0000,1057500
20131111,16.9400,16.9500,16.5200,16.7200,581500
20131112,16.9300,17.0800,16.8500,17.0000,723900
20131113,16.1800,16.9300,15.9800,16.9300,2567600
20131114,16.3800,16.4000,16.1300,16.1300,921200
20131115,16.7600,16.8900,16.3500,16.4200,1174400
20131118,17.3600,17.3900,16.9100,17.1000,1708800
20131119,17.2900,17.4500,16.9700,17.2900,2299600
20131120,17.1400,17.3400,16.8700,17.3200,2046800
20131121,17.2800,17.3900,16.9700,17.1300,1664700
20131122,17.0500,17.3000,16.8800,17.3000,1358900
20131125,17.3600,17.6000,16.9100,17.1300,2550100
20131126,17.2400,17.4000,17.0500,17.4000,1271900
20131127,17.6400,17.6600,17.2500,17.2500,2033600
20131128,17.8700,18.0700,17.6000,17.6000,2342500
20131129,18.0100,18.1800,17.6000,17.8000,1968400
20131202,17.3200,17.9100,17.0700,17.4500,1975100
20131203,17.7900,17.8400,17.1000,17.1700,1199100
20131204,18.0800,18.3000,17.5800,17.5800,2246400
20131205,18.1700,18.3200,17.8100,18.1600,1889300
20131206,18.0500,18.2800,17.9200,18.1700,1289500
20131209,18.2700,18.4000,17.9000,18.1500,2043500
20131210,18.4400,18.6200,18.1000,18.3500,2226400
20131211,17.9600,18.4400,17.7000,18.2900,2412100
20131212,17.8200,18.0700,17.7000,17.8900,1629500
20131213,18.0800,18.1300,17.4300,17.7900,2920700
20131216,18.2200,18.2500,17.7600,17.9500,2239200
20131217,18.2800,18.5000,17.9700,18.2400,1631800
20131218,17.9900,18.3600,17.9500,18.2600,707400
20131219,18.7200,18.8800,18.0000,18.0700,3535000
20131220,18.3000,18.7100,18.2800,18.6900,2783400
20131223,18.2800,18.4700,17.5000,18.4000,2296100
20131224,18.3600,18.6500,18.0800,18.0800,1921300
20131225,19.0300,19.1600,18.3200,18.3600,3304100
20131226,18.5600,19.0300,18.4800,18.8800,1690400
20131227,19.0200,19.2700,18.4900,18.5200,3275300
20131230,19.2600,19.5200,18.8600,19.0100,3634100
20131231,19.2500,19.4800,18.8800,19.2500,2757900
20140101,19.2500,19.2500,19.2500,19.2500,0
20140102,19.5100,19.6000,18.9000,19.1800,2027600
20140103,19.2800,19.7500,19.2100,19.5400,1939300
20140106,18.3500,19.2000,18.2200,19.2000,1894800
20140107,18.4000,18.9800,18.3500,18.4000,3479000
20140108,18.6800,18.8400,18.3300,18.3300,2011000
20140109,18.0100,18.9300,17.9900,18.5900,1566200
20140110,17.7600,18.0100,17.4500,18.0100,2552400
20140113,18.0600,18.1600,17.7600,17.7600,1785400
20140114,18.3800,18.3900,17.8800,17.8800,854300
20140115,18.3400,18.5500,18.1000,18.3800,1064800
20140116,18.3000,18.5700,18.1800,18.3300,732300
20140117,17.9800,18.3400,17.9600,18.2200,1487900
20140120,17.6100,18.1500,17.4600,17.9800,2178000
20140121,17.7600,17.8400,17.5800,17.7200,1946900
20140122,18.4000,18.4400,17.7000,17.7900,1993600
20140123,18.1700,18.5400,18.1600,18.3700,1346300
20140124,18.8100,18.8500,18.1300,18.1900,1981100
20140127,18.6900,18.8000,18.5000,18.7400,1942900
20140128,18.4200,18.7300,18.1000,18.6800,1244400
20140129,18.6600,18.7500,18.3100,18.4200,1714300
20140130,18.3100,18.7300,18.3000,18.6000,1478500
20140131,18.3100,18.3100,18.3100,18.3100,0
20140203,18.3100,18.3100,18.3100,18.3100,0
20140205,18.3100,18.3100,18.3100,18.3100,0
20140206,18.3100,18.3100,18.3100,18.3100,0
20140207,18.7900,18.8300,18.0700,18.0700,1538000
20140210,19.5900,19.6500,18.7900,18.8000,3520500
20140211,19.3000,19.6900,19.0900,19.5900,2664200
20140212,20.7000,21.1700,19.2100,19.2900,5279200
20140213,20.4500,21.2400,20.2000,20.6600,3481100
20140214,20.9100,21.0900,20.3000,20.3900,2824500
20140217,21.1300,21.3800,20.8100,21.1000,4263500
20140218,21.1900,21.5800,20.9400,21.1700,3224700
20140219,20.5300,21.3500,20.4200,21.3100,4040900
20140220,20.5700,21.2500,20.1000,20.5500,4694000
20140221,20.6200,21.1000,20.1200,20.4600,3175900
20140224,18.5600,19.9800,18.5600,19.9800,8160100
20140225,18.6800,19.1500,18.3500,18.5800,6209700
