20130226,9.2300,9.5400,9.1700,9.2300,63218600
20130227,9.3000,9.4700,9.1900,9.2600,50727500
20130228,9.6600,9.6900,9.2700,9.4000,55206300
20130301,9.5400,9.7200,9.4000,9.6600,42078000
20130304,8.9400,9.4000,8.8500,9.4000,75919696
20130305,9.4900,9.5500,8.9100,8.9600,83189200
20130306,9.5200,9.7000,9.4400,9.5600,77977600
20130307,9.1800,9.5100,9.0900,9.5100,80674000
20130308,9.2200,9.3300,9.0700,9.2300,62191700
20130311,9.2300,9.2700,9.0100,9.1600,33650300
20130312,9.1300,9.3100,9.0300,9.1900,30596900
20130313,9.1300,9.1700,8.9500,9.1000,43669100
20130314,9.1600,9.2300,9.0400,9.0900,31289500
20130315,9.2600,9.5200,9.0900,9.2100,146806096
20130318,9.0600,9.2600,9.0000,9.1200,40566400
20130319,9.1600,9.1900,9.0300,9.1200,21357900
20130320,9.5500,9.5500,9.1500,9.1600,61258000
20130321,9.4900,9.6100,9.4600,9.5400,35090000
20130322,9.5700,9.6300,9.4500,9.4900,25488300
20130325,9.5600,9.7600,9.5500,9.6300,32214000
20130326,9.3100,9.5600,9.2800,9.5400,33010000
20130327,9.3600,9.5300,9.2900,9.3400,28713200
20130328,8.7600,9.0000,8.4300,9.0000,84988800
20130329,8.8200,8.8800,8.7400,8.8200,22265100
20130401,8.7000,8.8700,8.6900,8.7600,23336400
20130402,8.7300,8.8400,8.6600,8.7200,17960600
20130403,8.7800,8.8500,8.7300,8.7900,12519200
20130404,8.7800,8.7800,8.7800,8.7800,0
20130405,8.7800,8.7800,8.7800,8.7800,0
20130408,8.6400,8.6700,8.5300,8.6000,26940100
20130409,8.6300,8.7500,8.5900,8.6500,27496800
20130410,8.6000,8.6600,8.5600,8.6100,12906000
20130411,8.6000,8.7000,8.6000,8.6600,12487400
20130412,8.6400,8.6600,8.5600,8.6100,17161600
20130415,8.5800,8.7100,8.5200,8.6500,19477700
20130416,8.5800,8.6000,8.4500,8.5500,26483700
20130417,8.3900,8.6000,8.3800,8.5800,37851300
20130418,8.3800,8.4900,8.2700,8.3400,35201800
20130419,8.7700,8.8000,8.3800,8.4000,50905700
20130422,8.7500,8.8200,8.7000,8.7300,25237700
20130423,8.4500,8.8300,8.4100,8.8000,25473600
20130424,8.5900,8.7000,8.4300,8.4600,18404400
20130425,8.6100,8.7000,8.4500,8.4500,20991600
20130426,8.7900,8.8900,8.6600,8.6600,43843600
20130429,8.7900,8.7900,8.7900,8.7900,0
20130430,8.7900,8.7900,8.7900,8.7900,0
20130501,8.7900,8.7900,8.7900,8.7900,0
20130502,8.8300,8.8400,8.7000,8.7900,27475300
20130503,8.9900,9.1100,8.8300,8.8500,44574500
20130506,9.0500,9.1800,8.9600,9.0000,29388700
20130507,8.9100,9.0400,8.9000,8.9800,30368500
20130508,9.0100,9.0900,8.9500,8.9800,30844000
20130509,8.8900,9.0800,8.7900,8.9800,22694800
20130510,8.9700,9.0200,8.8300,8.8700,17706400
20130513,8.9100,9.0100,8.8800,9.0100,19243400
20130514,8.8000,8.9400,8.7500,8.8900,23380800
20130515,8.8300,8.8500,8.7800,8.8100,16363500
20130516,8.9900,8.9900,8.6300,8.8200,61383900
20130517,9.0500,9.0900,8.8300,8.9500,52944600
20130520,9.1700,9.2600,9.0300,9.0700,53053900
20130521,9.1300,9.1600,9.0600,9.1400,27539700
20130522,9.1500,9.1800,9.0900,9.1300,23097700
20130523,8.9500,9.1400,8.9100,9.1000,27255100
20130524,9.0300,9.0800,8.9600,9.0000,20237700
20130527,8.9900,9.1000,8.9800,9.0800,22130300
20130528,9.2000,9.2000,8.9400,9.0200,36847900
20130529,9.1600,9.2500,9.1400,9.2000,30683100
20130530,9.1100,9.1900,9.0800,9.1200,21387900
20130531,9.1000,9.1800,9.0800,9.1400,25180800
20130603,9.0700,9.1400,9.0400,9.1000,25109600
20130604,9.0000,9.0700,8.9400,9.0500,24980300
20130605,8.8700,9.0100,8.8400,8.9900,24110800
20130606,8.7600,8.9000,8.7600,8.8800,27156800
20130607,8.6600,8.8200,8.6000,8.7800,20380000
20130610,8.6600,8.6600,8.6600,8.6600,0
20130611,8.6600,8.6600,8.6600,8.6600,0
20130612,8.6600,8.6600,8.6600,8.6600,0
20130613,8.4600,8.5800,8.2900,8.5800,37376500
20130614,8.4400,8.5000,8.4000,8.5000,22199400
20130617,8.4200,8.5100,8.3900,8.5000,18772200
20130618,8.4800,8.5200,8.4100,8.4700,16716500
20130619,8.3900,8.4500,8.2700,8.4500,15553800
20130620,8.0800,8.4000,8.0500,8.3400,23079700
20130621,8.0500,8.1500,7.9700,8.0100,19509200
20130624,7.3900,8.0400,7.3500,8.0400,55383000
20130625,7.5300,7.5700,7.0500,7.3000,51730300
20130626,7.5000,7.8000,7.3700,7.7600,40193400
20130627,7.6700,7.7000,7.5000,7.5300,35430000
20130628,7.9700,8.0000,7.5900,7.6300,33819400
20130701,7.8900,7.9500,7.7700,7.9200,17413700
20130702,7.7800,7.9300,7.6900,7.8900,21256600
20130703,7.6000,7.7300,7.5400,7.7200,24512400
20130704,7.6400,7.7700,7.5200,7.5500,17662700
20130705,7.6400,7.7200,7.6200,7.6800,12719000
20130708,7.4200,7.5700,7.4000,7.5000,17036800
20130709,7.4700,7.5000,7.4400,7.4500,10698800
20130710,7.7100,7.7200,7.4500,7.4800,17815500
20130711,8.4700,8.4800,7.6900,7.7100,88375504
20130712,8.0800,8.4500,8.0000,8.3900,50911400
20130715,8.1300,8.3000,8.0500,8.1600,42160700
20130716,8.2100,8.2500,8.0000,8.1400,29675700
20130717,8.1400,8.2700,8.0500,8.1800,24831700
20130718,8.0300,8.2100,8.0000,8.1300,29833400
20130719,7.9100,8.1700,7.9100,8.0700,28933600
20130722,7.3900,7.4400,7.2200,7.4400,24792900
20130723,7.5300,7.6500,7.3400,7.4300,25730600
20130724,7.3700,7.4700,7.2900,7.4700,23051400
20130725,7.4000,7.4600,7.3200,7.4300,14883700
20130726,7.4000,7.4500,7.3600,7.4000,12775300
20130729,7.1800,7.2800,7.0900,7.2800,24434200
20130730,7.2700,7.4100,7.1800,7.2100,16989900
20130731,7.3400,7.4200,7.2500,7.3500,12822800
20130801,7.4500,7.5000,7.3300,7.3400,19633700
20130802,7.4600,7.5500,7.4000,7.5100,15014300
20130805,7.4900,7.5000,7.4000,7.4800,14030600
20130806,7.4600,7.5100,7.3700,7.4400,18666500
20130807,7.4300,7.5400,7.4100,7.4500,20965200
20130808,7.4000,7.4900,7.3800,7.4000,12735400
20130809,7.4400,7.4900,7.3400,7.4600,15007400
20130812,7.6500,7.6600,7.4400,7.4800,36328200
20130813,7.6900,7.7300,7.6100,7.6500,27719000
20130814,7.6600,7.8300,7.6200,7.7100,28153900
20130815,7.5700,7.7200,7.5500,7.6600,19370900
20130816,7.5700,8.3300,7.4300,7.5300,70703904
20130819,7.7100,7.7600,7.4700,7.4900,28623900
20130820,7.8200,7.9100,7.6500,7.6700,50387500
20130821,7.7300,7.8700,7.6800,7.8700,21193000
20130822,7.6900,7.8400,7.6700,7.7000,19033300
20130823,7.5800,7.7600,7.4500,7.7400,26192100
20130826,7.7200,7.7500,7.5600,7.5800,23564600
20130827,7.7200,7.7700,7.6500,7.7100,21272300
20130828,7.6800,7.7700,7.5800,7.6800,22177800
20130829,7.7800,7.8600,7.7400,7.7900,34078300
20130830,7.9200,7.9900,7.7400,7.7700,42235000
20130902,7.8900,8.0100,7.8000,7.9800,33274900
20130903,8.0600,8.0800,7.9000,7.9400,34447900
20130904,8.0300,8.0900,8.0100,8.0300,20173300
20130905,7.9900,8.0500,7.9800,8.0200,14720700
20130906,8.0700,8.1800,7.9400,7.9500,23000500
20130909,8.6400,8.8000,8.1300,8.1400,91950304
20130910,8.6300,8.6900,8.4900,8.6400,52212800
20130911,8.6300,8.8700,8.6100,8.7200,43592100
20130912,8.9000,9.0900,8.5500,8.6100,81120200
20130913,8.8100,9.0500,8.7600,8.8300,41773100
20130916,8.7100,8.9600,8.6500,8.9000,33845100
20130917,8.5100,8.7800,8.4700,8.7600,30842100
20130918,8.5800,8.6000,8.4000,8.5100,26284000
20130920,8.5800,8.5800,8.5800,8.5800,0
20130923,8.5200,8.6700,8.4000,8.6400,40283800
20130924,8.2900,8.4900,8.2300,8.4900,33128400
20130925,8.2600,8.3600,8.2200,8.2800,20979900
20130926,8.1100,8.2700,8.0400,8.2600,26123300
20130927,8.1500,8.1900,8.0600,8.1100,17631400
20130930,8.0700,8.2400,8.0300,8.2200,24306200
20131001,8.0700,8.0700,8.0700,8.0700,0
20131002,8.0700,8.0700,8.0700,8.0700,0
20131003,8.0700,8.0700,8.0700,8.0700,0
20131004,8.0700,8.0700,8.0700,8.0700,0
20131007,8.0700,8.0700,8.0700,8.0700,0
20131008,8.1600,8.2100,7.9700,8.0600,20409800
20131009,8.1800,8.2900,8.1000,8.1000,21343900
20131010,8.1400,8.2300,8.0800,8.1900,19647900
20131011,8.2700,8.3100,8.1700,8.1800,31144600
20131014,8.1700,8.2600,8.1300,8.2500,23250400
20131015,8.0400,8.1900,8.0200,8.1800,26346300
20131016,8.0200,8.0600,7.9600,8.0300,20609300
20131017,8.0000,8.0800,7.9600,8.0600,14462900
20131018,8.0200,8.1100,7.9900,8.0200,16332600
20131021,8.0800,8.0800,7.8900,8.0200,32911700
20131022,7.9700,8.0500,7.9500,8.0300,18027200
20131023,8.0500,8.2500,7.9800,8.0200,38666500
20131024,8.0300,8.1400,7.9700,8.0300,25018500
20131025,8.0800,8.1800,8.0200,8.0300,35459300
20131028,8.0900,8.1200,8.0100,8.1000,20254000
20131029,8.3200,8.4400,8.1200,8.1200,63960800
20131030,8.3600,8.4000,8.2200,8.3000,31166700
20131031,8.0100,8.1800,7.9400,8.1800,86181696
20131101,8.0400,8.0600,7.9700,8.0100,28591700
20131104,7.9600,8.0800,7.9200,8.0700,31874200
20131105,7.8700,7.9500,7.7800,7.9500,40141300
20131106,7.8000,7.8500,7.7800,7.8200,22237000
20131107,7.8400,7.8400,7.7700,7.8000,15355200
20131108,7.7900,7.8600,7.7600,7.8200,16731300
20131111,7.7200,7.7900,7.7100,7.7700,19182400
20131112,7.7600,7.8100,7.7100,7.7400,27776600
20131113,7.5900,7.7400,7.5700,7.7200,28199300
20131114,7.5700,7.6100,7.5100,7.6100,16250100
20131115,7.6600,7.7700,7.5700,7.5800,29805600
20131118,7.9500,7.9900,7.6700,7.7000,53418800
20131119,7.8400,7.9300,7.8200,7.8800,37821700
20131120,7.8800,7.9400,7.8400,7.9000,21807300
20131121,7.8200,7.8800,7.7400,7.8800,21343200
20131122,7.7800,7.8500,7.7500,7.8300,15447700
20131125,7.7400,7.8400,7.7200,7.7500,18812400
20131126,7.7500,7.7900,7.7300,7.7500,10212200
20131127,7.8000,7.8400,7.7300,7.7500,20672500
20131128,7.8600,7.9200,7.7800,7.8100,26267900
20131129,7.8700,7.9200,7.8400,7.8900,17750600
20131202,7.9600,8.0400,7.8500,7.8500,57065200
20131203,7.9500,8.0100,7.9100,7.9500,35267300
20131204,8.0200,8.0600,7.9200,7.9200,49702800
20131205,7.9900,8.0400,7.9800,8.0200,23222000
20131206,7.9600,8.0000,7.9300,7.9800,19135200
20131209,7.9100,7.9900,7.9000,7.9700,15011200
20131210,7.9400,7.9800,7.9100,7.9300,19135300
20131211,7.8100,7.9300,7.7900,7.9000,19998700
20131212,7.7800,7.8300,7.7700,7.7900,10797600
20131213,7.7300,7.7800,7.6600,7.7200,26546900
20131216,7.6700,7.7800,7.6700,7.7200,19667000
20131217,7.6100,7.7100,7.6000,7.6700,17928500
20131218,7.6200,7.6800,7.5900,7.6200,15993200
20131219,7.5300,7.6700,7.5100,7.6400,23383700
20131220,7.2600,7.5500,7.1300,7.5400,29961300
20131223,7.3500,7.4100,7.2800,7.3200,16894000
20131224,7.3600,7.4200,7.2900,7.4200,13173300
20131225,7.3600,7.3800,7.2900,7.3500,9973000
20131226,7.2700,7.3600,7.2300,7.3600,17789800
20131227,7.4200,7.4800,7.2700,7.2900,23439700
20131230,7.4000,7.4900,7.3800,7.4500,20405300
20131231,7.5100,7.5600,7.3600,7.4000,31726700
20140101,7.5100,7.5100,7.5100,7.5100,0
20140102,7.4200,7.4700,7.3900,7.4600,21246700
20140103,7.3000,7.4000,7.2500,7.3900,30269500
20140106,7.2100,7.3000,7.1900,7.3000,24889100
20140107,7.2000,7.2300,7.1500,7.1500,14666200
20140108,7.2100,7.2500,7.1500,7.2000,19297200
20140109,7.2000,7.2700,7.1600,7.2100,22108100
20140110,7.1700,7.2200,7.1300,7.1800,25694000
20140113,7.1800,7.2200,7.1400,7.1800,20620100
20140114,7.1800,7.2000,7.1300,7.1700,20618700
20140115,7.0700,7.1900,7.0500,7.1800,30185400
20140116,7.0400,7.0800,7.0100,7.0800,30306200
20140117,6.9500,7.0400,6.9500,7.0300,27280300
20140120,6.9500,7.0000,6.9200,6.9300,12781800
20140121,7.0100,7.0900,6.9500,6.9500,15991000
20140122,7.1400,7.1500,7.0200,7.0300,24831900
20140123,7.0700,7.1400,7.0600,7.1400,14706900
20140124,7.0900,7.1500,7.0300,7.0500,17144800
20140127,7.0500,7.0900,7.0400,7.0700,20866300
20140128,7.1400,7.1500,7.0700,7.0800,20250000
20140129,7.2000,7.2200,7.1300,7.1400,16724200
20140130,7.1300,7.1900,7.1200,7.1800,11427200
20140131,7.1300,7.1300,7.1300,7.1300,0
20140203,7.1300,7.1300,7.1300,7.1300,0
20140205,7.1300,7.1300,7.1300,7.1300,0
20140206,7.1300,7.1300,7.1300,7.1300,0
20140207,7.1100,7.1200,7.0400,7.0800,14042400
20140210,7.2000,7.2200,7.1100,7.1500,26924800
20140211,7.3200,7.4100,7.1600,7.1800,47789400
20140212,7.3400,7.4100,7.2600,7.2900,30436300
20140213,7.4300,7.5400,7.2800,7.3000,57211500
20140214,7.4000,7.4400,7.3500,7.3900,23301100
20140217,7.3800,7.4700,7.3500,7.4300,27573300
20140218,7.2300,7.3800,7.2100,7.3700,25162400
20140219,7.9500,7.9500,7.2300,7.2300,116558200
20140220,8.1700,8.5700,8.0300,8.3100,290820896
20140221,7.8500,8.1600,7.7600,8.0800,124983600
20140224,7.5200,7.7100,7.4000,7.7100,100494704
20140225,7.4600,7.7700,7.3800,7.5600,96304096
