20130226,13.7900,13.9400,13.7000,13.9100,3255600
20130227,13.7300,14.0100,13.5600,13.5600,2477600
20130228,13.9200,13.9300,13.6000,13.7600,3333000
20130301,14.3400,14.4800,13.7000,13.8500,5305200
20130304,14.4000,15.1700,14.0700,14.1500,7156300
20130305,14.9000,15.0900,14.1000,14.4000,6318800
20130306,14.6300,14.9900,14.5100,14.8800,4021400
20130307,14.3000,14.5900,14.1600,14.5900,3448400
20130308,14.2400,14.4000,14.1600,14.3000,1630900
20130311,14.2200,14.4600,14.1600,14.2500,1792000
20130312,13.5700,14.3400,13.4100,14.2500,3979700
20130313,13.4900,13.6900,13.3400,13.6800,1650200
20130314,13.4500,13.7000,13.3700,13.4900,917100
20130315,13.5300,13.7700,13.3300,13.4500,1466100
20130318,13.7200,13.8300,13.4000,13.5500,1666600
20130319,13.6600,13.8400,13.5100,13.6000,1256400
20130320,14.0100,14.1100,13.6300,13.6800,3865500
20130321,14.3700,14.7000,13.8800,14.0400,5883000
20130322,14.1600,14.3800,14.0800,14.2600,2515000
20130325,14.1900,14.4900,14.1000,14.1500,2436500
20130326,13.7000,14.1800,13.6000,14.1800,2309400
20130327,13.7000,13.8400,13.6500,13.6900,1393300
20130328,13.2900,13.6100,13.2800,13.6100,1773100
20130329,12.9500,13.3500,12.9200,13.2000,1670200
20130401,13.1500,13.2500,12.9100,13.0000,1147100
20130402,12.9000,13.2200,12.8300,13.1400,1245800
20130403,12.7600,13.0100,12.7200,12.9200,975300
20130404,12.7600,12.7600,12.7600,12.7600,0
20130405,12.7600,12.7600,12.7600,12.7600,0
20130408,12.8400,12.8400,12.4300,12.6000,1427100
20130409,12.9500,13.0000,12.7800,12.7900,942100
20130410,12.7500,12.9700,12.6500,12.9700,738700
20130411,12.7900,12.9600,12.7300,12.7800,801100
20130412,12.9200,12.9700,12.7500,12.8300,973400
20130415,12.6900,12.9100,12.6000,12.9100,517300
20130416,12.8900,12.9000,12.5100,12.5100,642200
20130417,13.0600,13.0800,12.8400,12.8900,846700
20130418,13.1500,13.2300,12.9300,12.9500,1187300
20130419,13.2800,13.3500,13.0500,13.1600,2054000
20130422,13.1300,13.2600,13.0800,13.2200,1196900
20130423,12.7100,13.2000,12.7100,13.1600,1067200
20130424,12.8700,12.9800,12.6500,12.7300,851700
20130425,12.5800,12.8100,12.5600,12.8100,1047900
20130426,12.5500,12.6300,12.5100,12.5800,590100
20130429,12.5500,12.5500,12.5500,12.5500,0
20130430,12.5500,12.5500,12.5500,12.5500,0
20130501,12.5500,12.5500,12.5500,12.5500,0
20130502,12.6500,12.6700,12.5000,12.5200,377000
20130503,12.8600,12.9900,12.5900,12.5900,903700
20130506,13.0700,13.1300,12.9000,12.9000,1309200
20130507,13.1700,13.2900,13.0200,13.1400,1235900
20130508,13.0800,13.2100,12.9900,13.1900,1164300
20130509,13.2500,13.3000,13.0900,13.0900,1662200
20130510,13.5300,13.6500,13.1500,13.2000,2268100
20130513,13.5000,13.5700,13.3500,13.5300,1051100
20130514,13.1400,13.5700,13.1100,13.5000,1189400
20130515,13.2100,13.2500,13.1000,13.1500,1090300
20130516,13.2200,13.3300,13.1100,13.2000,1732400
20130517,13.5000,13.5200,13.1200,13.2000,1888100
20130520,13.7300,13.7900,13.5000,13.5800,2318100
20130521,13.9800,14.1000,13.6300,13.7100,3261400
20130522,13.7000,13.9400,13.6500,13.9400,2171200
20130523,13.7400,13.8500,13.6000,13.6100,1449600
20130524,14.1800,14.2400,13.6800,13.7400,3085700
20130527,14.0200,14.5000,13.9200,14.0500,3750200
20130528,14.1600,14.2000,13.7300,13.9600,3029300
20130529,14.0700,14.3000,14.0100,14.1200,1433900
20130530,13.9000,14.1000,13.8300,14.1000,1427600
20130531,13.7600,14.0600,13.7600,13.9000,1459200
20130603,13.8500,14.0500,13.7600,13.8300,1390400
20130604,14.4100,14.9500,14.1000,14.1000,7600200
20130605,14.3100,14.6700,14.0600,14.2000,4338100
20130606,13.8200,14.2000,13.6400,14.1800,4025700
20130607,13.5400,14.0000,13.4200,13.7000,2406500
20130610,13.5400,13.5400,13.5400,13.5400,0
20130611,13.5400,13.5400,13.5400,13.5400,0
20130612,13.5400,13.5400,13.5400,13.5400,0
20130613,13.3600,13.6000,13.1100,13.2500,1465600
20130614,13.5600,13.6400,13.2300,13.5000,1398700
20130617,13.7600,13.8000,13.4400,13.5500,1397200
20130618,14.1200,14.3600,13.4800,13.7600,2726100
20130619,13.9600,14.0500,13.7100,13.9400,1524400
20130620,13.7800,14.2300,13.7000,13.9700,4661100
20130621,13.7400,14.0000,13.0800,13.4000,2223400
20130624,13.0100,13.6600,12.7300,13.6200,2142600
20130625,12.8800,13.1500,12.1800,12.9500,1878100
20130626,13.3300,13.4000,12.6100,12.8000,3888400
20130627,13.6400,14.2000,13.2500,13.2500,5035200
20130628,13.7100,13.9300,13.5300,13.5900,6176500
20130701,13.9200,13.9900,13.6500,13.8000,6535700
20130702,14.1500,14.1600,13.7100,13.9500,6216700
20130703,13.8800,14.1100,13.4000,13.9400,4545900
20130704,13.8500,14.0400,13.5000,13.7800,3823000
20130705,13.6200,14.0900,13.6000,13.9000,3419900
20130708,12.2900,13.3300,12.2600,13.3300,4499300
20130709,12.2700,12.4800,12.1900,12.3700,1490600
20130710,12.6000,12.6100,12.2600,12.2800,1863900
20130711,12.8700,13.0300,12.5000,12.5000,2689400
20130712,12.6700,13.0600,12.6600,12.8500,1968100
20130715,12.9700,13.0200,12.6700,12.6700,1520500
20130716,13.3500,13.4800,13.2100,13.2300,2954200
20130717,13.0500,13.3400,13.0200,13.2400,1903100
20130718,13.0800,13.1900,12.9500,13.0000,1501000
20130719,12.5900,13.1200,12.5300,13.0600,1634600
20130722,12.8200,12.8400,12.3500,12.4000,1104300
20130723,13.1000,13.1600,12.8500,12.8600,1841200
20130724,13.6500,13.7400,12.8800,13.0700,3745300
20130725,13.1900,13.6400,13.1500,13.5800,2573700
20130726,13.2200,13.3900,13.0000,13.1800,1482100
20130729,13.0600,13.2000,12.8800,13.1200,1342400
20130730,13.0700,13.1000,12.6000,13.0300,1363000
20130731,13.0800,13.3000,13.0100,13.0700,1748000
20130801,13.4900,13.5400,13.1400,13.1800,3172600
20130802,13.3600,13.5600,13.3200,13.5000,1902600
20130805,13.6400,13.6500,13.3000,13.3000,2291000
20130806,13.6500,13.7000,13.5300,13.5600,2044200
20130807,13.6800,13.9000,13.3500,13.7000,2882600
20130808,13.5500,13.6900,13.4000,13.6000,2051900
20130809,13.3900,13.5800,13.1800,13.5800,2133100
20130812,13.6700,13.7500,13.5000,13.5000,2373400
20130813,13.7500,13.8300,13.5900,13.6700,1870800
20130814,13.4800,13.8000,13.4200,13.8000,1967600
20130815,13.2000,13.5700,13.1700,13.4000,2089500
20130816,13.0400,13.3800,13.0200,13.1500,1432400
20130819,13.1900,13.2000,12.8800,12.9500,1004500
20130820,13.0900,13.2100,13.0100,13.1500,1032100
20130821,13.1600,13.2400,13.0500,13.0900,827800
20130822,13.0900,13.2100,13.0700,13.1000,801200
20130823,12.8700,13.1800,12.7900,13.1000,1319900
20130826,13.1400,13.1600,12.8700,12.8700,1110500
20130827,13.1800,13.2100,13.0800,13.1400,1051000
20130828,13.2400,13.2700,13.0600,13.1300,1654200
20130829,13.1700,13.4000,13.1600,13.2400,1336600
20130830,13.0400,13.2100,13.0100,13.1500,1593100
20130902,13.0800,13.1400,12.8100,13.0300,1034300
20130903,13.6200,13.6600,13.1600,13.1600,6015900
20130904,13.5600,13.6000,13.4100,13.6000,2741000
20130905,13.4900,13.6200,13.3900,13.5100,1553000
20130906,13.6700,13.8600,13.4200,13.4200,2839100
20130909,13.6900,13.7700,13.5200,13.6700,2497900
20130910,13.7500,13.8500,13.5200,13.6800,2440900
20130911,13.6300,13.7800,13.5200,13.7500,2671400
20130912,13.6800,13.7500,13.5400,13.5400,1777300
20130913,13.6900,13.8600,13.6100,13.6100,2045700
20130916,13.5100,13.7500,13.5000,13.7200,1487500
20130917,13.5000,13.7600,13.4000,13.5500,1637100
20130918,13.3000,13.5100,13.1800,13.4500,1807000
20130920,13.3000,13.3000,13.3000,13.3000,0
20130923,13.4600,13.4900,13.2900,13.3100,1281400
20130924,13.4500,13.5000,13.2400,13.4500,1633500
20130925,13.4600,13.5100,13.4000,13.4600,1317800
20130926,13.1800,13.5100,13.1600,13.4600,1395800
20130927,13.0900,13.2600,13.0100,13.1600,1062500
20130930,13.2900,13.3200,13.1000,13.1000,869100
20131001,13.2900,13.2900,13.2900,13.2900,0
20131002,13.2900,13.2900,13.2900,13.2900,0
20131003,13.2900,13.2900,13.2900,13.2900,0
20131004,13.2900,13.2900,13.2900,13.2900,0
20131007,13.2900,13.2900,13.2900,13.2900,0
20131008,13.4400,13.5000,13.1800,13.2200,1022700
20131009,13.5600,13.6200,13.3300,13.3300,1749800
20131010,13.4100,13.5800,13.3700,13.5700,1221200
20131011,13.7100,13.7400,13.4300,13.4300,2723400
20131014,13.7400,13.8500,13.6300,13.6800,2819200
20131015,13.8000,13.8600,13.5600,13.7500,2202500
20131016,13.4800,13.7400,13.3900,13.7200,1645200
20131017,14.1400,14.5800,13.6200,13.6200,8951200
20131018,14.0100,14.2300,13.8500,14.0100,3705200
20131021,15.4100,15.4100,14.0000,14.0800,10019600
20131022,15.9400,16.7900,15.5000,15.8600,16099000
20131023,16.1000,16.1600,15.1000,15.7000,8658200
20131024,15.2700,15.8300,15.2200,15.8300,5515200
20131025,15.2800,15.6900,15.0000,15.1600,4630600
20131028,15.7800,15.8000,14.8800,15.3500,5048500
20131029,14.9400,15.7600,14.5000,15.5500,5458100
20131030,15.1600,15.2200,14.7600,14.9700,3188000
20131031,14.6500,15.1600,14.6300,15.1600,3202800
20131101,14.4800,14.6100,14.2000,14.6000,2506400
20131104,14.7800,14.9100,14.4200,14.4200,2569500
20131105,15.1900,15.2100,14.4300,14.6000,3239200
20131106,14.8000,15.4600,14.7200,15.0900,3671400
20131107,15.3100,15.3700,14.6200,14.8000,3838500
20131108,14.7900,15.4300,14.6900,15.2100,3030300
20131111,15.6800,15.9500,14.8800,14.8800,5165800
20131112,15.8600,15.9600,15.3000,15.5500,4480800
20131113,15.1900,15.6800,15.1500,15.6700,3471400
20131114,15.1600,15.2700,14.6200,15.1600,3599300
20131115,16.0600,16.6800,15.0200,15.2200,8328900
20131118,16.2000,16.3200,15.9400,16.1800,5138200
20131119,15.9500,16.4900,15.7700,16.0200,4482200
20131120,16.0600,16.0800,15.7300,15.8500,3512900
20131121,15.7300,16.0300,15.6000,16.0300,2682800
20131122,15.6000,15.9400,15.5100,15.7000,2100300
20131125,15.5800,15.8500,15.4200,15.6500,1596600
20131126,15.7800,15.8300,15.5900,15.5900,1634700
20131127,15.7800,15.8500,15.4500,15.8500,2351400
20131128,15.7700,16.0200,15.6800,15.8000,2526000
20131129,16.0400,16.1400,15.7600,15.7600,3230200
20131202,14.7100,15.9500,14.6500,15.6000,4887300
20131203,15.0500,15.1700,14.6100,14.6200,2271800
20131204,15.1500,15.3600,14.9300,15.0100,2413500
20131205,15.1500,15.4200,15.0400,15.0400,1646500
20131206,15.1200,15.3000,15.0200,15.1000,1167300
20131209,15.4000,15.4500,15.1500,15.1500,1454200
20131210,15.4400,15.5000,15.2600,15.5000,1373200
20131211,15.0300,15.3700,14.8800,15.3700,1532500
20131212,14.9500,15.1400,14.9000,15.0200,886600
20131213,15.1000,15.1600,14.8600,14.8700,814000
20131216,14.7700,15.1000,14.7500,15.1000,1143100
20131217,14.6700,14.8300,14.6300,14.7100,896500
20131218,14.6900,14.7800,14.6200,14.6200,660300
20131219,14.6200,14.8900,14.5900,14.7000,620900
20131220,14.2900,14.6900,14.2300,14.6200,1075400
20131223,14.1300,14.3900,14.1000,14.3800,1068100
20131224,14.2800,14.4000,14.1100,14.2000,798600
20131225,14.6300,14.6500,14.3000,14.3000,1249300
20131226,14.2000,14.6300,14.1800,14.6300,1029500
20131227,14.4400,14.5600,14.2100,14.2100,893500
20131230,14.5100,14.6700,14.4800,14.5100,905500
20131231,14.3600,14.5100,14.2800,14.4900,1005000
20140101,14.3600,14.3600,14.3600,14.3600,0
20140102,14.5900,14.6000,14.3300,14.3300,891700
20140103,14.9800,15.0300,14.4200,14.5900,2998100
20140106,14.6700,15.0900,14.6000,15.0700,1887400
20140107,14.4000,14.7800,14.3300,14.6600,1421900
20140108,14.2300,14.5800,14.2000,14.3600,1290000
20140109,14.2000,14.4200,14.1600,14.2000,934300
20140110,13.5400,14.2000,13.4800,14.1200,1788900
20140113,13.4700,13.6900,13.3400,13.5600,708900
20140114,13.7800,13.8700,13.4300,13.4700,942800
20140115,13.7800,13.9600,13.6800,13.8600,720800
20140116,13.7500,13.9100,13.7300,13.7800,556200
20140117,13.4700,13.7000,13.4100,13.6600,646500
20140120,13.5300,13.7300,13.4500,13.4700,566800
20140121,13.8200,13.8600,13.5000,13.5300,848800
20140122,14.0300,14.0500,13.7300,13.7300,1387300
20140123,14.0100,14.1500,13.9000,14.0500,1214700
20140124,14.2100,14.2500,13.9100,14.0000,1195700
20140127,14.0500,14.2300,14.0100,14.1100,958200
20140128,14.0900,14.1700,13.9100,14.0500,616200
20140129,14.2200,14.3200,14.0500,14.0900,879800
20140130,13.9400,14.1500,13.8800,14.1500,702800
20140131,13.9400,13.9400,13.9400,13.9400,0
20140203,13.9400,13.9400,13.9400,13.9400,0
20140205,13.9400,13.9400,13.9400,13.9400,0
20140206,13.9400,13.9400,13.9400,13.9400,0
20140207,14.3600,14.3800,13.8400,13.9100,1211400
20140210,14.6400,14.7500,14.3000,14.3300,2136600
20140211,14.9400,15.4000,14.5300,14.6700,3124600
20140212,15.2200,15.4800,15.1000,15.1000,3602300
20140213,14.8200,15.2000,14.8000,15.2000,2056400
20140214,15.0400,15.1600,14.8800,14.8900,2194700
20140217,15.1800,15.3400,15.0400,15.0800,1898200
20140218,15.2200,15.2800,14.9000,15.1700,1971400
20140219,15.8200,16.6000,15.3500,15.4000,6238100
20140220,15.4700,15.9500,15.4200,15.6600,3001600
20140221,15.2100,15.6300,15.1500,15.4700,1903400
20140224,15.2600,15.2700,14.9000,15.2500,1632800
20140225,14.7200,15.6500,14.4800,15.3800,2719000
