20130226,7.5900,7.8100,7.5600,7.7100,15089700
20130227,7.7200,7.7400,7.6300,7.6800,10706200
20130228,7.9300,8.1000,7.6800,7.7400,26814600
20130301,7.8600,8.0500,7.7200,7.9800,16615200
20130304,7.4700,7.8600,7.3800,7.7700,23762800
20130305,7.5400,7.5600,7.4300,7.4600,17071400
20130306,7.5600,7.5900,7.4700,7.5700,18884700
20130307,7.5800,7.7100,7.4200,7.4900,22658100
20130308,7.5100,7.6100,7.4900,7.5700,12053400
20130311,7.5000,7.5800,7.4500,7.5500,10141400
20130312,7.7100,7.7700,7.2900,7.5100,27885100
20130313,8.0900,8.4800,7.6200,7.6700,83317296
20130314,7.9400,8.1000,7.8500,8.0500,34614300
20130315,7.7000,7.9600,7.6600,7.9500,30766500
20130318,7.4000,7.7400,7.3600,7.7000,23080600
20130319,7.4700,7.5300,7.3900,7.4600,15587400
20130320,7.6100,7.6400,7.4500,7.4700,20968100
20130321,7.6400,7.7300,7.5500,7.6000,16771900
20130322,7.6000,7.6800,7.5600,7.6200,13055500
20130325,7.6700,7.7300,7.5900,7.6400,13706800
20130326,7.4700,7.6500,7.4500,7.6300,15520300
20130327,7.4900,7.5700,7.4200,7.4600,11058200
20130328,7.1900,7.4100,7.1800,7.4000,16024500
20130329,7.1800,7.2900,7.1600,7.2100,8283900
20130401,7.1600,7.2200,7.1100,7.1300,8651100
20130402,7.1800,7.2500,7.1200,7.1800,7620400
20130403,7.1700,7.2500,7.1500,7.2400,7664700
20130404,7.1700,7.1700,7.1700,7.1700,0
20130405,7.1700,7.1700,7.1700,7.1700,0
20130408,7.0800,7.1400,6.9600,7.1000,11191400
20130409,7.1500,7.2300,7.1200,7.1200,8108100
20130410,7.2300,7.3400,7.1300,7.1900,10894200
20130411,7.1200,7.2600,7.1100,7.2500,9007500
20130412,7.0200,7.1400,6.9900,7.1400,7212600
20130415,6.8800,7.0000,6.8500,6.9600,9665800
20130416,6.9300,6.9500,6.7500,6.8000,10428300
20130417,6.8900,6.9600,6.8500,6.9400,5945900
20130418,6.8700,7.0000,6.7500,6.7900,6887100
20130419,7.0600,7.0900,6.8700,6.9000,12202200
20130422,7.0000,7.0600,6.9800,7.0400,10756000
20130423,6.8000,7.0300,6.7800,7.0000,10665600
20130424,6.9200,6.9400,6.8000,6.8100,8134100
20130425,6.9400,7.0400,6.8700,6.9500,13011300
20130426,6.8800,7.0700,6.8400,7.0000,8094500
20130429,6.8800,6.8800,6.8800,6.8800,0
20130430,6.8800,6.8800,6.8800,6.8800,0
20130501,6.8800,6.8800,6.8800,6.8800,0
20130502,6.8600,6.8900,6.7500,6.8100,10465100
20130503,7.0600,7.1000,6.8500,6.8600,15338600
20130506,7.1700,7.3600,7.1000,7.2200,18149700
20130507,7.1600,7.2800,7.0800,7.1400,11957600
20130508,7.1400,7.2700,7.0900,7.1800,9657400
20130509,7.0900,7.1900,7.0400,7.1900,10461100
20130510,7.1100,7.1500,7.0200,7.0300,8199900
20130513,7.0500,7.1200,6.9900,7.1200,8725400
20130514,6.9100,7.0300,6.8500,7.0100,9882500
20130515,6.9300,6.9500,6.8800,6.9200,5954900
20130516,6.9700,6.9700,6.7500,6.8800,9619200
20130517,7.1000,7.1300,6.9300,6.9300,13165300
20130520,7.1200,7.1700,7.0700,7.1000,12675400
20130521,7.1500,7.1900,7.1000,7.1200,14225400
20130522,7.1900,7.2400,7.1100,7.1500,17090400
20130523,7.0400,7.1600,7.0200,7.1100,14471100
20130524,7.0600,7.1200,7.0100,7.0600,9912400
20130527,7.0300,7.1000,7.0100,7.0600,11121500
20130528,7.1700,7.1800,6.9900,7.0500,18622400
20130529,7.1900,7.2600,7.1500,7.2200,17165200
20130530,7.1200,7.2000,7.0900,7.1700,10308700
20130531,7.1500,7.3200,7.1400,7.1500,18303200
20130603,7.1100,7.1900,7.0800,7.1000,10349400
20130604,7.0000,7.1500,6.9600,7.1500,11415200
20130605,7.0500,7.0700,6.9900,7.0000,6513100
20130606,6.9200,7.0400,6.9000,7.0400,8147100
20130607,6.8000,6.9900,6.7600,6.9300,10978200
20130610,6.8000,6.8000,6.8000,6.8000,0
20130611,6.8000,6.8000,6.8000,6.8000,0
20130612,6.8000,6.8000,6.8000,6.8000,0
20130613,6.5500,6.7100,6.5200,6.7100,13336900
20130614,6.5700,6.6100,6.5200,6.6000,9624900
20130617,6.4800,6.6100,6.4800,6.5700,9339300
20130618,6.5300,6.5500,6.4600,6.4900,8210500
20130619,6.5200,6.5200,6.3300,6.5000,9974200
20130620,6.3100,6.4800,6.3000,6.4700,8344100
20130621,6.1800,6.2700,6.1300,6.2500,11783100
20130624,5.7000,6.1600,5.6700,6.1600,15614300
20130625,5.5500,5.6900,5.1700,5.6600,18186300
20130626,5.4400,5.6100,5.3500,5.5600,16098700
20130627,5.3800,5.5600,5.3500,5.4400,13056900
20130628,5.4100,5.5100,5.3000,5.3800,11467500
20130701,5.4900,5.5000,5.3700,5.4200,8049200
20130702,5.5100,5.5600,5.4400,5.5500,6901200
20130703,5.4100,5.5100,5.3400,5.5100,6941300
20130704,5.5400,5.6400,5.3100,5.3900,13604500
20130705,5.6400,5.8100,5.5000,5.5300,17985800
20130708,5.3500,5.5400,5.3500,5.5300,12714400
20130709,5.4200,5.4800,5.3300,5.3300,7433500
20130710,5.6600,5.7200,5.3800,5.4100,14725700
20130711,5.8800,5.9600,5.6500,5.6700,25138800
20130712,5.7100,5.8800,5.7000,5.8600,15745700
20130715,5.7100,5.8400,5.6600,5.7200,11951100
20130716,5.7700,5.7700,5.6000,5.7000,13099400
20130717,5.7400,5.9000,5.7100,5.7400,15362600
20130718,5.7400,5.8800,5.6300,5.7000,11917500
20130719,5.5600,5.8400,5.5300,5.7500,11386700
20130722,5.6100,5.6300,5.5300,5.5600,7137100
20130723,5.7700,5.8300,5.6100,5.6100,11412200
20130724,5.6700,5.7900,5.6100,5.7300,10796000
20130725,5.6500,5.7700,5.6100,5.7300,9311700
20130726,5.6400,5.6900,5.6000,5.6000,7153600
20130729,5.4500,5.5900,5.4400,5.5900,9312800
20130730,5.5400,5.6100,5.4500,5.4600,7007700
20130731,5.5100,5.6500,5.4900,5.5500,6666000
20130801,5.6300,5.6500,5.5200,5.5600,9036700
20130802,5.6400,5.7300,5.6300,5.6700,8875200
20130805,5.7200,5.7400,5.6100,5.6400,8125700
20130806,5.7700,5.8000,5.6400,5.7300,13098900
20130807,5.7500,5.8600,5.7000,5.7200,12522400
20130808,5.7500,5.8400,5.7300,5.7900,9182400
20130809,5.8900,5.9500,5.7800,5.8100,22413800
20130812,6.1900,6.2400,5.8600,5.8900,32688100
20130813,6.1200,6.1900,6.0700,6.1800,17177200
20130814,6.0800,6.1900,5.9600,6.1600,14831700
20130815,6.0500,6.1900,6.0200,6.1300,14385700
20130816,6.0900,6.6600,5.9900,6.0000,26094400
20130819,6.1700,6.2300,6.0100,6.0900,13787400
20130820,6.0400,6.1900,6.0100,6.1200,11306600
20130821,6.0500,6.0900,5.9800,6.0800,8578200
20130822,6.0200,6.1000,6.0000,6.0200,8637500
20130823,5.9300,6.1100,5.8200,6.0500,10196000
20130826,6.0700,6.1000,5.9500,5.9500,10575800
20130827,6.1000,6.1200,6.0300,6.0600,9694000
20130828,6.3000,6.4900,6.0300,6.0500,32722200
20130829,6.1400,6.2600,6.1000,6.2600,15686600
20130830,6.1000,6.1900,6.0600,6.1400,12917600
20130902,6.1600,6.1700,6.0500,6.1100,8658700
20130903,6.2100,6.2200,6.1100,6.1700,11978100
20130904,6.2000,6.2100,6.1300,6.2000,12156200
20130905,6.0800,6.1800,6.0700,6.1800,10345700
20130906,6.1100,6.1500,6.0500,6.0700,7094300
20130909,6.2300,6.2500,6.1000,6.1100,21502400
20130910,6.3700,6.3800,6.1700,6.2300,24297800
20130911,6.4400,6.6600,6.3600,6.4000,37368300
20130912,6.3900,6.4500,6.3500,6.4000,17936100
20130913,6.3900,6.4400,6.3300,6.3600,12732400
20130916,6.3100,6.5000,6.2900,6.3700,11800600
20130917,6.1400,6.3200,6.1400,6.3000,11167700
20130918,6.1700,6.2000,6.1100,6.1400,7010100
20130920,6.1700,6.1700,6.1700,6.1700,0
20130923,6.2500,6.2900,6.1800,6.1800,8286000
20130924,6.1200,6.2400,6.1000,6.2200,10284000
20130925,6.1200,6.2200,6.1000,6.1200,10571100
20130926,5.9700,6.1700,5.9400,6.1100,12585700
20130927,6.0800,6.0900,5.9600,5.9700,8462700
20130930,6.0600,6.1200,6.0200,6.0900,5670200
20131001,6.0600,6.0600,6.0600,6.0600,0
20131002,6.0600,6.0600,6.0600,6.0600,0
20131003,6.0600,6.0600,6.0600,6.0600,0
20131004,6.0600,6.0600,6.0600,6.0600,0
20131007,6.0600,6.0600,6.0600,6.0600,0
20131008,6.0900,6.1100,5.9900,6.0500,8768900
20131009,6.1000,6.1300,6.0500,6.0800,8479700
20131010,6.0500,6.1100,6.0200,6.1000,12201700
20131011,6.1800,6.1900,6.0600,6.0800,14460900
20131014,6.2100,6.2300,6.1300,6.1800,12534200
20131015,6.1400,6.2000,6.1000,6.2000,11249300
20131016,6.0300,6.1300,6.0000,6.1200,12655000
20131017,6.0400,6.1600,6.0200,6.0200,9103700
20131018,6.0300,6.0900,6.0100,6.0700,9603000
20131021,6.0700,6.0800,5.9600,6.0300,14547000
20131022,6.1400,6.2200,6.0800,6.1000,16323000
20131023,6.1100,6.2100,6.0600,6.1900,13888700
20131024,6.0200,6.1100,6.0000,6.1000,8421100
20131025,5.8600,6.0600,5.8200,6.0200,10963900
20131028,5.8300,5.9200,5.7900,5.8800,6938600
20131029,5.7300,5.9400,5.6400,5.8500,12593800
20131030,5.7900,5.8100,5.7100,5.7600,10398500
20131031,5.7900,5.8100,5.7600,5.7900,7714700
20131101,5.8500,5.8600,5.7800,5.8100,6463600
20131104,5.8000,5.8900,5.7800,5.8800,7487100
20131105,5.8200,5.8400,5.6900,5.7700,8370800
20131106,5.7700,5.8600,5.7600,5.7900,6451300
20131107,5.7400,5.8100,5.7200,5.7600,4830000
20131108,5.6300,5.7800,5.6200,5.7200,7014900
20131111,5.6100,5.6700,5.5700,5.6400,4695600
20131112,5.6400,5.6600,5.5800,5.6400,5411900
20131113,5.5000,5.5900,5.4900,5.5800,8234700
20131114,5.5200,5.5600,5.4800,5.5200,6307100
20131115,5.6100,5.6800,5.5300,5.5300,9710400
20131118,5.7600,5.7700,5.6000,5.6000,11789300
20131119,5.7900,5.8300,5.7100,5.7500,11726200
20131120,5.8000,5.8600,5.7500,5.8400,8296300
20131121,5.7600,5.7900,5.7100,5.7500,9682600
20131122,5.8000,5.8100,5.7400,5.7700,9217000
20131125,5.7300,5.7900,5.7000,5.7500,7768300
20131126,5.7100,5.7500,5.6900,5.7200,6083400
20131127,5.7700,5.7900,5.6700,5.7100,9042200
20131128,5.9000,5.9600,5.7500,5.7600,19988000
20131129,5.8100,5.8900,5.8000,5.8900,11842000
20131202,5.7000,5.8400,5.6400,5.7300,14164000
20131203,5.7900,5.8000,5.6900,5.7000,8668400
20131204,5.8600,5.9200,5.7500,5.7600,14634000
20131205,5.9900,6.0300,5.8300,5.8600,24130600
20131206,5.9300,5.9800,5.8800,5.9500,12167800
20131209,5.9500,6.0000,5.9200,5.9500,8569500
20131210,5.9400,5.9900,5.9000,5.9600,7247300
20131211,5.8400,5.9200,5.8100,5.9000,10826000
20131212,5.8400,5.8800,5.8200,5.8500,7402300
20131213,5.8000,5.8500,5.7500,5.7900,7526100
20131216,5.6600,5.8300,5.6500,5.8100,10330700
20131217,5.6200,5.6800,5.5800,5.6700,7110800
20131218,5.6400,5.6800,5.6000,5.6600,8087400
20131219,5.5900,5.7200,5.5800,5.6600,8819900
20131220,5.4200,5.6300,5.3900,5.6300,13882500
20131223,5.4600,5.5000,5.3500,5.4300,7076600
20131224,5.4800,5.5100,5.4200,5.4600,9073000
20131225,5.4500,5.5000,5.3800,5.4800,9850300
20131226,5.3200,5.4500,5.2500,5.4400,16528200
20131227,5.3800,5.4200,5.2800,5.3200,9195200
20131230,5.3600,5.4100,5.3000,5.4100,6002700
20131231,5.3900,5.4500,5.3300,5.3500,10555200
20140101,5.3900,5.3900,5.3900,5.3900,0
20140102,5.3700,5.4200,5.3300,5.3900,11199700
20140103,5.3600,5.3800,5.2900,5.3500,12027300
20140106,5.1600,5.3400,5.1600,5.3400,13393000
20140107,5.1700,5.2100,5.1100,5.1100,7093100
20140108,5.1300,5.2500,5.1200,5.2300,7299600
20140109,5.0900,5.2000,5.0800,5.1100,6745100
20140110,5.0400,5.1300,5.0000,5.0900,7422000
20140113,5.1400,5.2400,5.0200,5.0500,10142200
20140114,5.1800,5.2100,5.1100,5.1200,6093700
20140115,5.1400,5.2000,5.0900,5.2000,5830800
20140116,5.2100,5.2800,5.1000,5.1500,11436800
20140117,5.1100,5.2100,5.1000,5.2100,8078500
20140120,5.1100,5.1500,5.0600,5.1000,5458300
20140121,5.1700,5.1900,5.1100,5.1400,4929800
20140122,5.2600,5.2800,5.1500,5.1800,9591900
20140123,5.2300,5.2800,5.2100,5.2500,7493500
20140124,5.2500,5.3300,5.2300,5.2400,11540000
20140127,5.1800,5.2500,5.1500,5.2400,8740000
20140128,5.3200,5.4500,5.2600,5.2700,18341300
20140129,5.3300,5.3800,5.2800,5.3200,6883500
20140130,5.2100,5.3300,5.1800,5.3300,10001400
20140131,5.2100,5.2100,5.2100,5.2100,0
20140203,5.2100,5.2100,5.2100,5.2100,0
20140205,5.2100,5.2100,5.2100,5.2100,0
20140206,5.2100,5.2100,5.2100,5.2100,0
20140207,5.3400,5.3400,5.1900,5.2100,8992800
20140210,5.4500,5.4900,5.3300,5.3400,15998100
20140211,5.4800,5.5000,5.3900,5.4500,17104800
20140212,5.4500,5.4900,5.4100,5.4600,10814400
20140213,5.4400,5.5800,5.4200,5.4400,16023600
20140214,5.4300,5.4700,5.3700,5.4400,15903200
20140217,5.4900,5.5200,5.4400,5.4500,14205300
20140218,5.3800,5.4800,5.3600,5.4700,16558300
20140219,5.4800,5.4900,5.3600,5.3600,15790700
20140220,5.4400,5.5800,5.4200,5.4900,24213000
20140221,5.4200,5.5400,5.3700,5.4500,12445700
20140224,5.2300,5.4300,5.2000,5.4300,15424900
20140225,5.1200,5.2600,5.0800,5.2300,14177600
