20130226,3.3400,3.4000,3.3400,3.3900,2932800
20130227,3.3700,3.3700,3.3300,3.3400,2123900
20130228,3.4300,3.4300,3.3600,3.3700,4407300
20130301,3.4100,3.4300,3.3700,3.4300,2960300
20130304,3.3000,3.4000,3.2500,3.4000,5381600
20130305,3.3400,3.3400,3.2900,3.3000,2639700
20130306,3.3700,3.3900,3.3100,3.3400,3717500
20130307,3.3500,3.3800,3.3200,3.3800,3223900
20130308,3.3300,3.3700,3.3200,3.3500,1878300
20130311,3.3400,3.3700,3.3300,3.3400,1534000
20130312,3.2800,3.3600,3.2500,3.3500,3765500
20130313,3.2600,3.2900,3.2300,3.2900,2430800
20130314,3.2600,3.2700,3.2400,3.2500,1687200
20130315,3.2700,3.3000,3.2400,3.2600,1834400
20130318,3.2200,3.2700,3.2100,3.2700,1851000
20130319,3.2400,3.2400,3.2000,3.2200,1778700
20130320,3.3100,3.3300,3.2300,3.2400,2702900
20130321,3.3100,3.3400,3.2900,3.3200,2299500
20130322,3.3300,3.3500,3.3000,3.3000,1926200
20130325,3.3100,3.3400,3.3100,3.3300,1606500
20130326,3.3100,3.3400,3.2900,3.3200,1642900
20130327,3.3000,3.3400,3.2800,3.3200,1653000
20130328,3.2300,3.3000,3.2200,3.3000,2472600
20130329,3.2000,3.2500,3.1800,3.2300,3375200
20130401,3.1700,3.2200,3.1500,3.1900,3652600
20130402,3.1800,3.1900,3.1600,3.1800,2161700
20130403,3.1900,3.2000,3.1700,3.1800,1580000
20130404,3.1900,3.1900,3.1900,3.1900,0
20130405,3.1900,3.1900,3.1900,3.1900,0
20130408,3.1300,3.1600,3.1100,3.1600,1726500
20130409,3.1800,3.1800,3.1300,3.1400,1319300
20130410,3.1700,3.1800,3.1400,3.1800,1421300
20130411,3.1700,3.1900,3.1600,3.1700,1708500
20130412,3.1400,3.1900,3.1400,3.1600,1043700
20130415,3.1300,3.1500,3.1100,3.1500,958600
20130416,3.1500,3.1500,3.1000,3.1300,1867300
20130417,3.1400,3.1500,3.0900,3.1500,1126000
20130418,3.1200,3.1400,3.1000,3.1100,1555800
20130419,3.1600,3.1700,3.1100,3.1300,1907500
20130422,3.4800,3.4800,3.3000,3.4800,43799100
20130423,3.3300,3.5100,3.2900,3.5100,25392800
20130424,3.2500,3.3200,3.1800,3.3200,13959900
20130425,3.1700,3.2300,3.1600,3.2300,8288000
20130426,3.1600,3.2000,3.1500,3.1800,4646400
20130429,3.1600,3.1600,3.1600,3.1600,0
20130430,3.1600,3.1600,3.1600,3.1600,0
20130501,3.1600,3.1600,3.1600,3.1600,0
20130502,3.0900,3.1500,3.0700,3.1100,5688000
20130503,3.1100,3.1300,3.0900,3.1000,5564200
20130506,3.1400,3.1500,3.1000,3.1100,4713500
20130507,3.1200,3.1300,3.1000,3.1300,3535700
20130508,3.1400,3.1500,3.1100,3.1300,3330500
20130509,3.1000,3.1400,3.0900,3.1400,3972500
20130510,3.1300,3.1300,3.0900,3.1000,3125400
20130513,3.1200,3.1400,3.1000,3.1300,2807800
20130514,3.1100,3.1200,3.0800,3.1100,3060600
20130515,3.1000,3.1100,3.0900,3.1100,2092700
20130516,3.1300,3.1300,3.0800,3.1000,4267600
20130517,3.1600,3.1600,3.1100,3.1200,6244200
20130520,3.1900,3.2100,3.1400,3.1600,7885100
20130521,3.1800,3.2000,3.1400,3.1800,7276600
20130522,3.1600,3.1800,3.1500,3.1700,4955500
20130523,3.1400,3.1900,3.1300,3.1600,5290500
20130524,3.1500,3.1500,3.1200,3.1400,3691400
20130527,3.1600,3.1700,3.1400,3.1500,2786000
20130528,3.1800,3.1800,3.1300,3.1600,4350800
20130529,3.1800,3.1800,3.1600,3.1800,4145300
20130530,3.1600,3.1800,3.1400,3.1600,3561400
20130531,3.1600,3.1700,3.1400,3.1600,2885100
20130603,3.1600,3.1700,3.1400,3.1600,2848200
20130604,3.1200,3.1600,3.1100,3.1600,3745800
20130605,3.1200,3.1400,3.1100,3.1300,1898000
20130606,3.1000,3.1300,3.1000,3.1300,2928500
20130607,3.1000,3.1100,3.0600,3.1100,3286500
20130610,3.1000,3.1000,3.1000,3.1000,0
20130611,3.1000,3.1000,3.1000,3.1000,0
20130612,3.1000,3.1000,3.1000,3.1000,0
20130613,3.0200,3.0800,3.0000,3.0800,4422600
20130614,3.0200,3.0500,3.0000,3.0300,2422400
20130617,2.9800,2.9900,2.9400,2.9900,1797900
20130618,2.9500,2.9800,2.9300,2.9800,2096900
20130619,2.9900,3.0100,2.9400,2.9600,3660200
20130620,2.9100,2.9700,2.9000,2.9600,3208700
20130621,2.9000,2.9100,2.8600,2.8900,1474600
20130624,2.7000,2.9200,2.6300,2.9000,3647000
20130625,2.6800,2.7300,2.5200,2.7000,3568500
20130626,2.6400,2.6800,2.6100,2.6800,2362700
20130627,2.6400,2.6800,2.6200,2.6500,2325500
20130628,2.6600,2.6700,2.6100,2.6400,2119400
20130701,2.6800,2.6800,2.6300,2.6400,1244700
20130702,2.6800,2.6900,2.6400,2.6800,2046600
20130703,2.6500,2.6800,2.6300,2.6800,1516000
20130704,2.6500,2.6800,2.6200,2.6500,2443100
20130705,2.6700,2.6900,2.6500,2.6800,1955900
20130708,2.5900,2.6600,2.5800,2.6600,2711600
20130709,2.5900,2.6000,2.5600,2.5900,1287200
20130710,2.6500,2.6500,2.5700,2.5700,1970700
20130711,2.7500,2.7600,2.6400,2.6400,5718100
20130712,2.6900,2.7400,2.6800,2.7400,3009400
20130715,2.7000,2.7200,2.6800,2.7000,2442800
20130716,2.7200,2.7200,2.6800,2.7100,2134600
20130717,2.6900,2.7100,2.6800,2.7100,1928300
20130718,2.6300,2.6900,2.6300,2.6900,2101000
20130719,2.5900,2.6500,2.5800,2.6500,3047700
20130722,2.6000,2.6000,2.5600,2.5800,1873600
20130723,2.6600,2.6700,2.6000,2.6000,2626100
20130724,2.6300,2.6600,2.6100,2.6600,2025300
20130725,2.6300,2.6700,2.6200,2.6600,1834700
20130726,2.6200,2.6300,2.6000,2.6100,1245700
20130729,2.5900,2.6400,2.5800,2.6300,1962500
20130730,2.6000,2.6300,2.5700,2.6000,1452400
20130731,2.6100,2.6200,2.6000,2.6000,876000
20130801,2.6400,2.6400,2.6000,2.6100,2391900
20130802,2.6300,2.6600,2.6200,2.6400,1964300
20130805,2.6600,2.6600,2.6300,2.6400,2031600
20130806,2.6700,2.6800,2.6400,2.6500,3363300
20130807,2.6700,2.6800,2.6500,2.6700,2425300
20130808,2.6600,2.6700,2.6400,2.6700,1477000
20130809,2.6500,2.6700,2.6200,2.6600,2329000
20130812,2.7000,2.7100,2.6400,2.6500,3609700
20130813,2.7300,2.7400,2.6800,2.6900,5488100
20130814,2.7000,2.7500,2.7000,2.7300,3716900
20130815,2.7000,2.7200,2.6800,2.6900,2457000
20130816,2.6900,2.7700,2.6700,2.6900,4966100
20130819,2.7100,2.7200,2.6600,2.6700,2196400
20130820,2.6800,2.7200,2.6800,2.7000,1973900
20130821,2.6900,2.7000,2.6700,2.6700,1626500
20130822,2.6800,2.6900,2.6700,2.6800,2043100
20130823,2.6500,2.6900,2.6000,2.6800,2373600
20130826,2.7000,2.7000,2.6400,2.6400,3164400
20130827,2.7400,2.7400,2.6800,2.7000,5108100
20130828,2.7600,2.7800,2.7000,2.7200,6711700
20130829,2.9600,3.0400,2.7700,2.7700,31271000
20130830,3.0200,3.1000,2.8500,2.9300,24495100
20130902,2.8700,3.0000,2.8600,3.0000,13192800
20130903,2.8800,2.9100,2.8600,2.8600,5272400
20130904,2.8600,2.9000,2.8500,2.8900,5271800
20130905,2.8100,2.8600,2.7900,2.8500,5321500
20130906,2.8200,2.8400,2.8000,2.8000,3457900
20130909,2.8900,2.8900,2.8200,2.8300,5695800
20130910,2.9600,2.9700,2.8700,2.8900,8814900
20130911,2.9700,3.0400,2.9200,2.9700,11379100
20130912,3.0500,3.1000,2.9400,2.9700,17388300
20130913,2.9600,3.0300,2.9300,3.0300,9172500
20130916,2.9300,2.9800,2.9200,2.9500,3647400
20130917,2.8700,2.9500,2.8600,2.9300,3903400
20130918,2.9000,2.9100,2.8600,2.8800,2752400
20130920,2.9000,2.9000,2.9000,2.9000,0
20130923,2.9300,2.9400,2.9100,2.9100,2511200
20130924,3.0000,3.0800,2.8700,2.9400,8703300
20130925,2.9200,2.9900,2.9100,2.9900,4583300
20130926,2.8500,2.9200,2.8400,2.9200,3904900
20130927,2.8300,2.8700,2.8100,2.8300,3116500
20130930,2.8500,2.8600,2.8300,2.8300,1763600
20131001,2.8500,2.8500,2.8500,2.8500,0
20131002,2.8500,2.8500,2.8500,2.8500,0
20131003,2.8500,2.8500,2.8500,2.8500,0
20131004,2.8500,2.8500,2.8500,2.8500,0
20131007,2.8500,2.8500,2.8500,2.8500,0
20131008,2.9100,2.9100,2.8400,2.8400,2864800
20131009,2.9500,2.9700,2.8700,2.9100,4230900
20131010,2.9100,2.9500,2.8900,2.9400,3266200
20131011,2.9500,2.9700,2.9000,2.9100,4113800
20131014,3.0300,3.1100,2.9500,2.9800,11131900
20131015,3.0100,3.0300,2.9900,2.9900,4436900
20131016,2.9300,3.0000,2.9200,2.9900,4578400
20131017,2.9100,2.9600,2.9100,2.9500,3276700
20131018,3.0400,3.0500,2.9100,2.9100,8233400
20131021,3.0400,3.0900,3.0200,3.0500,8415900
20131022,3.1100,3.1300,3.0200,3.0400,16617100
20131023,3.4200,3.4200,3.3500,3.4200,61682900
20131024,3.2600,3.4000,3.1600,3.4000,45172500
20131025,3.1900,3.2800,3.0900,3.2200,25304100
20131028,3.0200,3.1900,2.9100,3.1700,21017300
20131029,2.9500,3.0100,2.8700,2.9900,15760100
20131030,3.0300,3.0300,2.9200,2.9400,10393600
20131031,2.9700,3.0000,2.9600,3.0000,6641700
20131101,2.9700,3.0000,2.9200,2.9500,5152600
20131104,2.9900,3.0300,2.9600,2.9700,4740700
20131105,2.9800,3.0100,2.9300,2.9900,5896600
20131106,2.9600,3.0300,2.9400,2.9600,8643800
20131107,2.9100,2.9500,2.9000,2.9400,6543900
20131108,2.8700,2.9200,2.8600,2.8800,5098700
20131111,2.9000,2.9200,2.8800,2.8900,3370300
20131112,2.9100,2.9200,2.8700,2.9000,4069100
20131113,2.8300,2.9100,2.8200,2.9100,5387400
20131114,2.8400,2.8600,2.8100,2.8200,3561000
20131115,2.8900,2.9200,2.8400,2.8400,5755200
20131118,2.9400,2.9400,2.8800,2.9100,4898500
20131119,2.9300,2.9600,2.9100,2.9400,3526500
20131120,2.9500,2.9700,2.9100,2.9300,5194500
20131121,3.0000,3.0700,2.9100,2.9500,13715400
20131122,2.9600,3.0300,2.9500,3.0000,8035800
20131125,2.9600,2.9900,2.9200,2.9500,4967600
20131126,2.9600,2.9800,2.9300,2.9600,4299600
20131127,2.9700,2.9700,2.9200,2.9600,4746600
20131128,2.9800,3.0000,2.9700,2.9700,6250000
20131129,2.9800,2.9800,2.9600,2.9700,4911000
20131202,2.9100,2.9600,2.8800,2.9600,9107400
20131203,2.9400,2.9400,2.9000,2.9100,3774300
20131204,3.0000,3.0200,2.9200,2.9300,9344000
20131205,3.0000,3.0100,2.9700,3.0100,5498900
20131206,3.0000,3.0300,2.9700,3.0100,5054400
20131209,3.0100,3.0300,2.9900,3.0000,3878700
20131210,2.9900,3.0200,2.9800,3.0200,3349800
20131211,2.9500,2.9900,2.9300,2.9900,4539100
20131212,2.9400,2.9600,2.9300,2.9300,3440800
20131213,2.9300,2.9500,2.9300,2.9400,2229800
20131216,2.9100,2.9600,2.9000,2.9500,4189500
20131217,2.9200,2.9400,2.9100,2.9100,2147900
20131218,2.9100,2.9300,2.9100,2.9300,1335500
20131219,2.9000,2.9500,2.9000,2.9300,1955600
20131220,2.8400,2.9200,2.8300,2.9100,3288100
20131223,2.8300,2.8600,2.7900,2.8400,2130900
20131224,2.8300,2.8600,2.8200,2.8300,1318800
20131225,2.8400,2.8500,2.8100,2.8300,1949100
20131226,2.7700,2.8400,2.7700,2.8400,2691200
20131227,2.8200,2.8400,2.7600,2.7600,2725800
20131230,2.8700,2.8700,2.8200,2.8500,2573000
20131231,2.8600,2.8800,2.8300,2.8600,3073600
20140101,2.8600,2.8600,2.8600,2.8600,0
20140102,2.8600,2.8800,2.8200,2.8800,2140400
20140103,2.8600,2.9100,2.8400,2.9100,2722100
20140106,2.8100,2.8500,2.7800,2.8500,4369600
20140107,2.7900,2.8200,2.7800,2.8000,1950500
20140108,2.7600,2.8100,2.7500,2.8000,1559200
20140109,2.7400,2.7800,2.7300,2.7600,1587400
20140110,2.7300,2.7500,2.7200,2.7400,1907100
20140113,2.7200,2.7500,2.7000,2.7100,1319300
20140114,2.7400,2.7500,2.6900,2.7200,1433300
20140115,2.7700,2.7700,2.7300,2.7300,1877600
20140116,2.7600,2.8000,2.7600,2.7900,1940300
20140117,2.7400,2.7800,2.7300,2.7700,1269900
20140120,2.7000,2.7500,2.6600,2.7400,2019600
20140121,2.7200,2.7300,2.6700,2.7100,1312700
20140122,2.7900,2.8000,2.7100,2.7200,3143500
20140123,2.7700,2.8000,2.7600,2.7800,2106500
20140124,2.7900,2.8200,2.7600,2.7700,2909200
20140127,2.7700,2.7900,2.7600,2.7900,1821900
20140128,2.7700,2.8000,2.7500,2.7500,1986300
20140129,2.7800,2.8000,2.7600,2.7700,1786100
20140130,2.7900,2.7900,2.7500,2.7800,1144900
20140131,2.7900,2.7900,2.7900,2.7900,0
20140203,2.7900,2.7900,2.7900,2.7900,0
20140205,2.7900,2.7900,2.7900,2.7900,0
20140206,2.7900,2.7900,2.7900,2.7900,0
20140207,2.7900,2.7900,2.7500,2.7700,1546600
20140210,2.8500,2.8500,2.7900,2.7900,3516100
20140211,2.8500,2.8600,2.8200,2.8600,3504500
20140212,2.8500,2.8800,2.8400,2.8400,2487900
20140213,2.8300,2.8700,2.8200,2.8700,3022000
20140214,2.9100,2.9400,2.8300,2.8300,7306300
20140217,2.9000,2.9400,2.8700,2.9000,5539900
20140218,2.8800,2.9000,2.8600,2.8900,3100200
20140219,2.9000,2.9000,2.8600,2.8800,2791700
20140220,2.9500,3.0000,2.9100,2.9500,11078300
20140221,2.9000,2.9900,2.8700,2.9800,8761300
20140224,2.8300,2.8700,2.8000,2.8600,5076300
20140225,2.7500,2.8400,2.7400,2.8300,4340800
