20130226,2.7500,2.8100,2.7400,2.8000,19329600
20130227,2.7600,2.7800,2.7400,2.7600,12843600
20130228,2.8100,2.8100,2.7500,2.7700,14876800
20130301,2.8000,2.8100,2.7600,2.8100,15793400
20130304,2.7300,2.8000,2.7200,2.7800,24554400
20130305,2.7500,2.7500,2.7200,2.7200,15406600
20130306,2.7700,2.7800,2.7500,2.7500,15898000
20130307,2.7600,2.7900,2.7500,2.7700,17515400
20130308,2.7500,2.7700,2.7300,2.7600,11340100
20130311,2.7200,2.7400,2.7100,2.7400,11008200
20130312,2.6600,2.7300,2.6400,2.7200,18166400
20130313,2.6300,2.6600,2.6100,2.6600,10554100
20130314,2.6400,2.6500,2.6100,2.6100,8575100
20130315,2.6300,2.6700,2.6000,2.6400,10254800
20130318,2.5700,2.6300,2.5600,2.6200,14513900
20130319,2.5900,2.6000,2.5500,2.5800,16773800
20130320,2.6200,2.6300,2.5700,2.5900,22823100
20130321,2.6200,2.6400,2.6000,2.6200,18725300
20130322,2.6000,2.6200,2.5800,2.6200,17113900
20130325,2.6100,2.6200,2.5900,2.6100,10552600
20130326,2.5700,2.6100,2.5600,2.6100,11498300
20130327,2.5600,2.5900,2.5500,2.5700,13077500
20130328,2.5100,2.5600,2.5000,2.5600,18092200
20130329,2.5100,2.5200,2.5000,2.5100,8202300
20130401,2.5000,2.5100,2.4800,2.5000,8977300
20130402,2.5100,2.5200,2.4900,2.5000,9151700
20130403,2.5400,2.5500,2.5100,2.5100,13818900
20130404,2.5400,2.5400,2.5400,2.5400,0
20130405,2.5400,2.5400,2.5400,2.5400,0
20130408,2.5200,2.5200,2.4900,2.5200,10195400
20130409,2.5200,2.5300,2.4900,2.5200,12690900
20130410,2.5500,2.5600,2.5000,2.5100,14111800
20130411,2.5200,2.5500,2.5100,2.5500,7911700
20130412,2.5500,2.6500,2.5100,2.5300,30430900
20130415,2.5000,2.5400,2.4800,2.5200,14837500
20130416,2.5100,2.5100,2.4600,2.4700,8953100
20130417,2.5000,2.5100,2.4800,2.5000,6856000
20130418,2.4900,2.5100,2.4700,2.4900,7569800
20130419,2.5200,2.5300,2.4900,2.4900,17601300
20130422,2.5400,2.6000,2.5000,2.5100,17553500
20130423,2.4800,2.5300,2.4800,2.5300,14259500
20130424,2.5100,2.5200,2.4700,2.4800,10976500
20130425,2.4700,2.5000,2.4700,2.4900,12634000
20130426,2.4600,2.4900,2.4600,2.4800,9291900
20130429,2.4600,2.4600,2.4600,2.4600,0
20130430,2.4600,2.4600,2.4600,2.4600,0
20130501,2.4600,2.4600,2.4600,2.4600,0
20130502,2.4300,2.4600,2.4200,2.4600,9397200
20130503,2.4500,2.4700,2.4300,2.4400,9926100
20130506,2.4700,2.4900,2.4500,2.4500,12387100
20130507,2.4600,2.4800,2.4500,2.4600,9429500
20130508,2.4700,2.4900,2.4600,2.4700,10410300
20130509,2.4900,2.5000,2.4700,2.4700,15176400
20130510,2.5300,2.5500,2.4700,2.4800,26709400
20130513,2.5100,2.5400,2.4900,2.5300,11789400
20130514,2.4800,2.5200,2.4700,2.5100,8642400
20130515,2.4900,2.5100,2.4700,2.4800,6681300
20130516,2.5200,2.5300,2.4800,2.5000,11780300
20130517,2.5300,2.5400,2.5000,2.5200,16527800
20130520,2.5400,2.5600,2.5200,2.5200,18828800
20130521,2.5300,2.5500,2.5200,2.5400,11804700
20130522,2.5400,2.5600,2.5300,2.5500,15246700
20130523,2.5000,2.5400,2.5000,2.5400,14159800
20130524,2.5300,2.5300,2.5000,2.5200,11569100
20130527,2.5300,2.5700,2.5100,2.5200,14903300
20130528,2.5600,2.5700,2.5300,2.5400,17078800
20130529,2.5400,2.5600,2.5300,2.5600,15395700
20130530,2.5200,2.5400,2.5100,2.5300,13721600
20130531,2.5200,2.5400,2.5100,2.5200,10958000
20130603,2.5200,2.5300,2.5000,2.5200,12456900
20130604,2.4800,2.5200,2.4700,2.5100,13169500
20130605,2.5400,2.5800,2.5000,2.5000,33144500
20130606,2.5000,2.5400,2.4900,2.5300,15436100
20130607,2.4800,2.5200,2.4700,2.5000,14118100
20130610,2.4800,2.4800,2.4800,2.4800,0
20130611,2.4800,2.4800,2.4800,2.4800,0
20130612,2.4800,2.4800,2.4800,2.4800,0
20130613,2.3900,2.4500,2.3600,2.4400,17652000
20130614,2.3700,2.3900,2.3500,2.3900,21913400
20130617,2.3800,2.4000,2.3500,2.3700,12642600
20130618,2.3600,2.3900,2.3500,2.3800,9266700
20130619,2.3300,2.3600,2.3000,2.3600,15047900
20130620,2.2400,2.3200,2.2300,2.3200,18050000
20130621,2.2000,2.2100,2.1700,2.2100,13286300
20130624,2.0500,2.2000,2.0200,2.2000,22564100
20130625,2.0300,2.0500,1.9000,2.0400,27791600
20130626,2.0300,2.0400,1.9700,2.0300,18587900
20130627,2.0200,2.0500,2.0100,2.0200,16942700
20130628,2.0200,2.0400,1.9800,2.0100,21376700
20130701,2.0100,2.0200,1.9800,2.0200,11545000
20130702,2.0000,2.0200,1.9800,2.0100,8803200
20130703,1.9800,2.0000,1.9700,2.0000,7646600
20130704,2.0100,2.0400,1.9600,1.9800,13476300
20130705,2.0300,2.0300,2.0000,2.0200,9205000
20130708,1.9800,2.0400,1.9700,2.0400,9238200
20130709,1.9700,1.9900,1.9700,1.9800,5921800
20130710,2.0200,2.0200,1.9700,1.9700,8811200
20130711,2.0800,2.1000,2.0100,2.0100,24776300
20130712,2.0200,2.0900,2.0200,2.0700,12885800
20130715,2.0400,2.0600,2.0200,2.0200,9839600
20130716,2.0500,2.0500,2.0200,2.0200,8717100
20130717,2.0300,2.0600,2.0200,2.0400,9678800
20130718,1.9900,2.0400,1.9900,2.0400,12365000
20130719,1.9700,2.0100,1.9700,2.0000,11669500
20130722,1.9800,1.9800,1.9500,1.9600,7455600
20130723,2.0300,2.0300,1.9700,1.9700,11790300
20130724,2.0000,2.0200,1.9800,2.0200,10740500
20130725,2.0000,2.0200,1.9900,2.0100,10682400
20130726,1.9900,2.0000,1.9800,2.0000,7263100
20130729,1.9600,1.9900,1.9400,1.9900,9932600
20130730,1.9700,1.9900,1.9500,1.9600,6425600
20130731,1.9700,1.9900,1.9500,1.9700,7349800
20130801,1.9900,2.0000,1.9600,1.9700,10977900
20130802,1.9900,2.0100,1.9800,2.0000,7204700
20130805,2.0200,2.0200,1.9800,1.9800,9742300
20130806,2.0300,2.0300,2.0000,2.0100,12019100
20130807,2.0100,2.0500,2.0000,2.0200,11219100
20130808,2.0000,2.0300,2.0000,2.0200,6915400
20130809,2.0100,2.0300,2.0000,2.0100,8052400
20130812,2.0500,2.0600,2.0100,2.0200,17690200
20130813,2.0900,2.0900,2.0400,2.0600,21759600
20130814,2.0600,2.1000,2.0500,2.0800,13709400
20130815,2.0400,2.0700,2.0300,2.0700,9820800
20130816,2.0300,2.1000,2.0100,2.0400,22845200
20130819,2.0300,2.0400,2.0000,2.0000,12058300
20130820,2.0100,2.0300,2.0000,2.0300,11080000
20130821,2.0100,2.0200,1.9900,2.0100,8666300
20130822,2.0000,2.0100,1.9900,1.9900,9528800
20130823,1.9900,2.0100,1.9700,2.0000,11988600
20130826,2.0200,2.0200,1.9800,1.9800,9943300
20130827,2.0400,2.0500,2.0100,2.0200,15451200
20130828,2.0700,2.0900,2.0200,2.0200,29003100
20130829,2.0600,2.1000,2.0400,2.0900,26803100
20130830,2.0800,2.0800,2.0200,2.0500,24772900
20130902,2.1300,2.1600,2.0500,2.0900,50752600
20130903,2.1200,2.1400,2.1000,2.1200,26754300
20130904,2.1100,2.1200,2.0900,2.1200,18918500
20130905,2.0800,2.1000,2.0700,2.1000,11891400
20130906,2.0900,2.1000,2.0600,2.0700,11226900
20130909,2.1400,2.1500,2.0900,2.0900,33426100
20130910,2.3500,2.3500,2.1400,2.1600,129810600
20130911,2.5900,2.5900,2.5900,2.5900,42913500
20130912,2.8500,2.8500,2.8500,2.8500,30958000
20130913,2.5900,2.8500,2.5700,2.8500,265231696
20130916,2.4500,2.5200,2.4200,2.5000,113520200
20130917,2.3800,2.4700,2.3700,2.4300,73352800
20130918,2.3800,2.4000,2.3300,2.3600,38604100
20130920,2.3800,2.3800,2.3800,2.3800,0
20130923,2.3900,2.4000,2.3300,2.3800,39422200
20130924,2.4100,2.4200,2.3100,2.3800,57413200
20130925,2.3300,2.3900,2.3200,2.3800,37914500
20130926,2.2600,2.3500,2.2500,2.3200,35748600
20130927,2.2600,2.2800,2.2400,2.2500,19797700
20130930,2.2700,2.2700,2.2500,2.2500,13346000
20131001,2.2700,2.2700,2.2700,2.2700,0
20131002,2.2700,2.2700,2.2700,2.2700,0
20131003,2.2700,2.2700,2.2700,2.2700,0
20131004,2.2700,2.2700,2.2700,2.2700,0
20131007,2.2700,2.2700,2.2700,2.2700,0
20131008,2.3000,2.3300,2.2500,2.2600,18590300
20131009,2.3500,2.3600,2.2800,2.2900,31833900
20131010,2.2900,2.3500,2.2800,2.3500,22274800
20131011,2.3200,2.3400,2.2800,2.3000,17772100
20131014,2.3500,2.3900,2.2900,2.3000,32908200
20131015,2.3400,2.3600,2.3100,2.3500,21242600
20131016,2.2700,2.3300,2.2500,2.3300,22359600
20131017,2.2700,2.2900,2.2500,2.2700,15644900
20131018,2.2400,2.2900,2.2400,2.2600,15605900
20131021,2.2600,2.2600,2.2100,2.2400,19268300
20131022,2.2600,2.2700,2.2400,2.2600,17627500
20131023,2.2200,2.2800,2.2100,2.2700,18839300
20131024,2.2000,2.2300,2.2000,2.2100,11705200
20131025,2.1900,2.2300,2.1800,2.2000,16074500
20131028,2.2300,2.2500,2.2100,2.2300,14111100
20131029,2.1700,2.2500,2.1400,2.2300,21864200
20131030,2.2000,2.2200,2.1500,2.1600,14133100
20131031,2.2400,2.2900,2.1600,2.2100,30602800
20131101,2.2100,2.2200,2.1800,2.2000,13448500
20131104,2.2300,2.2500,2.2000,2.2300,11440500
20131105,2.2500,2.2700,2.1900,2.2200,15424700
20131106,2.2200,2.2400,2.2000,2.2400,11681800
20131107,2.2000,2.2200,2.1900,2.2100,8602800
20131108,2.1700,2.2100,2.1600,2.2000,12643800
20131111,2.1700,2.1700,2.1400,2.1600,9302000
20131112,2.1700,2.1800,2.1500,2.1600,10030500
20131113,2.1400,2.1700,2.1300,2.1600,9804300
20131114,2.1500,2.1600,2.1000,2.1400,11122700
20131115,2.1600,2.1900,2.1300,2.1300,18358200
20131118,2.2000,2.2100,2.1500,2.1600,22927100
20131119,2.1900,2.2100,2.1800,2.2000,16471300
20131120,2.2400,2.2600,2.1800,2.2000,29337800
20131121,2.2100,2.2300,2.1900,2.2200,20838400
20131122,2.2000,2.2200,2.1800,2.2100,10613900
20131125,2.1900,2.2100,2.1800,2.2000,14579100
20131126,2.2000,2.2000,2.1700,2.1900,12009200
20131127,2.2200,2.2300,2.1900,2.2000,17267100
20131128,2.2300,2.2500,2.2100,2.2300,20738200
20131129,2.2500,2.3000,2.2100,2.2300,25317400
20131202,2.2000,2.2400,2.1800,2.2100,26336800
20131203,2.2500,2.2800,2.1900,2.2000,28308300
20131204,2.2900,2.3000,2.2200,2.2400,40483700
20131205,2.2800,2.3000,2.2600,2.2900,16956300
20131206,2.2600,2.2800,2.2500,2.2700,18942200
20131209,2.2500,2.2800,2.2400,2.2700,11621500
20131210,2.2400,2.2600,2.2200,2.2500,16559300
20131211,2.2000,2.2300,2.1900,2.2300,19253800
20131212,2.2100,2.2100,2.1900,2.2000,13628900
20131213,2.1900,2.2000,2.1800,2.1900,13731300
20131216,2.1400,2.1900,2.1300,2.1900,23368600
20131217,2.1200,2.1500,2.1100,2.1400,17248300
20131218,2.1100,2.1200,2.1000,2.1200,14419000
20131219,2.1000,2.1300,2.0900,2.1200,14672000
20131220,2.0400,2.1100,2.0300,2.1100,14760900
20131223,2.1100,2.1200,2.0400,2.0500,19114900
20131224,2.0900,2.1200,2.0600,2.1100,8755700
20131225,2.0900,2.1000,2.0700,2.0900,5866100
20131226,2.0600,2.0900,2.0500,2.0800,8223600
20131227,2.0900,2.1000,2.0500,2.0500,10349400
20131230,2.0800,2.1100,2.0700,2.1000,7789900
20131231,2.0900,2.1000,2.0700,2.0800,6985000
20140101,2.0900,2.0900,2.0900,2.0900,0
20140102,2.0800,2.1000,2.0800,2.0900,6628600
20140103,2.0700,2.0800,2.0500,2.0800,8817800
20140106,2.0200,2.0700,2.0100,2.0600,12049300
20140107,2.0200,2.0300,2.0000,2.0100,7114200
20140108,2.0100,2.0400,2.0000,2.0200,7939500
20140109,1.9800,2.0100,1.9700,2.0000,11767000
20140110,1.9800,2.0200,1.9500,1.9800,12539200
20140113,1.9700,2.0000,1.9600,1.9600,8751100
20140114,1.9900,2.0000,1.9600,1.9700,6957100
20140115,2.0000,2.0000,1.9800,2.0000,5717200
20140116,2.0000,2.0100,1.9900,2.0000,7639900
20140117,1.9700,2.0000,1.9500,2.0000,8863500
20140120,1.9700,1.9700,1.9500,1.9700,6819300
20140121,1.9800,1.9900,1.9600,1.9600,4170600
20140122,2.0200,2.0400,1.9800,1.9800,10131200
20140123,2.0000,2.0200,2.0000,2.0200,7757100
20140124,2.0200,2.0300,1.9900,2.0000,7746000
20140127,2.0200,2.0200,2.0000,2.0100,6665500
20140128,2.0100,2.0300,2.0100,2.0100,6460800
20140129,2.0300,2.0300,2.0100,2.0200,4988900
20140130,2.0100,2.0300,2.0100,2.0200,4793300
20140131,2.0100,2.0100,2.0100,2.0100,0
20140203,2.0100,2.0100,2.0100,2.0100,0
20140205,2.0100,2.0100,2.0100,2.0100,0
20140206,2.0100,2.0100,2.0100,2.0100,0
20140207,2.0100,2.0200,2.0000,2.0100,5919900
20140210,2.0500,2.0600,2.0100,2.0200,14934500
20140211,2.0600,2.0700,2.0300,2.0500,14082600
20140212,2.0400,2.0700,2.0300,2.0600,20012000
20140213,2.0200,2.0500,2.0200,2.0400,21647300
20140214,2.0600,2.1000,2.0100,2.0200,31665700
20140217,2.0500,2.0700,2.0400,2.0600,26294300
20140218,2.0600,2.0900,2.0300,2.0500,48210700
20140219,2.0600,2.0700,2.0300,2.0400,26936700
20140220,2.0800,2.0900,2.0500,2.0600,32225000
20140221,2.0200,2.0700,2.0100,2.0700,37714700
20140224,1.9700,2.0200,1.9600,2.0100,35801700
20140225,1.9400,1.9900,1.9300,1.9700,29386600
