20130226,12.9300,13.4200,12.8000,13.1000,10176100
20130227,13.1300,13.3300,12.8400,13.0000,7307600
20130228,13.8600,14.2000,13.0200,13.1600,19933600
20130301,14.1000,14.1100,13.6300,13.6800,15637800
20130304,13.9500,14.5300,13.6600,13.8800,17921100
20130305,14.0900,14.1500,13.5000,14.0600,11656500
20130306,13.8200,14.4900,13.6800,14.0400,13956000
20130307,13.5300,13.8500,13.3800,13.7500,9328700
20130308,13.6000,13.7500,13.3600,13.5600,5483200
20130311,13.6300,13.7500,13.3300,13.6000,4511300
20130312,12.8000,13.6600,12.5800,13.6400,8907500
20130313,12.7200,12.8400,12.4600,12.8100,4353800
20130314,12.6800,12.8800,12.6000,12.7200,3130300
20130315,12.2900,12.7700,12.1200,12.7400,5862300
20130318,11.9500,12.3800,11.9000,12.2300,4212000
20130319,12.1400,12.1700,11.7200,11.9300,3694500
20130320,12.4400,12.4500,12.0300,12.1400,5158100
20130321,12.5900,12.7900,12.4000,12.4400,5740000
20130322,12.6900,12.8200,12.3500,12.5000,6830200
20130325,12.4600,12.7000,12.4300,12.6500,3465000
20130326,12.0200,12.4000,11.9600,12.4000,4371100
20130327,11.9700,12.2300,11.8600,12.0100,3474500
20130328,11.1300,11.9500,10.9000,11.9500,7387400
20130329,11.1300,11.2300,11.0400,11.1300,2174300
20130401,11.1300,11.2500,11.0400,11.1000,2341400
20130402,11.1800,11.3300,11.0800,11.1300,2498800
20130403,10.9500,11.2600,10.7800,11.1800,3057800
20130404,10.9500,10.9500,10.9500,10.9500,0
20130405,10.9500,10.9500,10.9500,10.9500,0
20130408,10.7900,10.9200,10.6000,10.9200,2561100
20130409,11.0800,11.1500,10.8000,10.8000,3652100
20130410,11.2000,11.5000,11.0000,11.0800,5486800
20130411,10.8700,11.3100,10.8600,11.2600,4012400
20130412,10.7000,10.9900,10.6400,10.8200,2345700
20130415,10.3200,10.6000,10.2600,10.6000,2350500
20130416,10.4400,10.4900,9.9900,10.0100,2045600
20130417,10.4100,10.5100,10.3100,10.4400,1625700
20130418,10.3200,10.4800,10.1400,10.3500,2459900
20130419,10.5600,10.6500,10.3400,10.3600,4541200
20130422,10.7800,10.8200,10.4500,10.5300,4430500
20130423,10.4800,10.9200,10.4500,10.7600,4188400
20130424,10.7800,10.8200,10.5000,10.5600,3129500
20130425,10.4000,10.7700,10.3800,10.6800,3143300
20130426,10.2300,10.5900,10.2000,10.5500,2259000
20130429,10.2300,10.2300,10.2300,10.2300,0
20130430,10.2300,10.2300,10.2300,10.2300,0
20130501,10.2300,10.2300,10.2300,10.2300,0
20130502,9.9400,10.1700,9.8900,10.1700,2560100
20130503,10.2500,10.3700,10.0000,10.0000,2744700
20130506,10.5500,10.5900,10.4200,10.4300,2435300
20130507,10.8500,10.9100,10.4000,10.4100,5568400
20130508,10.7700,10.9200,10.6500,10.7900,4151100
20130509,10.9000,10.9600,10.7100,10.8000,5562500
20130510,11.1300,11.3800,10.7900,10.9200,8375300
20130513,10.8900,11.0900,10.7300,11.0100,5236100
20130514,10.7000,10.8600,10.6300,10.8200,2509300
20130515,10.8400,10.8700,10.6500,10.6700,3216600
20130516,11.1700,11.1800,10.6800,10.7500,6385400
20130517,11.6100,12.1000,11.4300,11.4300,12234900
20130520,12.1000,12.2000,11.5000,11.5000,10728500
20130521,12.2100,12.2700,11.9100,12.1300,7774900
20130522,12.0300,12.4700,11.9100,12.3400,6850300
20130523,11.7800,12.1000,11.7100,11.9800,6414300
20130524,12.0000,12.0600,11.8200,11.8400,4763200
20130527,12.0600,12.2400,12.0000,12.0400,5770400
20130528,12.1700,12.2100,11.9100,12.0300,5903300
20130529,12.0000,12.2400,11.9400,12.2000,6540000
20130530,11.8500,11.9600,11.7600,11.9200,4501300
20130531,11.8500,12.0100,11.7800,11.8800,3398800
20130603,11.8900,11.9500,11.7700,11.8500,2761100
20130604,11.2000,11.8300,11.1600,11.8300,4102900
20130605,11.2000,11.3000,11.0800,11.2300,2650600
20130606,11.1300,11.4000,11.1000,11.2500,2762600
20130607,10.6900,11.2600,10.6300,11.2000,3447500
20130610,10.6900,10.6900,10.6900,10.6900,0
20130611,10.6900,10.6900,10.6900,10.6900,0
20130612,10.6900,10.6900,10.6900,10.6900,0
20130613,10.1300,10.4900,10.0400,10.3200,3104700
20130614,10.3300,10.3400,10.1100,10.1600,3339700
20130617,10.4700,10.6000,10.2000,10.3500,3348100
20130618,10.3700,10.4800,10.2300,10.3800,2548900
20130619,10.2700,10.2900,10.0300,10.2900,2746900
20130620,9.9100,10.1900,9.8900,10.1300,2642900
20130621,9.8000,9.9100,9.5000,9.7000,2552400
20130624,8.8200,9.7800,8.8200,9.7500,2836600
20130625,8.8500,8.9500,8.0600,8.8100,3475100
20130626,8.9700,9.0400,8.6200,8.8300,2983700
20130627,8.6500,9.1000,8.6400,9.0000,3008400
20130628,8.6700,8.8700,8.4500,8.6100,2599100
20130701,9.0000,9.0800,8.5700,8.6600,3314500
20130702,9.0300,9.0800,8.8300,9.0000,2899200
20130703,8.8600,8.9600,8.7300,8.9600,2146000
20130704,8.9900,9.2800,8.7600,8.8700,4582000
20130705,9.1000,9.4000,8.9900,9.0500,4182800
20130708,8.3600,8.9300,8.3500,8.9300,4921200
20130709,8.4900,8.7500,8.3200,8.3200,2442200
20130710,8.9200,8.9800,8.4000,8.4900,4805000
20130711,9.2500,9.4100,8.9300,8.9600,6172700
20130712,9.1500,9.4700,9.1300,9.2900,4624600
20130715,9.3000,9.3900,9.0700,9.0700,4059300
20130716,9.3500,9.3800,9.1000,9.3000,3850800
20130717,9.1900,9.4500,9.1400,9.3500,3406200
20130718,8.8700,9.2000,8.8500,9.1100,3290900
20130719,8.5200,8.9700,8.5100,8.8400,3113600
20130722,9.3700,9.3700,8.4000,8.4400,6767600
20130723,9.8400,10.0600,9.5100,9.5100,13824800
20130724,10.1300,10.2000,9.5900,9.6800,13099000
20130725,9.6800,10.0600,9.6400,10.0000,7113200
20130726,9.7600,9.8900,9.5100,9.6300,4646800
20130729,9.3700,9.7500,9.3600,9.5700,3861600
20130730,10.3100,10.3100,9.2300,9.4300,9465700
20130731,10.4700,10.8000,10.1000,10.6300,17998600
20130801,10.9000,11.2200,10.2200,10.4400,17407000
20130802,10.6500,11.0500,10.5600,10.7800,11702600
20130805,10.7700,10.8700,10.6000,10.6000,6679000
20130806,10.7900,11.0200,10.4500,10.6100,8628800
20130807,10.4400,10.7500,10.4100,10.7500,6593100
20130808,10.5700,10.7500,10.4700,10.4700,4577700
20130809,10.8100,11.0600,10.6200,10.6200,9713200
20130812,11.1000,11.3600,10.8900,11.1600,10535500
20130813,11.0100,11.1700,10.7600,11.0900,6084000
20130814,10.6900,11.0600,10.6300,11.0000,6389500
20130815,10.4700,10.7800,10.4600,10.6200,4106300
20130816,10.4300,10.8300,10.3400,10.4500,5397900
20130819,10.7200,10.7500,10.4700,10.4700,3802400
20130820,10.3800,10.8400,10.2600,10.6800,4852500
20130821,10.5600,10.6700,10.2800,10.4600,3148500
20130822,10.3200,10.5200,10.2900,10.5100,4466900
20130823,10.5300,10.6500,10.0200,10.3500,5522400
20130826,10.8200,10.9000,10.3700,10.4100,6594900
20130827,10.8200,10.9500,10.7100,10.9300,5591000
20130828,10.5800,10.8000,10.5700,10.7700,5083200
20130829,10.7200,10.8800,10.6100,10.6700,5789700
20130830,10.1400,10.7100,10.1300,10.6600,6555400
20130902,10.2200,10.4100,10.1100,10.1500,3397600
20130903,10.4600,10.4700,10.1500,10.2800,3752600
20130904,10.4500,10.5700,10.3300,10.4800,3064800
20130905,10.5600,10.6500,10.3400,10.4000,4096300
20130906,10.4800,10.5900,10.3700,10.5000,3248900
20130909,10.7500,10.9000,10.4700,10.4900,6392700
20130910,10.8200,10.8800,10.6700,10.8200,5143700
20130911,10.8900,11.0500,10.7600,10.8200,8817400
20130912,10.7000,10.8900,10.6900,10.8800,5159400
20130913,10.6600,10.8000,10.6100,10.7200,3621700
20130916,10.4000,10.7400,10.3600,10.6600,4246400
20130917,10.2600,10.4600,10.2500,10.3800,2642100
20130918,10.5700,10.6000,10.2500,10.2500,2176000
20130920,10.5700,10.5700,10.5700,10.5700,0
20130923,10.6900,10.7600,10.5000,10.6300,3580300
20130924,10.5900,10.7300,10.4900,10.6400,3215500
20130925,10.7800,10.9500,10.4400,10.5500,6539200
20130926,10.2900,10.7300,10.2400,10.7300,4931000
20130927,10.2900,10.5700,10.2800,10.2900,3284100
20130930,10.3200,10.4000,10.2400,10.2400,1986700
20131001,10.3200,10.3200,10.3200,10.3200,0
20131002,10.3200,10.3200,10.3200,10.3200,0
20131003,10.3200,10.3200,10.3200,10.3200,0
20131004,10.3200,10.3200,10.3200,10.3200,0
20131007,10.3200,10.3200,10.3200,10.3200,0
20131008,10.4600,10.6200,10.3000,10.3200,2402600
20131009,10.7100,10.7800,10.4300,10.4500,5390400
20131010,10.7800,10.9500,10.4900,10.7100,8366200
20131011,10.8000,11.0600,10.7300,10.8000,6565000
20131014,11.1900,11.2500,10.6600,10.8500,10596200
20131015,10.8700,11.1700,10.8000,11.1200,9314600
20131016,11.3400,11.8700,10.9000,10.9000,22192000
20131017,11.6100,11.9500,11.2000,11.3200,20152000
20131018,11.4600,11.6000,11.2300,11.5000,9077900
20131021,11.7800,11.9600,11.2800,11.4500,12856500
20131022,11.5800,12.1900,11.5500,11.7000,12911300
20131023,11.1100,11.5000,10.9800,11.4000,10576200
20131024,11.1800,11.2100,10.8300,11.1000,4897400
20131025,10.7500,11.3300,10.6900,11.1800,5650200
20131028,10.3400,10.7900,10.2300,10.7000,6360100
20131029,9.8600,10.4500,9.4500,10.3400,6485800
20131030,9.9100,9.9400,9.7000,9.7800,4209900
20131031,9.7700,9.9200,9.6500,9.9200,2406200
20131101,9.7700,9.8700,9.6600,9.7700,2694000
20131104,9.8100,9.9300,9.7800,9.8300,2469400
20131105,9.8500,9.9500,9.6000,9.8000,2827400
20131106,9.7300,9.9900,9.7000,9.8500,3571700
20131107,9.7500,9.9700,9.6500,9.7000,3229000
20131108,9.1700,9.7100,9.1100,9.6300,4556000
20131111,9.2800,9.4200,9.1500,9.1600,2121500
20131112,9.4300,9.4400,9.1500,9.2600,2244500
20131113,9.2000,9.4000,9.1600,9.4000,2572700
20131114,9.2900,9.3700,9.1900,9.2800,2572000
20131115,9.5500,9.6200,9.3200,9.3300,4204600
20131118,9.8000,9.8400,9.5300,9.5500,5045300
20131119,9.8000,9.8600,9.7200,9.8200,3463700
20131120,9.9400,9.9600,9.7000,9.7900,3406300
20131121,9.8100,9.9000,9.7600,9.9000,3044100
20131122,9.7700,9.8800,9.7100,9.7800,2294700
20131125,9.7900,9.8700,9.6900,9.7600,2588000
20131126,9.9000,9.9500,9.7000,9.8200,2826000
20131127,9.9000,10.0600,9.8300,9.9000,3448800
20131128,10.1400,10.2800,9.9300,9.9500,6410200
20131129,10.0500,10.1100,9.9700,10.1000,4941300
20131202,9.4500,9.8800,9.3700,9.8000,4591600
20131203,9.7300,9.7900,9.4500,9.4500,2816200
20131204,10.0200,10.1400,9.6500,9.7000,5474200
20131205,10.0900,10.1500,9.9600,9.9800,3078300
20131206,10.0900,10.2700,10.0000,10.1500,3429700
20131209,10.1900,10.2300,10.0100,10.1100,4170600
20131210,10.2600,10.3700,10.1400,10.2000,6031000
20131211,10.0100,10.3100,9.9300,10.2700,3709900
20131212,10.0200,10.1400,9.9700,10.0100,1839900
20131213,10.0300,10.1200,9.8800,9.9800,3855000
20131216,9.8500,10.0600,9.8300,10.0200,2386100
20131217,9.6800,9.9200,9.5500,9.8800,2831500
20131218,9.6300,9.7300,9.6100,9.6500,1307200
20131219,9.5800,9.7500,9.5700,9.6800,1565700
20131220,9.3100,9.6400,9.2400,9.6000,1823500
20131223,9.3000,9.4200,9.1400,9.3100,1514100
20131224,9.2900,9.4900,9.2300,9.3500,2303600
20131225,9.3600,9.3800,9.2500,9.3100,3020800
20131226,8.9800,9.3600,8.9600,9.3600,3284600
20131227,9.0700,9.1200,8.9500,8.9700,2143600
20131230,9.1500,9.1700,9.0400,9.1000,1776300
20131231,9.1900,9.2500,9.0300,9.1200,1775600
20140101,9.1900,9.1900,9.1900,9.1900,0
20140102,9.2200,9.2400,9.1300,9.1600,1487500
20140103,9.0500,9.2100,8.9800,9.2000,1892700
20140106,8.6900,9.0300,8.6800,9.0300,2182200
20140107,8.7700,8.8300,8.6600,8.7000,1067100
20140108,8.8100,8.8200,8.7100,8.7600,1455200
20140109,8.7400,8.9300,8.7300,8.7900,2137900
20140110,8.5500,8.7800,8.4800,8.7300,1739600
20140113,8.7100,8.8500,8.5300,8.5300,1475500
20140114,8.8600,8.8900,8.6100,8.6900,1714800
20140115,8.8600,8.8600,8.7100,8.8000,1338800
20140116,8.9500,9.0900,8.7900,8.7900,1699300
20140117,8.7500,8.9400,8.7500,8.8900,1503500
20140120,8.6700,8.8000,8.6000,8.7400,947300
20140121,8.8400,8.8500,8.6600,8.7000,1375500
20140122,9.0500,9.0900,8.7700,8.7700,2821000
20140123,8.9900,9.1000,8.9000,9.1000,2195900
20140124,9.1700,9.2300,8.9700,8.9900,3704300
20140127,9.1100,9.1900,9.0200,9.1100,1964300
20140128,9.0000,9.1400,8.9000,9.1000,1761800
20140129,9.0100,9.0600,8.9400,9.0100,1590000
20140130,8.7900,9.0000,8.6400,9.0000,2597300
20140131,8.7900,8.7900,8.7900,8.7900,0
20140203,8.7900,8.7900,8.7900,8.7900,0
20140205,8.7900,8.7900,8.7900,8.7900,0
20140206,8.7900,8.7900,8.7900,8.7900,0
20140207,8.8800,8.9000,8.6100,8.6100,2184200
20140210,9.1500,9.1800,8.9000,8.9000,6224900
20140211,9.2200,9.3800,9.1500,9.1600,5452200
20140212,9.3600,9.4000,9.1600,9.2800,4109700
20140213,9.2800,9.4900,9.2600,9.3400,5960500
20140214,9.4500,9.5200,9.2900,9.2900,4235300
20140217,9.7600,9.8000,9.4700,9.4700,7830800
20140218,9.8800,10.0800,9.6700,9.7500,9176600
20140219,9.8500,9.9400,9.7500,9.8500,4700600
20140220,9.7800,10.0400,9.7000,9.8400,3988300
20140221,9.7700,10.0500,9.6800,9.7800,4326400
20140224,9.8700,9.8900,9.5200,9.6700,3414300
20140225,9.5300,9.8700,9.2300,9.8700,3862900
