20130226,12.2300,12.7200,12.0500,12.1500,27713300
20130227,12.5700,12.8100,12.3000,12.3000,24187800
20130228,13.0400,13.0600,12.5200,12.7900,28628400
20130301,12.9100,13.1200,12.6800,13.0400,21357100
20130304,12.0200,12.5500,11.8500,12.5000,33305800
20130305,12.4900,12.5200,12.0100,12.0600,24266700
20130306,12.4900,12.7500,12.4000,12.6400,18844100
20130307,12.5900,12.9200,12.3000,12.6700,30257200
20130308,12.2900,12.6600,12.1500,12.6000,13389800
20130311,12.2400,12.4100,12.1100,12.2900,13173300
20130312,11.9000,12.4400,11.7300,12.1700,26319100
20130313,11.5700,11.8800,11.4200,11.8500,18973800
20130314,11.5600,11.6900,11.4500,11.5000,11987600
20130315,11.6100,11.9600,11.2000,11.6100,27257800
20130318,11.4300,11.5800,11.2900,11.3900,17524500
20130319,12.0000,12.2800,11.4200,11.4600,33510200
20130320,12.5300,12.5900,11.8900,12.0000,42728600
20130321,12.4400,12.6800,12.3300,12.4400,31007000
20130322,12.6200,12.7500,12.4000,12.4400,36512100
20130325,12.2300,12.7300,12.2100,12.6000,21009900
20130326,11.8400,12.1700,11.7000,12.1600,27593600
20130327,11.9400,12.0800,11.5400,11.8600,26118900
20130328,11.2100,11.5600,10.7500,11.5600,25421800
20130329,11.0300,11.3000,11.0300,11.2000,14890900
20130401,11.1100,11.2300,11.0300,11.0400,10705000
20130402,11.2000,11.3500,11.0400,11.1500,15171300
20130403,11.0300,11.2800,10.9900,11.1800,13297600
20130404,11.0300,11.0300,11.0300,11.0300,0
20130405,11.0300,11.0300,11.0300,11.0300,0
20130408,10.8800,10.9500,10.5500,10.7400,14066200
20130409,11.4100,11.4900,10.9700,10.9800,26246500
20130410,11.3300,11.4400,11.1100,11.4300,16789700
20130411,11.0400,11.4600,11.0300,11.3800,12359700
20130412,11.0000,11.1800,10.9400,11.0400,12797200
20130415,11.2900,11.7600,10.9000,10.9200,30110000
20130416,11.9800,12.0800,11.1500,11.1700,56354200
20130417,11.9200,12.0800,11.7000,11.9900,34961700
20130418,11.9600,12.1000,11.7200,11.7700,34251100
20130419,12.2000,12.3800,11.9300,12.0000,65855700
20130422,11.9800,12.2700,11.9200,12.1300,35735500
20130423,11.2500,11.9900,11.2300,11.9200,32170900
20130424,11.7100,11.8200,11.1500,11.2800,34661800
20130425,11.6600,11.9800,11.3700,11.5900,31649000
20130426,11.6100,11.8500,11.4600,11.7500,19159600
20130429,11.6100,11.6100,11.6100,11.6100,0
20130430,11.6100,11.6100,11.6100,11.6100,0
20130501,11.6100,11.6100,11.6100,11.6100,0
20130502,11.7600,11.8500,11.4400,11.5000,18079300
20130503,12.0000,12.2600,11.8500,11.8500,55416800
20130506,12.1900,12.2000,11.9600,12.1500,36865400
20130507,11.9700,12.1300,11.8500,12.1300,27514100
20130508,11.8100,12.1000,11.6800,11.9600,23196500
20130509,11.6400,11.8000,11.3000,11.7700,41227000
20130510,11.5500,11.7500,11.4700,11.5500,18091700
20130513,11.3600,11.6000,11.3000,11.5600,20985600
20130514,11.2900,11.4100,11.1600,11.3000,17643200
20130515,11.3600,11.4200,11.2800,11.3000,14681500
20130516,11.6700,11.7700,11.2500,11.3500,30772600
20130517,11.7600,11.8200,11.5700,11.6800,26842300
20130520,11.8300,12.0300,11.7200,11.8200,31313600
20130521,11.8000,11.8400,11.7000,11.8000,20363800
20130522,11.7600,12.0000,11.7200,11.8400,21750600
20130523,11.4600,11.8800,11.4400,11.7000,25792100
20130524,11.5500,11.6400,11.4300,11.5000,14495300
20130527,11.7600,11.8200,11.5100,11.6000,22483900
20130528,12.0400,12.1000,11.7100,11.7700,39248800
20130529,11.9200,12.1600,11.9100,12.1200,28737300
20130530,12.0200,12.2000,11.8600,11.9100,32272800
20130531,11.7500,12.1500,11.7000,12.0900,24197300
20130603,11.7400,11.9300,11.7000,11.7500,15718700
20130604,11.4200,11.7400,11.3100,11.7300,18569500
20130605,11.3200,11.5200,11.1100,11.4300,18356700
20130606,11.2200,11.3800,11.2000,11.2800,15727500
20130607,10.9700,11.3800,10.8500,11.2400,27019600
20130610,10.9700,10.9700,10.9700,10.9700,0
20130611,10.9700,10.9700,10.9700,10.9700,0
20130612,10.9700,10.9700,10.9700,10.9700,0
20130613,10.3000,10.8200,10.2000,10.8200,19900000
20130614,10.3100,10.4100,10.2000,10.3400,13052000
20130617,10.1500,10.3900,10.1500,10.3800,11307900
20130618,10.2300,10.3100,10.1100,10.2300,10244100
20130619,10.1500,10.1800,9.7900,10.1800,15805800
20130620,9.8900,10.0800,9.8800,10.0300,10213900
20130621,9.8900,10.0700,9.6100,9.6900,13253600
20130624,9.3800,9.9000,8.9000,9.8900,20413400
20130625,9.0900,9.3500,8.4500,9.0900,22559000
20130626,9.0200,9.2100,8.8500,9.1300,16537900
20130627,8.8800,9.1900,8.7000,9.1100,18455100
20130628,9.0800,9.3300,8.6900,8.7500,23681000
20130701,9.1500,9.2000,8.7300,8.9300,12729400
20130702,9.1100,9.2500,8.9000,9.1000,14763800
20130703,8.9500,9.0400,8.7600,9.0400,15682600
20130704,9.0200,9.1000,8.6500,8.7700,25463300
20130705,9.0200,9.2100,8.9500,9.0100,18153200
20130708,8.7600,8.9600,8.5800,8.8100,14284400
20130709,8.6900,8.7500,8.4900,8.5700,12636200
20130710,8.9900,9.0400,8.5900,8.6400,21361800
20130711,9.6400,9.8500,8.9500,8.9900,44877700
20130712,9.2500,9.7000,9.2300,9.5000,23614100
20130715,9.6500,9.9200,9.3300,9.4000,32235700
20130716,9.7000,9.7800,9.4200,9.5900,20308400
20130717,9.4800,9.8400,9.4600,9.6700,16387500
20130718,9.3100,9.5000,9.2800,9.4300,12385800
20130719,8.9800,9.4600,8.8400,9.3600,18021500
20130722,9.0800,9.1400,8.8500,8.8600,11702000
20130723,9.3600,9.5500,9.1100,9.1500,20089900
20130724,9.5500,9.6400,9.1900,9.2900,24132600
20130725,9.4500,9.7600,9.4100,9.5500,18891900
20130726,9.2600,9.4500,9.2100,9.3400,12494500
20130729,9.0100,9.2000,9.0000,9.1400,11264400
20130730,9.2000,9.4300,9.0100,9.0900,13705700
20130731,9.1500,9.4600,9.0900,9.3500,10623300
20130801,9.4600,9.4800,9.2000,9.2100,18436700
20130802,9.4500,9.6200,9.3900,9.5000,18263600
20130805,9.5700,9.5800,9.3800,9.4500,11192500
20130806,9.5900,9.6500,9.4600,9.5200,14370700
20130807,9.6200,9.8000,9.5600,9.5900,25532000
20130808,9.4900,9.6900,9.4500,9.5600,13174300
20130809,9.6400,9.7300,9.5600,9.6000,18955700
20130812,9.9600,9.9800,9.6200,9.6700,27307000
20130813,9.9300,10.0000,9.8300,9.9800,14365700
20130814,9.8100,10.0700,9.7800,9.9300,16921800
20130815,9.6600,9.8500,9.6200,9.8300,10453300
20130816,9.6700,10.6300,9.5100,9.6000,47255300
20130819,9.4500,9.5200,9.2800,9.3100,27042900
20130820,9.4000,9.6300,9.3600,9.4000,17812600
20130821,9.5100,9.5300,9.3700,9.4800,8774200
20130822,9.4300,9.5700,9.3900,9.4600,11951700
20130823,9.2600,9.5000,9.1000,9.4800,12989100
20130826,9.6700,9.6800,9.3600,9.4600,21481800
20130827,9.7600,9.7700,9.5700,9.6800,13197200
20130828,9.6300,9.7400,9.5400,9.6000,14476600
20130829,9.6800,9.9400,9.6500,9.8100,14749400
20130830,9.7700,9.9100,9.6300,9.6500,21677300
20130902,9.8300,9.9000,9.6800,9.8200,14405700
20130903,9.8500,9.9000,9.7300,9.8400,15778400
20130904,9.7700,9.8700,9.6900,9.8200,12195300
20130905,9.6300,9.7900,9.5900,9.7800,10002300
20130906,9.6800,9.7400,9.5300,9.6000,12792400
20130909,10.1100,10.2800,9.6900,9.7100,43770900
20130910,10.4100,10.4400,10.0000,10.1500,36353600
20130911,10.4000,10.6700,10.3500,10.4900,44920700
20130912,10.5700,10.7300,10.2800,10.3400,33589000
20130913,10.3600,10.6000,10.3100,10.5000,18393200
20130916,10.2300,10.4800,10.1700,10.4000,15517600
20130917,10.0700,10.3500,10.0600,10.2300,13406400
20130918,10.1300,10.1600,9.9100,10.1000,11699300
20130920,10.1300,10.1300,10.1300,10.1300,0
20130923,10.2700,10.2800,10.1000,10.1700,9915400
20130924,10.0800,10.2600,9.9900,10.2600,11274900
20130925,9.9600,10.2000,9.9400,10.0700,9510500
20130926,9.8200,10.0000,9.7300,9.9600,11664200
20130927,9.9000,9.9200,9.8000,9.8200,7617100
20130930,9.8300,9.9800,9.7100,9.9400,9001600
20131001,9.8300,9.8300,9.8300,9.8300,0
20131002,9.8300,9.8300,9.8300,9.8300,0
20131003,9.8300,9.8300,9.8300,9.8300,0
20131004,9.8300,9.8300,9.8300,9.8300,0
20131007,9.8300,9.8300,9.8300,9.8300,0
20131008,9.9200,9.9600,9.6800,9.7300,13331200
20131009,9.9000,9.9600,9.7800,9.8400,12042900
20131010,9.5800,9.9300,9.5600,9.9000,13846000
20131011,9.7800,9.8100,9.6200,9.6500,9627300
20131014,9.7300,9.8500,9.6700,9.7700,9466500
20131015,9.6900,9.8100,9.6300,9.7500,9141800
20131016,9.4200,9.6800,9.3500,9.6800,12330600
20131017,9.4400,9.6600,9.4000,9.5300,11191700
20131018,9.5500,9.6800,9.3700,9.4400,17432900
20131021,9.6300,9.6700,9.3400,9.5700,17579600
20131022,9.5300,9.6600,9.4900,9.5900,10479500
20131023,9.4600,9.7000,9.4400,9.5500,11950400
20131024,9.3700,9.5000,9.3400,9.4600,7600600
20131025,9.2500,9.4800,9.1800,9.4200,10132300
20131028,9.2400,9.3400,9.1800,9.2500,5320300
20131029,9.3900,9.5200,9.1600,9.2800,17849400
20131030,9.4700,9.4800,9.3400,9.4400,11569500
20131031,9.4100,9.4900,9.3900,9.4700,7449200
20131101,9.4600,9.5100,9.3700,9.4300,12136100
20131104,9.3700,9.5300,9.3400,9.4700,8873000
20131105,9.2700,9.3000,9.1000,9.3000,14332100
20131106,9.1200,9.2800,9.1000,9.2400,9816100
20131107,9.0500,9.1600,8.9900,9.1400,7614900
20131108,8.9500,9.1000,8.8000,9.0400,9931800
20131111,8.8700,8.9800,8.8500,8.9300,6146800
20131112,8.9500,9.0300,8.8900,8.9200,8090900
20131113,8.7200,8.9300,8.7200,8.9300,8898300
20131114,8.8200,8.8500,8.7000,8.7700,5023500
20131115,9.2400,9.4300,8.8400,8.8900,30334700
20131118,9.6900,9.6900,9.2400,9.3700,45212200
20131119,9.4600,9.6800,9.4100,9.6700,22633700
20131120,9.5000,9.6000,9.3800,9.5500,13664300
20131121,9.5100,9.5800,9.2600,9.4300,21286600
20131122,9.4200,9.6000,9.4100,9.5200,17142200
20131125,9.3400,9.5600,9.2800,9.3400,13080500
20131126,9.4300,9.5400,9.3200,9.3600,12162900
20131127,9.8100,9.8300,9.3800,9.4400,34081000
20131128,9.8100,9.9400,9.7100,9.7600,24350800
20131129,9.7800,9.8500,9.7200,9.8200,11788500
20131202,10.1300,10.4600,9.9000,10.0500,58860600
20131203,10.1200,10.2300,9.9500,10.2200,19680000
20131204,10.1100,10.2900,10.0500,10.0700,22061300
20131205,10.1600,10.2700,10.0500,10.0800,17742800
20131206,9.9500,10.2000,9.9200,10.1400,15562200
20131209,9.9700,10.1700,9.9400,9.9900,11811100
20131210,9.9300,10.0500,9.8900,10.0000,10979300
20131211,9.6600,9.9000,9.5500,9.8700,15645300
20131212,9.6300,9.7300,9.5800,9.6300,8954300
20131213,9.7200,9.7900,9.5400,9.5800,8451400
20131216,9.4700,9.8700,9.4000,9.8400,13722600
20131217,9.3800,9.5300,9.3400,9.4700,13690400
20131218,9.4200,9.5200,9.3700,9.3900,9550600
20131219,9.3900,9.5400,9.3500,9.4600,10817800
20131220,9.1800,9.4700,9.1600,9.4100,13122800
20131223,9.2100,9.3200,9.0100,9.1900,7601100
20131224,9.1600,9.3200,9.0800,9.2500,7898300
20131225,9.2900,9.3400,9.1300,9.1800,10612400
20131226,9.0700,9.2800,9.0600,9.2800,8348100
20131227,9.2500,9.3200,9.0700,9.0900,14459900
20131230,9.3000,9.3600,9.2200,9.3200,10429800
20131231,9.4600,9.4900,9.2300,9.2500,13520100
20140101,9.4600,9.4600,9.4600,9.4600,0
20140102,9.3700,9.4600,9.2900,9.4400,9730300
20140103,9.1900,9.3600,9.1400,9.3600,9806600
20140106,9.1000,9.1600,9.0000,9.1600,10419500
20140107,9.1200,9.1900,9.0300,9.0900,6176900
20140108,9.2300,9.3400,9.1000,9.1300,11587000
20140109,9.1300,9.3800,9.0900,9.1900,7714900
20140110,9.0000,9.0600,8.8500,9.0200,11090500
20140113,8.9600,9.0700,8.9000,9.0200,4877400
20140114,9.1000,9.1400,8.9600,8.9700,5130600
20140115,9.0500,9.1200,8.9200,9.1200,5737700
20140116,9.1200,9.2000,8.9600,9.0600,8556300
20140117,9.1800,9.2800,9.0400,9.1300,11053000
20140120,9.2600,9.3100,9.1000,9.1300,10024700
20140121,9.3000,9.4900,9.2600,9.3000,10907600
20140122,9.4700,9.4800,9.2900,9.3200,12555100
20140123,9.3300,9.4700,9.3300,9.4700,8874500
20140124,9.4300,9.4700,9.2700,9.2900,12375100
20140127,9.1300,9.3600,9.1100,9.3300,13095200
20140128,9.1500,9.2600,9.0900,9.1800,6897700
20140129,9.2000,9.2300,9.1400,9.2100,6692500
20140130,9.0900,9.1800,9.0800,9.1600,5946000
20140131,9.0900,9.0900,9.0900,9.0900,0
20140203,9.0900,9.0900,9.0900,9.0900,0
20140205,9.0900,9.0900,9.0900,9.0900,0
20140206,9.0900,9.0900,9.0900,9.0900,0
20140207,9.1200,9.1300,8.9000,9.0600,7356400
20140210,9.3000,9.3600,9.1500,9.1500,16570200
20140211,9.3500,9.4600,9.2500,9.2900,14705000
20140212,9.3800,9.4800,9.2800,9.3600,12416400
20140213,9.1900,9.3400,9.1500,9.2800,18798300
20140214,9.2300,9.2400,9.1500,9.1700,9974900
20140217,9.2700,9.3300,9.2100,9.2900,13782200
20140218,9.0600,9.2800,9.0100,9.2800,14450200
20140219,9.1700,9.2200,9.0100,9.0500,12336800
20140220,9.0100,9.2600,9.0100,9.1700,14141200
20140221,8.7400,9.0300,8.6700,8.9800,19837900
20140224,8.6400,8.7000,8.5100,8.6800,11377600
20140225,8.3700,8.7300,8.3200,8.6500,17676500
