20130226,8.7300,8.8800,8.6500,8.7900,1225300
20130227,8.8900,8.9600,8.7400,8.8300,1818000
20130228,9.0000,9.0100,8.8200,8.9500,1519300
20130301,9.1300,9.1500,8.9600,8.9700,2956100
20130304,8.9100,9.2100,8.7400,9.1000,2960300
20130305,9.1800,9.2000,8.8100,8.8100,2804900
20130306,9.2900,9.3200,9.1400,9.2500,2799100
20130307,9.3600,9.3700,9.2000,9.2900,3442400
20130308,9.2700,9.4600,9.2500,9.4400,2151000
20130311,9.2200,9.3900,9.1700,9.2900,1742800
20130312,8.9500,9.3100,8.8900,9.1900,2270800
20130313,8.7400,8.9600,8.6700,8.9000,1578800
20130314,8.9200,8.9300,8.7200,8.7400,1407400
20130315,8.9500,9.0200,8.7700,8.9200,1226700
20130318,8.8000,8.9500,8.7700,8.8500,992400
20130319,8.7000,8.8700,8.5700,8.8100,1394900
20130320,8.9000,8.9000,8.6800,8.6800,1967800
20130321,9.1000,9.1100,8.8800,8.8800,2705500
20130322,9.0600,9.1400,8.9700,9.0700,1243200
20130325,9.0800,9.1700,8.9700,9.1000,968400
20130326,8.9100,9.1000,8.8300,9.0100,917300
20130327,9.0200,9.0700,8.9200,8.9200,1051300
20130328,8.7000,9.0000,8.6600,9.0000,1468800
20130329,8.9500,8.9700,8.7000,8.7200,1997100
20130401,8.8300,8.9900,8.7400,8.8700,1904700
20130402,8.6900,8.8800,8.6500,8.8000,979000
20130403,8.6200,8.7200,8.5500,8.7200,1115900
20130404,8.6200,8.6200,8.6200,8.6200,0
20130405,8.6200,8.6200,8.6200,8.6200,0
20130408,8.5700,8.6000,8.4300,8.5800,816500
20130409,8.6000,8.6200,8.5600,8.6000,934400
20130410,8.5900,8.6700,8.5600,8.6100,636800
20130411,8.6000,8.6600,8.5800,8.6300,388100
20130412,8.5900,8.6400,8.5500,8.6300,458000
20130415,8.5400,8.6300,8.4300,8.6300,501900
20130416,8.6100,8.6200,8.4400,8.4500,517600
20130417,8.6500,8.7000,8.5500,8.6000,399300
20130418,8.6700,8.6900,8.5500,8.6000,302000
20130419,8.8500,8.8900,8.6700,8.7000,769300
20130422,8.9500,8.9600,8.8100,8.8300,1257600
20130423,8.7100,8.9500,8.6900,8.9000,1021200
20130424,8.7500,8.8700,8.6400,8.8000,999400
20130425,8.6600,8.7800,8.5900,8.7000,669300
20130426,8.5800,8.6600,8.5400,8.6600,801900
20130429,8.5800,8.5800,8.5800,8.5800,0
20130430,8.5800,8.5800,8.5800,8.5800,0
20130501,8.5800,8.5800,8.5800,8.5800,0
20130502,8.5700,8.6000,8.4900,8.5800,517300
20130503,8.6900,8.7400,8.5800,8.5800,1037600
20130506,8.9200,8.9300,8.6400,8.7000,1699900
20130507,8.9000,8.9800,8.8800,8.9800,1810000
20130508,8.9100,8.9300,8.8000,8.9200,1394300
20130509,8.8700,8.9100,8.8000,8.9100,1067700
20130510,8.9500,8.9500,8.8100,8.8900,1840200
20130513,8.9800,9.1000,8.9100,9.0000,1597600
20130514,8.8800,9.0500,8.7800,9.0500,1196200
20130515,8.9000,8.9700,8.8300,8.8300,859000
20130516,9.1000,9.1100,8.8400,8.9200,2656800
20130517,9.1900,9.2300,9.0300,9.1300,2942200
20130520,9.4500,9.5000,9.1600,9.2400,4406200
20130521,9.4500,9.5300,9.3500,9.4000,2614900
20130522,9.3400,9.4800,9.3100,9.4300,2080200
20130523,9.4300,9.6100,9.1800,9.3400,3737100
20130524,9.4900,9.5000,9.3400,9.3700,2552800
20130527,9.6900,9.7800,9.4900,9.5000,3100500
20130528,9.6500,9.7500,9.5000,9.6900,2093700
20130529,9.6000,9.7000,9.5600,9.6600,2010400
20130530,9.4700,9.6000,9.3500,9.5600,1800300
20130531,9.4600,9.5500,9.3900,9.4600,1782200
20130603,9.3400,9.4800,9.3100,9.4400,1481500
20130604,9.2400,9.3800,9.1800,9.3500,1470400
20130605,9.2700,9.2800,9.1800,9.2400,826700
20130606,9.2100,9.3000,9.1600,9.2200,953900
20130607,9.0900,9.2600,9.0100,9.1800,1289600
20130610,9.0900,9.0900,9.0900,9.0900,0
20130611,9.0900,9.0900,9.0900,9.0900,0
20130612,9.0900,9.0900,9.0900,9.0900,0
20130613,8.7400,9.0100,8.6500,9.0100,835100
20130614,8.8100,8.8900,8.7400,8.7400,775900
20130617,8.8300,8.8600,8.6900,8.8100,1334600
20130618,8.8100,8.8600,8.7400,8.8300,627300
20130619,8.7100,8.7900,8.6100,8.7900,727700
20130620,8.4200,8.7200,8.4000,8.6600,734300
20130621,8.4100,8.4200,8.2200,8.3800,741100
20130624,7.8300,8.4600,7.5700,8.3700,2719400
20130625,8.0900,8.3900,7.4600,7.6000,3202100
20130626,8.2000,8.3200,8.0500,8.0500,2086700
20130627,7.9300,8.2800,7.8800,8.2800,1086800
20130628,8.0700,8.0800,7.7600,7.9500,707900
20130701,8.3600,8.3800,8.0800,8.0800,1416700
20130702,7.7700,7.8600,7.7000,7.8500,1324400
20130703,7.7700,7.7800,7.6200,7.7200,767400
20130704,7.8100,7.8700,7.6600,7.6600,622800
20130705,7.8000,7.8700,7.7500,7.8300,680600
20130708,8.5600,8.5800,7.7100,7.8600,10118700
20130709,8.4400,8.6900,8.2400,8.5600,7696100
20130710,8.7200,8.9400,8.2900,8.4900,9962600
20130711,8.7500,8.7600,8.4600,8.5000,6687000
20130712,8.7400,9.1500,8.6500,8.7000,6310000
20130715,8.6800,8.7300,8.5100,8.6200,3372400
20130716,8.7800,8.8400,8.5400,8.6800,4168700
20130717,8.6900,8.9500,8.6000,8.7900,4387700
20130718,8.6200,8.6900,8.5600,8.6700,2493000
20130719,8.2000,8.7700,8.1800,8.7500,3657000
20130722,8.1300,8.1700,8.0100,8.1500,1918600
20130723,8.3300,8.4200,8.1100,8.1100,2567500
20130724,8.2700,8.3600,8.1600,8.3300,2005300
20130725,8.1000,8.4000,8.0500,8.2800,1939300
20130726,7.9800,8.1700,7.9500,8.0600,1524400
20130729,8.0900,8.0900,7.9200,8.0000,1071800
20130730,8.1300,8.2500,7.9200,8.0400,1396600
20130731,8.0800,8.1700,8.0400,8.0900,897700
20130801,8.2900,8.3000,8.1100,8.1100,1827500
20130802,8.2500,8.3400,8.2000,8.3400,1471600
20130805,8.3400,8.3400,8.1600,8.2500,1506800
20130806,8.3300,8.3500,8.2100,8.3400,1356300
20130807,8.1500,8.3300,8.1400,8.3200,1424400
20130808,8.1400,8.2400,8.0800,8.1500,774900
20130809,8.2000,8.2200,8.0900,8.1600,838800
20130812,8.3400,8.3500,8.2000,8.2100,1636700
20130813,8.4200,8.5400,8.3200,8.3300,2081100
20130814,8.3500,8.4800,8.3200,8.4200,1710900
20130815,8.4900,8.6100,8.3200,8.3700,3218000
20130816,8.1200,8.6000,8.1000,8.4200,2614200
20130819,8.2500,8.3100,8.0100,8.0100,1250200
20130820,8.2500,8.2800,8.1500,8.2400,1108700
20130821,8.2700,8.2900,8.1500,8.2600,895700
20130822,8.3300,8.3700,8.2500,8.2500,1029500
20130823,8.1700,8.3700,8.0500,8.3300,1428600
20130826,8.3100,8.3200,8.1500,8.1500,1017700
20130827,8.4500,8.4500,8.3000,8.3100,1628300
20130828,8.4700,8.4900,8.3300,8.4000,1783300
20130829,8.3300,8.5200,8.3100,8.5100,1549500
20130830,8.2900,8.3800,8.2200,8.3800,1948300
20130902,8.3300,8.3400,8.1500,8.2900,879900
20130903,8.4100,8.4200,8.3100,8.3400,1560900
20130904,8.4500,8.4900,8.3600,8.3800,1618000
20130905,8.4200,8.4900,8.3600,8.4500,1650800
20130906,8.7200,8.9500,8.3800,8.4500,6123200
20130909,9.3000,9.5900,8.8100,8.9000,10786200
20130910,9.1500,9.2600,9.0300,9.2600,6015700
20130911,9.0100,9.2300,8.9700,9.1500,3965200
20130912,9.1300,9.4500,8.9800,9.0000,4863500
20130913,9.2000,9.5900,9.1700,9.2100,5863600
20130916,9.7700,9.8100,8.8800,9.1100,9691000
20130917,9.6400,9.7000,9.3500,9.6000,8404200
20130918,9.6400,9.8700,9.3000,9.6300,7654200
20130920,9.6400,9.6400,9.6400,9.6400,0
20130923,10.1200,10.1400,9.6700,9.7400,8931100
20130924,10.3100,10.3500,9.9300,10.0700,8202300
20130925,9.7000,10.3000,9.6800,10.2800,7794200
20130926,9.2600,9.7900,9.2200,9.7300,5486000
20130927,9.4000,9.4400,9.2400,9.3200,2159200
20130930,9.5200,9.6600,9.4200,9.4500,3117200
20131001,9.5200,9.5200,9.5200,9.5200,0
20131002,9.5200,9.5200,9.5200,9.5200,0
20131003,9.5200,9.5200,9.5200,9.5200,0
20131004,9.5200,9.5200,9.5200,9.5200,0
20131007,9.5200,9.5200,9.5200,9.5200,0
20131008,9.5400,9.6300,9.3000,9.5200,2670400
20131009,9.5100,9.6200,9.4000,9.4500,2915700
20131010,9.7900,9.8600,9.4200,9.5100,4801100
20131011,9.8500,9.8900,9.6500,9.7900,4213700
20131014,9.8700,10.0500,9.7300,9.8700,3654000
20131015,9.5600,9.9700,9.4100,9.8700,4371000
20131016,9.2800,9.5400,9.2000,9.4500,2849900
20131017,9.4400,9.6100,9.2900,9.3300,2071800
20131018,9.4800,9.6000,9.3100,9.3800,938700
20131021,9.7800,9.8200,9.5000,9.5000,2816900
20131022,9.9600,10.1000,9.7500,9.8000,6083500
20131023,9.6000,9.9900,9.5500,9.9600,3010700
20131024,9.6000,9.6500,9.4600,9.5000,1501600
20131025,9.3300,9.6900,9.3000,9.6200,1752800
20131028,9.3900,9.4000,9.2800,9.3000,1002000
20131029,9.2600,9.5000,8.9300,9.4800,2388200
20131030,9.3500,9.3500,9.1500,9.2000,993600
20131031,9.4500,9.5200,9.2500,9.3800,1291600
20131101,9.8200,9.8700,9.2800,9.4000,3765000
20131104,9.8300,9.9400,9.7000,9.8000,2592900
20131105,10.0800,10.0900,9.7000,9.7400,3742700
20131106,9.9600,10.1800,9.9000,10.1500,2567700
20131107,10.0100,10.0700,9.8300,9.8600,2780200
20131108,9.5300,9.9900,9.5200,9.9900,2210000
20131111,9.5400,9.5700,9.2800,9.4800,1188600
20131112,10.4900,10.4900,9.5000,9.5000,7605300
20131113,10.2500,10.4800,10.1100,10.4800,6652400
20131114,10.6100,10.7300,10.1600,10.2000,8577000
20131115,10.6300,10.7900,10.4100,10.5800,7162000
20131118,10.7000,10.7300,10.3400,10.4900,6401600
20131119,10.5500,10.7000,10.4200,10.7000,4065600
20131120,10.9000,10.9200,10.4300,10.5700,6571000
20131121,10.4100,10.8700,10.3900,10.8700,4793900
20131122,10.2000,10.4200,10.0900,10.3700,4399000
20131125,10.3100,10.4200,10.1100,10.2200,2399200
20131126,10.4400,10.4500,10.2300,10.3100,1998800
20131127,10.4100,10.5900,10.3000,10.3500,2379800
20131128,10.4600,10.5600,10.3600,10.4300,2590200
20131129,10.3900,10.5100,10.3000,10.4700,2413700
20131202,9.6000,10.2000,9.4500,10.1300,3874800
20131203,9.7900,9.8100,9.4600,9.5400,1560500
20131204,10.0400,10.0500,9.7500,9.8200,2239100
20131205,9.9800,10.1500,9.8800,10.0000,1577200
20131206,9.9800,10.1800,9.9400,10.0500,1743800
20131209,10.0500,10.0900,9.9300,9.9400,1203000
20131210,10.0000,10.1500,9.9800,10.0500,1400300
20131211,9.7500,10.0100,9.7100,10.0000,1401200
20131212,9.8400,9.9200,9.7000,9.7400,857400
20131213,10.0100,10.0600,9.6800,9.7600,1674100
20131216,9.9000,10.0800,9.8200,10.0300,1061600
20131217,9.7600,9.9600,9.7100,9.9000,792000
20131218,9.7800,9.9200,9.6800,9.7800,855700
20131219,9.6300,9.8400,9.6100,9.8200,752700
20131220,9.4300,9.7400,9.4200,9.6300,982000
20131223,9.4100,9.5600,9.2500,9.3600,597000
20131224,9.4200,9.5600,9.3300,9.4300,829900
20131225,9.6200,9.6300,9.4000,9.4900,1143900
20131226,9.3600,9.6900,9.3600,9.6800,973400
20131227,9.7000,9.7500,9.4200,9.4900,1317500
20131230,9.7700,9.8100,9.6100,9.8000,929500
20131231,9.7700,9.8200,9.6300,9.7100,649800
20140101,9.7700,9.7700,9.7700,9.7700,0
20140102,9.9600,9.9600,9.6900,9.7900,1656800
20140103,9.8700,9.9700,9.7600,9.9300,1078800
20140106,9.6600,9.9400,9.6200,9.9100,1640400
20140107,9.8800,9.8800,9.5100,9.6600,1483200
20140108,9.9600,10.0700,9.8600,9.9100,2286200
20140109,9.9600,10.4100,9.9500,10.0100,3280100
20140110,9.9200,10.1200,9.8000,9.8500,1589100
20140113,9.7900,10.0200,9.5400,10.0200,1904100
20140114,9.8400,9.8500,9.6000,9.7100,1587800
20140115,10.3900,10.5300,9.7100,9.8900,3955500
20140116,10.3900,10.6200,10.2000,10.2500,5354700
20140117,10.3200,10.5100,10.2500,10.2500,3020600
20140120,10.4200,10.7200,10.3600,10.4000,3811100
20140121,10.6400,10.7500,10.2800,10.3800,3923000
20140122,11.0900,11.2800,10.5400,10.6000,7700100
20140123,11.0800,11.2500,10.9200,11.1000,4807200
20140124,11.2000,11.4500,10.9600,11.0500,5244500
20140127,10.9300,11.4500,10.8900,11.1100,4571500
20140128,11.0600,11.0800,10.7200,10.9200,3001400
20140129,11.1100,11.1800,10.9100,11.0400,2281800
20140130,10.7500,11.1400,10.7400,11.1100,1719900
20140131,10.7500,10.7500,10.7500,10.7500,0
20140203,10.7500,10.7500,10.7500,10.7500,0
20140205,10.7500,10.7500,10.7500,10.7500,0
20140206,10.7500,10.7500,10.7500,10.7500,0
20140207,10.9300,10.9600,10.5300,10.5800,1801100
20140210,11.2400,11.3700,10.9200,10.9300,3724400
20140211,11.3500,11.8000,11.2200,11.3400,4754900
20140212,11.3700,11.5200,11.2300,11.3600,3273300
20140213,11.1100,11.4900,11.1000,11.3800,3034200
20140214,11.3300,11.3500,11.0600,11.1000,2223200
20140217,11.6500,11.7200,11.3800,11.5500,3624000
20140218,11.3200,11.6800,11.2800,11.5900,3599200
20140219,11.1900,11.5600,11.1500,11.2900,2543500
20140220,10.7600,11.3100,10.7100,11.1900,3381800
20140221,10.6800,10.8700,10.5100,10.7600,2338900
20140224,10.8600,10.8800,10.5500,10.6000,1690900
20140225,10.4800,11.0500,10.3300,10.8900,3024400
