20130226,8.2200,8.4000,8.1900,8.4000,12498100
20130227,8.2800,8.3500,8.1800,8.2600,9175700
20130228,8.4900,8.4900,8.2500,8.3400,11699300
20130301,8.4100,8.4800,8.2800,8.4700,11041700
20130304,7.9800,8.3200,7.9300,8.3200,17070400
20130305,8.0900,8.1000,7.9600,8.0000,8052300
20130306,8.1100,8.1800,8.0300,8.1500,12011600
20130307,8.2300,8.4100,7.9800,8.0600,25483800
20130308,8.1500,8.2800,8.1000,8.1800,9381400
20130311,8.0800,8.1400,8.0200,8.1100,6670500
20130312,7.9300,8.1900,7.8300,8.0700,11005400
20130313,7.9100,7.9800,7.8300,7.9000,7208100
20130314,7.9400,8.0100,7.8400,7.8800,7463900
20130315,7.8300,8.0800,7.8000,7.9600,9627600
20130318,7.7100,7.8900,7.7000,7.8100,7312600
20130319,7.7800,7.8100,7.7100,7.7700,4491900
20130320,7.9600,7.9700,7.7600,7.7900,9091400
20130321,7.9700,8.0800,7.9000,7.9600,9635300
20130322,7.9800,8.0200,7.9300,7.9700,4500300
20130325,8.0000,8.0400,7.9500,7.9900,5198200
20130326,7.8100,7.9900,7.7600,7.9500,7214100
20130327,7.7500,7.9000,7.7300,7.8000,5217700
20130328,7.5300,7.7300,7.4800,7.7300,10645500
20130329,7.5000,7.6000,7.4700,7.5400,5486500
20130401,7.4800,7.5300,7.4400,7.4800,5414800
20130402,7.5400,7.5800,7.4800,7.5000,5121500
20130403,7.5600,7.6200,7.5200,7.5700,5780700
20130404,7.5600,7.5600,7.5600,7.5600,0
20130405,7.5600,7.5600,7.5600,7.5600,0
20130408,7.4900,7.5000,7.3800,7.4500,6218400
20130409,7.6200,7.6600,7.5000,7.5200,8038700
20130410,7.7100,7.7200,7.5400,7.6100,10159500
20130411,7.5700,7.7400,7.5200,7.7300,7867900
20130412,7.4500,7.5800,7.4300,7.5500,5826200
20130415,7.2800,7.4300,7.2300,7.4000,8044300
20130416,7.2900,7.3200,7.1500,7.1900,7770500
20130417,7.2300,7.3800,7.1700,7.2900,8026600
20130418,7.1800,7.2600,7.1200,7.1400,6997200
20130419,7.3300,7.3700,7.1800,7.1800,13062900
20130422,7.2400,7.3200,7.2100,7.2800,8491100
20130423,6.9900,7.2600,6.9800,7.2400,12447900
20130424,7.0700,7.0900,6.9600,6.9900,12169900
20130425,6.8900,7.0700,6.8800,7.0500,11918200
20130426,6.7200,6.9300,6.6600,6.8900,10393300
20130429,6.7200,6.7200,6.7200,6.7200,0
20130430,6.7200,6.7200,6.7200,6.7200,0
20130501,6.7200,6.7200,6.7200,6.7200,0
20130502,6.5800,6.6900,6.5300,6.6900,9057700
20130503,6.6600,6.7600,6.5900,6.6000,9010200
20130506,6.7300,6.7700,6.6800,6.7100,8992600
20130507,6.8100,6.8600,6.6600,6.7400,10470500
20130508,6.7500,6.8800,6.7300,6.8100,8948200
20130509,6.5800,6.7800,6.5100,6.7700,12115800
20130510,6.7100,6.7200,6.5300,6.5500,10939100
20130513,6.7200,6.7600,6.6600,6.7100,8134400
20130514,6.6100,6.7400,6.5500,6.7200,6170200
20130515,6.6000,6.6600,6.5800,6.5900,5207200
20130516,6.7200,6.7300,6.5400,6.6200,8818100
20130517,6.9900,7.0700,6.6900,6.7100,22914700
20130520,6.9400,7.0000,6.8800,6.9500,15087200
20130521,7.0000,7.0600,6.9100,6.9600,11884700
20130522,6.9500,7.0300,6.9100,7.0000,9300200
20130523,6.7900,6.9300,6.7900,6.9100,11590200
20130524,6.8100,6.8600,6.7600,6.7700,6771300
20130527,6.7300,6.8300,6.7200,6.8000,7278500
20130528,6.9300,6.9500,6.6900,6.7200,15599800
20130529,6.8500,6.9400,6.8300,6.9100,9773000
20130530,6.8600,6.9200,6.8100,6.8400,7033000
20130531,6.7600,6.9300,6.7500,6.8900,9369000
20130603,6.7800,6.8600,6.7200,6.7400,8222400
20130604,6.6300,6.7700,6.6100,6.7700,8074900
20130605,6.6400,6.6600,6.5800,6.6100,5184800
20130606,6.6100,6.7100,6.5900,6.6200,6324700
20130607,6.4200,6.6500,6.4000,6.6500,10203600
20130610,6.4200,6.4200,6.4200,6.4200,0
20130611,6.4200,6.4200,6.4200,6.4200,0
20130612,6.4200,6.4200,6.4200,6.4200,0
20130613,6.0900,6.3800,6.0200,6.3800,10194800
20130614,6.1000,6.1500,6.0700,6.1200,7023000
20130617,6.2300,6.2800,6.1200,6.1200,13051400
20130618,6.3400,6.3800,6.2300,6.2300,9763600
20130619,6.5000,6.5900,6.1600,6.3200,12334800
20130620,6.1800,6.5000,6.1700,6.3600,14566000
20130621,6.2200,6.3200,6.0200,6.1000,8312700
20130624,5.6300,6.2200,5.6000,6.1700,12104200
20130625,5.4300,5.7400,5.0800,5.6300,15380600
20130626,5.2700,5.4200,5.1700,5.4000,13287300
20130627,5.1800,5.4000,5.1500,5.2800,11237500
20130628,5.2000,5.3700,5.0800,5.1000,12763000
20130701,5.1600,5.2600,5.0600,5.1800,9181200
20130702,5.1400,5.1900,5.0600,5.1700,6748700
20130703,5.1000,5.1600,5.0600,5.1200,7283900
20130704,5.2500,5.3500,4.9400,5.0800,19945700
20130705,5.2300,5.3000,5.1700,5.2000,11307900
20130708,5.0000,5.1400,4.9800,5.1400,8472500
20130709,5.0400,5.1200,4.9800,5.0200,6217300
20130710,5.2500,5.2600,5.0200,5.0300,11953200
20130711,5.4100,5.5100,5.2300,5.2500,21385300
20130712,5.2300,5.4100,5.2300,5.3800,12403600
20130715,5.2700,5.3400,5.2000,5.2300,11156300
20130716,5.2200,5.2800,5.1200,5.2400,11402800
20130717,5.2300,5.3900,5.1700,5.2000,14751200
20130718,5.0900,5.2300,5.0800,5.1900,10165600
20130719,4.9900,5.1600,4.9800,5.0800,10445300
20130722,5.0200,5.0300,4.9500,4.9700,6309900
20130723,5.1200,5.1800,5.0100,5.0100,10421600
20130724,5.0500,5.1500,4.9900,5.0800,9019400
20130725,5.0600,5.1800,5.0100,5.0600,11059900
20130726,5.0000,5.0500,4.9900,5.0400,7843100
20130729,4.8400,4.9700,4.8400,4.9700,7687200
20130730,4.9100,4.9600,4.8500,4.8600,7896600
20130731,5.0100,5.0100,4.9000,4.9000,9125800
20130801,5.1000,5.1700,5.0000,5.0100,14213400
20130802,5.1400,5.2000,5.0500,5.1400,15946200
20130805,5.2700,5.3700,5.0800,5.1100,15959700
20130806,5.5600,5.6900,5.1600,5.2100,33464000
20130807,5.4100,5.5800,5.4000,5.4500,31572300
20130808,5.3200,5.3900,5.2900,5.3900,13508700
20130809,5.3800,5.4400,5.2800,5.3500,15060700
20130812,5.8100,5.8500,5.3700,5.4100,40460100
20130813,5.6500,5.8100,5.6300,5.8100,22577000
20130814,5.6200,5.8200,5.5900,5.6200,21396800
20130815,5.5200,5.6700,5.5000,5.6400,11577200
20130816,5.4500,5.7900,5.4300,5.5000,20263200
20130819,5.4800,5.5500,5.3700,5.4000,9696100
20130820,5.3900,5.5500,5.3300,5.5000,10502200
20130821,5.4700,5.5100,5.3900,5.4500,9619800
20130822,5.4300,5.5100,5.4100,5.4400,6805700
20130823,5.3800,5.5300,5.2500,5.4800,10250100
20130826,5.5000,5.5100,5.3800,5.4100,11736200
20130827,5.5200,5.5400,5.4600,5.5000,7441800
20130828,5.5900,5.6500,5.4300,5.4800,18103500
20130829,5.4800,5.5700,5.4500,5.5600,10733000
20130830,5.4300,5.5100,5.4100,5.4600,9126000
20130902,5.4900,5.5100,5.3600,5.4500,7964500
20130903,5.5700,5.5800,5.4600,5.5000,11666000
20130904,5.5800,5.6700,5.5200,5.5800,13686700
20130905,5.4900,5.5600,5.4700,5.5600,8063100
20130906,5.5100,5.5400,5.4600,5.4900,6699800
20130909,5.6100,5.6500,5.5000,5.5200,14227800
20130910,5.7300,5.7700,5.6000,5.6200,19917500
20130911,5.9400,6.1500,5.7200,5.7500,42318900
20130912,5.9100,5.9700,5.8300,5.9000,16144000
20130913,5.7700,5.9400,5.7400,5.9400,13762700
20130916,5.7300,5.8200,5.7200,5.7700,6684700
20130917,5.5400,5.7400,5.5200,5.7100,12035400
20130918,5.5500,5.6100,5.4800,5.5200,7451700
20130920,5.5500,5.5500,5.5500,5.5500,0
20130923,5.6000,5.6200,5.5500,5.5800,10699700
20130924,5.5300,5.5900,5.5100,5.5900,7874000
20130925,5.5200,5.5900,5.5100,5.5100,6542100
20130926,5.4200,5.5700,5.4200,5.5000,6599300
20130927,5.5500,5.6100,5.4200,5.4200,9286900
20130930,5.5500,5.5900,5.5100,5.5700,4914900
20131001,5.5500,5.5500,5.5500,5.5500,0
20131002,5.5500,5.5500,5.5500,5.5500,0
20131003,5.5500,5.5500,5.5500,5.5500,0
20131004,5.5500,5.5500,5.5500,5.5500,0
20131007,5.5500,5.5500,5.5500,5.5500,0
20131008,5.6000,5.6200,5.4600,5.5000,6120700
20131009,5.5700,5.6000,5.5200,5.6000,6664100
20131010,5.5000,5.6000,5.4600,5.5900,8767700
20131011,5.5600,5.5900,5.5100,5.5200,7252100
20131014,5.5900,5.6300,5.5400,5.5600,9209100
20131015,5.5700,5.6300,5.5300,5.6100,7537000
20131016,5.4400,5.5700,5.4300,5.5700,7249600
20131017,5.5300,5.6800,5.4300,5.4700,15969500
20131018,5.5000,5.5400,5.4600,5.5000,5631300
20131021,5.5800,5.6000,5.4300,5.5000,12056200
20131022,5.6300,5.6800,5.5000,5.5600,17908000
20131023,5.5900,5.7000,5.5500,5.6100,14468400
20131024,5.5000,5.6200,5.4800,5.6200,7471400
20131025,5.3800,5.5500,5.3300,5.5000,7414600
20131028,5.2000,5.4000,5.1700,5.3900,7679300
20131029,5.1400,5.3000,5.0400,5.2600,9066600
20131030,5.2400,5.2800,5.1000,5.1300,6651900
20131031,5.2200,5.2600,5.2000,5.2400,5465500
20131101,5.2500,5.2800,5.2100,5.2600,4733900
20131104,5.2500,5.3200,5.2200,5.2900,3823400
20131105,5.2200,5.2400,5.1500,5.2200,5384400
20131106,5.2400,5.3500,5.1700,5.2000,7100500
20131107,5.2400,5.3100,5.2000,5.2400,6576300
20131108,5.1700,5.2600,5.1400,5.2600,4647700
20131111,5.1900,5.2100,5.1300,5.1700,2921700
20131112,5.2900,5.3300,5.1700,5.1900,8582400
20131113,5.1700,5.2600,5.1600,5.2600,4997000
20131114,5.2200,5.2700,5.1800,5.1800,5285300
20131115,5.2900,5.3300,5.2100,5.2300,9465800
20131118,5.3900,5.4000,5.2800,5.2800,11344900
20131119,5.3600,5.4100,5.3300,5.4100,7180300
20131120,5.3700,5.4100,5.3300,5.4000,6297000
20131121,5.4500,5.5000,5.3500,5.3600,17298900
20131122,5.5500,5.6700,5.4500,5.5000,19705200
20131125,5.5600,5.6500,5.5100,5.5600,11904900
20131126,5.4300,5.5600,5.4200,5.5600,7026000
20131127,5.5300,5.5400,5.3900,5.4700,13313900
20131128,5.5900,5.7400,5.5900,5.5900,20285500
20131129,5.5500,5.6000,5.5300,5.5900,8303300
20131202,5.4200,5.5300,5.3600,5.4500,11161300
20131203,5.5000,5.5200,5.4000,5.4100,9285300
20131204,5.6200,5.6300,5.4700,5.4900,14218600
20131205,5.5800,5.7300,5.5700,5.6200,13436000
20131206,5.5800,5.5800,5.5300,5.5600,7645000
20131209,5.5800,5.6300,5.5500,5.5800,6072000
20131210,5.5400,5.6400,5.5200,5.5900,6917400
20131211,5.4100,5.5300,5.3700,5.5100,8156400
20131212,5.4100,5.4300,5.3500,5.4000,6024000
20131213,5.3700,5.4100,5.3400,5.3500,4664900
20131216,5.2400,5.3800,5.2400,5.3700,6463300
20131217,5.1800,5.2500,5.1200,5.2400,6201900
20131218,5.1500,5.2000,5.1300,5.2000,5209100
20131219,5.1600,5.2500,5.1500,5.1600,5224100
20131220,5.0600,5.2100,5.0200,5.1600,7031800
20131223,5.0200,5.1100,4.9500,5.0800,3975500
20131224,5.2200,5.3200,5.0200,5.0200,11459100
20131225,5.2200,5.2400,5.1100,5.1900,7319200
20131226,5.2600,5.2900,5.0800,5.1600,11118100
20131227,5.2700,5.3000,5.1800,5.2100,7263800
20131230,5.2100,5.2700,5.1800,5.2500,4715800
20131231,5.2600,5.3500,5.1600,5.1600,7737500
20140101,5.2600,5.2600,5.2600,5.2600,0
20140102,5.1000,5.2500,5.0700,5.2400,9753500
20140103,5.0300,5.0700,5.0100,5.0600,5578200
20140106,4.8800,5.0200,4.8700,5.0000,6384000
20140107,4.8600,4.9200,4.8200,4.8800,3349100
20140108,4.7600,4.8900,4.7400,4.8700,7790700
20140109,4.6500,4.8200,4.6400,4.7600,11041700
20140110,4.5500,4.6500,4.5100,4.6200,13313000
20140113,4.5400,4.6100,4.5200,4.5500,7336000
20140114,4.5400,4.5400,4.4400,4.5200,11624200
20140115,4.4800,4.5300,4.4500,4.5300,5046400
20140116,4.5200,4.5700,4.4300,4.4900,8027600
20140117,4.3500,4.5100,4.3300,4.4900,7207900
20140120,4.2800,4.3500,4.2600,4.3400,5965100
20140121,4.3200,4.3500,4.2800,4.2900,4877900
20140122,4.4400,4.4500,4.3000,4.3300,6960100
20140123,4.4000,4.4500,4.3900,4.4500,5116800
20140124,4.4700,4.5000,4.3700,4.3800,6259500
20140127,4.4600,4.4800,4.3900,4.4300,5909500
20140128,4.4200,4.4800,4.4200,4.4400,3588900
20140129,4.4000,4.4500,4.4000,4.4200,3687000
20140130,4.3000,4.4200,4.2900,4.4000,3899900
20140131,4.3000,4.3000,4.3000,4.3000,0
20140203,4.3000,4.3000,4.3000,4.3000,0
20140205,4.3000,4.3000,4.3000,4.3000,0
20140206,4.3000,4.3000,4.3000,4.3000,0
20140207,4.3700,4.3800,4.2800,4.3000,4762300
20140210,4.4600,4.4700,4.3600,4.3600,7964600
20140211,4.5700,4.6900,4.3800,4.4500,16197400
20140212,4.5300,4.5500,4.5000,4.5300,8261900
20140213,4.5200,4.6000,4.4000,4.5300,9263600
20140214,4.5200,4.5500,4.4600,4.5200,8105200
20140217,4.5600,4.5900,4.5000,4.5400,12943500
20140218,4.4700,4.5600,4.4300,4.5500,8843400
20140219,4.4900,4.5200,4.4300,4.4700,7264000
20140220,4.5100,4.5800,4.4900,4.5000,14882800
20140221,4.4000,4.5200,4.3800,4.5200,8846100
20140224,4.2100,4.3500,4.1900,4.3400,12249000
20140225,4.0900,4.2300,4.0800,4.2100,7936900
