20130226,10.9200,11.4300,10.6200,10.8600,11484200
20130227,10.6100,11.2000,10.5000,10.8000,20550500
20130228,10.7600,10.9400,10.5000,10.5500,15660200
20130301,10.9400,10.9900,10.6400,10.7000,15351000
20130304,10.6300,10.8600,10.5300,10.8200,4826100
20130305,10.6000,10.7700,10.5500,10.6200,7562900
20130306,10.6200,10.6500,10.4800,10.6300,7358200
20130307,10.5700,10.9100,10.4800,10.5400,13524300
20130308,9.9000,10.6000,9.7300,10.5700,17071000
20130311,9.7900,9.9300,9.6200,9.8400,5786600
20130312,9.4000,9.9000,9.3000,9.8100,6834400
20130313,9.3400,9.4400,9.3000,9.3800,2783400
20130314,9.4000,9.4600,9.3300,9.3700,2255800
20130315,9.4200,9.5700,9.3600,9.4700,4874000
20130318,9.0400,9.4400,9.0000,9.4400,4371000
20130319,9.0800,9.1200,8.8300,9.0400,2800000
20130320,9.2600,9.2800,9.0700,9.1100,3989000
20130321,9.3100,9.4100,9.2200,9.3000,4283000
20130322,9.2500,9.3200,9.2000,9.3100,3063500
20130325,9.2800,9.4100,9.2200,9.2600,2849900
20130326,9.2400,9.2900,9.0200,9.2900,3599000
20130327,9.3300,9.3400,9.1500,9.1800,3293600
20130328,8.8000,9.2600,8.8000,9.2600,6840700
20130329,8.7000,8.8800,8.6000,8.8800,4022400
20130401,8.7800,8.8300,8.6100,8.7400,2688000
20130402,8.7700,8.8600,8.6900,8.7600,1972400
20130403,8.6900,8.8100,8.6300,8.8100,1869300
20130404,8.6900,8.6900,8.6900,8.6900,0
20130405,8.6900,8.6900,8.6900,8.6900,0
20130408,8.5700,8.6000,8.4200,8.5300,1991800
20130409,8.8800,8.8800,8.7200,8.7300,3584400
20130410,8.8500,8.9000,8.7500,8.8800,2511700
20130411,8.8200,8.9300,8.8000,8.8600,2311900
20130412,8.7300,8.8600,8.6900,8.7600,1722500
20130415,8.6300,8.7300,8.6000,8.7300,1541900
20130416,8.5900,8.6800,8.4300,8.5100,3055800
20130417,8.5200,8.5600,8.4300,8.5500,1106400
20130418,8.3800,8.5100,8.3200,8.5100,2382800
20130419,8.5800,8.6400,8.3800,8.4000,3100000
20130422,8.7100,8.7400,8.4700,8.4800,2968400
20130423,8.3600,8.7400,8.3500,8.7300,3352200
20130424,8.5200,8.5500,8.3300,8.3600,2025800
20130425,8.3400,8.5100,8.3000,8.5100,2588100
20130426,8.3700,8.4200,8.2100,8.3600,2500000
20130429,8.3700,8.3700,8.3700,8.3700,0
20130430,8.3700,8.3700,8.3700,8.3700,0
20130501,8.3700,8.3700,8.3700,8.3700,0
20130502,8.4400,8.4800,8.3100,8.3700,2382300
20130503,8.5500,8.5800,8.3900,8.4400,3325600
20130506,8.8400,8.8500,8.6100,8.6700,6691900
20130507,8.9600,9.0400,8.8400,8.9000,8607500
20130508,8.9000,8.9800,8.8000,8.9600,3260100
20130509,8.9400,8.9500,8.6600,8.8300,5427000
20130510,8.9000,8.9200,8.8000,8.9200,3379700
20130513,8.7700,8.8800,8.7000,8.8700,2478000
20130514,8.5900,8.7600,8.5700,8.7200,2649500
20130515,8.6700,8.6800,8.5800,8.5800,1928700
20130516,8.7600,8.7700,8.5800,8.6400,3355600
20130517,8.9000,8.9400,8.7200,8.7200,3938200
20130520,9.0900,9.1200,8.8600,8.9000,7400600
20130521,8.9900,9.1100,8.9300,9.0500,6930200
20130522,8.9400,9.0300,8.8600,8.9900,5240000
20130523,8.8400,8.9800,8.8100,8.8500,4079300
20130524,8.8900,8.9000,8.7800,8.9000,4155100
20130527,8.9900,8.9900,8.8600,8.9000,4522300
20130528,9.0900,9.0900,8.9100,8.9800,5040300
20130529,9.1900,9.2100,9.0100,9.0600,8071100
20130530,9.1100,9.2600,9.1000,9.1000,5211500
20130531,9.2500,9.4000,9.1200,9.1800,10269500
20130603,9.2100,9.3300,9.1800,9.2100,6208700
20130604,8.8600,9.1800,8.8100,9.1800,5634100
20130605,8.7100,8.8900,8.6000,8.8800,3688000
20130606,8.6100,8.7000,8.6000,8.7000,2564500
20130607,8.5000,8.6800,8.4600,8.6000,2603700
20130610,8.5000,8.5000,8.5000,8.5000,0
20130611,8.5000,8.5000,8.5000,8.5000,0
20130612,8.5000,8.5000,8.5000,8.5000,0
20130613,8.2000,8.4600,8.1100,8.4600,2631700
20130614,8.2100,8.2800,8.1900,8.1900,2311600
20130617,7.9800,8.2300,7.9800,8.2200,3580600
20130618,8.0800,8.0900,8.0000,8.0000,1653200
20130619,7.8900,8.1100,7.6200,8.1100,3249300
20130620,7.9100,8.0000,7.7200,7.8000,2134800
20130621,7.7900,7.8800,7.6800,7.7600,1773800
20130624,7.2700,7.7800,7.1200,7.7700,2813500
20130625,7.1300,7.3200,6.6900,7.2700,4258300
20130626,7.1500,7.2800,7.0900,7.0900,1849600
20130627,7.1000,7.2500,6.8300,7.1800,2623100
20130628,7.1200,7.1500,6.8500,7.0000,2939800
20130701,7.1300,7.1800,7.0300,7.0300,1828000
20130702,7.0900,7.1500,6.9600,7.1500,2236500
20130703,6.9400,7.0400,6.8500,7.0400,2139500
20130704,7.0400,7.1000,6.8100,6.8100,2267000
20130705,7.0900,7.1300,7.0200,7.0400,2462000
20130708,6.7400,6.9600,6.7000,6.9600,2943000
20130709,6.7300,6.8300,6.6600,6.7400,1547600
20130710,6.9200,6.9300,6.6700,6.7500,2601200
20130711,7.1900,7.2700,6.9500,7.0000,3815400
20130712,7.1100,7.2400,7.0500,7.2000,2797100
20130715,7.1700,7.2000,7.0800,7.0800,2412000
20130716,7.2700,7.3300,7.1000,7.1700,2170000
20130717,7.1100,7.3000,7.0900,7.2600,2186900
20130718,7.0200,7.1100,7.0100,7.1100,2014000
20130719,6.8600,7.0900,6.8500,7.0300,1609300
20130722,7.0800,7.0900,6.8000,6.8500,1647900
20130723,7.2400,7.2500,7.0300,7.0800,2934600
20130724,7.1400,7.2300,7.0300,7.1400,2350400
20130725,7.0400,7.1700,7.0300,7.1300,1607400
20130726,7.1800,7.1900,6.8800,7.0300,3731200
20130729,7.1700,7.4900,7.1600,7.3100,6165400
20130730,6.9900,7.2000,6.9000,7.1500,3932100
20130731,6.9900,7.0700,6.9700,7.0200,1696000
20130801,7.1200,7.1300,6.9700,7.0300,2486500
20130802,7.1500,7.2000,7.1000,7.1200,2598600
20130805,7.2300,7.2400,7.1000,7.1500,2661700
20130806,7.3100,7.3300,7.2000,7.2900,3645300
20130807,7.4100,7.6500,7.3500,7.3500,8496000
20130808,7.3000,7.4800,7.2600,7.4300,4474000
20130809,7.4700,7.5000,7.2200,7.3000,6854000
20130812,7.8100,7.8300,7.4200,7.4200,10811000
20130813,7.8900,7.9200,7.7100,7.8100,6308100
20130814,8.1700,8.4500,7.9000,7.9100,17758800
20130815,7.9300,8.2000,7.9100,8.0900,5834100
20130816,7.7400,7.9800,7.6500,7.9300,7715200
20130819,7.9600,8.0000,7.5400,7.7000,5312400
20130820,7.7200,8.0000,7.6600,7.9100,5574600
20130821,7.6000,7.7400,7.5200,7.7000,5002800
20130822,7.5800,7.7100,7.5300,7.5800,3052500
20130823,7.6000,7.6500,7.4700,7.6100,5208500
20130826,7.7600,7.7600,7.5900,7.6700,4004400
20130827,7.8200,7.8400,7.6700,7.7700,3976900
20130828,7.6700,7.7900,7.6600,7.7200,3686200
20130829,7.8500,7.8700,7.6600,7.7400,5150800
20130830,7.7600,7.9900,7.7000,7.8500,6669500
20130902,7.6100,7.7300,7.4200,7.7100,3569000
20130903,7.7300,7.7500,7.5600,7.5700,3002100
20130904,7.8200,7.8600,7.7300,7.7400,4069200
20130905,7.7300,7.7900,7.6800,7.7900,3180500
20130906,7.6900,7.7300,7.6200,7.7000,2687100
20130909,7.8100,7.8200,7.6200,7.7300,4970800
20130910,8.1300,8.1400,7.7700,7.8000,9870100
20130911,8.0500,8.2500,8.0100,8.1200,10841500
20130912,8.0100,8.1500,7.8800,7.9900,4887400
20130913,7.9900,8.1700,7.9800,8.0600,3825300
20130916,7.8800,8.0100,7.8400,8.0000,3907900
20130917,7.7300,7.9900,7.7200,7.9700,3125100
20130918,7.7700,7.7900,7.7000,7.7700,1516700
20130920,7.7700,7.7700,7.7700,7.7700,0
20130923,7.8900,7.9300,7.7300,7.8000,2380300
20130924,7.8100,7.9400,7.6800,7.8800,2358900
20130925,7.6900,7.8500,7.6800,7.8100,2868200
20130926,7.6200,7.7500,7.6100,7.6500,1923500
20130927,7.5600,7.7000,7.5400,7.6300,2870100
20130930,7.6000,7.6500,7.5000,7.6200,2568100
20131001,7.6000,7.6000,7.6000,7.6000,0
20131002,7.6000,7.6000,7.6000,7.6000,0
20131003,7.6000,7.6000,7.6000,7.6000,0
20131004,7.6000,7.6000,7.6000,7.6000,0
20131007,7.6000,7.6000,7.6000,7.6000,0
20131008,7.7100,7.7600,7.5200,7.5800,2990100
20131009,7.7800,7.8600,7.6500,7.6500,3081400
20131010,7.6600,7.8500,7.6500,7.8300,2915200
20131011,7.8300,7.8400,7.7000,7.7500,3291400
20131014,7.8600,7.9200,7.8200,7.8300,3506200
20131015,8.0100,8.0300,7.6000,7.8000,11863700
20131016,7.9300,8.1500,7.7900,7.9300,13706700
20131017,7.7400,7.9400,7.7000,7.8800,7462600
20131018,7.5800,7.7800,7.5400,7.7200,5411300
20131021,7.8700,7.8800,7.5600,7.5800,6879800
20131022,7.7800,7.9000,7.7500,7.8700,3909100
20131023,7.4900,7.8300,7.4500,7.8200,5467700
20131024,7.4000,7.5400,7.3600,7.5400,3170600
20131025,7.3100,7.4500,7.2700,7.4200,1991900
20131028,7.5100,7.6500,7.2800,7.3300,2478900
20131029,7.2000,7.6300,7.1000,7.4200,4317700
20131030,7.3800,7.4000,7.1300,7.1800,3072400
20131031,7.3300,7.4900,7.3100,7.4000,2694500
20131101,7.2500,7.3000,7.1000,7.2500,2255700
20131104,7.2100,7.2800,7.1600,7.2800,1419600
20131105,7.4200,7.4400,7.1300,7.2100,2962700
20131106,7.2900,7.5000,7.2800,7.4300,3329600
20131107,7.1400,7.2700,7.1200,7.2200,2395200
20131108,7.0700,7.1500,7.0600,7.1000,1982900
20131111,7.0900,7.1400,7.0000,7.0800,1279000
20131112,7.1600,7.1800,7.1000,7.1300,1218100
20131113,7.0200,7.1500,7.0000,7.1500,1779600
20131114,7.0500,7.0700,6.9700,6.9800,1171000
20131115,7.1900,7.2200,7.0600,7.0700,2370900
20131118,7.3000,7.3200,7.1600,7.2000,2678500
20131119,7.2800,7.3400,7.2400,7.3000,1898600
20131120,7.3300,7.3400,7.2700,7.3300,1596800
20131121,7.3200,7.3700,7.2300,7.3300,3036200
20131122,7.4000,7.4800,7.3300,7.3400,2900100
20131125,7.3100,7.4400,7.2700,7.4400,2053400
20131126,7.3400,7.3800,7.2700,7.3600,1502200
20131127,7.4200,7.5400,7.3100,7.3100,3818700
20131128,7.4400,7.5500,7.3900,7.4600,4999200
20131129,7.4700,7.5000,7.4400,7.4700,3105500
20131202,7.1000,7.3800,7.0500,7.3800,4920700
20131203,7.3100,7.3500,7.0700,7.1100,3592500
20131204,7.4200,7.5500,7.2800,7.3500,4734100
20131205,7.4600,7.5100,7.3300,7.4200,3514000
20131206,7.4700,7.5900,7.4200,7.5300,3069100
20131209,7.5400,7.6000,7.4700,7.5300,3791100
20131210,7.5700,7.6500,7.5300,7.6000,3713200
20131211,7.7800,7.9600,7.6400,7.6400,14588400
20131212,7.7300,7.8300,7.6400,7.7000,6464800
20131213,7.6100,7.7200,7.5800,7.6800,3242800
20131216,7.5100,7.7100,7.4900,7.5900,3221700
20131217,7.4700,7.5500,7.3500,7.4700,3470600
20131218,7.7000,7.7800,7.5600,7.5600,6454500
20131219,7.6600,7.8800,7.6400,7.7500,7667000
20131220,7.8200,7.9700,7.6400,7.6800,11977200
20131223,7.8500,8.0100,7.6600,7.7600,7771500
20131224,8.0500,8.1200,7.8200,7.8600,12245200
20131225,8.0100,8.0700,7.8700,7.9900,7555200
20131226,7.8000,8.2000,7.7500,8.1000,7947900
20131227,7.9900,8.0500,7.7900,7.8500,6907200
20131230,7.8600,8.1500,7.8300,8.0400,6368700
20131231,7.7300,7.8400,7.6800,7.8400,4238300
20140101,7.7300,7.7300,7.7300,7.7300,0
20140102,7.7600,7.8200,7.7200,7.7300,2861400
20140103,7.5500,7.7700,7.5100,7.7700,5798700
20140106,7.2100,7.5500,7.1500,7.5500,5732700
20140107,7.1500,7.2700,7.0700,7.1900,3846000
20140108,7.1900,7.2300,7.1300,7.1600,2331100
20140109,7.4100,7.4400,7.1400,7.1700,5724900
20140110,7.2200,7.4000,7.1700,7.3300,2252100
20140113,7.1100,7.2800,7.0600,7.2300,1808100
20140114,7.1800,7.1800,7.0000,7.1100,2813700
20140115,7.0900,7.1900,7.0500,7.1900,1882300
20140116,7.1200,7.1500,7.0000,7.1100,2337100
20140117,6.9500,7.1200,6.9400,7.1000,2712500
20140120,6.8600,6.9800,6.8200,6.9400,1649200
20140121,6.9800,6.9800,6.8300,6.8600,2058600
20140122,7.1400,7.1700,7.0000,7.0600,2845500
20140123,7.1000,7.1700,7.0800,7.1400,2121200
20140124,7.1500,7.2100,7.0200,7.0500,3473700
20140127,7.1600,7.1900,7.0700,7.1600,1974300
20140128,7.1100,7.2100,7.0800,7.1600,1432300
20140129,7.1300,7.1700,7.0900,7.1300,1438700
20140130,7.0600,7.1500,7.0400,7.1500,1220800
20140131,7.0600,7.0600,7.0600,7.0600,0
20140203,7.0600,7.0600,7.0600,7.0600,0
20140205,7.0600,7.0600,7.0600,7.0600,0
20140206,7.0600,7.0600,7.0600,7.0600,0
20140207,7.1000,7.1100,6.9900,7.0400,1506500
20140210,7.2800,7.2900,7.0900,7.0900,2946800
20140211,7.2800,7.3100,7.1800,7.2600,3545100
20140212,7.3600,7.3800,7.2200,7.2800,3537600
20140213,7.3400,7.3800,7.2000,7.3400,4193700
20140214,7.3900,7.4200,7.2800,7.3300,3957800
20140217,7.5800,7.6900,7.3100,7.4100,6783800
20140218,7.4200,7.5400,7.3700,7.5100,6064600
20140219,7.4600,7.4700,7.3500,7.4100,4782100
20140220,7.4400,7.6100,7.4200,7.4700,6071900
20140221,7.2600,7.4100,7.2000,7.4000,5117600
20140224,7.1100,7.2700,7.0200,7.2700,3855100
20140225,6.8600,7.1600,6.7800,7.0900,4266300
