20130226,19.3900,20.1400,19.3000,19.7100,25715000
20130227,19.6000,19.7400,19.3700,19.4700,21061300
20130228,20.2200,20.2800,19.5900,19.8000,26528300
20130301,19.6900,20.1800,19.4000,20.1000,28054500
20130304,18.5900,19.4500,18.2800,19.4500,50636800
20130305,18.9200,18.9600,18.4800,18.6900,37549100
20130306,19.4500,19.5800,19.0300,19.0300,34334900
20130307,19.0500,19.3700,18.8000,19.2800,25749300
20130308,19.3400,19.6000,19.0500,19.1000,20660100
20130311,19.2000,19.5600,19.0300,19.1600,13835000
20130312,19.0800,19.3500,18.8000,19.2100,21343600
20130313,18.7400,19.0300,18.6200,19.0000,14967000
20130314,18.7000,18.8600,18.5000,18.5900,18242500
20130315,18.8500,19.2000,18.3800,18.7000,26458600
20130318,18.0000,18.6900,17.9300,18.6800,25278100
20130319,18.0700,18.3400,17.9600,18.1400,19679100
20130320,18.7500,18.7700,18.1100,18.1200,38722200
20130321,18.8600,19.0500,18.7000,18.7400,20827700
20130322,18.8600,19.0700,18.8000,18.8700,14164400
20130325,18.7200,19.0800,18.7100,19.0600,10152400
20130326,18.4200,18.8000,18.1800,18.6600,14050100
20130327,18.6900,18.9800,18.4500,18.4800,12472400
20130328,18.3100,18.7000,18.0900,18.3300,17274900
20130329,18.2900,18.5800,18.2500,18.4500,6070500
20130401,18.4000,18.5000,18.1500,18.1500,9316300
20130402,18.2700,18.6500,18.1000,18.4300,13890600
20130403,18.6400,18.8800,18.3400,18.3900,18570300
20130404,18.6400,18.6400,18.6400,18.6400,0
20130405,18.6400,18.6400,18.6400,18.6400,0
20130408,18.5300,18.7500,18.1600,18.2500,20172700
20130409,19.3300,19.4500,18.7000,18.7000,35170700
20130410,19.6000,19.7000,19.2100,19.2600,24912400
20130411,19.3300,19.8800,19.3300,19.7800,16772500
20130412,19.4300,19.6800,19.2700,19.3000,14143000
20130415,19.1200,19.6500,18.9400,19.3500,13181400
20130416,19.9400,19.9600,18.9000,18.9800,30312100
20130417,19.9500,20.0600,19.6900,19.8200,20674400
20130418,20.0200,20.1200,19.7000,19.7900,18596600
20130419,20.1800,20.3800,19.7900,20.0600,36846300
20130422,19.7100,19.9900,19.4700,19.8600,29166700
20130423,18.8100,19.6900,18.7800,19.6900,22646700
20130424,19.3600,19.4900,18.8100,18.9500,17015100
20130425,19.0100,19.5600,18.8500,19.4900,29226900
20130426,18.7600,19.1300,18.7200,19.1300,19668500
20130429,18.7600,18.7600,18.7600,18.7600,0
20130430,18.7600,18.7600,18.7600,18.7600,0
20130501,18.7600,18.7600,18.7600,18.7600,0
20130502,18.7700,19.0000,18.6900,18.7900,16333700
20130503,18.9900,19.4600,18.8200,18.9000,15393200
20130506,19.1200,19.3000,18.9000,19.1100,20335300
20130507,18.8500,19.1200,18.7800,19.0100,15852500
20130508,19.3800,19.4300,19.0000,19.0000,22698000
20130509,19.1400,19.4000,19.0000,19.4000,14064900
20130510,19.3400,19.3800,19.0100,19.1400,12541400
20130513,19.1800,19.5500,19.1100,19.3600,13684000
20130514,18.5300,19.2000,18.3700,19.1000,32062800
20130515,18.5400,18.6500,18.4400,18.6300,12646500
20130516,18.8700,18.9200,18.2100,18.5400,19450700
20130517,19.2100,19.3500,18.6400,18.8000,25654900
20130520,19.3200,19.5900,19.1600,19.2400,17941300
20130521,19.2700,19.4600,19.1600,19.3200,11580100
20130522,19.2700,19.4300,19.1700,19.3000,12704600
20130523,18.7800,19.1700,18.7200,19.1500,16621000
20130524,18.7800,18.9900,18.5200,18.8900,14230400
20130527,18.7000,18.9000,18.6400,18.6500,11056600
20130528,19.2400,19.2500,18.6200,18.7000,15951800
20130529,19.0500,19.3900,19.0400,19.2400,17755400
20130530,18.8700,19.1300,18.8100,18.9500,15706800
20130531,18.6100,19.0400,18.5100,18.9500,17310200
20130603,18.6200,18.8200,18.5000,18.7400,13070800
20130604,18.4900,18.6700,18.4100,18.6400,13649000
20130605,18.4300,18.5800,18.3800,18.4900,12030400
20130606,18.3200,18.5400,18.2700,18.4200,10421700
20130607,17.9300,18.4200,17.8800,18.3600,18689300
20130610,17.9300,17.9300,17.9300,17.9300,0
20130611,17.9300,17.9300,17.9300,17.9300,0
20130612,17.9300,17.9300,17.9300,17.9300,0
20130613,17.2500,17.8500,17.0900,17.8500,27578700
20130614,17.4000,17.4400,17.2000,17.3500,16051600
20130617,17.5300,17.7000,17.3400,17.5400,13280900
20130618,17.4900,17.8200,17.3800,17.5300,11578600
20130619,17.3600,17.4700,17.0800,17.4700,13091500
20130620,17.0400,17.3900,17.0000,17.2500,15551200
20130621,17.3300,17.5600,16.6900,16.8100,22636000
20130624,16.3100,17.1500,16.2100,17.1300,29305300
20130625,15.9100,16.3800,15.0100,16.2000,45010600
20130626,15.4700,15.9000,15.1300,15.9000,46193500
20130627,15.5000,15.8500,15.3600,15.5200,28878100
20130628,15.9300,16.0800,15.3000,15.4500,22142400
20130701,15.6300,15.9300,15.3900,15.8100,21940600
20130702,15.6100,15.7400,15.4700,15.6600,24825700
20130703,15.4900,15.7300,15.4200,15.5500,16567100
20130704,15.5900,15.8500,15.4000,15.4500,26063200
20130705,15.8100,15.8500,15.5900,15.6500,23411000
20130708,15.4300,15.6800,15.2500,15.5600,16538800
20130709,15.4000,15.5600,15.3600,15.4000,17494700
20130710,15.9200,15.9700,15.3500,15.3800,28962900
20130711,16.8900,17.2800,15.9200,15.9300,37347700
20130712,16.4300,16.9600,16.2900,16.8000,20835200
20130715,16.4200,17.0300,16.3500,16.5800,25918700
20130716,16.6400,16.9200,16.1300,16.3800,17792600
20130717,16.6900,16.9900,16.4700,16.6500,20498100
20130718,16.5300,16.7800,16.4500,16.6000,14381300
20130719,16.3600,16.8600,16.2900,16.5500,15684700
20130722,16.2600,16.3100,16.0000,16.0400,14235900
20130723,16.7300,16.9300,16.2500,16.4800,16208400
20130724,16.2300,16.6900,16.1200,16.5400,17723800
20130725,16.4800,16.6400,16.3400,16.4100,13106100
20130726,16.5400,16.5600,16.2500,16.3600,10275600
20130729,16.1400,16.4600,16.0800,16.3500,11202900
20130730,16.4500,16.6900,16.2100,16.3300,13163800
20130731,16.3400,16.7500,16.1700,16.5800,11861400
20130801,16.6300,16.7300,16.3600,16.4800,13327600
20130802,16.6700,16.9200,16.6100,16.7400,15408200
20130805,16.8300,16.8600,16.5700,16.7100,8699300
20130806,16.6000,16.8200,16.4000,16.7700,15922900
20130807,16.2900,16.8200,16.2500,16.6000,21335800
20130808,16.2500,16.4200,16.1500,16.3000,12747700
20130809,16.2200,16.4100,16.0400,16.3400,8772500
20130812,16.8200,16.8400,16.2500,16.3800,25052900
20130813,16.9600,17.0000,16.6300,16.7500,18997800
20130814,17.1700,17.3400,16.8700,16.9000,24523900
20130815,17.0600,17.3300,17.0500,17.0500,11002600
20130816,16.9700,18.7300,16.6700,17.0000,37148900
20130819,17.1300,17.2500,16.6500,16.7500,17548700
20130820,16.6900,17.2800,16.6000,17.0300,18824000
20130821,16.7300,16.9300,16.5200,16.6500,10590400
20130822,16.7100,16.9500,16.6400,16.6900,9601000
20130823,16.6100,16.8500,16.2900,16.8400,12917800
20130826,17.1200,17.1800,16.7100,16.8100,17897100
20130827,17.0800,17.3000,16.9500,17.0800,12842600
20130828,16.9700,17.2800,16.7100,16.9500,25347000
20130829,16.8500,17.2200,16.7800,17.2000,8537800
20130830,17.3000,17.3700,16.8200,16.8700,32865300
20130902,17.1800,17.5000,17.1100,17.4300,30430200
20130903,17.4400,17.5400,17.2100,17.3300,23213500
20130904,17.3400,17.4400,17.2900,17.3200,13380400
20130905,17.3800,17.4400,17.3000,17.3700,10530400
20130906,17.6200,17.7800,17.3300,17.3800,19444400
20130909,18.5300,18.8500,17.6400,17.8000,60660600
20130910,18.8000,18.8500,18.4300,18.8400,32173900
20130911,18.9000,19.6500,18.8000,18.9500,50375400
20130912,19.6300,20.1200,18.5800,18.8000,65496900
20130913,19.5000,20.3000,19.3000,19.5300,42872700
20130916,19.3600,19.9600,19.1400,19.7800,28200100
20130917,18.6000,19.5800,18.5600,19.4000,33162600
20130918,18.6300,18.8000,18.4000,18.6000,17387800
20130920,18.6300,18.6300,18.6300,18.6300,0
20130923,18.6000,18.8900,18.4400,18.6900,18069300
20130924,17.9600,18.5300,17.9100,18.4600,25577800
20130925,18.0000,18.3700,17.9500,18.0800,18026000
20130926,17.4500,17.9700,17.3500,17.9000,22638000
20130927,17.5600,17.6200,17.3500,17.4000,9477000
20130930,17.5700,17.9500,17.4500,17.8500,12826600
20131001,17.5700,17.5700,17.5700,17.5700,0
20131002,17.5700,17.5700,17.5700,17.5700,0
20131003,17.5700,17.5700,17.5700,17.5700,0
20131004,17.5700,17.5700,17.5700,17.5700,0
20131007,17.5700,17.5700,17.5700,17.5700,0
20131008,17.8300,17.8400,17.2700,17.5500,18316400
20131009,17.7800,17.9700,17.5800,17.7000,13603700
20131010,17.4700,17.8500,17.3900,17.8000,18899300
20131011,17.8900,17.9000,17.5200,17.6200,18277700
20131014,17.9600,18.2400,17.6000,17.8900,23464900
20131015,17.8600,18.0500,17.7200,17.8600,13190900
20131016,17.4900,17.8400,17.3500,17.7200,12216800
20131017,17.3500,17.6100,17.3300,17.5100,8876900
20131018,17.3600,17.6400,17.2500,17.4500,13488000
20131021,17.5500,17.6000,17.1300,17.4000,14932300
20131022,17.3100,17.5100,17.1800,17.5000,11796100
20131023,17.0800,17.5800,17.0500,17.4000,14775300
20131024,16.6000,17.1400,16.5600,17.0800,17965700
20131025,16.5600,16.7800,16.3700,16.6100,13156900
20131028,16.7100,16.7900,16.5300,16.7000,8749900
20131029,16.9700,17.1700,16.6000,16.7800,17669500
20131030,17.1300,17.1500,16.7900,17.0500,15170700
20131031,17.1400,17.2600,17.0400,17.1500,12260500
20131101,17.3700,17.4200,17.1300,17.2500,14976000
20131104,17.0800,17.5400,17.0200,17.4500,9379900
20131105,17.1600,17.2000,16.7200,16.9900,13835500
20131106,16.9500,17.1300,16.9300,16.9900,9135800
20131107,16.9800,17.1000,16.7700,16.9500,9108600
20131108,16.7000,17.0700,16.6000,16.8900,8699800
20131111,16.6300,16.8300,16.5800,16.6100,8444400
20131112,17.2800,17.3000,16.7500,16.7500,16523700
20131113,16.9800,17.0900,16.8800,17.0700,15072100
20131114,17.0300,17.1900,16.9800,17.1400,8798000
20131115,17.7100,17.8500,17.0100,17.0100,29777200
20131118,19.4800,19.4800,17.7500,17.8900,88079000
20131119,20.1900,20.4600,19.7600,19.9000,112817600
20131120,20.2700,20.4000,19.8300,20.3000,76481504
20131121,19.7000,20.1000,19.5100,20.0500,67332496
20131122,19.6800,20.0400,19.4000,19.7500,53200500
20131125,19.5400,20.3600,19.4100,19.5100,59295800
20131126,19.4600,19.8500,19.2100,19.5400,36703100
20131127,19.8200,20.0200,19.3300,19.5500,50775500
20131128,19.5900,20.1000,19.5700,19.8200,46560300
20131129,19.5700,19.6600,19.4000,19.6000,21428700
20131202,19.8100,20.2400,19.4800,19.5100,60053300
20131203,19.3500,19.6800,18.9700,19.6100,45645900
20131204,19.5500,19.9600,19.2100,19.3000,39375900
20131205,19.8800,20.0800,19.4500,19.4900,30421000
20131206,19.5000,20.1300,19.2700,19.8100,37318500
20131209,19.7600,19.9900,19.4900,19.7800,30044100
20131210,19.4900,19.8700,19.3400,19.8200,26406400
20131211,18.6200,19.3400,18.4000,19.3200,32439800
20131212,18.4500,18.7100,18.2300,18.5500,23241300
20131213,18.4600,18.5800,18.1100,18.1900,18215800
20131216,18.1000,18.5100,18.0600,18.4700,16509000
20131217,18.0800,18.1800,17.9200,18.1600,19148600
20131218,18.0000,18.2100,17.9500,18.0600,17800700
20131219,18.0100,18.2600,17.9600,18.1900,20635400
20131220,17.4700,18.0800,17.3900,18.0000,31695800
20131223,17.7900,17.9300,17.4300,17.5500,18162800
20131224,17.9200,18.1300,17.7600,17.8100,14371400
20131225,18.1800,18.2200,17.7900,17.9800,13343600
20131226,17.9800,18.2100,17.8900,18.1000,13044800
20131227,18.5200,18.6800,17.9800,18.0800,19865400
20131230,18.3700,18.6500,18.3100,18.5500,12059900
20131231,18.5300,18.7400,18.2400,18.2500,9216300
20140101,18.5300,18.5300,18.5300,18.5300,0
20140102,18.1300,18.5300,18.0300,18.5300,12082400
20140103,17.7300,18.0800,17.5300,18.0000,17225200
20140106,17.2400,17.6400,16.9100,17.6400,30175500
20140107,17.1400,17.2400,16.9500,17.0000,10571800
20140108,17.2100,17.4400,16.9800,17.2000,12748600
20140109,17.0400,17.3200,16.9800,17.1400,11030200
20140110,17.0500,17.2000,16.9300,16.9800,9498400
20140113,17.0100,17.2800,16.9800,17.1500,10135700
20140114,17.2200,17.3000,16.9800,16.9900,9861700
20140115,17.1100,17.2500,17.0100,17.1600,6765900
20140116,17.2900,17.5100,17.1000,17.2000,29894700
20140117,17.0200,17.2800,17.0000,17.1000,15742300
20140120,17.0400,17.2100,16.9200,17.0000,16795300
20140121,17.1500,17.3800,17.0300,17.0800,15179400
20140122,17.4700,17.5000,17.0500,17.1500,20176900
20140123,17.1000,17.4300,17.0200,17.4300,25796800
20140124,17.0000,17.2200,16.9900,17.0000,22424100
20140127,16.4500,17.0000,16.4000,17.0000,34119600
20140128,16.5700,16.6600,16.4500,16.5000,17173200
20140129,16.6900,16.7500,16.5800,16.6400,11874800
20140130,16.3700,16.6500,16.3500,16.6500,12972700
20140131,16.3700,16.3700,16.3700,16.3700,0
20140203,16.3700,16.3700,16.3700,16.3700,0
20140205,16.3700,16.3700,16.3700,16.3700,0
20140206,16.3700,16.3700,16.3700,16.3700,0
20140207,16.1200,16.2700,15.8600,16.2700,27149900
20140210,16.4600,16.4900,16.1600,16.2000,19212900
20140211,16.7600,16.9000,16.3500,16.4800,29668700
20140212,16.7200,16.8700,16.6100,16.7700,14975900
20140213,16.5700,16.8000,16.5000,16.7000,16824700
20140214,16.5600,16.6800,16.5000,16.5600,22956800
20140217,16.8000,16.8700,16.6400,16.7100,23149800
20140218,16.4400,16.8200,16.3800,16.8100,19822900
20140219,16.6700,16.8300,16.3700,16.4400,19517900
20140220,16.4400,16.8400,16.4300,16.7700,17713200
20140221,16.4000,16.5500,16.3300,16.4400,12987300
20140224,16.1100,16.3800,16.0600,16.3800,14796800
20140225,15.8300,16.1800,15.8100,16.1400,18351200
