20130226,12.8000,13.2400,12.7300,13.1500,3643500
20130227,12.9000,13.0600,12.7800,12.7800,1988000
20130228,13.1400,13.1600,12.9000,13.0100,2981100
20130301,13.3000,13.3700,13.1100,13.2000,2837500
20130304,13.0100,13.1300,12.6100,13.1300,3789400
20130305,13.2900,13.3100,12.8100,13.0000,3011100
20130306,13.3300,13.4400,13.1900,13.3000,2574800
20130307,12.9200,13.4200,12.8000,13.3300,2680000
20130308,12.9500,13.3700,12.8000,12.8700,2425000
20130311,12.8800,13.0500,12.8200,12.9000,1205000
20130312,12.4300,13.0200,12.1900,12.9000,5408400
20130313,12.4000,12.5300,12.1300,12.3000,2367100
20130314,12.3800,12.5200,12.2100,12.2900,1801100
20130315,12.3300,12.4900,12.1300,12.3600,2028900
20130318,11.9800,12.3300,11.9600,12.3300,1590400
20130319,12.1300,12.2500,11.9600,12.1000,1361800
20130320,12.4400,12.4500,12.1100,12.1800,2263100
20130321,12.6400,12.7100,12.4800,12.5000,2677200
20130322,13.2300,13.9000,13.1000,13.7000,9873300
20130325,13.2900,13.6600,13.2200,13.3000,5540300
20130326,12.9000,13.0800,12.7200,12.9900,3836700
20130327,12.9300,12.9700,12.7100,12.8000,2266900
20130328,12.8600,12.9500,12.5000,12.8500,3211100
20130329,12.8000,12.9300,12.5100,12.8200,2309700
20130401,13.0200,13.0800,12.7100,12.8800,2113600
20130402,12.5200,13.0500,12.4600,13.0200,2072900
20130403,12.1500,12.4900,12.0800,12.4300,1637300
20130404,12.1500,12.1500,12.1500,12.1500,0
20130405,12.1500,12.1500,12.1500,12.1500,0
20130408,11.9800,12.0000,11.7200,12.0000,1632400
20130409,12.0600,12.1900,11.9800,11.9800,1097200
20130410,11.9000,12.1600,11.7800,12.0600,1107300
20130411,11.7500,12.0000,11.7300,11.9300,1118500
20130412,11.7200,11.9400,11.6500,11.7600,890900
20130415,11.4200,11.7200,11.3300,11.7200,1093700
20130416,11.5200,11.6000,11.1800,11.3600,987400
20130417,11.5500,11.6500,11.4700,11.5200,860000
20130418,11.6000,11.6500,11.4000,11.5200,977300
20130419,11.9200,11.9700,11.5600,11.6000,1700900
20130422,12.2000,12.3000,11.7900,11.7900,2210500
20130423,11.3700,12.0000,11.3300,11.8000,3179500
20130424,11.5100,11.5500,11.1600,11.1600,1421100
20130425,11.1200,11.5000,11.0900,11.4600,1275500
20130426,10.8000,11.2600,10.7700,11.1200,1369700
20130429,10.8000,10.8000,10.8000,10.8000,0
20130430,10.8000,10.8000,10.8000,10.8000,0
20130501,10.8000,10.8000,10.8000,10.8000,0
20130502,10.8900,10.9100,10.6500,10.8100,659700
20130503,11.0300,11.1200,10.8800,10.8800,1016100
20130506,11.1800,11.1900,11.0000,11.0800,1496100
20130507,11.2900,11.3300,11.0600,11.1500,1319400
20130508,11.2400,11.4000,11.1000,11.2600,1233700
20130509,11.4000,11.4200,11.1500,11.2600,1558800
20130510,11.6000,11.6800,11.4000,11.5000,1697100
20130513,11.5800,11.7900,11.5200,11.7400,1322000
20130514,11.6000,11.6800,11.4200,11.4400,1497500
20130515,11.6000,11.7100,11.4400,11.6000,1208600
20130516,12.0000,12.1500,11.5000,11.6600,3179000
20130517,11.9400,12.0400,11.8000,11.9800,2129300
20130520,12.2000,12.2300,11.9100,11.9100,3402700
20130521,12.1300,12.1900,11.9500,12.1900,2101100
20130522,11.9800,12.1600,11.9500,12.1200,1735700
20130523,12.3300,12.4500,12.0100,12.0500,4205100
20130524,12.3900,12.4300,12.2000,12.3000,1944100
20130527,12.4600,12.4900,12.2500,12.4000,2253400
20130528,12.9100,13.1100,12.4400,12.4500,5729100
20130529,12.8600,12.9400,12.6400,12.7600,2784700
20130530,12.8100,12.8600,12.6500,12.7800,1915700
20130531,12.5000,12.9200,12.4900,12.8500,3091900
20130603,12.2100,12.6100,12.1900,12.5800,1946500
20130604,12.1800,12.3900,12.0300,12.2800,1770600
20130605,12.4200,12.4500,12.1300,12.2500,1561600
20130606,12.0800,12.4000,12.0700,12.3100,1251500
20130607,11.9300,12.1900,11.5600,12.0500,1948700
20130610,11.9300,11.9300,11.9300,11.9300,0
20130611,11.9300,11.9300,11.9300,11.9300,0
20130612,11.9300,11.9300,11.9300,11.9300,0
20130613,11.4300,11.7500,11.3200,11.7000,954800
20130614,11.4500,11.4700,11.1000,11.4600,1197700
20130617,11.4900,11.6000,11.3800,11.4800,1192400
20130618,11.8300,11.9800,11.5000,11.6000,1757000
20130619,12.0100,12.3600,11.7300,11.7300,3205100
20130620,11.5700,12.2500,11.4500,11.9100,1794400
20130621,11.1400,11.5300,11.1100,11.3900,2024000
20130624,10.1600,11.2700,10.0400,11.1400,1734800
20130625,10.0300,10.1600,9.2000,9.9900,1703300
20130626,10.2300,10.2900,9.9000,10.0300,1177600
20130627,9.8300,10.3800,9.8000,10.2400,1596200
20130628,9.8000,10.1000,9.5500,9.5600,1118200
20130701,10.1100,10.1300,9.6800,9.9100,1171800
20130702,10.2900,10.3200,9.9600,10.0400,1318700
20130703,10.1500,10.2900,9.9000,10.2900,1178200
20130704,10.1500,10.3100,9.9000,9.9200,1150000
20130705,10.4000,10.5900,10.1200,10.1600,1678100
20130708,10.2800,10.5200,9.9800,10.2700,1197500
20130709,10.3600,10.5600,10.2100,10.2500,1048100
20130710,10.5400,10.5600,10.2200,10.3200,1505800
20130711,10.7200,10.9400,10.5000,10.5400,2489800
20130712,10.8500,11.0800,10.6700,10.7600,2394500
20130715,11.0000,11.0700,10.8300,10.8300,2090600
20130716,11.0400,11.1800,10.9400,11.1200,1531000
20130717,10.6700,11.1800,10.6200,11.1100,1955700
20130718,10.8000,10.9400,10.6400,10.7200,1418600
20130719,10.2700,10.9400,10.2600,10.9400,1660100
20130722,10.2700,10.3500,9.7000,10.0000,2062200
20130723,10.6100,10.6700,10.2000,10.2400,1534500
20130724,10.5800,10.5900,10.3700,10.5800,1094900
20130725,10.3400,10.6500,10.3000,10.6000,1031400
20130726,10.2100,10.3800,10.0600,10.3800,1031100
20130729,10.0000,10.1500,9.9500,10.1000,968500
20130730,10.1700,10.1800,9.8500,10.0900,943200
20130731,10.1500,10.2800,10.0600,10.2000,745400
20130801,10.7600,10.8000,10.1800,10.2100,2762400
20130802,10.6200,10.8300,10.6000,10.7600,1254300
20130805,10.8000,10.8500,10.5200,10.6100,1126900
20130806,10.8900,10.9300,10.7100,10.8300,1204000
20130807,10.8500,11.0300,10.7100,10.9800,1079000
20130808,10.9500,11.2800,10.7000,10.7600,1839000
20130809,10.9100,11.0400,10.7500,10.9000,1160800
20130812,11.0700,11.1300,10.8500,10.9100,1484700
20130813,11.1900,11.2200,11.0100,11.1000,1602700
20130814,11.0000,11.2600,10.9100,11.2600,1237300
20130815,10.6900,11.1500,10.6800,10.9300,1169500
20130816,10.9900,11.0000,10.6000,10.6000,2366900
20130819,11.6100,11.7300,10.8200,10.9000,3829900
20130820,11.3100,11.6000,11.1200,11.4500,2801100
20130821,11.2200,11.3400,11.0800,11.2000,1559000
20130822,11.0600,11.2600,11.0500,11.1500,1445400
20130823,10.9600,11.1800,10.8300,11.0700,1381300
20130826,11.2000,11.2300,10.9400,10.9800,1002700
20130827,11.2100,11.2100,11.0300,11.1900,1016100
20130828,11.2100,11.3700,11.0900,11.1200,1418400
20130829,11.3700,11.4200,11.1800,11.2000,1738100
20130830,11.1000,11.4500,10.9200,11.3500,1830700
20130902,11.0700,11.1000,10.7900,11.1000,1351800
20130903,11.4100,11.4200,11.1800,11.1800,2237600
20130904,11.3200,11.4700,11.1500,11.4500,1335500
20130905,11.4600,11.5400,11.2300,11.3300,1973200
20130906,11.5600,11.6500,11.3100,11.4600,2224600
20130909,11.4500,11.6500,11.3400,11.5600,3074100
20130910,11.4200,11.5200,11.2900,11.4300,3632000
20130911,11.7800,11.8000,11.3300,11.4500,4960600
20130912,11.4800,11.7800,11.4400,11.7000,2836900
20130913,11.4800,11.5800,11.4000,11.5500,1381400
20130916,11.2000,11.5100,11.1500,11.5000,2652000
20130917,10.9800,11.2700,10.9700,11.2100,2501000
20130918,11.0000,11.0900,10.9300,10.9300,870300
20130920,11.0000,11.0000,11.0000,11.0000,0
20130923,11.1900,11.2400,11.1000,11.1800,1513200
20130924,11.3200,11.4500,11.2200,11.2200,2112600
20130925,11.0900,11.3500,11.0600,11.2800,1682700
20130926,11.3500,11.6500,11.1000,11.1200,3684700
20130927,11.1100,11.6300,11.0500,11.3500,2352200
20130930,10.9300,11.2000,10.8000,11.1100,2559200
20131001,10.9300,10.9300,10.9300,10.9300,0
20131002,10.9300,10.9300,10.9300,10.9300,0
20131003,10.9300,10.9300,10.9300,10.9300,0
20131004,10.9300,10.9300,10.9300,10.9300,0
20131007,10.9300,10.9300,10.9300,10.9300,0
20131008,11.1400,11.1600,10.8200,10.8300,1569300
20131009,11.2600,11.2800,11.0200,11.1400,1690200
20131010,11.0900,11.2500,11.0100,11.2500,1470900
20131011,11.3400,11.4100,11.1100,11.1500,3218400
20131014,11.6700,11.6800,11.1900,11.3300,6563800
20131015,11.4700,11.6800,11.3500,11.6800,3406300
20131016,11.4100,11.5700,11.2000,11.4800,2711100
20131017,11.4500,11.7500,11.3800,11.3800,3854500
20131018,11.4800,11.5900,11.2500,11.4500,2824700
20131021,11.9800,12.1800,11.4800,11.4800,6998300
20131022,12.1300,12.4300,11.8600,11.8600,7686000
20131023,12.1300,12.5500,11.9000,12.3300,5856100
20131024,11.8900,12.2100,11.7200,11.9600,2619600
20131025,12.2400,12.3000,11.7700,11.9100,5547400
20131028,11.9600,12.5500,11.8000,12.1800,5445300
20131029,11.6000,12.0700,10.7600,11.8600,5642000
20131030,12.4500,12.6200,11.5100,11.5100,6612800
20131031,12.2300,12.9700,12.1700,12.6000,7863900
20131101,11.7700,12.0800,11.6100,12.0100,3560000
20131104,12.3900,12.4500,11.7900,11.8500,5340200
20131105,12.5400,12.6500,12.0800,12.2100,7357700
20131106,12.9000,13.5400,12.4300,12.5600,14181100
20131107,12.3400,12.8000,12.2600,12.6000,6842000
20131108,12.4200,12.5800,12.0900,12.2800,4449300
20131111,12.6400,12.6900,12.0900,12.3700,3775400
20131112,12.1900,12.5600,12.0600,12.5300,4478800
20131113,11.4100,12.1300,11.3500,12.1300,4947900
20131114,11.5800,11.6000,11.2500,11.4100,2839300
20131115,11.7000,11.9200,11.5200,11.6500,3145200
20131118,11.9800,12.1100,11.6400,11.6900,3706300
20131119,12.0200,12.2000,11.8700,11.9400,3181000
20131120,12.0400,12.0800,11.9100,12.0700,2472100
20131121,11.8100,11.9900,11.7000,11.9900,3388100
20131122,12.0700,12.1000,11.7200,11.8100,3493000
20131125,12.1900,12.6000,12.0700,12.5800,5666000
20131126,12.0000,12.3000,11.9500,12.1400,3040800
20131127,12.7500,12.7700,11.9100,11.9900,7933800
20131128,12.7000,12.8400,12.5300,12.6900,7056100
20131129,13.1300,13.1900,12.6200,12.6200,7361600
20131202,12.7000,13.1000,12.3600,12.8800,5329600
20131203,13.3800,13.4700,12.6200,12.6200,6372000
20131204,13.4000,13.4700,13.1800,13.2800,5659200
20131205,13.1000,13.5500,13.0300,13.3300,4176900
20131206,13.2900,13.6200,13.0500,13.0500,3861800
20131209,13.1600,13.4400,13.0500,13.3000,2763800
20131210,12.8200,13.2900,12.7300,13.2900,3151700
20131211,12.9000,12.9600,12.5000,12.5000,2452300
20131212,12.9700,13.2500,12.7600,12.7600,2493300
20131213,12.9400,12.9800,12.7200,12.9000,1878500
20131216,12.3700,13.0100,12.3000,12.9200,3015400
20131217,12.2500,12.4900,12.2400,12.3600,1511300
20131218,12.5100,12.7000,12.3300,12.3800,1905200
20131219,12.2300,12.6600,12.2200,12.4900,1257500
20131220,12.1800,12.4700,12.1200,12.1800,846800
20131223,12.4000,12.4800,12.2000,12.3300,1086400
20131224,12.5900,12.7500,12.3900,12.5000,1414100
20131225,12.6900,12.7300,12.5200,12.5600,1502700
20131226,12.1000,12.6800,12.0700,12.6200,1673900
20131227,12.3900,12.5000,12.0800,12.1300,1414100
20131230,12.4600,12.6400,12.3500,12.4200,1070700
20131231,12.3200,12.5000,12.2800,12.3900,979200
20140101,12.3200,12.3200,12.3200,12.3200,0
20140102,12.4900,12.5200,12.2400,12.3000,1383900
20140103,12.7000,12.7400,12.4400,12.5300,2222000
20140106,12.3900,12.9000,12.3500,12.7300,1624700
20140107,12.0200,12.4700,11.8800,12.2100,1876200
20140108,11.7500,12.1000,11.6000,11.9700,2445300
20140109,11.3300,11.8800,11.3000,11.7700,1936700
20140110,11.2900,11.4200,11.0500,11.2000,1476200
20140113,11.2200,11.4800,11.0900,11.3100,2096900
20140114,11.2200,11.2200,11.2200,11.2200,0
20140115,11.2200,11.2200,11.2200,11.2200,0
20140116,11.2200,11.2200,11.2200,11.2200,0
20140117,11.2200,11.2200,11.2200,11.2200,0
20140120,11.2200,11.2200,11.2200,11.2200,0
20140121,11.2200,11.2200,11.2200,11.2200,0
20140122,11.2200,11.3100,10.6800,10.6800,2131900
20140123,11.4900,11.5300,11.1200,11.1200,1691000
20140124,11.5200,11.6000,11.4100,11.4900,1381500
20140127,11.3800,11.5500,11.3000,11.3500,1102000
20140128,11.2900,11.4700,11.1700,11.3200,851900
20140129,11.4900,11.5100,11.3500,11.3700,934100
20140130,11.2500,11.5200,11.1800,11.5200,1115700
20140131,11.2500,11.2500,11.2500,11.2500,0
20140203,11.2500,11.2500,11.2500,11.2500,0
20140205,11.2500,11.2500,11.2500,11.2500,0
20140206,11.2500,11.2500,11.2500,11.2500,0
20140207,11.4200,11.4400,11.0200,11.1100,2074500
20140210,11.6700,11.7200,11.3700,11.4100,2659000
20140211,11.8300,11.9500,11.5400,11.7100,2596600
20140212,11.8500,11.9300,11.7000,11.8400,2083700
20140213,11.9300,12.3500,11.7400,11.8500,3595500
20140214,12.0800,12.1500,11.8600,11.9800,2047300
20140217,12.2200,12.2500,12.0000,12.0900,2639900
20140218,11.9400,12.2300,11.9000,12.1800,3516600
20140219,12.1900,12.4700,11.9800,11.9800,4824500
20140220,11.9900,12.6500,11.9800,12.2800,4174800
20140221,11.8200,11.9700,11.6100,11.8100,3046900
20140224,11.9900,12.0700,11.6100,11.7800,1764800
20140225,11.4300,12.1500,11.3000,12.0000,2163300
