20130226,4.7400,4.9100,4.7300,4.9100,49628600
20130227,4.6900,4.8200,4.6300,4.7700,43536000
20130228,4.7900,4.8100,4.6600,4.7200,44433400
20130301,4.7600,4.8100,4.6900,4.8100,32946300
20130304,4.6400,4.7500,4.6000,4.7200,46079400
20130305,4.7100,4.7300,4.6400,4.6400,33397100
20130306,4.8300,4.8600,4.7300,4.7300,45493500
20130307,4.7800,4.8700,4.7500,4.7900,36415900
20130308,4.7100,4.8000,4.7100,4.7800,16082100
20130311,4.7500,4.8400,4.7200,4.7500,22497500
20130312,4.6100,4.7700,4.5700,4.7500,36331100
20130313,4.4400,4.6000,4.3500,4.6000,45859700
20130314,4.4000,4.4400,4.3700,4.4300,19205700
20130315,4.4400,4.5400,4.4000,4.4000,39562100
20130318,4.3500,4.5000,4.3200,4.4500,29493400
20130319,4.3400,4.3900,4.2600,4.3800,22807400
20130320,4.4200,4.4400,4.3200,4.3400,28268400
20130321,4.4300,4.4700,4.3900,4.4500,26975600
20130322,4.4100,4.4300,4.3800,4.4200,23984600
20130325,4.3900,4.4400,4.3600,4.4200,17749200
20130326,4.2900,4.3800,4.2600,4.3800,35252900
20130327,4.2900,4.3400,4.2700,4.3000,15488600
20130328,4.0600,4.2900,4.0100,4.2700,70875296
20130329,4.0900,4.1500,4.0700,4.0900,32366100
20130401,4.0400,4.1000,4.0000,4.0900,37415600
20130402,3.9900,4.0800,3.9600,4.0300,56679200
20130403,3.9800,4.0300,3.9700,4.0100,32784700
20130404,3.9800,3.9800,3.9800,3.9800,0
20130405,3.9800,3.9800,3.9800,3.9800,0
20130408,3.9800,3.9900,3.9000,3.9500,35781200
20130409,4.0400,4.0600,3.9700,3.9900,26839000
20130410,4.1700,4.1800,4.0200,4.0500,72405800
20130411,4.1300,4.2200,4.1300,4.1700,39888100
20130412,4.0700,4.1600,4.0200,4.1300,35545200
20130415,4.0300,4.0800,3.9800,4.0700,23764300
20130416,4.1000,4.1000,3.9700,3.9900,27837700
20130417,4.0600,4.1200,4.0300,4.1000,20384000
20130418,4.0400,4.0700,4.0100,4.0600,27750500
20130419,4.1200,4.1300,4.0300,4.0500,53895200
20130422,4.0800,4.1100,4.0600,4.0900,29994500
20130423,3.9900,4.1000,3.9700,4.0800,32468600
20130424,4.0300,4.0500,3.9900,4.0000,26286700
20130425,4.0200,4.0600,3.9800,4.0300,26084400
20130426,3.9800,4.0400,3.9800,4.0200,16381000
20130429,3.9800,3.9800,3.9800,3.9800,0
20130430,3.9800,3.9800,3.9800,3.9800,0
20130501,3.9800,3.9800,3.9800,3.9800,0
20130502,3.9400,3.9900,3.9200,3.9800,19595600
20130503,4.0200,4.0400,3.9500,3.9500,24425000
20130506,4.0500,4.0700,4.0200,4.0200,25808700
20130507,4.0800,4.1000,4.0500,4.0800,33380900
20130508,4.1300,4.1400,4.0900,4.1000,39624400
20130509,4.0900,4.1500,4.0600,4.1400,40855900
20130510,4.1000,4.1100,4.0600,4.0800,32335900
20130513,4.1800,4.2300,4.1000,4.1000,56819900
20130514,4.1600,4.2400,4.1300,4.1800,42359800
20130515,4.1900,4.2300,4.1400,4.1600,30684600
20130516,4.2100,4.2400,4.1600,4.1900,29476100
20130517,4.2600,4.2700,4.1900,4.2100,49808700
20130520,4.3200,4.3500,4.2400,4.2600,48402400
20130521,4.3400,4.3700,4.2600,4.3000,41792000
20130522,4.3100,4.3800,4.2800,4.3400,30686300
20130523,4.2300,4.3000,4.2100,4.3000,34210300
20130524,4.3000,4.3400,4.2300,4.2300,44946900
20130527,4.3000,4.3600,4.2800,4.3000,34692900
20130528,4.4500,4.4600,4.3400,4.3600,72580000
20130529,4.4300,4.5300,4.4200,4.4600,44634000
20130530,4.4300,4.5000,4.3800,4.4100,31921100
20130531,4.4000,4.4700,4.3900,4.4400,27673800
20130603,4.4100,4.4600,4.3900,4.4100,26209900
20130604,4.2800,4.4000,4.2600,4.4000,30544500
20130605,4.2900,4.3000,4.2300,4.2800,16872400
20130606,4.2300,4.3100,4.2200,4.2900,17019300
20130607,4.1300,4.2800,4.1000,4.2500,23526000
20130610,4.1300,4.1300,4.1300,4.1300,0
20130611,4.1300,4.1300,4.1300,4.1300,0
20130612,4.1300,4.1300,4.1300,4.1300,0
20130613,3.9900,4.0900,3.9400,4.0900,37566300
20130614,4.0100,4.0200,3.9500,4.0000,23927300
20130617,4.0700,4.1500,3.9600,4.0100,26184400
20130618,4.0700,4.1400,4.0500,4.0600,22853200
20130619,4.0400,4.0800,3.9700,4.0700,15570400
20130620,3.9600,4.0300,3.9500,4.0300,26655600
20130621,3.9400,3.9800,3.8700,3.9300,24019300
20130624,3.7500,3.9400,3.7400,3.9300,30813200
20130625,3.7500,3.7500,3.4000,3.7200,38501200
20130626,3.7300,3.8600,3.7000,3.7500,42552900
20130627,3.6500,3.8100,3.6300,3.7500,31700200
20130628,3.6000,3.7100,3.5400,3.6500,49959800
20130701,3.6200,3.6500,3.5500,3.6100,32496400
20130702,3.5600,3.6200,3.5400,3.6200,44297100
20130703,3.5100,3.5700,3.4800,3.5600,26241500
20130704,3.5700,3.6000,3.4600,3.5200,34250100
20130705,3.5600,3.6000,3.5400,3.5800,22482200
20130708,3.3400,3.4700,3.3400,3.4700,30688700
20130709,3.3500,3.4000,3.3200,3.3400,17951100
20130710,3.4700,3.4700,3.3700,3.3700,31382600
20130711,3.6300,3.7600,3.4800,3.4800,72339696
20130712,3.7000,3.8300,3.6300,3.6600,94122800
20130715,3.7800,3.7900,3.6300,3.6900,67669696
20130716,3.8500,3.9000,3.6800,3.7400,80840896
20130717,3.7900,3.9500,3.7500,3.8300,75758000
20130718,3.6500,3.8100,3.6300,3.7700,64193800
20130719,3.5200,3.7000,3.5100,3.6800,72688000
20130722,3.5700,3.5800,3.4600,3.5000,34552400
20130723,3.8600,3.9200,3.5800,3.5900,116343200
20130724,3.9100,3.9600,3.8100,3.8500,84012096
20130725,4.0300,4.1900,4.0200,4.0800,114923696
20130726,4.0000,4.0900,3.9500,4.0200,41725100
20130729,3.8900,3.9800,3.8300,3.9800,37379600
20130730,3.9900,4.0400,3.8300,3.8900,53478100
20130731,4.0100,4.0700,3.9900,3.9900,28165400
20130801,4.1400,4.1600,4.0500,4.0600,48373400
20130802,4.1000,4.2400,4.0900,4.1600,67703296
20130805,4.1700,4.2100,4.1200,4.1400,52977500
20130806,4.1700,4.2200,4.1200,4.1800,45697500
20130807,4.0700,4.2100,4.0400,4.2000,41870900
20130808,4.0800,4.1400,4.0400,4.1000,32025400
20130809,4.0500,4.1200,3.9900,4.1200,28753300
20130812,4.1600,4.1700,4.0100,4.0700,58914400
20130813,4.1500,4.2200,4.1300,4.2000,33237000
20130814,4.1200,4.2100,4.1000,4.2000,40318800
20130815,4.1400,4.2000,4.1100,4.1300,50086900
20130816,4.1400,4.5500,4.0200,4.1000,105919504
20130819,4.1500,4.1600,4.0700,4.1000,36092700
20130820,4.2200,4.3300,4.1700,4.2200,80229904
20130821,4.2400,4.2600,4.1700,4.2600,31139800
20130822,4.1500,4.2500,4.1400,4.2400,26966200
20130823,4.0700,4.1800,4.0100,4.1700,45390500
20130826,4.1100,4.1300,4.0400,4.0600,29583200
20130827,4.0900,4.1100,4.0400,4.1100,28593800
20130828,4.0200,4.0700,4.0000,4.0600,37989800
20130829,4.0000,4.0500,3.9600,4.0100,41541900
20130830,4.0000,4.0300,3.9600,3.9900,41632200
20130902,4.0500,4.0900,3.9600,4.0000,33242400
20130903,4.1200,4.1300,4.0200,4.0700,31515100
20130904,4.0300,4.1100,4.0100,4.1000,32646700
20130905,4.0000,4.0400,3.9800,4.0300,21990900
20130906,3.9900,4.0200,3.9400,3.9900,35219500
20130909,4.1100,4.1700,4.0500,4.1200,81398896
20130910,4.2000,4.2000,4.0600,4.1200,103242096
20130911,4.2800,4.3800,4.2400,4.2800,128583200
20130912,4.2700,4.3200,4.2000,4.2500,61749500
20130913,4.2300,4.3200,4.2100,4.2800,36541600
20130916,4.1700,4.2800,4.1600,4.2700,38885200
20130917,4.1100,4.1900,4.1000,4.1700,46203400
20130918,4.0900,4.1200,4.0400,4.1100,28928100
20130920,4.0900,4.0900,4.0900,4.0900,0
20130923,4.1200,4.1300,4.0600,4.1000,34695400
20130924,4.0500,4.1100,4.0200,4.1100,35227700
20130925,4.0100,4.0500,4.0000,4.0500,36457400
20130926,3.9100,4.0200,3.8900,4.0100,52828100
20130927,3.8700,3.9300,3.8300,3.9100,33651000
20130930,3.9100,3.9200,3.8400,3.8800,33364300
20131001,3.9100,3.9100,3.9100,3.9100,0
20131002,3.9100,3.9100,3.9100,3.9100,0
20131003,3.9100,3.9100,3.9100,3.9100,0
20131004,3.9100,3.9100,3.9100,3.9100,0
20131007,3.9100,3.9100,3.9100,3.9100,0
20131008,3.9500,3.9600,3.8400,3.8900,42520200
20131009,3.9100,3.9400,3.8600,3.9300,43008900
20131010,3.8800,3.9200,3.8500,3.9000,34555800
20131011,3.9200,3.9300,3.8700,3.8800,38757700
20131014,4.3100,4.3100,4.1000,4.1000,220264304
20131015,4.2500,4.4000,4.2100,4.4000,176005408
20131016,4.1700,4.2900,4.1100,4.2500,73172600
20131017,4.1200,4.2200,4.1000,4.1900,34858800
20131018,4.1900,4.3000,4.1700,4.1800,48595600
20131021,4.3100,4.3400,4.2000,4.2800,97074304
20131022,4.5800,4.6800,4.3300,4.4000,236208496
20131023,4.6000,4.9000,4.5800,4.6500,187298096
20131024,4.6900,4.7700,4.4700,4.6000,123518200
20131025,4.5300,4.7000,4.4500,4.6000,77359904
20131028,4.6600,4.6900,4.5600,4.6000,59663400
20131029,4.5000,4.6900,4.3900,4.6700,71391504
20131030,4.8900,4.9400,4.4800,4.5400,185072304
20131031,4.8700,4.9400,4.8000,4.8000,108983000
20131101,4.7800,4.9100,4.7100,4.8900,56788000
20131104,4.9600,5.0600,4.7700,4.8100,104955000
20131105,5.0000,5.0500,4.8300,4.9200,99352496
20131106,4.9200,5.0800,4.9000,5.0000,63154200
20131107,4.8100,5.0200,4.7900,4.9100,54668100
20131108,4.7400,4.9300,4.6900,4.8300,53459100
20131111,5.0800,5.1000,4.8300,4.8500,109667200
20131112,5.0600,5.1500,4.9700,5.1000,71965400
20131113,4.9900,5.0800,4.9300,5.0100,47114800
20131114,5.0000,5.0400,4.9100,4.9800,46891400
20131115,5.0300,5.1900,4.9400,5.0000,95168096
20131118,5.0700,5.1700,4.9400,5.0800,105945504
20131119,5.0900,5.1800,5.0500,5.0800,75160304
20131120,5.1100,5.1600,5.0500,5.1400,47915900
20131121,5.0200,5.1100,4.9600,5.0800,61623600
20131122,4.8200,5.0300,4.7300,5.0200,110297904
20131125,5.0900,5.1500,4.8000,4.8000,138460608
20131126,5.1300,5.1600,5.0600,5.1500,75888896
20131127,5.2800,5.4200,5.1600,5.1600,126921296
20131128,5.4900,5.5500,5.3100,5.3100,111286896
20131129,5.4600,5.5300,5.4000,5.5200,60089300
20131202,5.3700,5.5900,5.2900,5.3900,71980000
20131203,5.5200,5.5200,5.3200,5.3300,58814600
20131204,5.5500,5.6500,5.5000,5.5400,71073904
20131205,5.5700,5.6600,5.5200,5.5800,53814900
20131206,5.5300,5.6100,5.4600,5.5800,42737200
20131209,5.4700,5.5800,5.4200,5.5500,40051800
20131210,5.3600,5.4700,5.3000,5.4700,59246100
20131211,5.2700,5.3100,5.1600,5.3000,74159200
20131212,5.4400,5.5400,5.2200,5.2500,74602096
20131213,5.3800,5.4300,5.3000,5.3600,25759600
20131216,5.1700,5.3900,5.1500,5.3600,51871000
20131217,5.1300,5.2100,5.0500,5.1700,33110600
20131218,5.0200,5.1700,4.9900,5.1500,48709500
20131219,4.9600,5.0700,4.9500,5.0500,49172700
20131220,4.9200,5.0100,4.8600,4.9600,63655000
20131223,4.9200,4.9500,4.8200,4.9200,32843700
20131224,4.9800,5.0700,4.9100,4.9700,53904500
20131225,4.9700,5.0200,4.8900,5.0000,29733600
20131226,4.7700,4.9700,4.7500,4.9700,49781800
20131227,4.8400,4.8900,4.7600,4.7600,49885900
20131230,4.8900,4.9300,4.8700,4.9000,28014900
20131231,5.0100,5.1000,4.8400,4.8500,59829400
20140101,5.0100,5.0100,5.0100,5.0100,0
20140102,5.0000,5.1200,4.9600,5.0500,44079200
20140103,4.9200,5.0200,4.8500,4.9600,39055200
20140106,4.7300,4.8500,4.6500,4.8500,47182600
20140107,4.6600,4.8100,4.6300,4.6900,34164200
20140108,4.5600,4.7300,4.3900,4.6500,69868200
20140109,4.6100,4.6600,4.4800,4.5100,45953200
20140110,4.5200,4.6500,4.4700,4.6100,47234900
20140113,4.5100,4.5700,4.4600,4.5200,19504600
20140114,4.5700,4.6000,4.4300,4.5200,26520800
20140115,4.5100,4.5900,4.4600,4.5600,24289500
20140116,4.4300,4.5100,4.4200,4.5000,41127400
20140117,4.3200,4.4300,4.3000,4.4300,35263700
20140120,4.2800,4.3800,4.2300,4.3500,28232900
20140121,4.3500,4.4500,4.2700,4.2800,44245100
20140122,4.5600,4.5700,4.3300,4.3600,61056500
20140123,4.6000,4.6200,4.5100,4.5400,44199100
20140124,4.6100,4.6700,4.5400,4.5800,33795600
20140127,4.4500,4.5600,4.4000,4.5600,40517100
20140128,4.4400,4.4900,4.4000,4.4700,28643000
20140129,4.3700,4.5000,4.3200,4.4500,69356800
20140130,4.2400,4.4000,4.1900,4.3500,59929900
20140131,4.2400,4.2400,4.2400,4.2400,0
20140203,4.2400,4.2400,4.2400,4.2400,0
20140205,4.2400,4.2400,4.2400,4.2400,0
20140206,4.2400,4.2400,4.2400,4.2400,0
20140207,4.2300,4.2400,4.1100,4.2200,52884300
20140210,4.4900,4.5200,4.2300,4.2300,98401296
20140211,4.4700,4.5200,4.4400,4.4800,42199800
20140212,4.4900,4.5500,4.4400,4.4800,33189300
20140213,4.3600,4.4800,4.3500,4.4800,55621000
20140214,4.4400,4.4700,4.3400,4.3600,61341500
20140217,4.4400,4.5000,4.4000,4.4800,59172500
20140218,4.3600,4.4400,4.3400,4.4400,41137200
20140219,4.3900,4.4400,4.3100,4.3500,43572400
20140220,4.4400,4.5300,4.3700,4.3900,83206200
20140221,4.4000,4.4400,4.3400,4.4400,45242400
20140224,4.2200,4.3600,4.1800,4.3600,61706500
20140225,4.1600,4.2800,4.1200,4.2300,56851000
