20130226,11.2600,11.5700,11.1100,11.1400,12837700
20130227,11.0500,11.3700,10.9000,11.3000,8038600
20130228,11.4700,11.4800,11.0000,11.0000,9113700
20130301,11.3800,11.6900,11.2700,11.4600,8707300
20130304,10.9700,11.3000,10.8200,11.3000,6054900
20130305,11.0900,11.1000,10.7200,10.9100,4741100
20130306,11.2400,11.3700,10.9800,11.0700,5179000
20130307,10.9100,11.2300,10.9000,11.1800,5199700
20130308,11.1000,11.3300,10.9300,10.9500,5296300
20130311,11.0800,11.3100,11.0400,11.2300,3074600
20130312,10.5600,11.1400,10.4700,11.0500,5660400
20130313,10.3000,10.6300,10.2800,10.5600,3614400
20130314,10.3500,10.4300,10.3000,10.3000,1562600
20130315,10.3900,10.5500,10.3000,10.3500,2585700
20130318,10.5300,10.5500,10.3500,10.3600,1894100
20130319,10.6300,10.6500,10.4600,10.5000,1820600
20130320,10.8100,10.8200,10.5600,10.6300,2942500
20130321,10.7800,10.8500,10.6800,10.8000,2244300
20130322,10.7000,10.8200,10.6500,10.7400,2112300
20130325,10.6800,10.7500,10.5800,10.7100,1559200
20130326,10.4400,10.6800,10.4000,10.6800,1789800
20130327,10.3900,10.5500,10.3300,10.4000,1793600
20130328,10.0200,10.3600,10.0100,10.3600,2590400
20130329,9.9100,10.1200,9.8800,10.0600,1769500
20130401,10.0300,10.1600,9.9000,9.9500,1305200
20130402,9.6300,10.1000,9.5800,10.0500,3710200
20130403,9.5800,9.7000,9.5000,9.6900,1465800
20130404,9.5800,9.5800,9.5800,9.5800,0
20130405,9.5800,9.5800,9.5800,9.5800,0
20130408,9.7200,9.7500,9.4500,9.5600,1598300
20130409,9.7200,9.8400,9.6700,9.6700,2133900
20130410,9.7000,9.7700,9.6000,9.7200,1508100
20130411,9.5600,9.8300,9.5200,9.7300,2195900
20130412,9.4800,9.6000,9.4200,9.5600,1180800
20130415,9.1000,9.4800,9.0300,9.4800,3204900
20130416,9.2200,9.2700,9.0100,9.0200,1351000
20130417,9.3100,9.3500,9.1500,9.2200,1460200
20130418,9.3200,9.3900,9.1700,9.2300,1496000
20130419,9.4700,9.5700,9.3400,9.3400,2260300
20130422,9.5600,9.6500,9.4100,9.4500,2459200
20130423,9.1800,9.6000,9.1700,9.6000,2312100
20130424,9.5500,9.5800,9.1300,9.2000,3381500
20130425,9.5200,9.8500,9.5100,9.5700,3984200
20130426,9.8000,10.2000,9.1700,9.5000,5205400
20130429,9.8000,9.8000,9.8000,9.8000,0
20130430,9.8000,9.8000,9.8000,9.8000,0
20130501,9.8000,9.8000,9.8000,9.8000,0
20130502,9.8800,9.9000,9.6200,9.6300,3100100
20130503,9.8400,10.0700,9.8200,9.8600,3891900
20130506,10.1800,10.4600,9.8400,9.8500,8100400
20130507,10.1900,10.3500,10.0800,10.0800,3247500
20130508,10.2300,10.3200,10.1400,10.1900,3457900
20130509,10.3300,10.5900,10.1400,10.2300,5301200
20130510,10.4600,10.4700,10.1600,10.2900,3920400
20130513,10.2100,10.4300,10.1900,10.3600,2755300
20130514,10.2600,10.4000,10.0200,10.2300,3117500
20130515,10.4400,10.5900,10.2300,10.2800,3283700
20130516,10.5300,10.8000,10.3700,10.4400,4633800
20130517,11.2600,11.4900,10.3900,10.4600,14697100
20130520,11.3400,11.4700,11.0100,11.1700,12753300
20130521,11.8500,12.0000,11.5000,11.7100,18852300
20130522,11.3800,11.7800,11.3200,11.7800,10171000
20130523,11.3400,11.6100,11.2900,11.3900,6354600
20130524,11.5000,11.6800,11.3400,11.3400,7670700
20130527,11.5300,11.5600,11.3100,11.5300,5488800
20130528,11.2500,11.5000,11.1800,11.5000,5742500
20130529,11.2200,11.3400,11.1800,11.2500,4599000
20130530,11.2500,11.4000,11.1600,11.2200,4745100
20130531,11.0800,11.3500,11.0700,11.3500,4098000
20130603,10.9100,11.1400,10.9000,11.0800,5112500
20130604,10.6200,10.9600,10.6000,10.9100,3547600
20130605,10.8200,10.8900,10.5700,10.6000,3638900
20130606,10.8100,11.1800,10.7500,10.7600,4886000
20130607,10.6700,10.9600,10.5500,10.7600,3016800
20130610,10.6700,10.6700,10.6700,10.6700,0
20130611,10.6700,10.6700,10.6700,10.6700,0
20130612,10.6700,10.6700,10.6700,10.6700,0
20130613,10.1400,10.5000,10.0000,10.5000,3425500
20130614,10.5900,10.7600,10.1300,10.1600,5476100
20130617,10.7800,10.9800,10.5500,10.5600,5916500
20130618,10.6700,10.8500,10.3500,10.6100,3434200
20130619,10.4600,10.5900,10.2100,10.5300,3395400
20130620,10.4100,10.8300,10.3100,10.3800,4756200
20130621,10.2700,10.4200,10.0000,10.1500,3234300
20130624,9.7300,10.3400,9.5600,10.1800,3802400
20130625,9.9100,9.9800,8.9000,9.6100,4448900
20130626,10.3100,10.4000,9.7600,9.8800,4444300
20130627,10.1400,10.5300,10.0100,10.2800,4336800
20130628,10.4100,10.5800,9.8500,10.0500,6192500
20130701,10.9600,11.0900,10.2900,10.2900,10358600
20130702,10.8700,11.0700,10.7100,10.8500,6076700
20130703,11.0500,11.2900,10.4600,10.8500,14083700
20130704,10.8700,11.1300,10.7400,10.9900,7956800
20130705,10.5800,11.1100,10.5400,10.8000,8034900
20130708,9.8300,10.4000,9.8200,10.4000,7054900
20130709,9.9100,10.0900,9.6000,9.8200,5515300
20130710,10.4200,10.4400,9.8900,9.9100,7200100
20130711,10.8300,11.2800,10.3400,10.4200,8949500
20130712,11.1000,11.5600,10.7300,10.7300,24787300
20130715,11.3000,11.4500,11.0400,11.1300,17201400
20130716,11.6100,11.7300,11.1900,11.2900,14689400
20130717,11.4400,11.8800,11.2300,11.6500,15700800
20130718,11.8500,12.1000,11.3400,11.4100,18462800
20130719,11.0600,11.9900,11.0000,11.8100,17950000
20130722,11.5200,11.5500,11.0000,11.0200,9629200
20130723,11.9800,12.1300,11.4800,11.8300,15917500
20130724,12.1400,12.4600,11.8500,12.1500,19414100
20130725,11.5800,12.1700,11.4700,12.0300,12969700
20130726,11.6500,11.8800,11.5000,11.5900,7576900
20130729,11.3800,11.6900,11.2700,11.4800,5995500
20130730,11.1600,11.4800,10.9800,11.3800,6124000
20130731,11.2000,11.5000,11.1600,11.2000,5389800
20130801,11.8600,11.8900,11.0900,11.2300,8836100
20130802,11.7800,12.2300,11.6800,12.1900,9176000
20130805,11.9900,12.0500,11.7800,11.8800,7993500
20130806,11.9700,12.1000,11.8600,11.9500,9794100
20130807,11.7000,12.0600,11.5000,12.0400,10493700
20130808,11.6100,11.7600,11.4100,11.7400,8534700
20130809,11.4900,11.6800,11.1400,11.5800,8165600
20130812,11.5500,11.6200,11.3600,11.5300,7118700
20130813,11.5300,11.7200,11.4800,11.5400,6905200
20130814,11.5600,11.7200,11.3100,11.5800,9549300
20130815,11.4000,11.6800,11.3700,11.5000,6696600
20130816,11.0800,11.7000,11.0500,11.3500,8913400
20130819,11.3500,11.4300,11.0300,11.0900,4894100
20130820,11.2100,11.4400,11.1100,11.3600,4395700
20130821,11.3000,11.3200,11.0100,11.2300,4004800
20130822,11.4300,11.5600,11.2600,11.3400,6059600
20130823,11.7700,11.9300,11.2200,11.4800,14883200
20130826,11.8900,12.0500,11.6800,11.7500,16378300
20130827,11.9000,11.9600,11.6300,11.8000,10701700
20130828,11.9400,12.3900,11.7100,11.8000,18980000
20130829,12.1500,12.2200,11.8000,11.9400,11353100
20130830,11.3100,12.1900,11.2800,12.1000,15016100
20130902,11.3200,11.5100,11.2500,11.2500,5672200
20130903,11.4100,11.4900,11.3300,11.4300,4995200
20130904,11.4300,11.5200,11.2200,11.4400,5194200
20130905,11.8400,12.0600,11.3600,11.3800,14191100
20130906,12.1200,12.3400,11.7000,11.9600,17676100
20130909,12.2500,12.2900,11.9300,12.1800,13679400
20130910,12.1500,12.2900,11.9400,12.2700,9014600
20130911,11.8400,12.3500,11.8200,12.1700,13905100
20130912,12.3000,12.5800,11.8400,11.9000,17721700
20130913,12.2700,12.3800,12.0200,12.2400,12326200
20130916,12.3800,12.6800,12.0800,12.2900,17654300
20130917,12.1100,12.5700,12.0300,12.5500,6095900
20130918,12.0000,12.2000,11.5000,11.9000,17425100
20130920,12.0000,12.0000,12.0000,12.0000,0
20130923,12.4200,12.5000,11.9200,12.1900,15605400
20130924,12.4800,12.8000,12.3200,12.3900,14845300
20130925,12.6600,13.0000,12.4300,12.4400,18572500
20130926,12.4100,12.8900,12.1500,12.6400,12138100
20130927,12.9000,13.0000,12.2900,12.3100,19459700
20130930,13.2100,13.4000,12.8500,13.0700,21430300
20131001,13.2100,13.2100,13.2100,13.2100,0
20131002,13.2100,13.2100,13.2100,13.2100,0
20131003,13.2100,13.2100,13.2100,13.2100,0
20131004,13.2100,13.2100,13.2100,13.2100,0
20131007,13.2100,13.2100,13.2100,13.2100,0
20131008,13.6700,13.8700,12.8800,13.2800,22777300
20131009,14.4700,14.7500,13.6500,13.6800,34145400
20131010,14.1900,14.6900,13.8900,14.5000,22657600
20131011,15.2800,15.6100,13.8800,14.0200,30601200
20131014,15.0600,15.3000,14.6000,15.1500,17630200
20131015,14.3900,15.1800,14.2000,15.0500,14984500
20131016,13.5600,14.4800,13.3600,14.3500,15669600
20131017,13.4700,13.7800,13.2000,13.7800,12298400
20131018,13.3900,13.6800,13.2900,13.4500,9744500
20131021,13.6800,13.7500,13.3500,13.4200,12142800
20131022,12.7300,13.7000,12.4300,13.7000,20830300
20131023,12.5000,12.7500,12.3000,12.7000,7376900
20131024,12.5400,12.6800,12.3300,12.4500,5294000
20131025,12.2400,12.6000,12.0400,12.6000,8341200
20131028,12.3900,12.4300,12.0900,12.2100,5558300
20131029,11.7000,12.4700,11.3200,12.3600,7855300
20131030,12.1000,12.2700,11.7500,11.7600,8255000
20131031,12.0500,12.0800,11.8300,12.0800,3916200
20131101,12.1800,12.3900,11.8100,12.0000,4836600
20131104,12.1300,12.2800,12.1000,12.2000,2769200
20131105,12.3300,12.3700,11.8100,12.0800,6218000
20131106,11.9200,12.3300,11.9000,12.2600,5336900
20131107,11.7300,12.0500,11.6100,11.8000,4408100
20131108,11.4100,11.9800,11.3800,11.6300,4496500
20131111,11.6300,11.8700,11.2600,11.4800,5579100
20131112,11.7300,11.8300,11.4800,11.5800,5213200
20131113,11.7200,12.0900,11.7000,11.7500,7665800
20131114,11.9100,11.9700,11.4300,11.6800,5808400
20131115,12.1500,12.2800,11.8400,11.8900,7965900
20131118,12.4800,12.5000,12.2400,12.3900,9665100
20131119,12.4600,12.7800,12.3600,12.4800,9892400
20131120,12.5200,12.5800,12.2100,12.5500,6673700
20131121,12.3500,12.4700,12.2800,12.4600,4040200
20131122,12.2200,12.4500,12.1500,12.3600,4619000
20131125,12.0300,12.1600,11.9300,12.1500,5153800
20131126,12.1700,12.3100,11.9400,11.9900,4252400
20131127,12.4200,12.4900,12.0300,12.1200,7767200
20131128,12.4800,12.7000,12.4200,12.4900,9231700
20131129,12.9100,13.1000,12.4300,12.4700,11471400
20131202,12.1300,12.7500,11.9000,12.6000,8556000
20131203,12.4300,12.4400,12.0400,12.1400,5342900
20131204,12.6700,12.8000,12.3900,12.4800,7338200
20131205,13.0200,13.1400,12.7100,12.7100,11637000
20131206,13.3500,13.3800,12.7800,13.0200,15700400
20131209,13.2700,13.6800,13.1800,13.5000,14077100
20131210,12.9700,13.3500,12.9500,13.2800,8411800
20131211,13.1200,13.1500,12.7800,12.9100,6461200
20131212,13.3200,13.5800,12.9500,13.0000,9600700
20131213,13.0100,13.3100,12.9800,13.1900,4425900
20131216,12.6900,13.0200,12.5500,13.0100,4907800
20131217,12.6000,12.8000,12.5000,12.7000,3894900
20131218,12.5700,12.6700,12.4400,12.6500,4624900
20131219,12.5600,12.8000,12.5300,12.5800,4273800
20131220,12.3500,12.7100,12.3000,12.5600,3418600
20131223,12.3200,12.4500,12.0200,12.2400,3083900
20131224,12.4200,12.6000,12.3000,12.3100,3493800
20131225,12.6500,12.7700,12.4200,12.6300,4404200
20131226,12.1400,12.6700,12.1200,12.6500,4155000
20131227,12.3100,12.5000,12.0500,12.1400,3752500
20131230,12.3600,12.5400,12.2300,12.5400,3280100
20131231,12.4700,12.5400,12.2500,12.3100,3529800
20140101,12.4700,12.4700,12.4700,12.4700,0
20140102,12.8300,12.9400,12.4700,12.5000,7323700
20140103,12.7500,12.9000,12.6700,12.7300,3763300
20140106,12.2600,12.7900,12.0200,12.7500,4289900
20140107,12.2700,12.3700,12.0700,12.2500,3054000
20140108,12.3500,12.4500,12.2100,12.2700,5516000
20140109,12.4000,12.6700,12.2100,12.3000,5557000
20140110,11.6200,12.4600,11.4100,12.3900,7660400
20140113,11.1700,11.6800,10.8300,11.6200,5917500
20140114,11.3100,11.3400,11.0700,11.1400,2549700
20140115,11.2100,11.3300,11.1300,11.3200,3962600
20140116,11.2400,11.3500,11.1500,11.1800,3343700
20140117,10.9900,11.2300,10.9800,11.2300,2648600
20140120,11.0700,11.2000,10.8800,10.8800,1878400
20140121,11.4300,11.4400,11.0700,11.0700,6146800
20140122,11.8400,11.8800,11.3800,11.4300,8017800
20140123,12.0200,12.1800,11.7600,11.8100,7931000
20140124,12.3000,12.5000,11.8800,11.9600,6723200
20140127,12.3100,12.6600,12.1300,12.1800,7007700
20140128,12.1100,12.5400,12.0200,12.3200,4171000
20140129,12.4200,12.5300,12.1100,12.1100,3596400
20140130,12.5900,12.9000,12.3700,12.4500,6355300
20140131,12.5900,12.5900,12.5900,12.5900,0
20140203,12.5900,12.5900,12.5900,12.5900,0
20140205,12.5900,12.5900,12.5900,12.5900,0
20140206,12.5900,12.5900,12.5900,12.5900,0
20140207,13.2600,13.4700,12.4100,12.5800,11166700
20140210,13.2900,13.5100,13.1200,13.2500,11123300
20140211,13.1700,13.5400,13.0000,13.3200,8547500
20140212,13.3000,13.3300,12.9000,13.2000,6855400
20140213,12.7900,13.6600,12.7700,13.2800,7971100
20140214,13.7800,14.0600,12.8000,12.8000,17045100
20140217,13.9000,14.0000,13.5600,13.6800,10539200
20140218,13.7400,14.2600,13.5900,13.9300,12702300
20140219,13.6800,13.8500,13.4000,13.7100,7221600
20140220,13.2300,13.7700,13.1800,13.6500,6350800
20140221,13.2700,13.4100,13.0600,13.2800,5074600
20140224,13.8000,13.8900,13.1800,13.1800,9464000
20140225,13.3900,14.3300,13.2000,13.7600,19975700
