20130226,4.1100,4.1900,4.1000,4.1500,9530300
20130227,4.1200,4.1600,4.1100,4.1200,8120600
20130228,4.2000,4.2100,4.1200,4.1400,8717100
20130301,4.1700,4.2000,4.1400,4.2000,8565500
20130304,4.0900,4.2600,4.0500,4.1600,23420600
20130305,4.1500,4.1500,4.0200,4.1000,16596400
20130306,4.2700,4.3000,4.1500,4.1600,29370900
20130307,4.3700,4.4000,4.2500,4.2900,44059200
20130308,4.3700,4.4300,4.3400,4.4300,23015600
20130311,4.3900,4.4400,4.3600,4.3800,13528300
20130312,4.5400,4.6200,4.4000,4.4000,42377000
20130313,4.4500,4.5700,4.4000,4.4900,17542900
20130314,4.3000,4.4500,4.2700,4.4100,17360300
20130315,4.3300,4.4100,4.2900,4.3000,17251600
20130318,4.3500,4.3800,4.2700,4.3300,13287100
20130319,4.4300,4.4700,4.3400,4.3600,11483100
20130320,4.5000,4.5100,4.3900,4.4500,14001600
20130321,4.4800,4.5500,4.4400,4.5500,8148200
20130322,4.4800,4.5300,4.4600,4.4900,7577600
20130325,4.5300,4.6000,4.4800,4.5000,8523800
20130326,4.4000,4.4900,4.3500,4.4800,14881400
20130327,4.3800,4.4300,4.3400,4.3900,8072700
20130328,4.3100,4.3600,4.2800,4.3500,10666500
20130329,4.3200,4.3500,4.3000,4.3100,3847500
20130401,4.4400,4.4700,4.3000,4.3200,10331900
20130402,4.4000,4.4600,4.3800,4.4500,4374800
20130403,4.3200,4.4300,4.2500,4.3800,5499600
20130404,4.3200,4.3200,4.3200,4.3200,0
20130405,4.3200,4.3200,4.3200,4.3200,0
20130408,4.3500,4.3800,4.2000,4.3000,5471200
20130409,4.4100,4.4700,4.3300,4.3500,5702500
20130410,4.4100,4.4400,4.3600,4.4200,5573000
20130411,4.4500,4.5300,4.4000,4.4200,14675400
20130412,4.5700,4.5900,4.4400,4.4600,15977000
20130415,4.5000,4.6300,4.4800,4.5900,7169100
20130416,4.5000,4.5100,4.4100,4.4700,5715400
20130417,4.4000,4.4900,4.3400,4.4800,7366900
20130418,4.3700,4.4000,4.3200,4.3600,4560000
20130419,4.4300,4.4500,4.3500,4.3600,5697200
20130422,4.4200,4.4300,4.3700,4.4000,4910200
20130423,4.3300,4.4500,4.3200,4.4200,8008600
20130424,4.3800,4.4000,4.3400,4.3700,4368600
20130425,4.3000,4.4200,4.2900,4.3700,5751700
20130426,4.3500,4.3800,4.2400,4.3200,6565600
20130429,4.3500,4.3500,4.3500,4.3500,0
20130430,4.3500,4.3500,4.3500,4.3500,0
20130501,4.3500,4.3500,4.3500,4.3500,0
20130502,4.3500,4.4100,4.3100,4.3200,4924000
20130503,4.4300,4.4500,4.3600,4.3700,7174600
20130506,4.4400,4.4900,4.4300,4.4600,6398300
20130507,4.5300,4.5500,4.4100,4.4400,11704400
20130508,4.5700,4.6000,4.5000,4.5300,13762600
20130509,4.5700,4.6200,4.5300,4.5600,14702300
20130510,4.7700,4.9600,4.5700,4.5800,37775400
20130513,4.8700,4.9600,4.7500,4.7800,23889400
20130514,4.9700,5.2100,4.8800,4.8800,30566400
20130515,4.9200,5.0100,4.8200,4.9700,11830100
20130516,4.9300,4.9400,4.7800,4.9000,13474800
20130517,4.9700,5.0900,4.8900,4.9000,12970200
20130520,4.9200,5.0000,4.8500,4.9900,14472400
20130521,4.8700,4.9300,4.7800,4.9300,14462900
20130522,4.7200,4.8600,4.6800,4.8600,20040500
20130523,4.6900,4.7300,4.6600,4.7200,18079300
20130524,4.7400,4.7400,4.6700,4.6800,9087500
20130527,4.7800,4.7800,4.6900,4.7300,11020400
20130528,4.7600,4.7900,4.7000,4.7800,9382300
20130529,4.8800,4.8800,4.7600,4.7700,19182500
20130530,4.9100,4.9500,4.8300,4.8900,14414900
20130531,4.8300,4.9200,4.8100,4.9100,7552200
20130603,4.7300,4.8400,4.7100,4.8300,9566300
20130604,4.6100,4.7400,4.5700,4.7200,16174400
20130605,4.6500,4.6900,4.5800,4.6100,5932000
20130606,4.6200,4.7300,4.4800,4.6600,10479600
20130607,4.5600,4.7100,4.4500,4.6000,9838200
20130610,4.5600,4.5600,4.5600,4.5600,0
20130611,4.5600,4.5600,4.5600,4.5600,0
20130612,4.5600,4.5600,4.5600,4.5600,0
20130613,4.5100,4.5600,4.3400,4.5000,8810700
20130614,4.6800,4.6900,4.5200,4.5300,9935100
20130617,4.8800,4.9700,4.6700,4.6800,21942700
20130618,5.0000,5.0300,4.8700,4.8900,21508000
20130619,4.9800,5.0400,4.8800,5.0000,16100300
20130620,4.9500,5.0600,4.9000,4.9800,13887900
20130621,5.1500,5.2000,4.8800,4.9000,22327100
20130624,4.8500,5.1500,4.8100,5.1500,20690300
20130625,4.9500,4.9800,4.6500,4.8300,17108800
20130626,5.2100,5.2600,4.8600,4.9400,27271400
20130627,5.1700,5.3500,5.1200,5.2000,28660300
20130628,5.1400,5.2700,5.0400,5.1400,24536900
20130701,5.4300,5.5000,5.1200,5.1200,26086700
20130702,5.4400,5.5600,5.3700,5.4000,13209300
20130703,5.4300,5.5300,5.3000,5.4000,10296100
20130704,5.2200,5.4200,5.1800,5.4100,14153300
20130705,5.3100,5.5200,5.2000,5.2100,16578900
20130708,5.3700,5.4900,5.2000,5.3000,16400300
20130709,5.2700,5.4800,5.2500,5.3000,11044300
20130710,5.1800,5.3200,5.0200,5.2100,18699000
20130711,5.1900,5.2600,5.1100,5.1100,25457700
20130712,5.0800,5.2500,5.0800,5.1500,12192100
20130715,5.1500,5.2000,5.0400,5.0400,7085000
20130716,5.2000,5.2000,5.0500,5.1500,10119500
20130717,5.3800,5.4400,5.2000,5.2000,20007900
20130718,5.3100,5.4200,5.2600,5.3500,11113500
20130719,5.2300,5.4100,5.2100,5.3400,9676100
20130722,5.1800,5.2100,5.1000,5.1200,8320200
20130723,5.2900,5.3900,5.1200,5.1800,7537400
20130724,5.2100,5.3400,5.1300,5.2300,9672300
20130725,5.1500,5.2900,5.1400,5.2700,6041600
20130726,5.2600,5.3000,5.0900,5.0900,8386700
20130729,5.2600,5.3400,5.1700,5.2500,7519100
20130730,5.3700,5.3900,5.2000,5.2900,8946200
20130731,5.1700,5.4500,5.1500,5.3800,8375300
20130801,5.2900,5.3500,5.1800,5.1900,8993100
20130802,5.2900,5.3800,5.2600,5.3400,4923800
20130805,5.3200,5.3500,5.2500,5.2800,3702000
20130806,5.3800,5.3900,5.2100,5.3000,8969100
20130807,5.2800,5.3600,5.2700,5.3600,5595300
20130808,5.3100,5.3400,5.2600,5.2800,3820700
20130809,5.1100,5.2700,5.0800,5.2600,6462500
20130812,5.1900,5.2200,5.1200,5.1700,5444900
20130813,5.1900,5.2100,5.1400,5.1700,3883800
20130814,5.2400,5.2800,5.1600,5.2200,5309700
20130815,5.1900,5.3000,5.1600,5.2700,4505100
20130816,5.0100,5.2300,5.0000,5.1800,10404300
20130819,5.0600,5.0900,4.9500,5.0000,4864600
20130820,4.8900,5.1000,4.8600,5.0500,7562500
20130821,4.8000,4.9300,4.7600,4.9200,6999400
20130822,4.8000,4.8700,4.7800,4.8000,4723700
20130823,4.6700,4.8600,4.5400,4.8100,9805600
20130826,4.6800,4.7800,4.6500,4.6800,12403900
20130827,4.7100,4.7500,4.6000,4.6900,8548500
20130828,4.6400,4.7000,4.6100,4.7000,6448000
20130829,4.6000,4.6500,4.5600,4.5900,7397800
20130830,4.6000,4.6400,4.5600,4.5800,5893400
20130902,4.6100,4.6600,4.5700,4.6000,8592600
20130903,4.6500,4.6500,4.5800,4.6500,5654900
20130904,4.7000,4.7300,4.6100,4.6500,6619900
20130905,4.7100,4.7500,4.7000,4.7000,7708900
20130906,4.6300,4.7600,4.6100,4.7100,8622700
20130909,4.6800,4.6900,4.5900,4.6300,8199400
20130910,4.7400,4.7500,4.6500,4.6800,8824000
20130911,4.8600,4.8800,4.7400,4.7600,16724900
20130912,4.8600,4.8700,4.7800,4.8700,10429900
20130913,4.8300,4.9000,4.8000,4.8600,7665900
20130916,4.7500,4.8600,4.7000,4.8600,6754900
20130917,4.6500,4.7500,4.6400,4.7300,5213200
20130918,4.7200,4.7200,4.6300,4.6700,3673000
20130920,4.7200,4.7200,4.7200,4.7200,0
20130923,4.7500,4.7800,4.6500,4.7100,4418500
20130924,4.6500,4.7400,4.6300,4.7200,5517000
20130925,4.6000,4.6400,4.5700,4.6400,5437700
20130926,4.4600,4.5900,4.4500,4.5700,8609700
20130927,4.4500,4.4800,4.4100,4.4500,3458300
20130930,4.4700,4.4900,4.4200,4.4800,3361000
20131001,4.4700,4.4700,4.4700,4.4700,0
20131002,4.4700,4.4700,4.4700,4.4700,0
20131003,4.4700,4.4700,4.4700,4.4700,0
20131004,4.4700,4.4700,4.4700,4.4700,0
20131007,4.4700,4.4700,4.4700,4.4700,0
20131008,4.5100,4.5100,4.4300,4.4800,3745700
20131009,4.5100,4.5200,4.4800,4.5100,4104100
20131010,4.4300,4.5100,4.4200,4.5100,6350700
20131011,4.4700,4.4900,4.4100,4.4300,4988100
20131014,4.5300,4.5400,4.4300,4.4900,5981100
20131015,4.6100,4.7000,4.5000,4.5400,11542500
20131016,4.4900,4.6100,4.4600,4.6100,8264800
20131017,4.4700,4.5400,4.4700,4.4900,4258700
20131018,4.4400,4.5000,4.4200,4.4700,5386900
20131021,4.4900,4.5000,4.4200,4.4500,3926700
20131022,4.4600,4.4900,4.4400,4.4900,2911000
20131023,4.4100,4.4900,4.3600,4.4700,7458000
20131024,4.3800,4.4500,4.3600,4.4200,5574900
20131025,4.2400,4.3800,4.2100,4.3800,7836900
20131028,4.3000,4.3000,4.2100,4.2500,3103100
20131029,4.3700,4.3900,4.3000,4.3000,7663000
20131030,4.5600,4.7400,4.3900,4.3900,19131400
20131031,4.4800,4.5500,4.4400,4.5500,7176400
20131101,4.4900,4.5600,4.4500,4.5500,6062200
20131104,4.5300,4.6000,4.5100,4.5900,4037500
20131105,4.5000,4.5100,4.3700,4.4800,6246000
20131106,4.4700,4.5500,4.4500,4.4500,5090100
20131107,4.5800,4.6000,4.4300,4.4900,8675700
20131108,4.4800,4.6400,4.4500,4.5800,7736600
20131111,4.5100,4.5400,4.4200,4.4500,3765500
20131112,4.4700,4.5400,4.4600,4.5100,3080000
20131113,4.3200,4.4500,4.3000,4.4000,4885100
20131114,4.2900,4.3800,4.2700,4.3800,4205200
20131115,4.3300,4.3500,4.2500,4.3000,10189500
20131118,4.4100,4.4500,4.2700,4.3200,22791400
20131119,4.3700,4.4200,4.3300,4.4200,13942600
20131120,4.4000,4.4100,4.3400,4.4000,8095300
20131121,4.3600,4.3900,4.3300,4.3800,5615100
20131122,4.3800,4.4200,4.3500,4.3800,5979900
20131125,4.3500,4.4100,4.3300,4.3600,7667200
20131126,4.3200,4.3600,4.3100,4.3500,5027900
20131127,4.3100,4.3500,4.2900,4.3400,8908000
20131128,4.3700,4.3800,4.3000,4.3100,10153500
20131129,4.3500,4.3700,4.3100,4.3700,6943000
20131202,4.3600,4.4100,4.3200,4.3300,12192600
20131203,4.7000,4.8000,4.3600,4.3700,47127300
20131204,4.7200,4.8200,4.6100,4.6800,29044900
20131205,4.7200,4.8500,4.6800,4.7000,14696600
20131206,4.7400,4.7700,4.6200,4.7200,9970100
20131209,4.6600,4.7500,4.6000,4.7200,8105000
20131210,4.7600,4.7900,4.6300,4.6600,12577600
20131211,4.7300,4.8500,4.7100,4.7800,11484100
20131212,4.7100,4.7500,4.6800,4.7000,7265600
20131213,4.6000,4.7000,4.5600,4.6500,8626400
20131216,4.5000,4.6300,4.4900,4.6300,7250300
20131217,4.4300,4.5300,4.4200,4.5100,6003000
20131218,4.3600,4.4700,4.3300,4.4500,7421600
20131219,4.3600,4.4100,4.3400,4.4000,6204200
20131220,4.2800,4.3900,4.2400,4.3600,8030500
20131223,4.1800,4.2900,4.1200,4.2500,14175800
20131224,4.1400,4.2200,4.1200,4.1800,10553600
20131225,4.1800,4.1900,4.1300,4.1500,4383800
20131226,4.1900,4.2100,4.1400,4.1700,5084200
20131227,4.2300,4.2500,4.1900,4.2100,6830200
20131230,4.2400,4.2600,4.1900,4.2300,4714100
20131231,4.2400,4.2600,4.1800,4.2000,5153000
20140101,4.2400,4.2400,4.2400,4.2400,0
20140102,4.1800,4.2300,4.1500,4.2200,5112400
20140103,4.0500,4.1700,4.0400,4.1500,10520700
20140106,3.9400,4.0500,3.8900,4.0500,10236000
20140107,4.0100,4.0300,3.8700,3.9000,5037200
20140108,3.9700,4.0400,3.9600,4.0400,3967100
20140109,3.8700,4.0000,3.8600,3.9700,3956200
20140110,3.8100,3.8900,3.7800,3.8800,8023000
20140113,3.8400,3.8700,3.8000,3.8400,4554200
20140114,3.8900,3.9200,3.8200,3.8400,3922500
20140115,3.8900,3.9000,3.8500,3.8900,2292000
20140116,3.8900,3.9400,3.8600,3.8900,6007300
20140117,3.8000,3.8800,3.8000,3.8800,5921400
20140120,3.8100,3.8300,3.7800,3.8200,3107800
20140121,3.8700,3.8800,3.8100,3.8300,3795700
20140122,3.9600,3.9700,3.8600,3.8800,6226700
20140123,3.9100,3.9700,3.8900,3.9600,10587600
20140124,3.8900,3.9300,3.8600,3.9000,14526600
20140127,3.8400,3.8600,3.8100,3.8600,6874200
20140128,3.8700,3.8800,3.8000,3.8400,9851300
20140129,3.8000,3.8700,3.7600,3.8700,12277000
20140130,3.7500,3.7900,3.7300,3.7900,4530100
20140131,3.7500,3.7500,3.7500,3.7500,0
20140203,3.7500,3.7500,3.7500,3.7500,0
20140205,3.7500,3.7500,3.7500,3.7500,0
20140206,3.7500,3.7500,3.7500,3.7500,0
20140207,3.8000,3.8000,3.7100,3.7300,5060400
20140210,3.8400,3.8500,3.7800,3.8000,17000400
20140211,3.8900,3.9100,3.8100,3.8300,16461500
20140212,3.8900,3.9000,3.8600,3.8900,8819600
20140213,3.9900,4.0000,3.8700,3.8700,21303100
20140214,3.9600,3.9900,3.9100,3.9800,9642800
20140217,3.9700,4.0200,3.9400,3.9600,9223800
20140218,3.8900,3.9800,3.8800,3.9700,10162500
20140219,3.9400,3.9400,3.8700,3.8900,8170500
20140220,3.9400,3.9900,3.9200,3.9500,11446600
20140221,3.8400,3.9500,3.8200,3.9400,12705900
20140224,3.7700,3.8300,3.7400,3.8100,7796400
20140225,3.7800,3.8500,3.7600,3.7800,9774700
