20130226,11.7100,11.9800,11.6800,11.8500,7093000
20130227,11.8300,11.9500,11.7500,11.7600,5627900
20130228,12.2100,12.3100,11.8000,11.8500,11795000
20130301,12.0800,12.2000,11.9100,12.2000,8228600
20130304,11.2600,11.9800,11.2000,11.9800,13733500
20130305,11.4500,11.4900,11.3000,11.3000,7542300
20130306,11.6900,11.7800,11.5000,11.5900,9006500
20130307,11.6200,11.8300,11.5100,11.6500,8710100
20130308,11.6800,11.7000,11.5700,11.6200,4335300
20130311,12.5700,12.6500,11.7200,11.8000,34091900
20130312,12.3100,12.8700,12.1400,12.4900,31426500
20130313,12.4700,12.8800,12.1500,12.2700,41117200
20130314,12.1400,12.4000,12.0100,12.2500,16157400
20130315,12.0900,12.3900,11.9400,12.1000,13888100
20130318,11.5700,12.0600,11.5500,11.9900,12566100
20130319,11.9100,11.9600,11.3800,11.5200,11328000
20130320,12.2600,12.4900,11.8100,11.8800,19521200
20130321,12.2300,12.5000,12.1300,12.2900,12633400
20130322,12.3700,12.5000,12.1800,12.3000,16520200
20130325,12.1000,12.4200,12.0800,12.3000,10551900
20130326,11.7000,12.0900,11.5800,12.0600,12781500
20130327,11.7600,11.8500,11.6000,11.7100,8038500
20130328,11.2800,11.6600,11.2600,11.6600,10402200
20130329,11.2700,11.4400,11.2500,11.3600,4364400
20130401,11.2500,11.3800,11.1600,11.1700,4776300
20130402,11.3100,11.3900,11.1900,11.2800,4585800
20130403,11.3300,11.4600,11.2800,11.3400,4857100
20130404,11.3300,11.3300,11.3300,11.3300,0
20130405,11.3300,11.3300,11.3300,11.3300,0
20130408,11.1400,11.1900,10.8500,11.1000,6383800
20130409,11.1400,11.3900,11.1300,11.1900,6635100
20130410,11.2100,11.3100,11.1400,11.2000,4606300
20130411,11.0900,11.2900,11.0400,11.2900,4476300
20130412,10.8900,11.1000,10.8700,11.0400,4217400
20130415,10.4100,10.8200,10.3900,10.8200,6647700
20130416,10.3400,10.4300,10.0500,10.1600,7309400
20130417,10.2600,10.4400,10.1500,10.3600,4620600
20130418,10.2400,10.3900,10.1200,10.1900,4638000
20130419,10.5100,10.5600,10.2800,10.2800,7397300
20130422,10.4300,10.4900,10.3300,10.4900,6403300
20130423,10.1600,10.5600,10.1000,10.4400,11593800
20130424,10.3800,10.5100,10.1300,10.1700,7628200
20130425,10.5800,10.7800,10.4900,10.5100,16334400
20130426,10.3200,10.7300,10.3000,10.5900,5964600
20130429,10.3200,10.3200,10.3200,10.3200,0
20130430,10.3200,10.3200,10.3200,10.3200,0
20130501,10.3200,10.3200,10.3200,10.3200,0
20130502,10.0800,10.3200,10.0000,10.3200,5984100
20130503,10.1700,10.3800,10.0700,10.0700,5871800
20130506,10.4000,10.4700,10.3300,10.3500,6682600
20130507,10.5600,10.6500,10.3500,10.4000,8323200
20130508,10.4900,10.7100,10.4500,10.5500,6603400
20130509,10.5900,10.6500,10.4200,10.5100,7595800
20130510,10.5900,10.6400,10.4900,10.5300,6019300
20130513,10.4800,10.6500,10.4200,10.6100,5314600
20130514,10.2000,10.4600,10.1000,10.4600,6482400
20130515,10.1900,10.2600,10.1500,10.2200,4370600
20130516,10.3100,10.3200,10.0500,10.1700,6391100
20130517,10.5100,10.5500,10.2000,10.3000,10120700
20130520,10.6000,10.6500,10.4700,10.5300,8978700
20130521,10.7600,10.7700,10.5200,10.6000,10995500
20130522,10.7000,10.8500,10.6200,10.7300,8912500
20130523,10.5000,10.7000,10.4500,10.6500,7875300
20130524,10.7500,10.7900,10.4800,10.5200,10538700
20130527,10.9100,11.0600,10.8300,10.9900,15904800
20130528,10.9200,10.9600,10.6800,10.8700,10290400
20130529,10.9100,11.0000,10.8300,10.9500,7659800
20130530,10.7700,10.9200,10.7000,10.8100,6076100
20130531,10.7300,10.9800,10.7200,10.8300,7512100
20130603,10.7000,10.7500,10.5600,10.7000,5850900
20130604,10.4100,10.7100,10.3500,10.7000,6860200
20130605,10.4400,10.4800,10.3500,10.4000,3789900
20130606,10.2300,10.4000,10.2100,10.4000,4870600
20130607,10.0200,10.3200,10.0100,10.2300,6281200
20130610,10.0200,10.0200,10.0200,10.0200,0
20130611,10.0200,10.0200,10.0200,10.0200,0
20130612,10.0200,10.0200,10.0200,10.0200,0
20130613,9.6200,9.9800,9.5800,9.9800,6466500
20130614,9.6800,9.7800,9.6000,9.7000,4582700
20130617,9.5700,9.7800,9.5600,9.6800,4956000
20130618,9.5500,9.6500,9.4300,9.5900,4220400
20130619,9.5000,9.5700,9.3700,9.5700,4925900
20130620,9.1400,9.4100,9.1200,9.4100,5469300
20130621,8.9400,9.0900,8.8200,8.9400,5429100
20130624,8.2000,8.9400,8.0600,8.9300,8361200
20130625,8.0900,8.1800,7.3800,8.0500,10556300
20130626,8.0200,8.1400,7.8300,8.0900,8039700
20130627,7.9000,8.1300,7.8500,8.0500,5938400
20130628,7.9300,8.1000,7.7500,7.8500,5852400
20130701,8.0400,8.0700,7.8100,7.9300,4723200
20130702,8.1400,8.2000,7.8500,8.0500,6942100
20130703,7.9700,8.0800,7.8100,8.0800,6391000
20130704,8.3100,8.4800,7.8400,7.9500,16295600
20130705,8.2600,8.4800,8.1800,8.3800,10542700
20130708,7.8100,8.1200,7.7900,8.1000,8559600
20130709,7.9100,7.9600,7.8000,7.8100,3249700
20130710,8.2500,8.2800,7.8800,7.8800,9784400
20130711,8.5800,8.7600,8.2600,8.2600,13787900
20130712,8.4600,8.8000,8.2500,8.5100,16306400
20130715,8.4400,8.6000,8.2600,8.4500,8888300
20130716,8.4200,8.5000,8.3400,8.4000,5452000
20130717,8.3000,8.5700,8.3000,8.4200,7097200
20130718,8.0500,8.3500,8.0300,8.2700,7353100
20130719,7.8500,8.1200,7.8500,7.9900,7630900
20130722,7.9500,7.9600,7.8500,7.8600,4468100
20130723,8.1900,8.2500,8.0100,8.0100,9304000
20130724,8.0900,8.2700,8.0200,8.2000,5568800
20130725,8.0500,8.2200,8.0300,8.1700,5536500
20130726,7.9900,8.1400,7.9100,8.0000,5389400
20130729,7.7800,7.9300,7.7700,7.9100,5446000
20130730,7.9200,7.9900,7.7900,7.8400,5148900
20130731,7.8800,8.1000,7.8500,8.0400,4786900
20130801,8.0200,8.0500,7.8400,7.8700,6520900
20130802,8.0200,8.0900,7.9700,8.0500,5747300
20130805,8.0500,8.0500,7.9300,7.9800,5550600
20130806,8.0800,8.1200,7.9400,8.0400,7679600
20130807,8.0800,8.1800,8.0100,8.0100,8304200
20130808,8.1300,8.1600,8.0500,8.0600,8384600
20130809,8.3100,8.4000,8.1200,8.1900,16664200
20130812,8.6800,8.7900,8.2700,8.3000,21643300
20130813,8.5600,8.6800,8.4800,8.6100,11229800
20130814,8.4100,8.6200,8.3700,8.5400,10291100
20130815,8.3300,8.5000,8.3100,8.4300,6357400
20130816,8.2600,9.1600,8.2200,8.3200,14089000
20130819,8.3700,8.4400,8.2100,8.2100,6912300
20130820,8.2500,8.3900,8.2200,8.3300,5849200
20130821,8.2800,8.3200,8.2100,8.3200,4388200
20130822,8.2000,8.3200,8.1800,8.2700,5015900
20130823,8.0700,8.3000,7.9800,8.2600,6958300
20130826,8.2300,8.2600,8.0700,8.1100,5736400
20130827,8.2900,8.3600,8.2000,8.2300,5674300
20130828,8.4900,8.5400,8.2000,8.2300,16599300
20130829,8.3600,8.5000,8.2700,8.4900,7314800
20130830,8.3100,8.4500,8.2800,8.3800,7445200
20130902,8.4900,8.5000,8.2800,8.3800,9061900
20130903,8.5000,8.5400,8.4200,8.5000,8178100
20130904,8.4800,8.5200,8.4100,8.5200,7266200
20130905,8.4700,8.6800,8.3700,8.4500,13572600
20130906,8.4300,8.4900,8.3500,8.3900,7079000
20130909,8.5900,8.6800,8.4000,8.4400,13504400
20130910,8.7700,8.7800,8.5700,8.5800,16964500
20130911,8.9200,9.1600,8.7500,8.8000,24869600
20130912,8.8000,8.9400,8.7500,8.9400,12107500
20130913,8.7500,8.8600,8.7100,8.7100,8849900
20130916,8.6400,8.8000,8.6100,8.7500,7187400
20130917,8.4600,8.6400,8.4500,8.6400,7179100
20130918,8.4700,8.5400,8.4000,8.5400,4228700
20130920,8.4700,8.4700,8.4700,8.4700,0
20130923,8.6100,8.6300,8.4900,8.4900,5682300
20130924,8.4000,8.6300,8.3900,8.5900,7213600
20130925,8.4100,8.5200,8.3500,8.3900,5416300
20130926,8.2400,8.4800,8.2300,8.4100,5648600
20130927,8.3100,8.4400,8.2200,8.2400,4197300
20130930,8.2700,8.4400,8.2100,8.4000,5029600
20131001,8.2700,8.2700,8.2700,8.2700,0
20131002,8.2700,8.2700,8.2700,8.2700,0
20131003,8.2700,8.2700,8.2700,8.2700,0
20131004,8.2700,8.2700,8.2700,8.2700,0
20131007,8.2700,8.2700,8.2700,8.2700,0
20131008,8.3500,8.4000,8.1900,8.2300,5406700
20131009,8.3700,8.4100,8.3000,8.3500,4408300
20131010,8.2500,8.3700,8.1900,8.3700,7869400
20131011,8.3100,8.3700,8.2500,8.2700,7156800
20131014,8.3100,8.3500,8.2400,8.3000,6854800
20131015,8.3700,8.3800,8.2700,8.3100,5974000
20131016,8.1100,8.3500,8.0800,8.3500,8125100
20131017,8.1200,8.2400,8.1000,8.1500,5575900
20131018,8.0900,8.1600,8.0600,8.1200,4510700
20131021,8.1400,8.1400,8.0100,8.0900,7441900
20131022,8.1000,8.1700,8.0600,8.1200,5073700
20131023,8.0500,8.1700,8.0100,8.1400,6189300
20131024,7.9300,8.0300,7.9100,8.0200,5549000
20131025,7.6800,7.9500,7.6000,7.9300,8463500
20131028,7.5300,7.6800,7.5100,7.6800,5658200
20131029,7.5100,7.6600,7.3900,7.5300,6511500
20131030,7.5700,7.5900,7.4700,7.5200,4289500
20131031,7.5500,7.5800,7.5100,7.5700,4511600
20131101,7.6200,7.6300,7.5400,7.5800,3797000
20131104,7.5700,7.7000,7.5600,7.6500,2703700
20131105,7.5600,7.5800,7.4600,7.5500,3916400
20131106,7.5300,7.6300,7.5000,7.5300,3568200
20131107,7.4900,7.5800,7.4800,7.5800,2779800
20131108,7.4200,7.5100,7.4000,7.4600,3922100
20131111,7.3600,7.4500,7.3000,7.4200,3610700
20131112,7.4300,7.4500,7.3600,7.3600,3009300
20131113,7.3800,7.4700,7.3200,7.3600,3258900
20131114,7.4000,7.4500,7.3600,7.4200,2429700
20131115,7.5300,7.6300,7.3900,7.3900,6153600
20131118,7.6600,7.6700,7.5400,7.5500,6341700
20131119,7.6000,7.6800,7.5800,7.6100,5418000
20131120,7.6800,7.7300,7.6000,7.7000,5987500
20131121,7.5900,7.6800,7.5800,7.6500,5740700
20131122,7.5900,7.6300,7.5500,7.5900,3624200
20131125,7.5600,7.6400,7.5400,7.5700,3602500
20131126,7.5000,7.5600,7.4700,7.5100,3861300
20131127,7.5300,7.5800,7.4600,7.5000,4047000
20131128,7.8400,7.9800,7.5100,7.5200,19938700
20131129,7.7000,7.8300,7.6800,7.8000,8965900
20131202,7.6700,7.8400,7.5500,7.6100,9043800
20131203,7.8200,7.8400,7.5800,7.6400,7826000
20131204,7.8400,7.8900,7.7400,7.7800,9325600
20131205,7.7900,7.8800,7.7600,7.8500,5026300
20131206,7.8000,7.8300,7.7300,7.7700,3970700
20131209,7.7900,7.8700,7.7800,7.8000,3487000
20131210,7.7500,7.8500,7.7100,7.7900,3967200
20131211,7.6300,7.7600,7.5700,7.7200,6007300
20131212,7.5800,7.6600,7.5600,7.6000,3909800
20131213,7.5700,7.6200,7.5000,7.5000,2798800
20131216,7.4400,7.6000,7.4300,7.6000,4516600
20131217,7.4400,7.4900,7.4000,7.4600,2955400
20131218,7.4500,7.5200,7.4100,7.4600,2685500
20131219,7.3900,7.5200,7.3900,7.5100,3423300
20131220,7.2200,7.4600,7.2000,7.4600,6230400
20131223,7.2400,7.2600,7.1500,7.2300,3217200
20131224,7.2000,7.2800,7.1600,7.2500,2780900
20131225,7.2300,7.2700,7.1700,7.2300,2437300
20131226,7.1800,7.2500,7.0300,7.2400,5894200
20131227,7.1600,7.2500,7.1300,7.1800,4353200
20131230,7.1600,7.2300,7.1300,7.2300,2485500
20131231,7.2500,7.3000,7.1600,7.2800,4243600
20140101,7.2500,7.2500,7.2500,7.2500,0
20140102,7.1300,7.2600,7.1000,7.2400,5880900
20140103,7.0500,7.1300,7.0300,7.0800,4243500
20140106,6.7000,7.0300,6.6800,7.0300,7490600
20140107,6.7400,6.7700,6.6800,6.6800,3256400
20140108,6.5900,6.7700,6.5800,6.7500,5000900
20140109,6.3500,6.6000,6.3500,6.5700,6447700
20140110,6.3700,6.4100,6.3000,6.3400,3807900
20140113,6.5100,6.6400,6.3800,6.3800,5147000
20140114,6.5000,6.5300,6.4400,6.5200,2615200
20140115,6.4200,6.5500,6.3600,6.5000,2864400
20140116,6.5400,6.6300,6.3600,6.4400,4880100
20140117,6.4200,6.5000,6.3900,6.5000,3076800
20140120,6.4000,6.4500,6.3800,6.4000,1866400
20140121,6.4300,6.4800,6.4000,6.4000,1988100
20140122,6.5900,6.5900,6.4300,6.4800,3767800
20140123,6.5100,6.5900,6.4900,6.5800,2995800
20140124,6.5800,6.6400,6.4700,6.5000,5627500
20140127,6.4400,6.5300,6.4100,6.5100,5007900
20140128,6.6000,6.6000,6.4500,6.4700,5715300
20140129,6.5700,6.6400,6.5500,6.5600,3605100
20140130,6.4600,6.5900,6.4500,6.5900,2947400
20140131,6.4600,6.4600,6.4600,6.4600,0
20140203,6.4600,6.4600,6.4600,6.4600,0
20140205,6.4600,6.4600,6.4600,6.4600,0
20140206,6.4600,6.4600,6.4600,6.4600,0
20140207,6.4500,6.4800,6.3600,6.4000,3054900
20140210,6.6400,6.6600,6.4600,6.4700,7227000
20140211,6.7100,6.7700,6.5800,6.6800,8842600
20140212,6.7200,6.7700,6.6400,6.7700,6241600
20140213,6.6700,6.8600,6.6500,6.6500,7621900
20140214,6.7600,6.7700,6.6600,6.6900,5650100
20140217,6.8400,6.8700,6.7300,6.7900,8201600
20140218,6.8700,6.9600,6.8200,6.8600,11482100
20140219,6.8400,6.9000,6.8000,6.8500,7470000
20140220,6.7900,6.9300,6.7800,6.8400,7788900
20140221,6.7200,6.8500,6.6900,6.7800,5954900
20140224,6.4900,6.7400,6.4700,6.7200,6641500
20140225,6.3100,6.5500,6.3000,6.5100,6248400
