20130226,7.4300,7.7400,7.3800,7.7300,20317500
20130227,7.5500,7.5900,7.3100,7.4800,18515000
20130228,7.8700,7.8800,7.5600,7.6000,24889100
20130301,7.9000,7.9300,7.7000,7.8600,23291100
20130304,7.1100,7.5500,7.1100,7.5500,36584500
20130305,7.0700,7.1000,6.8300,7.0000,36193200
20130306,7.1100,7.1500,7.0300,7.0500,22471600
20130307,7.2000,7.2300,6.9600,7.1200,25343700
20130308,7.0200,7.1900,7.0000,7.1600,13808000
20130311,6.9200,7.0400,6.8900,6.9900,13526900
20130312,7.0100,7.1300,6.7500,6.9100,26992000
20130313,6.8500,6.9900,6.7600,6.9400,12099900
20130314,6.9700,6.9900,6.7900,6.8000,16725800
20130315,6.7900,6.9800,6.7200,6.9300,27981100
20130318,6.4900,6.8000,6.4100,6.8000,18547600
20130319,6.7300,6.7500,6.5200,6.5400,18983900
20130320,7.0600,7.1500,6.7000,6.7500,30986900
20130321,7.1000,7.2000,7.0000,7.0600,25299600
20130322,7.2300,7.2500,7.0400,7.1000,23487700
20130325,7.1300,7.2900,7.0000,7.2600,17338300
20130326,7.1000,7.1500,6.9700,7.1200,17250700
20130327,7.1000,7.1400,6.9900,7.0600,14727700
20130328,6.7600,7.0100,6.7500,7.0100,15301700
20130329,6.7900,6.8600,6.7500,6.7900,9767400
20130401,6.9000,6.9300,6.7100,6.7200,9994600
20130402,7.0000,7.1800,6.8800,6.9000,28190800
20130403,6.8600,7.0700,6.8000,6.9500,13977300
20130404,6.8600,6.8600,6.8600,6.8600,0
20130405,6.8600,6.8600,6.8600,6.8600,0
20130408,7.0500,7.0800,6.5000,6.6800,16644100
20130409,7.0800,7.1900,7.0200,7.0700,19512100
20130410,6.9900,7.1200,6.9100,7.0700,11162800
20130411,7.1600,7.1800,6.9900,7.0800,23365400
20130412,7.0900,7.1800,7.0200,7.1800,13335100
20130415,7.1000,7.1500,6.9900,7.0100,14753300
20130416,7.3300,7.3900,6.9600,7.0200,30717900
20130417,7.3700,7.4600,7.2300,7.3000,24794300
20130418,7.3300,7.4100,7.2500,7.3000,12712200
20130419,7.4700,7.5400,7.3200,7.3500,25489500
20130422,7.1100,7.6500,7.0400,7.5500,56289300
20130423,6.6300,7.0000,6.6100,7.0000,35545400
20130424,6.7000,6.8300,6.5400,6.6300,17189100
20130425,6.5000,6.7000,6.4200,6.7000,18563000
20130426,6.4900,6.5800,6.4400,6.5300,9417400
20130429,6.4900,6.4900,6.4900,6.4900,0
20130430,6.4900,6.4900,6.4900,6.4900,0
20130501,6.4900,6.4900,6.4900,6.4900,0
20130502,6.5300,6.6400,6.4100,6.4400,7912900
20130503,6.5300,6.6700,6.5200,6.5500,12374400
20130506,6.6100,6.6200,6.4800,6.5500,13363300
20130507,6.6800,6.7000,6.5500,6.5600,12446400
20130508,6.6900,6.7500,6.6200,6.7400,9657300
20130509,6.5500,6.7200,6.5200,6.6800,12077000
20130510,6.5600,6.6100,6.5000,6.5100,8722300
20130513,6.4200,6.5800,6.3700,6.5600,12060700
20130514,6.1700,6.4100,6.1300,6.3800,15359100
20130515,6.1500,6.2200,6.1000,6.1800,9083000
20130516,6.2400,6.2500,6.0900,6.1600,11152000
20130517,6.3500,6.3700,6.2200,6.2500,14025300
20130520,6.4000,6.4400,6.3300,6.3700,13012100
20130521,6.4400,6.4800,6.4000,6.4200,10441100
20130522,6.5800,6.7100,6.3800,6.4300,24783600
20130523,6.3900,6.5800,6.3800,6.5000,12820700
20130524,6.4100,6.4800,6.3200,6.4000,9020200
20130527,6.2900,6.3900,6.2800,6.3900,10893900
20130528,6.4000,6.4100,6.2300,6.2900,11934800
20130529,6.4400,6.4800,6.3700,6.4100,16755100
20130530,6.3400,6.4200,6.3000,6.4000,10271500
20130531,6.2600,6.3800,6.2400,6.3400,10096500
20130603,6.3500,6.4400,6.2700,6.2800,12235700
20130604,6.2100,6.3400,6.1700,6.3400,7647500
20130605,6.2300,6.2600,6.1800,6.2100,4532700
20130606,6.2100,6.2800,6.1800,6.2100,6825100
20130607,5.9300,6.2300,5.9000,6.2300,10561800
20130610,5.9300,5.9300,5.9300,5.9300,0
20130611,5.9300,5.9300,5.9300,5.9300,0
20130612,5.9300,5.9300,5.9300,5.9300,0
20130613,5.6000,5.8800,5.5800,5.8700,7562300
20130614,5.5600,5.6800,5.5000,5.6300,10141200
20130617,5.4000,5.5900,5.3600,5.5800,11507700
20130618,5.4100,5.4300,5.3000,5.4300,8623100
20130619,5.3600,5.3900,5.2200,5.3900,10626900
20130620,5.1800,5.3400,5.1700,5.3100,8039800
20130621,5.1300,5.1600,5.0300,5.1000,7836400
20130624,4.9400,5.1100,4.6600,5.1000,15094900
20130625,4.8300,4.8500,4.4600,4.8200,13298700
20130626,4.9500,4.9600,4.6600,4.8300,16857000
20130627,4.9400,5.2300,4.8300,5.0900,31584600
20130628,5.0000,5.1000,4.7400,4.8500,14994200
20130701,5.0200,5.0600,4.8600,4.9500,7624600
20130702,4.9300,4.9900,4.8800,4.9900,9427400
20130703,4.8200,4.9500,4.7900,4.8900,7051300
20130704,4.8900,4.9500,4.7500,4.8100,7594900
20130705,4.9200,5.0800,4.9000,4.9900,7990000
20130708,4.8600,4.9000,4.6500,4.8200,10250200
20130709,4.8900,4.9500,4.7500,4.8000,6928900
20130710,4.9300,4.9300,4.7600,4.8200,6058200
20130711,5.1700,5.2100,4.9100,4.9300,21427500
20130712,5.0600,5.1900,5.0500,5.1800,12542500
20130715,4.9900,5.1200,4.9600,5.0500,15832900
20130716,4.9700,5.0000,4.9000,4.9800,10096400
20130717,4.9300,5.0800,4.9100,4.9500,11764200
20130718,4.9400,4.9800,4.8000,4.9400,9454400
20130719,4.8800,4.9300,4.8000,4.9100,10319200
20130722,4.8700,4.8700,4.7800,4.8200,4806300
20130723,5.0100,5.0200,4.8400,4.8800,10792600
20130724,4.9200,5.0000,4.8400,5.0000,8460600
20130725,5.1000,5.2900,4.8900,4.9300,27926400
20130726,4.9300,5.1500,4.9000,5.1400,17650200
20130729,4.7300,4.8900,4.7200,4.8900,10713100
20130730,4.7500,4.8500,4.7000,4.7300,8103600
20130731,4.7900,4.9500,4.7600,4.8200,7201300
20130801,4.9000,4.9200,4.7700,4.7700,10606200
20130802,4.9300,5.0500,4.9200,4.9300,12558500
20130805,4.9700,4.9800,4.9000,4.9500,6646100
20130806,5.0100,5.0300,4.9300,4.9500,9939400
20130807,5.0300,5.2200,5.0000,5.0100,18325100
20130808,4.9700,5.0500,4.9600,5.0100,9811500
20130809,5.0700,5.1200,4.9400,5.0000,11794600
20130812,5.2100,5.2100,5.0500,5.0800,18369200
20130813,5.3100,5.4700,5.2700,5.2900,33891100
20130814,5.2000,5.2900,5.1700,5.2900,18433300
20130815,5.1000,5.2300,5.1000,5.2100,9737000
20130816,5.1100,5.6100,5.0400,5.1000,17327500
20130819,5.1700,5.2000,5.0300,5.1000,8823600
20130820,5.2100,5.2600,5.1500,5.2100,10864400
20130821,5.2200,5.2300,5.1600,5.2100,6424000
20130822,5.2200,5.2200,5.2200,5.2200,0
20130823,5.2200,5.2200,5.2200,5.2200,0
20130826,5.2200,5.2200,5.2200,5.2200,0
20130827,5.2200,5.2200,5.2200,5.2200,0
20130828,5.2200,5.2200,5.2200,5.2200,0
20130829,5.2200,5.2200,5.2200,5.2200,0
20130830,5.2200,5.2200,5.2200,5.2200,0
20130902,5.2200,5.2200,5.2200,5.2200,0
20130903,5.2200,5.2200,5.2200,5.2200,0
20130904,5.2200,5.2200,5.2200,5.2200,0
20130905,5.2200,5.2200,5.2200,5.2200,0
20130906,5.5200,5.7000,5.3900,5.7000,44161400
20130909,5.6600,5.6800,5.5100,5.5600,29612000
20130910,5.6600,5.7400,5.5900,5.6200,24991200
20130911,5.9400,6.1100,5.6100,5.6800,46140500
20130912,5.8100,5.9300,5.7600,5.9100,25758300
20130913,5.6800,5.8500,5.6600,5.7900,15390600
20130916,5.6400,5.7300,5.6200,5.6900,10020500
20130917,5.5100,5.7400,5.5000,5.6800,13385700
20130918,5.5400,5.6600,5.4600,5.5100,11069400
20130920,5.5400,5.5400,5.5400,5.5400,0
20130923,5.6800,5.7000,5.5300,5.5600,12268200
20130924,5.5500,5.6600,5.4800,5.6100,9513600
20130925,5.4400,5.5500,5.4100,5.5300,12845700
20130926,5.5100,5.5500,5.2800,5.4800,19316000
20130927,5.4300,5.5600,5.4000,5.4700,13575800
20130930,5.4000,5.4800,5.3600,5.4400,8068800
20131001,5.4000,5.4000,5.4000,5.4000,0
20131002,5.4000,5.4000,5.4000,5.4000,0
20131003,5.4000,5.4000,5.4000,5.4000,0
20131004,5.4000,5.4000,5.4000,5.4000,0
20131007,5.4000,5.4000,5.4000,5.4000,0
20131008,5.4500,5.5100,5.3500,5.3900,9533100
20131009,5.4300,5.4500,5.3000,5.4400,10500300
20131010,5.4600,5.5600,5.3900,5.4200,15782800
20131011,6.0100,6.0100,5.4900,5.4900,54369100
20131014,6.2500,6.4300,6.1100,6.2800,55110500
20131015,6.4900,6.5900,6.1100,6.2000,40188300
20131016,6.3600,6.6700,6.2600,6.3900,41109400
20131017,6.1200,6.5500,6.1100,6.4000,23927500
20131018,6.1400,6.1900,6.0200,6.1000,12982900
20131021,6.2200,6.2300,6.0700,6.1600,18541800
20131022,6.1700,6.2200,6.0700,6.2100,16373700
20131023,6.3100,6.5900,6.1900,6.2100,41031000
20131024,6.7600,6.9400,6.6000,6.6900,99239400
20131025,6.4600,6.7200,6.2900,6.4700,52035000
20131028,6.1900,6.4600,6.0400,6.4300,18546800
20131029,6.3000,6.5800,6.1000,6.1900,33124300
20131030,6.3900,6.4400,6.1200,6.3000,18130600
20131031,6.3800,6.9000,6.3000,6.6500,45387400
20131101,6.0700,6.2500,5.9000,6.1600,32293900
20131104,5.8800,6.1000,5.8600,6.0200,31044300
20131105,5.9000,5.9400,5.7200,5.8500,21788800
20131106,5.8000,6.0000,5.7500,5.8900,20168800
20131107,5.6600,5.7900,5.6200,5.7700,17627700
20131108,5.6700,5.7200,5.5900,5.5900,11794400
20131111,6.1400,6.1600,5.6400,5.6700,35315500
20131112,6.3500,6.5300,6.1700,6.2600,44209800
20131113,6.7400,6.9900,6.1900,6.3600,87369400
20131114,6.7700,7.0400,6.5500,6.6000,41241400
20131115,7.0800,7.2700,6.6700,6.6700,45560100
20131118,7.3100,7.5000,7.0800,7.2300,38279500
20131119,7.1700,7.3500,7.1100,7.3200,19760800
20131120,7.2200,7.3900,7.1200,7.1700,20962900
20131121,7.0200,7.1900,6.9500,7.1400,23320900
20131122,7.0000,7.1800,6.9400,7.0100,14427000
20131125,6.9500,7.1200,6.7300,6.9500,19007900
20131126,6.9700,6.9800,6.7300,6.9300,15411000
20131127,7.1300,7.1500,6.9600,6.9700,22222200
20131128,7.5300,7.6600,7.0300,7.0900,39670200
20131129,7.3700,7.7300,7.3100,7.4300,28741100
20131202,7.4400,7.8800,7.1500,7.1500,37090800
20131203,7.6400,7.7900,7.3000,7.3400,29106700
20131204,7.6900,8.1600,7.6000,7.8900,38183400
20131205,7.4800,7.8000,7.4600,7.7700,18423000
20131206,7.5700,7.6600,7.4100,7.4200,12618700
20131209,7.4500,7.6800,7.3800,7.5800,16590100
20131210,7.3600,7.5200,7.3100,7.4900,21957300
20131211,7.1400,7.3400,6.9800,7.3400,27782800
20131212,7.0100,7.1400,6.9900,7.0800,12178400
20131213,7.1200,7.1800,6.9400,6.9500,12594900
20131216,7.1500,7.2800,7.0000,7.2100,14839000
20131217,7.1100,7.2400,7.0900,7.0900,9115600
20131218,7.0100,7.1800,7.0000,7.1800,6974000
20131219,6.7500,7.1000,6.7100,7.0600,13271300
20131220,6.5700,6.8200,6.5100,6.7300,12482000
20131223,6.6700,6.6800,6.4800,6.5600,7023400
20131224,6.6100,6.7900,6.5400,6.6700,6979500
20131225,6.5700,6.6800,6.5000,6.6800,12848300
20131226,6.2800,6.6100,6.2500,6.6000,11271700
20131227,6.4800,6.5200,6.2700,6.3000,12593200
20131230,6.6600,6.7800,6.5300,6.5500,14090400
20131231,6.8000,6.9200,6.6200,6.6700,16832800
20140101,6.8000,6.8000,6.8000,6.8000,0
20140102,6.6100,6.8100,6.5400,6.8000,13440300
20140103,6.2300,6.5700,6.1700,6.5400,29290300
20140106,5.9500,6.2200,5.9300,6.2100,17181500
20140107,5.9600,6.0000,5.8800,5.9500,11828300
20140108,5.7700,6.0500,5.7100,6.0000,23741300
20140109,5.6500,5.8600,5.6000,5.7600,19536300
20140110,5.4800,5.6900,5.4200,5.6400,13724500
20140113,5.5900,5.6000,5.5000,5.5100,9805600
20140114,5.7000,5.7000,5.5200,5.5700,8549100
20140115,5.7500,5.7700,5.6500,5.7600,9695800
20140116,5.6400,5.7700,5.5700,5.7500,14929300
20140117,5.4300,5.6200,5.4000,5.6200,13935700
20140120,5.4700,5.5200,5.3900,5.4500,8717100
20140121,5.8300,5.8400,5.4500,5.4900,19741200
20140122,5.9400,5.9700,5.7700,5.8800,17401000
20140123,6.0700,6.1900,5.7900,5.9300,23515500
20140124,6.0400,6.1900,5.8200,6.0400,19411800
20140127,5.8500,6.0400,5.8200,6.0400,13580600
20140128,6.0400,6.1400,5.9300,5.9800,19343500
20140129,5.9900,6.0800,5.9200,6.0200,11270000
20140130,5.9400,5.9900,5.9000,5.9500,5966900
20140131,5.9400,5.9400,5.9400,5.9400,0
20140203,5.9400,5.9400,5.9400,5.9400,0
20140205,5.9400,5.9400,5.9400,5.9400,0
20140206,5.9400,5.9400,5.9400,5.9400,0
20140207,6.0200,6.0300,5.8200,5.8900,8751900
20140210,6.1500,6.1800,6.0400,6.0600,18665700
20140211,6.1400,6.1800,6.0300,6.1500,15519200
20140212,6.1800,6.2100,6.1000,6.1600,17593000
20140213,5.9700,6.2000,5.9600,6.2000,28061900
20140214,5.9500,6.0100,5.8700,5.9800,19621400
20140217,6.0000,6.0200,5.9100,5.9900,21038100
20140218,5.8700,6.0100,5.8300,6.0100,24210800
20140219,6.0500,6.0600,5.8300,5.8300,27250500
20140220,5.9000,6.0900,5.8800,6.0600,20576200
20140221,5.7200,5.9100,5.6500,5.8900,25138800
20140224,5.2200,5.6500,5.1500,5.6500,43814000
20140225,5.1400,5.3000,5.1100,5.2100,21638400
