20130226,6.1000,6.2600,6.0600,6.1000,3728800
20130227,6.1600,6.1600,6.0800,6.1300,2392600
20130228,6.2700,6.2800,6.1000,6.1500,4456800
20130301,6.2500,6.3100,6.1800,6.3100,4054900
20130304,6.3000,6.4500,6.0600,6.1900,12070100
20130305,6.4900,6.5100,6.2500,6.2800,10750900
20130306,6.4600,6.5300,6.3700,6.5300,7113600
20130307,6.3400,6.4600,6.2800,6.4600,4767800
20130308,6.3700,6.4300,6.3000,6.3500,3870700
20130311,6.3600,6.4200,6.3300,6.4000,2965800
20130312,6.1200,6.4000,6.0600,6.3900,4726500
20130313,6.0900,6.1200,5.9800,6.1000,2699700
20130314,6.0800,6.1800,6.0600,6.0600,1941300
20130315,6.0100,6.1400,5.9900,6.0900,2906900
20130318,5.7900,6.0700,5.7700,6.0000,3307000
20130319,5.7900,5.8400,5.6600,5.8300,2359300
20130320,5.9300,5.9400,5.7800,5.7900,2581100
20130321,5.9800,6.0100,5.8900,5.9300,2611400
20130322,5.9700,5.9900,5.9100,5.9400,1965800
20130325,5.9800,5.9900,5.9100,5.9700,1645500
20130326,5.8800,5.9800,5.8600,5.9700,2232800
20130327,5.9700,6.0400,5.8900,5.9000,2333500
20130328,5.6800,5.9400,5.6600,5.9400,3253500
20130329,5.6700,5.7300,5.6600,5.7000,1614300
20130401,5.7000,5.7500,5.6600,5.6700,1117900
20130402,5.6000,5.7300,5.5800,5.7000,1839600
20130403,5.5300,5.6200,5.5000,5.6000,1615600
20130404,5.5300,5.5300,5.5300,5.5300,0
20130405,5.5300,5.5300,5.5300,5.5300,0
20130408,5.5300,5.5300,5.4000,5.4500,1004600
20130409,5.6000,5.6500,5.5100,5.5100,1271800
20130410,5.5800,5.6300,5.5000,5.6200,785400
20130411,5.6000,5.6600,5.5900,5.5900,1149900
20130412,5.7200,5.7400,5.5100,5.6000,1671500
20130415,5.7200,5.7600,5.6100,5.6800,2454100
20130416,5.6700,5.7100,5.5100,5.6600,1275200
20130417,5.6500,5.7000,5.5800,5.6500,812900
20130418,5.6900,5.7100,5.6000,5.6100,1147000
20130419,5.7500,5.7600,5.6100,5.6700,2912600
20130422,5.7000,5.7200,5.6600,5.6600,1547300
20130423,5.5200,5.7100,5.4500,5.7000,2367600
20130424,5.5900,5.6100,5.4700,5.4700,1957700
20130425,5.4700,5.6600,5.4600,5.5400,2064700
20130426,5.3200,5.5100,5.2600,5.4600,2220300
20130429,5.3200,5.3200,5.3200,5.3200,0
20130430,5.3200,5.3200,5.3200,5.3200,0
20130501,5.3200,5.3200,5.3200,5.3200,0
20130502,5.3400,5.3800,5.2300,5.3200,602100
20130503,5.4400,5.5100,5.3200,5.3300,1155400
20130506,5.4900,5.5000,5.4400,5.4500,1043500
20130507,5.4700,5.5000,5.3900,5.4900,1316000
20130508,5.6300,5.6600,5.4000,5.4700,3763800
20130509,5.5800,5.6400,5.5300,5.5800,2304600
20130510,5.6600,5.6800,5.5500,5.5600,2243800
20130513,5.6400,5.6800,5.6200,5.6200,1618800
20130514,5.5600,5.6400,5.5000,5.6200,1733600
20130515,5.6000,5.6000,5.5300,5.5400,1106000
20130516,5.6400,5.6700,5.5400,5.6000,2247100
20130517,5.7100,5.7300,5.6400,5.6700,2403800
20130520,5.7600,5.7700,5.6900,5.7100,2518800
20130521,5.8100,5.8200,5.7300,5.7600,2800500
20130522,5.8000,5.8300,5.7300,5.8000,2771900
20130523,5.7600,5.8600,5.7300,5.7600,2197400
20130524,5.9900,6.0900,5.7500,5.7500,9919600
20130527,6.1900,6.2400,5.9400,5.9400,9652200
20130528,6.1200,6.1800,6.0200,6.1800,5921800
20130529,6.2200,6.3500,6.1100,6.1200,9972200
20130530,6.8400,6.8400,6.1500,6.2400,30409900
20130531,6.8200,7.0000,6.6800,6.8900,30189200
20130603,6.6200,6.8300,6.5500,6.7000,12483300
20130604,6.4500,6.5700,6.3000,6.5600,10461800
20130605,6.4800,6.5000,6.3500,6.4400,6811100
20130606,6.2300,6.5800,6.2100,6.4900,8569000
20130607,6.0600,6.2200,5.9800,6.2100,6101300
20130610,6.0600,6.0600,6.0600,6.0600,0
20130611,6.0600,6.0600,6.0600,6.0600,0
20130612,6.0600,6.0600,6.0600,6.0600,0
20130613,5.7800,5.9500,5.6600,5.9100,4623300
20130614,5.8000,5.9000,5.7500,5.7500,4593100
20130617,5.7900,5.8700,5.6600,5.8000,3773100
20130618,5.8300,5.8500,5.6900,5.7700,3309200
20130619,5.8300,5.8500,5.6200,5.7700,4055200
20130620,5.6200,5.8400,5.6100,5.7500,3057700
20130621,5.5500,5.5700,5.4100,5.5000,3100000
20130624,5.1800,5.5700,5.0500,5.5100,4353700
20130625,5.0000,5.2600,4.6700,5.1700,7748100
20130626,5.0700,5.0800,4.9400,4.9800,4560700
20130627,4.9500,5.1500,4.9200,5.0700,4791000
20130628,4.9800,5.0600,4.8900,4.9500,3391200
20130701,5.0900,5.1200,4.9200,4.9800,3306100
20130702,5.1300,5.1400,5.0300,5.0900,3024600
20130703,5.1100,5.1700,4.9800,5.1400,4042700
20130704,5.6200,5.6200,5.2500,5.3300,14327300
20130705,5.6800,5.9400,5.6200,5.7000,18692900
20130708,5.3800,5.6300,5.2900,5.4900,8143100
20130709,5.5200,5.6300,5.2600,5.2800,5410200
20130710,5.7300,5.8700,5.3900,5.4500,11330100
20130711,5.7500,5.8300,5.6200,5.6600,9920100
20130712,5.6700,5.7900,5.6400,5.7500,6535600
20130715,5.6900,5.7300,5.5400,5.6300,4301400
20130716,5.8000,5.8100,5.6000,5.6900,6079400
20130717,5.8200,6.1000,5.7200,5.7600,12431400
20130718,5.7300,5.8600,5.5300,5.8100,6874400
20130719,5.4500,5.7600,5.4400,5.6900,6361400
20130722,5.5200,5.5400,5.3700,5.4000,3135800
20130723,5.6500,5.7000,5.5100,5.5700,4064400
20130724,5.6200,5.7000,5.4700,5.7000,3761600
20130725,5.5500,5.6600,5.5000,5.6100,6070200
20130726,5.2900,5.4500,5.2000,5.4500,4446000
20130729,5.2300,5.2800,5.1800,5.2100,1984300
20130730,5.2600,5.3100,5.1500,5.2300,2041800
20130731,5.2300,5.3000,5.2100,5.2900,2383600
20130801,5.3300,5.3400,5.1800,5.2700,3989300
20130802,5.3300,5.4000,5.3000,5.3200,3750100
20130805,5.4200,5.4400,5.2900,5.3300,3327100
20130806,5.5300,5.5500,5.3700,5.4000,4159500
20130807,5.4600,5.5300,5.4300,5.5100,3140200
20130808,5.5200,5.6000,5.4000,5.4600,3866100
20130809,5.5400,5.5900,5.4600,5.5100,4525300
20130812,5.6500,5.6600,5.5000,5.5500,5653000
20130813,5.8200,5.8200,5.6000,5.6500,7560400
20130814,5.9300,6.3000,5.7800,5.8200,18823900
20130815,6.0300,6.2900,5.8900,5.9800,15965300
20130816,5.7000,6.0500,5.6000,5.9200,12678500
20130819,6.2700,6.2700,6.2700,6.2700,7046100
20130820,6.9000,6.9000,6.9000,6.9000,4999300
20130821,7.5900,7.5900,7.3000,7.3000,59573800
20130822,7.8700,8.2400,7.5200,7.5900,56497500
20130823,7.7800,8.4400,7.5800,8.0500,49188800
20130826,8.5600,8.5600,7.8200,7.9700,21851200
20130827,9.4200,9.4200,9.4200,9.4200,2802100
20130828,10.3600,10.3600,10.3600,10.3600,2520500
20130829,11.4000,11.4000,11.4000,11.4000,2151400
20130830,12.5400,12.5400,12.5400,12.5400,3041600
20130902,13.7900,13.7900,13.1600,13.7900,53322000
20130903,14.6500,15.1700,13.2100,13.6000,85844096
20130904,15.6700,16.1200,13.9300,14.1100,68140600
20130905,15.5700,16.4500,14.6600,15.0500,55941100
20130906,17.1300,17.1300,15.2500,15.2700,47357200
20130909,17.4200,18.3800,16.8000,17.7900,63403200
20130910,17.3600,18.6300,16.8200,17.0000,44794100
20130911,16.7100,17.3600,16.3400,17.0700,29377900
20130912,17.1500,17.7700,16.3900,16.5600,30207700
20130913,16.3000,16.9700,15.8500,16.9100,24638000
20130916,16.2200,16.7300,15.8800,16.0000,17575700
20130917,15.0500,16.1500,14.9000,16.1200,27111500
20130918,16.5600,16.5600,15.0100,15.1000,44186600
20130920,16.5600,16.5600,16.5600,16.5600,0
20130923,17.3600,17.9900,15.2100,16.4000,49623200
20130924,17.6100,18.6000,16.3500,16.8100,43176400
20130925,16.7200,18.4200,16.4800,17.1000,42914000
20130926,15.0500,16.0100,15.0500,16.0000,24433400
20130927,13.6100,14.3900,13.5500,14.3900,27164800
20130930,13.9300,14.0800,13.4500,13.7100,17715900
20131001,13.9300,13.9300,13.9300,13.9300,0
20131002,13.9300,13.9300,13.9300,13.9300,0
20131003,13.9300,13.9300,13.9300,13.9300,0
20131004,13.9300,13.9300,13.9300,13.9300,0
20131007,13.9300,13.9300,13.9300,13.9300,0
20131008,14.1400,14.2300,13.2600,13.9400,17267900
20131009,15.5500,15.5500,13.7900,14.0000,35447100
20131010,14.7800,15.6000,14.4500,15.6000,31199700
20131011,15.2000,15.6700,14.6200,14.8200,27923100
20131014,14.2000,14.8200,13.9200,14.8000,22446100
20131015,14.5400,15.1700,13.9600,14.0200,19966700
20131016,13.7400,14.4900,13.3800,14.4800,16443300
20131017,13.3600,14.5000,13.2600,13.9300,12718800
20131018,12.9900,13.5300,12.2300,13.1500,14549700
20131021,13.5500,13.8500,12.8300,12.8300,15374900
20131022,13.7300,13.9500,13.1000,13.4200,16342400
20131023,13.6300,14.2700,13.3100,13.9800,19273200
20131024,13.0600,13.8800,13.0000,13.6500,13000100
20131025,12.2900,13.0000,12.1700,12.8300,11125600
20131028,12.5300,12.7500,12.1700,12.3000,7395200
20131029,12.8700,12.9700,11.8000,12.4100,15538300
20131030,12.7600,13.1000,12.3500,12.7000,13577900
20131031,12.3500,12.9000,12.3000,12.5200,8657300
20131101,13.0900,13.5900,11.7400,12.0000,27506000
20131104,12.7200,13.0700,12.5000,12.6800,17344500
20131105,12.9900,13.1900,12.2500,12.5500,17668800
20131106,12.6800,13.3800,12.6500,12.8900,20039500
20131107,12.3900,12.9100,12.0100,12.4800,12243400
20131108,12.5100,12.8900,12.1700,12.3300,12170600
20131111,11.2600,12.4000,11.2600,12.1100,15504300
20131112,11.3200,11.4900,11.1000,11.2000,8928300
20131113,11.1800,11.5000,11.1600,11.3200,7149300
20131114,11.3400,11.4900,10.8900,11.0500,11111200
20131115,11.5400,12.0000,11.1600,11.1600,16118000
20131118,12.0300,12.0900,11.4800,11.5300,12510300
20131119,12.1900,12.4500,11.7700,12.0500,14892500
20131120,12.1300,12.3800,11.8800,12.0700,8961200
20131121,12.3800,12.5500,11.9700,12.1000,14404900
20131122,11.9100,12.3600,11.8900,12.3000,10348700
20131125,11.7800,12.0600,11.6200,11.8200,6912900
20131126,11.9100,11.9500,11.6500,11.7000,6230100
20131127,12.4400,13.1000,11.7300,11.8400,27865900
20131128,12.2300,12.4200,12.1400,12.3000,11818500
20131129,12.3300,12.4000,12.1100,12.3000,8066800
20131202,11.1000,11.9500,11.1000,11.7900,12582300
20131203,11.3600,11.4600,10.9500,10.9500,5343600
20131204,12.5000,12.5000,11.2900,11.3800,32686500
20131205,12.2100,12.4400,12.0000,12.3500,16413200
20131206,12.0100,12.3200,11.9200,12.2500,7638700
20131209,12.1800,12.2000,11.9300,12.1000,7303900
20131210,12.0800,12.7700,12.0500,12.3000,14421700
20131211,11.5300,11.9800,11.2800,11.9800,11733900
20131212,11.6000,11.7600,11.3100,11.4200,5690500
20131213,11.5600,11.7200,11.3800,11.4700,3736400
20131216,11.3500,11.6600,11.2900,11.4900,7111000
20131217,11.2500,11.4600,11.1700,11.3500,3429700
20131218,11.1300,11.3300,11.1100,11.2500,2656400
20131219,10.9400,11.2700,10.9100,11.1400,3124600
20131220,11.0400,11.2900,10.8700,10.9400,4106300
20131223,10.5700,11.0600,10.4800,11.0000,4352600
20131224,10.4500,10.7500,10.3000,10.5000,4151500
20131225,10.7300,10.7600,10.4000,10.5400,3397200
20131226,10.9900,11.8000,10.5700,10.6400,21892500
20131227,10.8700,11.1200,10.5500,10.6100,8892200
20131230,11.1300,11.3900,10.8300,10.9600,13088900
20131231,10.9200,11.1000,10.7600,11.0000,5630700
20140101,10.9200,10.9200,10.9200,10.9200,0
20140102,10.9700,11.0400,10.8100,10.8400,3226100
20140103,10.5100,10.9700,10.4800,10.8600,6742300
20140106,10.2000,10.7100,10.1800,10.4500,5758200
20140107,10.5100,10.9500,10.0000,10.1000,8356300
20140108,10.4800,10.6000,10.2600,10.2900,5567700
20140109,10.5400,10.9600,10.4100,10.5400,8745600
20140110,10.6900,10.8300,10.2300,10.4700,5700400
20140113,10.9000,10.9100,10.5400,10.6900,6309100
20140114,10.9600,10.9800,10.6600,10.9000,6326500
20140115,10.9000,11.0100,10.6700,10.8600,4691000
20140116,11.0200,11.5800,10.8300,10.8400,19083100
20140117,10.5400,10.9200,10.4500,10.9100,10210500
20140120,10.5000,10.7000,10.4100,10.4700,3996300
20140121,10.6100,10.6500,10.4800,10.4800,4294000
20140122,11.2000,11.4900,10.5500,10.6500,18436300
20140123,11.2500,11.3700,10.9600,11.0500,10841500
20140124,11.7100,12.2000,11.0900,11.1300,16760600
20140127,11.8700,12.0700,11.5100,11.5100,12658600
20140128,13.0600,13.0600,11.8600,11.8800,32511200
20140129,13.1800,13.2300,12.7100,12.9900,26557100
20140130,13.1800,13.9200,12.9500,13.0500,20570100
20140131,13.1800,13.1800,13.1800,13.1800,0
20140203,13.1800,13.1800,13.1800,13.1800,0
20140205,13.1800,13.1800,13.1800,13.1800,0
20140206,13.1800,13.1800,13.1800,13.1800,0
20140207,13.0100,13.0800,12.4200,13.0800,14006800
20140210,13.4500,14.1100,12.9200,12.9300,21175500
20140211,13.5100,13.9400,13.1900,13.4600,16802300
20140212,13.2000,13.8500,13.1000,13.5200,18819200
20140213,12.9800,13.4700,12.7000,13.0000,16333000
20140214,13.0100,13.0700,12.6700,12.8500,10020600
20140217,12.9400,13.1700,12.7400,13.1100,11764800
20140218,12.8300,13.0400,12.6500,12.9900,8125400
20140219,12.9000,13.0900,12.8300,12.8800,10612900
20140220,13.3900,13.9200,12.6500,13.0500,22925800
20140221,12.7300,13.2600,12.7200,13.2600,10523700
20140224,11.9000,12.7000,11.8000,12.5200,10684800
20140225,11.3000,12.1800,11.1300,11.8200,8329800
